0 0.238626 0.111122 -0.656071 0.527154 0.058324 -0.000000
19958496 0.361649 0.239665 -0.765503 0.480420 0.048008 -0.016015
39916992 0.116633 0.308986 -0.879568 0.513776 0.047169 0.010308
59875489 -0.243442 0.431552 -0.206910 0.564476 0.037797 0.048422
79833985 -0.650415 0.320127 0.581942 0.630933 0.050519 0.084991
99792481 -0.434138 0.290218 0.663877 0.632496 0.050519 0.084991
119750977 0.339824 0.358399 0.463161 0.452443 0.053515 -0.014566
139709473 0.516474 0.332448 0.197168 0.441248 0.053515 -0.014566
159667969 0.752163 0.657630 -0.504848 0.326341 0.032149 -0.070606
179626465 0.541451 1.176039 -0.790230 0.336664 -0.019881 -0.055380
199615479 0.486936 1.685079 -0.682396 0.309188 -0.069631 -0.059131
219573975 -0.075069 2.307284 -0.678256 0.365978 -0.129805 -0.013375
239532471 -0.503042 2.936743 -0.122166 0.407085 -0.177481 0.013137
259490967 -0.780318 4.000643 1.308902 0.400447 -0.243055 0.023262
279449463 -0.990177 4.966828 2.644485 0.410354 -0.292947 0.029231
299407959 -1.009802 5.868354 3.328348 0.407717 -0.351842 0.026069
319366455 -1.823997 6.365562 2.487226 0.465428 -0.423875 0.096537
339324951 -4.341586 5.559182 1.534511 0.681767 -0.394143 0.326173
359283448 -2.359555 5.786489 3.677623 0.530222 -0.379140 0.145647
379241944 1.315025 5.477739 4.620512 0.523160 -0.379140 0.145647
399200440 2.979769 4.833033 2.823909 0.056233 -0.378062 -0.250573
419189453 0.101421 3.660180 0.223323 0.325647 -0.407656 -0.034517
439147950 -1.371731 3.563329 0.388215 0.497456 -0.407171 0.113882
459106446 3.285505 3.662821 2.833684 0.006533 -0.343797 -0.268228
479064942 7.331463 2.656764 2.491404 -0.443191 -0.261173 -0.554831
499023438 4.611159 1.154915 0.141143 -0.317577 -0.218367 -0.483125
518981934 -3.009597 -0.209958 0.045649 0.928185 -0.115194 0.197851
538940430 -3.529115 -1.080785 2.661139 1.064186 -0.027969 0.198983
558898926 0.775869 -2.344531 1.972636 0.867157 0.060099 -0.121428
578857422 -0.171057 -4.674798 -2.574204 0.857617 0.060099 -0.121428
598815918 -0.224816 -7.457187 -4.237834 1.971263 0.380551 -0.047948
618804932 -0.166718 -8.443847 -0.688802 2.627931 0.803866 -0.077154
638763428 -3.331638 -8.777067 2.521295 1.945342 0.549980 0.195636
658721924 -4.891961 -8.874336 2.439452 1.816360 0.546634 0.327245
678680420 -2.993104 -9.702733 -0.162580 2.129613 0.719887 0.249853
698638916 0.771402 -9.861476 -1.239941 2.815897 0.807234 -0.134681
718597412 3.156188 -9.132844 -0.829002 -2.935341 0.721675 -0.381311
738555908 2.856816 -7.569948 -1.163383 -2.884813 0.653807 -0.385057
758514405 1.674137 -6.532670 -1.194614 -2.916396 0.653807 -0.385057
778472901 1.450392 -5.447386 -1.650760 3.085234 0.556782 -0.297730
798431397 2.425859 -4.907482 -1.483632 3.073439 0.556782 -0.297730
818389893 2.421339 -3.884139 -1.308033 -2.674187 0.490784 -0.405438
838348389 0.709900 -3.323332 -2.418718 2.543121 0.394562 -0.250848
858306885 -1.111733 -2.418925 -2.581328 1.541421 0.301075 -0.009209
878295899 -2.086248 -1.648479 -1.957543 1.279864 0.182641 0.119189
898254395 -1.284257 -1.283450 -1.439678 1.099239 0.126711 0.023424
918212891 -0.347638 -1.179129 -1.840759 0.934730 0.115749 -0.081599
938171387 -0.404044 -0.911364 -1.774821 0.858449 0.081504 -0.061452
958129883 -0.814436 -0.524235 -0.628711 0.833550 0.028743 -0.000000
978088379 -0.713834 -0.536507 -0.285142 0.804059 0.028205 -0.003023
998046875 -0.786966 -0.627753 0.004992 0.860782 0.035662 0.008798
1018005371 -0.028013 -0.409165 0.123621 0.639783 0.009635 -0.066536
1037963867 0.936370 -0.666712 -0.579359 0.376062 0.033294 -0.171467
1057922364 0.586813 -0.576477 -1.044655 0.470304 0.022814 -0.134598
1077911377 -0.204299 -0.350767 -0.477945 0.447937 0.022814 -0.134598
1097869873 -0.666681 -0.166143 0.287229 0.749874 -0.020916 0.019969
1117828369 -0.287229 -0.278827 0.605175 0.691863 -0.011513 -0.012897
1137786866 0.269241 -0.529809 0.437917 0.592655 0.009339 -0.064487
1157745362 0.255924 -0.575863 -0.247775 0.614572 0.009339 -0.064487
1177703858 -0.355805 -0.200458 -0.110308 0.694717 -0.026218 -0.008412
1197662354 -0.393626 -0.068030 0.044968 0.687627 -0.040405 -0.008281
1217620850 -0.296830 -0.241665 -0.372173 0.705613 -0.023909 -0.018827
1237579346 -0.675295 -0.048711 -0.212524 0.743247 -0.043006 0.022519
1257537842 -0.854769 0.090339 -0.124540 0.752827 -0.056443 0.040157
1277526856 -0.458413 0.041712 -0.581921 0.676584 -0.052062 -0.004689
1297485352 -0.184917 -0.228236 -0.391764 0.678218 -0.052062 -0.004689
1317443848 -0.034526 -0.126461 0.345656 0.619287 -0.024104 -0.047290
1337402344 -0.329643 -0.074617 0.104238 0.668948 -0.029072 -0.016963
1357360840 -0.418485 -0.124428 -0.249070 0.708827 -0.023122 -0.006034
1377319336 0.177709 -0.240772 0.226460 0.595477 -0.009554 -0.063581
1397277832 0.508275 -0.376736 0.223970 0.510342 0.003336 -0.095449
1417236328 0.335353 -0.373123 0.013931 0.548237 0.001462 -0.080510
1437194825 -0.128464 -0.247569 -0.388043 0.630813 -0.012745 -0.036719
1457153321 -0.211987 -0.192195 -0.487907 0.658389 -0.018565 -0.029919
1477111817 -0.106564 -0.373968 -0.265747 0.673112 0.002518 -0.039797
1497070313 0.209324 -0.415781 0.385935 0.673112 0.002518 -0.039797
