0 0.326279 0.869467 0.418818 0.650699 -0.003317 0.161799
19958497 0.164635 0.884842 0.347274 0.694330 -0.004758 0.181811
39916993 0.339530 1.181534 -0.052225 0.617700 -0.034769 0.174299
59875489 0.518748 1.426615 0.321068 0.550834 -0.057543 0.152284
79833985 0.555202 1.886518 0.541890 0.484256 -0.102094 0.146683
99792481 0.564652 2.596462 0.754545 0.428818 -0.170043 0.143655
119781495 0.319206 3.281506 0.259978 0.432538 -0.247342 0.175982
139739991 -0.073467 3.596742 -0.400558 0.466492 -0.296540 0.229514
159698487 -0.631396 3.500084 -0.900270 0.543836 -0.300278 0.299823
179656983 -0.786323 3.859502 -0.713653 0.531955 -0.332000 0.303934
199615479 -0.654657 4.358676 -0.248482 0.482210 -0.369484 0.270204
219573975 -0.450520 4.783861 -0.356583 0.438899 -0.417918 0.248763
239532471 -0.096337 5.466249 -0.432852 0.374756 -0.486443 0.213561
259490967 0.112978 5.919611 -0.279568 0.332913 -0.519956 0.189950
279449463 -0.714290 5.560012 0.294028 0.323911 -0.519956 0.189950
299407959 -1.864633 5.091272 1.390087 0.510635 -0.381017 0.328411
319366456 -2.092298 4.885749 2.653340 0.516577 -0.339193 0.310581
339324952 -1.590462 4.642991 3.685308 0.450812 -0.314694 0.251565
359313965 -0.608023 4.389454 3.158936 0.369191 -0.328351 0.189836
379272461 -0.018746 4.268147 1.351630 0.316559 -0.385861 0.171567
399230957 -0.180280 3.443115 -0.136886 0.373818 -0.378118 0.216800
419189454 -0.560894 2.648190 -0.061642 0.438174 -0.311689 0.249680
439147950 -0.171139 1.892695 0.573870 0.402403 -0.237299 0.186844
459106446 -1.183535 0.763386 2.011998 0.587593 -0.125165 0.230590
479064942 -1.132135 0.005596 1.940216 0.672517 -0.074085 0.217145
499023438 -0.675218 -0.133101 0.284602 0.669064 -0.079021 0.212926
518981934 -0.171364 -0.938001 -0.898557 0.747168 0.001069 0.200120
538940430 0.552349 -1.361764 -1.713762 0.678102 0.058964 0.133970
558898926 0.611217 -2.132206 -1.611440 0.906768 0.160101 0.112805
578857422 0.533992 -3.121186 -0.616923 1.365200 0.257905 0.096643
598815918 0.308067 -4.165797 0.613140 1.762334 0.333620 0.104347
618804932 -0.359861 -5.648586 1.028136 1.696348 0.333620 0.104347
638763428 -1.552206 -6.767359 1.139300 2.044165 0.449658 0.165438
658721924 -1.689309 -7.284068 0.322188 2.161359 0.595415 0.293549
678680420 -0.135380 -6.336332 0.059464 2.358649 0.560607 0.133094
698638916 0.729507 -5.800900 0.141588 2.480588 0.526800 0.034220
718597413 -0.518333 -6.589491 0.900160 2.228818 0.553154 0.144904
738555909 -2.267589 -7.103496 1.547875 2.001403 0.548712 0.280358
758514405 -1.570187 -6.305881 1.260422 2.018888 0.511747 0.222188
778472901 0.212250 -4.591364 0.675303 1.980645 0.411265 0.066448
798431397 0.747250 -3.607270 -0.251086 2.071242 0.411265 0.066448
818389893 0.747340 -3.185447 -1.067048 1.805771 0.339017 0.037243
838348389 0.451594 -2.972946 -1.035777 1.692758 0.310742 0.081330
858306885 0.340461 -2.488774 -1.577632 1.522620 0.268729 0.108861
878295899 0.320584 -2.135895 -2.292013 1.469729 0.243975 0.132172
898254395 0.129162 -1.854607 -2.397818 1.485979 0.243975 0.132172
918212891 -0.305182 -1.701239 -2.271070 1.323345 0.183560 0.228397
938171387 0.024533 -1.579303 -1.569185 1.155768 0.154895 0.169730
958129883 0.623643 -1.039196 -1.186163 0.826921 0.086644 0.091471
978088379 0.719616 -0.659514 -1.253294 0.691497 0.043536 0.079289
998046875 0.437042 -0.708569 -1.109324 0.790315 0.049345 0.106183
1018005372 0.528977 -0.798381 -0.874351 0.782755 0.059428 0.085566
1037963868 0.664215 -0.611185 -0.205948 0.671676 0.037235 0.058933
1057922364 0.628999 -0.490711 0.364401 0.650926 0.024206 0.057000
1077880860 -0.025577 -0.797334 -0.080481 0.874171 0.057675 0.127171
1097839356 -0.388443 -0.905920 -0.530331 0.980268 0.071891 0.170053
1117828370 0.279330 -0.700691 -0.387319 0.769880 0.050601 0.094781
1137786866 0.955656 -0.204794 -0.037694 0.492693 -0.000991 0.021295
1157745362 0.617326 -0.127027 -0.385626 0.569608 -0.007695 0.058003
1177703858 -0.039447 -0.323246 -0.590159 0.789552 0.015630 0.129591
1197662354 -0.399203 -0.468886 -0.715613 0.881371 0.034136 0.166790
1217620850 -0.111324 -0.569895 -0.360950 0.823747 0.046731 0.124859
1237579346 0.727841 0.008000 0.489329 0.507866 -0.011258 0.028618
1257537842 0.808447 0.172922 0.455938 0.454502 -0.025402 0.018351
1277496338 0.681341 -0.053200 0.604610 0.530228 -0.001390 0.028735
1297454834 0.639694 -0.101141 0.721119 0.547784 0.004122 0.032528
1317413331 0.312150 -0.093116 0.080420 0.624963 0.004871 0.069224
1337371827 0.266036 -0.093681 -0.020723 0.629590 0.005904 0.073866
1357360840 0.034081 -0.202561 -0.105589 0.690977 0.017333 0.094247
1377319336 0.348152 -0.187450 0.114769 0.612451 0.016017 0.055848
1397277832 0.614695 -0.165078 0.417912 0.574097 0.015081 0.026397
1417236329 0.452811 -0.338538 0.669931 0.628459 0.033077 0.042753
1437194825 0.068865 -0.380440 0.396292 0.707161 0.038112 0.082946
1457153321 -0.176750 -0.569202 -0.278142 0.818640 0.060263 0.113878
1477111817 -0.011538 -0.485295 -0.287809 0.770276 0.051897 0.094952
1497070313 0.321441 -0.266938 -0.001432 0.642847 0.028461 0.056968
1517028809 0.269081 -0.347461 -0.140285 0.679229 0.037814 0.062264
