0 0.408124 0.003904 0.616558 0.659308 0.024910 0.035535
19958496 0.208830 0.012224 0.294594 0.695501 0.026632 0.056158
39916992 0.346541 0.094739 -0.378450 0.663590 0.022957 0.044404
59875488 0.374980 0.123266 -0.581859 0.656804 0.022957 0.044404
79833984 0.272795 0.134877 -0.097545 0.657442 0.025563 0.039145
99792480 -0.067451 0.237588 0.508005 0.687503 0.028237 0.045108
119750976 -0.171505 0.342226 0.505197 0.721108 0.010696 0.082408
139709472 0.038295 0.282524 0.306489 0.690855 0.017092 0.061768
159667969 -0.002094 0.467304 -0.205865 0.682519 0.017092 0.061768
179626465 -0.019693 1.042662 -0.529428 0.611094 -0.058959 0.066844
199615478 -0.320886 1.972489 -0.670222 0.576217 -0.155138 0.094080
219573974 -0.474614 2.815940 -0.852072 0.576217 -0.155138 0.094080
239532470 -0.847219 4.577400 -1.080040 0.479684 -0.412412 0.132515
259490967 -1.728556 7.093260 0.264631 0.491941 -0.545042 0.186215
279449463 -2.053741 8.947872 2.029793 0.503627 -0.545042 0.186215
299407959 -1.830755 9.844506 4.129164 0.484672 -0.581783 0.172414
319366455 -1.273044 9.979701 5.277676 0.409134 -0.526839 0.062796
339324951 -1.144960 9.630244 5.097911 0.410295 -0.520453 0.047997
359283447 -2.856411 8.057373 4.481700 0.575247 -0.460076 0.168736
379241943 -0.598643 6.960746 5.241596 0.575247 -0.460076 0.168736
399200439 3.741303 5.668401 5.078338 0.104218 -0.353813 -0.253164
419189453 6.041905 3.490849 2.153913 -0.243378 -0.305334 -0.455497
439147949 2.158511 1.871326 -2.793438 -0.323190 -0.305334 -0.455497
459106445 -5.658171 2.151983 -5.912193 1.266661 -0.484145 1.031492
479064941 -5.562174 0.588998 -6.397508 1.358465 -0.323242 1.097221
499023437 -1.613780 -3.243598 -3.532347 1.746461 0.261804 0.353387
518981933 3.127216 -6.099213 4.837721 3.065952 0.320824 -0.189501
538940429 3.112864 -7.333290 7.421826 2.834440 0.341650 -0.180832
558898926 -2.875517 -7.585623 2.811735 2.013792 0.462555 0.203152
578857422 -3.866293 -8.062528 0.103777 2.011823 0.584430 0.339039
598815918 -1.372114 -8.422161 1.422495 2.319467 0.582481 0.082859
618774414 2.207481 -7.962135 2.627663 2.308079 0.582481 0.082859
638763428 3.387787 -7.946642 1.887300 2.883960 0.504322 -0.218221
658721924 1.906712 -7.612482 -0.222557 -3.017550 0.515229 -0.334690
678680420 -0.266740 -6.057460 -0.311707 3.066755 0.591143 -0.273416
698638916 -0.423470 -4.911721 -0.871848 2.248473 0.423731 -0.063254
718597412 0.357858 -4.704796 -1.172524 2.479701 0.418710 -0.163705
738555908 1.240352 -4.759905 -0.955964 2.831361 0.411671 -0.258980
758514404 1.226133 -3.907647 -1.232716 2.691648 0.341184 -0.265065
778472900 0.104153 -3.013941 -1.570144 2.722881 0.341184 -0.265065
798431396 -0.428729 -2.148695 -1.600368 1.777847 0.263365 -0.141651
818389892 -0.692943 -1.911759 -2.525356 1.301459 0.149943 -0.039105
838348388 -0.693632 -1.515937 -2.344831 1.156864 0.099304 -0.029764
858306885 -0.491815 -0.968892 -1.586419 0.896030 0.027561 -0.046355
878295898 0.042745 -0.759444 -1.745941 0.706199 0.004171 -0.107433
898254394 -0.230359 -0.551390 -1.812692 0.735171 -0.022918 -0.058544
918212890 -0.516392 -0.222418 -1.539494 0.730223 -0.022918 -0.058544
938171387 -0.624488 0.191852 -1.142603 0.728129 -0.065287 0.008172
958129883 -0.656391 0.123974 -1.161801 0.716430 -0.106435 0.082448
978088379 -0.703745 -0.157954 -0.535481 0.716430 -0.106435 0.082448
998046875 -0.493033 -0.430185 0.624299 0.764144 -0.023045 0.055346
1018005371 -0.273611 -0.354845 1.127712 0.690949 -0.024623 0.027709
1037963867 0.007051 -0.260679 0.658861 0.622593 -0.033077 -0.000460
1057922363 0.191534 -0.354196 0.093057 0.584194 -0.024772 -0.017491
1077911377 0.262196 -0.457278 -0.079710 0.568901 -0.012854 -0.022745
1097869873 0.388067 -0.362447 -0.004641 0.507938 -0.019612 -0.037275
1117828369 0.496692 -0.185572 0.017405 0.447189 -0.034206 -0.050862
1137786865 0.235777 -0.026681 0.803162 0.488776 -0.046152 -0.022189
1157745361 -0.337536 0.087127 0.752051 0.619251 -0.058137 0.033199
1177703857 -0.689814 0.214224 0.415091 0.658197 -0.073009 0.068034
1197662353 -0.246302 0.175166 0.136428 0.574766 -0.070876 0.023184
1217620849 0.163333 0.029262 0.130636 0.482911 -0.055513 -0.020297
1237579345 0.124725 -0.120659 0.129904 0.520412 -0.040087 -0.017881
1257537842 0.148828 -0.115700 0.057863 0.517142 -0.040863 -0.021419
1277496338 0.054198 -0.208299 -0.047231 0.559726 -0.031483 -0.013779
1297485351 0.018694 -0.243979 -0.309316 0.583257 -0.027305 -0.013656
1317443847 0.326579 -0.273408 -0.131912 0.482219 -0.022316 -0.047135
1337402344 0.725617 -0.443119 0.183843 0.395481 -0.005749 -0.085369
1357360840 0.484494 -0.474231 -0.440671 0.477003 -0.004097 -0.064048
1377319336 0.098086 -0.319647 -0.519724 0.535125 -0.020179 -0.022771
1397277832 -0.114308 -0.278382 -0.174561 0.598438 -0.022452 -0.000499
1417236328 0.001014 -0.449102 -0.150555 0.605571 -0.002987 -0.012443
1437194824 0.370077 -0.633318 0.164608 0.541064 0.015884 -0.048636
1457153320 0.275030 -0.924685 0.082902 0.631408 0.045609 -0.038853
1477111816 -0.082648 -1.134026 0.230261 0.789316 0.066441 -0.003351
1497070312 -0.520682 -1.673594 0.448457 1.038965 0.118330 0.037453
