0 1.495696 1.443315 -0.107439 0.328258 -0.206690 -0.212246
19958496 0.972307 1.927273 0.129878 0.403680 -0.247933 -0.157125
39916992 -0.165315 2.860330 0.398663 0.547694 -0.326515 -0.033918
59875488 0.276780 5.328363 -0.517280 0.373312 -0.562477 -0.063030
79833984 0.752349 6.794655 -0.031257 0.299297 -0.633382 -0.074969
99792480 -0.135764 8.020164 0.054519 0.385020 -0.699228 0.045710
119750976 -1.676892 7.903639 -1.414480 0.557239 -0.749053 0.253316
139709472 -2.839638 7.073562 -1.422018 0.692716 -0.660423 0.389972
159667968 -3.858547 7.249503 1.166837 0.727429 -0.536400 0.389086
179626464 -3.783945 8.077476 4.104728 0.649441 -0.495380 0.301353
199615478 -3.058462 8.092957 5.066015 0.591509 -0.489041 0.218873
219573974 -0.136135 8.813080 5.327284 0.384895 -0.547808 0.001893
239532470 1.854253 9.032538 4.239682 0.227199 -0.606834 -0.148126
259490966 -0.251301 6.959074 1.405750 0.422980 -0.621582 0.012351
279449463 -2.006342 7.371335 -0.048079 0.402782 -0.621582 0.012351
299407959 0.909078 7.882214 1.654881 0.269424 -0.674418 -0.071189
319366455 3.551727 7.397779 3.183478 0.023374 -0.581322 -0.251719
339324951 2.272496 2.590826 1.874794 0.182858 -0.337003 -0.162358
359283447 1.289874 -4.075385 -1.238330 2.160722 0.280355 -0.082121
379241943 2.589025 -8.914208 -2.273932 -3.110834 0.762941 -0.233512
399200439 4.329993 -12.066908 -0.726557 -2.882726 0.832640 -0.359004
419158935 5.393436 -13.566178 -0.132531 -2.770292 0.854694 -0.433734
439117431 4.955986 -14.649817 0.433942 -2.860897 0.881370 -0.387770
459075927 2.704507 -13.168846 1.934722 3.067803 0.787536 -0.175861
479034423 -0.576337 -11.161410 0.774078 2.572865 0.756877 0.109166
499023437 -3.649617 -11.217711 0.576750 2.196600 0.738331 0.396624
518981933 -6.078328 -10.593801 0.846527 1.965820 0.652054 0.575553
538940429 -3.316763 -7.638207 1.329965 2.030134 0.509661 0.361363
558898925 0.131186 -5.362329 -0.856389 2.340746 0.439442 0.084697
578857422 1.154571 -4.753497 -2.726488 2.652916 0.456642 -0.046414
598815918 1.713664 -3.678338 -2.474036 2.651891 0.456642 -0.046414
618774414 1.666853 -2.488186 -2.735613 2.047701 0.140495 -0.131558
638732910 1.414750 -2.387581 -2.412762 1.847610 0.119865 -0.084344
658691406 0.043030 -2.062744 -2.380570 1.533613 0.073276 0.107037
678649902 -1.051613 -2.056522 -2.406422 1.526635 0.066156 0.242950
698608398 -0.758210 -1.888250 -1.631712 1.475357 0.033655 0.168548
718566894 0.383843 -0.691563 -1.318219 0.968192 -0.115460 0.011540
738525390 1.046650 -0.321347 -0.799019 0.730990 -0.150025 -0.071577
758514404 1.136338 -0.191910 0.228661 0.720707 -0.147331 -0.075731
778472900 0.503036 -0.128863 0.059043 0.838874 -0.159024 -0.014850
798431396 -0.053447 -0.221229 -0.749423 0.935543 -0.165369 0.039978
818389892 -0.149361 -0.249801 -0.613120 0.947616 -0.160339 0.042573
838348388 -0.065167 0.129957 -0.263277 0.875649 -0.194283 0.024085
858306884 -0.050936 -0.162598 0.074867 0.942083 -0.157904 0.015330
878265380 0.029456 -0.164986 0.674279 0.942474 -0.148343 0.003725
898223877 0.037837 0.030755 0.696491 0.937104 -0.148343 0.003725
918182373 -0.295885 -0.052754 0.221235 0.966657 -0.169694 0.036516
938140869 -0.618930 -0.264065 -0.227942 1.039337 -0.158135 0.069855
958099365 -0.806372 -0.311947 -0.081894 1.078666 -0.151676 0.086305
978057861 -1.103847 -0.288207 0.238899 1.100614 -0.149257 0.112899
998016357 -0.877852 -0.336866 0.517151 1.103755 -0.142365 0.086392
1018005371 -0.324269 -0.144752 0.979202 1.003924 -0.157952 0.029417
1037963867 -0.331817 -0.011221 0.592002 0.964877 -0.180794 0.032429
1057922363 -0.786226 -0.473738 0.081154 1.096579 -0.146519 0.083510
1077880859 -1.154616 -0.818559 -0.061317 1.213075 -0.115283 0.124602
1097839355 -1.184512 -0.557254 0.097240 1.161946 -0.142444 0.125573
1117797851 -1.101184 -0.399649 0.597807 1.110308 -0.155570 0.110244
1137756347 -1.213263 -0.633344 0.514189 1.169889 -0.140673 0.121135
1157714843 -1.207659 -0.819443 -0.012358 1.198529 -0.135732 0.127446
1177673339 -1.124734 -0.622072 -0.404945 1.141646 -0.168183 0.125324
1197631836 -0.734537 -0.795645 -0.597729 1.135627 -0.158110 0.086785
1217590332 -0.476220 -0.633408 -0.706150 1.018799 -0.181631 0.060894
1237548828 -0.639336 -0.130856 -0.770597 0.951089 -0.241488 0.081641
1257507324 -0.586075 -0.014969 -1.056771 0.893186 -0.267368 0.077208
1277496338 -1.250945 -0.103146 -1.105885 1.009908 -0.262925 0.153596
1297454834 -1.411705 0.260675 -0.977837 0.973805 -0.303856 0.168176
1317413330 -1.022748 0.342556 -1.057658 0.896535 -0.322296 0.125271
1337371826 -0.899787 0.615525 -0.548536 0.846049 -0.339008 0.105552
1357330322 -1.043714 0.543680 -0.294934 0.870447 -0.329978 0.118453
1377288818 -1.358643 0.455894 -0.856302 0.906097 -0.346940 0.161771
1397247314 -1.419238 0.199767 -0.810033 0.936556 -0.326105 0.165694
1417205810 -1.312534 0.142995 -0.202460 0.914972 -0.309589 0.139322
1437164306 -1.201240 -0.058506 0.174302 0.947257 -0.290562 0.117872
1457122802 -1.490182 -0.100864 -0.518512 0.968826 -0.320911 0.155165
1477081298 -1.742499 -0.810847 -1.430385 1.072351 -0.289966 0.197989
1497039795 -2.142733 -1.263783 -2.820290 1.181677 -0.298923 0.285806
