0 0.331506 0.359981 -0.607002 0.598775 -0.067699 -0.067332
19958496 0.419529 0.644967 -0.681661 0.531209 -0.094851 -0.076288
39947509 0.270089 0.850103 -0.923358 0.540050 -0.113081 -0.058439
59906006 0.270728 1.419626 -1.197620 0.486123 -0.169808 -0.053082
79864502 0.774498 1.997784 -1.063879 0.350628 -0.215334 -0.100487
99822998 1.234732 2.346132 -0.313242 0.267845 -0.218767 -0.131155
119781494 0.594460 2.613793 -0.050003 0.360008 -0.228667 -0.054760
139739990 -0.018690 2.916341 0.407437 0.450759 -0.239181 0.012263
159698486 0.024369 3.329021 0.642767 0.428776 -0.266430 0.011525
179656982 0.285939 4.503794 0.442031 0.415013 -0.266430 0.011525
199615478 0.729304 5.415977 0.445654 0.266138 -0.447845 -0.057737
219573974 0.805518 5.899262 0.338696 0.244246 -0.490636 -0.072522
239532470 1.004964 6.099411 0.328753 0.212563 -0.505360 -0.100421
259490966 1.246523 6.312918 0.963559 0.206148 -0.493067 -0.121879
279449463 0.481829 5.877249 1.939871 0.310737 -0.433028 -0.053571
299407959 -0.003327 4.868854 2.005123 0.385591 -0.372060 -0.029272
319396972 -0.325789 3.899617 1.240469 0.448363 -0.340285 -0.030452
339355468 0.535523 3.529997 1.197663 0.380052 -0.325830 -0.130488
359313965 -0.089315 3.449820 2.281721 0.523917 -0.301625 -0.068707
379272461 -1.659433 2.428617 1.953067 0.760958 -0.234641 0.073367
399230957 -0.974431 1.224543 0.265987 0.767006 -0.167754 0.017173
419189453 1.079835 1.840801 0.946172 0.426467 -0.220107 -0.187912
439147949 1.208066 1.925818 1.557865 0.447821 -0.219851 -0.192671
459106445 -0.438305 1.105711 1.310744 0.754238 -0.156671 -0.041013
479064941 -2.002493 0.012182 0.087174 1.040570 -0.063435 0.124475
499023437 0.661292 -0.240689 -1.528689 0.727964 -0.025766 -0.144246
518981933 2.578460 -0.968871 -1.348384 0.191170 0.093727 -0.316824
538940429 0.735369 -2.877880 1.162333 1.416614 0.266962 -0.065267
558898925 1.075010 -5.340448 2.757859 1.994371 0.412385 -0.083424
578887939 2.200840 -6.747260 1.494541 2.707093 0.533884 -0.200316
598846435 2.731673 -7.788864 -0.469204 3.099949 0.670040 -0.308052
618804931 2.065735 -8.133504 -1.288208 3.000698 0.745241 -0.276226
638763427 0.097929 -7.883971 1.094354 2.414890 0.634129 -0.048144
658721923 -0.942669 -6.602603 3.036968 2.005224 0.482132 0.032319
678680420 -0.951449 -6.127145 1.802692 2.031360 0.484948 0.027519
698638916 -0.830736 -6.093493 -0.777306 2.227758 0.584297 0.013205
718597412 -0.005269 -4.961565 -1.277436 2.285189 0.512122 -0.082631
738555908 0.246000 -3.754106 -0.081559 2.304458 0.512122 -0.082631
758514404 -0.550779 -3.502369 -0.691753 1.995709 0.352244 -0.087606
778472900 -0.773021 -3.827885 -1.527491 1.979005 0.403798 0.042625
798431396 -0.390164 -2.901916 -2.171160 1.860844 0.321374 0.001876
818389892 -0.179524 -2.108862 -2.521771 1.860844 0.321374 0.001876
838378906 -0.427504 -1.941758 -2.013743 1.537399 0.193103 0.017834
858337402 -0.228357 -1.440571 -1.464916 1.358287 0.119610 -0.003450
878295898 0.173399 -1.050928 -1.323750 1.167977 0.069980 -0.048067
898254394 0.834845 -0.250625 -0.950194 0.785523 -0.024768 -0.117675
918212890 1.183260 0.210634 -0.725809 0.610537 -0.076750 -0.150183
938171386 0.374333 -0.507165 -1.159374 0.952937 -0.000555 -0.065535
958129882 -0.665501 -0.778409 -0.989412 1.172388 0.028342 0.049087
978088379 -0.505131 -0.662170 -0.119665 1.102442 0.011919 0.023344
998046875 -0.077182 -0.095066 0.049773 0.932609 -0.048777 -0.022457
1018005371 -0.058277 -0.223466 -0.766972 0.941259 -0.042066 -0.030907
1037963867 0.124923 -0.346947 -0.739688 0.919160 -0.030786 -0.059504
1057922363 0.559783 0.130357 -0.107350 0.747046 -0.079918 -0.107982
1077880859 0.883008 0.350780 0.182310 0.654877 -0.100998 -0.141492
1097839355 0.789901 0.198390 0.048956 0.686280 -0.088043 -0.135244
1117828369 0.418214 -0.169119 -0.147144 0.823747 -0.052143 -0.099076
1137786865 0.005312 -0.138204 -0.171052 0.886955 -0.055442 -0.055026
1157745361 -0.111839 -0.064454 -0.342182 0.900783 -0.064105 -0.042809
1177703857 -0.139838 -0.011405 -0.350603 0.885251 -0.069259 -0.039286
1197662353 -0.145135 0.059352 -0.212017 0.874770 -0.074258 -0.037206
1217620849 -0.319150 0.130999 0.125863 0.889950 -0.078024 -0.016512
1237579345 -0.616308 -0.113721 0.110156 0.992060 -0.052961 0.015076
1257537841 -0.659025 -0.331723 0.151901 1.017685 -0.030492 0.020820
1277496338 -0.478652 -0.434040 0.450981 1.028736 -0.020204 0.004699
1297454834 -0.149976 -0.606862 0.191386 1.028440 -0.004337 -0.026031
1317413330 -0.181377 -0.765524 -0.123336 1.044544 0.010953 -0.022904
1337371826 -0.292170 -1.003289 0.098360 1.135529 0.033578 -0.012657
1357330322 0.090919 -1.106123 0.463656 1.110859 0.039829 -0.053002
1377288818 0.258903 -1.217099 0.578541 1.116650 0.047665 -0.069988
1397277832 0.504727 -1.387029 0.843152 1.133433 0.060768 -0.089354
1417236328 0.391809 -1.694738 0.982093 1.253662 0.086600 -0.073528
1437194824 -0.178038 -1.818565 0.689019 1.302336 0.097426 -0.017897
1457153320 -0.376500 -2.015581 0.438415 1.388616 0.113806 0.001410
1477111816 -0.131798 -1.721372 0.348351 1.291426 0.079580 -0.024686
1497070312 0.096585 -1.421324 0.315628 1.182569 0.043773 -0.048104
