0 0.190590 0.064503 -0.844621 0.679958 -0.000536 0.011259
19958496 0.264787 0.007252 -0.325057 0.690160 0.011657 0.003548
39916992 0.357263 0.087268 0.401602 0.638875 0.007058 -0.005177
59875489 -0.492601 0.093014 0.471413 0.641016 0.007058 -0.005177
79833985 -0.569416 0.304546 0.235543 0.806856 0.008386 0.077880
99792481 0.018498 0.395313 -0.256469 0.677243 -0.017597 0.026151
119750977 0.347740 0.482303 -0.540637 0.583067 -0.021260 -0.014003
139709473 0.559082 0.763952 -0.793347 0.583367 -0.021260 -0.014003
159667969 1.153231 2.141596 -1.313062 0.248491 -0.190592 -0.129169
179626465 -0.042557 4.211966 -2.190458 0.343845 -0.433186 -0.012070
199584961 -1.457392 7.498029 -2.886776 0.451087 -0.747852 0.147438
219573975 -1.886271 11.903260 -1.006192 0.439236 -0.869466 0.118121
239532471 -4.769372 15.905358 4.673100 0.584684 -0.751771 0.243771
259490967 -5.097459 18.075695 13.284482 0.607809 -0.751771 0.243771
279449463 -2.436773 17.166672 20.586681 0.497014 -0.445946 0.027606
299407959 -1.799946 13.149738 22.028496 0.526482 -0.332420 0.013191
319366455 -6.374823 9.323335 13.139194 0.707557 -0.332628 0.234615
339324951 -5.327565 5.440439 1.500514 0.830737 -0.401354 0.415625
359283448 -1.944984 0.620030 -6.265909 0.974705 -0.246834 0.526855
379241944 -0.291065 -4.644001 -7.016883 2.492847 0.959768 0.194189
399200440 1.139871 -11.826510 -2.034735 3.000624 0.974111 -0.149397
419189453 1.066801 -15.144287 2.939515 2.852123 0.869582 -0.116957
439147949 -1.213203 -15.708195 2.294697 2.546500 0.918649 0.051779
459106446 -3.557700 -16.691135 0.737261 2.312924 0.995474 0.278240
479064942 0.801504 -16.584932 -0.154011 2.935395 1.047825 -0.139077
499023438 7.465614 -15.520487 -2.972345 -2.248301 0.983152 -0.874577
518981934 8.935668 -13.590101 -4.952366 -1.920576 0.912315 -1.118686
538940430 6.152197 -10.328041 -3.519520 -2.149188 0.856194 -0.875114
558898926 2.801707 -7.189048 -3.015335 -2.619520 0.793541 -0.560260
578857422 0.365432 -4.996743 -3.380543 2.935553 0.718505 -0.262051
598815918 -1.193782 -3.228554 -3.773116 2.066354 0.571414 0.003993
618774414 -1.373579 -1.856375 -3.842668 1.551749 0.376607 0.063674
638732910 -0.956186 -1.103840 -2.958292 1.121664 0.212997 0.011235
658721924 -1.158559 -0.532586 -2.556190 0.920734 0.106321 0.045754
678680420 -2.131742 0.004569 -3.611163 1.014666 0.025090 0.217679
698638916 -1.724218 0.464328 -2.125020 0.848089 -0.046560 0.139613
718597412 -0.873442 0.375747 -1.572280 0.729234 -0.040280 0.049083
738555908 -0.507454 0.125918 -1.504560 0.703629 -0.013337 0.025517
758514405 -0.355104 -0.136030 -0.585189 0.730066 0.016697 0.019831
778472901 0.226224 -0.408084 0.679237 0.617014 0.040308 -0.030710
798431397 0.463326 -0.787094 1.137624 0.614776 0.070484 -0.046060
818389893 0.757537 -0.872225 0.455424 0.527122 0.080128 -0.074767
838348389 0.886113 -0.891310 0.024428 0.496026 0.084500 -0.089691
858306885 0.816503 -0.615318 0.338835 0.485096 0.054223 -0.079848
878265381 0.499730 -0.400579 0.094206 0.521800 0.033425 -0.049450
898254395 0.012568 -0.464090 0.174816 0.655246 0.038960 0.000963
918212891 -0.247950 -0.248658 0.264635 0.694806 0.015253 0.026699
938171387 0.398489 -0.338197 -0.222426 0.539313 0.023536 -0.039077
958129883 0.470975 -0.673121 -0.130454 0.591118 0.055993 -0.044657
978088379 -0.077436 -0.886378 -0.110402 0.770317 0.076650 0.014370
998046875 -0.297164 -0.627115 0.295644 0.770329 0.045586 0.037072
1018005371 -0.506256 -0.768707 0.027761 0.849739 0.058941 0.058556
1037963867 -0.206149 -1.348002 -0.510663 0.950401 0.123927 0.027397
1057922364 0.594436 -1.836449 -0.364872 0.920838 0.172122 -0.057980
1077880860 0.818355 -1.762462 -0.066691 0.770874 0.156678 -0.076848
1097839356 0.008434 -1.880713 -0.298789 1.080529 0.170795 0.009610
1117828369 -0.742078 -2.217860 -0.273890 1.321466 0.205668 0.085562
1137786866 -0.327972 -2.713042 0.126648 1.457546 0.251021 0.028550
1157745362 1.533981 -2.475370 0.870683 0.673037 0.211807 -0.160182
1177703858 2.964672 -2.362286 0.568550 -0.719929 0.193639 -0.298792
1197662354 0.309085 -2.526325 -0.623171 1.452946 0.233222 -0.048156
1217620850 -2.681498 -2.411074 -0.669315 1.448061 0.206716 0.278647
1237579346 -1.432322 -1.636271 -1.288595 1.269442 0.138946 0.152181
1257537842 1.920889 -1.368021 -0.795094 1.270414 0.138946 0.152181
1277496338 2.864862 -2.563273 -0.244625 -1.035446 0.202053 -0.298428
1297454834 -0.170453 -2.706501 -0.187997 1.523388 0.213835 0.031098
1317443848 -3.565192 -2.048281 -0.424728 1.386036 0.134364 0.382813
1337402344 -1.784719 -0.703743 -1.210098 1.095407 0.002196 0.220338
1357360840 1.301167 -0.908191 -0.886905 0.380356 0.028465 -0.136882
1377319336 1.755537 -1.310623 -0.256998 0.245202 0.067228 -0.173430
1397277832 0.036895 -1.554694 -0.879694 1.053925 0.101062 0.006508
1417236328 -1.142962 -1.051747 -1.738767 1.142490 0.059993 0.144421
1437194824 0.006961 -0.738132 -1.307650 0.838374 0.035901 -0.009122
1457153321 1.173797 -0.744548 -0.666958 0.463988 0.045635 -0.134251
1477111817 1.802505 -0.690406 0.373939 0.264437 0.039276 -0.172070
1497070313 0.537878 -0.116495 -0.028440 0.577977 -0.014328 -0.043495
