0 -0.043695 0.377474 0.563731 0.768458 0.053609 0.052319
19958496 0.280590 0.888170 0.387041 0.508347 -0.043794 -0.015079
39916992 0.328655 1.411399 0.410729 0.456053 -0.092809 -0.016453
59875488 0.249666 2.077692 -0.102869 0.415180 -0.162979 -0.002476
79833984 0.155233 2.681950 -0.647970 0.390936 -0.230168 0.019966
99792480 0.334841 3.381455 -0.528023 0.333342 -0.290706 0.016102
119750976 0.559486 4.407815 -0.192759 0.300236 -0.290706 0.016102
139709472 0.249864 5.358124 0.197674 0.256949 -0.373915 0.000502
159667969 -0.780338 5.363593 0.272081 0.287224 -0.443815 0.029870
179626465 -1.226347 6.118548 0.053164 0.426788 -0.516945 0.175982
199584961 1.020845 8.129037 -0.764424 0.153360 -0.709777 -0.051155
219543457 3.540738 10.288805 -0.067796 -0.106345 -0.773649 -0.294770
239532471 1.917536 9.055779 0.949232 0.073930 -0.673983 -0.125678
259490967 -1.400344 6.386551 2.354892 0.095645 -0.673983 -0.125678
279449463 -3.210266 5.022299 4.261573 0.619594 -0.315124 0.245459
299407959 -1.825539 5.748303 4.835965 0.502562 -0.371451 0.126727
319366455 2.325902 7.378730 5.300899 0.557202 -0.371451 0.126727
339324951 1.216399 5.447357 2.388495 0.248249 -0.466656 -0.120495
359283447 -1.244917 3.203530 -0.679008 0.582342 -0.432738 0.095249
379241943 -1.716408 1.711128 -0.862528 0.740017 -0.320601 0.127400
399200439 -1.034076 -0.223102 -0.951169 0.878375 -0.141883 0.014230
419158935 -0.159858 -2.405807 -0.817383 1.335930 0.091347 -0.117738
439117431 2.119021 -4.697058 -1.384882 2.985867 0.342696 -0.391366
459075928 4.729059 -6.088044 -2.079335 -2.467283 0.471367 -0.655969
479034424 5.629780 -7.327581 -0.549529 -2.552866 0.526871 -0.616152
499023437 4.615752 -8.729289 2.085029 -3.034019 0.567664 -0.419532
518981933 3.832799 -10.397341 3.062303 3.053403 0.635968 -0.337834
538940430 3.034363 -10.791005 2.242393 2.987002 0.688290 -0.316019
558898926 1.403952 -9.568792 1.721498 2.719248 0.659520 -0.217787
578857422 0.413296 -7.511689 1.541205 2.427736 0.552049 -0.144442
598815918 -0.711697 -6.390939 0.351314 2.240896 0.530806 -0.042918
618774414 -1.254039 -6.145910 -0.021784 2.152992 0.534121 0.027378
638732910 -0.587712 -4.826291 0.165648 2.066233 0.425047 -0.026827
658691406 0.014957 -3.789045 0.296718 2.106035 0.425047 -0.026827
678649902 0.043073 -3.345289 -0.198392 1.886411 0.297969 -0.075860
698608398 0.447485 -3.106321 -0.780538 1.949327 0.283667 -0.115820
718566894 -0.675264 -2.808313 -1.570385 1.817454 0.270784 0.023763
738555908 -1.083190 -2.436514 -2.765532 1.817626 0.270784 0.023763
758514404 -0.809713 -1.952451 -2.247602 1.586687 0.182459 0.067030
778472900 -0.135346 -1.092008 -1.225027 1.245632 0.059663 -0.017307
798431396 0.525341 -0.352752 -0.525498 0.923249 -0.028809 -0.087072
818389892 0.811155 -0.406361 0.153755 0.923457 -0.023929 -0.103575
838348389 1.050181 -0.400551 0.718607 0.887983 -0.024438 -0.105209
858306885 0.517872 -0.482925 -0.155158 0.970781 -0.019842 -0.041683
878265381 -0.400302 -0.686080 -0.970490 1.161659 -0.000542 0.071538
898223877 0.061336 -0.320615 -1.326018 0.986083 -0.044690 0.024910
918182373 0.060276 -0.150481 -0.875665 0.937609 -0.062838 0.022589
938140869 -0.306958 -0.571137 -0.380137 1.109230 -0.016792 0.055499
958099365 0.250182 -0.366780 0.457170 0.973246 -0.037885 -0.005616
978088379 0.991666 0.354625 0.305255 0.664543 -0.112256 -0.076809
998046875 0.934302 0.166351 -0.761499 0.665453 -0.106670 -0.076406
1018005371 0.339731 -0.183061 -0.981257 0.878420 -0.070761 -0.011450
1037963867 0.294811 -0.036464 -0.255834 0.883952 -0.082929 -0.009068
1057922363 0.419215 0.096654 -0.205158 0.826617 -0.098896 -0.024055
1077880859 0.405596 -0.140901 -0.321619 0.879085 -0.076986 -0.022839
1097839355 0.539756 0.002527 -0.356999 0.819819 -0.093448 -0.036172
1117797851 1.250121 0.539137 -0.168118 0.538820 -0.147012 -0.106542
1137756347 0.924201 0.409154 -0.891761 0.611807 -0.144059 -0.076111
1157714844 0.014306 -0.244136 -0.679072 0.977506 -0.068018 0.025879
1177673340 -0.261481 -0.395565 -0.152029 1.062916 -0.048326 0.051378
1197631836 -0.571045 -0.508060 -0.561437 1.100307 -0.038449 0.083271
1217620849 -0.466686 -0.344449 -0.206088 1.064413 -0.055080 0.063700
1237579346 0.334883 0.113899 0.200460 0.842212 -0.099834 -0.022636
1257537842 0.862454 0.505825 0.027782 0.667002 -0.140795 -0.077296
1277496338 0.473138 0.234539 -0.049261 0.768037 -0.114045 -0.038026
1297454834 0.052414 -0.167777 0.222647 0.963268 -0.070999 0.005286
1317413330 -0.244371 -0.245599 0.079627 1.014509 -0.065201 0.035091
1337371826 -0.183500 -0.446230 -0.262927 1.039896 -0.047443 0.028290
1357330322 0.382934 -0.265060 -0.060961 0.931975 -0.065680 -0.032151
1377288818 0.706732 -0.300306 -0.036591 0.866966 -0.061974 -0.066536
1397247314 0.885794 -0.601388 0.083724 0.914179 -0.031564 -0.086086
1417205810 0.609584 -1.383315 -0.066136 1.201260 0.045931 -0.065779
1437164306 -0.414876 -2.649982 -0.173868 1.691307 0.169823 0.021561
1457153320 -1.110974 -3.127779 0.039968 1.718811 0.169823 0.021561
1477111816 -2.257040 -2.782094 0.930707 1.644002 0.135755 0.125693
1497070312 -0.256536 -3.637105 -0.068679 1.659127 0.135755 0.125693
