0 -0.075909 0.126371 0.233366 0.556692 0.202212 0.044048
19958496 0.022781 0.033030 -0.290747 0.559973 0.205146 0.049959
39916992 0.280094 -0.053766 -0.386282 0.562809 0.239396 0.015713
59875488 0.118342 -0.034389 -0.332247 0.568859 0.238097 0.033338
79833984 -0.372350 -0.060829 -0.168019 0.676245 0.238326 0.086362
99822998 -0.350221 -0.003767 -0.032549 0.644516 0.231900 0.084187
119781494 0.121053 0.071032 -0.249074 0.644165 0.231900 0.084187
139739990 0.014457 -0.053948 -0.048274 0.592369 0.245217 0.045101
159698486 -0.295624 0.007982 0.520147 0.617254 0.227871 0.074027
179656982 -0.204963 0.102915 0.226211 0.598507 0.226753 0.068433
199615479 -0.630002 0.333107 -0.444189 0.658659 0.220538 0.122397
219573975 -0.269278 0.475307 -0.327744 0.575076 0.207450 0.083662
239532471 0.367153 0.538238 -0.401882 0.464116 0.207020 0.015343
259490967 0.705894 0.767552 -0.744545 0.369667 0.195218 -0.024789
279449463 0.941116 1.234765 -0.975647 0.267899 0.155101 -0.060086
299407959 0.835617 1.901907 -0.925228 0.257275 0.086784 -0.058790
319396973 -0.291184 2.531472 -1.355723 0.404647 0.027503 0.060441
339355469 -1.492113 3.232901 -1.554882 0.524429 -0.038881 0.195130
359313965 -1.499228 4.225255 0.712892 0.449021 -0.111629 0.143111
379272461 -0.681665 5.106381 3.471250 0.348994 -0.151614 0.045663
399230957 -0.079768 6.344628 3.992219 0.274489 -0.240888 -0.000724
419189453 0.124223 7.188936 2.419017 0.243001 -0.346895 -0.015132
439147949 -1.256421 7.156735 1.564633 0.347698 -0.374877 0.111719
459106445 -1.782927 7.330823 2.476409 0.339062 -0.374877 0.111719
479064941 0.007060 7.103212 4.635976 0.248233 -0.308799 -0.001364
499023438 1.877501 5.760076 6.520230 0.143066 -0.207742 -0.108129
518981934 2.326375 4.549498 5.993795 0.107336 -0.161276 -0.126773
538970947 2.305429 4.165215 3.810019 0.053984 -0.186029 -0.134435
558929443 0.423459 3.276790 1.185658 0.226135 -0.175945 0.006145
578887939 1.585268 3.257833 1.144449 0.074481 -0.184172 -0.106022
598846436 3.595892 3.303830 3.550785 -0.105234 -0.158565 -0.238627
618804932 2.115957 2.173648 3.761879 0.067873 -0.089584 -0.135323
638763428 -1.596256 -1.199393 1.901469 0.836748 0.168900 0.154610
658721924 -0.832541 -3.168965 2.999154 1.041411 0.292961 0.087301
678680420 1.645138 -2.865198 4.037407 0.501983 0.234426 -0.085077
698638916 0.473335 -4.444860 0.347013 1.826615 0.423946 0.013564
718597412 -3.156162 -7.402356 -4.434056 2.000936 0.854042 0.586783
738586426 -0.883122 -9.006601 -4.737361 2.610359 1.061364 0.193799
758544922 2.205921 -8.022190 0.977283 3.118349 0.658899 -0.208165
778503418 -0.027434 -7.764693 3.178336 2.285328 0.564543 -0.001100
798461914 -3.045528 -8.636932 -0.527175 2.095603 0.741013 0.322518
818420410 -2.323683 -8.454300 -2.632162 2.234144 0.856795 0.327691
838378906 1.004235 -7.292324 -1.904925 2.937233 0.765154 -0.111449
858337402 1.423413 -7.233114 -1.595717 3.066953 0.741423 -0.163739
878295898 1.127069 -6.302115 -1.015985 2.901664 0.650096 -0.125622
898254395 2.064455 -5.215156 0.087420 -3.087248 0.508443 -0.206088
918212891 2.373341 -4.483102 -0.155641 -2.744129 0.449830 -0.247532
938171387 1.950846 -3.993387 -1.638496 -2.788134 0.463409 -0.256606
958160400 1.385362 -3.228185 -2.043966 2.986674 0.401190 -0.215870
978118896 0.004781 -2.527156 -2.227856 1.691081 0.329260 -0.051625
998077393 -2.185411 -1.731987 -2.401696 1.377783 0.224770 0.235838
1018035889 -3.053891 -0.838987 -2.532506 1.240336 0.107830 0.351096
1037994385 -1.803414 -0.319931 -2.057731 1.045069 0.041995 0.181868
1057952881 -0.630712 -0.373829 -2.062123 0.888583 0.052031 0.034106
1077911377 -0.410338 -0.415123 -1.996552 0.859210 0.061493 0.013546
1097869873 -1.281322 -0.190004 -1.273963 0.961533 0.035216 0.126159
1117828369 -1.961162 0.062273 -0.463095 0.969121 0.010599 0.196604
1137786865 -1.789935 0.091546 -0.060164 0.937693 0.011171 0.176247
1157745361 -1.341802 -0.296976 -0.278172 0.949004 0.056456 0.135955
1177734375 -0.570406 -0.337926 0.062309 0.933058 0.056456 0.135955
1197692871 -0.352940 -0.282422 0.215295 0.821339 0.062680 0.057442
1217651367 -0.831765 -0.333666 0.168091 0.879938 0.065637 0.099000
1237609863 -0.749314 -0.184956 0.249993 0.828210 0.052314 0.096305
1257568359 -0.878047 -0.232480 0.407266 0.846771 0.057489 0.111123
1277526855 -0.863088 -0.319596 0.449244 0.832764 0.066987 0.112046
1297485352 -0.409968 -0.436798 0.443519 0.762557 0.079833 0.071175
1317443848 -0.250967 -0.521298 0.575978 0.769458 0.087129 0.058728
1337402344 -0.273250 -0.603261 0.426544 0.780604 0.095788 0.065664
1357360840 -0.118776 -0.885211 0.369003 0.784511 0.123410 0.055682
1377319336 0.120737 -0.935939 0.526321 0.764028 0.125301 0.036727
1397308350 0.009411 -1.188043 0.601409 0.819066 0.146032 0.051662
1417266846 0.218003 -1.407269 0.752007 0.810535 0.160471 0.035471
1437225342 0.320892 -1.938331 0.324963 0.991532 0.213295 0.030337
1457183838 0.583601 -2.258448 -0.104774 1.132756 0.250675 0.006933
1477142334 0.790544 -2.546591 0.148966 1.218261 0.268437 -0.012065
1497100830 1.264452 -2.916383 -0.103045 1.509063 0.306020 -0.058872
