0 0.351631 0.821781 -0.836118 2.343379 -0.022391 -0.066734
19958496 0.483389 1.112504 -0.586124 2.309590 -0.065373 -0.105149
39916992 1.200817 1.819937 -0.280367 2.259161 -0.129773 -0.174730
59875488 1.039136 1.941097 -0.048209 2.202040 -0.133939 -0.150941
79833984 0.453046 2.077106 -0.070341 2.159570 -0.133939 -0.150941
99792480 -1.397718 1.413773 -0.629394 2.019203 -0.144481 -0.086418
119750976 -2.766446 1.174191 -0.379623 1.942059 -0.041559 0.258306
139739990 -2.675416 1.823657 0.015969 1.855583 -0.101274 0.241854
159698486 -1.221371 3.163889 0.716175 1.616646 -0.222604 0.091857
179656982 0.281737 4.584843 0.638036 1.609657 -0.222604 0.091857
199615478 0.060168 4.930248 -0.069097 1.116779 -0.355255 -0.051178
219573974 -0.362950 4.858033 -0.265672 1.067439 -0.419171 0.021219
239532470 -0.696419 4.629210 0.954414 1.279088 -0.358087 0.062112
259490966 -0.779782 4.628821 1.443612 1.304707 -0.347544 0.079779
279449462 -0.154307 4.955881 0.862926 1.283980 -0.347544 0.079779
299407959 0.526192 5.333922 0.085475 0.843892 -0.466834 -0.023817
319366455 0.620572 4.910484 0.134054 0.892261 -0.433862 -0.027087
339324951 -1.100968 3.430301 0.738989 1.508567 -0.285130 0.148912
359283447 -2.270143 2.184142 1.067037 1.766372 -0.167806 0.255147
379272460 -0.186900 3.080073 1.984296 1.603846 -0.241827 0.056513
399230957 1.732195 3.731103 3.198795 1.633628 -0.241827 0.056513
419189453 0.168850 1.894074 0.874981 1.884939 -0.180024 0.027348
439147949 -2.615444 0.107323 2.074403 2.039078 -0.016746 0.258771
459106445 -2.275516 -0.126899 2.697103 2.100937 -0.010085 0.216076
479064941 0.745794 0.742196 1.041553 2.239337 -0.105281 -0.032147
499023437 1.599110 0.934268 0.412409 2.341928 -0.134001 -0.110862
518981933 0.613933 -0.035392 0.408143 2.358705 -0.038837 -0.000468
538940429 0.014210 -0.485878 0.486993 2.339956 0.001855 0.062188
558898925 1.363938 -0.165970 -0.864501 2.579433 -0.043140 -0.089116
578857421 2.524230 -0.540201 -2.458735 3.130065 -0.000629 -0.267244
598846435 0.753272 -1.961656 -1.889583 2.672549 0.196087 -0.016958
618804931 -1.370219 -3.996580 -0.423781 2.493994 0.375714 0.222238
638763427 -0.588360 -4.712774 1.141110 2.622504 0.393720 0.122846
658721923 2.331215 -5.095453 0.923680 2.999818 0.428952 -0.149327
678680419 4.134127 -5.638513 0.260525 -3.020267 0.477491 -0.330857
698638916 1.889907 -7.391581 -0.916711 3.029392 0.683432 -0.142877
718597412 -0.630566 -7.483973 0.594272 2.730760 0.616253 0.103129
738555908 -0.388374 -6.647936 1.391139 2.743284 0.525181 0.058405
758514404 0.110213 -5.625389 -0.084127 2.801065 0.508761 0.004914
778472900 0.356175 -5.175855 -0.846083 2.775504 0.508761 0.004914
798431396 0.771338 -4.215917 0.125816 2.809450 0.507922 -0.024528
818389892 0.520343 -3.668210 -0.183305 2.778177 0.349481 -0.032279
838378906 0.019884 -3.481575 -0.709584 2.717427 0.349293 0.026283
858337402 -0.259183 -3.146468 -1.495808 2.671874 0.342355 0.065001
878295898 -0.621899 -2.927502 -1.473768 2.676028 0.342355 0.065001
898254394 -0.061011 -2.123557 -1.070501 2.620290 0.315559 0.107122
918212890 0.523658 -1.407428 -0.964435 2.683963 0.134776 -0.027124
938171386 0.424724 -1.015293 -1.050067 2.631815 0.091290 -0.016994
958129882 0.596262 -0.778872 -0.993095 2.636144 0.091290 -0.016994
978088378 0.552332 -0.864322 -1.160866 2.640394 0.062534 -0.041394
998046875 -0.139912 -0.860149 -0.627006 2.526017 0.068976 0.026173
1018005371 -0.371182 -0.613100 -0.428894 2.466701 0.042466 0.048654
1037963867 -0.442540 -0.505508 -0.875073 2.413665 0.034395 0.057019
1057922363 -0.287914 -0.618156 -1.004625 2.473303 0.050236 0.030063
1077880859 0.444589 -0.246410 0.564013 2.550318 0.007406 -0.056962
1097869873 0.613601 0.054210 1.362865 2.516134 -0.020156 -0.074272
1117828369 0.123401 -0.389835 1.150651 2.491212 0.021022 -0.029351
1137786865 -0.415564 -0.605564 0.605792 2.434187 0.043297 0.024891
1157745361 -0.326504 -0.622585 -0.016767 2.438397 0.047528 0.019125
1177703857 0.195516 -0.166850 -0.040360 2.457513 -0.000000 -0.034402
1197662353 0.245512 -0.023659 -0.325599 2.455477 -0.016195 -0.042527
1217620849 0.013962 -0.136778 -0.228177 2.433710 -0.004512 -0.020558
1237579345 0.303867 -0.072609 0.377688 2.459365 -0.009890 -0.046642
1257537841 0.276009 0.032837 0.079823 2.458506 -0.019891 -0.042714
1277496337 0.517301 0.147399 0.108077 2.468334 -0.031879 -0.067211
1297454834 0.554220 0.215813 -0.068252 2.456288 -0.040791 -0.074321
1317413330 0.403683 0.073042 -0.248437 2.466147 -0.027076 -0.062732
1337402343 0.101398 -0.162900 0.086851 2.456574 -0.002426 -0.032512
1357360839 -0.214890 -0.420974 0.225315 2.434105 0.022973 -0.002872
1377319335 -0.051026 -0.166530 0.291552 2.432352 0.022973 -0.002872
1397277832 0.187514 0.059574 0.171550 2.431064 -0.026914 -0.046646
1417236328 0.230045 -0.073972 0.071137 2.452151 -0.014078 -0.052941
1437194824 0.241389 -0.035494 0.280725 2.445090 -0.018059 -0.053732
1457153320 0.153364 -0.069481 0.226925 2.429990 -0.015294 -0.044945
1477111816 -0.176222 -0.269735 0.078078 2.412768 0.004370 -0.011656
1497070312 -0.217625 -0.305990 0.144465 2.407902 0.007718 -0.007235
