0 0.207194 0.553334 -0.848824 0.603307 -0.045541 -0.034857
19958496 0.777872 0.927305 -0.495554 0.447869 -0.075932 -0.092661
39916992 0.162600 1.089397 0.090039 0.577153 -0.080910 -0.022822
59875488 -0.120902 1.367639 -0.578627 0.589334 -0.105954 0.013033
79833984 -0.105947 1.984869 -1.087159 0.521588 -0.165905 0.024871
99822998 0.311856 3.142401 -1.205771 0.498673 -0.165905 0.024871
119781494 0.616170 4.056256 -0.471276 0.306667 -0.331841 -0.030058
139739990 0.380186 5.182889 0.033218 0.316091 -0.404471 0.004926
159698486 -0.795051 6.221773 0.225197 0.429858 -0.468724 0.133344
179656982 -1.611411 7.445462 1.028225 0.474465 -0.513407 0.208333
199615478 -2.251361 8.795171 1.784944 0.497169 -0.561737 0.257674
219573974 -1.618649 10.310983 3.011202 0.415021 -0.608451 0.193386
239532471 0.575158 11.771874 3.148872 0.234385 -0.689591 0.025434
259490967 1.073282 12.823696 3.233584 0.197336 -0.740231 -0.016678
279449463 -0.472706 13.006123 3.064823 0.314784 -0.758310 0.096702
299407959 -2.624995 11.613375 5.228372 0.465050 -0.619849 0.216605
319366455 -4.346206 8.822351 5.833414 0.615052 -0.468963 0.311702
339355469 -5.544628 6.330059 2.903767 0.778249 -0.388422 0.468911
359313965 -3.964930 3.785977 2.152094 0.733634 -0.388422 0.468911
379272461 0.618665 -0.419583 2.212870 0.605690 0.119008 0.094838
399230957 4.711416 -3.264795 5.462949 -0.362187 0.274055 -0.181136
419189453 7.305060 -6.705889 2.654961 -1.794155 0.497166 -0.432310
439147949 7.754328 -11.058459 -2.472426 -2.182723 0.837934 -0.756396
459106445 6.857059 -14.166111 -5.427341 -2.209723 1.041729 -1.002286
479064941 6.450338 -15.878669 -3.329647 -2.496066 1.024231 -0.832748
499023437 5.455244 -15.834719 1.192530 -2.937953 0.899837 -0.528886
518981933 2.063746 -13.492180 2.949786 2.798194 0.812929 -0.242770
538940429 -2.056346 -11.183875 1.760246 2.770926 0.812929 -0.242770
558898926 -4.578547 -9.519155 0.645238 1.946455 0.740597 0.313620
578857422 -4.811925 -8.004454 0.268744 1.872491 0.672464 0.339616
598846435 -2.753509 -6.660642 0.530565 1.870443 0.672464 0.339616
618804931 -0.748124 -4.547300 -0.203191 1.986658 0.597878 0.145332
638763428 0.712424 -3.343266 -1.181630 2.104790 0.387408 -0.212380
658721924 1.137165 -2.394440 -1.738820 1.895795 0.290568 -0.273910
678680420 -0.139939 -2.348028 -3.232187 1.973255 0.290568 -0.273910
698638916 -0.973091 -2.769845 -3.260036 1.937707 0.386193 -0.026425
718597412 -0.728249 -2.350491 -2.589262 1.780268 0.290660 -0.063333
738555908 0.165524 -1.342641 -2.300266 1.366079 0.142583 -0.182511
758514404 0.692890 -0.476482 -2.220195 0.806346 0.025933 -0.249622
778472900 0.622242 -0.321095 -1.231674 0.866881 0.003304 -0.218669
798431396 0.441450 -0.485743 -0.307959 0.974212 0.017016 -0.184733
818389892 0.839455 -0.464196 -0.026251 0.887419 0.011583 -0.217936
838348388 0.530355 -0.612560 -0.751229 0.986452 0.028809 -0.193491
858337402 -0.691863 -1.176834 -0.802164 1.284819 0.092996 -0.053089
878295898 -0.564264 -0.969731 -0.434047 1.221076 0.065761 -0.061264
898254394 -0.049516 -0.437294 -1.066499 1.018608 0.008237 -0.123333
918212890 0.534932 -0.180544 -0.697458 0.995098 0.008237 -0.123333
938171387 1.159525 0.120010 -0.026190 0.661401 -0.050932 -0.233431
958129883 1.245344 0.332715 -0.209188 0.565738 -0.075621 -0.244386
978088379 0.981366 0.161255 -0.762952 0.602160 -0.063483 -0.229181
998046875 0.739942 -0.006883 -0.660659 0.708346 -0.045602 -0.199938
1018005371 0.502075 0.047369 -0.310716 0.777648 -0.050692 -0.167048
1037963867 0.202932 -0.194983 -0.215454 0.883814 -0.025986 -0.132848
1057922363 0.037023 -0.480045 -0.182107 0.969313 0.002496 -0.113580
1077880859 -0.058434 -0.402571 -0.151183 0.967134 -0.008472 -0.103338
1097869873 0.092852 -0.518294 -0.318588 0.977323 -0.000507 -0.122345
1117828369 -0.236321 -0.706323 -0.889533 1.062818 0.017320 -0.095413
1137786865 -0.443659 -0.831199 -0.871375 1.103038 0.029783 -0.074819
1157745361 -0.321424 -0.715865 -0.546617 1.067605 0.016185 -0.086263
1177703857 -0.251694 -0.561056 -0.187184 1.008439 -0.000503 -0.089524
1197662353 -0.003783 -0.381649 -0.209945 0.921694 -0.020086 -0.115260
1217620849 0.271758 -0.309145 -0.413945 0.831227 -0.030153 -0.150356
1237579346 0.446662 -0.298704 -0.138110 0.809485 -0.033177 -0.168733
1257537842 0.066402 -0.713503 -0.139192 0.964613 0.008473 -0.131465
1277496338 -0.237867 -1.052312 -0.014745 1.118696 0.042943 -0.097949
1297454834 -0.339047 -1.255046 0.224759 1.161894 0.062630 -0.082099
1317443847 0.304808 -0.985795 0.745467 0.991825 0.033224 -0.132883
1337402344 0.629801 -0.751395 0.458227 0.873479 0.008851 -0.160017
1357360840 0.070390 -0.770270 -0.832696 0.947013 0.009132 -0.116294
1377319336 0.044890 -1.071118 -0.860047 1.022816 0.040969 -0.114053
1397277832 0.344845 -0.705033 -0.057004 0.844467 -0.003453 -0.136039
1417236328 0.575922 -0.734312 -0.383316 0.810920 -0.003560 -0.164982
1437194824 0.460718 -0.970969 -0.523318 0.872879 0.020173 -0.154773
1457153320 0.320986 -1.056812 -0.132948 0.934198 0.025878 -0.133802
1477111816 0.042592 -0.939484 -0.689898 0.921960 0.011670 -0.113762
1497070312 -0.406060 -1.114160 -0.247511 1.045577 0.027432 -0.064066
