0 -0.651616 0.235684 0.427819 0.708779 0.047942 0.095637
19958496 -0.475209 0.353084 0.406685 0.724713 0.033269 0.116041
39916992 0.335385 0.433727 0.056826 0.570030 0.026368 0.037617
59875488 0.492394 0.373008 -0.267096 0.544758 0.034356 0.021736
79833984 0.393266 0.412276 -0.603188 0.571430 0.034055 0.031453
99792480 0.554243 0.656486 -0.721318 0.514530 0.013289 0.011164
119750976 0.590257 0.991204 -0.594389 0.462477 -0.015738 0.003148
139739990 0.198454 1.590015 -0.757185 0.478303 -0.072541 0.040620
159698486 0.055402 2.420185 -0.525620 0.444668 -0.148517 0.047980
179656982 -0.414773 3.315481 -0.166720 0.465105 -0.220346 0.087801
199615478 -0.895894 4.738524 0.702350 0.466503 -0.317887 0.117591
219573974 -1.952715 5.812813 0.940505 0.528051 -0.385537 0.200955
239532471 -2.829618 6.567634 1.039529 0.576128 -0.423739 0.264088
259490967 -2.642959 6.397777 3.000257 0.543447 -0.347518 0.203880
279449463 -0.974284 5.916382 6.345284 0.540855 -0.347518 0.203880
299407959 0.129723 5.394971 5.525555 0.431651 -0.258441 0.058879
319366455 0.061105 5.008925 2.680510 0.348567 -0.306687 -0.002306
339355469 -0.872704 3.989057 1.298715 0.449884 -0.280236 0.082570
359313965 -0.189534 2.855289 2.520598 0.437317 -0.185690 0.024791
379272461 2.654777 3.392512 2.912368 0.076152 -0.237487 -0.192850
399230957 3.502067 3.590262 1.304106 -0.084657 -0.301753 -0.289412
419189453 2.420959 2.539887 1.339143 0.061147 -0.247416 -0.188672
439147949 -0.335379 1.528308 0.700149 0.524033 -0.207437 0.076113
459106445 -0.488861 1.023039 -2.109591 0.528449 -0.207437 0.076113
479064941 0.789691 -0.016880 -2.209999 0.409130 -0.117936 -0.029625
499023437 2.667552 -1.064268 0.594435 0.409130 -0.117936 -0.029625
518981933 0.414419 -3.337637 1.441652 1.428152 0.212719 -0.000425
538940430 -4.215035 -6.163955 1.398191 1.784236 0.403823 0.396669
558929443 -4.176883 -7.425799 2.738564 1.784236 0.403823 0.396669
578887939 -0.479136 -6.362792 4.098562 2.014324 0.352829 0.097620
598846435 1.346848 -6.061277 1.244943 2.615031 0.394969 -0.046094
618804931 1.638256 -5.908700 -2.734717 3.114355 0.549832 -0.143905
638763428 0.828378 -5.660275 -3.807748 2.950452 0.612378 -0.082074
658721924 0.038867 -5.298216 -1.972503 2.894731 0.612378 -0.082074
678680420 0.434727 -4.641583 -0.107011 2.394156 0.344549 -0.063313
698638916 0.561450 -4.237527 -0.259231 2.296817 0.344549 -0.063313
718597412 0.747354 -3.636804 -1.306380 2.255355 0.290687 -0.128323
738555908 0.727032 -3.125337 -1.924235 2.055099 0.260201 -0.137790
758514404 0.678541 -3.086477 -1.662535 2.030267 0.262206 -0.130460
778503418 0.759604 -2.786777 -0.457038 1.573010 0.212004 -0.126317
798461914 0.316028 -2.595863 0.985513 1.297504 0.174793 -0.071497
818420410 0.232827 -2.135853 1.196436 1.072059 0.130686 -0.064020
838378906 -0.070188 -1.599204 0.155627 0.946583 0.085986 -0.039017
858337402 -0.788467 -1.673210 -1.334511 1.155585 0.106200 0.042540
878295898 -0.850502 -1.180668 -1.505293 1.048703 0.052059 0.050971
898254394 -0.343243 -0.372325 -1.102524 0.740060 -0.038692 -0.016591
918212890 -0.628210 -0.273375 -1.082525 0.775786 -0.044695 0.009387
938171387 -1.200392 -0.483380 -0.553850 0.924321 -0.015060 0.068606
958129883 -1.102375 -0.280178 -0.533362 0.893119 -0.033698 0.057598
978088379 -0.430550 -0.303387 -0.908971 0.766768 -0.028157 -0.016249
998046875 0.423758 -0.466691 -0.749668 0.581107 -0.005819 -0.109196
1018035889 0.547049 -0.687023 -0.440252 0.596756 0.019932 -0.112690
1037994385 -0.259710 -0.485013 0.068707 0.767622 -0.000488 -0.019501
1057952881 -0.299710 -0.069256 0.287072 0.704396 -0.041937 -0.013829
1077911377 -0.229699 -0.347034 0.133183 0.733144 -0.014523 -0.020820
1097869873 -0.482811 -0.310369 0.208775 0.777130 -0.018258 0.005286
1117828369 -0.244606 -0.249143 0.054626 0.719142 -0.024394 -0.017567
1137786865 0.169666 -0.523831 0.334505 0.654505 0.003790 -0.055919
1157745361 0.424974 -0.670787 0.586401 0.626858 0.015223 -0.078045
1177703857 0.339903 -0.439902 -0.158291 0.583059 -0.010444 -0.075170
1197680438 -0.034504 -0.247143 -0.376177 0.668625 -0.031615 -0.037756
1217638934 -0.371060 -0.263070 0.144988 0.722433 -0.027555 -0.002418
1237627948 -0.200925 -0.167689 0.335231 0.680028 -0.036505 -0.019921
1257586444 -0.051988 -0.264945 0.186268 0.662030 -0.027900 -0.035132
1277544940 0.002148 -0.281190 0.090791 0.657398 -0.028166 -0.040327
1297503436 -0.295848 -0.336549 -0.156972 0.749218 -0.023934 -0.009974
1317461932 -0.341958 -0.519495 -0.127943 0.775696 -0.003979 -0.004972
1337420429 -0.389681 -0.778006 0.067635 0.832734 0.024362 -0.000975
1357378925 -0.252796 -1.035475 0.162405 0.859358 0.053030 -0.017372
1377337421 0.574532 -1.188599 0.463189 0.684424 0.067462 -0.101755
1397295917 1.347516 -1.241914 0.301684 0.407113 0.071489 -0.182616
1417254413 1.174126 -1.225740 -0.016001 0.500009 0.069136 -0.173746
1437212909 0.363394 -0.966554 -0.117524 0.700494 0.040057 -0.094646
1457201923 -0.559335 -1.002637 -0.133701 0.936287 0.040815 0.000997
1477160419 -0.303519 -1.078969 -0.013922 0.907972 0.045703 -0.021640
1497118915 0.308295 -1.187003 0.314419 0.813131 0.051191 -0.075025
