0 0.234691 0.267634 -0.332424 0.467766 0.102529 0.075319
19958497 0.060045 0.437637 -0.213969 0.477047 0.102529 0.075319
39916993 -0.554629 0.558786 -0.673990 0.603053 0.083562 0.160299
59875489 -0.340826 0.572212 -0.646489 0.545271 0.090547 0.135551
79833985 0.288804 0.820582 -0.146911 0.401994 0.068992 0.060059
99792481 0.394427 0.880583 0.187434 0.353783 0.068221 0.043938
119750977 1.075341 1.015448 -0.003884 0.208646 0.063228 -0.030415
139709473 1.499068 1.163723 -0.253392 0.133007 0.058200 -0.081868
159667969 1.457719 1.454270 0.302656 0.117607 0.033794 -0.079772
179656983 0.925642 1.879259 0.161746 0.196724 -0.002950 -0.034910
199615479 0.941565 2.199344 -0.187985 0.199907 -0.032133 -0.043894
219573975 0.535905 2.650051 0.095839 0.254759 -0.075747 -0.000993
239532471 -0.461661 2.641315 0.070991 0.265561 -0.075747 -0.000993
259490967 -0.486996 2.491418 -0.070184 0.410609 -0.074572 0.105084
279449463 0.335525 2.811292 0.809475 0.288877 -0.083494 0.026820
299407959 0.588377 3.611482 1.591289 0.238297 -0.150129 0.001719
319366456 -0.784001 4.410148 1.185255 0.364579 -0.229265 0.124519
339324952 -2.041858 4.900842 0.361107 0.481925 -0.288673 0.252000
359283448 -2.166351 5.451097 1.123915 0.471905 -0.316055 0.244769
379272461 -0.254010 6.111781 3.015637 0.289280 -0.329473 0.061071
399230958 2.052785 6.720594 4.494235 0.100915 -0.343922 -0.107011
419189454 1.912032 6.423653 2.953876 0.089673 -0.377014 -0.107579
439147950 -0.392940 5.328421 0.051972 0.088083 -0.377014 -0.107579
459106446 -0.479059 4.739017 1.867873 0.334807 -0.302329 0.092299
479064942 2.312307 4.367665 5.611157 0.088438 -0.220804 -0.108264
499023438 4.428389 3.777947 3.410723 -0.174375 -0.224910 -0.285130
518981934 1.749800 2.888005 -1.072068 0.020834 -0.259778 -0.164971
538940430 -0.910499 3.228180 1.335660 0.428535 -0.236573 0.084739
558898926 -0.358996 3.493819 4.314512 0.387576 -0.211113 0.015888
578887940 -0.451627 1.453107 3.788898 0.481292 -0.081862 0.006661
598846436 1.654373 -0.976553 1.518890 0.291281 0.103513 -0.200871
618804932 0.791871 -2.236680 0.552631 0.826665 0.222868 -0.167463
638763428 -2.846902 -3.071890 -0.183925 1.432457 0.315051 0.164181
658721924 -4.359485 -4.667584 -1.033827 1.643539 0.482164 0.312170
678680420 -4.348846 -7.739588 -0.689478 1.926279 0.705847 0.275842
698638917 -0.606479 -9.831731 1.129327 2.462705 0.749780 -0.113568
718597413 1.585704 -10.296044 1.165858 2.832446 0.747023 -0.283273
738555909 -1.388189 -10.192779 -1.476974 2.939752 0.747023 -0.283273
758514405 -1.546491 -10.017691 -3.519718 2.569247 1.020325 0.054950
778503418 1.805370 -9.520707 -2.250825 2.591717 1.020325 0.054950
798461915 3.111330 -8.000111 0.469279 -3.031423 0.884177 -0.381384
818420411 0.541698 -6.665766 0.073432 -2.886073 0.649670 -0.394758
838378907 -0.401335 -5.113879 -1.200148 2.665763 0.616532 -0.162079
858337403 0.637923 -4.131525 -0.711607 2.322208 0.458629 -0.167966
878295899 0.815400 -3.563055 -0.331307 1.956023 0.388688 -0.172021
898254395 0.433889 -2.799930 -0.883529 1.488286 0.329078 -0.137992
918212891 -0.479669 -1.914890 -2.574508 1.342180 0.283995 -0.049661
938171387 -1.292250 -0.984367 -2.776977 1.072716 0.160999 0.058034
958129883 -1.626719 -0.363759 -2.571224 0.962470 0.069389 0.101446
978088379 -1.632664 -0.622463 -1.732123 1.018890 0.093972 0.103325
998046875 -1.035117 -0.510384 -1.003683 0.882290 0.071907 0.040938
1018035889 -0.827703 -0.250139 -1.437966 0.790465 0.044206 0.029301
1037994385 -1.012156 -0.508124 -1.275087 0.882703 0.078119 0.055218
1057952881 -1.175335 -0.472073 -0.152861 0.846855 0.070480 0.066171
1077911377 -0.576424 -0.869931 0.538027 0.827616 0.106471 0.006041
1097869874 0.140942 -1.423087 0.341054 0.781179 0.161657 -0.057701
1117828370 0.630428 -1.425231 0.267265 0.668317 0.159949 -0.095042
1137786866 1.056269 -1.271454 0.000356 0.419349 0.144562 -0.131396
1157745362 0.209590 -1.031699 -0.395523 0.678586 0.124719 -0.047414
1177703858 -1.195017 -0.746039 -0.352572 0.912794 0.094340 0.091713
1197662354 -1.619795 -0.491951 -0.255864 0.931173 0.067317 0.124170
1217651368 -0.954460 -0.580825 -0.020255 0.837530 0.073932 0.051526
1237609864 -0.501658 -0.909020 -0.056201 0.840854 0.073932 0.051526
1257568360 -0.108524 -1.158983 0.021934 0.835493 0.126370 -0.021502
1277526856 0.006526 -1.191464 0.105937 0.824362 0.126370 -0.021502
1297485352 0.099755 -1.130714 0.224306 0.742845 0.116669 -0.036844
1317443848 -0.055211 -1.617279 0.170632 0.942548 0.164020 -0.021171
1337402344 -0.164241 -1.892596 0.368872 1.062917 0.185573 -0.006133
1357360840 0.124648 -1.787828 0.922880 0.953575 0.162997 -0.024582
1377319336 0.159453 -1.842844 1.594668 0.923359 0.150167 -0.015551
1397277833 -0.133969 -1.636794 1.867216 0.948846 0.115180 0.020104
1417236329 -0.607318 -1.706287 0.776342 1.061466 0.114655 0.075491
1437225342 -0.641767 -1.805797 -0.426217 1.175168 0.121680 0.093890
1457183838 0.225520 -1.951683 -0.726363 1.124519 0.126439 0.003708
1477142334 0.623670 -2.260450 -1.134643 1.272730 0.154286 -0.039446
1497100831 0.405480 -2.509988 -1.219132 1.514974 0.175333 -0.012373
