0 0.306458 0.241737 -0.241837 0.517556 0.145451 0.097129
19989014 0.221984 0.147486 -0.218278 0.520439 0.145451 0.097129
39947510 0.826502 0.510809 0.045067 0.529309 0.153916 0.105489
59906006 0.523758 0.407540 -0.720149 0.344794 0.112859 0.040277
79864502 -0.052076 0.596046 -0.976331 0.563244 0.123022 0.143459
99822998 -0.206332 0.807030 -0.167445 0.531208 0.096624 0.145395
119781494 0.371591 0.842370 0.580049 0.409774 0.091668 0.076916
139739990 0.833415 0.866078 0.980835 0.415881 0.091668 0.076916
159698486 1.177093 0.868566 0.683461 0.257547 0.092342 -0.009822
179656982 1.384261 0.912245 -0.060229 0.274720 0.092342 -0.009822
199615478 1.005205 1.273219 -0.457515 0.269428 0.067299 -0.008952
219573974 0.474742 1.876033 -0.147718 0.347499 0.008659 0.037189
239562988 -0.190188 2.428185 -0.098799 0.418146 -0.039408 0.096701
259521484 -0.437300 3.410796 0.644629 0.392911 -0.120451 0.104336
279479980 -0.917143 3.842490 2.077069 0.409240 -0.133490 0.121860
299438476 -0.650040 4.031952 3.062490 0.383759 -0.134792 0.080240
319396972 -0.227959 4.337406 3.384045 0.339296 -0.156984 0.034852
339355469 0.133824 4.781490 2.779996 0.359643 -0.156984 0.034852
359313965 0.042575 5.031169 2.217151 0.314788 -0.248408 0.002026
379272461 -0.487912 4.806138 1.029507 0.371905 -0.268289 0.049801
399230957 -0.556261 4.812203 0.567317 0.377763 -0.290823 0.055213
419189453 0.982870 5.382824 2.423897 0.227708 -0.302449 -0.080852
439178467 1.712900 4.959740 3.204359 0.175992 -0.271948 -0.125447
459136963 0.565116 3.235086 0.926842 0.312035 -0.200757 -0.028180
479095459 -0.076024 1.560924 0.693150 0.478890 -0.063793 0.057523
499053955 1.167745 2.079794 4.241242 0.332740 -0.100591 -0.021825
519012451 2.230541 1.715219 3.115636 0.109621 -0.103884 -0.080685
538970947 2.015862 0.785378 -0.784123 0.062175 -0.064251 -0.070246
558929443 2.403859 0.813255 -1.721736 -0.089194 -0.067873 -0.127435
578887939 2.140462 0.898227 0.941960 0.027355 -0.047673 -0.077660
598846435 0.300000 -0.670999 3.385308 0.503907 0.081805 0.083171
618804931 -1.321948 -1.072114 2.327224 0.806514 0.111325 0.229832
638763428 -1.555488 -1.999288 -2.364477 1.300234 0.278430 0.385847
658721924 0.074415 -2.759394 -3.364015 1.818363 0.450779 0.186160
678710937 1.271545 -2.037646 -0.300545 0.579753 0.259776 -0.008590
698669433 -0.007146 -1.853861 0.640081 0.873574 0.212608 0.117562
718627930 -3.439590 -3.708727 -2.623321 1.559295 0.441120 0.573972
738586426 -5.138657 -6.651778 -4.856775 1.652046 0.725658 0.896909
758544922 -3.954956 -8.167153 -4.277133 1.881868 0.866727 0.732042
778503418 -4.238294 -7.929805 -1.123156 1.866176 0.708537 0.556796
798461914 -3.999984 -6.412127 3.639781 1.600129 0.471030 0.375986
818420410 -0.665765 -7.510837 5.342252 1.949861 0.501665 0.130327
838378906 3.636685 -7.672360 1.968238 -2.624932 0.608713 -0.204908
858337402 4.767325 -6.069789 -0.585787 -2.142194 0.585858 -0.390842
878295898 3.728638 -5.023446 -2.637858 -2.279211 0.614932 -0.397957
898284912 1.635413 -3.980564 -2.429883 -3.046549 0.536506 -0.155372
918243408 0.241439 -2.709133 -1.424400 1.588785 0.360687 0.010257
938201904 -0.448843 -1.901611 -0.767684 1.136168 0.250630 0.081741
958160400 -1.112982 -1.755688 -0.146460 1.130424 0.211006 0.149712
978118896 -1.271317 -1.312891 -0.905180 1.097017 0.167252 0.185187
998077392 -1.083195 -0.882179 -2.617347 1.080718 0.135961 0.204679
1018035889 -1.153829 -0.770792 -3.491048 1.118949 0.134797 0.242655
1037994385 -1.302049 -0.472902 -2.168356 1.000155 0.078971 0.219535
1057952881 -1.012404 -0.208164 -0.551344 0.840823 0.036887 0.153857
1077911377 -0.317487 -0.562200 -0.712909 0.806511 0.070917 0.088517
1097869873 0.029552 -0.549678 -1.324295 0.727648 0.066129 0.064573
1117858887 -0.219695 -0.428926 -2.121912 0.816881 0.051708 0.115614
1137817383 -0.990217 -0.312119 -1.864959 0.916015 0.036244 0.213833
1157775879 -1.367028 0.078658 -1.094060 0.873390 -0.006467 0.236615
1177734375 -1.426471 0.129742 -0.113437 0.840731 -0.007776 0.217509
1197692871 -1.182591 -0.183793 0.278503 0.847111 0.024899 0.187167
1217651367 -0.869634 -0.389492 0.540351 0.818154 0.044170 0.154854
1237609863 -0.201232 -0.444624 0.090331 0.743210 0.052827 0.095710
1257568359 0.384401 -0.640035 0.367355 0.604242 0.072808 0.036477
1277526855 0.537435 -0.862976 1.067617 0.590844 0.089240 0.021707
1297485351 0.318971 -0.790971 1.257629 0.615341 0.078967 0.041316
1317474365 -0.232266 -1.035562 0.845234 0.822286 0.101328 0.093715
1337432861 -0.379225 -1.232946 0.659447 0.905181 0.118727 0.108991
1357391357 0.023639 -1.321249 0.904349 0.850324 0.121245 0.069488
1377349853 0.718467 -1.603332 1.211025 0.690399 0.137434 0.005236
1397308349 1.055590 -1.870270 0.614515 0.705524 0.162241 -0.028589
1417266846 1.018738 -1.804326 -0.033202 0.741707 0.157961 -0.031962
1437225342 0.513146 -1.701003 -0.526235 0.918639 0.148623 0.013470
1457183838 -0.016042 -1.608585 -0.450730 1.044180 0.133080 0.061075
1477142334 0.000105 -1.057576 0.054003 0.865110 0.066107 0.047236
1497100830 0.493850 -1.060309 -0.164689 0.741844 0.061237 -0.008973
