0 0.003123 0.230502 -0.322103 0.669498 0.168867 0.391473
19958496 0.079123 0.151044 0.247068 0.603528 0.170902 0.362309
39916992 0.949282 0.307883 1.233511 0.354059 0.145292 0.251059
59875488 0.968171 0.677877 0.338126 0.371040 0.118677 0.271612
79833984 0.335027 0.968392 -0.706054 0.370735 0.118677 0.271612
99792480 0.117261 1.339347 -0.958474 0.523492 0.096086 0.371256
119750976 0.146235 1.650127 -1.181649 0.528619 0.027765 0.407347
139709472 0.138177 2.046857 -0.399775 0.445305 -0.012545 0.369539
159667968 0.563427 2.453064 -0.224442 0.343221 -0.053192 0.314157
179626464 0.583867 3.121358 -0.776715 0.320588 -0.129119 0.324733
199615478 0.148391 4.165628 -1.149952 0.354176 -0.245572 0.377439
219573974 -0.862952 5.195719 -0.603794 0.414707 -0.318763 0.450272
239532470 -2.375229 6.208121 1.244006 0.419971 -0.318763 0.450272
259490966 -2.313169 6.671362 3.653716 0.455883 -0.334828 0.498129
279449463 -0.729504 6.793334 3.115601 0.377479 -0.321390 0.414100
299407959 -0.248944 6.508132 1.304027 0.275920 -0.415995 0.348060
319366455 -0.425648 5.875919 0.449187 0.271154 -0.415995 0.348060
339324951 -0.613731 5.847200 2.409237 0.278090 -0.346715 0.349446
359283447 -0.391746 5.958375 3.936170 0.232708 -0.332530 0.306659
379241943 0.757772 6.633252 3.762815 0.124078 -0.405093 0.241252
399230957 0.494827 7.031184 -0.683840 0.234874 -0.601294 0.390957
419189453 -0.859350 6.419209 -3.880927 0.535638 -0.662465 0.723906
439147949 -2.365723 4.290707 -0.078351 0.521008 -0.260130 0.571445
459106445 -1.555989 3.152965 9.287278 0.528800 -0.260130 0.571445
479064941 -0.755164 1.043031 8.371609 0.249248 0.017844 0.248402
499023437 -0.864215 -2.776627 1.129446 1.027843 0.343537 0.432797
518981933 -2.829130 -5.579998 -2.943847 1.693852 0.656965 0.823957
538940429 -1.783250 -6.373938 0.649923 1.884920 0.617839 0.500104
558898925 -1.312007 -8.446325 3.687628 2.115018 0.630130 0.350832
578857422 -0.655132 -9.441013 1.330120 2.069990 0.630130 0.350832
598815918 0.856177 -9.565686 -1.093463 2.723887 0.903160 0.307006
618804931 1.801494 -9.859048 -3.236235 2.884783 1.057692 0.273841
638763427 0.370228 -9.443583 -2.671072 2.604937 0.971010 0.443793
658721923 -0.041226 -8.514540 -1.052459 2.606054 0.971010 0.443793
678680420 1.018850 -6.692647 0.479351 2.544826 0.827504 0.403971
698638916 2.202493 -5.963778 -0.013844 3.116921 0.638960 0.147154
718597412 2.150378 -5.683160 -0.983715 3.050355 0.662499 0.181915
738555908 1.494061 -5.068334 -1.920190 2.736428 0.654197 0.289452
758514404 1.981898 -3.975376 -1.635216 2.945307 0.542038 0.205067
778472900 1.871235 -3.324838 -1.541774 2.812994 0.466191 0.199790
798431396 1.326317 -2.568252 -2.244457 1.788312 0.406960 0.281640
818389892 0.104738 -1.945590 -2.066983 1.305459 0.301822 0.428288
838378906 -0.800215 -1.221096 -2.776339 1.319404 0.301822 0.428288
858337402 -0.638353 -0.684619 -2.558053 1.029757 0.140920 0.560747
878295898 0.377886 -0.806679 -1.925263 0.861122 0.152597 0.414151
898254394 -0.183455 -1.052039 -0.981136 0.907089 0.159331 0.437144
918212890 -0.793991 -0.312953 -0.767853 0.825438 0.070416 0.490882
938171386 -1.070508 0.125786 -1.938529 0.886215 0.026821 0.585677
958129882 -1.029024 -0.231519 -0.656299 0.844685 0.061498 0.510523
978088379 -0.402646 -0.443851 -0.453202 0.770530 0.084166 0.444333
998046875 0.254769 -0.247321 -0.874397 0.653797 0.070010 0.396534
1018005371 0.162692 -0.345914 -0.024681 0.651978 0.070010 0.396534
1037963867 -0.386546 -0.364373 0.309883 0.662625 0.070622 0.413135
1057952881 -0.666368 -0.304985 -0.420318 0.787245 0.067162 0.471831
1077911377 -0.098113 -0.328154 -0.345568 0.766394 0.067162 0.471831
1097869873 0.308341 -0.510082 -0.202672 0.586022 0.093685 0.365216
1117828369 -0.006524 -0.402723 0.234925 0.593403 0.079785 0.379617
1137786865 -0.342903 -0.242495 0.502461 0.593403 0.079785 0.379617
1157745361 -0.409000 -0.324450 0.531478 0.619632 0.068256 0.407603
1177703857 -0.016863 -0.307953 0.618800 0.543221 0.064537 0.368334
1197662353 0.207240 -0.503868 -0.040850 0.572858 0.087355 0.369022
1217620849 -0.131807 -0.508514 -0.374110 0.685669 0.090009 0.412439
1237579345 -0.383838 -0.292285 -0.104478 0.668719 0.065571 0.421435
1257537841 -0.159454 -0.427625 -0.435708 0.668543 0.065571 0.421435
1277496338 0.165663 -0.766148 0.179408 0.662497 0.083936 0.411946
1297485351 0.659957 -1.152903 0.400027 0.484699 0.151894 0.301047
1317443847 0.528556 -1.047786 0.006585 0.539587 0.151894 0.301047
1337402343 0.527836 -0.650737 -0.342670 0.587798 0.146354 0.321751
1357360839 0.013288 -0.886318 -0.595142 0.762930 0.135685 0.381374
1377319336 -0.368777 -0.837408 -0.235050 0.773050 0.135685 0.381374
1397277832 -0.533288 -1.212593 -0.175836 0.800044 0.123249 0.401587
1417236328 -0.178976 -1.335573 0.359702 0.910567 0.158563 0.413919
1437194824 0.431965 -1.618378 0.476109 0.715404 0.191861 0.289233
1457153320 -0.572047 -2.320077 0.564346 1.123429 0.248317 0.366390
1477111816 -0.931363 -2.491719 0.410883 1.244819 0.264997 0.381353
