0 0.372690 0.397530 -0.254756 0.607604 -0.054283 -0.051340
19958496 0.421510 0.427632 0.308083 0.595592 -0.052183 -0.053681
39916992 0.480719 0.421332 0.334265 0.602333 -0.049664 -0.057310
59875488 0.217256 0.365290 0.155914 0.640561 -0.043870 -0.030878
79833984 0.119084 0.255470 0.254980 0.681086 -0.032470 -0.021974
99792480 -0.047402 0.382417 0.224922 0.698945 -0.032470 -0.021974
119750976 -0.420373 0.467553 -0.085988 0.755985 -0.053333 0.033123
139709472 -0.749907 0.533858 -0.204762 0.797180 -0.057380 0.070490
159698486 -0.422173 1.176978 -0.113289 0.665965 -0.118882 0.040653
179656982 0.573766 2.730460 -0.502118 0.369606 -0.276175 -0.056301
199615478 1.892761 4.732320 -0.077178 0.123903 -0.432282 -0.178591
219573974 3.018176 6.682529 0.399883 -0.009088 -0.546973 -0.266930
239532470 2.008718 8.097858 0.371964 0.092856 -0.647161 -0.162693
259490967 -0.456897 8.726347 0.565795 0.078740 -0.647161 -0.162693
279449463 -1.502379 8.888166 1.572218 0.433003 -0.636566 0.161308
299407959 -1.805618 9.501902 2.808628 0.440707 -0.621628 0.163297
319366455 -0.820648 11.029830 4.900414 0.354421 -0.633854 0.066309
339324951 -1.159137 11.093554 5.031257 0.375157 -0.643954 0.079037
359283447 0.170426 12.721082 3.890367 0.388688 -0.643954 0.079037
379241943 0.895996 13.159288 3.795755 0.210940 -0.795510 -0.072802
399200439 -0.639783 10.698565 0.304275 0.203845 -0.795510 -0.072802
419158935 1.724288 9.171500 -2.573241 -0.007446 -0.956131 -0.268105
439147949 4.977415 3.785558 -3.825523 -0.566793 -0.582189 -0.726593
459106445 2.362363 -4.097581 0.272391 -1.934727 0.247695 -0.271858
479064941 3.221057 -8.531229 1.978883 -2.996645 0.509417 -0.324940
499023437 6.124385 -10.607025 -2.223639 -3.090710 0.509417 -0.324940
518981933 5.191350 -13.076281 -2.640262 -2.543802 0.880515 -0.745560
538940429 2.766149 -14.824630 2.271659 -2.587130 0.880515 -0.745560
558898926 0.723464 -14.557283 4.031018 2.717411 0.765263 -0.169234
578857422 -3.594261 -15.255343 4.347053 2.258092 0.785817 0.158908
598815918 -9.314627 -14.888677 3.627279 1.843726 0.727132 0.561732
618774414 -9.052692 -11.901483 1.534072 1.764196 0.666179 0.650531
638732910 -4.048744 -7.368292 -1.809514 1.921880 0.643145 0.462217
658691406 -0.342080 -4.356740 -3.211625 2.216787 0.509682 0.073726
678649902 0.387938 -2.667783 -2.880615 1.817543 0.280068 -0.020743
698608398 0.238547 -2.273738 -3.023516 1.607848 0.229575 0.011331
718597412 0.248011 -2.331760 -2.915009 1.624966 0.234564 0.016072
738555908 1.125401 -1.256760 -2.308794 0.777543 0.075343 -0.102533
758514404 1.303294 -0.219296 -1.806710 0.777973 0.075343 -0.102533
778472900 0.049900 -1.040062 -1.374432 0.987274 0.038894 0.022893
798431396 -0.378502 -1.828970 -0.438170 1.263256 0.116694 0.055042
818389892 0.331971 -0.970528 0.222302 0.903705 0.022104 -0.025475
838348388 0.878001 -0.243969 0.192721 0.613605 -0.050894 -0.081784
858306884 1.170113 0.021642 0.435546 0.496142 -0.076551 -0.111071
878265381 1.111917 -0.011916 0.540805 0.494745 -0.075790 -0.108561
898223877 0.176027 -0.749712 -0.026876 0.531832 -0.075790 -0.108561
918182373 -0.553627 -1.417573 0.280766 1.152745 0.057706 0.048719
938140869 -0.350346 -1.074519 -0.136867 1.146820 0.057706 0.048719
958099365 0.082438 -0.463696 -0.228703 0.810656 -0.044313 -0.024693
978088379 0.576543 -0.109899 -0.200920 0.617339 -0.082474 -0.084265
998046875 0.953388 0.083185 0.235906 0.503545 -0.098431 -0.124354
1018005371 0.639949 0.083150 0.263991 0.615918 -0.098460 -0.095586
1037963867 -0.013847 -0.335620 0.181232 0.815730 -0.056944 -0.030923
1057922363 -0.023844 -0.167899 0.314404 0.793825 -0.073273 -0.030034
1077880859 0.361997 0.332778 -0.158469 0.602331 -0.128572 -0.072944
1097839355 0.332183 0.326345 0.018037 0.611578 -0.128572 -0.072944
1117797851 0.113925 0.160100 0.321375 0.707520 -0.103856 -0.044753
1137756347 -0.346985 -0.211276 0.108468 0.708063 -0.103856 -0.044753
1157714843 -0.249819 -0.234782 0.055427 0.841532 -0.067537 0.003407
1177673340 0.107204 -0.020890 0.028543 0.736547 -0.088981 -0.044132
1197631836 0.186532 0.050650 -0.255283 0.674332 -0.100610 -0.056562
1217590332 0.457151 -0.037265 -0.241518 0.627419 -0.092795 -0.089157
1237548828 0.833211 0.045457 -0.112084 0.530966 -0.102436 -0.131342
1257537842 0.968879 -0.096913 -0.496319 0.539029 -0.102436 -0.131342
1277496338 0.756435 -0.189314 -0.840597 0.532387 -0.094905 -0.149763
1297454834 0.970120 -0.131347 -1.217030 0.397068 -0.111148 -0.197287
1317413330 1.295432 0.097182 -0.490078 0.320014 -0.131930 -0.234496
1337371826 1.626893 0.157654 0.142203 0.343089 -0.131930 -0.234496
1357330322 2.126347 0.311687 0.359485 0.141482 -0.151454 -0.325064
1377288818 2.423406 0.424641 0.893671 0.108864 -0.161120 -0.348403
1397247314 1.931270 0.359912 0.584853 0.188863 -0.172765 -0.331797
1417205810 2.893539 1.144201 0.066439 -0.103679 -0.255506 -0.450936
1437164306 3.226329 0.919540 -0.072494 -0.074141 -0.255506 -0.450936
1457122802 2.545550 0.686149 1.387565 0.099481 -0.212582 -0.408696
1477081299 2.541040 0.594940 1.052304 0.180153 -0.212582 -0.408696
1497039795 2.862268 0.928122 -0.286361 0.173507 -0.224947 -0.440822
