0 0.049332 0.414296 0.139375 0.831948 0.099945 -0.185057
19958496 -0.113056 0.582059 -0.336848 0.823562 0.094572 -0.189383
39916992 0.138046 0.787132 -0.753935 0.723955 0.064968 -0.224801
59875488 -0.130495 1.135286 -1.313396 0.711814 0.034349 -0.214693
79833984 -0.326201 1.785878 -1.137379 0.666127 -0.032203 -0.197396
99792480 -0.238631 1.792493 -0.477263 0.659977 -0.018911 -0.203681
119781494 0.032829 1.864369 -0.014120 0.631221 -0.014954 -0.232404
139739990 0.311124 3.080950 -0.196595 0.473717 -0.131122 -0.276356
159698486 -0.155678 4.383180 -0.366035 0.441537 -0.255758 -0.247261
179656982 -0.748715 5.470616 0.760026 0.513215 -0.316687 -0.178579
199615478 -1.487874 6.264451 2.836395 0.505634 -0.316687 -0.178579
219573974 -1.450100 6.546364 4.696473 0.585285 -0.319796 -0.095102
239532471 -0.961154 6.346578 4.668962 0.567348 -0.292330 -0.114523
259490967 -0.609386 6.017151 3.859661 0.524214 -0.297491 -0.142765
279449463 0.778190 5.660853 3.520683 0.415813 -0.291150 -0.245066
299407959 0.922670 4.933743 2.396295 0.387722 -0.281866 -0.272242
319366455 -1.832299 4.589552 0.847692 0.374022 -0.281866 -0.272242
339355469 -0.965286 4.408913 0.100759 0.491093 -0.335136 -0.146171
359313965 3.333065 4.813682 1.084111 0.050648 -0.312332 -0.492211
379272461 6.817455 5.964225 3.034939 -0.154810 -0.326871 -0.619495
399230957 3.975520 4.005486 3.767878 0.109225 -0.241741 -0.418125
419189453 -2.923271 1.802191 2.216483 0.868580 -0.139174 0.082375
439147949 -4.276131 0.137489 0.897437 1.091665 -0.006662 0.208022
459106445 -2.535961 -2.150548 1.208822 1.297697 0.209300 0.026112
479064941 -0.579821 -3.773696 3.304448 1.460450 0.295224 -0.139453
499023437 -0.501905 -5.568035 3.747729 1.468296 0.295224 -0.139453
518981933 -0.941820 -6.691415 2.511595 1.971187 0.494375 -0.098269
538970947 -0.679977 -6.867214 1.280109 2.159893 0.536341 -0.113952
558929443 -0.032755 -7.491088 0.082052 2.502375 0.616035 -0.183286
578887939 1.156587 -7.073077 -0.437711 2.834363 0.589557 -0.320046
598846435 -1.050028 -7.046618 -0.892779 2.420464 0.628586 -0.117363
618804932 -2.200920 -6.661592 -1.354608 2.246584 0.627599 -0.009867
638763428 -2.126467 -6.605597 -1.464792 2.276762 0.631094 -0.043244
658721924 -1.062852 -6.313698 -2.158171 2.562024 0.645221 -0.215064
678680420 -0.010757 -5.848814 -2.454187 2.875555 0.609044 -0.386657
698638916 1.306494 -5.548094 -2.363015 -2.959106 0.549511 -0.554897
718597412 1.993169 -5.021580 -1.819347 -2.717751 0.466679 -0.605378
738555908 1.200814 -4.269231 -1.372660 -3.118000 0.402404 -0.513972
758514404 0.158678 -3.278963 -1.062426 1.942659 0.311841 -0.393921
778503418 -0.203528 -2.172669 -1.106903 1.211141 0.196127 -0.352908
798461914 -0.707429 -1.988157 -1.309553 1.211141 0.196127 -0.352908
818420410 -0.678788 -1.849825 -1.425333 1.179235 0.162085 -0.293408
838378906 -0.999357 -1.241642 -1.231481 1.188546 0.162085 -0.293408
858337402 -1.169663 -0.817516 -0.776434 0.960472 0.035029 -0.188375
878295898 -1.262459 -0.588139 -0.273692 0.956083 0.035029 -0.188375
898254394 -1.153666 -0.520925 -0.423616 0.886061 0.002631 -0.172416
918212890 -0.699537 -0.504412 -0.866845 0.785544 0.002736 -0.231311
938171387 -0.322124 -0.511853 -0.481812 0.723804 0.004676 -0.259599
958129883 -0.301540 -0.676812 -0.342712 0.754627 0.023033 -0.253545
978088379 -0.098123 -0.709761 -0.337091 0.735238 0.027977 -0.270403
998077392 -0.139096 -0.535259 -0.217965 0.731624 0.027977 -0.270403
1018035889 -0.007004 -0.315604 -0.161633 0.632632 -0.005982 -0.276177
1037994385 -0.046348 -0.495274 0.058590 0.691912 0.016597 -0.266766
1057952881 0.162882 -0.210132 0.229906 0.628631 -0.009545 -0.280987
1077911377 -0.108418 -0.035259 0.335690 0.634981 -0.025208 -0.249479
1097869873 -0.106197 -0.078994 0.381062 0.629667 -0.018938 -0.244864
1117828369 0.007018 -0.059741 0.818225 0.646622 -0.019025 -0.242012
1137786865 0.011493 -0.129586 0.905637 0.640197 -0.012127 -0.238986
1157745361 -0.025674 -0.176101 0.807270 0.663840 -0.012127 -0.238986
1177703857 0.100186 -0.149440 0.371445 0.607882 -0.011770 -0.266334
1197704457 -0.108730 -0.285386 0.017251 0.660790 0.001469 -0.257099
1217662953 -0.061615 -0.169677 0.226056 0.645424 -0.011026 -0.255908
1237621449 -0.033622 -0.166779 0.022827 0.617301 -0.012705 -0.262994
1257579945 -0.010896 -0.347657 -0.211530 0.649723 0.005500 -0.271295
1277538441 -0.109407 -0.432248 -0.073985 0.675088 0.014339 -0.256972
1297496937 -0.176181 -0.462523 0.103693 0.729097 0.017516 -0.244270
1317455434 0.201247 -0.480212 0.279225 0.671821 0.018473 -0.274395
1337413930 0.481641 -0.586805 0.328197 0.586295 0.027126 -0.298670
1357372426 0.450879 -0.744008 -0.097902 0.612334 0.042883 -0.310186
1377330922 0.015621 -0.819710 -0.213246 0.729550 0.050918 -0.273702
1397289418 -0.224399 -0.696943 -0.116735 0.753810 0.050918 -0.273702
1417278432 -0.328526 -0.910743 -0.037007 0.852914 0.057405 -0.235005
1437236928 0.081317 -1.339748 0.105370 0.855116 0.057405 -0.235005
1457195424 1.196043 -1.386498 0.290502 0.556408 0.092980 -0.360544
1477153920 1.496074 -1.315028 0.106829 0.382290 0.081172 -0.391236
1497112416 0.655082 -1.267794 -0.206706 0.392462 0.081172 -0.391236
