0 0.283288 0.451751 0.222476 0.658611 -0.023899 -0.051654
19958496 0.176484 0.281366 -0.645159 0.715567 -0.008380 -0.048206
39916993 0.272699 0.319466 -0.836884 0.717972 -0.008380 -0.048206
59875489 0.263994 0.209365 -0.955832 0.722965 0.008139 -0.056462
79833985 0.047925 0.078119 -0.520795 0.799410 0.028997 -0.027454
99792481 -0.418506 -0.050993 -0.096931 0.887170 0.047522 0.024277
119750977 -0.567854 -0.055687 0.025038 0.907005 0.053259 0.040603
139709473 -0.410132 0.037544 0.180055 0.870307 0.049100 0.026500
159667969 -0.488699 0.045307 0.348896 0.880501 0.053466 0.037423
179626465 -0.390506 0.140855 0.601908 0.852322 0.046641 0.028655
199584961 -0.264722 0.359760 0.504979 0.833209 0.046641 0.028655
219543457 -0.000334 0.701965 0.203949 0.695861 -0.003847 -0.010096
239532471 0.354309 1.184930 0.038635 0.694189 -0.003847 -0.010096
259490967 0.399036 1.743176 -0.148695 0.511477 -0.104252 -0.045355
279449463 0.236284 2.777961 -0.600123 0.455679 -0.213989 -0.026186
299407959 0.033470 4.834387 -1.025605 0.383669 -0.426668 0.001101
319366455 0.146701 6.963724 -0.837741 0.371811 -0.426668 0.001101
339324952 0.524922 9.507289 0.585402 0.315429 -0.589123 0.000541
359283448 0.154623 11.921743 2.885241 0.260041 -0.678416 -0.022872
379241944 -0.592877 13.013762 4.418488 0.329800 -0.687903 0.064514
399200440 -1.423552 14.235437 6.220274 0.368865 -0.678735 0.102497
419158936 -1.916653 16.338285 6.621179 0.401576 -0.744594 0.128564
439117432 1.596813 17.131748 6.312465 0.188578 -0.788631 -0.077431
459075928 -0.371199 15.172911 3.275414 0.326091 -0.837508 0.073023
479034424 -1.944055 12.382775 -0.455219 0.493929 -0.887301 0.291174
499023438 -3.938288 8.211138 -0.854304 0.687729 -0.667490 0.498146
518981934 -2.936039 2.349231 1.569780 0.701559 -0.215198 0.301329
538940430 3.445377 -3.948455 -2.365779 -1.858304 0.377114 -0.414938
558898926 5.995902 -12.330861 -8.230825 -1.904611 1.080658 -1.320196
578857422 6.401529 -16.462635 -2.875777 -2.502332 1.039440 -0.750904
598815918 6.742329 -17.716805 0.995378 -2.682014 0.938135 -0.578295
618774414 6.556869 -19.912779 3.684570 -2.822691 0.914019 -0.497225
638732910 5.778769 -16.724131 3.423103 -2.942588 0.849312 -0.471166
658691407 1.610466 -13.639320 2.972121 2.729038 0.826707 -0.172855
678649903 -5.906333 -13.435555 3.320794 1.932960 0.780142 0.413213
698608399 -9.027937 -11.336812 3.200373 1.678518 0.652851 0.612006
718566895 -6.387844 -9.115150 0.499933 1.745952 0.677931 0.563281
738555909 -1.694338 -6.316471 -0.021663 2.042249 0.603220 0.178912
758514405 1.564864 -4.160373 -0.450922 2.339248 0.444985 -0.159131
778472901 2.011182 -3.628923 -1.491930 2.622056 0.423711 -0.224044
798431397 0.532864 -3.408173 -1.738254 2.130749 0.407210 -0.041202
818389893 -1.455298 -3.361021 -2.981130 1.833913 0.438423 0.247764
838348389 -1.147873 -2.337690 -3.254351 1.664288 0.311942 0.219826
858306885 -0.130083 -1.335198 -3.412574 1.348449 0.166339 0.068703
878265381 0.785068 -0.359795 -2.289986 0.723128 0.003178 -0.074432
898223877 1.604301 -0.222939 -0.256639 0.465092 -0.019347 -0.149896
918182373 1.349133 0.072495 -0.424141 0.521102 -0.056726 -0.124543
938140869 -0.043229 -0.524852 -1.335720 0.960616 0.004532 0.024924
958099366 0.402663 -0.800855 0.167913 0.938915 0.028841 -0.028371
978057862 1.334080 -0.057563 0.630195 0.572799 -0.044711 -0.114842
998016358 0.380312 -0.230995 -0.182014 0.811339 -0.030890 -0.020934
1017974854 -0.274059 -0.621120 -0.427692 1.032040 0.008178 0.049090
1037963868 0.099418 -0.561018 -0.577179 0.940784 -0.000000 0.007804
1057922364 0.307182 -0.508491 -0.578479 0.878821 -0.007286 -0.017698
1077880860 0.277314 -0.449484 -0.660491 0.865807 -0.016285 -0.020492
1097839356 0.508727 -0.478156 -0.685391 0.823600 -0.014213 -0.052140
1117797852 0.758900 -0.583967 -0.014182 0.799566 -0.003426 -0.078874
1137756348 0.302913 -0.912088 0.111567 0.994240 0.027604 -0.035854
1157714844 -0.795411 -1.298226 -0.281399 1.215043 0.065891 0.072599
1177673340 -0.972328 -1.793500 -0.134827 1.341834 0.109222 0.079474
1197631836 -0.372460 -1.771615 -0.619286 1.339292 0.108693 0.010492
1217590332 -0.315581 -1.566784 -0.397895 1.243844 0.081826 -0.000000
1237548828 -0.173999 -1.875476 -0.265308 1.311451 0.108799 -0.022253
1257507325 -0.014145 -2.303086 0.013319 1.479458 0.143451 -0.048657
1277465821 0.496491 -2.679619 0.564389 1.555629 0.164858 -0.104926
1297454834 0.322232 -2.941683 0.793669 1.636210 0.178871 -0.091893
1317413330 0.247186 -3.059671 0.711111 1.683525 0.185332 -0.083065
1337371827 -0.121277 -3.678383 0.299698 1.878292 0.248375 -0.041643
1357330323 0.219750 -3.617061 0.448014 1.925801 0.233505 -0.070233
1377288819 0.564564 -3.823598 0.605368 2.008381 0.239321 -0.104829
1397247315 -0.728384 -3.613133 -0.109166 1.842462 0.228000 0.019547
1417205811 -0.874514 -3.136355 0.012178 1.695315 0.169799 0.032711
1437164307 0.403913 -3.229546 0.654317 1.743434 0.160779 -0.091877
1457122803 2.146954 -2.580757 0.874496 1.784701 0.160779 -0.091877
1477081299 2.273053 -1.843622 -0.218055 -0.008337 0.015695 -0.271630
1497039795 -0.655235 -2.639263 -2.271299 1.636085 0.125133 0.054775
1516998291 -3.161396 -3.618167 -2.295013 1.727761 0.241391 0.378244
