0 -0.365432 -0.242998 -0.290300 0.740001 -0.004554 -0.089698
19958496 -0.420391 -0.228387 -0.037158 0.751398 -0.002959 -0.081462
39916992 -0.094277 0.127006 0.108196 0.645634 -0.035822 -0.111620
59875488 0.040264 0.381290 -0.096107 0.586769 -0.059656 -0.125213
79864502 0.245862 0.443792 -0.245727 0.524879 -0.063894 -0.146986
99822998 -0.014760 0.628057 -0.107609 0.560203 -0.079951 -0.117485
119781494 -0.074558 1.057691 -0.173073 0.564721 -0.079951 -0.117485
139739990 0.141280 1.917847 -0.555657 0.414964 -0.211055 -0.130260
159698486 0.504435 2.991204 -0.818541 0.292943 -0.319239 -0.165497
179656982 1.015529 4.110466 -0.787557 0.176723 -0.415666 -0.212883
199615479 0.510864 4.621387 -0.393455 0.175546 -0.415666 -0.212883
219573975 0.338499 5.031632 0.627993 0.281060 -0.446068 -0.125037
239532471 -0.000426 5.819823 1.488851 0.323542 -0.483541 -0.091045
259490967 0.201505 6.811819 1.157016 0.290530 -0.572544 -0.114226
279449463 1.011103 7.582072 0.928542 0.195507 -0.632824 -0.189789
299407959 0.696752 7.327295 1.330309 0.253960 -0.609120 -0.154404
319396973 0.418002 6.964374 3.569643 0.254156 -0.609120 -0.154404
339355469 -0.701602 6.454971 4.289124 0.357101 -0.519907 -0.112077
359313965 -0.378298 7.612057 3.516020 0.422145 -0.592045 -0.054898
379272461 1.453119 9.778396 3.149696 0.223480 -0.713474 -0.191450
399230957 2.753172 10.387402 3.743306 0.121859 -0.720571 -0.275003
419189453 1.352947 8.388380 4.997824 0.293129 -0.620304 -0.164831
439147949 -0.694113 7.115722 6.324684 0.543522 -0.545388 -0.025235
459106445 0.804859 6.956885 6.525075 0.442038 -0.541325 -0.108832
479064941 6.607965 6.107995 5.203596 -0.166008 -0.501115 -0.454436
499023438 7.987454 2.734031 2.105996 -0.636433 -0.386856 -0.625306
518981934 4.370772 -5.048851 0.216883 -2.409362 0.155563 -0.468560
538940430 1.392345 -10.921749 4.035538 2.760769 0.501176 -0.148196
558898926 -1.434366 -15.362247 4.145247 2.562356 0.718421 0.066031
578887940 0.091354 -15.631451 1.051610 2.757648 0.860543 -0.050480
598846436 6.857282 -10.592190 -1.800628 -2.527584 0.599624 -0.762013
618804932 9.474158 -7.553256 -3.597972 -2.035100 0.346062 -1.046226
638763428 3.968526 -11.354200 -0.955290 -2.915986 0.689049 -0.518104
658721924 0.039297 -13.934403 3.210050 2.718881 0.696531 -0.081940
678680420 -1.726613 -12.434942 2.361974 2.500593 0.658361 0.071453
698638916 -0.904448 -9.309897 0.634459 2.502327 0.542670 0.024851
718597412 -0.495757 -6.960106 -0.202498 2.448157 0.380956 0.000523
738555908 -1.285599 -5.577229 -1.717870 2.239996 0.276604 0.110519
758514404 -1.410668 -5.257870 -2.514174 2.190238 0.249442 0.145479
778472900 -1.324385 -4.248355 -2.446279 2.041102 0.094532 0.139513
798461914 -0.838734 -3.053024 -2.616372 1.778506 -0.092413 0.079627
818420410 -0.644118 -1.567575 -2.750056 1.284746 -0.325087 0.057081
838378906 0.355016 -0.915459 -2.576365 0.876860 -0.414491 -0.099159
858337402 0.043124 -0.739160 -2.094740 0.975880 -0.421790 -0.049650
878295898 -0.212824 -1.242059 -2.314996 1.166506 -0.375423 -0.010013
898254395 0.126221 -0.494877 -1.965236 0.918365 -0.449321 -0.055801
918212891 0.549753 -0.003309 -1.561944 0.741880 -0.480584 -0.109878
938171387 0.523077 -0.207801 -1.368127 0.822595 -0.447902 -0.102781
958129883 -0.241374 -0.665581 -1.007597 1.136710 -0.382576 -0.001801
978088379 -0.117974 -0.788769 -0.912497 1.173154 -0.363467 -0.016022
998046875 0.556449 0.078119 -0.854500 1.159017 -0.363467 -0.016022
1018005371 0.599704 0.157690 -0.906384 0.796641 -0.450467 -0.094868
1037963867 0.050095 0.211186 -0.522336 0.949604 -0.436587 -0.023107
1057952881 0.004258 -0.040537 -0.674731 0.988989 -0.418047 -0.019516
1077911377 0.234319 0.070215 -0.311488 0.941340 -0.412307 -0.046171
1097869873 0.376143 0.042869 -0.202252 0.911410 -0.403100 -0.061270
1117828369 0.334427 0.141043 0.095533 0.946860 -0.399734 -0.054016
1137786865 0.499978 0.228888 -0.075813 0.888455 -0.414716 -0.072639
1157745361 0.217890 0.251383 -0.460762 0.898739 -0.433154 -0.040782
1177703857 0.116997 -0.004870 -0.427452 0.986669 -0.405171 -0.026148
1197662354 0.114046 -0.521772 0.154778 1.179241 -0.332110 -0.022404
1217620850 0.164816 -0.292549 -0.056176 1.082122 -0.360311 -0.023983
1237579346 -0.041688 -0.264746 -0.362100 1.083987 -0.371629 0.006616
1257537842 -0.554668 -0.626711 -0.610203 1.225827 -0.340826 0.074168
1277496338 -0.266379 -0.655799 -0.825659 1.163928 -0.345005 0.043628
1297485352 -0.042165 -0.613115 -0.397904 1.161070 -0.333449 0.016600
1317443848 -0.373439 -0.962926 -0.640770 1.269651 -0.303608 0.055751
1337402344 -0.268827 -1.012847 -0.041146 1.300279 -0.279353 0.039851
1357360840 0.112903 -1.020163 -0.054756 1.273404 -0.277386 -0.000000
1377319336 0.173833 -1.692214 -0.170712 1.438023 -0.206599 -0.002155
1397277832 -0.124546 -2.632062 -0.447511 1.776389 -0.104667 0.035580
1417236328 -0.396293 -3.036225 -0.519576 1.855437 -0.058752 0.067834
1437194824 -0.554684 -2.315257 -0.800030 1.621338 -0.149560 0.086462
1457153320 0.169710 -2.172799 -0.868047 1.571196 -0.171717 -0.005290
1477111816 0.674231 -2.367260 -0.900782 1.674459 -0.149238 -0.068450
1497070313 0.513875 -2.543042 -0.788021 1.732927 -0.122810 -0.042515
