0 0.374298 0.841618 -0.339593 0.527133 -0.079456 -0.028405
19958496 0.610518 0.979816 -0.013274 0.513131 -0.079456 -0.028405
39916992 0.900878 1.328020 -0.117023 0.449819 -0.087454 -0.049983
59875488 1.222725 1.806758 -0.371858 0.355363 -0.120514 -0.077682
79833984 1.289332 2.481297 -0.719221 0.231717 -0.240894 -0.112284
99792480 1.123140 3.117373 -0.996263 0.236690 -0.308940 -0.087800
119750977 0.536914 3.849964 -1.113523 0.300621 -0.382007 -0.012763
139709473 -0.233982 4.373720 -1.092998 0.284216 -0.382007 -0.012763
159667969 -0.920486 4.742542 -0.751216 0.378427 -0.425400 0.080756
179626465 -0.971394 5.468795 0.299642 0.432693 -0.456893 0.136209
199584961 -0.948095 5.867828 0.516443 0.421122 -0.481651 0.129183
219573975 -0.743730 6.374799 0.444212 0.386660 -0.524066 0.112465
239532471 -1.303825 6.586465 1.668086 0.447316 -0.490206 0.152050
259490967 -1.982474 6.265242 2.644886 0.505787 -0.438249 0.195984
279449463 -2.730549 5.634398 2.867819 0.585024 -0.395885 0.252188
299407959 -2.546785 5.326154 1.453156 0.585206 -0.428552 0.271189
319366455 -2.139908 5.741273 0.733190 0.533530 -0.496103 0.255776
339324951 -0.674191 6.298409 2.147151 0.356503 -0.502188 0.100741
359283447 -1.184897 5.404118 3.296417 0.392018 -0.421820 0.112060
379241943 -2.182745 3.713374 3.129518 0.530906 -0.329678 0.167487
399200439 -2.075804 2.278512 1.998611 0.650219 -0.266244 0.160474
419158936 -0.778538 1.531340 1.449739 0.514236 -0.230521 0.050617
439117432 0.958393 1.352191 0.563536 0.227364 -0.241953 -0.113296
459106445 2.168970 0.389719 -0.972797 -0.078525 -0.183218 -0.266114
479064941 2.869380 -1.438840 -1.914605 -0.109907 -0.183218 -0.266114
499023437 1.746019 -3.860768 0.453857 1.298983 0.250729 -0.176886
518981934 -0.071849 -6.751829 1.639312 2.287157 0.453860 0.009220
538940430 -0.339081 -8.631826 -0.092918 2.581109 0.655471 0.044952
558898926 1.028230 -9.157476 -0.911465 2.975618 0.733187 -0.102823
578857422 1.915721 -9.126139 -1.117965 -3.107791 0.740681 -0.209279
598815918 1.316043 -8.613554 -0.314781 2.999398 0.677773 -0.139205
618774414 0.240200 -8.188050 0.220207 2.725729 0.634711 -0.036348
638732910 -0.896156 -7.769678 0.296045 2.428808 0.610012 0.067292
658691406 -1.710098 -7.673127 0.875934 2.207025 0.582316 0.135487
678649902 -1.598365 -6.501809 1.760195 2.044094 0.475147 0.116965
698638916 -1.047363 -5.122914 0.717346 1.955011 0.412939 0.080282
718597412 -0.376870 -4.098484 -0.772102 1.917505 0.378946 0.023831
738555908 -0.242931 -3.348671 -1.368391 1.811590 0.326140 0.014187
758514404 -0.181202 -2.872321 -1.309277 1.616018 0.273803 0.012972
778472900 -0.072982 -2.467389 -1.574752 1.501655 0.238382 0.005827
798431396 -0.418281 -2.164067 -1.428016 1.365966 0.199390 0.046385
818389893 -0.159910 -1.831102 -1.343131 1.198722 0.157673 0.010222
838348389 0.080859 -1.238105 -1.244946 0.911590 0.086838 -0.022469
858306885 0.119981 -0.990740 -1.338363 0.850360 0.059590 -0.032393
878265381 0.020707 -1.090523 -1.145997 0.894869 0.073257 -0.026690
898223877 0.204643 -0.884326 -0.239322 0.779757 0.047714 -0.050284
918182373 0.284566 -0.799156 0.430439 0.741799 0.037524 -0.061044
938140869 0.331343 -0.699207 0.577717 0.735245 0.027268 -0.068936
958129883 0.511615 -0.650553 0.551080 0.681842 0.022670 -0.086638
978088379 0.564510 -0.463538 -0.038864 0.628254 0.005885 -0.095278
998046875 0.428445 -0.355296 -0.325352 0.609479 -0.003541 -0.083561
1018005371 0.135705 -0.497448 -0.085661 0.739696 0.012853 -0.052427
1037963867 -0.003309 -0.712345 0.024873 0.809309 0.036176 -0.040116
1057922363 0.517771 -0.555576 0.582480 0.645388 0.019365 -0.089115
1077880859 0.874108 -0.275525 0.082846 0.497315 -0.006753 -0.127707
1097839355 0.814495 -0.121128 -0.056528 0.492741 -0.021541 -0.122715
1117797852 0.728330 -0.366717 0.077519 0.579354 0.003868 -0.113861
1137756348 0.694231 -0.368810 0.201610 0.546056 0.003822 -0.110552
1157714844 0.397268 -0.423411 0.119919 0.645499 0.009656 -0.082660
1177703857 0.227858 -0.633144 0.404912 0.746840 0.030532 -0.063474
1197662353 0.532761 -0.475220 0.488484 0.645392 0.014875 -0.092175
1217620850 0.782037 -0.222622 0.324306 0.514462 -0.010363 -0.118512
1237579346 0.486011 -0.390152 0.142942 0.628951 0.005291 -0.093447
1257537842 0.022159 -0.973529 0.320757 0.853550 0.062016 -0.049792
1277496338 -0.062403 -1.107893 0.916818 0.907499 0.069719 -0.041643
1297454834 -0.350946 -1.066075 1.127476 0.960616 0.062276 -0.013613
1317413330 -0.363324 -1.346938 0.817753 1.025818 0.086987 -0.010845
1337371826 -0.013584 -1.721454 0.444668 1.058422 0.121979 -0.045870
1357330322 0.083477 -1.893956 0.612982 1.119391 0.131742 -0.056162
1377288818 -0.366301 -2.092826 0.710481 1.217816 0.143735 -0.015068
1397247314 -1.432775 -2.714214 0.687961 1.434464 0.192881 0.082231
1417205811 -1.781887 -3.282696 0.887617 1.542218 0.229625 0.109719
1437194824 -0.545973 -2.921187 0.721535 1.510735 0.191411 -0.004113
1457153320 0.907758 -2.368944 0.325964 1.126027 0.133314 -0.141165
1477111816 0.594825 -2.565802 -0.686548 1.379443 0.158951 -0.115359
1497070312 -0.623208 -2.638737 -1.434830 1.518547 0.172774 0.024272
