0 0.303406 0.406627 0.085437 0.705511 -0.058527 -0.088249
19958496 0.274485 0.445872 -0.182987 0.692363 -0.058527 -0.088249
39916992 -0.002743 0.362400 -0.192769 0.736259 -0.051899 -0.055969
59875488 -0.309942 0.153487 -0.240741 0.838702 -0.027136 -0.022118
79833984 -0.763273 0.011820 -0.331300 0.948209 -0.008118 0.027912
99792480 -1.161874 0.149964 -0.578686 0.969514 -0.016636 0.074938
119750976 -1.282269 0.940713 -0.643970 0.844558 -0.093327 0.093736
139709472 -0.356050 2.397689 -0.765841 0.582843 -0.240212 0.001066
159667968 1.439375 4.005794 -0.846777 0.220071 -0.385026 -0.185996
179626465 1.836939 4.994945 -0.879859 0.135778 -0.461289 -0.221070
199584961 0.645680 5.191350 -0.172368 0.296985 -0.447509 -0.084923
219543457 -0.335491 5.611762 0.464480 0.404913 -0.453625 0.008923
239501953 -0.582626 6.369672 0.430711 0.415419 -0.510040 0.028753
259460449 -0.701443 7.344557 0.590515 0.406738 -0.572110 0.036659
279449463 0.514055 8.599776 1.555345 0.268270 -0.616059 -0.086757
299407959 2.422858 9.401514 1.448293 0.072550 -0.661246 -0.273485
319366455 2.559323 7.821292 1.133878 0.091039 -0.588707 -0.309799
339324951 -1.158052 4.953408 2.191717 0.545255 -0.388029 0.006833
359283447 -3.621155 3.925703 3.550630 0.809552 -0.286564 0.182930
379241943 0.310767 4.354520 3.412182 0.809552 -0.286564 0.182930
399200439 5.129914 6.411972 2.943154 0.456254 -0.327389 -0.103987
419158935 2.841654 6.333696 0.719751 -0.097317 -0.442159 -0.444814
439117431 -1.034829 2.703260 -1.069358 0.048903 -0.543652 -0.344812
459075927 -3.271338 0.430020 -0.808996 1.032210 -0.075237 0.274707
479034424 -3.113684 -1.135925 0.228094 1.209316 0.097614 0.251140
498992920 1.133781 -2.564319 -0.602332 1.337917 0.266903 -0.158149
518951416 6.786283 -4.777579 -1.160977 1.180471 0.266903 -0.158149
538940429 7.043481 -8.000483 -0.935355 -2.160166 0.617258 -0.687694
558898926 3.341179 -11.149518 -0.513062 -2.934240 0.840396 -0.407691
578857422 0.402091 -12.485367 0.758796 2.812778 0.868031 -0.161964
598815918 -0.187262 -11.796827 2.750998 2.567577 0.755501 -0.132324
618774414 -0.457388 -9.791781 2.956333 2.324069 0.657106 -0.122156
638732910 -1.356810 -7.907152 1.316887 2.170438 0.628898 -0.040448
658691406 -2.036587 -6.565195 -0.207933 2.041648 0.619966 0.061700
678649902 -2.365654 -5.301454 -1.124641 1.922626 0.575919 0.135998
698608398 -1.970565 -4.213255 -0.810163 1.815726 0.472293 0.103737
718566894 -1.601313 -3.625928 -1.254757 1.799663 0.438619 0.077888
738525390 -1.053512 -3.031626 -1.405969 1.769658 0.388232 0.027422
758483886 -0.404792 -2.304166 -1.094564 1.588384 0.301977 -0.033028
778442383 -0.739555 -2.004951 -1.509673 1.602201 0.301977 -0.033028
798400879 -0.565798 -1.829215 -1.181167 1.452278 0.249032 -0.002225
818359375 -0.321804 -1.181670 -0.864036 1.263106 0.165352 -0.026833
838348388 -0.474354 -1.090626 -1.262177 1.275902 0.158300 -0.007869
858306885 0.230899 -1.013390 -0.414577 1.147946 0.132732 -0.080095
878265381 0.943830 -0.227040 0.003833 1.131325 0.132732 -0.080095
898223877 0.835868 0.015564 -0.398996 0.743779 0.017691 -0.135391
918182373 0.504239 -0.018710 -0.130962 0.726466 0.017691 -0.135391
938140869 0.450918 -0.393273 0.669809 0.882576 0.047409 -0.085869
958099365 0.416612 -0.136531 0.707548 0.872734 0.016817 -0.079630
978057861 0.053845 -0.122718 -0.179658 0.924748 0.010945 -0.043797
998016357 -0.040838 -0.497187 -0.689752 1.017159 0.047809 -0.031552
1017974853 -0.056318 -0.380444 -0.805806 1.004925 0.033023 -0.028244
1037933349 -0.078729 -0.133604 -0.634995 0.949781 0.004708 -0.025112
1057891845 -0.299943 -0.360271 -0.497184 1.016122 0.028873 -0.004641
1077850342 -0.235354 -0.675359 0.022410 1.078633 0.059520 -0.017584
1097839355 0.230018 -0.305753 0.739523 0.923373 0.019527 -0.065904
1117797851 0.505905 -0.146747 0.818160 0.841324 0.002698 -0.093673
1137756347 0.365969 -0.343809 0.509459 0.908976 0.019465 -0.083063
1157714843 0.260722 -0.590317 0.373196 0.989625 0.041339 -0.072446
1177673340 -0.065975 -0.605780 0.327655 1.041170 0.039705 -0.037370
1197631836 -0.191098 -0.979093 -0.126358 1.168038 0.075160 -0.023781
1217590332 -0.421968 -1.575925 -0.599725 1.168038 0.075160 -0.023781
1237548828 -0.502137 -1.845093 -0.141658 1.348508 0.137807 -0.001563
1257507324 -0.965054 -1.731325 0.025351 1.408454 0.136124 0.058528
1277465820 -0.851702 -1.535525 -0.027900 1.326522 0.112745 0.055907
1297424316 -0.030797 -1.654209 -0.649290 1.339825 0.126248 -0.026750
1317382812 0.692708 -1.729648 -0.753403 1.267672 0.126028 -0.113747
1337341308 0.278923 -1.551497 -0.326240 1.304412 0.126028 -0.113747
1357299804 -0.402501 -1.719703 -0.017754 1.255442 0.093429 -0.073509
1377288818 -0.294666 -2.911235 0.165936 1.676879 0.212663 -0.011111
1397247314 0.548832 -3.216130 0.518124 1.802266 0.230938 -0.086074
1417205810 1.363942 -2.224406 0.855512 1.827315 0.230938 -0.086074
1437164306 0.537624 -1.900059 -0.086027 1.316126 0.101978 -0.075710
1457122802 -1.247510 -3.891811 -0.640339 1.864741 0.305816 0.111756
1477081299 -1.061821 -4.709045 -0.016942 2.048760 0.355451 0.077866
1497039795 -0.286973 -3.663412 0.910384 2.048760 0.355451 0.077866
1516998291 0.258121 -2.159790 0.897462 1.873466 0.231995 0.001352
