0 0.490495 1.043144 -0.123603 2.155193 -0.080907 -0.086631
19958497 0.139841 1.181276 -0.081633 2.066078 -0.090587 -0.040492
39947510 0.097768 1.652138 -0.733915 2.085819 -0.090587 -0.040492
59906006 0.035571 1.996800 -0.712748 1.822773 -0.169264 -0.004234
79864502 -0.645680 2.243617 -0.084252 1.803977 -0.169264 -0.004234
99822998 -1.493998 2.484839 0.722311 1.734435 -0.173945 0.076583
119781495 -1.610372 2.887246 1.176617 1.654398 -0.198981 0.168769
139739991 -1.483813 3.594420 1.501307 1.511675 -0.250964 0.164804
159698487 -0.252178 4.669420 1.059035 1.208793 -0.352559 0.078703
179656983 0.329929 5.633598 0.201786 0.859379 -0.460830 0.050103
199615479 -0.558761 5.810697 -0.121509 0.958234 -0.485316 0.159882
219573975 -1.074180 5.776260 0.408178 1.039929 -0.462580 0.208474
239532471 -0.944488 5.911193 0.724457 1.015652 -0.471179 0.194748
259490967 -0.881256 5.769971 -0.178443 0.988839 -0.508182 0.208280
279449463 -0.085816 6.068491 -0.199439 0.822519 -0.548972 0.123551
299438477 0.680624 5.765003 1.095837 0.792943 -0.486002 0.030039
319396973 -0.326494 4.918094 1.583829 1.116737 -0.421139 0.100504
339355469 -1.013882 3.814582 0.885477 1.346871 -0.374752 0.150625
359313965 0.066086 3.258436 0.252971 1.409361 -0.374752 0.150625
379272461 1.179514 2.555552 0.001124 1.493250 -0.303045 -0.050912
399230957 0.516238 1.441392 0.372815 1.921337 -0.180656 0.028321
419189454 -1.076056 0.726391 2.127996 2.007336 -0.097866 0.148811
439147950 -0.386012 -0.145270 0.757855 2.166225 -0.030249 0.100882
459106446 -0.147898 -0.880336 -0.684668 2.303643 0.062708 0.112738
479064942 0.398275 -0.936139 -0.065232 2.390329 0.086010 0.074467
499023438 2.588776 -0.961081 -0.137600 2.872422 0.111401 -0.131048
518981934 2.616413 -1.353389 0.161422 2.931391 0.161632 -0.124415
538970948 2.328130 -2.373356 -0.469568 2.970223 0.276698 -0.123337
558929444 3.589099 -3.727475 -1.275101 -3.013690 0.419459 -0.314971
578887940 4.219139 -6.347229 -1.159662 -2.962657 0.618111 -0.407769
598846436 2.585360 -8.432706 0.544354 3.071430 0.696922 -0.227576
618804932 2.222917 -8.812564 2.324653 2.976330 0.648698 -0.188422
638763428 3.701834 -7.384911 3.622121 3.066857 0.516623 -0.289789
658721924 3.802547 -6.622120 2.243649 3.116058 0.512258 -0.338670
678680420 1.134843 -6.988153 0.049047 2.912393 0.646819 -0.170021
698638916 -1.364504 -6.271109 -0.323669 2.614774 0.625308 0.078006
718597413 -1.996990 -5.352397 0.549674 2.513716 0.520211 0.134002
738555909 -1.855521 -4.929094 1.083618 2.510165 0.470219 0.125650
758514405 -1.490284 -4.075059 0.307226 2.530631 0.431399 0.111795
778503418 -1.039439 -3.509318 -0.927183 2.566217 0.424455 0.085140
798461914 -0.292261 -2.470973 -2.014916 2.649800 0.354943 0.003670
818420411 0.088111 -2.128187 -2.612919 2.701486 0.331077 -0.050356
838378907 -0.399887 -2.230633 -1.820182 2.714740 0.331077 -0.050356
858337403 -0.479511 -2.022893 -1.074488 2.603239 0.306937 0.014354
878295899 0.150473 -1.706845 -1.366441 2.637366 0.218819 -0.050382
898254395 0.670937 -0.840300 -2.122895 2.688074 0.124275 -0.122130
918212891 0.810216 -0.557245 -2.045135 2.693229 0.082956 -0.142934
938171387 -0.073162 -0.659909 -1.403705 2.514097 0.085400 -0.036534
958129883 -0.186600 -0.908180 -0.608749 2.498528 0.101907 -0.026091
978088379 -0.433279 -0.698682 -0.410596 2.503175 0.101907 -0.026091
998046875 -0.469914 -0.580072 -0.247350 2.428818 0.061197 0.007533
1018035889 -0.435512 -0.662378 -0.854897 2.445386 0.072872 0.001610
1037994385 -0.199857 -0.260871 -0.710038 2.432228 0.026936 -0.030117
1057952881 0.139883 -0.005623 -0.128354 2.426264 -0.000496 -0.066964
1077911377 -0.129770 -0.465967 0.214716 2.436542 0.047893 -0.036435
1097869873 -0.386716 -0.471978 0.469107 2.404721 0.048582 -0.006544
1117828370 -0.274584 -0.152396 -0.334770 2.386935 0.019275 -0.016234
1137786866 0.035715 0.065248 -0.694520 2.413618 -0.003689 -0.052721
1157745362 0.330201 0.301114 -0.227276 2.415124 -0.028005 -0.084636
1177703858 0.494081 0.326400 0.198695 2.430909 -0.028683 -0.099145
1197662354 0.342590 0.185713 0.287885 2.421754 -0.013287 -0.082668
1217620850 0.216277 0.070865 0.394958 2.424345 -0.000940 -0.067256
1237579346 0.163486 0.161303 0.072677 2.397225 -0.009223 -0.061692
1257568360 -0.227458 0.095866 -0.084711 2.360316 -0.002471 -0.022734
1277526856 -0.223785 -0.098148 0.055097 2.382332 0.017049 -0.025335
1297485352 0.005666 0.073654 0.360674 2.395353 -0.000945 -0.049111
1317443848 0.143403 0.104147 0.383153 2.415837 -0.004705 -0.063564
1337402344 0.327592 0.374819 0.204753 2.402684 -0.032028 -0.082824
1357360840 0.234869 0.226101 0.336449 2.401339 -0.017000 -0.071375
1377319336 -0.130796 0.051960 0.263115 2.390234 -0.000954 -0.035274
1397277832 -0.369651 -0.110999 -0.123605 2.374337 -0.000954 -0.035274
1417236329 -0.261974 -0.115827 0.091579 2.390780 0.014550 -0.023771
1437194825 -0.273330 -0.006508 0.167490 2.360285 0.002407 -0.022625
1457153321 -0.253730 -0.102823 -0.051488 2.381686 0.010828 -0.027074
1477111817 -0.088410 -0.129793 0.069329 2.415366 0.011661 -0.046173
1497070313 0.039411 -0.041586 0.217612 2.405987 0.000479 -0.059824
