0 1.238699 2.377963 -0.196342 0.431022 -0.075580 -0.286135
19958496 0.659359 2.577020 -0.239075 0.431279 -0.075580 -0.286135
39916992 0.066790 2.769997 -0.477969 0.562219 -0.119354 -0.167634
59906006 -0.266147 3.429607 -0.292722 0.564139 -0.183145 -0.126908
79864502 -0.380399 4.082374 0.790604 0.571903 -0.183145 -0.126908
99822998 -1.144381 3.968864 0.347601 0.577000 -0.226862 -0.105456
119781494 -1.824617 3.785894 -0.063524 0.707067 -0.228389 0.025829
139739990 -2.117993 4.462501 0.599427 0.701813 -0.279808 0.052483
159698486 -1.769106 5.436092 1.382009 0.705109 -0.279808 0.052483
179656982 -2.458415 5.267859 1.565433 0.634495 -0.347280 0.017112
199615478 -2.584252 5.447618 1.122993 0.695076 -0.336363 0.077826
219573974 -2.131048 6.363799 0.615755 0.693440 -0.374923 0.090700
239532470 -0.296889 7.561388 1.396224 0.421958 -0.541371 -0.130580
259490967 0.658937 7.667023 2.353979 0.427184 -0.541371 -0.130580
279449463 0.312285 7.531279 2.105610 0.353459 -0.519461 -0.207942
299407959 0.072909 7.236930 1.782724 0.363218 -0.534384 -0.188880
319396972 -0.791585 6.286074 0.963504 0.452473 -0.526532 -0.102757
339355469 -0.560523 6.240673 0.689629 0.417187 -0.550743 -0.137727
359313965 0.384600 7.034177 0.546471 0.298518 -0.618973 -0.239743
379272461 -0.496795 5.063610 0.977891 0.296418 -0.618973 -0.239743
399230957 -5.807947 0.963152 -0.854277 0.452203 -0.485601 -0.144434
419189453 -3.650091 0.287137 -2.727879 0.980579 -0.175626 0.154645
439147949 6.991213 0.684268 -0.020856 0.997924 -0.175626 0.154645
459106445 8.982341 -2.743643 4.206352 -0.773778 0.103453 -0.708511
479064941 4.672451 -7.958756 4.436651 -0.881547 0.103453 -0.708511
499023437 -0.214068 -12.829725 1.843472 2.605152 0.798156 -0.201052
518981933 -0.115350 -14.363000 0.568334 2.731264 0.915119 -0.241493
538940429 0.927026 -11.894523 1.369551 2.710731 0.915119 -0.241493
558898926 -0.640433 -10.924369 2.849743 2.414909 0.685930 -0.153814
578887939 -2.426704 -10.864646 3.307218 2.198407 0.673232 -0.005219
598846435 -3.117660 -9.489824 1.801965 2.200355 0.673232 -0.005219
618804931 -2.147310 -7.286049 -0.696692 2.217100 0.649750 -0.021033
638763428 -1.089570 -5.678119 -0.652957 2.190402 0.521982 -0.134906
658721924 -1.185188 -5.194192 -0.053807 2.064514 0.455456 -0.121752
678680420 -0.656763 -5.557095 0.843705 2.110866 0.442906 -0.165223
698638916 -0.081964 -4.248591 -0.119541 2.050223 0.359141 -0.231458
718597412 -0.109753 -2.626193 -1.724496 1.686584 0.240313 -0.256693
738555908 0.499853 -2.229928 -2.399916 1.545217 0.202584 -0.348290
758514404 0.830587 -2.035727 -1.869686 1.250764 0.162240 -0.365632
778472900 0.523194 -1.788203 -0.949785 1.147727 0.118948 -0.299241
798461914 -0.108085 -1.524512 -0.875684 1.153460 0.089453 -0.229738
818420410 0.091399 -1.169434 -0.779514 0.989203 0.047574 -0.251266
838378906 0.518074 -1.314740 -0.403011 0.978692 0.058727 -0.291553
858337402 1.156001 -0.901071 0.327331 0.721368 0.011024 -0.335114
878295898 1.147432 -0.329049 -0.573706 0.490621 -0.049478 -0.365737
898254394 0.181586 -0.409865 -0.779359 0.739135 -0.043792 -0.274819
918212890 -0.488655 -1.304247 -0.205786 1.114497 0.051536 -0.194916
938171387 0.024759 -1.123848 -0.122370 1.015950 0.031709 -0.249908
958129883 0.076346 -0.859015 -0.150332 0.931598 0.004963 -0.257981
978088379 0.139381 -0.535528 -0.076298 0.829262 -0.029014 -0.266813
998046875 0.840988 -0.466469 0.168597 0.663919 -0.036212 -0.331124
1018005371 0.890430 -0.447922 -0.055171 0.638109 -0.039783 -0.345411
1037963867 0.642305 -0.657412 0.023391 0.769728 -0.019193 -0.320233
1057952881 0.890650 -0.270076 0.074602 0.613961 -0.057259 -0.340028
1077911377 0.842044 0.103432 -0.003126 0.555705 -0.096272 -0.335660
1097869873 0.133611 -0.725248 -0.224973 0.878737 -0.015478 -0.271989
1117828369 -0.298964 -0.814301 -0.160813 0.973698 -0.007527 -0.226234
1137786865 -0.576421 -0.915948 -0.196008 1.042119 0.002027 -0.198489
1157745361 -0.408755 -0.893083 -0.258675 1.023645 -0.002543 -0.219441
1177703857 0.526952 -0.562641 -0.504447 0.701460 -0.039096 -0.324161
1197662353 1.043242 -0.325870 -0.082438 0.593814 -0.061713 -0.359779
1217620849 0.609453 -0.436281 -0.179416 0.684029 -0.053439 -0.320509
1237579345 0.111200 -0.807958 -0.174050 0.923778 -0.016433 -0.268654
1257537842 0.136338 -0.766328 -0.269285 0.908889 -0.021608 -0.271189
1277496338 0.074079 -0.801208 -0.524128 0.907537 -0.018091 -0.270559
1297454834 0.032371 -0.810672 -0.446877 0.940468 -0.016432 -0.265531
1317443847 0.438038 -0.641575 -0.140694 0.806752 -0.032952 -0.301212
1337402344 0.823641 -0.412798 0.298374 0.703506 -0.053553 -0.326467
1357360840 0.835901 -0.524960 0.416412 0.734786 -0.042832 -0.324083
1377319336 0.681816 -0.702480 0.034639 0.805211 -0.027341 -0.322205
1397277832 0.431948 -0.797742 0.414883 0.915261 -0.018650 -0.288420
1417236328 0.494737 -0.859926 0.451356 0.917261 -0.014379 -0.292701
1437194824 0.419603 -0.753290 -0.070581 0.858752 -0.028335 -0.301660
1457153320 0.496795 -0.757690 -0.129335 0.828653 -0.030391 -0.315083
1477107606 0.716503 -1.079635 0.289990 0.880451 0.000468 -0.327224
1497066102 0.092915 -1.287891 0.863148 0.922103 0.000468 -0.327224
