0 0.145372 0.496888 -0.156219 0.791370 -0.004980 -0.061798
19958496 0.423484 0.905245 -0.116046 0.774309 -0.004980 -0.061798
39916992 0.510203 1.426038 -0.267237 0.588488 -0.097683 -0.099669
59875488 0.551254 2.163524 0.048340 0.528262 -0.167211 -0.097926
79864502 0.775321 3.189873 0.203792 0.429188 -0.263672 -0.115406
99822998 0.830458 4.743678 -0.861824 0.316235 -0.444861 -0.127007
119781494 0.253841 5.698950 -1.549295 0.350419 -0.566151 -0.053718
139739990 -0.448657 6.457301 -1.355248 0.428817 -0.618254 0.045112
159698486 -0.364417 7.368240 -1.708249 0.399656 -0.707725 0.049540
179656982 -0.436752 8.755802 -2.486364 0.392291 -0.849253 0.076112
199615478 -0.538740 10.004234 -2.767633 0.385325 -0.849253 0.076112
219573974 -1.595089 10.471207 -1.537745 0.396852 -0.935446 0.102065
239532471 -2.889365 10.570793 -0.688812 0.506446 -0.869612 0.220040
259490967 -1.821832 11.877901 1.972908 0.478603 -0.767508 0.168079
279449463 -2.614127 10.700827 6.408697 0.543073 -0.570706 0.160669
299407959 -3.375069 8.246130 7.691299 0.560336 -0.570706 0.160669
319366455 -1.317382 6.739437 6.280520 0.540579 -0.427522 0.079439
339355469 3.055195 7.052534 5.878610 0.149693 -0.472742 -0.183943
359313965 2.755645 5.351599 1.147753 0.047309 -0.557603 -0.230083
379272461 0.595344 0.388261 -1.907205 0.465650 -0.295205 -0.045226
399230957 -2.304173 -5.392402 0.774982 1.848321 0.288172 0.251069
419189453 -1.615134 -9.675764 2.404943 2.348022 0.537089 0.177517
439147949 2.756688 -10.569760 1.155974 3.125174 0.631745 -0.196526
459106445 1.724398 -11.210527 -3.590966 3.120756 0.968097 -0.179274
479064941 -0.483721 -10.742640 -0.580173 2.654775 0.751968 0.107403
499023437 -2.761545 -10.736506 6.552028 2.277522 0.480239 0.172141
518981933 -2.578244 -9.999631 8.122437 2.178836 0.413674 0.122822
538940430 0.843180 -7.628457 7.535998 2.292526 0.308785 -0.083396
558898926 1.482308 -6.116137 5.372521 2.311900 0.258935 -0.132991
578857422 -0.180205 -5.032321 3.377048 1.992364 0.221014 -0.016549
598846435 -0.836671 -4.915435 1.573994 1.977650 0.242094 0.048212
618804932 -1.410696 -5.357169 0.732791 2.040015 0.293599 0.110962
638763428 -1.022851 -4.772556 0.534702 2.011495 0.240889 0.080562
658721924 -0.205349 -3.781635 -0.008388 1.891503 0.148396 0.008000
678680420 0.043649 -3.334300 -1.359805 1.829087 0.113340 -0.011090
698638916 0.174230 -2.921960 -1.662738 1.642749 0.063087 -0.020654
718597412 -0.087993 -2.296416 -0.835973 1.376074 -0.019278 0.014875
738555908 -1.007846 -2.577327 -1.246372 1.535367 0.008624 0.127991
758514404 -0.864106 -2.646435 -1.496670 1.560189 0.014290 0.111578
778472900 -0.212503 -2.058609 -0.987702 1.301263 -0.059171 0.022006
798431396 0.224333 -1.374556 -1.178095 0.959641 -0.143433 -0.034091
818389892 0.190258 -1.418299 -0.904445 1.007647 -0.133513 -0.031346
838348389 -0.018732 -1.594835 -0.787863 1.088181 -0.111741 -0.012161
858306885 0.179953 -1.680027 -0.399798 1.091165 -0.097545 -0.040212
878295898 0.737255 -0.936790 -0.181707 0.707705 -0.173118 -0.103047
898254394 1.086915 -0.681272 -0.353278 0.715104 -0.173118 -0.103047
918212890 1.243103 -0.545729 -0.473742 0.422248 -0.218389 -0.162549
938171387 1.220232 -0.637755 -0.676217 0.434645 -0.212979 -0.165237
958129883 0.901107 -0.577044 -0.451856 0.566611 -0.214026 -0.125667
978088379 0.138045 -0.812147 -0.487502 0.857613 -0.189117 -0.038505
998046875 -0.248159 -1.186988 -0.510874 0.834565 -0.189117 -0.038505
1018005371 0.373287 -0.815154 -0.507544 0.772931 -0.187269 -0.066961
1037963867 0.793190 -0.463045 -0.822265 0.543097 -0.228328 -0.118399
1057922363 0.523395 -0.197126 -0.577221 0.600375 -0.246153 -0.085106
1077880859 0.139425 -0.481239 0.032179 0.787934 -0.199069 -0.041873
1097869873 -0.316664 -0.880119 0.554287 0.978460 -0.148585 0.000957
1117828369 0.218711 -0.668377 0.660936 0.822208 -0.166114 -0.056704
1137786865 0.972300 -0.078710 0.660417 0.515158 -0.219504 -0.132086
1157745361 0.987373 -0.005579 0.399974 0.486596 -0.230335 -0.135441
1177703857 0.270555 -0.373693 0.051451 0.732813 -0.201805 -0.065234
1197662353 -0.082443 -0.738562 0.165398 0.866581 -0.162334 -0.030774
1217620849 0.205837 -0.816770 0.911289 0.887415 -0.143911 -0.058458
1237579346 0.651783 -0.342426 0.595582 0.654200 -0.194643 -0.103243
1257537842 0.395985 -0.401474 -0.073126 0.698297 -0.203187 -0.081793
1277496338 -0.174515 -0.891941 0.000581 0.944917 -0.152386 -0.021725
1297454834 -0.504897 -1.115952 0.322993 1.059076 -0.125431 0.010752
1317413330 -1.068365 -1.233939 0.373493 1.079022 -0.125431 0.010752
1337371826 -0.748321 -1.154143 0.416239 1.130456 -0.122863 0.031482
1357360840 0.126711 -0.991690 0.470789 0.922121 -0.140565 -0.060198
1377319336 0.761513 -0.530504 0.383100 0.939106 -0.140565 -0.060198
1397277832 0.534086 -0.544911 -0.025156 0.692577 -0.197941 -0.107309
1417236328 0.141793 -1.092642 -0.008845 0.920671 -0.142822 -0.063335
1437194824 0.192037 -1.426410 -0.164932 1.014935 -0.109718 -0.069034
1457153320 0.243895 -1.698678 -0.157271 1.110989 -0.078481 -0.075117
1477111816 -0.398113 -1.878799 0.796476 1.274281 -0.052754 -0.006541
1497070312 -1.045454 -1.964278 1.583677 1.361713 -0.043747 0.052902
