0 -0.232160 -0.069121 0.210230 -0.387788 -0.061195 0.007659
19958496 -0.216506 -0.106338 -0.479052 -0.379610 -0.061195 0.007659
39947510 -0.337143 -0.021027 0.180177 -0.358977 -0.061364 0.016322
59906006 -0.164926 0.003328 -0.188025 -0.386356 -0.065211 -0.001994
79864502 0.607381 0.535810 0.039732 -0.495209 -0.114516 -0.079675
99822998 0.336496 0.864795 0.108264 -0.419524 -0.142869 -0.050224
119781494 -0.386887 1.205701 -0.157948 -0.263835 -0.175859 0.026310
139739990 -1.371862 1.932837 -0.289129 -0.243037 -0.175859 0.026310
159698486 -1.682725 3.720623 -1.454271 -0.041700 -0.243955 0.133079
179656983 -0.822774 5.160122 -0.846547 -0.068708 -0.543216 0.092780
199615479 -1.223106 6.533624 1.481392 -0.032392 -0.534821 0.119864
219573975 -2.249407 7.180508 0.845751 0.095919 -0.593933 0.227782
239532471 -2.686945 7.411635 0.895719 0.158758 -0.605631 0.269540
259490967 -2.265066 8.509416 -0.387866 0.154958 -0.605631 0.269540
279449463 -0.919340 9.565212 -2.525307 -0.003717 -0.938860 0.154776
299438477 0.564738 9.626263 -0.697191 -0.279542 -0.842160 -0.053633
319396973 1.417398 10.303939 -0.595228 -0.359023 -0.842160 -0.053633
339355469 1.455491 10.048110 -2.572730 -0.566218 -0.971448 -0.184585
359313965 0.652503 8.349456 -4.169740 -0.501985 -1.006560 -0.039362
379272461 -1.501691 7.159920 -2.060186 -0.248499 -0.747205 0.281999
399230957 -1.709357 5.955187 1.931005 -0.235150 -0.464241 0.225479
419189453 -1.615907 3.949221 5.945638 -0.189421 -0.235576 0.178188
439147949 -2.413597 0.351600 9.293571 0.170022 -0.011824 0.199135
459106445 -4.181678 -4.549837 6.337145 2.060287 0.252276 0.338142
479064942 1.212204 -3.808668 0.949458 -2.194545 0.299797 0.010691
499023438 5.059888 -1.864576 -1.454588 -1.314442 0.109890 -0.445577
518981934 4.289619 -4.281074 -6.563433 -1.598017 0.595193 -0.828352
538940430 1.302353 -7.058973 -7.582315 -2.302145 1.205533 -0.339639
558898926 -0.201659 -9.758231 0.150467 -2.478619 0.724318 0.068110
578887940 2.015329 -9.985732 3.885556 -2.129915 0.586289 -0.104494
598846436 4.453197 -9.845943 3.061669 -2.008976 0.593120 -0.288271
618804932 2.315678 -10.564030 1.613671 -2.338357 0.702074 -0.150123
638763428 0.034775 -11.004414 1.706054 -2.289562 0.702074 -0.150123
658721924 0.029125 -9.936367 1.794451 -2.513106 0.663250 0.035522
678680420 1.105983 -7.805006 -3.635455 -2.441514 0.841839 -0.120321
698638916 0.469810 -7.387564 -2.905725 -2.504329 0.763529 -0.020946
718597412 0.361155 -6.862433 -1.307285 -2.518298 0.763529 -0.020946
738555908 1.576364 -5.275977 2.000633 -1.617109 0.367743 -0.096162
758514404 3.069665 -4.190076 1.098689 -1.422923 0.301964 -0.226638
778472901 1.952070 -3.663805 -0.054014 -1.422923 0.301964 -0.226638
798431397 0.098230 -3.415322 0.340570 -1.407958 0.295897 -0.131517
818420410 -0.145062 -2.289461 0.781856 -0.919848 0.151888 0.086149
838378906 0.322704 -0.679744 0.934299 -0.699666 -0.003583 0.047029
858337402 0.391120 0.059342 -0.060358 -0.619064 -0.084784 0.052895
878295899 -0.222115 0.921056 -0.689169 -0.430928 -0.185400 0.127483
898254395 -1.149297 0.493217 0.141481 -0.365509 -0.126518 0.206983
918212891 -0.301040 0.540225 0.287575 -0.495534 -0.128752 0.117885
938171387 -0.087277 -0.067344 -0.067881 -0.573056 -0.068847 0.095699
958129883 0.390165 -0.173793 -0.447556 -0.664786 -0.058061 0.045796
978088379 0.246702 -0.226100 0.087052 -0.649707 -0.048081 0.057386
998046875 -0.047670 -0.379032 0.328430 -0.648736 -0.048081 0.057386
1018005371 -0.003759 -0.103312 0.014396 -0.614952 -0.030760 0.084360
1037963867 -0.146258 0.184170 -0.308160 -0.547375 -0.089070 0.095000
1057922363 0.084788 0.385116 -0.385618 -0.555194 -0.109670 0.068874
1077911377 0.004131 0.004219 0.243437 -0.585275 -0.063896 0.071205
1097869873 0.085514 0.056760 0.141528 -0.597673 -0.069382 0.063261
1117828369 0.050630 0.076254 -0.226483 -0.583866 -0.073522 0.069201
1137786865 -0.004460 0.023272 -0.069237 -0.576653 -0.065934 0.072992
1157745361 -0.028819 0.054040 0.158682 -0.576776 -0.065934 0.072992
1177703858 -0.005744 -0.021740 -0.066731 -0.579270 -0.059036 0.072465
1197662354 0.056408 -0.040750 -0.162582 -0.586640 -0.056673 0.066237
1217620850 -0.019156 -0.073409 0.094312 -0.589542 -0.050822 0.071272
1237579346 -0.034038 0.014290 0.140124 -0.567818 -0.058267 0.071410
1257537842 0.015365 -0.044500 0.014547 -0.572930 -0.052211 0.066471
1277496338 0.050037 -0.073009 -0.010160 -0.588780 -0.048933 0.062235
1297454834 -0.018875 -0.012537 0.065190 -0.592875 -0.048933 0.062235
1317413330 -0.053720 -0.060124 0.016308 -0.582802 -0.054350 0.067570
1337402344 0.047100 -0.001392 -0.187882 -0.573168 -0.049736 0.070821
1357360840 0.044158 0.070313 -0.278777 -0.575963 -0.057328 0.061423
1377319336 0.049265 0.042949 0.240212 -0.582802 -0.060138 0.058812
1397277832 0.009606 -0.065155 0.084032 -0.593887 -0.049931 0.063598
1417236328 -0.032697 -0.048822 -0.007045 -0.585453 -0.049931 0.063598
1437194824 0.007342 -0.070617 0.006615 -0.583893 -0.049347 0.063121
1457153320 0.019994 -0.130611 0.093808 -0.590559 -0.042616 0.060122
1477111817 0.060977 -0.069927 0.103127 -0.598753 -0.047882 0.053753
1497070313 -0.163096 -0.309514 0.390572 -0.588464 -0.022540 0.070036
