0 -0.273738 0.240602 -0.226757 0.701331 0.074795 0.066434
19958497 0.186917 0.433307 -0.353098 0.589714 0.056650 0.016861
39947510 -0.028801 0.452685 -0.458691 0.635136 0.057287 0.039277
59906006 -0.283230 0.472860 -0.466402 0.647865 0.057287 0.039277
79864502 0.028478 0.473771 0.182790 0.614747 0.058472 0.030968
99822998 0.410956 0.456987 0.279563 0.539102 0.062237 -0.009587
119781495 0.821968 0.578442 -0.423254 0.434926 0.058136 -0.060298
139739991 0.768895 0.972907 -0.746828 0.395272 0.024036 -0.064153
159698487 0.628505 1.287922 -0.588216 0.414369 -0.000526 -0.058416
179656983 0.812867 1.838983 -0.256484 0.349465 -0.048646 -0.089374
199615479 0.881096 2.319319 -1.109522 0.256918 -0.095534 -0.129054
219573975 0.597522 2.837652 -1.362025 0.277330 -0.144430 -0.125571
239532471 -1.339075 3.735919 -0.344731 0.530194 -0.211784 0.079871
259521485 -3.404527 4.484462 0.701779 0.703345 -0.245757 0.260544
279479981 -3.425955 5.387228 1.462313 0.659464 -0.301774 0.246618
299438477 -0.582392 6.268217 2.198994 0.397008 -0.362026 -0.003262
319396973 1.261634 6.777822 1.685136 0.387083 -0.362026 -0.003262
339355469 0.839512 6.041319 1.907097 0.250226 -0.359958 -0.125226
359313965 -3.168143 5.921168 2.621593 0.252841 -0.359958 -0.125226
379272461 -1.946504 6.476714 2.374996 0.488145 -0.394953 0.116253
399230957 1.357486 6.344354 2.035927 0.488145 -0.394953 0.116253
419189454 3.409305 6.019097 2.437959 0.007017 -0.367918 -0.302346
439147950 4.345653 5.214554 2.528011 -0.097352 -0.317462 -0.367383
459106446 1.773204 4.135630 1.150096 0.127305 -0.303526 -0.197901
479095459 -0.034837 3.492979 -0.075301 0.344584 -0.311139 -0.037988
499053955 -0.377687 2.310094 -1.001936 0.481909 -0.248785 0.017992
519012452 -2.090148 0.188220 -0.921804 0.923285 -0.039936 0.234522
538970948 -5.144110 -2.634336 -1.992748 1.389960 0.253225 0.590697
558929444 -1.969423 -4.265462 0.407966 1.694753 0.380126 0.183700
578887940 -1.903350 -5.682621 2.781685 1.760087 0.412357 0.132601
598846436 -3.957328 -8.171210 0.855083 1.960944 0.623659 0.330366
618804932 -2.083938 -9.729509 2.128146 2.226812 0.682053 0.146729
638763428 1.167934 -10.395432 4.959758 2.591873 0.615712 -0.095914
658721924 2.981171 -9.528193 4.957106 2.998553 0.561304 -0.212771
678680420 2.760548 -8.607701 1.223204 -3.026303 0.635188 -0.265923
698669434 1.518113 -7.916939 -1.855942 -3.116788 0.757562 -0.234366
718627930 1.325809 -6.362929 -1.665381 -3.121189 0.646531 -0.232922
738586426 2.182271 -5.076871 -0.202778 -2.831874 0.475126 -0.303991
758544922 2.704919 -4.936904 0.589723 -2.494494 0.434839 -0.338255
778503418 2.040553 -4.288345 0.220318 -2.922346 0.403693 -0.291632
798461914 0.758266 -2.734697 -0.430279 1.143980 0.291153 -0.182013
818420411 -0.888105 -1.903466 -1.457939 1.194166 0.231947 -0.008620
838378907 -2.170135 -1.389300 -1.380271 1.175821 0.165905 0.145405
858337403 -2.183871 -0.577964 -0.991024 1.018099 0.066184 0.146012
878295899 -1.572506 -0.186153 -0.780226 0.876133 0.018024 0.081203
898284913 -1.149984 -0.525624 -0.874640 0.892233 0.052062 0.039764
918243409 -0.642581 -0.685340 -0.853336 0.834760 0.066420 -0.013411
938201905 -0.294396 -0.360264 -0.792498 0.681437 0.027143 -0.050596
958160401 -0.353026 -0.298499 -0.755410 0.681726 0.018038 -0.042990
978118897 -0.575031 -0.339299 -0.829523 0.744822 0.021954 -0.015532
998077393 -0.163862 -0.224748 -0.722897 0.635294 0.009514 -0.057111
1018035889 -0.083379 -0.432641 -0.445183 0.659150 0.032287 -0.060532
1037994385 -0.130560 -0.474311 -0.178600 0.691320 0.035887 -0.049883
1057952881 -0.037883 -0.363503 0.011482 0.640538 0.022965 -0.055743
1077911377 0.043119 -0.339039 -0.159864 0.605254 0.019389 -0.065178
1097869873 -0.013914 -0.260343 -0.462927 0.610773 0.010272 -0.062707
1117858887 -0.114178 -0.319622 -0.518481 0.637647 0.016032 -0.050708
1137817383 -0.224746 -0.233384 -0.198333 0.660217 0.005502 -0.034020
1157775879 -0.334748 -0.036202 -0.236418 0.662055 -0.016578 -0.020099
1177734375 -0.500784 -0.023678 -0.169014 0.685923 -0.018960 -0.000999
1197692872 -0.684491 0.223851 -0.006328 0.680552 -0.045594 0.019135
1217651368 -0.824129 0.171615 -0.121283 0.739227 -0.041161 0.035735
1237609864 -0.600426 0.079429 0.087938 0.702032 -0.030599 0.014576
1257568360 0.063232 -0.114805 0.248543 0.594326 -0.010981 -0.049673
1277526856 0.422851 -0.441162 0.494454 0.583337 0.019058 -0.080979
1297485352 0.098290 -0.360795 0.397259 0.622740 0.008465 -0.049394
1317443848 -0.085798 -0.190561 -0.046943 0.623123 -0.009841 -0.033960
1337432862 0.140745 -0.345048 0.130965 0.600424 0.005310 -0.058926
1357391358 0.315134 -0.546322 0.151061 0.584174 0.024052 -0.078985
1377349854 0.544570 -0.733495 0.021922 0.555038 0.041808 -0.102815
1397308350 0.723798 -0.634632 0.370123 0.498563 0.028131 -0.116095
1417266846 0.378430 -0.382929 0.308498 0.566037 -0.000947 -0.083888
1437225342 -0.370536 -0.377480 -0.276707 0.731172 -0.004540 -0.012612
1457183838 -0.386448 -0.171129 -0.025773 0.691743 -0.027032 -0.012782
1477142334 0.030309 -0.281756 0.232799 0.650819 -0.017692 -0.054066
1497100830 0.020046 -0.649008 0.304349 0.710018 0.015195 -0.051310
