0 0.091651 0.470183 -0.129757 0.734042 0.077923 0.033535
19958496 -0.045739 0.608569 -0.419518 0.631061 0.041106 0.010282
39916992 -0.219435 0.543900 0.372651 0.677781 0.047815 0.025587
59875488 -0.132255 0.649976 0.213457 0.658148 0.041875 0.019746
79833984 -0.119225 0.647516 -0.556483 0.658615 0.052207 0.027175
99792480 -0.558763 1.287606 -1.079965 0.647643 -0.008854 0.088104
119781494 -0.341185 2.180336 -0.364841 0.542363 -0.094572 0.066705
139739990 0.524953 3.429897 -0.192372 0.333484 -0.213074 -0.014155
159698486 0.742034 4.782811 -0.452733 0.253821 -0.345243 -0.023978
179656982 0.674591 6.259235 -0.393590 0.227200 -0.472725 -0.009864
199615478 -0.130802 8.014948 0.341864 0.291411 -0.575809 0.070111
219573975 -0.480051 9.667824 0.819020 0.310334 -0.661522 0.100168
239532471 0.127384 10.090240 0.753570 0.258477 -0.693319 0.047540
259490967 -0.445759 10.072450 0.008378 0.257132 -0.693319 0.047540
279449463 -1.327098 10.257051 1.513272 0.376308 -0.675048 0.156932
299407959 0.054653 11.389207 2.801431 0.256316 -0.697000 0.011489
319366455 -0.225466 10.855963 2.832285 0.286863 -0.680322 0.025148
339324951 -0.016647 9.243225 1.517752 0.279602 -0.653862 0.020839
359283447 1.770698 6.748433 0.470448 0.255551 -0.653862 0.020839
379272461 1.614527 3.614915 0.782021 0.150642 -0.267210 -0.105802
399230957 2.928298 -0.917248 1.875134 0.035291 0.141809 -0.212107
419189453 2.000840 -6.431009 5.029552 1.726456 0.448633 -0.113107
439147949 0.551375 -10.474122 4.559633 2.404198 0.652883 -0.028649
459106445 3.802623 -10.724985 0.338248 -2.940670 0.793089 -0.366290
479064941 5.922428 -11.750925 -1.795883 -2.498194 0.871667 -0.661415
499023437 2.771578 -12.378550 1.203835 3.069890 0.837883 -0.297153
518981934 -0.034985 -12.875022 5.424761 2.423362 0.715122 -0.057135
538940430 -1.007896 -12.822153 4.909499 2.342112 0.726072 -0.004549
558898926 -2.061302 -10.540138 1.400427 2.256467 0.760193 0.091774
578857422 -2.378874 -7.856260 0.076723 2.099815 0.674860 0.152141
598815918 -1.314696 -6.367009 0.072302 2.120298 0.580056 0.063018
618774414 -0.982337 -5.330661 -0.792794 2.089850 0.537056 0.043223
638763428 -0.292409 -4.205216 -1.682121 2.130559 0.471604 -0.031587
658721924 -0.124735 -3.337053 -1.871094 1.986135 0.382100 -0.046131
678680420 0.164488 -2.712908 -2.058066 1.829903 0.308508 -0.076067
698638916 0.325932 -2.042670 -3.208825 1.642739 0.255193 -0.110180
718597412 0.945110 -0.926146 -2.870574 0.740420 0.078327 -0.194740
738555908 1.143342 -0.401317 -2.190945 0.519334 -0.002463 -0.206577
758514404 0.687761 -0.562973 -1.204588 0.771776 0.010500 -0.134707
778472900 0.088452 -0.507514 -0.708195 0.907892 -0.003160 -0.064291
798431396 0.426556 -0.384836 -0.516895 0.824000 -0.021094 -0.097927
818389893 0.337252 -0.532163 -0.167174 0.875475 -0.008444 -0.079057
838348389 -0.272729 -0.580929 -1.095392 1.005438 -0.006070 -0.013245
858306885 -0.451193 -0.740715 -0.740286 1.076675 0.010078 0.005836
878265381 0.174287 -0.684422 0.260774 0.976093 0.000954 -0.056292
898254394 -0.617945 -1.087400 -0.414330 1.195036 0.044497 0.030713
918212891 -0.796885 -0.921416 -0.132193 1.154525 0.025802 0.053627
938171387 0.111479 -0.387722 0.088761 0.927326 -0.031553 -0.036427
958129883 -0.007007 -0.356039 -0.567666 0.925283 -0.040072 -0.023953
978088379 -0.501194 -0.316868 -0.524786 0.995923 -0.046626 0.029555
998046875 -0.120857 -0.247667 0.266479 0.909387 -0.052981 -0.010511
1018005371 0.459508 0.262323 -0.010250 0.708495 -0.108417 -0.067220
1037963867 0.474507 0.424254 -0.482640 0.646212 -0.131163 -0.068590
1057922363 0.237057 0.201869 -0.532910 0.740554 -0.108046 -0.043608
1077880859 -0.033772 -0.018000 -0.094343 0.757085 -0.108046 -0.043608
1097839355 -0.400894 -0.364410 -0.288474 0.956898 -0.052127 0.012663
1117828369 -1.152434 -0.843194 -0.158515 1.148950 -0.007479 0.079870
1137786865 -0.955953 -0.943669 -0.019774 1.131337 -0.001972 0.049318
1157745361 0.411665 -0.039602 0.213209 0.740221 -0.094772 -0.092790
1177703857 0.927330 0.340083 0.225696 0.564978 -0.131723 -0.142503
1197662353 0.291384 -0.065127 0.865472 0.789251 -0.089972 -0.073140
1217620850 -0.101311 -0.368910 0.234319 0.894831 -0.071045 -0.039920
1237579346 -0.112815 -0.538244 -0.202351 0.913344 -0.062331 -0.042795
1257537842 -0.052207 -0.455135 -0.410782 0.870069 -0.076554 -0.050986
1277496338 -0.107483 -0.801670 -0.091001 0.968116 -0.040818 -0.042845
1297454834 0.087513 -0.619548 0.057224 0.884302 -0.062174 -0.062786
1317413330 0.131319 -0.559350 0.163602 0.853145 -0.072145 -0.067472
1337371826 -0.222298 -0.761841 0.057651 0.971570 -0.058435 -0.033435
1357360840 -0.126769 -0.976868 -0.276805 0.963214 -0.058435 -0.033435
1377319336 -0.119397 -1.185604 -0.269975 1.051342 -0.023934 -0.048406
1397277832 0.367926 -0.795935 -0.128879 0.844436 -0.065909 -0.104196
1417236328 -0.334317 -0.896808 -0.090816 0.999133 -0.057537 -0.038578
1437194824 -1.151685 -1.474486 -0.449388 1.234769 0.003126 0.039604
1457153320 -0.754327 -0.400117 1.592900 0.962663 -0.101733 -0.011960
1477111816 -0.222017 -2.218799 -0.120573 1.371636 0.059932 -0.085318
1497070312 0.058279 -1.575583 0.228523 1.068187 -0.015543 -0.123211
1517028809 0.974138 0.084991 0.716378 0.476531 -0.180820 -0.207615
1536987305 -0.001486 -0.865517 -0.944542 0.811705 -0.120074 -0.140489
1556945801 -0.117255 -1.140340 -0.494359 0.878238 -0.094854 -0.137860
1576904297 0.031878 -1.585015 0.445888 1.000514 -0.055110 -0.165780
1596893310 -0.540380 -1.857658 0.730941 1.187682 -0.040105 -0.127809
