0 0.302335 0.503831 -0.758975 2.309913 0.033513 -0.047912
19958496 -0.091894 0.475797 -0.341979 2.207068 0.039206 -0.003566
39916992 0.050244 0.705004 0.025492 2.173074 0.018633 -0.014222
59875489 0.291380 0.970432 -0.089003 2.189722 0.018633 -0.014222
79864502 0.296543 1.227316 -0.120921 2.182920 -0.003474 -0.032263
99822998 -0.411259 1.119384 0.009688 2.026957 -0.008355 0.052118
119781494 -1.618414 1.212125 0.665492 1.918441 -0.014549 0.166270
139739990 -1.833586 1.658910 0.729827 1.815326 -0.056632 0.188748
159698487 -0.843080 2.761477 0.545523 1.816549 -0.056632 0.188748
179656983 0.502162 3.931168 -0.117579 1.153117 -0.295612 -0.018442
199615479 0.622393 4.954711 -0.999120 0.787577 -0.426372 -0.026368
219573975 -0.232120 5.265204 -0.877880 0.915222 -0.447469 0.074738
239532471 -0.581174 5.458384 1.322623 0.910213 -0.447469 0.074738
259490967 -1.042053 5.405944 2.821274 1.027090 -0.379288 0.098293
279449463 -0.509644 6.089374 1.633748 0.963686 -0.420427 0.127424
299407959 0.599861 6.531090 0.770696 0.670077 -0.494232 0.044842
319396973 0.728646 6.637498 1.399135 0.658260 -0.489159 0.030607
339355469 0.437150 6.091692 1.366097 0.791068 -0.466943 0.049570
359313965 0.665051 5.365550 0.388566 0.789766 -0.465211 0.025975
379272461 1.137683 4.933780 0.433043 0.767547 -0.444328 -0.029113
399230957 0.343331 4.368829 0.585133 1.031113 -0.413785 0.023552
419189453 0.500277 3.800700 0.548452 1.174688 -0.413785 0.023552
439147949 0.810711 3.165264 -0.019935 1.257906 -0.390926 -0.020841
459106446 1.862008 3.394991 0.130713 0.995532 -0.391649 -0.195163
479064942 1.300143 2.192213 -0.495612 1.052511 -0.391649 -0.195163
499023438 -0.672827 0.789439 0.513972 1.963448 -0.145306 0.048798
518981934 -1.524032 -0.676585 0.282574 2.114210 -0.000472 0.124472
538940430 1.147149 -1.655301 0.865430 2.550414 0.095867 -0.137552
558929444 3.203426 -2.662779 0.409161 3.023703 0.193913 -0.334227
578887940 4.189259 -4.567882 0.186762 -3.069665 0.356743 -0.430307
598846436 2.742527 -7.735037 0.591738 3.030952 0.590436 -0.305062
618804932 2.340837 -9.774512 0.307438 3.013684 0.726217 -0.297064
638763428 1.936405 -10.978702 0.324103 2.987356 0.792615 -0.285871
658721924 0.739972 -10.740152 3.707944 2.797387 0.654546 -0.157224
678680420 -0.654042 -8.782365 4.537445 2.646532 0.530246 -0.077596
698638916 -1.126749 -8.033916 1.644364 2.639138 0.587630 -0.067636
718597412 -0.950204 -7.387357 -0.092135 2.653513 0.587630 -0.067636
738555908 -0.736020 -5.680254 1.108309 2.643303 0.459817 -0.070931
758514405 -0.628101 -4.363668 1.028322 2.608955 0.359663 -0.063301
778472901 -0.750542 -3.760412 -1.169486 2.621643 0.359663 -0.063301
798461914 -0.995255 -3.451535 -2.541083 2.614910 0.400256 -0.019864
818420410 -0.912066 -2.969180 -1.696531 2.573675 0.307757 -0.018978
838378907 -0.711094 -2.320179 -1.115599 2.532927 0.216060 -0.029306
858337403 -0.443242 -1.828707 -2.223411 2.562414 0.183529 -0.056411
878295899 -0.353489 -1.653506 -2.394937 2.571038 0.183529 -0.056411
898254395 -0.336180 -1.395178 -1.303881 2.521554 0.112143 -0.067962
918212891 0.457752 -0.725916 -0.543320 2.555686 0.028302 -0.153470
938171387 1.071202 -0.119180 -0.472167 2.562696 -0.035843 -0.213738
958129883 1.062561 -0.040660 -0.624580 2.577919 -0.043125 -0.209586
978088379 0.416923 -0.422341 -0.863485 2.512632 -0.000534 -0.140916
998046875 0.337377 -0.317846 -0.654082 2.498168 -0.000534 -0.140916
1018005371 0.208125 -0.347234 -0.260517 2.440164 -0.006529 -0.111212
1037963867 -0.371973 -0.645413 -0.332913 2.396956 0.027455 -0.048841
1057952881 -0.602543 -0.707397 0.032737 2.378471 0.035255 -0.020575
1077911377 -0.041094 -0.432780 0.244461 2.405759 0.008606 -0.073692
1097869873 0.330085 -0.236643 0.259652 2.435203 -0.009513 -0.107716
1117828369 0.252574 -0.174623 0.204500 2.420565 -0.015795 -0.098763
1137786865 -0.292264 -0.432417 -0.311525 2.384066 0.011150 -0.046137
1157745362 -0.146700 -0.316912 0.175092 2.387470 -0.000482 -0.057342
1177703858 0.390165 0.015768 0.210348 2.421148 -0.033429 -0.108178
1197662354 0.235870 0.069282 -0.198343 2.395302 -0.039386 -0.093415
1217620850 0.099741 -0.097701 -0.222326 2.396140 -0.021027 -0.078193
1237579346 0.079533 -0.138195 0.161033 2.390769 -0.016371 -0.074704
1257537842 0.048347 -0.142946 0.317778 2.376850 -0.016118 -0.070699
1277496338 -0.016643 -0.091738 0.005313 2.359038 -0.021531 -0.064647
1297485352 -0.235070 -0.276505 -0.219163 2.358843 -0.002006 -0.042645
1317443848 -0.165676 -0.258718 0.025396 2.357481 -0.003423 -0.049397
1337402344 0.143261 -0.084846 0.163825 2.384028 -0.020683 -0.080425
1357360840 0.310197 0.080802 0.277346 2.380414 -0.037025 -0.096077
1377319336 0.188968 -0.065508 0.094893 2.393323 -0.022749 -0.085795
1397277832 0.063803 -0.150380 0.356925 2.392877 -0.014160 -0.071813
1417236328 -0.047528 -0.201631 0.383781 2.372728 -0.009892 -0.060333
1437194824 -0.273095 -0.364253 0.100126 2.375132 0.005821 -0.037845
1457153321 -0.127368 -0.378253 0.080365 2.386794 0.006799 -0.051996
1477111817 0.367157 -0.156140 0.271088 2.430776 -0.016612 -0.100331
1497070313 0.308322 -0.252985 0.308082 2.437552 -0.008518 -0.093830
