0 0.301035 0.272530 -0.454312 0.647568 0.090141 0.237545
19958496 -0.301938 0.820335 -0.942682 0.623861 0.090141 0.237545
39916992 -0.438944 0.865546 -0.844635 0.696156 0.026996 0.332802
59875488 0.305464 1.067737 -1.066113 0.559105 0.008347 0.261176
79833984 0.864585 1.362553 -1.142462 0.420969 -0.019406 0.197060
99792480 1.119437 1.846280 -0.768154 0.312388 -0.065405 0.155285
119750976 0.148217 2.246733 -0.321665 0.449497 -0.096280 0.248094
139709472 -0.912956 3.065458 -0.203362 0.533070 -0.170864 0.351291
159667968 -1.203871 3.919753 -0.049129 0.521482 -0.248692 0.378904
179626464 -0.770605 5.213236 0.456740 0.421001 -0.361406 0.331712
199584961 -1.204110 6.975619 -0.840699 0.462547 -0.555228 0.431438
219573974 -2.077774 8.496272 -2.699817 0.584974 -0.733799 0.629618
239532470 -1.960632 8.689358 -2.865829 0.587678 -0.756629 0.632131
259490966 -1.266455 8.466784 1.043616 0.379033 -0.577127 0.375271
279449463 -0.584919 6.890019 6.039469 0.256980 -0.348296 0.228656
299407959 -0.081267 6.757291 6.385543 0.206453 -0.348483 0.208907
319366455 -0.292083 6.451233 2.892419 0.268306 -0.424453 0.300456
339324951 -0.374565 5.989781 0.501683 0.337561 -0.469195 0.380679
359283447 -0.765967 4.732072 2.430053 0.338694 -0.305702 0.345380
379241943 -0.077478 2.747607 6.392173 0.239322 -0.116315 0.224142
399200439 0.835465 1.964688 7.278218 0.225209 -0.116315 0.224142
419158935 -0.330378 1.269670 2.845263 0.128617 -0.073860 0.173622
439147949 -4.256833 -0.382026 -1.802917 1.109142 0.084466 0.844992
459106445 -5.272331 -2.923959 -1.958570 1.338485 0.316614 0.885362
479064941 -1.002320 -4.615608 2.587349 1.283146 0.316614 0.885362
499023437 -0.030506 -5.998540 5.691106 1.487938 0.421655 0.348057
518981933 -1.891546 -7.118981 2.385684 1.912488 0.540211 0.438158
538940429 -1.918324 -8.196836 -1.509244 2.039867 0.540211 0.438158
558898925 1.887343 -9.582340 -3.501278 2.168391 0.725992 0.619430
578857422 4.774786 -10.157774 -4.530008 -2.617703 1.115448 -0.289151
598815918 3.746365 -9.106441 -2.499476 -2.840276 0.930751 -0.059252
618774414 1.329665 -8.029969 -1.264666 2.889780 0.771199 0.251594
638732910 1.217205 -7.041000 -1.086489 2.851602 0.691430 0.265208
658721923 1.901434 -6.273235 -0.771519 3.085054 0.623960 0.175866
678680420 2.766753 -5.694838 -0.845634 -2.853110 0.587564 0.068875
698638916 2.916755 -4.926698 -0.418939 -2.611887 0.500886 0.043333
718597412 1.609559 -3.766313 -1.272364 2.741166 0.424612 0.203384
738555908 0.194099 -2.222647 -1.805904 1.364249 0.264406 0.384263
758514404 -0.872191 -1.683800 -1.436276 1.201232 0.187795 0.476031
778472900 -1.046433 -1.558398 -1.231274 1.167850 0.172823 0.484405
798431396 -1.111425 -1.446796 -0.059939 1.150486 0.172823 0.484405
818389892 -0.624022 -0.893671 -0.049950 0.831378 0.091888 0.397708
838348388 -0.454135 -0.217083 -1.543469 0.810600 0.029743 0.438288
858306884 -0.891669 0.032769 -1.953881 0.872014 0.006313 0.499072
878295898 -1.029462 -0.011907 -1.109632 0.841291 0.015175 0.467392
898254394 -0.810815 -0.166725 -0.857813 0.817206 0.034029 0.438964
918212890 -0.224049 -0.333565 -0.812628 0.738023 0.055248 0.384419
938171386 -0.536308 -0.421210 -0.589695 0.817115 0.064986 0.411100
958129882 -0.538050 -0.336732 -0.312574 0.734947 0.057354 0.402292
978088379 -0.663296 -0.181595 -0.210088 0.752196 0.043382 0.410400
998046875 -0.483107 -0.332647 -0.116069 0.716778 0.060791 0.390634
1018005371 -0.354990 -0.387981 0.070004 0.687571 0.067206 0.373007
1037963867 -0.365401 -0.377049 0.062863 0.664325 0.067218 0.375148
1057922363 0.015115 -0.473381 -0.066100 0.641644 0.080759 0.344850
1077880859 0.166241 -0.426483 0.268042 0.552257 0.075265 0.320535
1097869873 0.021979 -0.274559 0.125728 0.570966 0.061945 0.339373
1117828369 0.016752 -0.250902 0.114410 0.583304 0.060551 0.341230
1137786865 -0.155938 -0.320865 0.138133 0.607919 0.067235 0.359784
1157745361 -0.437972 -0.239424 -0.000264 0.665059 0.059710 0.394383
1177703857 -0.266567 -0.442556 0.046011 0.662420 0.080985 0.379072
1197662353 -0.001176 -0.596541 0.130090 0.639212 0.097434 0.353277
1217620849 -0.229270 -0.575637 0.158399 0.667757 0.094961 0.373840
1237579345 -0.365394 -0.824140 -0.066662 0.778001 0.122908 0.392248
1257537841 -0.081371 -1.099746 -0.037880 0.784248 0.153225 0.361295
1277496338 0.296781 -1.679061 -0.026673 0.821679 0.214986 0.325830
1297454834 1.002573 -1.980107 0.659876 0.579537 0.235307 0.244060
1317413330 1.490132 -1.900513 1.510052 0.086946 0.210833 0.187249
1337402343 0.479094 -2.053610 0.653881 0.794090 0.232295 0.305340
1357360839 -0.480804 -2.026743 -0.317638 1.158747 0.239091 0.437554
1377319336 0.048131 -1.595435 -0.000208 0.897261 0.189836 0.385968
1397277832 0.459075 -2.209828 -0.181164 1.104130 0.250632 0.371469
1417236328 -0.160290 -2.816014 -0.658627 1.501363 0.311127 0.471740
1437194824 -0.629552 -2.999175 -0.681329 1.564910 0.322543 0.525417
1457153320 -0.266648 -2.659422 -0.798128 1.504652 0.303181 0.492564
1477111816 0.295879 -2.702109 -1.488365 1.616289 0.347156 0.459777
1497070312 1.078974 -3.263442 -0.699699 2.066419 0.396383 0.332346
