0 0.537773 0.479290 -0.475793 0.533898 0.100650 0.072799
19958496 0.165817 0.823158 -0.323141 0.555580 0.067142 0.106973
39916992 0.219444 1.325107 -0.398747 0.502808 0.019697 0.096573
59906005 0.083790 1.428020 -0.735612 0.514553 0.017756 0.105665
79864501 -0.535935 1.729937 -0.438053 0.576290 -0.005694 0.154341
99822998 -1.163408 2.032343 -0.323214 0.633459 -0.026872 0.203760
119781494 -1.192131 2.213439 0.227387 0.616650 -0.033171 0.187210
139739990 -0.923871 2.635274 1.763499 0.532977 -0.060709 0.137510
159698486 0.145833 2.942561 2.766103 0.398984 -0.083968 0.041513
179656982 0.901059 3.269025 1.788119 0.290682 -0.128833 -0.019349
199615478 0.348862 3.392231 0.116532 0.289941 -0.128833 -0.019349
219573974 -0.705810 3.617179 -0.798897 0.463334 -0.222234 0.147059
239532470 -0.404188 3.777621 0.451035 0.413628 -0.218944 0.096049
259490966 0.461209 4.185199 1.996399 0.305642 -0.238766 0.013546
279479980 0.743573 3.885432 1.063199 0.279588 -0.252715 0.000891
299438476 1.009806 3.743349 -0.357488 0.229332 -0.294095 -0.016913
319396972 0.431511 4.230841 -0.575114 0.284214 -0.359314 0.044019
339355468 0.308420 3.793014 0.054455 0.310291 -0.300568 0.046535
359313964 0.715111 3.458052 2.024957 0.274607 -0.227453 0.002445
379272460 0.886609 3.420480 3.852592 0.283944 -0.200435 -0.007746
399230957 0.546977 2.999018 4.319306 0.326547 -0.177153 0.020725
419189453 -0.250283 2.816103 2.902204 0.413157 -0.201961 0.089911
439147949 1.270101 2.903400 0.851113 0.207006 -0.275765 -0.026996
459106445 2.086667 3.023030 -0.768522 0.040603 -0.365090 -0.107676
479064941 1.300228 2.529547 -3.118550 0.154205 -0.450144 -0.020288
499053955 -0.404334 1.906158 -4.364776 0.543558 -0.440363 0.269052
519012451 -0.642052 1.281199 -3.250701 0.609657 -0.276503 0.229606
538970947 -0.227208 -0.444700 -2.494896 0.772138 0.009188 0.112469
558929443 -0.335096 -2.685068 -0.685769 1.442605 0.282193 0.075844
578887939 -0.427490 -4.016366 3.824977 1.408391 0.299631 0.054855
598846435 -0.729270 -6.182569 6.980742 1.628660 0.359941 0.073456
618804931 -1.255508 -8.584815 3.743709 2.157954 0.557957 0.146592
638763427 -1.584530 -7.865231 -0.744212 2.232755 0.688943 0.274030
658721923 -2.736494 -5.472029 -1.155345 1.873849 0.514043 0.418895
678680419 -3.380463 -4.716968 -0.810347 1.706465 0.427897 0.469834
698638916 -2.058837 -5.251359 -0.461288 1.914263 0.482463 0.336514
718627929 -0.088129 -5.217391 0.294431 2.155266 0.472274 0.127462
738586425 1.288794 -5.187846 0.930701 2.506139 0.451380 -0.005825
758544921 2.120823 -5.788364 1.391799 2.879381 0.478105 -0.072072
778503417 2.608067 -5.304068 1.235193 -3.072357 0.447742 -0.110321
798461914 2.905446 -4.098322 1.069872 -2.398490 0.359133 -0.141526
818420410 2.998178 -3.512005 1.267687 -1.628201 0.303610 -0.155777
838378906 1.793772 -3.474960 1.108811 1.744072 0.302853 -0.056643
858337402 0.544669 -3.020921 0.255244 1.495877 0.278554 0.057610
878295898 -0.224092 -2.306782 -0.767351 1.305430 0.226629 0.140709
898254394 -0.271004 -1.785603 -1.202489 1.174080 0.174192 0.140025
918243408 0.180684 -1.774696 -1.465792 1.150754 0.174105 0.079144
938201904 -0.110417 -1.573228 -1.714873 1.113835 0.151435 0.109811
958160400 -0.499091 -1.228053 -1.547351 1.055826 0.104783 0.148237
978118896 -0.692032 -0.704669 -1.371608 0.943588 0.039864 0.161361
998077392 -0.566494 -0.660130 -0.861526 0.885999 0.029782 0.133923
1018035888 -0.109184 -0.615716 -0.927893 0.787197 0.020491 0.082067
1037994384 -0.151043 -0.430117 -1.249896 0.774318 -0.003919 0.091369
1057952880 -0.826177 -0.341966 -0.988928 0.897537 -0.015609 0.167095
1077911376 -1.452974 -0.162837 -0.882830 0.942287 -0.034620 0.235688
1097869873 -1.307967 -0.076397 -0.375082 0.885964 -0.040437 0.207780
1117828369 -0.674221 -0.182485 0.347816 0.893001 -0.040437 0.207780
1137817382 0.085388 -0.599359 0.735336 0.708408 0.010021 0.046478
1157775878 0.509518 -0.694910 0.384414 0.722972 0.010021 0.046478
1177734375 0.160905 -0.684880 -0.166526 0.713294 0.012461 0.033403
1197692871 0.023277 -0.356823 -0.262830 0.695998 -0.024157 0.040784
1217651367 0.123119 -0.437771 -0.366763 0.693348 -0.017821 0.025974
1237609863 0.402654 -0.411481 -0.411864 0.618811 -0.021502 -0.003585
1257568359 0.290992 -0.523776 0.068072 0.677437 -0.009253 0.010716
1277526855 0.252630 -0.653651 0.612671 0.703422 0.003230 0.016611
1297485351 0.033028 -0.742230 0.873219 0.693054 0.003230 0.016611
1317443847 -0.336967 -0.790696 0.616761 0.837330 0.012876 0.071340
1337402343 -0.352989 -0.881978 0.217046 0.889211 0.012876 0.071340
1357391357 -0.311724 -1.116410 -0.010337 0.954227 0.046473 0.060251
1377349853 0.029375 -1.366074 -0.117300 0.968805 0.074219 0.018342
1397308349 0.507650 -1.842347 0.010503 1.075423 0.123560 -0.034233
1417266845 0.775190 -2.062731 0.706405 1.066800 0.136361 -0.057926
1437225341 0.733579 -1.845757 0.910370 0.962946 0.110891 -0.053688
1457183837 0.596020 -1.633014 0.715818 0.958506 0.086383 -0.042856
1477142334 0.540059 -1.897181 0.038228 1.132951 0.110732 -0.039511
1497100830 0.312801 -2.080275 -0.565248 1.337315 0.131448 -0.013534
