0 0.425961 0.315590 0.451783 0.649064 -0.056501 -0.055187
19958496 0.251434 0.304438 -0.112206 0.661609 -0.060331 -0.041106
39916992 0.003675 0.621915 -0.645680 0.657676 -0.097787 -0.015215
59875488 -0.162562 0.969011 -1.068004 0.630985 -0.137268 0.006605
79833984 0.109564 1.611996 -0.993079 0.634399 -0.137268 0.006605
99792480 0.653324 2.177692 -0.555899 0.407435 -0.239626 -0.070606
119750977 1.041375 2.459069 -0.291107 0.310927 -0.252007 -0.102771
139709473 0.149523 2.620703 -0.269857 0.461624 -0.261290 -0.005550
159667969 -0.222038 3.070394 -0.181090 0.483422 -0.294028 0.035985
179626465 -0.066391 4.082309 0.147423 0.427614 -0.367335 0.024174
199584961 0.562335 5.243041 -0.149215 0.312734 -0.465468 -0.029433
219543457 2.267858 6.438146 0.571062 0.089055 -0.509391 -0.181080
239501953 2.643088 7.096606 2.219540 0.079178 -0.509391 -0.181080
259460449 1.776089 6.725655 2.482222 0.151364 -0.464262 -0.133730
279449463 -0.000868 6.063603 2.480330 0.183707 -0.464262 -0.133730
299407959 -1.562802 5.694098 2.057120 0.539301 -0.417003 0.134986
319366455 -1.775169 5.068184 2.073115 0.572909 -0.376928 0.150861
339324951 0.885402 5.526565 3.041095 0.589642 -0.376928 0.150861
359272304 2.137956 5.812022 3.355424 0.304765 -0.397714 -0.079875
379230800 0.338593 4.654179 1.635285 0.380680 -0.418379 -0.069229
399189296 -0.692848 2.627075 -0.301433 0.580194 -0.329663 0.021134
419147793 -0.103287 2.431934 -0.985985 0.518553 -0.334383 -0.032527
439106289 2.496173 2.346570 -1.075078 0.066211 -0.296886 -0.292259
459064785 0.284375 1.036664 1.080322 0.630942 -0.116495 -0.022354
479023281 -2.994353 -0.597362 3.866394 1.071093 0.026896 0.217967
498981777 -2.419402 -2.532537 2.590295 1.320736 0.177577 0.193107
518940273 0.292094 -4.838536 1.186291 1.943781 0.395503 -0.017739
538929287 2.023694 -5.945846 -0.062150 2.754811 0.522195 -0.188468
558887783 5.575315 -6.229362 -1.233366 -2.281056 0.528950 -0.570665
578846279 5.145547 -7.814898 -2.357668 -2.465738 0.687893 -0.625064
598804775 1.900342 -8.895720 0.536028 2.933197 0.680446 -0.246933
618763271 0.023528 -9.140807 3.264683 2.381056 0.591194 -0.085474
638721767 -0.807042 -8.672178 2.430611 2.295316 0.594510 -0.031680
658680263 -1.470583 -7.813005 0.119109 2.242389 0.642811 0.043785
678638759 -1.579056 -6.694796 -0.722213 2.180539 0.609583 0.084314
698597255 -1.680194 -5.433564 -1.225121 2.060546 0.534147 0.119910
718555752 -1.863875 -4.853661 -2.018138 2.019930 0.519715 0.166142
738514248 -1.544614 -4.135310 -1.558524 1.930709 0.427267 0.130544
758472744 -0.743918 -3.099983 -1.607172 1.836029 0.322587 0.050598
778431240 -0.339403 -2.300361 -2.210617 1.712179 0.248203 0.015721
798420253 -0.291157 -2.409685 -2.188476 1.739657 0.255563 0.015075
818378750 -0.301848 -1.971269 -2.308578 1.608236 0.198095 0.019818
838337246 -0.520838 -1.604522 -2.810366 1.507505 0.158446 0.054890
858295742 -0.071634 -1.361001 -2.191061 1.377103 0.115088 -0.008843
878254238 0.494045 -0.615509 -1.198689 1.008500 0.015608 -0.073650
898212734 0.718748 -0.116747 -1.063734 0.812868 -0.042168 -0.099341
918171230 0.647190 -0.044481 -1.229292 0.797595 -0.051959 -0.096330
938129726 0.554924 -0.112743 -1.278952 0.792655 -0.051959 -0.096330
958088222 0.712789 -0.111154 -0.605418 0.818284 -0.038532 -0.109622
978046718 0.793415 0.202605 0.377364 0.777093 -0.062476 -0.106502
998005214 0.393484 0.088775 -0.074462 0.767429 -0.062476 -0.106502
1017963711 0.139326 -0.313720 -0.404044 0.966678 -0.006658 -0.042516
1037922207 0.013722 -0.293235 -0.135067 1.016380 -0.006972 -0.030881
1057880703 -0.137106 -0.370329 -0.024589 1.043794 0.002955 -0.017732
1077869716 -0.314569 -0.510290 0.161354 1.091975 0.019331 -0.001449
1097828212 -0.378237 -0.628513 0.499321 1.116506 0.030832 0.003271
1117786709 0.254765 -0.481807 0.401126 1.007137 0.017421 -0.058424
1137745205 0.487916 -0.196827 0.426382 0.905990 -0.010317 -0.077455
1157703701 -0.077325 -0.332184 -0.186316 1.022750 0.002502 -0.020018
1177662197 -0.500914 -0.719817 -0.628453 1.014910 0.002502 -0.020018
1197620693 -0.676036 -0.954754 -0.644249 1.213235 0.069246 0.047833
1217579189 -0.396640 -0.592711 -0.540921 1.121261 0.029124 0.017689
1237537685 0.108683 -0.560614 -0.442634 1.043745 0.025209 -0.037572
1257496181 0.526544 -0.584736 -0.091531 0.964753 0.025713 -0.082197
1277454677 0.661043 -0.751579 0.262543 1.002857 0.040009 -0.094500
1297413173 0.145746 -1.426179 0.109713 1.278142 0.107879 -0.045181
1317371669 -0.602944 -2.300258 0.778070 1.261910 0.107879 -0.045181
1337360683 -0.466293 -2.674875 1.132455 1.521120 0.180469 0.027304
1357319179 0.342094 -2.737788 0.873198 1.627219 0.198933 -0.086056
1377277675 1.518958 -2.444012 1.091076 1.703266 0.198933 -0.086056
1397236171 2.094919 -2.106618 1.918928 1.179241 0.084531 -0.285512
1417194668 0.708701 -3.541369 1.770837 1.405396 0.084531 -0.285512
1437153164 -2.312229 -5.156322 1.695113 1.949692 0.196923 -0.179779
1457111660 -2.202167 -4.982342 2.420630 1.887117 0.287547 0.094239
1477070156 0.804090 -4.167690 1.827591 2.100229 0.216485 -0.154818
1497028652 1.165213 -3.027335 -0.608650 2.017996 0.128818 -0.224538
1516987148 -0.754817 -2.551279 -2.105331 1.669859 0.077656 -0.001928
