0 0.357070 0.446001 -0.643557 0.686059 -0.073499 -0.042844
19958497 0.684186 0.479872 -0.761261 0.631558 -0.083656 -0.047184
39916993 0.506319 0.558692 0.303514 0.566872 -0.081930 -0.083800
59875489 0.464146 0.685888 -0.004207 0.613588 -0.084986 -0.048980
79833985 0.760238 0.856074 -0.224135 0.547419 -0.097199 -0.076580
99792481 -0.021155 0.853659 0.096142 0.686314 -0.088074 0.009703
119750977 -0.873372 1.154065 0.000658 0.776026 -0.115029 0.100106
139709473 -0.985378 1.657401 -0.303971 0.725976 -0.168187 0.117314
159667969 0.198137 2.899671 -0.511724 0.456222 -0.298604 -0.005691
179626465 1.375154 4.200715 -0.989038 0.209379 -0.434051 -0.135089
199584961 0.998931 4.422536 -1.199224 0.264326 -0.456321 -0.086569
219543457 -0.014758 4.504406 -1.119678 0.417503 -0.443685 0.047213
239501954 -0.862837 4.778605 -0.042814 0.523552 -0.403379 0.143076
259490967 -1.142551 5.378691 1.986783 0.502743 -0.380497 0.142584
279449463 0.199039 6.438240 2.396192 0.327235 -0.455361 0.016165
299407959 0.218699 6.322351 0.667426 0.320444 -0.523091 0.003214
319366456 -0.102297 5.263124 -0.011557 0.384731 -0.478487 0.028465
339324952 -1.202444 4.391510 1.567404 0.546770 -0.361694 0.112649
359283448 -0.680385 4.475646 2.603570 0.493783 -0.357843 0.050574
379241944 1.098226 4.872492 0.722736 0.264960 -0.458610 -0.115654
399200440 0.438812 3.815243 -0.856620 0.350583 -0.440735 -0.063755
419158936 -0.752998 3.377714 -1.301021 0.550966 -0.405143 0.080570
439117432 -0.883084 2.587224 -0.194027 0.676612 -0.248754 0.116355
459075928 -2.615427 1.264504 3.037197 0.912244 -0.040157 0.262538
479034424 -2.592881 0.617223 7.502505 0.802473 0.031763 0.231542
498992920 0.710328 1.636981 7.738752 0.370439 -0.019827 0.066697
518951416 2.241797 0.738086 3.978918 0.126320 0.027400 -0.025303
538940430 2.632831 -1.361202 -1.035666 -0.043505 0.245877 -0.123881
558898926 3.215510 -3.068278 -2.230911 -1.759344 0.444934 -0.271339
578857422 2.160879 -5.777414 -0.831016 3.059551 0.616417 -0.148681
598815918 0.516701 -7.725963 0.560972 2.551393 0.676812 0.003223
618774415 0.697884 -8.424937 1.030499 2.597069 0.684918 -0.045224
638732911 1.654008 -8.752028 -0.179567 2.823984 0.744060 -0.183589
658691407 1.231126 -8.754960 -0.876869 2.827826 0.779035 -0.174976
678649903 -0.757703 -8.037907 -0.856197 2.410248 0.746389 0.038789
698608399 -2.253689 -7.720778 -0.023363 2.105620 0.677796 0.188021
718566895 -2.142007 -6.441387 0.279469 1.995958 0.581377 0.174699
738525391 -1.549787 -5.336201 -0.373035 1.985214 0.528745 0.127394
758483887 -0.879950 -4.228080 -1.507896 1.995587 0.482901 0.067519
778442383 0.018382 -3.190989 -2.369707 2.034299 0.413840 -0.039009
798431397 0.175879 -2.574167 -2.140194 1.834895 0.328393 -0.052779
818389893 0.002016 -2.302579 -1.706399 1.654739 0.275966 -0.024141
838348389 -0.206254 -1.938463 -1.874325 1.525886 0.231189 0.004817
858306885 -0.266960 -1.901150 -2.545726 1.589082 0.240298 0.014492
878265381 0.536675 -1.376091 -2.099089 1.290154 0.157760 -0.089876
898223877 1.216211 -0.151614 -1.393068 0.671800 -0.001687 -0.159321
918182374 1.109936 0.131298 -1.948347 0.569812 -0.038600 -0.156320
938140870 0.417848 -0.437816 -2.057133 0.899892 0.034626 -0.076155
958099366 0.138265 -0.578057 -0.807079 1.035988 0.046403 -0.040576
978057862 0.382057 -0.322542 -0.150355 0.916782 0.018377 -0.064123
998016358 0.770159 0.008119 -0.274939 0.784522 -0.012542 -0.101016
1017974854 0.236734 -0.105819 -0.731903 0.889893 0.003707 -0.043956
1037933350 -0.144217 -0.513687 -0.494652 1.059976 0.051091 -0.003616
1057891846 -0.186298 -0.449168 0.208704 1.038712 0.042700 -0.001920
1077880860 -0.246924 -0.514403 0.279194 1.062487 0.050481 0.003814
1097839356 -0.023085 -0.428976 0.239334 1.010426 0.044463 -0.016744
1117797852 0.214971 -0.296548 0.304461 0.960667 0.033234 -0.038004
1137756348 0.356315 -0.047470 0.502784 0.861166 0.009308 -0.049354
1157714844 0.014308 -0.222883 0.176158 0.968224 0.026940 -0.015880
1177673340 -0.573459 -0.393289 -0.348614 0.950909 0.026940 -0.015880
1197631836 -0.468401 -0.460325 -0.513116 1.085324 0.052179 0.030513
1217590332 0.039791 -0.239086 -0.029357 0.953067 0.027027 -0.023103
1237548829 0.268798 0.130567 0.203747 0.849262 -0.010552 -0.042700
1257507325 0.295706 0.122632 0.035497 0.850020 -0.010244 -0.042943
1277465821 0.094849 0.007473 -0.331742 0.902663 0.001015 -0.021813
1297424317 0.054373 0.204435 -0.563352 0.861457 -0.020805 -0.019769
1317382813 0.096578 0.169118 -0.364753 0.866120 -0.016294 -0.026993
1337371827 0.215998 0.147360 0.218825 0.854623 -0.012938 -0.040266
1357330323 0.313025 -0.021671 0.394071 0.863881 0.004707 -0.049441
1377288819 0.115584 -0.221892 0.182337 0.962745 0.026450 -0.029827
1397247315 0.095484 -0.482746 0.224607 1.019767 0.053113 -0.029221
1417205811 0.092102 -0.877338 0.514970 1.116626 0.088641 -0.032112
1437164307 0.237864 -1.413841 0.808244 1.243725 0.134331 -0.047025
1457122803 -0.015876 -2.415305 0.647242 1.543127 0.227438 -0.024340
1477081299 -0.898467 -3.687075 1.035774 1.769500 0.324068 0.055719
1497039795 -2.816070 -3.455983 1.324204 1.781318 0.324068 0.055719
