0 0.654395 0.540979 0.170662 0.731404 0.011757 -0.054295
19958496 0.960578 0.903702 -0.764175 0.459573 -0.060456 -0.141004
39916992 1.128699 1.376225 -0.721698 0.381462 -0.107832 -0.155949
59906006 1.474851 2.037674 -0.507781 0.384116 -0.107832 -0.155949
79864502 1.649274 2.718476 -0.998892 0.255556 -0.170207 -0.185129
99822998 1.334122 3.137938 -1.141807 0.232096 -0.285674 -0.164336
119781494 0.359699 3.218902 -0.913905 0.407069 -0.279465 -0.038527
139739990 -0.466010 3.849176 -0.774888 0.493496 -0.328449 0.066284
159698487 -1.162963 4.501998 -0.904262 0.543640 -0.386722 0.150114
179656983 -1.394973 4.766237 -1.067614 0.545527 -0.411010 0.174229
199615479 -1.156050 4.855540 -0.127896 0.508233 -0.378192 0.126144
219573975 -1.708747 4.824445 2.260879 0.569019 -0.302167 0.145263
239532471 -1.769418 5.440900 3.203684 0.542821 -0.328337 0.143662
259490967 -0.992863 5.694547 1.824244 0.461579 -0.391986 0.103322
279449463 -0.409277 6.310440 1.255144 0.381173 -0.466239 0.059624
299407959 -0.198080 6.615522 2.084048 0.331896 -0.471346 0.031127
319396973 -0.072960 6.282743 2.391986 0.326259 -0.452861 0.012194
339355469 -0.206953 5.643258 2.532517 0.352985 -0.417989 0.022132
359313965 -0.758757 4.471518 1.832685 0.354647 -0.417989 0.022132
379272461 -1.784149 3.648781 1.933233 0.555731 -0.306839 0.155220
399230957 -3.251303 2.382311 3.446002 0.728602 -0.191194 0.235708
419189453 -3.794813 0.824824 4.645039 0.864823 -0.082467 0.246610
439147949 -2.292802 -0.230545 4.647778 0.842339 -0.022182 0.149003
459106446 -0.048813 -0.415746 2.258661 0.617594 -0.021315 0.003159
479064942 1.985199 -0.398317 -0.039390 0.080630 -0.033942 -0.193457
499023438 2.182886 -1.234305 -0.970204 0.038666 -0.033942 -0.193457
518981934 2.014282 -2.345542 -0.813115 -0.123306 0.169863 -0.222423
538970948 0.807965 -4.106020 0.042877 1.819420 0.328361 -0.088785
558929444 0.062439 -5.645479 0.111730 1.873276 0.328361 -0.088785
578887940 -0.879379 -7.102594 -0.306489 2.303250 0.597177 0.096939
598846436 -1.138699 -7.697365 -1.345982 2.364486 0.697740 0.146385
618804932 -0.588421 -7.623092 -1.807412 2.526376 0.728086 0.074903
638763428 0.771684 -6.760617 -0.876615 2.755622 0.613294 -0.105906
658721924 0.770433 -6.230355 0.293842 2.597473 0.520843 -0.107803
678680420 -1.328001 -6.938636 0.952272 2.152387 0.545712 0.088060
698638916 -2.687369 -6.818685 0.018454 2.004960 0.566802 0.225911
718597412 -0.551502 -5.471008 -0.815680 2.232345 0.510904 0.010095
738555908 0.861792 -3.718658 -0.845645 2.097651 0.348398 -0.142495
758514405 -0.329441 -3.731165 -0.560068 1.849685 0.344822 0.002584
778472901 -1.088261 -3.699743 -0.926396 1.759774 0.353434 0.101374
798461914 -0.688219 -2.970455 -1.921802 1.704904 0.312056 0.071480
818420410 -0.088840 -2.382463 -2.192856 1.526893 0.252514 -0.003146
838378907 0.174912 -2.045628 -1.195652 1.288418 0.188064 -0.033952
858337403 -0.307762 -1.885195 -0.655429 1.229320 0.160013 0.019914
878295899 -0.452671 -1.983741 -1.023344 1.313297 0.177764 0.036595
898254395 0.007161 -1.607589 -0.984645 1.109667 0.136309 -0.017418
918212891 0.618219 -0.931151 -0.626810 0.744893 0.057810 -0.085089
938171387 0.759029 -0.910495 -0.757347 0.682898 0.057522 -0.102139
958129883 0.126418 -1.002327 -0.996457 0.901619 0.071338 -0.036011
978088379 0.155934 -0.929889 -0.690226 0.837701 0.061604 -0.043771
998046875 0.676421 -0.652206 -0.413864 0.635438 0.030564 -0.103623
1018005371 1.029220 -0.459019 -0.263638 0.483072 0.010983 -0.141756
1037963867 0.650648 -0.435405 -0.334147 0.600581 0.011117 -0.104797
1057952881 0.010720 -0.922926 0.053219 0.869490 0.062832 -0.037075
1077911377 -0.011746 -0.969560 0.472202 0.895376 0.066312 -0.034146
1097869873 0.571867 -0.565346 0.517111 0.665182 0.027362 -0.090114
1117828369 1.147506 -0.047576 0.280778 0.421276 -0.023568 -0.148097
1137786865 1.137366 0.077419 -0.230322 0.380735 -0.038190 -0.155442
1157745362 0.714832 -0.024847 -0.480640 0.487321 -0.028687 -0.118127
1177703858 0.334302 -0.304181 -0.324563 0.646549 0.002024 -0.080031
1197662354 0.542757 -0.462234 0.268335 0.619030 0.019009 -0.098060
1217620850 0.996459 -0.078809 0.557546 0.478197 -0.017921 -0.139232
1237579346 1.405426 0.168677 0.221288 0.294034 -0.042878 -0.184450
1257537842 1.249177 0.080282 0.087347 0.350395 -0.034943 -0.173258
1277526856 0.773012 -0.139950 0.135322 0.513235 -0.013437 -0.127034
1297485352 0.345202 -0.553239 0.087225 0.691543 0.028570 -0.085354
1317443848 -0.056493 -0.817367 0.230195 0.849110 0.054991 -0.045010
1337402344 -0.028865 -0.697482 0.444630 0.821267 0.041205 -0.048274
1357360840 0.485937 -0.500901 0.253073 0.631033 0.020921 -0.101940
1377319336 0.453829 -0.593588 0.128278 0.669924 0.020921 -0.101940
1397277832 0.100279 -0.878893 0.299467 0.825272 0.056912 -0.063663
1417236328 0.094313 -0.987206 0.346530 0.861884 0.065119 -0.062890
1437194824 -0.001345 -1.205734 -0.145142 0.959027 0.089217 -0.056188
1457153321 -0.076032 -1.292851 0.127594 0.974255 0.094005 -0.046433
1477111817 0.005903 -0.952773 0.127947 0.875167 0.056970 -0.054158
1497070313 0.027025 -1.137510 -0.357447 0.947161 0.076600 -0.058994
1517028809 -0.159921 -1.162677 -0.562817 0.974160 0.078415 -0.042163
