0 -0.066713 0.381746 -0.509040 0.773275 0.130377 0.183871
19958496 0.299047 0.556491 -0.003216 0.657179 0.109267 0.135550
39916992 0.366401 0.454326 0.083921 0.639224 0.121132 0.125522
59875488 0.115205 0.382524 -0.129024 0.700871 0.133841 0.152382
79833984 0.124759 0.382217 0.033565 0.713315 0.135151 0.147932
99792480 0.357322 0.586729 0.265922 0.709783 0.135151 0.147932
119781494 0.511454 0.569016 0.197369 0.625002 0.114779 0.119951
139739990 0.377126 0.597074 -0.164967 0.588905 0.119668 0.101768
159698486 0.123600 0.825642 -0.104206 0.629095 0.124087 0.116335
179656982 0.045822 1.276777 0.101356 0.590891 0.058693 0.137707
199615478 0.073541 1.459785 0.092452 0.558486 0.044011 0.125522
219573975 0.341979 1.539311 -0.286991 0.515688 0.042376 0.090613
239532471 0.419355 1.968367 -0.548112 0.478499 0.004800 0.071003
259490967 0.511923 3.150443 0.516124 0.366235 -0.104271 0.040150
279449463 -0.048766 4.367332 1.723024 0.387743 -0.193710 0.071551
299407959 -0.912159 5.284495 2.583982 0.434890 -0.250220 0.125962
319366455 -1.768147 6.106637 3.536133 0.490471 -0.292884 0.177468
339355469 -2.229378 6.010331 4.112379 0.536285 -0.281505 0.204712
359313965 -2.121789 5.390405 4.982456 0.541632 -0.238496 0.189259
379272461 -1.464062 4.798998 5.327469 0.505618 -0.213839 0.143903
399230957 0.465938 4.462931 4.115411 0.351544 -0.232897 0.018274
419189453 1.070823 4.673242 1.522105 0.255971 -0.326137 -0.033363
439147949 1.662739 5.321597 -0.111388 0.147126 -0.451971 -0.105031
459106445 1.731472 5.651775 -0.095989 0.124361 -0.495395 -0.119273
479064941 2.845850 5.912607 -0.289539 -0.010061 -0.530622 -0.234105
499023437 3.261916 7.233607 0.558973 -0.015511 -0.530622 -0.234105
518981934 -5.022364 6.645796 -2.206063 0.849565 -0.631664 0.623031
538940430 -7.562431 3.868805 -5.016832 1.163630 -0.420616 1.014979
558929443 -1.807726 1.590927 -1.397919 0.759740 -0.194440 0.218067
578887939 4.199531 -0.282557 4.382249 -0.122212 0.002589 -0.278655
598846435 5.737793 -1.950501 2.859910 -0.614397 0.095191 -0.401655
618804932 -0.408800 -4.943776 -2.826666 2.188860 0.509843 0.105593
638763428 -9.686458 -10.052298 -8.394370 1.360762 0.749890 1.431279
658721924 -5.989971 -10.674664 -5.483220 1.788631 0.970552 0.903807
678680420 -1.113147 -10.152565 3.305455 2.419832 0.643112 0.025325
698638916 -0.079455 -11.253910 5.827229 2.429237 0.609970 -0.034659
718597412 1.339113 -11.088720 3.010206 2.769362 0.690409 -0.125643
738555908 2.176434 -8.695216 1.196323 3.000519 0.631535 -0.190860
758544922 0.793267 -7.028481 -0.000644 2.718704 0.585957 -0.059042
778503418 -1.643837 -5.780389 -0.301680 2.093728 0.502650 0.196038
798461914 -2.865919 -4.233030 0.444132 1.673220 0.346084 0.291329
818420410 -1.780261 -3.146815 1.416926 1.419396 0.241711 0.171777
838378906 -0.165340 -2.957238 1.035067 1.445509 0.241711 0.171777
858337402 0.565809 -3.009458 -0.605191 1.500504 0.271592 -0.043134
878295898 -0.097689 -2.516304 -2.027659 1.487485 0.253070 0.035721
898254394 -0.920003 -1.762955 -3.341388 1.342795 0.189677 0.170088
918212891 -1.005425 -1.296640 -3.040756 1.203276 0.125940 0.185736
938171387 -1.085020 -1.068753 -0.083811 1.038170 0.071737 0.152129
958129883 0.083587 -0.666092 1.320640 0.708313 0.025458 0.041876
978088379 0.285326 -1.207414 -0.050643 0.731230 0.080678 0.036491
998077393 -0.033180 -1.000513 -1.325768 0.804879 0.069574 0.082812
1018035889 -0.245618 -0.354063 -0.840460 0.711687 -0.000535 0.101266
1037994385 -0.378543 -0.151628 0.072219 0.673793 -0.015513 0.105892
1057952881 0.562516 -0.377894 1.114569 0.488525 0.009254 0.015423
1077911377 1.172027 -0.645577 1.666981 0.329643 0.030580 -0.033949
1097869873 0.908450 -0.574776 0.873613 0.352332 0.022067 -0.012612
1117828369 0.525750 -0.391072 -0.366597 0.463450 0.003059 0.022434
1137786865 0.001489 -0.347402 -0.017628 0.602425 -0.001961 0.074102
1157745361 -0.237351 -0.202288 0.575727 0.616937 -0.017528 0.095170
1177703857 0.110846 -0.194106 0.504247 0.545186 -0.020953 0.064307
1197662353 0.305373 -0.274856 0.603247 0.500785 -0.016155 0.044795
1217651367 0.143627 -0.308167 0.634583 0.534181 -0.017472 0.058431
1237609863 0.091371 -0.315926 0.168956 0.555724 -0.017472 0.058431
1257568359 -0.068594 -0.166643 0.057412 0.599309 -0.042278 0.073976
1277526855 0.205699 -0.319611 -0.347754 0.570965 -0.033019 0.043208
1297485351 0.400874 -0.535783 -0.577830 0.564316 -0.014602 0.020864
1317443848 0.123390 -0.404067 -0.291917 0.564316 -0.014602 0.020864
1337402344 -0.133572 -0.309893 -0.442672 0.616882 -0.032341 0.047534
1357360840 -0.038172 -0.437269 -0.159544 0.661329 -0.033883 0.055858
1377319336 0.733752 -0.564407 0.305887 0.447066 -0.024272 -0.026661
1397277832 0.821949 -0.700444 -0.469812 0.422302 -0.016504 -0.042823
1417236328 0.394734 -0.665737 -0.753117 0.562867 -0.023438 -0.002664
1437225342 0.068301 -0.545081 -0.458980 0.667563 -0.037122 0.027341
1457183838 -0.070886 -0.554094 -0.309273 0.700505 -0.036017 0.038580
1477142334 0.044284 -0.485010 0.107433 0.667913 -0.042278 0.024315
1497100830 0.587942 -0.516419 0.758827 0.676058 -0.042278 0.024315
