0 -0.308169 0.154874 0.815120 0.721960 0.042650 0.074989
19958496 -0.100119 0.233441 0.285812 0.698743 0.025672 0.075677
39947510 -0.276753 0.157545 0.197936 0.739011 0.033992 0.092568
59906006 -0.229471 0.169975 0.339462 0.734947 0.031638 0.086555
79864502 0.226648 0.191932 -0.001184 0.728143 0.031638 0.086555
99822998 0.512121 0.140392 -0.607141 0.614125 0.037657 0.012036
119781494 0.532992 0.066866 -0.713840 0.629446 0.049745 0.006356
139739990 0.224197 0.142130 -0.327143 0.668398 0.044147 0.038091
159698486 0.005063 0.356485 -0.095008 0.670982 0.024754 0.058960
179656982 0.099934 0.267164 -0.007072 0.663143 0.037305 0.047653
199615478 0.072525 0.219889 0.155713 0.663143 0.037305 0.047653
219573974 -0.129686 0.307174 0.164828 0.690441 0.044409 0.047354
239532471 -0.421743 0.596884 -0.212357 0.718642 0.037582 0.065607
259521484 -0.611306 0.941903 -0.668145 0.717162 -0.023579 0.117660
279479980 -0.248507 1.337103 -1.000901 0.600286 -0.063875 0.075514
299438476 0.246906 2.025147 -1.020050 0.600286 -0.063875 0.075514
319396972 0.131553 2.736716 -0.834941 0.420724 -0.196971 0.010247
339355469 -0.868631 3.712605 -0.279787 0.505059 -0.271142 0.107866
359313965 -1.100248 4.086997 0.655687 0.532522 -0.275005 0.117914
379272461 -0.985241 4.610998 1.009722 0.484477 -0.310075 0.103875
399230957 -0.779309 5.351943 1.622486 0.440924 -0.356281 0.080166
419189453 0.141872 5.949878 1.692127 0.440924 -0.356281 0.080166
439147949 0.493293 6.016209 1.584722 0.319514 -0.407264 -0.005874
459106445 -0.291629 6.084196 1.568147 0.286985 -0.422921 -0.043543
479095459 -0.603819 5.737107 1.105457 0.399957 -0.435831 0.059402
499053955 -0.324056 5.564839 2.010339 0.378394 -0.400843 0.034917
519012451 1.121238 5.560253 3.546676 0.241444 -0.367625 -0.077677
538970947 2.281565 5.026056 3.103045 0.121178 -0.355837 -0.169110
558929443 1.214489 4.070470 1.204659 0.216971 -0.357661 -0.102460
578887939 -0.236051 3.212833 1.837176 0.454670 -0.288835 0.039356
598846435 1.124100 3.317102 3.980157 0.336788 -0.270281 -0.041225
618804931 -2.377837 2.465383 2.732629 0.739300 -0.249341 0.246773
638763428 -6.056019 1.267408 -1.723456 1.137207 -0.203995 0.695903
658721924 -4.471044 -0.387584 -1.537793 1.207689 -0.034314 0.532228
678680420 -2.004712 -2.648233 0.959557 1.379932 0.192575 0.183397
698669433 -1.297053 -6.445636 0.332493 2.188184 0.544470 0.082986
718627929 0.914061 -8.002888 2.166905 2.572676 0.580586 -0.133412
738586426 2.739121 -8.226663 4.261665 2.697406 0.507830 -0.237875
758544922 2.264543 -8.005787 1.418972 2.865206 0.572729 -0.243382
778503418 0.392161 -7.867294 -3.785858 2.849178 0.858538 -0.126494
798461914 -0.361741 -7.404281 -5.386225 2.898686 0.858538 -0.126494
818420410 -0.208138 -6.648416 -2.876891 2.746004 0.979729 0.016197
838378906 -0.268289 -5.918132 -0.159595 2.636590 0.714516 -0.013801
858337402 0.117287 -5.297070 -0.057516 2.340972 0.512143 -0.012890
878295898 0.663418 -4.741063 -0.769381 2.328063 0.464452 -0.061746
898254394 1.354868 -4.219743 -0.918764 2.480291 0.451467 -0.136332
918212890 1.443887 -4.075223 -0.370166 2.759228 0.411354 -0.224199
938201904 1.151011 -3.476938 -1.040873 2.422093 0.348269 -0.226719
958160400 1.384547 -2.566101 -2.009119 1.136577 0.282553 -0.293325
978118896 1.331472 -2.313731 -2.007000 0.187198 0.256157 -0.290266
998077392 0.944221 -2.009004 -1.527280 0.843990 0.214212 -0.222796
1018035888 0.317564 -1.546272 -1.016492 0.847384 0.157892 -0.132982
1037994385 -0.062009 -0.535723 -0.598415 0.667187 0.046372 -0.084571
1057952881 -0.444238 -0.122713 -0.446985 0.688290 0.003602 -0.043227
1077911377 -0.839119 -0.262468 -0.434080 0.696199 0.003602 -0.043227
1097869873 -1.237029 -0.168623 -0.166560 0.843509 0.010973 0.054393
1117828369 -1.207752 0.117624 -0.493156 0.807985 -0.017032 0.058878
1137817383 -0.571002 -0.031375 -0.528039 0.728791 0.004154 -0.010903
1157775879 0.200934 -0.236400 -0.227313 0.566022 0.030036 -0.095283
1177734375 0.428880 -0.253714 0.065322 0.541766 0.033918 -0.116599
1197692871 -0.278248 -0.198890 0.197989 0.699955 0.031256 -0.043304
1217651367 -0.952687 0.215364 0.407706 0.749933 -0.007070 0.023570
1237609863 -0.660958 0.233643 0.350290 0.698548 -0.006165 -0.006638
1257568359 -0.019580 0.054766 0.262881 0.609791 0.013835 -0.070185
1277526855 0.207278 -0.068102 0.631031 0.572724 0.025717 -0.086460
1297485351 0.001604 0.077566 0.848828 0.597558 0.009909 -0.061744
1317443847 -0.565927 0.047030 0.575660 0.702392 0.011573 -0.005556
1337402344 -0.720619 0.094537 0.382135 0.713517 0.006603 0.009905
1357360840 -0.201080 0.110994 0.238252 0.632046 0.005737 -0.043035
1377349853 0.147096 -0.029663 0.499187 0.552479 0.019521 -0.075844
1397308349 0.239349 -0.210458 0.738301 0.596704 0.034481 -0.081331
1417266846 0.253096 -0.229375 0.437576 0.569651 0.034543 -0.083219
1437225342 0.186983 -0.156134 0.148796 0.567659 0.025470 -0.078430
1457183838 0.199307 -0.144058 -0.070963 0.548463 0.022601 -0.082162
1477142334 0.205519 -0.152062 -0.132547 0.548172 0.021262 -0.083675
1497100830 0.116836 -0.185044 -0.370376 0.581956 0.023337 -0.076188
1517059326 0.119321 -0.066421 -0.430675 0.568697 0.009704 -0.076694
