0 0.178364 0.588413 0.684197 0.559557 -0.089319 -0.053760
19958496 0.654060 1.179501 -0.292438 0.427943 -0.155230 -0.080090
39916993 0.712122 1.722478 -0.592480 0.377559 -0.214851 -0.083227
59875489 0.645134 2.141790 -1.119879 0.356092 -0.214851 -0.083227
79833985 0.875398 2.726713 -1.925379 0.322973 -0.268762 -0.072368
99822998 0.504208 3.518778 -2.033376 0.302118 -0.429666 -0.031008
119781494 -1.115159 3.569463 -1.052247 0.541820 -0.374195 0.168631
139739991 -2.027994 3.832598 -0.215092 0.528473 -0.374195 0.168631
159698487 -1.749742 4.765632 -0.094445 0.535067 -0.432225 0.219826
179656983 -0.470366 6.600236 0.071604 0.340205 -0.577484 0.085685
199615479 0.841839 7.867495 0.066564 0.175615 -0.666264 -0.048301
219573975 0.778022 8.228132 -0.268546 0.178013 -0.706380 -0.036403
239532471 0.145193 8.485007 -0.347276 0.244956 -0.724154 0.039795
259490967 0.413983 8.935555 0.578140 0.217468 -0.724154 0.039795
279449463 0.282808 9.105661 3.809496 0.185149 -0.584973 -0.006704
299407959 -1.242085 7.041998 6.252487 0.328108 -0.418513 0.068529
319366455 -2.038473 5.218821 6.502544 0.458094 -0.328974 0.106114
339355469 -2.723945 4.107534 5.440127 0.565482 -0.296323 0.162809
359313965 -3.038452 3.115420 3.404803 0.644824 -0.282749 0.222914
379272461 -2.076527 2.818121 1.468471 0.560327 -0.324460 0.190130
399230957 -0.811849 2.831265 -0.417977 0.393779 -0.408125 0.102698
419189453 -0.428344 1.619739 -1.468352 0.378561 -0.343667 0.074746
439147950 -1.044714 -0.968987 -0.519777 0.751000 -0.046089 0.140883
459106446 -1.179631 -3.591185 0.632805 1.338062 0.200674 0.140479
479064942 -0.707849 -5.989087 1.174670 2.095174 0.383499 0.089197
499023438 0.626352 -7.551556 0.158401 2.786268 0.539508 -0.030015
518981934 1.478182 -9.020705 -0.481814 3.085819 0.674381 -0.107413
538940430 1.219002 -10.323735 -0.347728 3.049127 0.752217 -0.071453
558898926 0.904515 -10.305978 0.056934 3.003613 0.732246 -0.048956
578887940 0.754215 -9.536916 0.321545 2.975941 0.676226 -0.054285
598846436 -0.461732 -9.095542 1.015384 2.663173 0.622657 0.043606
618804932 -1.067414 -8.257875 2.454171 2.395387 0.517540 0.076711
638763428 -1.330537 -7.283071 2.615331 2.213295 0.451430 0.091392
658721924 -1.321693 -6.706753 1.675931 2.177625 0.443333 0.099213
678680420 -1.059984 -5.432510 0.814259 2.034863 0.374301 0.089314
698638916 -1.306144 -4.539595 -0.435054 1.913157 0.331645 0.135206
718597412 -1.164963 -3.533413 -1.649248 1.723138 0.261827 0.145622
738555909 -0.885419 -3.004235 -2.185882 1.765396 0.261827 0.145622
758514405 -0.305316 -2.567788 -2.002359 1.639970 0.210508 0.120680
778472901 0.090104 -1.317914 -1.588395 0.795850 -0.013576 -0.011215
798431397 -0.110591 -1.008299 -1.975630 0.760721 -0.053947 0.013656
818389893 0.288785 -1.000488 -2.053061 0.732223 -0.053947 0.013656
838378907 1.455003 -0.740463 -1.258176 0.032542 -0.074657 -0.193782
858337403 2.045450 -0.243356 -0.215964 0.060506 -0.074657 -0.193782
878295899 1.279186 -0.416838 0.574769 0.193293 -0.086436 -0.159692
898254395 -0.142960 -1.487045 0.741754 0.853887 0.016528 -0.027554
918212891 0.218181 -1.459334 0.216277 0.760885 0.014960 -0.069554
938171387 1.146546 -0.746847 0.165373 0.284100 -0.054633 -0.162862
958129883 1.513457 -0.208725 0.208793 0.125440 -0.105431 -0.195813
978088379 1.100849 -0.378382 -0.099608 0.263718 -0.090953 -0.158421
998046875 0.248522 -0.836354 -0.170927 0.582139 -0.044125 -0.071307
1018005371 -0.317696 -1.276296 -0.068490 0.827472 0.001990 -0.013439
1037963868 0.195884 -1.053418 0.026985 0.658876 -0.020159 -0.066438
1057922364 0.990596 -0.442572 0.168250 0.312819 -0.080100 -0.143732
1077911377 1.317555 -0.264525 -0.022649 0.163347 -0.099569 -0.179809
1097869873 1.555318 -0.159652 -0.175624 0.056769 -0.113253 -0.210818
1117828369 1.560373 -0.388828 -0.447105 0.030697 -0.093298 -0.223387
1137786866 1.426442 -0.630878 -0.220691 0.093796 -0.064288 -0.210021
1157745362 1.244040 -1.000387 0.484987 0.262124 -0.021300 -0.183498
1177703858 -0.006910 -1.615217 1.314739 0.869192 0.034756 -0.064804
1197662354 -0.996768 -1.968016 0.919398 1.141546 0.064577 0.016733
1217620850 -0.767149 -1.745322 0.395204 1.184060 0.064577 0.016733
1237579346 0.017210 -1.904869 0.472385 1.096480 0.041422 -0.012386
1257537842 0.245609 -2.232734 0.197592 1.028018 0.056443 -0.085800
1277496338 -0.088776 -2.324427 0.174902 1.084332 0.093377 -0.101062
1297454834 -0.191973 -2.201366 0.031517 1.173336 0.087058 -0.054267
1317443848 -0.182330 -2.233272 -0.240821 1.174189 0.085153 -0.065081
1337402344 -0.118977 -2.788857 0.095641 1.382405 0.130870 -0.077675
1357360840 0.306551 -3.013347 0.768400 1.474557 0.130870 -0.077675
1377319336 0.702337 -2.491838 0.774245 1.503709 0.137924 -0.112934
1397277832 0.718238 -2.387800 0.358134 1.023818 0.071675 -0.134971
1417236328 0.552798 -2.408747 -0.741765 1.138740 0.076470 -0.124090
1437194825 0.578625 -2.497972 -0.587901 1.139053 0.076470 -0.124090
1457153321 0.751891 -3.070133 -0.129587 1.685966 0.129254 -0.136929
1477111817 0.243610 -2.407010 0.616447 1.701626 0.129254 -0.136929
1497070313 -0.769714 -0.868501 0.645774 0.894405 -0.105117 0.023448
