0 0.382287 0.585951 0.002672 0.441206 0.115131 -0.044718
19958496 0.409506 0.550569 -0.228508 0.403092 0.125004 -0.068734
39916992 0.110758 0.544966 -0.119100 0.478007 0.128861 -0.036814
59875488 0.554421 0.601421 0.364631 0.374657 0.120070 -0.080040
79833985 0.798559 0.477892 0.191701 0.329046 0.136741 -0.106684
99792481 0.696824 0.719006 -0.230534 0.312185 0.121529 -0.101441
119750977 0.730049 1.093515 -0.006830 0.301479 0.083845 -0.104122
139709473 0.994296 1.014572 0.288428 0.263163 0.090694 -0.128831
159698487 1.275976 0.955837 -0.389218 0.185886 0.104939 -0.170892
179656983 1.216602 1.037528 -0.621159 0.194098 0.102518 -0.173389
199615479 1.275891 1.579207 -0.336236 0.160365 0.045483 -0.179442
219573975 0.872097 2.165439 -0.122407 0.233614 -0.015105 -0.137909
239532471 -0.592196 2.913558 -0.918443 0.408860 -0.101422 0.013348
259490967 -2.400579 4.088616 -1.657841 0.584329 -0.243267 0.234899
279449463 -2.090378 4.450828 -0.616235 0.518198 -0.249215 0.173376
299407959 -0.497092 4.881244 1.775715 0.516951 -0.249215 0.173376
319366455 0.365136 5.978202 2.682568 0.357233 -0.235947 -0.000000
339324951 -0.081036 6.342160 2.316115 0.255051 -0.307187 -0.063959
359283447 -0.864410 7.066947 1.623629 0.337043 -0.432769 0.048784
379272461 -1.388857 7.278768 2.834228 0.375140 -0.413784 0.086938
399230957 1.340780 7.455915 5.069594 0.179125 -0.375805 -0.109621
419189453 3.565099 8.253326 4.199910 -0.004505 -0.447782 -0.266748
439147949 2.001170 9.222773 1.423472 -0.009765 -0.447782 -0.266748
459106445 -1.217284 9.442351 -1.501005 0.060113 -0.621173 -0.203663
479064942 -0.301703 9.444045 -1.379359 0.352453 -0.797846 0.080873
499023438 3.046233 8.613879 3.473921 0.027437 -0.490739 -0.321092
518981934 4.358694 4.949760 8.574347 0.121542 -0.195377 -0.313601
538940430 -0.539202 -1.116932 8.474748 0.752202 0.109020 -0.059235
558898926 -2.276953 -4.218703 4.658968 1.296113 0.313656 0.052426
578887940 -3.844366 -7.591089 -0.745706 1.867259 0.690797 0.271576
598846436 -1.763026 -10.084209 -1.709678 2.380804 0.899451 0.077902
618804932 0.282409 -12.659798 2.552627 2.616648 0.802678 -0.102079
638763428 2.851254 -14.404744 6.529180 2.847742 0.716535 -0.226351
658721924 5.005300 -14.044297 6.484976 -3.076760 0.680536 -0.349264
678680420 4.180198 -12.885673 1.322664 -2.894876 0.798378 -0.437561
698638916 0.772638 -11.062858 -2.158638 3.042356 0.931952 -0.262303
718597412 -0.171570 -8.665995 -2.525259 2.864847 0.838737 -0.194989
738555908 0.510391 -7.504176 -2.149653 2.990671 0.721753 -0.301556
758514404 0.824614 -6.823942 -2.743266 3.108207 0.691955 -0.384421
778472901 0.961984 -5.537201 -4.080947 -2.918657 0.652556 -0.500131
798461914 0.644035 -4.715960 -4.490733 -2.917586 0.601995 -0.499675
818420410 -0.062048 -3.878098 -3.839705 2.882910 0.478170 -0.354189
838378906 -1.173107 -2.883652 -3.195393 1.921494 0.327923 -0.150616
858337403 -0.864327 -2.159767 -1.950803 1.430892 0.183991 -0.145669
878295899 -0.143947 -1.958745 -2.770543 1.321245 0.166010 -0.231598
898254395 -0.688407 -1.543028 -3.404403 1.227523 0.116833 -0.141465
918212891 -0.947259 -0.768636 -3.169395 0.944837 -0.002216 -0.077678
938171387 -1.632932 -0.424920 -1.786592 1.028736 -0.040161 0.043240
958129883 -2.418653 -0.167704 -0.389866 1.072269 -0.057645 0.143487
978088379 -2.934209 0.112081 -0.084842 1.062587 -0.079903 0.205535
998046875 -2.187850 -0.123869 0.078856 1.024399 -0.051479 0.129660
1018035889 -1.179708 -0.488901 -0.068186 0.970262 -0.010449 0.024386
1037994385 -0.744188 -0.566308 -0.342337 0.933342 0.003073 -0.021000
1057952881 -0.849760 -0.618363 -0.409332 0.954060 0.015470 -0.005157
1077911377 -0.436033 -0.538434 0.235651 0.859327 0.012514 -0.038035
1097869873 0.382180 -0.887586 1.231185 0.787823 0.044783 -0.099798
1117828369 -0.281833 -0.916417 0.728780 0.909443 0.050751 -0.033870
1137786865 -1.312023 -0.653915 0.378902 1.011687 0.029273 0.070904
1157745362 -1.817567 -0.547333 0.689332 0.995865 0.029273 0.070904
1177703858 -1.384852 -0.613596 0.860144 0.979163 0.029694 0.079740
1197662354 -0.993321 -0.834078 0.729612 0.988394 0.051972 0.047930
1217651367 -0.440266 -1.269164 0.437404 0.983330 0.051972 0.047930
1237609863 -0.130773 -1.586643 0.327923 1.026182 0.128816 -0.023252
1257568360 0.402346 -1.617952 -0.033674 0.935311 0.137553 -0.071238
1277526856 0.711503 -1.791338 -0.084327 0.940969 0.158222 -0.092220
1297485352 0.871556 -2.079814 0.695636 1.000703 0.175010 -0.087152
1317443848 0.865397 -2.270379 1.136351 1.017329 0.183057 -0.071837
1337402344 0.914708 -2.434285 0.270684 1.083212 0.210717 -0.074695
1357360840 1.183544 -2.616146 0.239200 1.223358 0.224674 -0.094410
1377319336 1.721309 -2.800880 0.520284 1.169395 0.229706 -0.133222
1397277832 1.845343 -2.848514 0.599256 1.245399 0.224281 -0.132309
1417236328 -0.007351 -3.047649 -0.107036 1.667190 0.251323 0.059018
1437225342 -2.331365 -2.988621 -1.452302 1.599346 0.262277 0.342072
1457183838 -1.984310 -2.879597 -1.725662 1.625034 0.259832 0.321931
1477142334 -0.318053 -2.876383 -1.588025 1.763792 0.266549 0.129577
1497100830 -0.214305 -3.103007 -2.459081 1.754766 0.266549 0.129577
