0 0.787269 0.736032 -0.579823 2.391429 -0.039282 -0.131731
19958496 0.662422 0.767121 -0.132862 2.351771 -0.033620 -0.108035
39916992 0.269641 0.751746 -0.211763 2.267084 -0.024036 -0.060139
59875488 -0.203317 0.799030 0.177295 2.177709 -0.020248 -0.000482
79833984 -0.655213 1.049138 0.108691 2.080823 -0.037804 0.056278
99792481 -0.677668 1.355737 0.222595 2.020020 -0.061262 0.067621
119750977 -0.812818 1.978791 0.130926 2.020020 -0.061262 0.067621
139709473 -1.370419 2.085884 0.263057 1.814847 -0.123913 0.146384
159667969 -1.157294 2.850531 -0.037761 1.799963 -0.123913 0.146384
179656983 -0.836808 3.650147 -0.097595 1.440464 -0.276768 0.114367
199615479 -0.448596 4.567893 -0.029036 1.191499 -0.359397 0.081833
219573975 -0.516402 4.729857 0.007570 1.126565 -0.372535 0.091325
239532471 -1.042427 4.639364 0.783867 1.123887 -0.372535 0.091325
259512990 -1.455395 4.604455 1.341466 1.241907 -0.340311 0.134999
279471486 -1.063389 5.016074 0.836312 1.168030 -0.382000 0.149244
299429982 -0.013075 5.325233 0.016167 1.184650 -0.382000 0.149244
319388478 1.131717 5.723949 0.288260 0.923191 -0.451156 0.057346
339346974 0.262726 5.125796 1.230624 0.958348 -0.414230 0.012625
359305470 -0.749928 4.013150 1.567537 1.358765 -0.328610 0.097997
379263966 -1.223563 3.389633 0.506851 1.485975 -0.315890 0.156005
399222463 0.505887 3.747165 -0.189634 1.154128 -0.383416 -0.008987
419211476 1.456994 3.793240 0.329123 0.974606 -0.378028 -0.111749
439169972 0.005011 2.363224 0.197757 1.633036 -0.264586 0.018224
459128468 -1.250468 0.947731 1.312518 1.978783 -0.120568 0.120161
479086965 -1.468299 0.764253 1.492124 1.978783 -0.120568 0.120161
499045461 0.407988 1.876171 1.403819 1.887952 -0.223328 -0.067931
519003957 0.860400 1.682216 0.356738 1.919139 -0.230888 -0.131500
538962453 -0.693723 0.345652 -0.258934 2.074790 -0.102610 0.029137
558920949 -0.790887 -0.957159 -0.339761 2.255383 0.047500 0.049580
578879445 1.888237 -1.792933 -0.467058 2.799093 0.150901 -0.222412
598837941 3.694316 -2.987251 0.020220 3.137389 0.261129 -0.372418
618796437 2.801031 -5.242967 -0.080951 3.050076 0.472181 -0.296146
638754933 1.976278 -6.741682 -0.334107 2.986623 0.606389 -0.239022
658743947 2.060621 -8.145787 0.422711 2.996632 0.661814 -0.246410
678702443 1.588438 -8.889633 -0.355837 2.973644 0.749629 -0.235640
698660939 0.663263 -8.547913 0.265364 2.852503 0.712730 -0.150033
718619435 0.160068 -7.482111 1.478109 2.843116 0.712730 -0.150033
738577931 -0.400929 -6.160419 1.542939 2.672134 0.517633 -0.068537
758536427 -1.046101 -5.872699 1.206135 2.598060 0.513627 -0.014847
778494924 -1.242562 -5.234421 1.185081 2.551424 0.469563 0.007430
798453420 -0.871340 -4.204696 0.595142 2.562016 0.410219 -0.017987
818411916 -0.406096 -3.165765 -0.512020 2.595320 0.354097 -0.057698
838370412 0.118716 -2.628545 -1.601656 2.682991 0.333945 -0.116296
858328908 -0.255730 -2.219702 -2.028319 2.691961 0.333945 -0.116296
878317922 -0.685574 -2.029028 -1.572812 2.519454 0.261355 -0.008158
898276418 -0.590369 -1.824093 -1.485483 2.511020 0.231184 -0.017886
918234914 -0.519752 -1.442706 -1.764330 2.489860 0.191228 -0.026892
938193410 0.302415 -1.012230 -0.994069 2.550624 0.125051 -0.116761
958151906 0.763737 -0.286888 -0.741922 2.533262 0.040283 -0.163514
978110402 0.677713 -0.150828 -0.933917 2.508840 0.024631 -0.157576
998068898 0.465327 -0.533491 -0.833672 2.519155 0.066896 -0.133324
1018027394 0.658223 -0.223449 -0.273447 2.482188 0.030963 -0.143875
1037985890 0.482890 -0.121722 -0.746270 2.471974 0.023710 -0.128408
1057944386 0.120072 -0.398076 -0.543283 2.434427 0.055872 -0.085033
1077902882 0.031883 -0.500509 0.102566 2.422127 0.063863 -0.070307
1097861379 -0.418555 -0.634245 0.039402 2.382812 0.078993 -0.023456
1117819875 -0.659251 -0.843663 -0.108959 2.386264 0.103352 0.002481
1137808888 -0.222566 -0.595248 0.187087 2.400375 0.076338 -0.041382
1157767384 0.019314 -0.278880 0.172302 2.395066 0.044713 -0.066440
1177725881 0.051191 -0.228783 0.129210 2.394058 0.039589 -0.071066
1197684377 0.281190 -0.150756 0.270706 2.411976 0.030886 -0.091865
1217642873 -0.064643 -0.311800 -0.074992 2.411976 0.030886 -0.091865
1237601369 -0.337857 -0.399603 -0.480274 2.391345 0.047832 -0.057770
1257559865 0.187286 -0.221860 -0.444679 2.407608 0.037375 -0.086162
1277518361 0.665673 -0.011620 -0.385586 2.415655 0.037375 -0.086162
1297476857 0.509521 0.061832 -0.616709 2.434118 0.006762 -0.123581
1317435353 0.283867 0.055013 -0.093019 2.387550 0.007896 -0.095888
1337393849 0.106318 -0.109349 0.156327 2.389244 0.025534 -0.077178
1357352345 -0.014959 -0.186709 0.461101 2.356244 0.033675 -0.063674
1377341359 0.140096 -0.088579 0.668620 2.358919 0.033675 -0.063674
1397299855 0.184938 0.089993 0.645903 2.367966 0.023810 -0.077474
1417258351 0.069452 -0.064206 0.566226 2.356373 0.019419 -0.071274
1437216847 0.040447 -0.200797 0.202052 2.377830 0.032100 -0.072435
1457175343 0.234436 -0.011055 0.188003 2.375536 0.032100 -0.072435
1477133840 0.109056 -0.054794 0.169631 2.368883 0.014412 -0.084178
1497092336 0.145670 -0.163098 0.355625 2.379760 0.023568 -0.087800
