0 -0.178030 0.262224 -0.222099 0.727196 0.093145 0.411123
19989014 -0.196838 0.310644 -0.605730 0.716601 0.093145 0.411123
39947510 0.230076 0.076775 0.160204 0.743615 0.094067 0.429331
59906006 0.496496 0.526885 0.662283 0.510408 0.069145 0.315196
79864502 0.391226 1.034425 -0.057374 0.531843 0.021132 0.348169
99822999 0.354092 1.442696 -0.739831 0.536785 -0.021557 0.377003
119781495 0.088979 2.002078 -0.895250 0.536100 -0.021557 0.377003
139739991 0.039194 2.477944 -0.457984 0.467568 -0.128205 0.392043
159698487 -0.044425 3.100359 -0.388345 0.444903 -0.194276 0.399442
179656983 -0.694870 3.819387 -0.851502 0.505879 -0.274290 0.487143
199615479 -0.635396 4.343328 -0.749278 0.472511 -0.328061 0.478199
219573975 -0.506702 4.966462 -0.968451 0.437839 -0.401666 0.478370
239562989 -0.155590 5.403383 -0.624557 0.365642 -0.440335 0.431205
259521485 -0.714486 5.650063 0.759798 0.373957 -0.412341 0.433379
279479981 -1.852041 5.882986 0.958467 0.450688 -0.417551 0.529704
299438477 -1.134045 5.893261 0.648284 0.388685 -0.452127 0.499064
319396973 -0.005787 5.342204 0.726189 0.380900 -0.452127 0.499064
339355469 0.767767 4.813385 2.021500 0.155138 -0.380262 0.319882
359313965 1.913877 5.465264 2.718376 -0.010839 -0.434159 0.228060
379272461 2.219293 5.909948 0.915183 0.004465 -0.550921 0.261232
399230957 -0.625956 6.743794 -1.734752 -0.015571 -0.550921 0.261232
419189454 -0.839609 6.109532 -1.748017 0.421946 -0.669342 0.685497
439147950 0.299210 4.730011 0.966848 0.219796 -0.412723 0.469582
459136963 0.844286 3.129839 3.926912 0.036954 -0.222605 0.347602
479095459 -0.347696 -0.023281 4.038159 -0.032062 -0.222605 0.347602
499053956 -4.295166 -2.412570 0.047465 0.147122 0.008543 0.461897
519012452 -3.163652 -3.207288 -2.584829 1.136355 0.186881 0.912881
538970948 -0.534571 -4.382992 -0.477194 1.719474 0.459154 0.699893
558929444 -1.060785 -5.820638 2.508416 1.902561 0.477096 0.571291
578887940 -2.144290 -7.031194 2.666524 1.843012 0.477096 0.571291
598846436 -2.203815 -7.723390 1.030048 2.130491 0.613641 0.693971
618804932 -1.410951 -8.136514 0.450222 2.087061 0.613641 0.693971
638763428 -1.186688 -9.010324 -0.932987 2.378052 0.785009 0.701135
658721924 -1.172801 -7.791611 -1.275968 2.261604 0.736940 0.717217
678710938 -0.883049 -5.973035 0.081038 2.104368 0.579038 0.604115
698669434 0.067982 -6.071880 0.005853 2.112316 0.579038 0.604115
718627930 0.324886 -6.492359 -0.653335 2.457633 0.609376 0.520174
738586426 1.017937 -5.695076 -1.143934 2.587352 0.672411 0.523576
758544922 1.330465 -4.077243 -0.669503 2.709148 0.660340 0.476730
778503418 1.571143 -3.417362 -1.433435 2.436801 0.491185 0.417481
798461915 1.418283 -3.011066 -1.714860 1.993969 0.462153 0.444312
818420411 0.464490 -2.484525 -1.520686 1.320701 0.382821 0.534549
838378907 -0.499910 -1.528083 -1.304397 1.300489 0.382821 0.534549
858337403 -1.106238 -1.266701 -0.831903 0.913641 0.217576 0.632323
878295899 -0.618918 -1.068434 -0.282441 0.900006 0.217576 0.632323
898284913 0.182430 -0.968581 -1.123439 0.728138 0.193253 0.534309
918243409 0.913021 -0.750263 -2.452652 0.781796 0.197864 0.548959
938201905 0.271546 -0.492202 -1.836469 0.756489 0.144837 0.588332
958160401 -0.712073 -0.132647 -0.988829 0.703067 0.086945 0.632528
978118897 -1.045344 -0.128420 -1.023593 0.690096 0.086945 0.632528
998077393 -0.212343 -0.411246 -0.614429 0.756771 0.085383 0.663339
1018035889 0.349920 -0.634974 0.182342 0.621106 0.118132 0.564021
1037994385 0.203756 -0.540458 0.418158 0.401741 0.119476 0.483036
1057952881 0.099242 -0.250671 -0.038362 0.390492 0.119476 0.483036
1077911377 0.040488 -0.293071 -1.051954 0.635321 0.101187 0.582759
1097869874 -0.179140 -0.481621 -0.672558 0.617423 0.101187 0.582759
1117858887 -0.285813 -0.520049 0.591176 0.636006 0.118896 0.578576
1137817383 0.116360 -0.470074 0.759903 0.482942 0.111040 0.518463
1157775879 0.308301 -0.593456 0.532431 0.374036 0.105988 0.473947
1177734375 -0.103470 -0.557157 0.180434 0.541249 0.112536 0.516355
1197692872 -0.489343 -0.500603 -0.265697 0.552447 0.112536 0.516355
1217651368 -0.470081 -0.659353 -0.538204 0.720001 0.123891 0.577739
1237609864 -0.091358 -0.747814 -0.064379 0.600605 0.129487 0.513803
1257568360 0.099255 -1.360420 0.449715 0.591385 0.181523 0.469555
1277526856 -0.240494 -1.791691 0.227142 0.850873 0.219827 0.507697
1297485352 -0.232964 -1.111018 -0.389428 0.777057 0.160139 0.532358
1317443848 0.266474 -0.439630 -1.052157 0.605328 0.098262 0.507258
1337432862 0.540963 -0.998285 -1.116467 0.639288 0.098262 0.507258
1357391358 0.383190 -1.482109 -0.243243 0.767935 0.206355 0.431981
1377349854 0.379200 -1.090039 0.768715 0.489834 0.150843 0.392296
1397308350 0.161820 -0.878478 0.965706 0.503510 0.121790 0.410704
1417266846 -0.088642 -1.008922 0.185433 0.488540 0.121790 0.410704
1437225342 -0.299426 -0.979335 -0.327447 0.702575 0.135092 0.473065
1457183838 -0.427758 -0.888235 -0.512842 0.841146 0.131622 0.522221
1477142334 -0.455633 -1.541744 0.269734 0.864603 0.120071 0.547031
1497100831 0.195122 -2.160081 0.706166 0.932560 0.170556 0.512719
