0 -0.004285 1.249515 -0.473531 0.810012 -0.058167 0.134390
19958496 0.294415 1.818943 -0.505907 0.687441 -0.118379 0.104062
39916992 0.202301 2.056038 -0.012263 0.665733 -0.134688 0.110603
59875488 0.143278 2.396930 0.045008 0.648789 -0.166874 0.118282
79833984 -0.560946 2.489733 0.209486 0.720382 -0.173111 0.184968
99792480 -1.003723 2.496923 0.151486 0.755973 -0.178065 0.224592
119781494 -0.960767 2.783452 -0.108989 0.765048 -0.178065 0.224592
139739990 -1.528998 2.663525 -0.757250 0.802175 -0.215594 0.297745
159698486 -1.619429 2.778425 -1.348645 0.812845 -0.234450 0.333107
179656982 -0.847020 3.349074 -0.159839 0.792467 -0.234450 0.333107
199615478 -0.422513 3.639236 1.539334 0.571191 -0.244830 0.155348
219573974 -1.042812 3.521821 0.981087 0.640027 -0.242077 0.222386
239532471 -2.444227 2.867960 0.499744 0.815134 -0.181386 0.368471
259490967 -2.698498 3.506932 0.827484 0.774527 -0.227554 0.389799
279449463 -2.004336 3.834568 1.219853 0.752748 -0.227554 0.389799
299407959 -1.002303 4.357534 1.390108 0.536889 -0.312804 0.237401
319366455 -1.207447 4.274828 0.692860 0.561463 -0.336034 0.274194
339324951 -1.686192 4.077548 0.075019 0.623922 -0.345157 0.342024
359283447 -1.470010 4.065162 0.540614 0.580892 -0.348373 0.310846
379272461 0.222295 4.590232 0.721629 0.356684 -0.416154 0.145706
399230957 0.988630 5.002298 0.976881 0.233267 -0.461697 0.058808
419189453 0.484150 4.234278 -0.081254 0.242982 -0.461697 0.058808
439147949 -0.258609 3.252296 -0.612671 0.461737 -0.403950 0.189969
459106445 -0.671583 2.272638 -0.540436 0.570701 -0.313243 0.240525
479064941 0.158819 2.452638 0.230937 0.563294 -0.313243 0.240525
499023437 1.463243 2.429676 -1.082599 0.179342 -0.374777 0.011751
518981933 1.326463 1.470035 -0.707243 0.179876 -0.374777 0.011751
538940430 -0.699155 -0.439994 0.927816 0.251365 -0.257037 0.035413
558898926 -2.361189 -2.233300 2.516544 1.168689 0.118737 0.330711
578857422 -1.217075 -2.828166 2.440426 1.210559 0.164008 0.231443
598846435 1.973315 -2.980592 2.064734 1.247109 0.164008 0.231443
618804931 2.639462 -4.664639 1.160559 0.603332 0.185591 -0.033403
638763428 1.600914 -6.099580 1.751187 2.617039 0.463859 0.038265
658721924 2.133036 -7.117699 2.649910 2.891738 0.513457 0.011341
678680420 1.971794 -7.459747 2.620487 2.888264 0.544707 0.038096
698638916 -0.088431 -7.849416 1.369387 2.936780 0.544707 0.038096
718597412 -1.128932 -7.888760 -0.415008 2.310791 0.676965 0.360027
738555908 -0.861744 -7.462850 -0.068062 2.323528 0.638923 0.305304
758514404 -0.732221 -6.242025 0.806380 2.307515 0.638923 0.305304
778472900 -0.627147 -5.481454 0.675087 2.083064 0.468416 0.248130
798431396 0.072152 -4.999084 0.121312 2.096749 0.468416 0.248130
818389892 1.154502 -3.891787 -0.790766 2.247689 0.390569 0.097853
838348388 1.364355 -3.163090 -1.587405 2.271184 0.390569 0.097853
858337402 0.557615 -2.933154 -2.032343 1.830411 0.324205 0.198364
878295898 -0.285231 -2.875397 -2.509915 1.737859 0.324620 0.329019
898254394 -0.611854 -2.755249 -2.469864 1.644843 0.302379 0.375853
918212890 -0.504866 -2.455538 -2.871449 1.684073 0.302379 0.375853
938171387 0.002571 -1.955313 -2.758963 1.647373 0.278990 0.386171
958129883 0.155765 -1.877770 -2.230478 1.445105 0.196817 0.270846
978088379 0.072392 -1.583521 -2.028048 1.325407 0.157212 0.266738
998046875 0.230304 -1.541753 -1.810077 1.251628 0.151147 0.228334
1018005371 0.360592 -1.709887 -1.101580 1.248332 0.162504 0.183879
1037963867 0.678125 -1.433071 0.245998 0.991731 0.116953 0.121656
1057922363 0.916882 -0.716354 0.286294 0.686260 0.046308 0.096211
1077880859 0.975490 -0.297800 -0.763462 0.630959 0.006482 0.100636
1097839355 0.836537 -0.188305 -1.101269 0.601874 -0.002803 0.115733
1117828369 1.031814 0.109100 -0.081065 0.500389 -0.030599 0.077349
1137786865 0.853200 0.212123 0.189544 0.534112 -0.036998 0.089735
1157745361 0.206419 -0.262994 -0.168676 0.781280 0.016032 0.157982
1177703857 0.335676 -0.319612 0.357584 0.750832 0.024743 0.135099
1197662353 0.371078 -0.064758 0.356880 0.675339 0.002380 0.129374
1217620849 0.340829 -0.100302 0.177810 0.704937 0.008718 0.131143
1237579346 0.361093 -0.013237 0.227403 0.680862 0.002892 0.124176
1257537842 0.070572 -0.064395 0.687333 0.749624 0.010095 0.142741
1277496338 -0.155612 -0.258013 0.799743 0.808995 0.029851 0.160389
1297454834 -0.029470 -0.464232 0.743685 0.844519 0.051424 0.149498
1317413330 -0.081950 -0.379647 0.878904 0.843739 0.043549 0.152889
1337371826 -0.243142 -0.449529 0.697447 0.876469 0.050077 0.170317
1357330322 -0.216138 -0.440984 0.286936 0.876089 0.050203 0.173409
1377319336 -0.306899 -0.505274 0.431403 0.911554 0.054539 0.178727
1397277832 0.048865 -0.382854 0.681920 0.815220 0.039820 0.141056
1417236328 0.307273 -0.292260 0.226800 0.770960 0.030242 0.122270
1437194824 0.161795 -0.271444 -0.242158 0.802883 0.027140 0.142750
1457153320 -0.073839 -0.536113 -0.411572 0.931155 0.053989 0.167496
1477111816 -0.524354 -1.048064 -0.272765 1.098767 0.104257 0.207266
1497070312 -0.968154 -1.592456 -0.101166 1.258489 0.154906 0.243921
