0 -0.250521 0.264557 -0.462043 0.765037 0.052981 0.080405
19958496 -0.191087 0.524136 -0.208200 0.691120 0.029090 0.072308
39916992 -0.390580 0.807218 -0.436189 0.703947 0.004620 0.095633
59875488 0.069788 0.603449 -0.415213 0.651093 0.032912 0.043741
79833984 0.623306 0.513225 -0.092463 0.552186 0.048759 -0.017926
99792480 0.496712 0.773151 0.527766 0.540256 0.026665 -0.008890
119750976 0.700070 0.820288 0.598795 0.482980 0.025537 -0.034837
139739990 0.820145 1.307781 -0.073252 0.411702 -0.019359 -0.057618
159698486 0.642222 2.506452 -0.561639 0.353220 -0.143529 -0.053436
179656982 -0.104276 3.676937 -0.630953 0.397616 -0.258741 0.011116
199615478 -0.483706 5.019909 -0.395861 0.400474 -0.372184 0.032580
219573974 -1.666977 5.941929 0.204044 0.510538 -0.417307 0.134179
239532470 -2.269775 6.760370 1.045781 0.543428 -0.439183 0.166389
259490967 -2.247406 6.929038 2.496911 0.552860 -0.439183 0.166389
279449463 -0.947810 6.869927 4.041025 0.443445 -0.355277 0.018992
299407959 -0.170587 6.634416 4.488545 0.405898 -0.339676 -0.034259
319366455 -0.373590 6.326209 3.809908 0.415385 -0.355683 -0.009571
339324951 -1.507478 5.767913 1.338932 0.512610 -0.408113 0.105394
359313965 -0.580417 5.432775 -0.706511 0.403866 -0.482782 0.039599
379272461 0.627110 4.682613 -1.205873 0.248828 -0.447315 -0.093079
399230957 2.477134 3.567850 0.573435 0.047558 -0.281894 -0.248675
419189453 3.383155 2.624066 2.235571 0.003862 -0.183094 -0.278667
439147949 2.063794 1.060011 1.491304 0.197318 -0.084095 -0.174479
459106445 -1.229045 0.391721 0.040012 0.783845 -0.045747 0.132425
479064941 -2.653100 -1.107932 -0.641444 1.159306 0.106625 0.277402
499023437 -1.664306 -2.671265 -0.088404 1.418120 0.264645 0.148721
518981933 -1.471959 -4.182881 1.487539 1.634241 0.359781 0.102229
538940429 -1.587434 -5.019444 3.018694 1.655925 0.377245 0.099964
558929443 -2.593841 -6.373304 3.381552 1.753929 0.441159 0.181542
578887939 -2.213415 -8.523370 1.993308 2.091428 0.606042 0.186958
598846435 1.480169 -9.210723 0.649870 2.861767 0.702727 -0.120705
618804931 2.969464 -8.537811 0.800034 -3.051712 0.644954 -0.243708
638763427 1.719404 -7.253760 0.873637 2.924709 0.571175 -0.131382
658721924 0.024203 -7.045602 -0.216196 2.567555 0.613654 0.011923
678680420 1.438650 -6.343418 -0.268842 2.998622 0.566275 -0.163852
698638916 2.719865 -5.425428 -0.438622 -2.706900 0.490804 -0.328761
718597412 1.382067 -4.876036 -1.611328 3.085462 0.513148 -0.254566
738555908 0.010547 -3.795797 -2.156158 2.340147 0.448914 -0.121036
758514404 -0.390343 -2.696126 -2.418072 1.770967 0.342176 -0.083141
778472900 0.033936 -2.190391 -2.142416 1.453872 0.273749 -0.137407
798461914 0.332553 -2.029455 -1.782947 1.243237 0.246156 -0.163688
818420410 -0.075208 -1.501473 -1.418304 1.031444 0.180318 -0.100749
838378906 -0.845201 -1.108471 -1.143778 1.030677 0.134807 0.003892
858337402 -1.163089 -0.937080 -0.650827 1.034569 0.113909 0.051453
878295898 -0.633157 -0.462239 -0.143090 0.829744 0.062604 0.002985
898254394 0.112588 -0.466369 0.260205 0.665450 0.059460 -0.067676
918212890 -0.677093 -0.512935 -0.161748 0.821356 0.063188 0.013452
938171386 -1.495105 -0.131157 -0.541967 0.871172 0.021161 0.102391
958129883 -1.288426 0.100396 -0.308704 0.816423 -0.006059 0.075300
978088379 -0.446609 -0.018834 -0.572388 0.704608 0.005210 -0.016674
998077392 -0.161178 -0.482868 -0.916576 0.730809 0.058363 -0.050876
1018035888 -0.131416 -0.267581 -0.612329 0.667581 0.035558 -0.051291
1037994385 -0.459153 -0.072567 -0.229692 0.721394 0.016086 -0.011564
1057952881 -0.398817 -0.008712 -0.269079 0.694696 0.012618 -0.012619
1077911377 -0.151796 -0.110704 0.039698 0.675910 0.026374 -0.031759
1097869873 -0.047101 -0.042027 0.404649 0.635056 0.022120 -0.035783
1117828369 -0.264254 0.023691 0.607480 0.641536 0.017541 -0.012927
1137786865 -0.522129 0.079657 0.295728 0.693447 0.014753 0.011423
1157745361 -0.472155 0.048986 0.289917 0.705918 0.019520 0.006666
1177703857 -0.153119 -0.108039 0.302217 0.640561 0.035639 -0.023296
1197662353 0.042905 -0.155948 0.133383 0.605197 0.041043 -0.042045
1217620849 0.143695 -0.052934 -0.015441 0.561885 0.030876 -0.051990
1237609863 -0.030902 -0.111648 0.060047 0.614924 0.036497 -0.031651
1257568359 0.040141 -0.017458 0.220629 0.574526 0.025853 -0.035443
1277526855 0.112531 0.013479 0.246667 0.573466 0.021004 -0.039159
1297485351 -0.267986 0.009700 0.044372 0.634116 0.019987 0.000976
1317443847 -0.517382 0.125848 -0.251472 0.670654 0.008041 0.028148
1337402343 -0.236383 0.089262 -0.197830 0.614347 0.012499 -0.000500
1357360840 -0.028102 -0.060539 0.069859 0.594931 0.027710 -0.020911
1377319336 0.047720 -0.105509 0.078782 0.570323 0.032047 -0.027689
1397277832 -0.052913 -0.172423 -0.012470 0.578246 0.032047 -0.027689
1417236328 0.024981 -0.167671 -0.127002 0.588982 0.038679 -0.023817
1437225342 0.172284 -0.166334 0.006865 0.555697 0.038133 -0.037672
1457183838 0.325226 -0.023752 -0.007716 0.495713 0.023003 -0.052892
1477142334 0.007656 -0.036352 -0.193531 0.564143 0.024478 -0.020986
1497100830 -0.174503 0.058206 -0.187879 0.609230 0.014983 -0.001000
