0 0.189485 0.146243 -0.106569 -0.193025 -0.463446 9.793792 0.572052 0.047276 0.019706
19989013 -0.171892 0.066516 -0.743905 -0.211792 -0.460501 9.793542 0.589778 0.046975 0.021622
39947509 -0.058571 0.244563 -0.605860 -0.195841 -0.485545 9.792665 0.581349 0.049532 0.019996
59906006 0.018025 0.233783 -0.153689 -0.195841 -0.485545 9.792665 0.579457 0.049532 0.019996
79864502 -0.012187 0.240026 0.195848 -0.186225 -0.513196 9.791443 0.584211 0.052355 0.019017
99822998 0.033361 0.142274 -0.023445 -0.189530 -0.529025 9.790536 0.586133 0.053972 0.019356
119781494 0.118351 0.134710 -0.112807 -0.196804 -0.541444 9.789714 0.569075 0.055240 0.020100
139739990 0.068514 0.126772 0.174650 -0.200413 -0.557924 9.788714 0.594286 0.056923 0.020471
159698486 0.236285 0.169200 0.474075 -0.203241 -0.573931 9.787731 0.579139 0.058558 0.020762
179656982 0.038702 0.121354 0.057033 -0.208168 -0.573115 9.787677 0.589316 0.058475 0.021265
199645996 -0.105190 0.003479 -0.266861 -0.211701 -0.568348 9.787878 0.582548 0.057988 0.021625
219604492 -0.159639 -0.031901 -0.074268 -0.211499 -0.575066 9.787490 0.586280 0.058674 0.021606
239562988 -0.034605 -0.047834 0.164790 -0.209725 -0.587628 9.786781 0.582244 0.059957 0.021426
259521484 0.014244 -0.056162 0.173581 -0.210231 -0.595610 9.786289 0.583140 0.060773 0.021479
279479980 -0.090515 -0.068760 -0.060658 -0.211181 -0.596813 9.786194 0.579106 0.060896 0.021576
299438476 -0.254614 -0.013039 -0.226684 -0.211777 -0.598596 9.786073 0.578023 0.061078 0.021637
319396972 0.067522 -0.123792 -0.324462 -0.210509 -0.606526 9.785612 0.580046 0.061888 0.021509
339355468 0.028757 0.087091 -0.297418 -0.211434 -0.649530 9.782831 0.588864 0.066282 0.021609
359313965 -0.083815 0.303900 -0.683976 -0.211434 -0.649530 9.782831 0.574266 0.066282 0.021609
379272461 -0.309940 0.251353 -0.728445 -0.204258 -0.689553 9.780245 0.586800 0.070373 0.020882
399261474 -0.510547 0.305835 0.204311 -0.198446 -0.752455 9.775725 0.578499 0.076805 0.020297
419219970 -0.419795 0.497814 0.773898 -0.198933 -0.811880 9.770961 0.576049 0.082884 0.020357
439178467 -0.329349 0.654985 0.377724 -0.208238 -0.850465 9.767484 0.569816 0.086832 0.021316
459136963 -0.043670 0.606641 -0.143922 -0.207675 -0.883112 9.764599 0.562840 0.090175 0.021265
479095459 0.599133 0.939950 -0.285438 -0.191651 -0.930793 9.760495 0.580384 0.095058 0.019633
499053955 1.404433 1.794604 -0.891068 -0.164008 -0.986774 9.755499 0.556280 0.100794 0.016810
519012451 1.807122 2.794065 -1.407939 -0.112058 -1.056994 9.748877 0.579440 0.107993 0.011494
538970947 0.740498 3.780208 -1.077380 -0.021161 -1.157699 9.738052 0.569233 0.118328 0.002173
558929443 -0.652059 4.876309 -0.539983 0.112521 -1.283617 9.721627 0.580673 0.131269 -0.011574
578918457 -0.753383 7.470811 0.975963 0.280444 -1.428627 9.697977 0.601492 0.146200 -0.028910
598876953 -2.125706 9.806682 3.406693 0.577729 -1.580092 9.661260 0.566235 0.161830 -0.059727
618835449 -3.368260 10.188966 4.270208 0.577729 -1.580092 9.661260 0.602061 0.161830 -0.059727
638793945 -2.510988 9.390910 3.956738 0.637112 -1.490730 9.671722 0.605762 0.152604 -0.065779
658752441 -0.570705 8.557325 5.616198 0.393960 -0.968755 9.750729 0.590392 0.098947 -0.040381
678710937 0.662680 8.493282 4.334379 0.393960 -0.968755 9.750729 0.565540 0.098947 -0.040381
698669433 1.418863 9.448271 1.668085 0.050745 -0.529688 9.792204 0.553207 0.054039 -0.005182
718627929 2.709598 9.600302 0.079970 -0.216617 -0.148953 9.803126 0.536623 0.015190 0.022093
738586426 2.049101 9.698749 -0.860831 -0.314875 0.081721 9.801253 0.527033 -0.008333 0.032115
758575439 -0.185899 9.512954 0.965145 -0.248345 0.107773 9.802913 0.527734 -0.010990 0.025328
778533935 1.452642 6.391853 3.838305 -0.106015 0.015949 9.806065 0.537307 -0.001626 0.010811
798492431 3.176024 0.646391 8.371770 -0.068540 -0.070899 9.806154 0.532534 0.007230 0.006989
818450927 3.305600 -5.438816 9.028613 -0.229337 0.014293 9.803957 0.549618 -0.001457 0.023388
838409424 0.781645 -8.287121 2.867195 -0.569194 0.344494 9.784055 0.590787 -0.035136 0.058110
858367920 -3.545678 -11.711832 -4.904089 -0.908330 0.763872 9.734569 0.625844 -0.077972 0.093040
878326416 -2.544509 -12.709184 -4.034806 -0.819895 0.727503 9.745199 0.634172 -0.074253 0.083936
898284912 -0.778616 -12.043755 2.656377 -0.819895 0.727503 9.745199 0.632396 -0.074253 0.083936
918243408 0.806974 -11.623906 5.163302 -0.775368 0.598821 9.757591 0.646250 -0.061101 0.079296
938232422 1.347375 -11.469771 0.858204 -0.892733 0.722196 9.739192 0.630151 -0.073710 0.091409
958190918 2.488292 -10.495111 -1.986309 -1.043788 0.910887 9.708304 0.625135 -0.093019 0.107104
978149414 2.559231 -9.007303 -0.449274 -1.061033 0.966756 9.701030 0.623390 -0.098742 0.108940
998107910 2.115254 -7.254182 0.766987 -0.871085 0.935656 9.722969 0.646050 -0.095556 0.089352
1018066406 1.836380 -5.885903 -0.614465 -0.540067 0.935132 9.747012 0.577888 -0.095502 0.055352
1038024902 0.336150 -4.838901 -2.293922 -0.220952 0.974929 9.755568 0.646787 -0.099580 0.022645
1057983398 -0.719509 -3.433066 -3.326251 0.003806 1.016016 9.753876 0.646195 -0.103791 -0.000390
1077941894 -0.540307 -2.859458 -2.739584 0.125176 1.034181 9.751163 0.635880 -0.105654 -0.012836
1097900390 1.026393 -2.564828 -2.379748 0.180639 1.041552 9.749509 0.633910 -0.106409 -0.018526
1117889404 0.792329 -2.325632 -2.715997 0.208678 1.054758 9.747529 0.650500 -0.107764 -0.021405
1137847900 0.325649 -2.050567 -1.828385 0.232359 1.037407 9.748856 0.623145 -0.105984 -0.023830
1157806396 0.117806 -1.640087 -0.901603 0.234805 1.002811 9.752417 0.642084 -0.102437 -0.024072
1177764892 -0.327181 -1.462833 -0.592020 0.193723 0.985505 9.755083 0.643260 -0.100663 -0.019856
1197723388 -0.419325 -1.238538 -1.016693 0.159886 0.985796 9.755667 0.644759 -0.100693 -0.016388
1217681884 -0.161402 -1.380731 -1.292283 0.156335 0.991937 9.755102 0.638207 -0.101323 -0.016025
1237640381 -0.276479 -1.173148 -1.276173 0.147507 0.991192 9.755315 0.648153 -0.101246 -0.015120
1257598877 -0.290495 -1.044198 -1.632935 0.123727 0.990214 9.755745 0.642974 -0.101146 -0.012682
1277557373 0.532604 -0.842415 -1.592814 0.109052 0.977009 9.757251 0.652343 -0.099793 -0.011176
1297546386 0.694554 -0.715016 -1.457361 -0.009879 0.950922 9.760432 0.660293 -0.097120 0.001012
1317504883 -0.347465 -0.415415 -1.004345 -0.009879 0.950922 9.760432 0.629082 -0.097120 0.001012
1337463379 -1.363504 -0.175683 -0.035623 -0.117826 0.919767 9.762712 0.627989 -0.093928 0.012068
1357421875 -1.566934 -0.029961 0.751592 -0.203717 0.866414 9.766178 0.644070 -0.088465 0.020856
1377380371 -0.751469 0.052599 0.491451 -0.230221 0.815779 9.769948 0.628556 -0.083283 0.023560
1397338867 0.085686 -0.264231 0.658198 -0.221965 0.771041 9.773771 0.646027 -0.078706 0.022706
1417297363 0.680645 -0.266647 0.750498 -0.225896 0.737875 9.776241 0.631153 -0.075314 0.023102
1437255859 0.119218 -0.350935 0.428508 -0.265528 0.725581 9.776166 0.632011 -0.074056 0.027154
1457244873 -0.520218 0.026273 0.364447 -0.322056 0.713894 9.775328 0.611615 -0.072861 0.032934
1477203369 -0.656130 0.144333 0.361549 -0.362729 0.695582 9.775223 0.636088 -0.070989 0.037090
1497161865 -0.711838 0.245751 0.306074 -0.380058 0.673033 9.776143 0.615741 -0.068684 0.038857
