0 -0.076227 -0.021336 -0.528144 -0.342824 -0.586477 9.783092 0.616076 0.059840 0.035028
19958496 -0.031880 0.025479 -0.648256 -0.345783 -0.592647 9.782617 0.605837 0.060470 0.035332
39916993 -0.152337 0.142012 -0.176959 -0.337554 -0.615767 9.781476 0.607420 0.062832 0.034496
59875489 -0.281879 0.099369 -0.203504 -0.322426 -0.641442 9.780335 0.590510 0.065456 0.032955
79833985 -0.309207 0.139673 -0.110428 -0.307812 -0.665954 9.779169 0.594306 0.067961 0.031466
99792481 -0.418166 0.232099 0.163222 -0.299632 -0.691984 9.777616 0.605680 0.070621 0.030635
119750977 -0.128172 0.196247 0.216188 -0.300789 -0.712578 9.776100 0.610484 0.072727 0.030758
139709473 0.230653 -0.015110 0.177900 -0.303450 -0.729362 9.774780 0.597118 0.074443 0.031034
159667969 0.318122 0.027704 0.039723 -0.289998 -0.757138 9.773077 0.605196 0.077284 0.029664
179656983 -0.040745 0.223390 -0.063902 -0.289998 -0.757138 9.773077 0.603625 0.077284 0.029664
199615479 -0.151091 0.459496 0.042389 -0.285474 -0.775710 9.771753 0.599297 0.079183 0.029206
219573975 0.147285 0.643296 -0.199549 -0.262810 -0.807939 9.769778 0.596173 0.082480 0.026894
239532471 0.645512 0.954509 -0.582186 -0.262810 -0.807939 9.769778 0.595150 0.082480 0.026894
259490967 0.512184 1.103003 -0.452448 -0.239125 -0.836992 9.767940 0.604756 0.085453 0.024476
279449463 0.214237 1.006895 -0.489067 -0.196714 -0.875700 9.765492 0.596691 0.089416 0.020141
299407959 0.592091 1.526774 -0.746064 -0.147678 -0.923655 9.761939 0.607431 0.094326 0.015127
319366455 0.562948 2.262795 -0.055303 -0.084834 -0.998924 9.755273 0.603472 0.102039 0.008696
339324951 0.310006 3.551765 0.533834 -0.017131 -1.089010 9.745981 0.606364 0.111278 0.001758
359313965 -0.833917 4.669696 0.865128 0.054120 -1.176363 9.735689 0.602814 0.120245 -0.005559
379272461 -1.973224 5.377920 1.967174 0.120888 -1.264962 9.723973 0.621334 0.129351 -0.012431
399230957 -2.372975 5.872660 4.078168 0.158904 -1.345399 9.712623 0.624412 0.137627 -0.016359
419189453 -2.309263 5.767037 4.072276 0.159231 -1.284784 9.720821 0.604616 0.131389 -0.016379
439147950 -1.779297 5.792654 3.103419 0.159231 -1.284784 9.720821 0.619945 0.131389 -0.016379
459106446 -0.436891 6.184036 3.662423 0.160583 -1.213211 9.729991 0.599730 0.124031 -0.016502
479064942 -0.349502 6.264299 5.053819 0.163480 -1.124207 9.740627 0.578016 0.114890 -0.016782
499023438 -1.152017 5.296359 5.268551 0.123809 -0.958574 9.758904 0.578911 0.097904 -0.012686
518981934 -0.119078 4.612047 5.773777 0.055053 -0.741702 9.778407 0.563662 0.075705 -0.005630
538970948 2.435149 4.182445 5.666756 -0.062230 -0.455715 9.795858 0.565349 0.046487 0.006353
558929444 3.418150 3.349954 3.098811 -0.257773 -0.068298 9.803024 0.560413 0.006965 0.026289
578887940 2.050310 2.580790 -2.487534 -0.452178 0.369902 9.789234 0.573177 -0.037728 0.046159
598846436 1.160657 1.674448 -6.470737 -0.501580 0.666217 9.771130 0.559197 -0.067988 0.051288
618804932 0.887846 1.037662 -5.247914 -0.362014 0.650735 9.778337 0.547681 -0.066405 0.037005
638763428 2.604917 0.896204 -1.423503 -0.158774 0.386292 9.797752 0.547715 -0.039401 0.016204
658721924 3.869268 0.252818 3.710301 -0.047693 -0.056001 9.806375 0.577521 0.005711 0.004863
678680420 1.935231 -1.868775 3.493207 -0.047693 -0.056001 9.806375 0.599490 0.005711 0.004863
698638916 -1.459324 -4.361806 -2.736467 -0.147587 0.096038 9.805070 0.638126 -0.009793 0.015051
718627930 -5.912371 -5.708911 -7.045362 -0.228877 0.274774 9.800128 0.669489 -0.028023 0.023350
738586426 -4.182424 -5.666607 -5.230828 -0.225104 0.229691 9.801375 0.665483 -0.023424 0.022963
758544922 -3.519046 -5.267212 -0.793805 -0.246125 0.016245 9.803548 0.638422 -0.001657 0.025100
778503418 -2.868118 -6.668180 0.724276 -0.363384 -0.148076 9.798796 0.616191 0.015100 0.037068
798461914 -0.283928 -8.860567 0.612086 -0.549056 -0.221636 9.788758 0.579199 0.022603 0.056032
818420410 4.312458 -9.293949 0.916191 -0.709496 -0.279491 9.776957 0.549084 0.028504 0.072441
838378907 5.904747 -7.496600 1.276975 -0.775470 -0.334182 9.770228 0.517558 0.034084 0.079205
858337403 3.534865 -6.264952 0.078058 -0.739450 -0.340457 9.772803 0.534779 0.034724 0.075520
878295899 0.810004 -5.919385 -1.863633 -0.349008 -0.333027 9.794778 0.494001 0.033966 0.035617
898284912 0.806931 -4.876448 -1.058662 -0.349008 -0.333027 9.794778 0.535387 0.033966 0.035617
918243409 1.794908 -3.898467 0.369741 -0.093153 -0.384733 9.798658 0.535567 0.039242 0.009506
938201905 1.197116 -3.549531 -0.030311 0.072312 -0.371462 9.799345 0.535097 0.037888 -0.007379
958160401 -0.098016 -2.580707 -1.176202 0.128803 -0.289722 9.801523 0.549650 0.029548 -0.013140
978118897 -1.422906 -1.859793 -2.166550 0.140680 -0.186427 9.803869 0.559966 0.019011 -0.014348
998077393 -1.652249 -1.355302 -1.806365 0.239430 -0.128976 9.802878 0.538638 0.013152 -0.024420
1018035889 -0.248711 -1.043814 -0.790619 0.239430 -0.128976 9.802878 0.549133 0.013152 -0.024420
1037994385 -0.412071 -1.105620 -0.372589 0.296419 -0.119705 9.801438 0.546860 0.012207 -0.030233
1057952881 -1.069179 -1.024597 -0.986511 0.297025 -0.072300 9.801885 0.553183 0.007373 -0.030294
1077941895 -1.148740 -0.599942 -1.796917 0.259977 -0.014482 9.803192 0.529738 0.001477 -0.026513
1097900391 -0.966570 -0.421551 -1.502590 0.229611 0.015776 9.803949 0.539901 -0.001609 -0.023416
1117858887 -0.275537 -0.626013 -0.586184 0.200796 0.014565 9.804584 0.539264 -0.001485 -0.020477
1137817383 -0.348666 -0.730199 -0.717452 0.132174 0.022729 9.805733 0.522899 -0.002318 -0.013478
1157775879 -0.302750 -0.689592 -0.237288 0.027920 0.031165 9.806561 0.518457 -0.003178 -0.002847
1177734375 0.130304 -0.302046 0.273932 -0.056530 0.033675 9.806429 0.532436 -0.003434 0.005765
1197692871 -0.680515 -0.382062 -0.337237 -0.073022 0.057990 9.806207 0.536781 -0.005913 0.007446
1217651368 -1.002378 -0.307435 -0.416511 -0.057048 0.080611 9.806152 0.536764 -0.008220 0.005818
1237609864 -1.281981 0.030101 0.281567 -0.092540 0.104262 9.805659 0.545959 -0.010632 0.009437
1257598877 -0.939576 -0.019034 0.257371 -0.092540 0.104262 9.805659 0.548823 -0.010632 0.009437
1277557373 -0.057775 -0.421059 -0.347691 -0.147782 0.139100 9.804550 0.525764 -0.014185 0.015072
1297515869 0.318462 -0.380744 -0.349755 -0.196555 0.167741 9.803246 0.516015 -0.017106 0.020047
1317474366 -0.176323 -0.329847 -0.238530 -0.223359 0.184972 9.802361 0.525956 -0.018863 0.022782
1337432862 -0.660687 -0.184746 -0.133285 -0.217001 0.186777 9.802470 0.537334 -0.019047 0.022134
1357391358 -0.401439 -0.181064 -0.232899 -0.182646 0.185329 9.803198 0.534639 -0.018899 0.018629
1377349854 0.096144 -0.470843 -0.498081 -0.164130 0.191271 9.803411 0.540073 -0.019505 0.016741
1397308350 0.576017 -0.508276 -0.795658 -0.173370 0.203403 9.803008 0.530247 -0.020743 0.017684
1417266846 0.435390 -0.379948 -0.697026 -0.158347 0.179611 9.803726 0.537497 -0.018316 0.016150
1437255860 0.211700 -0.153516 -0.203484 -0.158347 0.179611 9.803726 0.540318 -0.018316 0.016150
1457214356 -0.043054 -0.062908 0.188071 -0.140497 0.154197 9.804432 0.516157 -0.015724 0.014329
1477172852 -0.108147 -0.182215 0.387647 -0.144321 0.140128 9.804586 0.539619 -0.014290 0.014719
1497131348 -0.040103 -0.173076 0.467351 -0.170280 0.139700 9.804176 0.530340 -0.014246 0.017366
1517089844 -0.215477 -0.132866 0.469949 -0.200099 0.144906 9.803537 0.540162 -0.014777 0.020408
