0 0.268193 0.132198 0.084000 0.213681 -0.371857 9.797267 0.637753 0.037928 -0.021807
19958496 0.575891 -0.202921 -0.211935 0.177990 -0.358974 9.798462 0.638875 0.036613 -0.018163
39916992 0.521071 -0.038656 -0.452922 0.176761 -0.359082 9.798480 0.632839 0.036624 -0.018038
59875488 -0.151153 -0.073230 0.017289 0.188575 -0.379888 9.797474 0.644747 0.038748 -0.019245
79833984 -0.295263 0.086307 0.141797 0.195244 -0.402878 9.796426 0.634798 0.041094 -0.019927
99792480 -0.305651 0.112195 0.084398 0.191684 -0.430394 9.795325 0.629638 0.043902 -0.019566
119781494 -0.212526 0.034144 0.017429 0.191684 -0.430394 9.795325 0.632901 0.043902 -0.019566
139739990 0.046034 -0.039128 0.108144 0.179903 -0.438562 9.795187 0.632119 0.044736 -0.018364
159698486 0.481990 0.100101 0.088846 0.175093 -0.446712 9.794906 0.619169 0.045568 -0.017874
179656982 0.225067 0.117870 -0.035129 0.179689 -0.451865 9.794586 0.647405 0.046094 -0.018344
199615478 -0.042355 0.023543 0.093729 0.178032 -0.460116 9.794232 0.640130 0.046936 -0.018175
219573974 -0.133089 0.068596 0.064791 0.148165 -0.473111 9.794110 0.626751 0.048263 -0.015127
239532471 -0.106336 0.039297 -0.016240 0.148165 -0.473111 9.794110 0.634958 0.048263 -0.015127
259490967 0.050043 0.001251 0.226788 0.135727 -0.482175 9.793849 0.651975 0.049188 -0.013858
279449463 0.086782 -0.071477 -0.264901 0.132547 -0.482374 9.793883 0.626056 0.049208 -0.013533
299438476 0.055616 0.014766 -0.586306 0.136635 -0.510618 9.792394 0.640963 0.052092 -0.013952
319396972 -0.274478 0.008659 -0.133763 0.136635 -0.510618 9.792394 0.636137 0.052092 -0.013952
339355469 -0.222875 0.038946 0.373144 0.136322 -0.543016 9.790655 0.624870 0.055401 -0.013923
359313965 -0.139181 0.089705 0.257716 0.137373 -0.563738 9.789470 0.650850 0.057517 -0.014032
379272461 0.075548 0.042831 0.133197 0.139870 -0.576172 9.788710 0.624518 0.058787 -0.014288
399230957 0.217900 0.090791 -0.061971 0.140620 -0.586775 9.788070 0.650301 0.059870 -0.014365
419189453 0.232909 0.166400 -0.032282 0.137111 -0.601302 9.787238 0.635474 0.061354 -0.014008
439147949 0.007988 0.252635 -0.216703 0.131660 -0.614749 9.786477 0.637982 0.062728 -0.013452
459136963 0.159452 0.303033 -0.133022 0.126729 -0.634108 9.785307 0.626741 0.064706 -0.012950
479095459 0.322683 0.184160 -0.525223 0.133329 -0.655933 9.783780 0.648843 0.066937 -0.013627
499053955 0.264223 0.345433 -0.765979 0.147379 -0.690656 9.781189 0.631385 0.070486 -0.015066
519012451 -0.445761 0.635250 -0.645732 0.158078 -0.747187 9.776866 0.631787 0.076266 -0.016167
538970947 -0.844442 0.914433 -0.523547 0.169075 -0.827087 9.770247 0.641376 0.084440 -0.017303
558929443 -0.625010 1.441107 -0.447457 0.180018 -0.925208 9.761249 0.618628 0.094485 -0.018440
578887939 0.025720 2.178637 -0.511061 0.215250 -1.152600 9.736301 0.630449 0.117805 -0.022104
598846435 0.600060 3.415647 0.726472 0.215250 -1.152600 9.736301 0.613521 0.117805 -0.022104
618804931 0.234530 4.897805 1.553060 0.294119 -1.300673 9.715561 0.610536 0.133024 -0.030264
638793945 -0.558058 7.030656 2.003619 0.315768 -1.335753 9.710121 0.629935 0.136634 -0.032508
658752441 0.183113 8.272307 3.404581 0.315768 -1.335753 9.710121 0.604328 0.136634 -0.032508
678710937 0.289550 8.166231 2.532178 0.359742 -1.321235 9.710577 0.598732 0.135139 -0.037030
698669433 0.359644 8.146563 0.661009 0.454544 -1.266625 9.713880 0.594675 0.129522 -0.046759
718627930 -0.182366 7.853781 2.513853 0.566989 -1.251930 9.709870 0.577698 0.128011 -0.058327
738586426 -0.199058 8.238480 3.955111 0.572279 -1.192604 9.717025 0.573036 0.121913 -0.058827
758544922 0.379907 8.442304 2.798438 0.429768 -1.010034 9.745025 0.555727 0.103178 -0.044073
778503418 1.132679 8.474808 0.814126 0.261988 -0.795977 9.770782 0.555590 0.081256 -0.026807
798461914 0.970583 8.598451 0.724484 0.327313 -0.659762 9.778955 0.518852 0.067328 -0.033459
818450928 0.128553 6.483689 4.043172 0.327313 -0.659762 9.778955 0.529482 0.067328 -0.033459
838409424 0.260090 4.328804 7.819974 0.321197 -0.650698 9.779765 0.537858 0.066402 -0.032831
858367920 0.965467 2.515323 4.316102 0.165246 -0.438427 9.795451 0.532566 0.044722 -0.016868
878326416 -0.396364 -0.638005 -1.212958 -0.060021 -0.082221 9.806122 0.539064 0.008384 0.006121
898284912 -3.694793 -4.021576 -6.084652 -0.243681 0.219963 9.801154 0.529417 -0.022432 0.024857
918243408 -3.986085 -7.502685 -3.463874 -0.273848 0.233141 9.800053 0.535432 -0.023776 0.027936
938201904 -0.494123 -9.066952 1.043204 -0.088701 -0.000747 9.806249 0.531136 0.000076 0.009045
958160400 1.184097 -9.640014 2.234515 0.120355 -0.202935 9.803811 0.516950 0.020695 -0.012276
978118896 -1.298598 -10.640539 1.515862 0.175185 -0.247148 9.801970 0.523993 0.025205 -0.017871
998107910 -1.204332 -11.354045 -0.421953 0.153493 -0.194748 9.803514 0.514167 0.019860 -0.015656
1018038053 1.517330 -11.416075 0.551733 0.157854 -0.252071 9.802138 0.479126 0.025707 -0.016103
1037996549 2.927615 -9.803683 1.228665 0.157854 -0.252071 9.802138 0.467793 0.025707 -0.016103
1057955045 0.897268 -7.966430 0.215478 0.160019 -0.236290 9.802497 0.472632 0.024097 -0.016323
1077913541 -0.186378 -6.686845 -1.695777 0.183870 -0.163348 9.803565 0.482682 0.016658 -0.018753
1097872037 0.432568 -6.020153 -1.533524 0.247434 -0.112141 9.802887 0.481725 0.011435 -0.025236
1117830534 1.207731 -5.029943 -1.400896 0.313145 -0.084709 9.801283 0.505047 0.008638 -0.031938
1137789030 0.660729 -4.118107 -1.936649 0.361640 -0.040841 9.799894 0.489978 0.004165 -0.036886
1157778043 0.280251 -3.670864 -2.093245 0.377433 -0.004700 9.799382 0.486491 0.000479 -0.038497
1177736539 -0.599114 -2.470989 -2.349676 0.389601 0.022077 9.798883 0.511182 -0.002251 -0.039739
1197695035 -1.520793 -1.615363 -1.385670 0.383577 0.024117 9.799116 0.498612 -0.002459 -0.039124
1217653532 -0.753167 -1.138149 -1.466694 0.357421 0.040008 9.800054 0.506543 -0.004080 -0.036455
1237612028 -0.589980 -1.167127 -2.033401 0.279506 0.070436 9.802413 0.499240 -0.007183 -0.028506
1257570524 -0.800834 -1.009061 -1.590926 0.169003 0.085150 9.804824 0.511757 -0.008683 -0.017235
1277529020 -0.242249 -0.764665 -0.873101 0.049208 0.085174 9.806156 0.509820 -0.008685 -0.005018
1297487516 -0.015192 -0.261775 -0.430041 -0.045226 0.080223 9.806217 0.511487 -0.008181 0.004612
1317446012 -0.171153 -0.234841 -0.861133 -0.085699 0.089748 9.805865 0.510401 -0.009152 0.008739
1337435026 -0.537772 -0.320629 -0.646767 -0.111851 0.096391 9.805539 0.510588 -0.009829 0.011406
1357393522 -0.678809 -0.072038 -0.594982 -0.142845 0.100841 9.805092 0.495703 -0.010283 0.014567
1377352018 -0.660981 0.226736 -0.704012 -0.288665 0.123471 9.801623 0.525373 -0.012591 0.029442
1397310514 -0.444509 0.054823 -0.138329 -0.288665 0.123471 9.801623 0.498906 -0.012591 0.029442
1417269010 -0.156505 -0.006832 0.057405 -0.414847 0.147082 9.796767 0.506114 -0.014999 0.042320
1437227506 -0.148716 -0.219878 -0.170815 -0.502196 0.175361 9.792213 0.507046 -0.017883 0.051240
1457186002 -0.098430 -0.190862 -0.047530 -0.514888 0.182558 9.791422 0.521331 -0.018617 0.052537
1477144498 -0.499157 -0.015404 -0.014359 -0.488427 0.177476 9.792871 0.520425 -0.018098 0.049834
