0 0.360326 0.235130 -0.039997 0.642702 -0.538683 9.770729 0.817376 0.054958 -0.065684
19958496 0.052836 0.079780 -0.315864 0.610197 -0.579906 9.770453 0.821930 0.059168 -0.062372
39916992 0.250410 0.372899 -0.107908 0.589753 -0.624217 9.768978 0.811003 0.063695 -0.060297
59906005 0.119275 0.570684 0.223451 0.572330 -0.668873 9.767058 0.820870 0.068259 -0.058531
79864502 0.282263 0.839308 0.804745 0.572330 -0.668873 9.767058 0.792643 0.068259 -0.058531
99822998 0.103245 0.948203 1.004271 0.511080 -0.705948 9.767846 0.804151 0.072049 -0.052275
119781494 -0.466400 1.179733 0.273670 0.511080 -0.705948 9.767846 0.800518 0.072049 -0.052275
139739990 -0.383769 1.581079 0.385968 0.462846 -0.712369 9.769785 0.770721 0.072705 -0.047340
159698486 0.933083 2.420609 0.668959 0.442359 -0.706595 9.771152 0.783608 0.072115 -0.045241
179656982 0.746361 2.631455 0.888227 0.418193 -0.698364 9.772808 0.776056 0.071274 -0.042765
199615478 -0.657496 2.163137 0.560260 0.288492 -0.731851 9.775047 0.747816 0.074697 -0.029504
219573974 -1.831022 2.057735 0.799974 0.015876 -0.838191 9.770750 0.745649 0.085576 -0.001625
239562988 -1.972064 2.506635 1.046047 -0.329010 -0.972106 9.752802 0.740717 0.099290 0.033722
259521484 -1.599514 3.306142 0.539721 -0.599859 -1.047143 9.732115 0.726334 0.106983 0.061559
279479980 -0.735356 4.541570 -1.027383 -0.733008 -1.032451 9.724563 0.723274 0.105476 0.075235
299438476 0.009909 5.228264 -0.471950 -0.778956 -1.009248 9.723427 0.707286 0.103097 0.079941
319396972 -0.075527 4.017889 0.667166 -0.830410 -1.011734 9.718909 0.720382 0.103352 0.085236
339355468 -0.456815 4.058567 -0.155099 -0.907824 -0.998299 9.713374 0.691832 0.101975 0.093191
359313964 -0.184068 4.702717 -0.446737 -0.972227 -0.972152 9.709793 0.695042 0.099295 0.099796
379272461 -0.180484 5.076726 0.004066 -0.958070 -0.946295 9.713755 0.657050 0.096646 0.098312
399230957 -0.558859 4.497879 1.882368 -0.822638 -0.908615 9.729752 0.675428 0.092786 0.084348
419219970 -0.786204 4.082635 3.036397 -0.620368 -0.798093 9.754414 0.676112 0.081473 0.063513
439178466 0.546327 4.012411 1.814322 -0.463853 -0.577880 9.778614 0.666416 0.058962 0.047400
459136963 1.744871 4.754704 0.033166 -0.364280 -0.301326 9.795249 0.662070 0.030732 0.037172
479095459 1.078565 4.824548 0.090444 -0.188600 -0.028547 9.804794 0.650419 0.002911 0.019233
499053955 -0.438573 4.114367 0.942705 0.070627 0.217572 9.803982 0.648680 -0.022188 -0.007204
519012451 -0.916579 3.189524 2.376805 0.289878 0.410308 9.793774 0.641865 -0.041852 -0.029590
538970947 0.283422 2.986272 2.968558 0.441572 0.592023 9.778800 0.627249 -0.060406 -0.045125
558929443 2.245156 3.459637 3.312642 0.504736 0.750609 9.764847 0.630471 -0.076616 -0.051643
578887939 -0.543135 2.006549 2.764187 0.557646 0.926013 9.746893 0.637091 -0.094568 -0.057150
598846435 -1.657278 0.924795 0.689424 0.615294 1.140754 9.720621 0.627952 -0.116589 -0.063214
618835449 0.137045 0.209642 -1.323606 0.632543 1.334762 9.694777 0.614442 -0.136532 -0.065153
638793945 3.632548 -0.069424 -1.900756 0.486847 1.403881 9.693425 0.573141 -0.143650 -0.050182
658752441 1.794095 -3.279282 -0.091953 0.206512 1.325595 9.714450 0.560090 -0.135588 -0.021255
678710937 -2.292820 -6.219590 1.363608 0.011063 1.241846 9.727697 0.631920 -0.126974 -0.001137
698669433 -0.972094 -7.057468 -0.435726 0.146740 1.356039 9.711334 0.664083 -0.138722 -0.015109
718627929 2.603612 -7.783087 -0.835508 0.457371 1.533310 9.675234 0.660974 -0.156998 -0.047237
738586425 2.885493 -8.648355 -0.428040 0.583022 1.565986 9.663239 0.642246 -0.160373 -0.060261
758544921 0.727856 -9.520707 1.642081 0.517318 1.451273 9.684863 0.645160 -0.148534 -0.053364
778503418 -1.314227 -9.872375 3.179962 0.500990 1.346912 9.700785 0.694984 -0.137782 -0.051598
798492431 -1.208088 -8.834305 2.389359 0.660103 1.376503 9.687099 0.741858 -0.140829 -0.068037
818450927 -0.386237 -7.384901 1.261283 0.873463 1.481721 9.654634 0.742234 -0.151674 -0.090225
838409423 -0.042494 -6.236282 0.719820 0.941909 1.545129 9.638246 0.719097 -0.158219 -0.097417
858367920 -0.250949 -5.378162 0.853838 0.862049 1.550722 9.644818 0.730576 -0.158796 -0.089143
878326416 -0.643732 -4.792812 0.658059 0.597899 1.610711 9.654974 0.754094 -0.164994 -0.061848
898284912 -0.248060 -4.012657 -0.484660 0.597899 1.610711 9.654974 0.753993 -0.164994 -0.061848
918243408 -0.107273 -3.036842 -1.581005 0.471236 1.683582 9.649553 0.756543 -0.172532 -0.048796
938201904 0.293605 -2.331039 -1.944379 0.336139 1.738927 9.645389 0.764563 -0.178264 -0.034836
958160400 0.011217 -1.775450 -2.133988 0.127594 1.808126 9.637675 0.766676 -0.185438 -0.013238
978118896 0.026025 -1.749228 -1.857784 0.127594 1.808126 9.637675 0.755062 -0.185438 -0.013238
998107910 0.275635 -1.462219 -0.935514 0.088960 1.822205 9.635458 0.761035 -0.186899 -0.009232
1018066406 -0.074746 -1.262291 -1.309772 0.050034 1.833212 9.633651 0.762882 -0.188042 -0.005194
1038024902 -0.052066 -0.883005 -1.691208 0.012516 1.840633 9.632357 0.768397 -0.188812 -0.001299
1057983398 0.513133 -0.701742 -0.584050 0.009002 1.826936 9.634969 0.752326 -0.187390 -0.000934
1077941894 0.615656 -0.331474 -0.102781 0.028052 1.813890 9.637397 0.752775 -0.186037 -0.002911
1097900390 0.411100 -0.400197 -0.788490 0.050102 1.822078 9.635762 0.757509 -0.186886 -0.005200
1117858886 0.159657 -0.560373 -0.434551 0.063187 1.819760 9.636123 0.751325 -0.186646 -0.006557
1137817382 0.512921 -0.466741 0.308967 0.075287 1.803192 9.639151 0.756521 -0.184927 -0.007810
1157775879 0.597242 -0.145854 0.177829 0.066737 1.790710 9.641541 0.743822 -0.183632 -0.006922
1177764892 0.451045 -0.122831 -0.524967 0.030150 1.785691 9.642654 0.768546 -0.183111 -0.003127
1197723388 0.274114 -0.179214 -0.366019 0.003866 1.777501 9.644214 0.749966 -0.182262 -0.000401
1217681884 -0.039484 -0.391662 -0.202358 0.008440 1.771961 9.645230 0.761940 -0.181688 -0.000875
1237640380 -0.498003 -0.491371 -0.265572 0.025239 1.769156 9.645716 0.747214 -0.181397 -0.002617
1257598877 -0.346664 -0.344481 0.228423 0.033685 1.754199 9.648422 0.759294 -0.179846 -0.003491
1277557373 0.266640 -0.081661 0.560088 0.035580 1.736368 9.651639 0.756058 -0.177999 -0.003686
1297515869 0.551773 0.196292 0.043391 0.035179 1.731624 9.652493 0.750277 -0.177507 -0.003645
1317474365 0.093596 0.315181 -0.558058 0.042174 1.736136 9.651656 0.768663 -0.177975 -0.004370
1337432861 -0.322336 0.082700 -0.342792 0.059906 1.732584 9.652200 0.766257 -0.177607 -0.006206
1357391357 -0.246153 -0.115260 0.162974 0.088119 1.721099 9.654038 0.764737 -0.176417 -0.009127
1377380371 -0.110334 0.148408 0.271019 0.117413 1.712998 9.655166 0.751692 -0.175578 -0.012160
1397338867 0.234483 0.306795 0.488687 0.139696 1.707625 9.655821 0.744907 -0.175021 -0.014467
1417297363 0.399255 0.285134 0.525411 0.154033 1.706784 9.655752 0.746180 -0.174934 -0.015951
1437255859 0.175825 0.149572 0.299562 0.156814 1.713596 9.654501 0.749129 -0.175640 -0.016241
1457214355 -0.001566 0.034056 0.109016 0.140747 1.719609 9.653679 0.738660 -0.176263 -0.014579
1477172851 -0.087816 0.106341 -0.098075 0.121724 1.729716 9.652131 0.743353 -0.177310 -0.012610
1497131347 -0.178308 0.082638 -0.548690 0.107370 1.748561 9.648907 0.758886 -0.179262 -0.011127
