0 -0.112983 0.278415 -0.547017 0.060317 -0.903174 9.764786 0.577224 0.092229 -0.006177
19958496 0.080452 0.374657 -1.141955 0.074815 -0.902687 9.764730 0.558165 0.092179 -0.007662
39916993 0.323285 0.330331 -1.040653 0.096966 -0.927697 9.762190 0.557092 0.094740 -0.009933
59875489 -0.047301 0.603226 -0.495507 0.132021 -0.975012 9.757168 0.568636 0.099588 -0.013530
79833985 -0.621143 0.586475 -0.005477 0.172383 -1.028105 9.751085 0.574056 0.105031 -0.017677
99792481 -0.935675 0.271769 0.576680 0.200446 -1.078603 9.745092 0.575293 0.110210 -0.020566
119750977 0.003262 0.070760 0.835590 0.218106 -1.122880 9.739711 0.562989 0.114754 -0.022390
139739991 0.798284 0.049663 0.648759 0.265375 -1.177781 9.732050 0.569945 0.120391 -0.027261
159698487 0.494406 0.311290 0.433238 0.265375 -1.177781 9.732050 0.569945 0.120391 -0.027261
179656983 0.102566 0.725054 0.336841 0.281943 -1.190198 9.730073 0.559352 0.121666 -0.028968
199615479 -0.506360 1.090701 -0.476661 0.295479 -1.192009 9.729450 0.556309 0.121852 -0.030360
219573975 -0.568276 1.174502 -0.421759 0.301181 -1.208528 9.727237 0.557276 0.123550 -0.030953
239532471 0.822884 1.593167 -0.793031 0.317765 -1.290834 9.716128 0.555450 0.132011 -0.032693
259490967 1.652163 2.701056 -0.724072 0.365111 -1.360587 9.704941 0.544432 0.139190 -0.037603
279449463 1.663812 3.847532 -0.023955 0.365111 -1.360587 9.704941 0.544432 0.139190 -0.037603
299407959 0.521295 4.884668 0.108963 0.449659 -1.425494 9.692067 0.544088 0.145877 -0.046361
319396973 -0.651579 6.171482 0.457936 0.548874 -1.491314 9.677040 0.546157 0.152664 -0.056659
339355469 0.233832 7.418925 3.357256 0.635356 -1.586720 9.656553 0.542008 0.162515 -0.065701
359313965 1.332312 7.902175 6.433376 0.663959 -1.649979 9.644020 0.532289 0.169055 -0.068738
379272461 0.059550 7.697259 6.264936 0.631512 -1.568569 9.659771 0.529747 0.160639 -0.065283
399230957 0.446974 7.332864 4.005775 0.609795 -1.359899 9.692740 0.522644 0.139119 -0.062830
419189454 0.344165 7.142450 1.863096 0.580609 -1.089956 9.728580 0.517534 0.111375 -0.059610
439147950 2.202741 7.890373 -0.722649 0.539542 -0.813734 9.757926 0.503197 0.083073 -0.055236
459106446 3.219581 8.966677 -0.592108 0.529635 -0.614693 9.773026 0.484057 0.062722 -0.054141
479064942 1.587517 10.094867 1.707339 0.575936 -0.513628 9.776240 0.480787 0.052399 -0.058844
499053955 -0.275217 10.202158 2.905467 0.736977 -0.449393 9.768587 0.547997 0.045841 -0.075301
519012452 -1.526233 8.871612 8.895141 0.960084 -0.412663 9.750812 0.504726 0.042092 -0.098146
538970948 0.249205 5.053012 8.676483 1.018843 -0.174266 9.752025 0.535477 0.017771 -0.104097
558929444 1.653269 -0.114038 3.437541 0.802786 0.324699 9.768341 0.573079 -0.033116 -0.081998
578887940 0.819373 -4.672672 -1.681336 0.418408 0.899742 9.756320 0.577371 -0.091877 -0.042860
598846436 -6.409950 -8.564174 -6.105101 0.060828 1.396546 9.706511 0.584626 -0.142894 -0.006267
618804932 -6.141107 -11.527211 -5.324490 -0.077514 1.594610 9.675826 0.610972 -0.163330 0.008011
638763428 0.586250 -15.344910 2.269587 0.011874 1.437629 9.700694 0.613370 -0.147128 -0.001224
658721924 7.013217 -15.440197 9.354223 -0.182973 1.191362 9.732294 0.603145 -0.121786 0.018798
678710938 2.747540 -13.265472 3.871086 -0.182973 1.191362 9.732294 0.534243 -0.121786 0.018798
698669434 -1.300421 -10.888188 -4.290720 -0.590635 1.412021 9.686472 0.594478 -0.144488 0.060900
718627930 2.966834 -9.503500 -1.378304 -0.666571 1.428167 9.679173 0.564782 -0.146152 0.068758
738586426 6.133146 -8.548862 2.336925 -0.406846 1.305762 9.710811 0.600371 -0.133547 0.041872
758544922 2.964501 -6.387313 0.131094 -0.184490 1.284335 9.720434 0.555489 -0.131343 0.018977
778503418 -0.495353 -4.500412 -2.722341 -0.062257 1.349422 9.713165 0.604125 -0.138041 0.006409
798461914 -1.093093 -3.391435 -1.407081 0.068795 1.370480 9.710173 0.600771 -0.140209 -0.007085
818420411 -0.071284 -2.936497 -1.276217 0.237939 1.427346 9.699302 0.577128 -0.146068 -0.024527
838378907 0.097904 -2.396427 -1.949881 0.237939 1.427346 9.699302 0.577128 -0.146068 -0.024527
858367920 -0.174250 -2.151168 -2.795552 0.274831 1.482563 9.690040 0.610240 -0.151761 -0.028355
878326416 -0.283799 -2.091316 -2.274949 0.307971 1.512558 9.684405 0.604536 -0.154856 -0.031790
898284913 -0.209862 -1.634000 -1.405367 0.293429 1.516946 9.684171 0.595337 -0.155309 -0.030291
918243409 -0.397219 -1.515711 -1.793034 0.177320 1.499615 9.689691 0.599272 -0.153521 -0.018298
938201905 -0.930668 -0.804168 -0.500000 0.177320 1.499615 9.689691 0.607483 -0.153521 -0.018298
958160401 -1.287847 -0.660554 -1.192689 0.196692 1.445435 9.697547 0.622228 -0.147932 -0.020280
978118897 -1.624238 -0.703498 -0.553248 0.159521 1.412153 9.703132 0.620924 -0.144502 -0.016439
998077393 -1.163257 -0.859485 -0.143089 0.110193 1.395905 9.706168 0.600960 -0.142828 -0.011352
1018035889 0.637874 -0.961799 -0.805154 0.104747 1.388730 9.707257 0.603198 -0.142089 -0.010790
1038024903 0.751053 -0.921942 -2.053378 0.104747 1.388730 9.707257 0.612789 -0.142089 -0.010790
1057983399 -0.574674 -0.630427 -1.502609 0.135486 1.355009 9.711641 0.610951 -0.138616 -0.013950
1077941895 -1.622165 -0.126859 0.147275 0.071143 1.254676 9.725796 0.614062 -0.128293 -0.007315
1097900391 -1.156024 0.094510 0.295573 0.071143 1.254676 9.725796 0.599725 -0.128293 -0.007315
1117858887 0.023250 -0.394331 -0.186841 0.030925 1.229304 9.729247 0.612242 -0.125685 -0.003179
1137817383 -0.120504 -0.239841 0.567047 0.005514 1.191338 9.734016 0.610503 -0.121784 -0.000566
1157775879 -0.531949 -0.099308 1.037202 -0.008833 1.151229 9.738839 0.593641 -0.117664 0.000907
1177734375 -0.145922 -0.318413 0.790583 -0.014004 1.120061 9.742467 0.599176 -0.114464 0.001437
1197692871 0.247242 -0.282183 0.497523 -0.002527 1.089601 9.745930 0.586995 -0.111338 0.000259
1217651368 0.257283 -0.211206 0.569079 0.035430 1.057763 9.749372 0.598628 -0.108072 -0.003634
1237640381 0.348535 -0.118750 0.278719 0.068607 1.034276 9.751716 0.594711 -0.105663 -0.007035
1257598877 0.034943 -0.012419 0.390922 0.063522 1.018229 9.753438 0.585121 -0.104018 -0.006513
1277557373 -0.070947 -0.268994 0.283063 0.027416 1.012227 9.754231 0.561948 -0.103403 -0.002811
1297515870 0.429316 -0.319392 0.729503 -0.010497 1.000486 9.755475 0.572062 -0.102199 0.001076
1317474366 0.525779 -0.327285 0.129829 -0.036783 0.997847 9.755682 0.578275 -0.101928 0.003770
1337432862 0.149057 -0.299518 0.132744 -0.037482 0.991297 9.756348 0.581960 -0.101257 0.003842
1357391358 -0.219059 -0.167856 0.779884 -0.034237 0.977809 9.757721 0.583089 -0.099875 0.003509
1377349854 -0.315553 -0.040339 0.505054 -0.034823 0.975046 9.757995 0.586720 -0.099592 0.003569
1397308350 -0.438826 -0.026572 -0.040080 -0.024490 0.981359 9.757393 0.579693 -0.100239 0.002510
1417297364 0.017888 -0.192310 0.136828 -0.020914 0.986792 9.756854 0.578181 -0.100795 0.002144
1437255860 0.009815 -0.180481 0.389519 -0.032327 0.989667 9.756531 0.588980 -0.101090 0.003313
1457214356 -0.043506 -0.099060 0.050284 -0.038637 0.996818 9.755780 0.583018 -0.101823 0.003960
1477172852 -0.176323 -0.081938 -0.460031 -0.023580 1.006386 9.754846 0.578367 -0.102804 0.002417
