0 0.165255 0.145271 -0.057294 -0.156073 -0.486502 9.793331 0.646556 0.049630 0.015935
19989014 0.109775 0.292634 -0.356849 -0.156073 -0.486502 9.793331 0.630607 0.049630 0.015935
39947510 0.103579 0.315385 -0.606342 -0.123108 -0.522898 9.791925 0.632093 0.053346 0.012572
59906006 -0.193749 0.111302 -0.110879 -0.098659 -0.558383 9.790243 0.629841 0.056970 0.010077
79864502 -0.365323 -0.078569 0.243851 -0.085037 -0.588792 9.788589 0.614944 0.060076 0.008687
99822998 -1.072998 0.269434 0.258632 -0.085037 -0.588792 9.788589 0.633381 0.060076 0.008687
119781494 -0.726294 0.275252 0.572808 -0.086048 -0.615982 9.786906 0.632545 0.062854 0.008792
139739991 0.246256 0.244261 0.294097 -0.083157 -0.631230 9.785961 0.606371 0.064412 0.008497
159698487 0.442538 0.364978 -0.192302 -0.074059 -0.638482 9.785563 0.610676 0.065153 0.007568
179656983 0.334593 0.537734 -0.422420 -0.059619 -0.653964 9.784638 0.615764 0.066735 0.006093
199645996 0.037992 0.669430 -0.254815 -0.009287 -0.733857 9.779149 0.607746 0.074903 0.000950
219604493 0.105933 0.965434 -0.263052 -0.009287 -0.733857 9.779149 0.624305 0.074903 0.000950
239562989 0.544220 1.233987 -0.150958 0.018622 -0.790741 9.774700 0.617100 0.080721 -0.001905
259521485 1.096630 1.696815 -0.357312 0.064113 -0.853700 9.769211 0.613174 0.087164 -0.006563
279479981 0.939040 2.288734 -0.969307 0.129657 -0.919549 9.762582 0.608875 0.093906 -0.013280
299438477 -0.004751 3.098290 -1.505223 0.215857 -0.999996 9.753143 0.616392 0.102149 -0.022128
319396973 0.161427 3.897593 -1.196433 0.307979 -1.116771 9.737986 0.596933 0.114127 -0.031616
339355469 0.233231 4.947942 -0.353066 0.425279 -1.266698 9.715195 0.604548 0.129529 -0.043747
359313965 -0.845604 6.794876 1.279313 0.555663 -1.428142 9.686177 0.602192 0.146150 -0.057304
379272461 -1.029102 8.600195 3.167433 0.639012 -1.551954 9.661961 0.613184 0.158923 -0.066041
399261475 -1.287985 9.839340 3.371234 0.644834 -1.579630 9.657088 0.616724 0.161782 -0.066674
419219971 -1.517247 10.226791 3.238965 0.606099 -1.514650 9.669998 0.610418 0.155072 -0.062596
439178467 0.041821 10.553306 3.440703 0.475208 -1.373530 9.698349 0.590811 0.140523 -0.048960
459136963 0.285250 10.452078 3.479194 0.246164 -1.156848 9.735065 0.592670 0.118241 -0.025281
479095459 0.660643 10.802212 2.571561 0.006859 -0.895758 9.765652 0.551902 0.091469 -0.000702
499053955 0.969145 9.634906 3.118969 -0.124412 -0.665533 9.783250 0.553281 0.067918 0.012716
519012451 0.202678 8.166569 4.129283 -0.302405 -0.303174 9.797297 0.533501 0.030920 0.030856
538970948 0.687090 5.750363 2.187359 -0.302405 -0.303174 9.797297 0.533501 0.030920 0.030856
558929444 3.221716 2.815755 4.805165 -0.298102 -0.233247 9.799343 0.521300 0.023787 0.030411
578918457 4.384387 -0.718476 7.736863 -0.270389 -0.176257 9.801338 0.527920 0.017974 0.027580
598876953 -0.382452 -4.480545 3.038831 -0.448621 0.090299 9.795968 0.559281 -0.009208 0.045765
618835450 -6.611675 -8.509402 -3.131561 -0.739137 0.453086 9.768253 0.606917 -0.046218 0.075523
638793946 -6.247212 -11.011800 -2.449163 -0.731320 0.564658 9.763028 0.599186 -0.057611 0.074767
658752442 -2.020184 -11.663386 3.502977 -0.367239 0.368836 9.792828 0.613817 -0.037620 0.037483
678710938 0.458463 -12.130950 5.937546 -0.047917 0.178978 9.804900 0.593321 -0.018252 0.004887
698669434 1.596985 -12.275111 0.854774 -0.017696 0.247688 9.803506 0.600598 -0.025260 0.001805
718627930 1.892741 -11.389193 -2.276992 -0.238726 0.413574 9.795017 0.586398 -0.042185 0.024367
738586426 2.993750 -10.165548 -0.347516 -0.432031 0.466200 9.786031 0.576980 -0.047557 0.044119
758575440 3.619052 -8.835925 1.234042 -0.311466 0.455756 9.791101 0.527548 -0.046491 0.031800
778533936 3.000669 -7.126738 2.023020 -0.130805 0.569197 9.789244 0.484949 -0.058075 0.013361
798492432 1.889828 -5.947759 -1.024956 0.048907 0.720077 9.780055 0.493940 -0.073494 -0.005001
818450928 -0.212112 -5.216145 -3.084759 0.048907 0.720077 9.780055 0.581206 -0.073494 -0.005001
838409424 0.053327 -3.775060 -2.511906 0.229028 0.817214 9.769856 0.582325 -0.083429 -0.023438
858367920 0.408577 -3.117550 -2.241899 0.374522 0.908851 9.757259 0.608782 -0.092810 -0.038365
878326416 0.190115 -2.601017 -3.242949 0.393134 1.032165 9.744253 0.590677 -0.105447 -0.040323
898284912 -0.355034 -2.238411 -3.704542 0.239349 1.228965 9.726394 0.608836 -0.125650 -0.024603
918243409 -0.113583 -1.811106 -2.760559 0.239349 1.228965 9.726394 0.606113 -0.125650 -0.024603
938232422 0.224688 -1.979991 -2.234459 0.124815 1.294784 9.719997 0.620946 -0.132418 -0.012840
958190918 -0.209409 -1.493939 -1.401016 0.080157 1.312572 9.718081 0.634976 -0.134248 -0.008248
978149414 0.078090 -1.654462 -1.345909 0.080157 1.312572 9.718081 0.623255 -0.134248 -0.008248
998107910 -0.073225 -1.702314 -2.054886 0.056059 1.344897 9.713830 0.649234 -0.137575 -0.005771
1018066407 -0.769855 -0.837738 -2.714060 0.020601 1.365633 9.711076 0.648923 -0.139710 -0.002121
1038024903 -1.083209 -0.209612 -2.336195 -0.034738 1.345698 9.713819 0.668973 -0.137657 0.003576
1057983399 -1.154246 -0.233003 -1.099657 -0.100035 1.288717 9.721089 0.686351 -0.131794 0.010290
1077941895 -0.473606 -0.368805 0.955077 -0.187565 1.207029 9.730277 0.659329 -0.123396 0.019274
1097900391 0.037298 -0.552502 1.413587 -0.284417 1.150443 9.734782 0.656607 -0.117583 0.029208
1117889405 -0.433184 -0.538675 0.534328 -0.369341 1.132160 9.734074 0.647119 -0.115706 0.037925
1137847901 -1.242048 -0.178998 -0.039504 -0.396884 1.117991 9.734627 0.662384 -0.114252 0.040748
1157806397 -1.164634 0.122574 0.023404 -0.316301 1.074215 9.742504 0.647598 -0.109760 0.032455
1177764893 -0.772773 -0.110700 -0.111295 -0.316301 1.074215 9.742504 0.664821 -0.109760 0.032455
1197723389 -0.829703 -0.124347 0.038685 -0.334766 1.058483 9.743609 0.665083 -0.108146 0.034344
1217681885 -0.950168 0.023890 0.106470 -0.412229 1.048113 9.741761 0.651992 -0.107082 0.042290
1237640381 -0.452517 -0.036727 0.324522 -0.478742 1.033814 9.740248 0.651558 -0.105616 0.049111
1257598877 0.221683 -0.403797 0.045616 -0.492737 1.022382 9.740757 0.657494 -0.104444 0.050542
1277557373 0.733862 -0.595824 -0.307618 -0.491779 1.011116 9.741981 0.651218 -0.103289 0.050438
1297546387 0.430200 -0.292528 0.097087 -0.510930 0.992598 9.742900 0.647831 -0.101390 0.052393
1317504883 0.246219 -0.082849 0.164536 -0.571429 0.986128 9.740195 0.657750 -0.100727 0.058600
1337463379 -0.297405 -0.037703 0.435868 -0.655894 0.991888 9.734287 0.649267 -0.101318 0.067278
1357421875 -0.869289 0.069214 0.344901 -0.715694 1.004008 9.728830 0.645906 -0.102560 0.073432
1377380371 -0.608251 0.178650 0.338127 -0.732679 1.011836 9.726755 0.669769 -0.103363 0.075184
1397338868 -0.099430 0.005893 0.245289 -0.725399 1.017125 9.726748 0.659965 -0.103905 0.074440
1417297364 0.237013 -0.334426 -0.047863 -0.716948 1.017374 9.727349 0.635689 -0.103930 0.073571
1437255860 0.698568 -0.532324 -0.058291 -0.708643 1.008165 9.728916 0.634094 -0.102986 0.072710
1457214356 0.476837 -0.283731 0.505873 -0.710577 0.990602 9.730578 0.641435 -0.101186 0.072896
1477203369 -0.157855 -0.174525 0.476738 -0.728154 0.990780 9.729261 0.625653 -0.101204 0.074702
1497161866 -0.375162 -0.095313 0.178378 -0.739760 1.001089 9.727330 0.655766 -0.102261 0.075904
