0 0.003082 0.190414 -0.204362 0.006519 0.226821 9.804024 0.645040 -0.023131 -0.000665
19958496 0.008960 0.104967 -0.623170 0.006519 0.226821 9.804024 0.634903 -0.023131 -0.000665
39916993 -0.308339 0.064451 -0.673294 0.005416 0.202125 9.804565 0.659570 -0.020612 -0.000552
59875489 -0.090770 0.227525 -0.694487 -0.012520 0.156354 9.805396 0.644367 -0.015944 0.001277
79864502 0.116454 0.375617 -0.238713 -0.038666 0.093650 9.806127 0.647534 -0.009550 0.003943
99822998 0.025494 0.323881 0.181784 -0.054436 -0.036716 9.806430 0.660210 0.003744 0.005551
119781495 -0.531337 0.186368 0.243178 -0.054436 -0.036716 9.806430 0.657041 0.003744 0.005551
139739991 -0.360501 0.373880 0.347521 -0.048235 -0.095753 9.806064 0.661277 0.009764 0.004919
159698487 0.048426 0.658575 0.289960 -0.096639 -0.204380 9.804044 0.669792 0.020842 0.009857
179656983 0.135198 1.043898 0.337861 -0.096639 -0.204380 9.804044 0.649475 0.020842 0.009857
199615479 -0.277920 1.620012 0.223942 -0.130834 -0.254644 9.802470 0.637391 0.025969 0.013346
219573975 -0.352074 2.625037 -0.417015 -0.172732 -0.299368 9.800558 0.624518 0.030532 0.017623
239532471 0.321736 4.096347 -0.428322 -0.223308 -0.356562 9.797622 0.631124 0.036367 0.022788
259490967 0.411483 5.934365 0.014394 -0.284488 -0.434847 9.792873 0.626779 0.044357 0.029042
279479981 -0.658500 7.159766 0.692956 -0.345805 -0.506294 9.787465 0.618682 0.051651 0.035317
299438477 -1.065276 7.309113 1.595062 -0.261919 -0.439118 9.793312 0.583215 0.044793 0.026738
319396973 -0.341543 7.763893 1.764199 -0.261919 -0.439118 9.793312 0.609785 0.044793 0.026738
339355469 0.520544 7.995170 2.273928 -0.204817 -0.337861 9.798688 0.614083 0.034459 0.020899
359313965 -0.123163 7.628454 2.532963 -0.243131 -0.243055 9.800623 0.625145 0.024787 0.024803
379272461 -1.524216 7.088808 1.194429 -0.283857 -0.081932 9.802198 0.626208 0.008355 0.028950
399230957 -1.630810 6.468187 -0.513794 -0.213833 0.170296 9.802838 0.621953 -0.017366 0.021810
419189453 -0.042710 6.686094 -0.205630 -0.078605 0.402950 9.798052 0.618241 -0.041101 0.008022
439147950 2.010947 6.893236 0.565926 0.004392 0.558418 9.790737 0.609787 -0.056974 -0.000449
459136963 1.111036 6.085078 2.219859 0.067147 0.647757 9.785003 0.630330 -0.066101 -0.006862
479095459 -1.273244 4.764508 2.731985 0.119286 0.722223 9.779292 0.628692 -0.073713 -0.012197
499053955 -2.382594 4.034240 3.380323 0.137823 0.791597 9.773677 0.653462 -0.080808 -0.014101
519012452 -1.347386 3.934951 5.365658 0.221694 0.897246 9.763001 0.666607 -0.091622 -0.022704
538970948 0.666417 2.778002 3.681390 0.324569 1.083223 9.741236 0.672152 -0.110684 -0.033307
558929444 2.214937 1.028542 -1.227713 0.316516 1.297065 9.715341 0.688650 -0.132652 -0.032567
578887940 1.265595 -2.056599 -2.701673 0.224807 1.408404 9.702384 0.682669 -0.144116 -0.023166
598846436 0.018204 -5.207150 -2.118922 0.221621 1.445127 9.697055 0.700487 -0.147901 -0.022851
618804932 0.249904 -8.474977 -0.650010 0.295627 1.423259 9.698316 0.731302 -0.145646 -0.030473
638763428 1.367233 -10.611495 1.998454 0.303556 1.317249 9.713037 0.726737 -0.134729 -0.031242
658752442 4.831534 -11.278776 1.610820 0.259036 1.246381 9.723674 0.736545 -0.127440 -0.026633
678710938 6.802177 -11.857754 -0.901731 0.180660 1.233642 9.727070 0.748774 -0.126131 -0.018571
698669434 4.175227 -11.343835 0.517479 0.068774 1.125150 9.741647 0.766545 -0.114987 -0.007060
718627930 0.643422 -9.800679 1.513009 0.085973 1.023978 9.752664 0.784792 -0.104607 -0.008815
738586426 -1.008243 -8.638136 1.872709 0.464281 1.075382 9.736446 0.787090 -0.109879 -0.047649
758544922 -0.731940 -7.327570 0.894263 0.464281 1.075382 9.736446 0.829195 -0.109879 -0.047649
778503418 0.493078 -5.637664 -0.642119 0.565638 1.138719 9.723876 0.820977 -0.116380 -0.058105
798461914 0.839298 -4.422625 -0.869494 0.538254 1.144608 9.724739 0.821656 -0.116984 -0.055292
818420411 0.328275 -3.349637 -0.952222 0.432324 1.113242 9.733662 0.832114 -0.113764 -0.044386
838409424 0.483872 -2.774820 -1.834052 0.357788 1.138482 9.733768 0.809061 -0.116355 -0.036741
858367920 0.673677 -2.549679 -1.688195 0.357788 1.138482 9.733768 0.839023 -0.116355 -0.036741
878326416 -0.044016 -2.245341 -1.445291 0.378989 1.149091 9.731719 0.837465 -0.117444 -0.038924
898284912 -0.997416 -2.276534 -1.275348 0.378752 1.147422 9.731925 0.845663 -0.117273 -0.038899
918243409 -1.297761 -2.073465 -1.352783 0.365207 1.146015 9.732607 0.830778 -0.117129 -0.037506
938201905 -0.295200 -1.364022 -0.943032 0.368970 1.149811 9.732018 0.810006 -0.117518 -0.037895
958160401 1.122292 -0.498536 -0.510800 0.391360 1.159292 9.730020 0.837707 -0.118492 -0.040200
978118897 1.160866 -0.122472 -0.617949 0.415318 1.179991 9.726537 0.826029 -0.120618 -0.042674
998077393 0.690759 -0.253331 -1.067219 0.439144 1.211352 9.721634 0.814121 -0.123840 -0.045141
1018066407 0.390264 -0.519100 -0.724718 0.478619 1.237575 9.716466 0.813916 -0.126535 -0.049219
1038024903 0.059109 -0.913826 -0.216666 0.512084 1.242755 9.714099 0.817478 -0.127067 -0.052667
1057983399 -0.470709 -0.891723 0.006872 0.512084 1.242755 9.714099 0.823886 -0.127067 -0.052667
1077941895 -0.779350 -0.946185 -0.473328 0.476806 1.239892 9.716260 0.824703 -0.126773 -0.049034
1097900391 -0.009800 -0.628252 -0.487006 0.464732 1.246876 9.715951 0.817131 -0.127491 -0.047795
1117858887 0.594182 -0.183540 -0.420414 0.485471 1.259745 9.713277 0.821626 -0.128814 -0.049939
1137817383 0.195452 -0.299845 -0.584540 0.504155 1.270245 9.710958 0.817936 -0.129894 -0.051870
1157775879 -0.172406 -0.485408 -0.179935 0.520031 1.267213 9.710516 0.827332 -0.129582 -0.053502
1177734375 0.111541 -0.310260 -0.038522 0.543292 1.266197 9.709375 0.810404 -0.129478 -0.055897
1197692871 0.451333 -0.232447 -0.118271 0.565914 1.273085 9.707182 0.815138 -0.130186 -0.058233
1217681885 0.609103 0.005441 -0.350826 0.575745 1.276757 9.706121 0.811118 -0.130564 -0.059248
1237640381 0.182842 -0.033122 -0.661146 0.580900 1.278504 9.705585 0.807751 -0.130743 -0.059781
1257598877 -0.166057 -0.268382 -0.794515 0.610042 1.283993 9.703071 0.810023 -0.131308 -0.062788
1277557373 0.174945 -0.119237 -0.288115 0.648143 1.275556 9.701714 0.816891 -0.130440 -0.066708
1297515870 0.177779 0.132824 -0.122763 0.656845 1.250969 9.704329 0.820494 -0.127912 -0.067583
1317474366 0.130426 0.056098 -0.210336 0.658829 1.228695 9.707041 0.792861 -0.125622 -0.067767
1337432862 0.522183 0.275322 0.050324 0.667996 1.204860 9.709401 0.797850 -0.123173 -0.068691
1357391358 0.321402 0.207101 0.163017 0.678476 1.181761 9.711514 0.798880 -0.120800 -0.069750
1377349854 -0.040349 -0.010661 0.199207 0.692519 1.163581 9.712717 0.810459 -0.118932 -0.071180
1397338868 -0.165652 -0.180729 0.339434 0.704699 1.146507 9.713872 0.806585 -0.117179 -0.072419
1417297364 -0.209584 -0.187809 0.264785 0.705399 1.129562 9.715806 0.812314 -0.115439 -0.072476
1437255860 -0.315874 -0.228282 0.024506 0.701349 1.117303 9.717517 0.792176 -0.114181 -0.072049
1457214356 -0.029571 -0.135529 0.343365 0.707119 1.105058 9.718499 0.800652 -0.112924 -0.072632
1477172852 0.354184 0.044939 0.227974 0.712810 1.098288 9.718850 0.806046 -0.112230 -0.073212
1497131348 0.281987 0.031001 -0.101521 0.721655 1.099628 9.718046 0.791930 -0.112367 -0.074123
