0 0.122195 -0.026504 -0.046738 -0.352541 -0.011827 9.800303 0.660838 0.001206 0.035957
19958496 -0.004391 0.088549 -0.723126 -0.352541 -0.011827 9.800303 0.658212 0.001206 0.035957
39916992 0.058156 0.018627 -0.476656 -0.350577 -0.011956 9.800374 0.649339 0.001219 0.035757
59875489 0.066952 0.015581 -0.069277 -0.346170 -0.023466 9.800510 0.656354 0.002393 0.035307
79833985 0.024726 -0.020530 -0.064056 -0.345394 -0.034803 9.800505 0.645791 0.003549 0.035228
99792481 0.056227 -0.014763 -0.211498 -0.339496 -0.076379 9.800474 0.650629 0.007789 0.034627
119781494 0.117516 0.202933 -0.258279 -0.324181 -0.107422 9.800701 0.631573 0.010954 0.033065
139739991 -0.064045 -0.182190 -0.004400 -0.324181 -0.107422 9.800701 0.659486 0.010954 0.033065
159698487 0.302702 -0.003938 0.310376 -0.314977 -0.138953 9.800606 0.650828 0.014170 0.032127
179656983 -0.102667 0.293328 -0.286404 -0.312973 -0.159224 9.800361 0.657462 0.016237 0.031924
199615479 -0.315966 -0.011469 -0.465475 -0.309865 -0.183621 9.800033 0.669123 0.018725 0.031608
219573975 0.144740 -0.311023 0.076106 -0.298728 -0.264264 9.798536 0.659830 0.026951 0.030478
239532471 0.184094 0.074718 0.428969 -0.298728 -0.264264 9.798536 0.659830 0.026951 0.030478
259490967 -0.493399 0.259187 0.355495 -0.294917 -0.290879 9.797898 0.657327 0.029666 0.030091
279479981 -0.629096 0.228942 0.139646 -0.282933 -0.307727 9.797736 0.653525 0.031385 0.028869
299438477 -0.611117 0.094807 0.444222 -0.276489 -0.325377 9.797350 0.654625 0.033185 0.028213
319396973 0.056849 0.116899 0.479998 -0.280035 -0.334845 9.796931 0.648560 0.034151 0.028576
339355469 0.257643 0.243039 -0.137349 -0.282349 -0.328113 9.797091 0.656967 0.033464 0.028812
359313965 0.090917 0.549594 -0.636742 -0.277254 -0.320186 9.797500 0.647348 0.032656 0.028291
379272461 0.274217 1.049668 -0.899533 -0.268624 -0.329994 9.797414 0.649183 0.033656 0.027411
399230957 0.387784 1.755250 -1.097964 -0.250900 -0.361036 9.796790 0.651633 0.036824 0.025605
419189453 -0.163498 2.093805 -0.836690 -0.216073 -0.420582 9.795244 0.663706 0.042901 0.022055
439147950 -0.375305 2.184680 -0.470045 -0.148281 -0.505860 9.792472 0.650007 0.051606 0.015141
459136963 0.202992 2.702605 0.006061 -0.060676 -0.602057 9.787964 0.654527 0.061431 0.006199
479095459 0.226716 4.096498 0.693962 -0.006699 -0.694244 9.782044 0.649191 0.070852 0.000685
499053955 -0.693364 5.073300 1.126842 0.007948 -0.761860 9.777008 0.652658 0.077766 -0.000813
519012451 -0.954535 5.975100 0.743660 0.008655 -0.771159 9.776278 0.646435 0.078718 -0.000885
538970948 -0.954850 7.320045 1.662778 -0.051202 -0.724585 9.779711 0.643173 0.073955 0.005235
558929444 -2.062053 8.197859 1.444163 -0.194879 -0.569899 9.788137 0.652252 0.058146 0.019907
578887940 -2.971129 7.696730 -0.338425 -0.380799 -0.302389 9.794586 0.628215 0.030840 0.038859
598846436 -2.271597 6.467636 2.148606 -0.607090 -0.083350 9.787486 0.583009 0.008499 0.061948
618804932 1.059831 6.092318 5.912726 -1.239098 0.409447 9.719433 0.589348 -0.041764 0.126803
638793946 4.304246 5.716054 5.549812 -1.571995 0.878088 9.639927 0.556754 -0.089660 0.161648
658752442 4.422721 5.266944 1.520374 -1.571995 0.878088 9.639927 0.522577 -0.089660 0.161648
678710938 2.229634 4.908234 -3.109026 -1.836344 1.333636 9.540421 0.552183 -0.136416 0.190155
698669434 -0.772301 4.312257 -3.414270 -1.896070 1.554375 9.495222 0.547062 -0.159173 0.197094
718627930 -1.398905 3.337918 -1.473394 -1.803390 1.539472 9.515681 0.541610 -0.157634 0.187296
738586426 0.383424 1.732084 0.044658 -1.766503 1.418132 9.541424 0.524139 -0.145118 0.183068
758544922 2.547177 -0.288740 1.893559 -1.781698 1.233455 9.564231 0.505120 -0.126111 0.184176
778503418 4.554387 -0.886772 4.626555 -1.751221 1.017947 9.595176 0.499575 -0.103989 0.180524
798461914 3.248526 -3.008290 3.113991 -1.810805 0.929825 9.593060 0.519270 -0.094958 0.186567
818450928 -2.892160 -7.084534 -2.273418 -2.000612 0.990974 9.549131 0.543031 -0.101224 0.206520
838409424 -4.423794 -8.502351 -3.027948 -2.124858 0.941019 9.527321 0.552622 -0.096105 0.219437
858367920 -2.197389 -7.571235 1.111312 -2.156936 0.675563 9.542622 0.535964 -0.068943 0.222296
878326416 -1.559384 -7.700066 3.437282 -2.260227 0.396453 9.534389 0.541836 -0.040438 0.232764
898284912 -1.107417 -8.083517 2.097635 -2.461271 0.281172 9.488598 0.550066 -0.028676 0.253799
918243409 -0.560894 -7.532345 -0.293613 -2.461271 0.281172 9.488598 0.548862 -0.028676 0.253799
938201905 -1.187960 -7.499451 -2.312182 -2.443387 0.309251 9.492345 0.559739 -0.031540 0.251937
958160401 -1.354893 -6.792601 -2.913955 -2.298761 0.276896 9.529397 0.567761 -0.028239 0.236706
978118897 -0.577623 -5.755221 -2.085284 -2.049947 0.164702 9.588586 0.568717 -0.016796 0.210620
998107910 0.327138 -5.188394 -1.073382 -1.743389 0.013870 9.650430 0.553819 -0.001414 0.178726
1018066407 1.247965 -4.208720 -0.746668 -1.424210 -0.131129 9.701795 0.559124 0.013372 0.145758
1038024903 1.197907 -3.364469 -1.029807 -1.134892 -0.229530 9.738055 0.527222 0.023408 0.116019
1057983399 0.737729 -2.815196 -1.870491 -0.932629 -0.278941 9.758216 0.537357 0.028448 0.095284
1077941895 0.371629 -1.890462 -2.246115 -0.784740 -0.316076 9.770090 0.516538 0.032236 0.080149
1097900391 -0.014784 -1.541932 -1.352362 -0.639795 -0.379242 9.778406 0.528381 0.038682 0.065336
1117858887 -0.447040 -1.261510 -0.165401 -0.526659 -0.459931 9.781692 0.534292 0.046917 0.053789
1137817383 -0.749674 -0.963367 0.043819 -0.463078 -0.505770 9.782644 0.514560 0.051597 0.047301
1157775879 -0.642019 -0.468949 -0.206532 -0.438138 -0.511785 9.783481 0.521876 0.052211 0.044754
1177764893 -0.492331 -0.498114 -1.207393 -0.421304 -0.484296 9.785619 0.514131 0.049405 0.043027
1197723389 -0.454188 -0.437264 -1.371860 -0.427605 -0.455381 9.786735 0.527926 0.046453 0.043664
1217681885 -0.739115 -0.128858 -0.643985 -0.451728 -0.459085 9.785478 0.528828 0.046831 0.046130
1237640381 -0.661284 -0.089230 -0.175803 -0.473448 -0.475571 9.783663 0.521118 0.048514 0.048354
1257598877 -0.248462 -0.396466 0.405342 -0.522696 -0.486540 9.780617 0.498906 0.049634 0.053391
1277557373 0.215510 -0.328427 0.439101 -0.600378 -0.476048 9.776671 0.518138 0.048563 0.061332
1297515869 0.669448 -0.480718 -0.253026 -0.662112 -0.443362 9.774223 0.518335 0.045226 0.067637
1317474366 0.524777 -0.700360 -0.476406 -0.685224 -0.425175 9.773438 0.513052 0.043369 0.069996
1337432862 -0.121417 -0.377753 0.190728 -0.665186 -0.440292 9.774153 0.521900 0.044912 0.067951
1357421875 -0.227743 -0.253998 0.587356 -0.617355 -0.461230 9.776325 0.525104 0.047050 0.063064
1377380371 0.106697 -0.366489 0.136678 -0.587393 -0.445957 9.778879 0.515514 0.045491 0.059995
1397338867 0.105541 -0.425656 -0.012200 -0.624984 -0.395582 9.778716 0.529493 0.040349 0.063826
1417297364 -0.056332 -0.362630 0.045062 -0.724566 -0.326724 9.774386 0.535902 0.033323 0.073994
1437255860 -0.494652 -0.121328 -0.451241 -0.816620 -0.245934 9.769495 0.531261 0.025081 0.083395
1457214356 -0.851239 -0.169421 -0.657541 -0.886175 -0.171113 9.765030 0.529576 0.017450 0.090502
1477172852 -0.800543 -0.239312 -0.341537 -0.960973 -0.122960 9.758678 0.529072 0.012539 0.098157
1497131348 -0.124336 -0.148318 -0.084290 -1.045520 -0.086505 9.750374 0.518137 0.008821 0.106821
