0 0.333588 -0.042717 -0.451936 0.141088 0.058296 9.805462 0.643000 -0.005945 -0.014388
19958496 -0.332075 -0.126699 -0.154520 0.131771 -0.002604 9.805764 0.640092 0.000266 -0.013437
39916992 -0.218628 -0.039215 0.479800 0.131771 -0.002604 9.805764 0.655374 0.000266 -0.013437
59875488 0.020688 0.137612 0.339270 0.118771 -0.023178 9.805903 0.645662 0.002363 -0.012112
79833984 -0.034266 0.082416 0.304378 0.118861 -0.032450 9.805876 0.635730 0.003309 -0.012121
99792480 0.147220 0.004708 0.212502 0.130756 -0.034727 9.805717 0.648095 0.003541 -0.013334
119750977 0.044103 -0.005114 -0.279394 0.138632 -0.028569 9.805629 0.635487 0.002913 -0.014137
139739990 -0.046046 0.079007 -0.368662 0.123373 -0.045747 9.805767 0.640846 0.004665 -0.012581
159698486 0.157209 0.045181 0.033480 0.123373 -0.045747 9.805767 0.627811 0.004665 -0.012581
179656982 0.133500 -0.005058 0.228848 0.130603 -0.076781 9.805480 0.631716 0.007830 -0.013319
199615479 0.244095 -0.197572 0.165891 0.130603 -0.076781 9.805480 0.631716 0.007830 -0.013319
219573975 0.269097 -0.026553 -0.182704 0.139753 -0.080601 9.805323 0.634639 0.008219 -0.014252
239532471 -0.137710 0.123747 -0.143560 0.138698 -0.088878 9.805266 0.622873 0.009063 -0.014144
259490967 -0.102661 0.149655 -0.004499 0.133683 -0.105199 9.805175 0.620281 0.010727 -0.013633
279449463 0.275587 -0.081734 0.091017 0.132150 -0.121618 9.805005 0.622800 0.012402 -0.013477
299438477 0.317717 0.017753 -0.142559 0.136994 -0.134514 9.804770 0.629484 0.013717 -0.013971
319396973 -0.338499 0.018072 0.268224 0.147785 -0.167449 9.804107 0.632078 0.017076 -0.015073
339355469 -0.271051 0.089590 0.347980 0.147785 -0.167449 9.804107 0.638470 0.017076 -0.015073
359313965 0.062361 0.076454 0.293656 0.147355 -0.171930 9.804036 0.626147 0.017533 -0.015029
379272461 0.090209 0.028720 -0.222332 0.139487 -0.168316 9.804214 0.634946 0.017164 -0.014226
399230957 0.022841 0.037323 -0.330623 0.135575 -0.173302 9.804181 0.630405 0.017673 -0.013827
419189453 -0.214119 0.159840 -0.490487 0.131118 -0.186801 9.803995 0.624844 0.019050 -0.013373
439147949 -0.253320 0.356170 -0.230013 0.123867 -0.213758 9.803537 0.629962 0.021799 -0.012634
459106445 0.075437 0.272840 -0.118295 0.115134 -0.247503 9.802850 0.627437 0.025241 -0.011744
479095459 0.335721 0.425002 -0.306783 0.111988 -0.284130 9.801893 0.609878 0.028977 -0.011425
499053955 0.142783 0.851076 -0.921848 0.124735 -0.326462 9.800422 0.613163 0.033296 -0.012727
519012451 0.251731 1.308460 -1.212377 0.150317 -0.389190 9.797771 0.632770 0.039697 -0.015341
538970947 0.727931 2.129519 -0.931490 0.185370 -0.483597 9.792965 0.623887 0.049333 -0.018927
558929443 -0.003105 3.377962 -0.594426 0.231573 -0.601955 9.785418 0.640402 0.061421 -0.023661
578887939 -0.780805 4.854588 0.864112 0.297670 -0.750559 9.773353 0.602887 0.076611 -0.030448
598846436 -1.721053 6.709143 2.176320 0.372010 -0.892215 9.758890 0.618361 0.091107 -0.038102
618804932 -1.657419 7.778401 3.422028 0.482408 -1.004136 9.743172 0.608099 0.102573 -0.049472
638793945 -0.608492 8.663351 5.099326 0.482408 -1.004136 9.743172 0.608099 0.102573 -0.049472
658752441 -0.789090 8.520903 2.372847 0.466665 -0.847196 9.758836 0.607205 0.086498 -0.047783
678710938 -1.542675 8.648053 -0.767036 0.392829 -0.597878 9.780522 0.604038 0.061004 -0.040143
698669434 -1.051502 9.616802 -1.633533 0.279532 -0.394262 9.794734 0.580170 0.040214 -0.028531
718627930 2.610089 10.056493 1.750542 0.200081 -0.309571 9.799721 0.560126 0.031573 -0.020414
738586426 3.822622 9.329426 3.287437 0.134182 -0.231571 9.802999 0.547799 0.023616 -0.013687
758544922 3.766580 8.971398 0.402456 0.041711 -0.078406 9.806248 0.535331 0.007995 -0.004254
778503418 -0.015495 6.923769 -1.809744 -0.012500 0.035660 9.806578 0.535027 -0.003636 0.001275
798461914 -2.418187 3.190490 2.415485 -0.056494 -0.057359 9.806320 0.527204 0.005849 0.005761
818450928 0.193257 -0.452523 8.709712 -0.054238 -0.374850 9.799334 0.515590 0.038233 0.005535
838409424 4.390351 -2.419748 8.990574 -0.180034 -0.141018 9.803983 0.526987 0.014380 0.018361
858367920 3.322613 -5.306801 3.604275 -0.180034 -0.141018 9.803983 0.526987 0.014380 0.018361
878326416 -1.338653 -7.434070 -4.569615 -0.630071 0.506746 9.773260 0.555710 -0.051697 0.064380
898284912 -5.083367 -10.226973 -6.168723 -0.630071 0.506746 9.773260 0.558489 -0.051697 0.064380
918243408 -1.673312 -10.591325 0.110995 -0.393985 0.147331 9.797625 0.545368 -0.015024 0.040191
938201904 0.761437 -9.438540 4.047479 -0.393985 0.147331 9.797625 0.564404 -0.015024 0.040191
958160400 -0.120793 -9.923386 0.407209 -0.404973 0.153024 9.797090 0.579130 -0.015605 0.041313
978118897 -1.236696 -9.212096 -1.931872 -0.551447 0.249483 9.787954 0.573298 -0.025443 0.056280
998107910 -0.100635 -8.225369 -1.170190 -0.577262 0.175445 9.788074 0.571167 -0.017891 0.058908
1018066406 1.491604 -7.180279 0.546454 -0.403114 0.088318 9.797963 0.531322 -0.009006 0.041119
1038024902 1.188836 -6.500674 1.700965 -0.403114 0.088318 9.797963 0.551259 -0.009006 0.041119
1057983398 0.283903 -5.781279 -0.257055 -0.215802 0.098125 9.803784 0.547180 -0.010006 0.022009
1077941895 0.410887 -4.752376 -1.802107 0.077268 0.231339 9.803617 0.504914 -0.023592 -0.007881
1097900391 0.591579 -4.356310 -2.333256 0.077268 0.231339 9.803617 0.540709 -0.023592 -0.007881
1117858887 1.189986 -4.118022 -2.766730 0.183751 0.271222 9.801177 0.557036 -0.027660 -0.018746
1137817383 1.532089 -2.653936 -2.321390 0.279867 0.272739 9.798862 0.545738 -0.027815 -0.028553
1157775879 0.271712 -2.205693 -2.427252 0.359510 0.274237 9.796220 0.530330 -0.027968 -0.036682
1177764893 -1.442679 -1.651061 -2.049813 0.394575 0.276449 9.794808 0.554388 -0.028194 -0.040262
1197723389 -1.959809 -0.858296 -1.270198 0.347133 0.267980 9.796840 0.558781 -0.027330 -0.035418
1217681885 -1.086425 -0.727496 -0.936757 0.256054 0.265476 9.799711 0.573481 -0.027074 -0.026123
1237640381 0.260831 -0.874127 -0.660469 0.172544 0.264091 9.801576 0.555813 -0.026933 -0.017602
1257598877 0.497300 -0.790955 -1.309757 0.137204 0.281603 9.801646 0.571875 -0.028719 -0.013997
1277557373 0.153598 -0.534602 -1.031630 0.111390 0.294452 9.801596 0.570445 -0.030030 -0.011364
1297515869 -0.395008 -0.419927 -1.102968 0.062236 0.306483 9.801662 0.574630 -0.031258 -0.006349
1317474365 -0.916422 -0.267313 -0.611388 -0.012080 0.302094 9.801989 0.578012 -0.030810 0.001232
1337432861 -0.744693 0.018369 -0.665416 -0.084909 0.293163 9.801900 0.567249 -0.029899 0.008662
1357421875 -0.321073 -0.141936 -0.166534 -0.142129 0.275617 9.801746 0.599727 -0.028109 0.014499
1377380371 0.124140 -0.158717 0.434825 -0.187796 0.249009 9.801689 0.588977 -0.025395 0.019157
1397338867 0.527412 -0.293061 0.366184 -0.216566 0.232097 9.801511 0.582342 -0.023670 0.022092
1417297363 0.123122 -0.209358 0.031127 -0.227230 0.227516 9.801377 0.568639 -0.023202 0.023179
1437255859 -0.468095 -0.063268 0.193444 -0.244421 0.220377 9.801126 0.566167 -0.022474 0.024933
1457214355 -0.713507 0.170851 0.192815 -0.271056 0.213072 9.800588 0.581354 -0.021729 0.027650
1477172852 -0.421427 0.020987 0.287551 -0.293916 0.203924 9.800122 0.575822 -0.020796 0.029982
1497131348 0.003795 -0.161539 0.849214 -0.317940 0.190881 9.799637 0.576452 -0.019466 0.032433
