0 0.295401 -0.088392 -0.751705 -0.053847 -0.273984 9.802674 0.594526 0.027942 0.005493
19958496 0.254664 -0.187475 0.525833 -0.003312 -0.343696 9.800625 0.582291 0.035054 0.000338
39916992 -0.160253 -0.173583 0.647930 0.032743 -0.388316 9.798904 0.591396 0.039608 -0.003341
59906006 -0.284838 0.191126 0.511335 0.059858 -0.406904 9.798022 0.595270 0.041505 -0.006109
79864502 -0.528297 0.447807 0.046849 0.055129 -0.407603 9.798020 0.601042 0.041576 -0.005627
99822998 -1.077236 0.641366 -0.342946 0.054384 -0.410486 9.797905 0.597060 0.041870 -0.005551
119781494 -0.536209 0.804426 0.140983 0.062263 -0.431803 9.796941 0.595682 0.044046 -0.006355
139739990 -0.164517 0.728800 -0.372528 0.047913 -0.451244 9.796146 0.590562 0.046030 -0.004891
159698486 0.160736 0.673119 -0.357838 0.030523 -0.485947 9.794556 0.597322 0.049573 -0.003116
179656982 0.479769 0.719180 0.461814 0.027877 -0.596331 9.788463 0.600644 0.060846 -0.002848
199615478 0.845603 0.902170 0.494968 0.016346 -0.626034 9.786633 0.595405 0.063881 -0.001670
219573974 0.809999 1.362984 -0.323897 0.016346 -0.626034 9.786633 0.595499 0.063881 -0.001670
239562988 0.522801 1.804561 -0.821704 0.056774 -0.734337 9.778953 0.603390 0.074952 -0.005806
259521484 0.379323 2.655052 -0.955707 0.056774 -0.734337 9.778953 0.591966 0.074952 -0.005806
279479980 0.224984 3.747341 -0.350488 0.080674 -0.838679 9.770389 0.594894 0.085626 -0.008257
299438476 0.359427 5.292610 1.276362 0.191973 -1.073377 9.745840 0.595416 0.109674 -0.019695
319396972 0.937595 6.886292 2.123664 0.221908 -1.124622 9.739424 0.603440 0.114932 -0.022781
339355468 -0.127886 8.918290 2.720761 0.221908 -1.124622 9.739424 0.602938 0.114932 -0.022781
359313965 -2.150306 11.616298 3.863568 0.252973 -1.134991 9.737464 0.621137 0.115997 -0.025974
379272461 -2.824254 13.889044 5.186033 0.331077 -1.121353 9.736701 0.628172 0.114597 -0.033990
399230957 -1.517157 15.704428 5.813171 0.424988 -1.079358 9.737801 0.626997 0.110287 -0.043615
419189453 0.685745 16.656544 7.067018 0.524534 -0.996530 9.741776 0.647261 0.101794 -0.053792
439178467 -3.140393 16.770210 5.736877 0.608508 -0.826259 9.752815 0.663838 0.084355 -0.062312
459136963 -4.447941 15.551436 9.713560 0.650138 -0.647393 9.763636 0.674815 0.066064 -0.066490
479095459 -1.970032 11.134327 6.776300 0.595498 -0.306171 9.783764 0.666165 0.031226 -0.060791
499053955 4.765871 3.589633 4.428537 0.346057 0.177854 9.798928 0.650823 -0.018137 -0.035301
519012451 7.694304 -4.119600 -2.160707 -0.001381 0.758737 9.777254 0.636730 -0.077447 0.000141
538970947 0.480927 -10.589775 -13.558947 -0.329021 1.282535 9.716853 0.656991 -0.131158 0.033848
558929443 -9.524495 -13.214763 -4.748053 -0.301004 1.260011 9.720707 0.677233 -0.128842 0.030955
578887939 1.653883 -15.055575 7.890560 0.171719 0.884113 9.765205 0.642338 -0.090277 -0.017583
598846435 4.405632 -17.546833 -0.258757 0.140465 0.897497 9.764484 0.609273 -0.091647 -0.014384
618835449 -1.914364 -17.668114 -6.482795 -0.442086 1.108941 9.733714 0.609342 -0.113323 0.045387
638793945 -0.019034 -16.003008 0.644598 -0.649766 1.029299 9.730814 0.621825 -0.105153 0.066675
658752441 10.016652 -14.053591 5.885806 -0.329384 0.778004 9.770189 0.627519 -0.079418 0.033700
678710937 8.466798 -11.126289 1.212920 0.014967 0.699402 9.781666 0.626110 -0.071380 -0.001530
698669433 2.288196 -8.211898 -3.176887 0.260859 0.759504 9.773715 0.629558 -0.077526 -0.026683
718627929 0.022142 -5.850899 -0.891269 0.510837 0.776995 9.762465 0.648075 -0.079315 -0.052279
738586426 0.299623 -4.519850 0.255693 0.808473 0.891922 9.732483 0.617854 -0.091077 -0.082879
758544922 -0.073223 -3.316194 -3.071677 0.808473 0.891922 9.732483 0.660752 -0.091077 -0.082879
778503418 -0.363238 -2.798483 -2.947006 0.857014 0.977733 9.720079 0.658281 -0.099867 -0.087942
798492431 -0.778815 -2.389702 -2.382759 0.894665 1.021885 9.712142 0.669352 -0.104393 -0.091859
818450927 -1.044881 -1.912830 -1.749065 0.942838 1.026320 9.707117 0.671371 -0.104847 -0.096825
838409424 -1.219433 -1.931564 -0.930671 0.960919 1.019771 9.706034 0.679009 -0.104176 -0.098681
858367920 -0.675147 -1.728760 -0.004299 0.891673 1.020001 9.712615 0.666321 -0.104200 -0.091549
878326416 -0.552905 -1.543565 -1.011805 0.821327 1.042447 9.716436 0.679721 -0.106501 -0.084329
898284912 -0.311126 -1.275561 -1.006055 0.843339 1.039851 9.714828 0.699722 -0.106235 -0.086592
918243408 -0.139348 -0.957490 -0.203910 0.865507 1.021378 9.714838 0.696155 -0.104341 -0.088857
938201904 -0.454581 -0.724568 -0.760947 0.822966 1.019503 9.718731 0.685161 -0.104149 -0.084477
958160400 -0.825444 -0.368878 -1.335021 0.759974 1.012048 9.724638 0.696438 -0.103384 -0.077991
978149414 -0.838356 -0.143937 -1.426013 0.719358 0.977718 9.731237 0.690072 -0.099865 -0.073788
998107910 0.170958 -0.168585 -0.173430 0.699182 0.915939 9.738716 0.678002 -0.093536 -0.071671
1018066406 -0.473858 -0.226655 -0.964600 0.637637 0.878169 9.746416 0.692788 -0.089668 -0.065330
1038024902 -1.046943 -0.003200 0.172626 0.530244 0.826205 9.757387 0.670394 -0.084349 -0.054289
1057983398 -0.596873 -0.162482 0.854720 0.403301 0.760258 9.768815 0.645492 -0.077603 -0.041261
1077941894 0.219637 -0.214445 1.203062 0.326063 0.688912 9.776987 0.688610 -0.070307 -0.033338
1097900390 0.483460 -0.294533 1.494652 0.318545 0.620329 9.781826 0.681353 -0.063298 -0.032553
1117858886 -0.092394 -0.322737 1.299526 0.322657 0.575215 9.784448 0.666059 -0.058689 -0.032965
1137817383 -0.650034 -0.021494 1.755084 0.314063 0.545444 9.786431 0.667264 -0.055649 -0.032081
1157806396 -0.161916 -0.206776 0.541071 0.306365 0.545399 9.786678 0.673250 -0.055644 -0.031294
1177764892 0.525658 -0.189259 0.681385 0.311391 0.543777 9.786610 0.663319 -0.055478 -0.031807
1197723388 0.703442 -0.409670 0.439999 0.303647 0.550029 9.786504 0.661030 -0.056117 -0.031017
1217681885 0.472614 -0.384316 -0.067496 0.283745 0.564455 9.786280 0.660531 -0.057590 -0.028986
1237640381 -0.251960 -0.197422 0.366069 0.265540 0.567865 9.786592 0.665262 -0.057939 -0.027126
1257598877 -0.260226 -0.310325 0.636260 0.238225 0.572411 9.787031 0.666629 -0.058403 -0.024336
1277557373 -0.129608 -0.439303 0.486660 0.208033 0.589409 9.786711 0.678871 -0.060139 -0.021253
1297515869 -0.132627 -0.423565 0.228716 0.192263 0.612952 9.785586 0.668548 -0.062544 -0.019645
1317474365 -0.501569 -0.303509 -0.342890 0.185667 0.640312 9.783962 0.661811 -0.065340 -0.018974
1337432861 -0.463035 -0.392862 0.232108 0.195535 0.654473 9.782833 0.673177 -0.066787 -0.019985
1357421875 -0.483178 -0.679897 0.051418 0.204882 0.671973 9.781455 0.689427 -0.068576 -0.020943
1377380371 -0.508976 -0.579023 0.464022 0.222081 0.724013 9.777366 0.681004 -0.073896 -0.022710
1397338867 -0.148554 -0.710279 -0.531422 0.222081 0.724013 9.777366 0.681658 -0.073896 -0.022710
1417297363 -0.249757 -0.783403 -0.207730 0.254450 0.745410 9.774968 0.682213 -0.076084 -0.026025
1437255859 0.329457 -0.904503 -0.152345 0.250332 0.766014 9.773481 0.663728 -0.078191 -0.025608
1457214355 0.361176 -1.202266 -0.531297 0.216949 0.796284 9.771860 0.679724 -0.081288 -0.022198
1477172851 0.124590 -1.381531 0.169068 0.204415 0.811826 9.770852 0.672712 -0.082878 -0.020918
1497131347 0.418175 -0.876654 0.296270 0.211170 0.828318 9.769323 0.679117 -0.084566 -0.021612
