0 0.099113 0.205492 -0.474833 -0.565729 -0.249673 9.787134 0.685979 0.025462 0.057739
19958497 0.044574 0.285433 -0.529715 -0.539466 -0.291132 9.787472 0.685783 0.029692 0.055062
39916993 -0.180422 0.217420 -0.241218 -0.520376 -0.323815 9.787478 0.685753 0.033026 0.053117
59875489 -0.304976 0.203596 -0.158626 -0.505936 -0.358012 9.787045 0.671518 0.036515 0.051649
79833985 -0.116606 0.144778 0.119081 -0.505936 -0.358012 9.787045 0.677690 0.036515 0.051649
99822999 0.035029 0.171488 0.285589 -0.493123 -0.390250 9.786466 0.686953 0.039805 0.050346
119781495 -0.036655 0.011976 0.488904 -0.477051 -0.416988 9.786160 0.671688 0.042534 0.048709
139739991 0.302219 0.109137 0.043237 -0.462671 -0.429803 9.786296 0.677849 0.043842 0.047242
159698487 0.136091 0.414296 -0.371297 -0.447140 -0.440793 9.786530 0.682728 0.044963 0.045658
179656983 -0.211492 0.570803 -0.235400 -0.419890 -0.468400 9.786453 0.673624 0.047782 0.042879
199615479 -0.103652 0.482748 -0.033328 -0.388301 -0.505381 9.785919 0.665061 0.051557 0.039659
219573975 0.236943 0.620507 -0.427274 -0.361989 -0.537148 9.785235 0.672420 0.054801 0.036977
239532471 0.034922 1.147565 -0.770563 -0.285023 -0.632874 9.782057 0.665851 0.064580 0.029129
259490967 -0.003486 1.523377 -1.014585 -0.285023 -0.632874 9.782057 0.670977 0.064580 0.029129
279479981 0.121363 2.032106 -1.038707 -0.203323 -0.722142 9.777911 0.685022 0.073705 0.020791
299438477 0.009759 2.375477 -0.539278 -0.097920 -0.844092 9.769765 0.667035 0.086180 0.010022
319396973 -0.015607 3.034822 -0.247592 0.092758 -1.121160 9.741908 0.670622 0.114577 -0.009521
339355469 -0.189892 4.479664 0.182460 0.092758 -1.121160 9.741908 0.644575 0.114577 -0.009521
359313965 -0.800694 5.870875 1.206426 0.200679 -1.279100 9.720803 0.667164 0.130805 -0.020641
379272461 -0.507165 6.901659 2.148421 0.333374 -1.430813 9.695980 0.667329 0.146425 -0.034369
399230958 0.092948 7.908669 3.257431 0.456929 -1.546906 9.673091 0.656841 0.158402 -0.047202
419189454 -0.298085 7.878886 3.994629 0.517426 -1.575678 9.665398 0.684534 0.161374 -0.053483
439147950 -2.463366 7.256798 4.542344 0.510293 -1.510000 9.676253 0.659206 0.154592 -0.052688
459136963 -3.074636 7.529687 4.377616 0.491155 -1.349594 9.700914 0.661530 0.138058 -0.050587
479095459 -0.615615 7.621660 4.164845 0.436022 -1.107927 9.734103 0.626832 0.113219 -0.044763
499053956 1.252270 7.243635 2.482977 0.284574 -0.782049 9.771275 0.605075 0.079832 -0.029115
519012452 2.886448 6.732621 2.055985 0.131139 -0.456929 9.795122 0.590414 0.046611 -0.013387
538970948 2.304624 6.207774 3.141837 0.043857 -0.157457 9.805289 0.599446 0.016057 -0.004473
558929444 -0.598518 4.186069 -0.460529 -0.044226 0.202673 9.804456 0.602131 -0.020668 0.004511
578887940 -0.873514 1.582591 -3.944303 -0.109515 0.508353 9.792852 0.590384 -0.051861 0.011183
598846436 0.572535 0.206784 0.685905 -0.083844 0.550881 9.790806 0.573029 -0.056204 0.008563
618804932 1.437780 -1.662300 4.011026 -0.083758 0.523595 9.792304 0.573110 -0.053417 0.008553
638793946 -2.983463 -7.651362 -0.529418 -0.253456 0.666934 9.780663 0.554090 -0.068061 0.025908
658752442 -0.715147 -7.886170 0.155745 -0.447246 0.689833 9.772128 0.573796 -0.070402 0.045736
678710938 1.807661 -8.504272 1.863944 -0.407833 0.552025 9.782603 0.572625 -0.056321 0.041665
698669434 4.290779 -7.101748 4.719761 -0.168943 0.318846 9.800010 0.590585 -0.032519 0.017237
718627930 1.357887 -7.230199 3.356859 0.004379 0.228399 9.803989 0.579927 -0.023292 -0.000447
738586426 -2.304235 -7.816517 -0.776433 -0.007483 0.331483 9.801044 0.581586 -0.033808 0.000763
758544922 -1.333100 -6.816097 -1.358056 -0.051162 0.409642 9.797957 0.599596 -0.041784 0.005222
778503418 0.131305 -5.974003 0.030922 -0.012325 0.391358 9.798830 0.595700 -0.039918 0.001258
798461915 -1.134805 -6.004106 0.629259 0.156559 0.383860 9.797884 0.581870 -0.039153 -0.015977
818450928 -1.535811 -5.415065 -0.268934 0.269318 0.421870 9.793870 0.574203 -0.043032 -0.027492
838409424 0.125298 -5.446237 -1.914964 0.269318 0.421870 9.793870 0.585119 -0.043032 -0.027492
858367920 1.630139 -5.163941 -1.509138 0.403140 0.424752 9.789150 0.575055 -0.043326 -0.041159
878326417 1.649146 -4.251986 -0.846627 0.506842 0.425329 9.784304 0.591005 -0.043385 -0.051755
898284913 0.602362 -3.578536 -2.832232 0.559594 0.499539 9.777919 0.579177 -0.050961 -0.057168
918243409 -0.255394 -3.054810 -2.939002 0.591932 0.568732 9.772233 0.584420 -0.058027 -0.060499
938201905 -0.212508 -2.274034 -1.854519 0.607829 0.586938 9.770181 0.581695 -0.059887 -0.062133
958160401 -0.303767 -1.967921 -1.705443 0.627780 0.596842 9.768319 0.576525 -0.060899 -0.064179
978118897 -0.397354 -1.885499 -1.768764 0.628642 0.612091 9.767320 0.572054 -0.062457 -0.064273
998077393 -1.027165 -1.503610 -1.584697 0.607934 0.616462 9.768356 0.582461 -0.062903 -0.062155
1018066407 -0.688387 -0.924485 -1.092802 0.596629 0.599017 9.770138 0.592953 -0.061121 -0.060991
1038024903 0.228929 -0.911553 -0.851971 0.494999 0.601366 9.775669 0.598368 -0.061361 -0.050593
1057983399 -0.145224 -0.854958 -1.723458 0.494999 0.601366 9.775669 0.566446 -0.061361 -0.050593
1077941895 -0.556138 -0.691045 -1.839914 0.380878 0.617185 9.779796 0.571990 -0.062977 -0.038926
1097900391 -1.243528 -0.769378 -0.024274 0.240977 0.587842 9.786050 0.564014 -0.059979 -0.024620
1117858887 -1.137159 -0.532973 0.584509 0.137912 0.546343 9.790448 0.582620 -0.055740 -0.014085
1137817383 -0.195866 -0.492096 -0.233674 0.117632 0.525183 9.791870 0.582657 -0.053579 -0.012013
1157775879 -0.129888 -0.696381 -0.504891 0.134086 0.508258 9.792552 0.571699 -0.051851 -0.013692
1177734375 -0.177272 -0.513163 -0.494010 0.120768 0.492362 9.793537 0.560611 -0.050228 -0.012331
1197723389 -0.230347 -0.292771 -0.535460 0.062599 0.476799 9.794853 0.567967 -0.048639 -0.006391
1217681885 -0.271475 -0.552058 -0.357914 -0.004306 0.457583 9.795968 0.551150 -0.046677 0.000440
1237640381 0.084586 -0.524394 0.495813 -0.054381 0.419897 9.797505 0.556409 -0.042831 0.005550
1257598877 0.162776 -0.449938 0.454854 -0.075329 0.392010 9.798522 0.555561 -0.039985 0.007688
1277557374 0.360811 -0.386746 -0.038642 -0.076894 0.379672 9.798996 0.553944 -0.038725 0.007847
1297515870 0.135032 -0.227787 0.018641 -0.078619 0.364309 9.799565 0.568113 -0.037158 0.008023
1317474366 -0.352438 0.022909 -0.400625 -0.087511 0.358553 9.799703 0.562415 -0.036570 0.008930
1337432862 -0.556485 0.038003 -0.393776 -0.122136 0.352104 9.799566 0.548511 -0.035912 0.012463
1357391358 -0.357046 0.044443 0.008418 -0.167325 0.337011 9.799429 0.566546 -0.034372 0.017073
1377380372 -0.506143 0.000569 0.351692 -0.199304 0.320928 9.799371 0.547594 -0.032731 0.020336
1397338868 -0.184400 -0.085703 0.369313 -0.227462 0.312030 9.799045 0.540934 -0.031824 0.023208
1417297364 0.139023 -0.017129 0.219787 -0.247578 0.307236 9.798709 0.553040 -0.031334 0.025261
1437255860 0.105759 -0.108259 0.042409 -0.254979 0.300857 9.798717 0.553526 -0.030684 0.026016
1457214356 0.252057 -0.034475 -0.028950 -0.264840 0.291388 9.798742 0.551490 -0.029718 0.027021
1477172852 0.193817 -0.072096 0.076649 -0.286735 0.279804 9.798463 0.537419 -0.028536 0.029255
1497131348 0.206876 -0.072975 0.500875 -0.319590 0.264697 9.797866 0.535323 -0.026995 0.032607
