0 0.114606 0.174060 0.376523 -0.522582 -0.299108 9.788148 0.594954 0.030505 0.053339
19958496 0.014422 0.261319 0.051160 -0.522582 -0.299108 9.788148 0.594954 0.030505 0.053339
39916992 -0.184150 0.291374 -0.234489 -0.527743 -0.304965 9.787690 0.582565 0.031103 0.053867
59875488 -0.396394 0.352155 -0.494988 -0.530351 -0.315928 9.787201 0.572371 0.032221 0.054135
79833984 -0.158815 0.067122 0.027184 -0.524127 -0.338538 9.786781 0.574054 0.034528 0.053503
99792480 0.445152 0.091654 0.222877 -0.517481 -0.360003 9.786368 0.586938 0.036718 0.052828
119781494 0.237917 0.336032 -0.144290 -0.513248 -0.374948 9.786031 0.588069 0.038243 0.052399
139739990 -0.085239 0.413778 -0.137816 -0.509667 -0.419508 9.784409 0.586121 0.042791 0.052043
159698486 0.208279 0.221239 0.154217 -0.509667 -0.419508 9.784409 0.584703 0.042791 0.052043
179656982 0.581049 0.397282 -0.098759 -0.506252 -0.437674 9.783790 0.586412 0.044645 0.051698
199615478 0.478472 0.807206 -0.883857 -0.470173 -0.482916 9.783461 0.585985 0.049264 0.048021
219573974 0.306112 1.104152 -1.163428 -0.470173 -0.482916 9.783461 0.586942 0.049264 0.048021
239532470 0.498700 1.396589 -1.067926 -0.432061 -0.545745 9.781916 0.587906 0.055679 0.044141
259490967 0.875138 1.846387 -0.632166 -0.380504 -0.637764 9.778490 0.588371 0.065080 0.038893
279449463 -0.122551 2.713117 0.189535 -0.306656 -0.753139 9.772877 0.616300 0.076875 0.031368
299438476 -1.485190 3.564996 1.075804 -0.208767 -0.873424 9.765445 0.614819 0.089183 0.021375
319396972 -1.813895 4.069658 2.028557 -0.114591 -0.983218 9.756563 0.608440 0.100429 0.011745
339355469 -1.389230 4.895607 3.489101 -0.077774 -1.061170 9.748756 0.586666 0.108421 0.007978
359313965 -0.767452 5.948156 3.946702 -0.175861 -0.963422 9.757627 0.569982 0.098400 0.018021
379272461 -0.600849 5.807097 2.480658 -0.175861 -0.963422 9.757627 0.569982 0.098400 0.018021
399230957 -2.126988 5.301773 1.797496 -0.285870 -0.756254 9.773268 0.566894 0.077193 0.029242
419189453 -2.988863 4.773608 3.972457 -0.285870 -0.756254 9.773268 0.517423 0.077193 0.029242
439147949 0.616162 4.965340 6.649304 -0.399847 -0.643628 9.777333 0.526035 0.065679 0.040873
459106445 2.933740 5.131332 4.974256 -0.573848 -0.356411 9.783356 0.475661 0.036352 0.058588
479095459 3.539555 4.218049 0.265783 -0.747974 0.077715 9.777775 0.471509 -0.007925 0.076349
499053955 0.460909 4.048887 -2.880003 -0.845241 0.455894 9.759514 0.476588 -0.046505 0.086391
519012451 2.259721 4.144711 -2.308213 -0.746935 0.624305 9.758213 0.475504 -0.063704 0.076395
538970947 3.311086 4.022563 1.406538 -0.560690 0.605922 9.771841 0.449036 -0.061826 0.057315
558929443 4.215777 4.375246 4.980434 -0.520198 0.588893 9.775121 0.442380 -0.060087 0.053166
578887939 3.561146 3.762319 2.871491 -0.618082 0.754908 9.757996 0.477981 -0.077055 0.063257
598846435 0.566236 2.079929 -3.906187 -0.703687 1.080296 9.721532 0.462532 -0.110384 0.072258
618804931 0.741125 -0.401820 -7.183721 -0.593815 1.287794 9.703574 0.473292 -0.131699 0.061119
638793945 0.106605 -1.548420 -3.334833 -0.341535 1.198701 9.727119 0.540222 -0.122540 0.035097
658752441 -1.078725 -1.966125 2.825803 -0.187160 0.940813 9.759623 0.538497 -0.096084 0.019175
678710937 -2.803643 -4.826541 2.773838 -0.122441 0.812110 9.772200 0.577859 -0.082907 0.012529
698669433 -3.298504 -7.336706 -0.467530 -0.087928 0.850894 9.769270 0.571057 -0.086876 0.009000
718627929 -1.857775 -9.152684 -1.845222 -0.072058 0.899989 9.764999 0.601350 -0.091903 0.007379
738586426 -0.474193 -9.999846 -1.206859 -0.123989 0.869036 9.767282 0.578275 -0.088733 0.012694
758544922 0.499396 -8.323382 3.150484 -0.285964 0.726453 9.775524 0.581975 -0.074146 0.029245
778503418 0.969161 -7.968666 3.544098 -0.477629 0.663087 9.772542 0.588710 -0.067668 0.048836
798461914 0.399772 -7.460675 -0.093248 -0.629606 0.752118 9.757474 0.597788 -0.076770 0.064436
818420410 -0.898544 -6.829810 -2.116831 -0.682622 0.856662 9.745283 0.609562 -0.087467 0.069932
838409424 -0.126962 -5.551089 -0.637562 -0.592382 0.849496 9.751811 0.627420 -0.086733 0.060671
858367920 2.144276 -4.988066 0.133927 -0.350260 0.806846 9.767123 0.583437 -0.082369 0.035846
878326416 2.653223 -4.621299 -1.122765 0.075883 0.864016 9.768219 0.552539 -0.088220 -0.007768
898284912 0.877311 -3.790831 -2.438661 0.075883 0.864016 9.768219 0.597031 -0.088220 -0.007768
918243408 -1.158033 -2.643101 -3.109785 0.127970 0.925281 9.762062 0.619274 -0.094493 -0.013108
938201904 -1.779186 -1.888937 -2.901551 0.152383 0.937938 9.760505 0.620249 -0.095789 -0.015611
958160400 -1.784779 -1.465929 -1.972460 0.160871 0.898689 9.764060 0.624093 -0.091770 -0.016474
978118896 -0.624804 -1.319001 -1.232203 0.128270 0.840453 9.769727 0.625199 -0.085808 -0.013129
998077392 0.138247 -1.529972 -1.553925 0.026322 0.804121 9.773591 0.582617 -0.082090 -0.002693
1018066406 -0.054351 -1.046770 -0.592537 -0.090698 0.742619 9.778070 0.616091 -0.075799 0.009275
1038024902 0.356323 -0.932039 -0.598279 -0.128125 0.675998 9.782484 0.607260 -0.068987 0.013097
1057983398 -0.020056 -0.925806 0.284485 -0.136658 0.609086 9.786762 0.604269 -0.062149 0.013963
1077941894 -0.897804 -0.446191 -0.013421 -0.181826 0.564275 9.788714 0.620259 -0.057572 0.018573
1097900390 -0.351842 -0.269200 -1.364635 -0.209210 0.534660 9.789829 0.604608 -0.054547 0.021367
1117858886 0.873138 -0.461361 -0.506556 -0.219066 0.472651 9.792805 0.600591 -0.048216 0.022366
1137817383 0.536350 -0.350269 0.039547 -0.266408 0.406020 9.794619 0.620174 -0.041414 0.027193
1157775879 -0.525588 -0.082115 -0.217805 -0.337000 0.356925 9.794356 0.602429 -0.036404 0.034394
1177734375 -0.643724 0.038373 0.759969 -0.391078 0.303995 9.794132 0.583447 -0.031004 0.039909
1197723388 -0.768364 0.038936 0.732051 -0.421370 0.264596 9.794020 0.595128 -0.026985 0.042997
1217681885 -0.675481 0.071032 0.675507 -0.435499 0.235063 9.794155 0.587555 -0.023972 0.044436
1237640381 -0.060694 -0.085623 0.667703 -0.442054 0.207559 9.794483 0.586506 -0.021167 0.045102
1257598877 -0.104163 -0.162626 0.994055 -0.458211 0.186894 9.794157 0.592830 -0.019059 0.046750
1277557373 -0.440024 -0.126488 1.051014 -0.481618 0.177574 9.793207 0.586030 -0.018108 0.049139
1297515869 -0.232670 -0.096273 0.425861 -0.467633 0.192528 9.793602 0.592265 -0.019634 0.047713
1317474365 -0.372449 -0.096955 0.128459 -0.471476 0.193197 9.793405 0.599720 -0.019702 0.048105
1337432861 -0.412134 -0.031672 0.238113 -0.489234 0.190138 9.792593 0.593755 -0.019390 0.049918
1357391357 -0.102140 -0.102037 0.561612 -0.489234 0.190138 9.792593 0.588774 -0.019390 0.049918
1377380371 0.084039 -0.179894 0.774244 -0.502224 0.193407 9.791871 0.591055 -0.019723 0.051245
1397338867 -0.091347 -0.223220 0.242661 -0.511051 0.218572 9.790886 0.588169 -0.022290 0.052149
1417297363 -0.118742 -0.203889 -0.263262 -0.517573 0.252340 9.789731 0.580755 -0.025734 0.052820
1437255859 0.328190 -0.208373 -0.218955 -0.514183 0.271374 9.789401 0.590037 -0.027676 0.052476
1457214355 0.441459 -0.248861 -0.503244 -0.506269 0.285500 9.789412 0.588079 -0.029117 0.051670
1477172851 0.098196 -0.143393 0.176194 -0.514346 0.282970 9.789063 0.580947 -0.028859 0.052495
1497131347 0.001866 -0.045821 0.218662 -0.520616 0.282824 9.788735 0.582290 -0.028844 0.053135
