0 0.045012 0.150521 0.402698 -0.493393 -0.544236 9.779098 0.575338 0.055525 0.050411
19958496 0.142998 0.212395 -0.160125 -0.489271 -0.592493 9.776500 0.568030 0.060454 0.050004
39916992 0.408951 0.308874 -0.500148 -0.467980 -0.641418 9.774454 0.568934 0.065453 0.047841
59875488 0.365679 0.378379 -0.223097 -0.467980 -0.641418 9.774454 0.582297 0.065453 0.047841
79833984 -0.353007 0.622629 0.229091 -0.439030 -0.701636 9.771661 0.584599 0.071608 0.044899
99792480 -1.403652 0.704384 0.425661 -0.419345 -0.754467 9.768588 0.575854 0.077010 0.042902
119750976 -0.399468 0.625506 0.088006 -0.402844 -0.793090 9.766223 0.577711 0.080961 0.041225
139739990 0.655584 0.917656 -0.171289 -0.382233 -0.834025 9.763641 0.571977 0.085150 0.039129
159698486 1.284151 1.549728 -0.504212 -0.340661 -0.882234 9.760942 0.564134 0.090085 0.034886
179656982 1.530786 2.912885 -1.066117 -0.284406 -0.940227 9.757329 0.571393 0.096024 0.029140
199615478 0.379855 4.443547 -1.165270 -0.186060 -1.021114 9.751569 0.569518 0.104314 0.019078
219573974 -1.322128 5.416776 -0.079202 -0.054532 -1.145514 9.739365 0.585175 0.117077 0.005599
239532470 -1.780614 6.432224 1.555361 0.206340 -1.450468 9.696595 0.567227 0.148451 -0.021276
259490967 -0.643842 7.244466 3.952676 0.206340 -1.450468 9.696595 0.567227 0.148451 -0.021276
279449463 0.426116 7.760186 5.846286 0.324307 -1.537975 9.679869 0.576208 0.157480 -0.033491
299407959 0.270714 8.042183 4.415395 0.359750 -1.475366 9.688357 0.562881 0.151019 -0.037115
319366455 -0.363124 7.691069 2.765310 0.252721 -1.101077 9.741363 0.543629 0.112516 -0.025937
339355468 -2.730143 7.788751 2.563408 0.252721 -1.101077 9.741363 0.539214 0.112516 -0.025937
359313965 -2.275704 7.569983 0.679864 0.206258 -0.910833 9.762081 0.526191 0.093013 -0.021125
379272461 0.323677 6.947940 2.067533 0.287966 -0.811977 9.768733 0.509675 0.082893 -0.029470
399230957 3.375705 5.923896 6.472602 0.340987 -0.754488 9.771636 0.480340 0.077012 -0.034881
419189453 2.566674 4.142994 6.093803 0.200054 -0.557612 9.788741 0.461729 0.056891 -0.020434
439147949 0.914772 3.924489 5.825522 0.037877 -0.290513 9.802273 0.471503 0.029628 -0.003864
459106445 2.543883 3.099472 3.795270 -0.019113 0.035099 9.806569 0.478979 -0.003579 0.001949
479064941 2.050147 1.845532 -1.304061 -0.124020 0.423683 9.796708 0.460980 -0.043217 0.012659
499023437 0.506332 -1.261213 -4.276550 -0.199170 0.711593 9.778770 0.462744 -0.072626 0.020365
519012451 2.838301 -3.264847 0.464555 0.209564 0.647897 9.782981 0.481998 -0.066115 -0.021418
538970947 1.983009 -5.001418 5.892787 0.209564 0.647897 9.782981 0.526330 -0.066115 -0.021418
558929443 -1.761818 -8.251055 2.376586 0.103283 0.871188 9.767331 0.522502 -0.088954 -0.010574
578887939 -3.863563 -10.874769 -4.328005 -0.292907 1.303121 9.715270 0.531655 -0.133276 0.030140
598846435 -1.601465 -11.497516 -6.382091 -0.549705 1.571687 9.664265 0.554217 -0.160962 0.056819
618804931 0.048593 -10.219649 -2.678940 -0.558656 1.530827 9.670308 0.545656 -0.156742 0.057706
638763427 -1.092052 -9.435080 3.139432 -0.505503 1.329853 9.702904 0.539603 -0.136026 0.052051
658721924 0.112413 -8.774825 2.416126 -0.484969 1.234104 9.716593 0.546617 -0.126178 0.049870
678680420 1.941846 -8.806310 -0.320072 -0.515752 1.267156 9.710752 0.568082 -0.129576 0.053062
698669433 1.665877 -7.323956 -0.367409 -0.540232 1.289970 9.706416 0.592157 -0.131923 0.055600
718627929 0.422695 -5.338407 0.412085 -0.282295 1.304287 9.715427 0.578902 -0.133396 0.029048
738586425 -0.118094 -4.612239 -1.416125 -0.282295 1.304287 9.715427 0.578902 -0.133396 0.029048
758544922 -0.259676 -3.848078 -1.539029 -0.130329 1.331145 9.715012 0.609966 -0.136159 0.013414
778503418 0.418572 -3.272246 -0.903082 -0.027540 1.344070 9.714068 0.586336 -0.137490 0.002835
798461914 0.582702 -3.088426 -1.672089 0.017128 1.391532 9.707406 0.607717 -0.142377 -0.001764
818420410 0.547271 -2.311048 -3.312700 0.034951 1.462893 9.696861 0.623251 -0.149732 -0.003604
838378906 -1.077229 -1.781734 -4.156841 0.075250 1.511857 9.689118 0.607600 -0.154784 -0.007766
858337402 -1.836047 -0.657424 -2.396372 0.105453 1.483873 9.693162 0.638640 -0.151896 -0.010879
878326416 -1.407510 -0.561409 -1.297283 0.074201 1.424241 9.702392 0.608287 -0.145748 -0.007648
898284912 -0.188893 -1.420285 0.216911 -0.209484 1.320906 9.715025 0.639335 -0.135106 0.021560
918243408 1.104259 -1.582302 0.216831 -0.209484 1.320906 9.715025 0.639335 -0.135106 0.021560
938201904 0.631608 -1.051387 -0.980679 -0.281928 1.305704 9.715248 0.615930 -0.133541 0.029011
958160400 -0.574506 -0.445706 -0.540257 -0.264244 1.263745 9.721291 0.621546 -0.129225 0.027175
978118896 -1.437928 -0.245505 0.120103 -0.231202 1.208800 9.729117 0.622372 -0.123578 0.023759
998077392 -1.151660 -0.175389 0.261655 -0.253735 1.166314 9.733742 0.647236 -0.119213 0.026062
1018035888 0.262585 -0.475646 -0.288600 -0.320050 1.143798 9.734458 0.622639 -0.116901 0.032866
1037994384 1.257540 -0.618623 -0.398773 -0.365104 1.118517 9.735809 0.613073 -0.114306 0.037484
1057983398 0.555356 -0.400924 -0.632778 -0.383421 1.089245 9.738425 0.598949 -0.111302 0.039352
1077941894 -1.293636 -0.053191 -0.419168 -0.409374 1.053682 9.741282 0.609508 -0.107653 0.042000
1097900390 -1.427945 0.423486 0.455570 -0.447320 1.002705 9.744992 0.605692 -0.102426 0.045870
1117858886 -0.370972 -0.057747 0.678703 -0.471042 0.956420 9.748527 0.605052 -0.097683 0.048282
1137817383 1.025858 -0.659613 1.237268 -0.493672 0.910343 9.751818 0.607405 -0.092963 0.050580
1157775879 1.553257 -0.626353 1.232340 -0.530495 0.879470 9.752717 0.586388 -0.089802 0.054341
1177734375 0.642195 -0.348076 0.595838 -0.554930 0.869620 9.752241 0.585559 -0.088793 0.056842
1197692871 -0.099757 -0.075212 0.203764 -0.539085 0.859208 9.754053 0.579027 -0.087727 0.055212
1217651367 -0.665051 0.024343 0.415820 -0.510431 0.839962 9.757270 0.586112 -0.085757 0.052265
1237640381 -0.545937 0.148930 0.433160 -0.510051 0.826358 9.758451 0.599927 -0.084365 0.052220
1257598877 0.191373 0.070290 0.494582 -0.547532 0.827892 9.756289 0.595636 -0.084522 0.056062
1277557373 0.950039 -0.193062 0.318049 -0.547532 0.827892 9.756289 0.595636 -0.084522 0.056062
1297515869 0.617011 -0.396969 0.017985 -0.570969 0.849812 9.753061 0.597688 -0.086766 0.058476
1317474365 -0.312957 -0.030355 0.132855 -0.570969 0.849812 9.753061 0.597688 -0.086766 0.058476
1337432861 -0.715134 0.208371 -0.016573 -0.579540 0.842924 9.753154 0.604976 -0.086060 0.059351
1357391357 -0.760460 0.085070 0.043442 -0.579540 0.842924 9.753154 0.604976 -0.086060 0.059351
1377349853 -0.312537 0.068538 -0.029626 -0.572478 0.827266 9.754911 0.604050 -0.084458 0.058619
1397308349 0.203158 -0.123292 0.443286 -0.575082 0.810239 9.756186 0.608624 -0.082716 0.058877
1417297363 0.431764 -0.230565 0.462033 -0.597525 0.805547 9.755226 0.598897 -0.082236 0.061175
1437255859 -0.126563 -0.298983 0.197795 -0.615358 0.812111 9.753573 0.589863 -0.082907 0.063007
1457214355 -0.293271 -0.276285 -0.110632 -0.607614 0.818230 9.753549 0.601005 -0.083533 0.062216
1477172851 0.171601 0.007631 -0.269646 -0.570131 0.814721 9.756104 0.603843 -0.083174 0.058372
1497131347 0.245260 0.003762 -0.359379 -0.537007 0.808629 9.758490 0.590101 -0.082551 0.054974
1517089843 0.263054 -0.111662 -0.218666 -0.534145 0.803068 9.759107 0.576694 -0.081982 0.054678
