0 1.141945 0.635830 -0.079000 2.475176 -0.645242 9.467183 0.590555 0.065844 -0.255724
19958497 0.526327 0.567403 -0.498857 2.480825 -0.666583 9.464226 0.576401 0.068025 -0.256359
39916993 -0.224493 0.215275 -0.375185 2.488823 -0.698949 9.459789 0.575809 0.071333 -0.257265
59875489 -0.338194 0.218389 0.364269 2.498028 -0.754180 9.453119 0.570183 0.076981 -0.258349
79833985 0.106591 0.832754 0.485730 2.510901 -0.810059 9.445081 0.572916 0.082697 -0.259833
99792481 0.330115 1.473868 -0.287439 2.530110 -0.849756 9.436464 0.556961 0.086760 -0.261959
119758796 0.502404 2.035774 -0.476204 2.551296 -0.902210 9.425884 0.585042 0.092130 -0.264335
139747810 0.533611 2.974608 -0.153705 2.576107 -0.981013 9.411253 0.550639 0.100203 -0.267182
159706306 0.492817 4.104943 0.591687 2.607716 -1.077618 9.391962 0.556915 0.110109 -0.270832
179664802 0.554750 6.154329 1.117692 2.662779 -1.145058 9.368503 0.556154 0.117030 -0.276924
199623298 0.195488 7.268419 0.720802 2.753704 -1.139907 9.342811 0.560310 0.116501 -0.286625
219581794 -0.687835 8.290859 -0.412744 2.878844 -1.066268 9.313738 0.563515 0.108944 -0.299781
239540290 -1.527164 9.130974 -2.072209 2.966692 -0.986898 9.294900 0.549574 0.100806 -0.308954
259498786 -2.929177 9.361922 -2.087442 2.961998 -1.043080 9.290260 0.534951 0.106566 -0.308640
279457282 -2.976290 9.308616 1.165424 3.049322 -0.984921 9.268331 0.524082 0.100604 -0.317849
299415778 -2.829729 8.850841 0.797985 3.049322 -0.984921 9.268331 0.556831 0.100604 -0.317849
319404792 -3.321665 9.149749 -1.057905 3.139645 -0.842399 9.252210 0.554770 0.086007 -0.327147
339363288 -4.998771 9.379686 -0.001321 3.186455 -0.748926 9.244242 0.539270 0.076444 -0.331942
359321784 -5.344247 9.053107 4.527637 3.317457 -0.672444 9.203949 0.547441 0.068624 -0.345944
379280280 -2.841654 7.807629 6.497544 3.498929 -0.496630 9.147746 0.531109 0.050664 -0.365322
399238776 -2.227190 5.757581 3.061836 3.501595 -0.248726 9.156819 0.495896 0.025366 -0.365245
419197273 -2.191304 4.878889 0.008097 3.375739 -0.026041 9.207285 0.464835 0.002655 -0.351419
439155769 1.924738 1.717698 -1.667698 3.340761 0.150014 9.218851 0.456057 -0.015298 -0.347664
459114265 4.824822 0.053188 1.280349 3.329830 0.141284 9.222942 0.413559 -0.014407 -0.346474
479072761 5.397184 -3.324778 0.534696 3.283320 0.105492 9.240079 0.432893 -0.010757 -0.341419
499061775 2.123134 -9.150653 -0.859745 3.180735 0.064196 9.276270 0.433118 -0.006546 -0.330326
519020271 -1.229787 -12.740310 0.295395 3.001601 -0.086626 9.335591 0.466019 0.008834 -0.311083
538978767 -0.006747 -14.271564 -0.694702 2.891637 -0.256717 9.367119 0.485379 0.026181 -0.299420
558937263 4.614369 -12.508797 -2.248672 2.937939 -0.406974 9.347366 0.497315 0.041512 -0.304530
578895759 6.446555 -10.670911 -2.043294 3.067590 -0.571266 9.296986 0.509779 0.058286 -0.318707
598854255 4.484454 -10.184013 0.109126 3.269138 -1.000199 9.191449 0.507436 0.102170 -0.341719
618812751 1.193062 -9.675376 1.030711 3.269138 -1.000199 9.191449 0.562020 0.102170 -0.341719
638771247 -0.281520 -8.436483 1.945107 3.434685 -1.134351 9.115184 0.590899 0.115931 -0.360356
658729743 -0.643311 -6.579688 1.167842 3.678916 -1.155448 9.016701 0.629473 0.118097 -0.387394
678688239 -0.994202 -5.973073 -0.495310 3.913295 -1.095986 8.924982 0.620077 0.111993 -0.413220
698677253 0.026430 -5.199577 0.445045 4.073087 -1.075433 8.855721 0.608323 0.109885 -0.431088
718635749 0.474244 -4.068182 0.585675 4.079882 -1.101392 8.849401 0.584524 0.112548 -0.431993
738594245 -0.350757 -3.269329 -0.783140 3.955363 -1.111610 8.904483 0.606374 0.113597 -0.418019
758552741 -0.603906 -2.918608 -2.474939 3.866861 -1.063257 8.949149 0.608763 0.108636 -0.407863
778511237 -0.147917 -2.041358 -2.389743 3.928080 -0.979413 8.932039 0.615558 0.100039 -0.414318
798469734 -0.245872 -1.868540 -1.532059 4.060548 -0.909490 8.880043 0.614718 0.092876 -0.428880
818428230 -0.533242 -1.902771 -0.603992 4.177189 -0.900495 8.826697 0.600973 0.091955 -0.442015
838386726 -0.305799 -1.622065 0.070384 4.174616 -0.908247 8.827121 0.602520 0.092748 -0.441759
858345222 -0.051574 -1.139465 -0.282549 4.164951 -0.912100 8.831287 0.598247 0.093143 -0.440681
878334235 0.208352 -0.697432 -0.708054 4.169420 -0.923434 8.828001 0.600025 0.094304 -0.441239
898292732 0.145335 -0.542335 -0.474062 4.214075 -0.930259 8.806053 0.574964 0.095003 -0.446335
918251228 0.388768 -0.515204 0.048581 4.214075 -0.930259 8.806053 0.597578 0.095003 -0.446335
938209724 0.574342 -0.280846 0.427631 4.267089 -0.933317 8.780163 0.586705 0.095316 -0.452379
958168220 0.505841 -0.522909 0.435781 4.295621 -0.927937 8.766810 0.570352 0.094765 -0.455605
978126716 0.626095 -0.596274 -0.054641 4.300423 -0.920179 8.765273 0.567460 0.093970 -0.456116
998085212 0.712101 -0.205592 -0.248141 4.299267 -0.918502 8.766016 0.540276 0.093799 -0.455976
1018043708 0.245657 -0.243726 -0.276547 4.284822 -0.926074 8.772289 0.581937 0.094574 -0.454365
1038002204 -0.076885 -0.500832 0.121593 4.282248 -0.935896 8.772505 0.578014 0.095580 -0.454118
1057960700 -0.009339 -0.333707 0.250402 4.293291 -0.942108 8.766440 0.568486 0.096217 -0.455407
1077949714 -0.132500 -0.288133 -0.342502 4.325210 -0.929759 8.752057 0.567560 0.094952 -0.458992
1097908210 0.543328 -0.015859 0.016564 4.325210 -0.929759 8.752057 0.573878 0.094952 -0.458992
1117866706 0.822812 0.070178 0.171155 4.347960 -0.924177 8.741368 0.556580 0.094380 -0.461566
1137825202 0.458105 0.040727 -0.233592 4.369030 -0.904597 8.732907 0.555450 0.092374 -0.463884
1157783698 0.323184 -0.100964 0.081800 4.374630 -0.899083 8.730672 0.554361 0.091810 -0.464499
1177742194 0.202693 -0.196712 0.215496 4.365387 -0.900952 8.735105 0.551152 0.092001 -0.463449
1197700691 0.086320 -0.158516 -0.215880 4.360705 -0.886455 8.738926 0.554920 0.090517 -0.462846
1217659187 0.032746 -0.436370 -0.184595 4.362464 -0.867227 8.739977 0.548191 0.088548 -0.462959
1237617683 -0.069309 -0.381023 -0.452240 4.349241 -0.857554 8.747519 0.526794 0.087558 -0.461403
1257606696 -0.173432 -0.243065 -0.657120 4.323064 -0.859793 8.760266 0.561721 0.087787 -0.458422
1277565193 -0.058753 -0.358165 -0.207860 4.323064 -0.859793 8.760266 0.535215 0.087787 -0.458422
1297523689 0.182448 -0.278418 0.129837 4.328498 -0.864486 8.757121 0.541957 0.088268 -0.459064
1317482185 0.134924 -0.079168 -0.210289 4.326140 -0.856117 8.759108 0.532944 0.087411 -0.458757
1337440681 0.311781 -0.043188 -0.388315 4.331710 -0.858683 8.756104 0.537345 0.087674 -0.459405
1357399177 0.718620 -0.045847 0.169093 4.331710 -0.858683 8.756104 0.536329 0.087674 -0.459405
1377357673 0.513173 -0.038112 0.110415 4.324851 -0.839437 8.761358 0.543238 0.085704 -0.458537
1397316169 0.091692 -0.223652 -0.346700 4.324851 -0.839437 8.761358 0.535606 0.085704 -0.458537
1417274665 0.173118 -0.304035 -0.020494 4.344492 -0.812953 8.754136 0.551024 0.082993 -0.460666
1437263679 0.388974 -0.187724 0.218829 4.344492 -0.812953 8.754136 0.548240 0.082993 -0.460666
1457222175 0.321883 -0.153917 0.093310 4.362442 -0.785421 8.747719 0.534379 0.080176 -0.462603
1477180671 0.324866 -0.496182 0.080259 4.366750 -0.761637 8.747674 0.525016 0.077744 -0.462999
1497139167 0.387486 -0.320234 0.354171 4.344024 -0.754454 8.759604 0.516701 0.077009 -0.460375
