0 -0.334204 0.122258 -0.631124 -0.494166 -0.193656 9.792276 0.594411 0.019749 0.050422
19958496 0.013780 0.238271 -0.394485 -0.500215 -0.204171 9.791756 0.608247 0.020821 0.051041
39916992 0.014637 0.477679 0.235699 -0.489142 -0.229306 9.791759 0.607001 0.023385 0.049913
59875488 -0.290371 0.609283 0.585763 -0.461153 -0.253281 9.792526 0.604451 0.025830 0.047058
79833984 0.385920 1.468658 0.390384 -0.424067 -0.265115 9.793890 0.594091 0.027038 0.043272
99792480 1.246785 1.945680 0.282176 -0.323272 -0.255887 9.797980 0.586929 0.026096 0.032982
119750976 1.340607 2.524241 0.122837 -0.323272 -0.255887 9.797980 0.588382 0.026096 0.032982
139709473 1.330290 3.212420 -1.263165 -0.277593 -0.277887 9.798781 0.585972 0.028340 0.028322
159667969 1.338488 3.924496 -1.671357 -0.281279 -0.387284 9.794962 0.606900 0.039502 0.028709
179656982 1.456557 4.395776 -0.434173 -0.318211 -0.528881 9.787207 0.611877 0.053957 0.032502
199615478 1.132240 4.098310 -0.330883 -0.318211 -0.528881 9.787207 0.588445 0.053957 0.032502
219573975 -1.148101 2.702214 1.834712 -0.406179 -0.696812 9.773426 0.586124 0.071115 0.041536
239532471 -2.857249 1.238123 2.233812 -0.534514 -0.804056 9.759005 0.624268 0.082083 0.054717
259490967 -2.114916 2.458827 -0.748542 -0.639786 -0.770668 9.755364 0.619814 0.078667 0.065489
279449463 -0.279332 3.288344 -0.416796 -0.664181 -0.708229 9.758466 0.617633 0.072282 0.067957
299407959 1.523081 4.107344 0.681844 -0.608387 -0.666354 9.765051 0.607060 0.068002 0.062222
319366455 1.382252 3.831199 1.122387 -0.480605 -0.613593 9.775629 0.616198 0.062610 0.049124
339324951 0.118253 2.960678 0.725593 -0.339218 -0.542907 9.785733 0.614820 0.055389 0.034651
359283447 -0.082306 2.430655 1.080765 -0.233688 -0.486130 9.791806 0.582363 0.049592 0.023861
379272461 0.359876 3.093473 0.668118 -0.162166 -0.434615 9.795672 0.593958 0.044333 0.016553
399230957 1.317821 3.335153 1.229300 -0.082266 -0.388570 9.798603 0.588258 0.039633 0.008395
419189453 0.842467 2.993607 1.785345 0.061288 -0.309129 9.801584 0.600109 0.031528 -0.006253
439147949 -0.855775 1.650099 2.460711 0.244488 -0.187592 9.801807 0.609683 0.019130 -0.024938
459106445 -2.054516 0.963732 0.973422 0.385996 -0.022018 9.799026 0.602641 0.002245 -0.039371
479064941 -1.056246 1.794404 -0.411321 0.497406 0.161256 9.792700 0.606364 -0.016444 -0.050750
499023437 1.614027 2.353494 -0.577880 0.557376 0.302445 9.786125 0.584181 -0.030846 -0.056894
518981934 1.281615 1.831795 0.866480 0.583057 0.370597 9.782284 0.591159 -0.037799 -0.059533
538940430 -0.277201 1.162802 1.445945 0.603877 0.422751 9.778906 0.591402 -0.043122 -0.061675
558929443 -1.257488 0.076971 1.493612 0.606001 0.478361 9.776212 0.601877 -0.048799 -0.061908
578887939 -1.595397 -0.094229 1.321241 0.642414 0.562785 9.769389 0.631012 -0.057420 -0.065663
598846435 0.345213 -0.000168 0.916915 0.744892 0.690047 9.753941 0.621903 -0.070423 -0.076220
618804932 0.587254 0.165133 0.062480 0.800441 0.791522 9.741826 0.607249 -0.080801 -0.081981
638763428 0.240155 0.233203 0.558529 0.754876 0.817582 9.743311 0.594907 -0.083467 -0.077322
658721924 0.934390 0.516097 0.298211 0.695022 0.825840 9.747067 0.611535 -0.084312 -0.071185
678680420 1.272749 -0.432132 -0.047058 0.787087 0.906406 9.732898 0.605467 -0.092560 -0.080693
698638916 -0.105560 -2.126245 0.197682 0.914991 0.943558 9.718172 0.626449 -0.096365 -0.093876
718597412 -0.126866 -3.048234 0.632391 0.914991 0.943558 9.718172 0.657794 -0.096365 -0.093876
738555908 1.066683 -4.259203 1.111871 1.040846 0.965063 9.703385 0.647182 -0.098569 -0.106858
758544922 0.669516 -5.654992 2.125893 1.039181 0.916549 9.708266 0.648215 -0.093599 -0.106635
778503418 -0.448921 -6.358538 2.002766 0.938122 0.846761 9.724880 0.662840 -0.086453 -0.096169
798461914 0.796783 -5.701717 0.136216 0.911662 0.860086 9.726228 0.715319 -0.087817 -0.093459
818420410 1.786957 -5.561778 -0.306206 1.025215 0.935505 9.707943 0.736565 -0.095540 -0.105216
838378906 1.000305 -5.466608 0.966739 1.150263 0.982323 9.689290 0.722850 -0.100337 -0.118162
858337402 -1.052749 -5.762201 1.388347 1.068932 0.985790 9.698247 0.754493 -0.100693 -0.109776
878295898 -2.111609 -5.661432 0.897095 1.068932 0.985790 9.698247 0.772369 -0.100693 -0.109776
898254394 -1.327456 -4.753905 0.655838 0.945897 0.995040 9.710075 0.788262 -0.101641 -0.097108
918212891 -0.124403 -3.576947 -0.426877 0.823425 1.040065 9.716513 0.775023 -0.106257 -0.084543
938201904 0.133626 -3.148472 -1.706769 0.679956 1.098562 9.721173 0.774108 -0.112258 -0.069832
958160400 -0.631649 -2.950393 -1.540462 0.519345 1.125975 9.727942 0.804520 -0.115071 -0.053336
978118896 -0.974556 -2.427008 -1.264543 0.414148 1.158680 9.729149 0.818661 -0.118429 -0.042542
998077393 -0.613459 -2.225424 -1.405252 0.355409 1.215402 9.724550 0.817938 -0.124256 -0.036531
1018035889 -0.244972 -2.048299 -1.550665 0.291715 1.263715 9.720510 0.808564 -0.129222 -0.030001
1037994385 -0.074722 -1.537927 -1.791091 0.230095 1.303161 9.716955 0.824038 -0.133280 -0.023675
1057952881 -0.154540 -1.487931 -1.702804 0.189417 1.335168 9.713487 0.807474 -0.136573 -0.019498
1077911377 -0.037616 -1.060275 -1.205040 0.173644 1.353495 9.711246 0.806302 -0.138460 -0.017879
1097869873 0.015723 -1.056906 -1.144044 0.176561 1.372106 9.708581 0.809330 -0.140376 -0.018184
1117828369 -0.020643 -0.993233 -0.565154 0.190385 1.384010 9.706629 0.798798 -0.141602 -0.019611
1137817383 0.570601 -0.797272 0.177863 0.202896 1.387886 9.705823 0.812978 -0.142002 -0.020902
1157775879 0.696939 -0.365954 -0.053496 0.191020 1.397789 9.704642 0.798119 -0.143022 -0.019681
1177734375 0.568802 -0.310989 -1.128459 0.155627 1.421468 9.701834 0.772359 -0.145462 -0.016040
1197692871 0.399392 -0.373134 -0.960749 0.125776 1.434402 9.700364 0.783138 -0.146795 -0.012965
1217651367 0.647678 -0.188617 -0.636984 0.113257 1.435044 9.700422 0.777743 -0.146861 -0.011675
1237609863 0.502843 -0.255591 -0.377810 0.114004 1.432959 9.700724 0.785263 -0.146646 -0.011752
1257568359 0.477225 -0.236040 -0.114478 0.110413 1.423588 9.702144 0.769009 -0.145680 -0.011380
1277526855 0.743794 -0.172959 0.190950 0.112104 1.418482 9.702872 0.773106 -0.145154 -0.011553
1297485351 0.518476 -0.320790 0.204145 0.080321 1.416790 9.703434 0.789982 -0.144980 -0.008277
1317474365 0.009153 -0.409024 -0.245028 0.080321 1.416790 9.703434 0.777520 -0.144980 -0.008277
1337432861 -0.231060 -0.483740 -0.306389 0.053271 1.414262 9.703989 0.784113 -0.144719 -0.005490
1357391357 -0.008318 -0.288587 0.158404 0.044456 1.407821 9.704970 0.782687 -0.144056 -0.004581
1377349853 0.315307 -0.018445 -0.284977 0.051578 1.413715 9.704078 0.767594 -0.144663 -0.005315
1397308350 0.258171 -0.053445 -0.117091 0.067998 1.416739 9.703536 0.767029 -0.144974 -0.007007
1417266846 0.216908 -0.001039 0.217140 0.099469 1.413610 9.703721 0.771756 -0.144652 -0.010250
1437225342 0.194749 -0.116107 0.086862 0.099469 1.413610 9.703721 0.765639 -0.144652 -0.010250
1457183838 0.174466 -0.027955 0.262449 0.102469 1.408906 9.704373 0.761831 -0.144167 -0.010559
1477142334 0.553463 0.103009 0.232886 0.102860 1.409686 9.704256 0.761624 -0.144248 -0.010599
1497100830 0.316958 0.083183 -0.077979 0.102860 1.409686 9.704256 0.776671 -0.144248 -0.010599
