0 0.246420 0.778926 -1.588473 0.430375 0.232311 9.794447 0.615785 -0.023691 -0.043912
19989013 0.252944 0.985067 -1.029441 0.430375 0.232311 9.794447 0.610915 -0.023691 -0.043912
39947510 -0.009108 1.163629 0.003827 0.433653 0.150435 9.795902 0.611921 -0.015341 -0.044240
59906006 -0.226274 1.379285 0.135311 0.432345 0.067280 9.796885 0.604141 -0.006861 -0.044102
79864502 -0.174803 2.043705 -0.563373 0.390733 -0.014646 9.798851 0.591206 0.001494 -0.039854
99822998 -0.557753 2.842180 -1.223378 0.300658 -0.109692 9.801427 0.593642 0.011186 -0.030665
119781494 -1.320037 4.396200 -1.091598 0.194841 -0.214462 9.802369 0.601722 0.021871 -0.019874
139739990 -1.649619 6.423940 -0.645780 0.142922 -0.289442 9.801336 0.601357 0.029519 -0.014581
159698486 -0.330917 8.651505 -1.039706 0.204813 -0.282186 9.800449 0.608188 0.028779 -0.020895
179656982 -0.104180 9.542389 -0.599785 0.309119 -0.249579 9.798598 0.591885 0.025453 -0.031537
199615478 -0.868119 9.408919 0.064548 0.297922 -0.254765 9.798812 0.589420 0.025982 -0.030395
219604492 -0.221724 10.218122 -0.073939 0.204060 -0.255408 9.801200 0.566372 0.026047 -0.020817
239562988 -0.526898 10.806612 0.576467 0.170357 -0.226465 9.802555 0.560002 0.023095 -0.017377
259521484 0.264307 11.856123 3.467252 0.265521 -0.168040 9.801614 0.575763 0.017136 -0.027083
279479980 0.009879 12.096930 5.015524 0.466219 -0.033746 9.795503 0.560408 0.003441 -0.047559
299438476 -2.393921 10.959370 3.522390 0.518456 0.133069 9.792031 0.523967 -0.013570 -0.052897
319396972 -4.589845 8.673701 3.173966 0.308856 0.414490 9.793017 0.506164 -0.042279 -0.031528
339355469 0.428117 7.641596 3.821630 0.308856 0.414490 9.793017 0.523886 -0.042279 -0.031528
359313965 3.005445 5.613188 2.885483 0.499480 0.683572 9.770038 0.525545 -0.069761 -0.051079
379272461 2.794957 0.064996 2.069368 0.640403 0.890213 9.745142 0.488716 -0.090902 -0.065621
399261474 0.786242 -5.898161 2.807392 0.482367 0.878128 9.755337 0.475060 -0.089664 -0.049406
419219970 -0.602451 -9.757540 4.490676 0.041869 0.707453 9.781009 0.466798 -0.072203 -0.004281
439178467 0.726986 -12.267876 2.463127 -0.371102 0.644294 9.778423 0.497229 -0.065747 0.037933
459136963 3.240461 -12.561332 -2.501714 -0.530377 0.801571 9.759436 0.537664 -0.081829 0.054292
479095459 6.091978 -11.917526 -4.306294 -0.355178 1.037421 9.745152 0.566057 -0.105986 0.036430
499053955 5.965830 -11.568905 -3.131412 -0.048786 1.143177 9.739669 0.571711 -0.116837 0.005009
519012451 0.862442 -11.809671 0.312907 0.124722 1.003289 9.754396 0.582573 -0.102486 -0.012786
538970947 -2.932703 -11.703984 4.461104 0.138046 0.713448 9.779689 0.624667 -0.072816 -0.014115
558929443 -3.729165 -10.650042 2.904471 0.164348 0.573450 9.788490 0.678250 -0.058509 -0.016788
578918457 -1.391848 -8.224287 -0.443998 0.261049 0.624759 9.783247 0.701046 -0.063751 -0.026677
598876953 0.686825 -5.771981 -0.507601 0.360716 0.689024 9.775761 0.698591 -0.070319 -0.036882
618835449 0.442123 -4.853300 -0.628605 0.384229 0.726864 9.772125 0.701910 -0.074188 -0.039299
638793945 -0.332868 -4.732303 -0.299314 0.322883 0.737467 9.773550 0.701576 -0.075272 -0.033024
658752441 -0.446866 -4.336242 -0.315022 0.245891 0.769855 9.773293 0.722814 -0.078584 -0.025154
678710937 -0.573111 -3.425800 -2.453032 0.225972 0.886111 9.763919 0.730478 -0.090482 -0.023139
698669433 -0.050488 -2.479133 -2.894701 0.251952 1.006292 9.751631 0.707210 -0.102794 -0.025831
718627929 0.243203 -2.209049 -2.289621 0.275609 1.066818 9.744554 0.728040 -0.109001 -0.028276
738586426 0.143889 -1.508341 -1.633366 0.307930 1.090243 9.740993 0.715311 -0.111404 -0.031601
758575439 0.243009 -1.158900 -1.317193 0.321377 1.094431 9.740088 0.688803 -0.111834 -0.032983
778533935 0.217594 -1.112123 -0.838998 0.299036 1.080938 9.742307 0.699481 -0.110449 -0.030685
798492431 0.526872 -0.907775 -1.018740 0.291043 1.077767 9.742899 0.703005 -0.110124 -0.029863
818450928 0.787156 -0.340809 -0.770924 0.331648 1.079934 9.741363 0.694300 -0.110346 -0.034032
838409424 0.738624 -0.064628 -0.357576 0.373371 1.063996 9.741606 0.686214 -0.108711 -0.038309
858367920 0.263591 -0.358847 -0.430818 0.417386 1.046487 9.741716 0.686780 -0.106916 -0.042819
878326416 0.000234 -0.676107 0.424582 0.442524 1.000738 9.745414 0.673983 -0.102225 -0.045377
898284912 -0.076185 -0.709062 0.902346 0.452062 0.948865 9.750163 0.681764 -0.096909 -0.046331
918243408 0.023522 -0.355540 0.464790 0.466110 0.923843 9.751904 0.675013 -0.094346 -0.047761
938201904 0.091328 -0.222472 -0.074080 0.481279 0.919649 9.751564 0.707049 -0.093916 -0.049314
958190918 0.290395 -0.318593 0.094192 0.549887 0.911403 9.748711 0.681883 -0.093072 -0.056346
978149414 0.741891 -0.025154 0.678734 0.549887 0.911403 9.748711 0.679299 -0.093072 -0.056346
998107910 0.902461 0.189454 0.758879 0.553097 0.900104 9.749578 0.667196 -0.091914 -0.056670
1018066406 0.465987 0.095654 -0.108621 0.516682 0.900605 9.751530 0.667566 -0.091966 -0.052935
1038024902 0.347977 0.018996 -0.475070 0.488601 0.903462 9.752714 0.684646 -0.092258 -0.050057
1057983398 0.591229 0.244211 -0.201421 0.496616 0.898907 9.752728 0.661962 -0.091792 -0.050877
1077941894 0.611706 0.355278 0.665385 0.521654 0.884398 9.752748 0.659976 -0.090306 -0.053437
1097900390 0.385463 0.174444 0.364609 0.520128 0.873521 9.753811 0.655236 -0.089193 -0.053275
1117858886 -0.121954 -0.155742 0.314118 0.501990 0.862613 9.755732 0.674921 -0.088076 -0.051411
1137847900 0.065018 -0.253179 0.747427 0.496956 0.852659 9.756864 0.677417 -0.087057 -0.050890
1157806396 0.240628 -0.058368 0.306341 0.493232 0.879395 9.754680 0.676557 -0.089794 -0.050521
1177764892 -0.123554 -0.191330 -0.038723 0.493232 0.879395 9.754680 0.672324 -0.089794 -0.050521
1197723388 -0.111830 -0.169052 -0.015016 0.474310 0.883108 9.755282 0.664539 -0.090174 -0.048583
1217681885 0.181848 -0.203759 0.085195 0.460964 0.885944 9.755665 0.666837 -0.090464 -0.047216
1237640381 0.169554 -0.192492 0.305943 0.468414 0.903317 9.753716 0.658354 -0.092243 -0.047987
1257598877 -0.042507 -0.165214 -0.240734 0.468414 0.903317 9.753716 0.657269 -0.092243 -0.047987
1277557373 -0.216108 -0.414242 -0.406926 0.484257 0.924092 9.750998 0.662946 -0.094371 -0.049622
1297515869 -0.303907 -0.498784 -0.387390 0.524001 0.943546 9.747078 0.681078 -0.096364 -0.053708
1317474365 -0.240040 -0.274181 -0.653200 0.692448 1.000563 9.730866 0.648526 -0.102207 -0.071040
1337463379 0.136328 -0.096426 -0.106606 0.692448 1.000563 9.730866 0.656587 -0.102207 -0.071040
1357421875 0.445349 -0.252698 0.507584 0.773311 1.026836 9.722035 0.655194 -0.104900 -0.079375
1377380371 0.425373 -0.099953 0.179864 0.773311 1.026836 9.722035 0.672778 -0.104900 -0.079375
1397338867 0.571464 0.105861 0.185713 0.793266 1.046422 9.718339 0.631144 -0.106909 -0.081445
1417297363 0.308465 0.076276 -0.306312 0.795536 1.065586 9.716072 0.640522 -0.108875 -0.081696
1437255859 -0.034719 -0.232802 -0.324962 0.785667 1.071396 9.716235 0.667595 -0.109470 -0.080686
1457214355 -0.325280 -0.311978 0.222097 0.779424 1.064619 9.717483 0.654916 -0.108775 -0.080037
1477172851 -0.319186 -0.370507 0.216044 0.805272 1.101715 9.711238 0.650204 -0.112581 -0.082732
1497131347 0.073819 -0.175984 0.320712 0.805272 1.101715 9.711238 0.654563 -0.112581 -0.082732
