0 0.149209 0.015175 -0.833362 -0.362506 -0.052849 9.799806 0.587152 0.005389 0.036974
19958496 0.317501 0.074666 -0.686334 -0.351464 -0.088493 9.799951 0.591213 0.009024 0.035849
39916992 -0.137049 -0.058248 0.022563 -0.309114 -0.204042 9.799654 0.602533 0.020808 0.031533
59875488 -0.268556 0.079318 0.638957 -0.316206 -0.241439 9.798576 0.597789 0.024622 0.032259
79833984 -0.727263 -0.012266 0.449787 -0.316206 -0.241439 9.798576 0.600030 0.024622 0.032259
99792481 -0.108867 -0.047369 0.371883 -0.336397 -0.269805 9.797164 0.607559 0.027516 0.034323
119750977 0.100830 -0.124886 0.333039 -0.336864 -0.292328 9.796502 0.595224 0.029814 0.034373
139739990 -0.126344 0.023408 0.341842 -0.328429 -0.329762 9.795600 0.599524 0.033633 0.033516
159698486 -0.323846 0.165102 0.227974 -0.328429 -0.329762 9.795600 0.602083 0.033633 0.033516
179656983 -0.089359 0.222970 -0.293566 -0.327111 -0.337350 9.795385 0.598909 0.034407 0.033382
199615479 0.396259 0.723912 -0.749516 -0.290668 -0.385164 9.794771 0.577817 0.039286 0.029667
219573975 0.529720 1.494760 -0.975638 -0.290668 -0.385164 9.794771 0.588879 0.039286 0.029667
239532471 0.618210 2.187195 -0.862150 -0.181111 -0.511385 9.791633 0.574624 0.052170 0.018494
259490967 0.217828 3.065594 -0.620998 -0.181111 -0.511385 9.791633 0.578129 0.052170 0.018494
279449463 0.002264 4.095026 -0.167871 -0.105029 -0.592425 9.788176 0.577010 0.060447 0.010730
299407959 0.548745 5.744721 0.451296 0.143816 -0.810606 9.772033 0.558011 0.082753 -0.014716
319396973 0.911618 7.222972 3.319477 0.143816 -0.810606 9.772033 0.589198 0.082753 -0.014716
339355469 0.589052 8.247480 6.540361 0.270960 -0.898480 9.761643 0.586290 0.091748 -0.027750
359313965 -0.247387 8.747406 5.338107 0.342770 -0.784128 9.769239 0.598075 0.080044 -0.035072
379272461 -3.664520 10.040903 1.697466 0.305219 -0.468827 9.790680 0.595366 0.047825 -0.031164
399230957 -5.651500 10.860560 -2.869485 0.192749 -0.061810 9.804561 0.575996 0.006303 -0.019657
419189453 -3.432331 10.832631 -1.906033 0.054021 0.225278 9.803913 0.541764 -0.022974 -0.005510
439147949 1.353943 9.815044 5.769208 -0.232733 0.392607 9.796024 0.538246 -0.040045 0.023753
459106445 4.727350 6.770430 6.880080 -0.232733 0.392607 9.796024 0.523266 -0.040045 0.023753
479095459 0.956431 3.912938 3.844892 -0.289539 0.638547 9.781555 0.505680 -0.065160 0.029592
499053955 -1.473656 2.254284 -0.680842 -0.459480 0.944118 9.750277 0.496338 -0.096423 0.047090
519012451 0.665105 -0.722894 -1.578766 -0.734832 1.173513 9.708412 0.509292 -0.119952 0.075546
538970947 1.220573 -4.019398 0.513494 -0.730186 1.128500 9.714099 0.507263 -0.115330 0.075027
558929443 0.196387 -7.492446 0.048516 -0.730186 1.128500 9.714099 0.527558 -0.115330 0.075027
578887940 0.180610 -9.624173 -0.653975 -0.599320 1.031981 9.733767 0.545587 -0.105428 0.061494
598846436 -0.914208 -10.990546 1.141696 -0.405258 0.855213 9.760880 0.562127 -0.087318 0.041495
618804932 -3.033425 -11.017547 1.316248 -0.317021 0.705327 9.776114 0.587820 -0.071985 0.032417
638763428 -2.116566 -11.025428 -0.860153 -0.304625 0.641697 9.780890 0.582325 -0.065482 0.031135
658721924 1.217095 -10.916695 -1.325924 -0.264857 0.560772 9.787021 0.574811 -0.057214 0.027055
678710938 3.360786 -10.101308 -0.029450 -0.018315 0.296676 9.802144 0.532933 -0.030257 0.001868
698669434 3.957429 -9.144100 -0.566957 -0.018315 0.296676 9.802144 0.541794 -0.030257 0.001868
718627930 3.534395 -8.424410 -1.229704 0.159259 0.226197 9.802747 0.542458 -0.023068 -0.016245
738586426 1.288614 -6.913079 -0.329007 0.456227 0.141373 9.795012 0.516360 -0.014417 -0.046544
758544922 1.214346 -5.597842 -1.798108 0.456227 0.141373 9.795012 0.548566 -0.014417 -0.046544
778503418 1.676247 -5.029199 -1.842044 0.626467 0.133698 9.785706 0.537723 -0.013634 -0.063931
798461914 1.806624 -4.512283 -0.872841 0.744948 0.116026 9.777626 0.551181 -0.011832 -0.076042
818420410 0.678124 -3.352556 -0.867743 0.773227 0.149842 9.774971 0.541457 -0.015280 -0.078938
838378906 -0.284218 -2.420439 -1.903689 0.753290 0.235209 9.774846 0.553641 -0.023987 -0.076912
858367920 -0.718539 -1.754414 -2.156377 0.735625 0.314092 9.773974 0.567452 -0.032034 -0.075122
878326416 -0.646523 -1.541168 -1.954531 0.694082 0.380025 9.774672 0.556228 -0.038761 -0.070889
898284912 -0.658336 -1.059333 -1.515388 0.694082 0.380025 9.774672 0.584465 -0.038761 -0.070889
918243408 -0.463002 -0.590969 -1.313174 0.639597 0.382497 9.778292 0.580039 -0.039014 -0.065317
938201904 -0.116821 -0.283016 -1.137407 0.588334 0.379110 9.781642 0.592846 -0.038668 -0.060074
958160400 -0.933383 0.043076 -0.863795 0.474454 0.348867 9.788952 0.595502 -0.035582 -0.048430
978118897 -1.483939 0.376452 -0.108171 0.445354 0.311988 9.791563 0.612201 -0.031819 -0.045452
998077393 -1.280866 0.330475 0.483499 0.404412 0.285703 9.794142 0.616588 -0.029138 -0.041268
1018066406 -0.925527 0.066580 0.527217 0.301547 0.271576 9.798249 0.636971 -0.027697 -0.030766
1038024902 -0.887764 -0.123313 0.841776 0.176073 0.269686 9.801360 0.636961 -0.027504 -0.017962
1057983399 -0.525484 -0.267658 0.685699 0.100268 0.265374 9.802547 0.621469 -0.027064 -0.010228
1077941895 0.212208 -0.605231 0.716848 0.100268 0.265374 9.802547 0.603793 -0.027064 -0.010228
1097900391 0.229246 -0.761198 1.113659 0.085416 0.253110 9.803011 0.611757 -0.025813 -0.008713
1117858887 -0.316216 -0.558642 0.819391 0.096627 0.273233 9.802367 0.613484 -0.027866 -0.009857
1137817383 -0.050439 -0.500815 0.371257 0.096627 0.273233 9.802367 0.614231 -0.027866 -0.009857
1157775879 0.497054 -0.503445 0.377952 0.089345 0.292054 9.801893 0.616185 -0.029786 -0.009115
1177734375 0.475085 -0.425215 0.527580 0.023049 0.350634 9.800353 0.609130 -0.035762 -0.002352
1197723389 -0.078585 -0.306668 0.325308 0.023049 0.350634 9.800353 0.617025 -0.035762 -0.002352
1217681885 -0.295224 -0.383764 0.210098 -0.002836 0.395042 9.798690 0.617764 -0.040294 0.000289
1237640381 -0.314657 -0.242436 0.537944 0.008240 0.474586 9.795156 0.617821 -0.048413 -0.000841
1257598877 -0.495206 -0.301404 0.342333 0.008240 0.474586 9.795156 0.632912 -0.048413 -0.000841
1277557373 -0.909648 -0.297944 -0.125826 0.006819 0.543313 9.791586 0.624916 -0.055431 -0.000696
1297515869 -0.485188 -0.249201 -0.327647 -0.019398 0.621680 9.786905 0.622232 -0.063436 0.001982
1317474365 -0.534329 -0.504750 0.006909 -0.131922 0.810487 9.772211 0.619983 -0.082741 0.013499
1337432861 0.425544 -1.098018 -0.021401 -0.131922 0.810487 9.772211 0.614353 -0.082741 0.013499
1357391358 0.365448 -0.692178 -0.259842 -0.259290 0.935240 9.758508 0.586299 -0.095513 0.026564
1377380371 0.014156 -0.302804 -0.488371 -0.439664 1.085952 9.736416 0.552822 -0.110964 0.045126
1397338867 0.343877 -1.292340 0.649098 -0.640424 1.248677 9.705723 0.584310 -0.127676 0.065889
1417297363 -0.022128 -1.378559 0.094740 -0.764704 1.468051 9.665943 0.563836 -0.150264 0.078949
1437255859 -0.445434 -1.279907 -0.896708 -0.854194 1.713861 9.617869 0.565540 -0.175667 0.088581
1457214356 -0.617565 -1.186419 -1.016562 -0.959058 1.895660 9.573770 0.580902 -0.194528 0.099843
1477172852 -0.027412 -2.149106 -0.013270 -0.841156 2.190391 9.521818 0.539712 -0.225258 0.088111
1497131348 0.231031 -1.196779 2.804414 -0.841156 2.190391 9.521818 0.616379 -0.225258 0.088111
