0 0.227657 0.078171 0.227136 -0.038502 0.875761 9.767392 0.675565 -0.089422 0.003942
19958496 -0.215638 0.191256 -0.483924 -0.089093 0.829692 9.771083 0.659609 -0.084706 0.009118
39916992 0.160436 0.094965 0.023376 -0.110374 0.769257 9.775809 0.656385 -0.078523 0.011290
59875488 0.299703 0.297219 0.571965 -0.117776 0.702481 9.780748 0.660944 -0.071695 0.012041
79833985 0.454464 0.261488 0.757422 -0.127753 0.643464 9.784683 0.663531 -0.065662 0.013056
99792481 -0.094248 0.160772 0.776893 -0.153252 0.602206 9.786943 0.662441 -0.061447 0.015658
119750977 -0.064319 0.357834 -0.123239 -0.174357 0.587729 9.787470 0.632025 -0.059968 0.017812
139709473 0.111317 0.694839 -0.419518 -0.185158 0.577407 9.787886 0.654280 -0.058913 0.018915
159667969 0.129310 0.775707 -0.367261 -0.193266 0.551691 9.789212 0.626478 -0.056287 0.019740
179656983 -0.010002 0.903042 -0.253414 -0.216151 0.504299 9.791289 0.640819 -0.051447 0.022072
199615479 -0.468027 1.097412 -0.115829 -0.284646 0.383398 9.795017 0.651062 -0.039106 0.029052
219573975 -0.461566 1.482485 0.055206 -0.284646 0.383398 9.795017 0.651062 -0.039106 0.029052
239532471 -0.026178 2.267008 0.059547 -0.319914 0.333338 9.795761 0.609928 -0.033998 0.032647
259490967 -0.133817 3.254554 -0.412341 -0.367577 0.286064 9.795583 0.601487 -0.029175 0.037507
279449463 0.058745 4.835473 -0.477231 -0.413374 0.236949 9.795069 0.595730 -0.024164 0.042177
299407959 0.943960 5.734260 -0.350038 -0.443309 0.183394 9.794909 0.592145 -0.018702 0.045228
319366455 1.421691 6.553496 -0.956504 -0.485992 0.117581 9.793895 0.566899 -0.011990 0.049581
339324951 0.891532 6.584216 -0.367305 -0.605344 -0.007782 9.787946 0.548820 0.000794 0.061767
359313965 -0.357950 6.260730 0.128045 -0.755961 -0.163681 9.776099 0.552948 0.016692 0.077174
379272461 -0.831943 6.395529 0.093187 -0.871801 -0.354126 9.761400 0.564862 0.036119 0.089075
399230957 -1.077751 6.151196 1.732006 -0.871801 -0.354126 9.761400 0.571408 0.036119 0.089075
419189453 -0.538860 5.490430 2.579372 -0.768553 -0.315265 9.771403 0.576982 0.032154 0.078492
439147949 -0.441852 6.121452 1.862942 -0.587775 -0.156518 9.787768 0.572294 0.015961 0.059980
459106445 0.645087 6.538467 0.570182 -0.463785 0.031682 9.795627 0.589033 -0.003231 0.047311
479064942 0.534655 6.376680 -0.664213 -0.391697 0.189431 9.796992 0.580542 -0.019318 0.039960
499023438 0.291774 6.143969 -0.186865 -0.257253 0.308323 9.798426 0.586744 -0.031445 0.026248
518981934 -0.086655 6.604631 3.196934 -0.047632 0.363929 9.799779 0.588279 -0.037119 0.004860
538970947 -0.952748 5.468064 8.203616 0.134467 0.376664 9.798491 0.586689 -0.038418 -0.013722
558929443 0.258858 4.486366 8.163813 0.228588 0.491121 9.791677 0.579968 -0.050101 -0.023341
578887940 1.271481 2.867663 2.063955 0.132579 0.716829 9.779517 0.566315 -0.073162 -0.013556
598846436 1.055506 1.307950 -1.751149 -0.163661 0.858405 9.767637 0.524491 -0.087645 0.016754
618804932 0.307564 -1.367811 0.501089 -0.428937 0.848348 9.760467 0.563108 -0.086616 0.043918
638763428 0.525549 -5.162914 2.599341 -0.541746 0.823538 9.756981 0.596202 -0.084076 0.055467
658721924 -0.859163 -8.005194 1.079217 -0.534169 0.901127 9.750540 0.631440 -0.092019 0.054729
678680420 1.521687 -8.929579 -1.915687 -0.457465 1.069555 9.737411 0.637964 -0.109282 0.046946
698638916 4.735698 -10.558325 -3.260914 -0.489798 1.079416 9.734750 0.627248 -0.110293 0.050272
718597412 3.064426 -11.939815 -0.839190 -0.489798 1.079416 9.734750 0.601404 -0.110293 0.050272
738586426 -0.241248 -12.495380 1.238503 -0.735978 0.687844 9.754772 0.679362 -0.070198 0.075305
758544922 -1.869106 -11.438023 2.129384 -0.592968 0.721550 9.762076 0.673439 -0.073644 0.060667
778503418 -0.164251 -9.088485 0.143695 -0.450587 0.799461 9.763618 0.703717 -0.081613 0.046117
798461914 1.011250 -7.555078 -1.259504 -0.486688 0.775316 9.763832 0.728191 -0.079143 0.049805
818420410 0.069500 -6.251693 -0.906144 -0.486688 0.775316 9.763832 0.727397 -0.079143 0.049805
838378906 -0.817993 -5.616570 -0.784562 -0.602979 0.712955 9.762095 0.752912 -0.072765 0.061689
858337402 -0.072603 -4.539854 -0.817752 -0.620780 0.710341 9.761170 0.767974 -0.072498 0.063511
878295899 0.315176 -3.538305 -0.704860 -0.533657 0.768690 9.761901 0.787621 -0.078465 0.054613
898254395 0.327551 -3.147636 -0.994922 -0.457464 0.844712 9.759486 0.763929 -0.086243 0.046839
918243408 0.434194 -2.716237 -1.627103 -0.431903 0.914131 9.754395 0.752007 -0.093351 0.044249
938201904 0.815741 -2.055726 -1.661672 -0.400140 0.976753 9.749679 0.765400 -0.099766 0.041018
958160401 0.984332 -1.239344 -1.553988 -0.341576 1.035433 9.745850 0.755835 -0.105782 0.035034
978118897 0.847090 -1.085988 -1.509398 -0.290164 1.081890 9.742469 0.750236 -0.110547 0.029775
998077393 0.547099 -1.000185 -1.580501 -0.253671 1.116246 9.739612 0.732780 -0.114073 0.026039
1018035889 0.401431 -0.735525 -1.465986 -0.231577 1.136807 9.737784 0.742162 -0.116183 0.023777
1037994385 0.560690 -0.430932 -1.180984 -0.196123 1.155624 9.736347 0.753605 -0.118115 0.020141
1057952881 0.867675 -0.230453 -0.980536 -0.144624 1.172638 9.735214 0.737521 -0.119863 0.014855
1077911377 1.051299 -0.010967 -0.692619 -0.106769 1.169072 9.736132 0.739108 -0.119496 0.010966
1097869873 0.864019 0.016807 -0.291783 -0.089241 1.146235 9.739023 0.730410 -0.117151 0.009163
1117858887 0.526824 -0.282013 0.011642 -0.064655 1.123318 9.741887 0.725165 -0.114799 0.006637
1137817383 0.355335 -0.383825 0.280385 -0.048215 1.096402 9.745049 0.728165 -0.112036 0.004948
1157775879 0.311693 -0.360356 0.291064 -0.053915 1.068668 9.748099 0.723895 -0.109191 0.005531
1177734375 0.101280 -0.299436 0.040219 -0.072591 1.044958 9.750548 0.727353 -0.106759 0.007445
1197692871 0.029598 -0.384679 -0.004284 -0.082498 1.027060 9.752371 0.730178 -0.104923 0.008459
1217651367 -0.061351 -0.335774 0.127621 -0.077828 1.011702 9.754014 0.743814 -0.103349 0.007979
1237609863 0.218015 -0.166495 0.569445 -0.063426 0.996188 9.755714 0.741740 -0.101758 0.006501
1257568360 0.427688 0.058832 0.710472 -0.050637 0.989413 9.756479 0.731156 -0.101064 0.005190
1277526856 0.501038 0.153208 0.207787 -0.054404 0.998394 9.755544 0.744829 -0.101985 0.005577
1297515869 0.245197 -0.008082 -0.049234 -0.065533 1.009292 9.754354 0.724734 -0.103102 0.006718
1317474365 0.222979 0.066973 -0.105137 -0.058661 1.022219 9.753051 0.758027 -0.104427 0.006015
1337432861 -0.057630 -0.143447 -0.051704 -0.036363 1.033440 9.751978 0.743331 -0.105578 0.003729
1357391358 -0.403560 -0.392487 0.091193 -0.014247 1.038010 9.751550 0.745806 -0.106046 0.001461
1377349854 -0.313110 -0.322190 0.482763 -0.003466 1.033221 9.752068 0.742278 -0.105555 0.000355
1397308350 -0.101886 0.060738 -0.109415 -0.002941 1.044132 9.750906 0.745060 -0.106674 0.000302
1417266846 -0.079376 0.051571 -0.404854 -0.013090 1.053949 9.749842 0.745772 -0.107681 0.001343
1437225342 -0.248924 -0.101510 0.054074 -0.016450 1.048937 9.750377 0.754316 -0.107167 0.001687
1457183838 -0.410873 -0.109147 0.331019 -0.004878 1.043957 9.750925 0.742779 -0.106656 0.000500
1477172852 -0.518933 -0.225081 0.154370 0.008683 1.051451 9.750116 0.752764 -0.107425 -0.000891
1497131348 -0.495252 -0.340769 0.160259 0.021006 1.062007 9.748953 0.748619 -0.108507 -0.002155
