0 0.188513 0.170517 -0.225720 -0.783148 -0.048174 9.775211 0.655067 0.004912 0.079945
19958496 0.173613 0.192091 -0.343994 -0.784303 -0.050944 9.775105 0.665018 0.005195 0.080063
39916992 0.242811 0.285293 -0.652555 -0.779100 -0.062978 9.775450 0.656228 0.006422 0.079532
59875488 -0.149267 0.255281 -0.568788 -0.767140 -0.094042 9.776146 0.668981 0.009590 0.078310
79864502 -0.760193 0.247382 -0.260805 -0.745976 -0.205009 9.776087 0.662757 0.020907 0.076159
99822998 -0.525909 0.425627 0.188621 -0.745976 -0.205009 9.776087 0.673477 0.020907 0.076159
119781494 -0.094573 0.158398 0.049836 -0.735941 -0.254110 9.775695 0.651231 0.025915 0.075141
139739990 0.353419 -0.036573 0.183221 -0.721883 -0.303064 9.775348 0.655669 0.030909 0.073713
159698486 0.536177 0.225934 0.377998 -0.700492 -0.352448 9.775249 0.653014 0.035947 0.071538
179656983 -0.050127 0.441379 0.295034 -0.681948 -0.389960 9.775135 0.653838 0.039775 0.069651
199615479 -0.164602 0.305129 -0.082808 -0.651388 -0.435731 9.775287 0.628533 0.044447 0.066538
219573975 0.057779 0.426588 -0.358325 -0.634432 -0.466401 9.774985 0.629650 0.047578 0.064813
239562988 0.325877 0.773472 -0.422147 -0.634432 -0.466401 9.774985 0.651031 0.047578 0.064813
259521485 0.523235 0.895251 -0.641984 -0.615312 -0.507067 9.774183 0.635039 0.051730 0.062870
279479981 0.665363 1.014847 -0.631302 -0.538339 -0.648861 9.770341 0.641377 0.066214 0.055044
299438477 0.609926 1.615235 -0.481302 -0.538339 -0.648861 9.770341 0.637867 0.066214 0.055044
319396973 -0.250104 2.784904 -0.145092 -0.463588 -0.747128 9.767154 0.635231 0.076260 0.047428
339355469 -1.691123 3.279243 -0.013166 -0.369346 -0.844801 9.763211 0.647479 0.086253 0.037812
359313965 -2.088415 4.047915 0.312404 -0.283079 -0.942306 9.757167 0.629520 0.096237 0.029004
379272461 -0.990518 4.923319 1.970185 -0.206237 -1.050740 9.748015 0.627637 0.107352 0.021154
399230957 -0.716211 5.949042 3.918600 -0.154554 -1.130850 9.740004 0.634762 0.115572 0.015867
419189453 -1.424721 6.280320 3.513309 -0.146068 -1.101193 9.743533 0.625192 0.112528 0.014990
439178467 -2.348839 5.996246 1.732979 -0.160411 -0.980599 9.756182 0.608079 0.100161 0.016441
459136963 -2.901032 5.335262 0.728556 -0.150769 -0.853872 9.768243 0.586620 0.087181 0.015433
479095459 -1.582286 5.051265 1.394640 -0.125277 -0.776905 9.775024 0.575445 0.079305 0.012815
499053955 0.098689 5.350765 2.190966 -0.117573 -0.727147 9.778949 0.563309 0.074216 0.012023
519012451 -1.447121 5.325742 4.161464 -0.098572 -0.676485 9.782792 0.548292 0.069037 0.010076
538970947 -0.148803 5.122409 4.859351 -0.032391 -0.573841 9.789793 0.538040 0.058549 0.003309
558929443 1.517591 5.077032 1.675838 -0.004402 -0.332160 9.801023 0.541204 0.033877 0.000449
578887940 1.444034 4.951497 -1.529608 -0.042497 -0.058409 9.806384 0.517709 0.005956 0.004334
598846436 1.902475 3.711379 -1.116411 0.002045 0.080658 9.806318 0.516635 -0.008225 -0.000209
618835449 4.955873 2.537660 2.225189 0.127168 0.080631 9.805494 0.501133 -0.008222 -0.012968
638793945 2.381974 1.364048 2.817384 0.199976 0.109631 9.803998 0.504043 -0.011180 -0.020395
658752442 0.208333 -0.402518 0.535198 0.240200 0.247722 9.800578 0.522101 -0.025263 -0.024504
678710938 1.198779 -2.137444 -0.043851 0.263594 0.370806 9.796091 0.533926 -0.037821 -0.026902
698669434 0.914132 -3.495521 -1.162368 0.231111 0.491105 9.791618 0.557097 -0.050100 -0.023599
718627930 -2.278484 -5.638083 -3.794565 0.095534 0.613227 9.786992 0.597352 -0.062573 -0.009761
738586426 -5.855787 -6.846259 -4.586231 -0.029379 0.616663 9.787198 0.593379 -0.062924 0.003002
758544922 -3.359122 -6.085108 -0.538551 -0.155204 0.113692 9.804763 0.595738 -0.011594 0.015828
778533936 0.486049 -7.260757 3.051394 -0.155204 0.113692 9.804763 0.595738 -0.011594 0.015828
798492432 2.650277 -8.280704 1.349194 -0.345822 0.001535 9.800550 0.560858 -0.000157 0.035271
818450928 1.769839 -8.188740 -0.493055 -0.612445 -0.003217 9.787507 0.535844 0.000328 0.062493
838409424 -0.660807 -7.775647 -1.181052 -0.842152 -0.008976 9.770419 0.515920 0.000915 0.085982
858367920 -0.038321 -6.925663 0.045683 -0.901717 -0.100908 9.764585 0.523373 0.010290 0.092084
878326416 2.347388 -5.992356 1.794030 -0.782350 -0.251205 9.772165 0.507203 0.025619 0.079889
898284912 1.718152 -5.269872 1.263841 -0.620645 -0.326805 9.781533 0.483185 0.033331 0.063366
918243408 -0.277982 -4.341091 -0.749376 -0.532555 -0.287924 9.787945 0.491136 0.029364 0.054356
938201904 -0.916304 -3.372897 -2.295592 -0.466662 -0.211616 9.793255 0.494839 0.021580 0.047615
958160401 0.111471 -2.830734 -2.274287 -0.341715 -0.179396 9.799053 0.487198 0.018294 0.034858
978149414 0.883180 -2.558727 -1.497314 -0.168469 -0.195002 9.803264 0.494844 0.019886 0.017183
998107910 1.031308 -2.154026 -1.337920 -0.030777 -0.203769 9.804484 0.510869 0.020780 0.003139
1018066406 0.184008 -1.846007 -1.689131 0.017329 -0.187242 9.804848 0.498475 0.019095 -0.001767
1038024902 -0.667075 -1.419329 -1.523718 0.002743 -0.165032 9.805262 0.501971 0.016829 -0.000280
1057983399 -0.157695 -1.036270 -0.934937 -0.017668 -0.156089 9.805392 0.500443 0.015917 0.001802
1077941895 0.600034 -1.052563 -0.549457 -0.033873 -0.151371 9.805423 0.505572 0.015436 0.003454
1097900391 0.128592 -1.233883 -0.661371 -0.059001 -0.120715 9.805730 0.498357 0.012310 0.006017
1117858887 -0.813039 -0.437644 -1.258615 -0.085616 -0.073451 9.806001 0.499640 0.007490 0.008731
1137847901 -0.960937 0.049159 -1.328609 -0.082556 -0.046074 9.806194 0.497676 0.004698 0.008419
1157806397 -0.327512 -0.078505 -0.683372 -0.078349 -0.049290 9.806213 0.480334 0.005026 0.007990
1177764893 0.076612 0.012809 -0.727407 -0.094158 -0.055742 9.806040 0.497128 0.005684 0.009602
1197723389 -0.115533 -0.061622 -0.747002 -0.115316 -0.051297 9.805839 0.498542 0.005231 0.011759
1217681885 -0.855503 -0.126451 -0.389571 -0.157995 -0.053508 9.805231 0.484305 0.005456 0.016112
1237640381 -1.201076 0.184378 0.256635 -0.217960 -0.065351 9.804009 0.488861 0.006664 0.022228
1257598877 -0.785468 0.072955 0.203365 -0.265189 -0.074523 9.802780 0.501066 0.007599 0.027046
1277557373 -0.202481 -0.213362 -0.073694 -0.283388 -0.078034 9.802244 0.483371 0.007957 0.028902
1297515869 0.422959 -0.507279 0.303662 -0.291815 -0.088634 9.801908 0.485961 0.009038 0.029762
1317504883 0.320214 -0.531849 0.259841 -0.309133 -0.091605 9.801349 0.473487 0.009341 0.031529
1337463379 -0.229231 -0.317729 0.520450 -0.327256 -0.075163 9.800900 0.478839 0.007665 0.033378
1357421875 -0.336697 -0.138415 0.131971 -0.334718 -0.053293 9.800791 0.481362 0.005434 0.034139
1377380371 -0.102662 -0.196674 0.093902 -0.334718 -0.053293 9.800791 0.495228 0.005434 0.034139
1397338867 0.013775 -0.120093 0.256148 -0.378801 -0.004416 9.799331 0.492774 0.000450 0.038637
1417297363 -0.011999 -0.072370 -0.126342 -0.376987 0.019756 9.799381 0.507039 -0.002015 0.038452
1437255860 0.151723 -0.146487 -0.235562 -0.368351 0.031656 9.799679 0.503681 -0.003228 0.037570
1457214356 0.094260 -0.072452 0.199094 -0.368351 0.031656 9.799679 0.509836 -0.003228 0.037570
1477172852 -0.026915 0.027650 0.103118 -0.363509 0.048657 9.799789 0.507667 -0.004962 0.037077
1497161865 -0.031888 -0.093550 -0.439830 -0.366822 0.077927 9.799478 0.502912 -0.007946 0.037415
