0 0.870660 1.175892 0.264082 0.520141 -0.396486 9.784817 0.886952 0.040441 -0.053108
19958496 0.934954 1.691335 0.120781 0.504496 -0.415271 9.784857 0.892386 0.042359 -0.051513
39916992 0.356762 1.823778 0.059817 0.492832 -0.447122 9.784048 0.881044 0.045610 -0.050328
59875488 -0.612538 2.157337 -0.077250 0.482036 -0.483852 9.782838 0.888779 0.049359 -0.049234
79833984 -1.468119 3.020022 0.176394 0.445769 -0.530259 9.782151 0.882101 0.054098 -0.045538
99792480 -2.181255 4.271348 0.257467 0.353086 -0.588611 9.782599 0.841015 0.060058 -0.036078
119750976 -2.559806 6.144608 0.225465 0.223231 -0.638166 9.783317 0.826777 0.065121 -0.022814
139709472 -3.017318 7.893055 0.022137 0.069973 -0.677626 9.782961 0.854528 0.069154 -0.007152
159667968 -2.244433 9.952033 -0.613852 -0.143351 -0.731286 9.778296 0.798706 0.074640 0.014659
179656982 -1.563462 11.296248 0.099918 -0.366351 -0.823029 9.765182 0.843934 0.084024 0.037498
199615478 -0.757029 12.622952 1.163789 -0.672346 -1.096450 9.721940 0.810736 0.112041 0.069048
219573974 -1.765838 12.248159 3.812192 -0.663485 -1.204226 9.709789 0.800115 0.123108 0.068226
239532470 -4.826113 10.591010 9.108732 -0.663485 -1.204226 9.709789 0.800115 0.123108 0.068226
259490966 -5.088190 10.255125 10.759063 -0.497732 -1.065026 9.735932 0.757393 0.108817 0.051079
279449463 -1.292773 10.191849 9.288007 -0.339508 -0.673638 9.777594 0.845173 0.068746 0.034709
299407959 -1.129696 9.047482 2.326639 -0.728345 0.253102 9.776290 0.765436 -0.025812 0.074364
319366455 -5.153447 7.689130 -4.232441 -0.728345 0.253102 9.776290 0.768738 -0.025812 0.074364
339324951 -5.519626 5.963579 -3.594545 -0.784948 0.564528 9.758871 0.755046 -0.057598 0.080262
359313965 -1.738388 3.195415 -1.133930 -0.636809 0.747225 9.757382 0.737134 -0.076270 0.065172
379272461 3.694158 -2.352182 -0.202708 -0.611756 0.771709 9.757080 0.720392 -0.078774 0.062617
399230957 4.943892 -8.970867 0.786289 -0.709326 0.670165 9.757977 0.710516 -0.068391 0.072564
419189453 6.743586 -12.457392 -0.030333 -0.714099 0.619110 9.761003 0.687103 -0.063174 0.073028
439147949 5.168073 -15.616763 0.824071 -0.438376 0.662802 9.774401 0.686305 -0.067639 0.044819
459106445 4.764678 -18.846699 1.204046 0.107874 0.785482 9.774548 0.694727 -0.080183 -0.011036
479064941 3.195577 -18.553156 1.268438 0.669576 0.864110 9.745531 0.727991 -0.088229 -0.068598
499023437 -0.349391 -15.815318 2.503170 1.014893 0.815179 9.719870 0.762047 -0.083221 -0.104037
518981933 -4.143739 -13.231819 2.189187 1.030012 0.682841 9.728473 0.795325 -0.069687 -0.105483
538970947 -3.662386 -9.940482 -0.359192 0.870098 0.589830 9.750149 0.809685 -0.060182 -0.089004
558929443 -1.157583 -6.751488 -2.141504 0.777947 0.598021 9.757436 0.799364 -0.061019 -0.079560
578887939 0.814980 -5.017922 -2.281407 0.922673 0.761420 9.733411 0.786077 -0.077721 -0.094512
598846435 1.078199 -4.197915 -1.770844 0.990479 0.827745 9.721325 0.784925 -0.084507 -0.101537
618804931 0.845900 -3.742443 -1.720097 0.990479 0.827745 9.721325 0.793040 -0.084507 -0.101537
638763427 1.024892 -2.682187 -1.846684 1.017766 0.880473 9.713872 0.779050 -0.089904 -0.104394
658721924 0.791148 -2.040516 -2.187526 1.036076 0.936648 9.706679 0.759457 -0.095657 -0.106336
678680420 0.521778 -1.801203 -2.255996 1.050750 0.990311 9.699772 0.782833 -0.101156 -0.107906
698638916 0.461044 -1.275287 -1.776444 1.072391 1.025119 9.693788 0.794330 -0.104724 -0.110179
718597412 0.502018 -1.142669 -1.595188 1.067086 1.041272 9.692650 0.786580 -0.106381 -0.109651
738586425 0.192666 -0.971343 -1.427435 1.036551 1.034017 9.696739 0.778948 -0.105637 -0.106492
758544922 0.152867 -0.902099 -0.914354 1.030642 1.016672 9.699203 0.768188 -0.103858 -0.105863
778503418 0.170715 -0.840350 -0.325035 1.072601 0.962849 9.700146 0.803819 -0.098342 -0.110128
798461914 -0.205710 -0.934843 0.684494 1.072601 0.962849 9.700146 0.803819 -0.098342 -0.110128
818420410 -0.277064 -1.073752 0.711957 1.065610 0.942094 9.702954 0.792584 -0.096215 -0.109385
838378906 -0.128074 -0.974679 -0.029660 0.992352 0.938606 9.711057 0.786274 -0.095858 -0.101834
858337402 -0.252589 -0.818973 -0.184566 0.963712 0.936276 9.714167 0.794065 -0.095619 -0.098883
878295898 -0.491196 -0.987915 -0.062701 0.929394 0.932912 9.717834 0.797774 -0.095275 -0.095348
898254394 -0.607495 -0.948895 -0.303850 0.929394 0.932912 9.717834 0.797774 -0.095275 -0.095348
918243408 -0.344858 -0.653675 -0.365316 0.892571 0.927614 9.721792 0.785840 -0.094732 -0.091555
938201904 0.478612 -0.080905 -0.566167 0.874287 0.929491 9.723274 0.796429 -0.094924 -0.089676
958160400 0.998953 0.183315 -0.308627 0.893877 0.936402 9.720830 0.779282 -0.095632 -0.091697
978118896 1.119331 0.230539 0.285571 0.924406 0.935623 9.718048 0.780047 -0.095552 -0.094837
998077392 0.704796 0.052901 0.035001 0.909131 0.926488 9.720365 0.794287 -0.094617 -0.093257
1018035888 0.254526 -0.073061 -0.327892 0.816032 0.894892 9.731580 0.795343 -0.091381 -0.083658
1037994384 0.249107 0.022048 -0.190543 0.816032 0.894892 9.731580 0.767340 -0.091381 -0.083658
1057952881 0.111382 0.119112 -0.505206 0.797516 0.886026 9.733926 0.780608 -0.090473 -0.081749
1077911377 0.027654 -0.113561 -0.441603 0.796580 0.875323 9.734971 0.776019 -0.089377 -0.081645
1097900390 0.212261 -0.096400 0.226668 0.808699 0.854329 9.735836 0.778524 -0.087228 -0.082874
1117858886 0.567815 0.203885 0.527745 0.820374 0.832189 9.736777 0.780210 -0.084962 -0.084057
1137817382 0.316811 0.150403 0.312367 0.809291 0.814107 9.739233 0.768575 -0.083112 -0.082906
1157775879 -0.225949 -0.017600 0.205871 0.791950 0.795559 9.742191 0.784429 -0.081214 -0.081112
1177734375 -0.420169 -0.331842 0.368028 0.798356 0.786288 9.742421 0.799847 -0.080265 -0.081764
1197692871 -0.560433 -0.498985 0.651793 0.815334 0.779570 9.741555 0.786551 -0.079578 -0.083502
1217651367 -0.465186 -0.394289 0.527896 0.811692 0.774080 9.742297 0.791148 -0.079016 -0.083124
1237609863 -0.170416 -0.126243 0.175117 0.788017 0.774551 9.744203 0.784881 -0.079065 -0.080695
1257568359 -0.004891 0.067556 -0.313184 0.725065 0.786860 9.748103 0.813472 -0.080324 -0.074243
1277526855 -0.062937 0.014980 -0.610621 0.725065 0.786860 9.748103 0.792436 -0.080324 -0.074243
1297515869 0.233638 0.101826 -0.162415 0.735486 0.791815 9.746922 0.808379 -0.080831 -0.075316
1317474365 0.309171 0.243055 -0.246957 0.759852 0.796010 9.744711 0.795031 -0.081260 -0.077818
1337432861 0.121737 0.030773 -0.079998 0.775434 0.788919 9.744060 0.800788 -0.080534 -0.079413
1357391357 -0.013855 -0.143094 0.319805 0.780952 0.771330 9.745028 0.780375 -0.078735 -0.079968
1377349853 -0.117869 -0.144287 0.370719 0.782347 0.758284 9.745939 0.799580 -0.077401 -0.080102
1397308349 0.135782 -0.100274 0.431475 0.785675 0.754541 9.745961 0.793589 -0.077018 -0.080441
1417266845 0.324159 -0.247879 0.430219 0.790438 0.758252 9.745289 0.780350 -0.077397 -0.080933
1437225341 0.184850 -0.265780 0.312917 0.793420 0.766854 9.744373 0.798734 -0.078277 -0.081244
1457183838 -0.099795 -0.237587 -0.272529 0.774559 0.775070 9.745240 0.796996 -0.079118 -0.079314
1477172851 -0.235715 -0.319430 -0.605744 0.738405 0.775730 9.747994 0.806401 -0.079185 -0.075605
1497131347 -0.038223 -0.344320 -0.267261 0.726098 0.771621 9.749245 0.808323 -0.078765 -0.074340
