0 -0.175912 0.693443 -2.410401 -0.255904 0.048924 9.803189 0.664002 -0.004989 0.026098
19958496 0.212168 0.881826 -0.688946 -0.255904 0.048924 9.803189 0.667657 -0.004989 0.026098
39916992 0.425271 0.313714 1.482524 -0.212962 -0.034405 9.804277 0.662280 0.003508 0.021718
59875488 -0.056132 0.105389 0.980343 -0.200816 -0.093731 9.804147 0.652500 0.009558 0.020480
79833984 -0.331574 0.471655 -0.400426 -0.248482 -0.151243 9.802335 0.683147 0.015423 0.025344
99792480 -0.238149 0.742586 -0.597504 -0.248482 -0.151243 9.802335 0.666306 0.015423 0.025344
119781494 0.004386 1.059926 0.045124 -0.255825 -0.197292 9.801328 0.650059 0.020120 0.026095
139739990 0.035678 1.328560 0.380269 -0.266267 -0.295084 9.798593 0.662675 0.030095 0.027167
159698486 -0.106845 1.524259 0.313888 -0.266267 -0.295084 9.798593 0.656053 0.030095 0.027167
179656982 -0.231206 1.696744 0.319413 -0.281770 -0.342433 9.796618 0.654339 0.034926 0.028754
199615478 -0.222391 2.509808 0.339190 -0.296263 -0.385694 9.794583 0.641112 0.039340 0.030238
219573974 -0.090627 3.023315 0.635067 -0.305064 -0.423091 9.792768 0.648999 0.043157 0.031142
239532470 -0.324505 2.764077 0.053312 -0.317071 -0.448126 9.791273 0.634132 0.045712 0.032372
259490966 -0.555633 2.463742 -1.135937 -0.332230 -0.481061 9.789208 0.632031 0.049074 0.033925
279449462 -1.409235 2.379947 -1.867732 -0.369581 -0.573955 9.782861 0.641021 0.058561 0.037761
299407959 -1.651984 2.482074 0.225574 -0.368692 -0.725965 9.772790 0.613314 0.074096 0.037709
319396972 -0.513910 3.717652 1.989152 -0.274007 -0.838068 9.766931 0.618402 0.085564 0.028047
339355468 1.059288 5.000151 1.740622 -0.104105 -0.823112 9.771491 0.592094 0.084033 0.010654
359313964 1.506911 4.247223 0.418946 0.027750 -0.740166 9.778639 0.589731 0.075548 -0.002838
379272460 0.644660 4.851599 -1.390871 0.035037 -0.681366 9.782888 0.574869 0.069536 -0.003581
399230957 0.253547 4.833319 -1.054458 0.006590 -0.697424 9.781816 0.555460 0.071178 -0.000674
419189453 -0.033479 5.206832 0.002739 0.139389 -0.756677 9.776421 0.553284 0.077236 -0.014257
439147949 0.235065 4.681266 1.547249 0.139389 -0.756677 9.776421 0.553284 0.077236 -0.014257
459106445 0.785709 4.312031 2.191924 0.345508 -0.675687 9.777243 0.557973 0.068956 -0.035323
479064941 0.648858 4.247092 1.046588 0.527583 -0.520860 9.778585 0.552696 0.053138 -0.053901
499053955 -0.242628 4.019712 -0.606130 0.640458 -0.345213 9.779624 0.571111 0.035209 -0.065396
519012451 0.009103 3.981030 -0.768004 0.838301 -0.160626 9.769434 0.556833 0.016380 -0.085599
538970947 0.701289 3.955073 0.978571 1.066353 -0.040281 9.748418 0.565900 0.004108 -0.108954
558929443 -0.163327 3.297600 3.136445 1.101526 -0.047842 9.744473 0.582095 0.004879 -0.112563
578887939 -1.597248 3.254969 3.207756 1.006659 -0.051093 9.754713 0.578367 0.005210 -0.102833
598846435 -0.562349 3.026583 1.415277 1.240142 0.391651 9.720033 0.578375 -0.039948 -0.126901
618804931 0.956546 2.892504 -0.130221 1.240142 0.391651 9.720033 0.578375 -0.039948 -0.126901
638763427 1.968757 1.971432 -0.655248 1.406351 0.635382 9.684464 0.578951 -0.064836 -0.144209
658721923 1.843195 0.447594 -1.456903 1.428534 0.794891 9.669427 0.578877 -0.081145 -0.146676
678710937 0.912032 -2.240343 -1.695197 0.926504 0.765348 9.732740 0.658229 -0.078123 -0.094909
698669433 -1.898775 -4.365054 0.310935 0.926504 0.765348 9.732740 0.606340 -0.078123 -0.094909
718627929 0.382731 -6.651886 -0.197762 0.816498 0.811967 9.738811 0.618237 -0.082892 -0.083644
738586425 3.567531 -7.695530 -1.753761 0.929581 0.958774 9.715298 0.609122 -0.097924 -0.095392
758544921 2.989824 -8.572113 0.305500 0.918891 0.849697 9.726460 0.615235 -0.086754 -0.094194
778503418 1.147460 -9.478289 2.459770 0.918891 0.849697 9.726460 0.615235 -0.086754 -0.094194
798461914 1.209047 -9.959457 1.874060 0.955226 0.792608 9.727780 0.643357 -0.080912 -0.097882
818420410 1.113865 -8.692455 1.780472 1.103753 0.770504 9.713827 0.665737 -0.078651 -0.113142
838378906 -0.037399 -7.763328 3.437631 1.365715 0.694185 9.686243 0.691899 -0.070846 -0.140072
858337402 -0.592613 -6.592596 2.528970 1.365715 0.694185 9.686243 0.723419 -0.070846 -0.140072
878326416 -0.134641 -5.617716 1.055846 1.426194 0.719792 9.675653 0.721777 -0.073464 -0.146347
898284912 -0.281093 -4.704892 0.406369 1.389296 0.726298 9.680533 0.769671 -0.074130 -0.142541
918243408 -0.084522 -4.266827 0.625463 1.306175 0.713733 9.693032 0.771888 -0.072845 -0.133947
938201904 -0.163176 -3.475050 -0.155035 1.195980 0.716089 9.707072 0.783043 -0.073086 -0.122589
958160400 -0.515617 -2.788934 -1.529542 1.107612 0.762290 9.714036 0.777857 -0.077810 -0.113532
978118896 -0.082753 -2.385429 -1.334017 1.073297 0.814167 9.713678 0.793637 -0.083118 -0.110047
998077392 0.168424 -2.143004 -0.994418 1.027641 0.868419 9.713918 0.787829 -0.088670 -0.105399
1018035888 -0.289377 -1.863028 -1.249228 1.027641 0.868419 9.713918 0.787829 -0.088670 -0.105399
1037994384 0.083378 -1.595030 -1.255477 0.988222 0.876387 9.717291 0.814531 -0.089486 -0.101349
1057983398 0.632260 -1.022892 -0.809153 0.960910 0.867564 9.720821 0.780434 -0.088583 -0.098531
1077941894 0.408210 -0.967789 -0.461376 0.939152 0.856042 9.723969 0.801941 -0.087403 -0.096282
1097900390 0.500064 -0.872468 -0.780750 0.904830 0.844238 9.728254 0.798277 -0.086195 -0.092744
1117858886 -0.270190 -0.940530 -0.792188 0.885142 0.835433 9.730825 0.783829 -0.085294 -0.090713
1137817382 -0.073520 -0.652757 0.450818 0.889665 0.812858 9.732325 0.797044 -0.082984 -0.091160
1157775878 0.583477 -0.121298 0.191342 0.893937 0.807431 9.732386 0.790884 -0.082428 -0.091595
1177734375 0.672631 -0.015906 -0.070393 0.861101 0.807345 9.735353 0.777185 -0.082420 -0.088221
1197692871 0.550792 -0.269946 0.812133 0.861101 0.807345 9.735353 0.777185 -0.082420 -0.088221
1217651367 -0.087081 -0.283454 0.025821 0.810131 0.812055 9.739335 0.797902 -0.082901 -0.082990
1237609863 -0.847459 -0.508787 -1.067587 0.767992 0.839959 9.740382 0.797103 -0.085757 -0.078683
1257598877 -0.618548 -0.463535 -0.702651 0.772277 0.859931 9.738300 0.790797 -0.087801 -0.079137
1277557373 0.097543 -0.179752 0.050144 0.797519 0.858128 9.736423 0.802337 -0.087617 -0.081728
1297515869 0.134317 -0.186056 0.371030 0.818870 0.852038 9.735188 0.779877 -0.086993 -0.083917
1317474365 0.067893 -0.190089 0.536700 0.839450 0.853395 9.733315 0.790845 -0.087132 -0.086032
1337432861 0.102848 -0.236132 0.089507 0.838617 0.862006 9.732629 0.790442 -0.088014 -0.085953
1357391357 0.120793 -0.269242 0.020899 0.817951 0.864914 9.734129 0.789071 -0.088311 -0.083832
1377349853 0.272447 -0.153106 0.039528 0.799972 0.864512 9.735660 0.785832 -0.088270 -0.081985
1397308349 0.086854 0.016360 -0.533479 0.787147 0.872866 9.735959 0.802862 -0.089126 -0.080674
1417266845 0.080598 -0.184066 -0.261159 0.768583 0.856263 9.738915 0.796763 -0.087426 -0.078755
1437255859 0.229415 -0.193969 0.516008 0.768583 0.856263 9.738915 0.796763 -0.087426 -0.078755
1457214355 0.241757 -0.164697 0.203988 0.758399 0.856358 9.739705 0.790195 -0.087436 -0.077710
1477172851 -0.180004 -0.120968 -0.387240 0.745956 0.870111 9.739448 0.796290 -0.088843 -0.076442
1497131347 -0.331477 -0.415375 -0.096264 0.741701 0.879255 9.738951 0.803587 -0.089780 -0.076012
