0 0.200038 0.168106 -1.130733 -0.089719 -0.059006 9.806063 0.597348 0.006017 0.009149
19958496 0.289453 0.179616 -1.105831 -0.075755 -0.058131 9.806185 0.601966 0.005928 0.007725
39916992 -0.012560 0.127046 -0.632853 -0.074219 -0.084136 9.806007 0.605784 0.008580 0.007569
59875488 -0.256534 0.041749 -0.133255 -0.088322 -0.122709 9.805485 0.605630 0.012513 0.009007
79864502 -0.006357 0.002600 0.087425 -0.117398 -0.166876 9.804526 0.616203 0.017017 0.011973
99822998 -0.249409 -0.138518 0.378179 -0.128200 -0.204474 9.803680 0.625795 0.020852 0.013076
119781494 -0.724707 -0.221979 0.019649 -0.129328 -0.231011 9.803076 0.610865 0.023559 0.013192
139739990 -0.270586 -0.019772 -0.222142 -0.137685 -0.257763 9.802295 0.618473 0.026288 0.014045
159698486 0.129285 0.082653 0.461471 -0.151349 -0.297347 9.800972 0.618346 0.030326 0.015441
179656982 0.155379 0.213161 0.478837 -0.163362 -0.327968 9.799803 0.614300 0.033450 0.016668
199615478 0.276790 0.204095 0.486083 -0.165484 -0.343532 9.799233 0.624615 0.035038 0.016886
219573974 0.143904 0.140062 0.035712 -0.167139 -0.343966 9.799191 0.624996 0.035082 0.017055
239532470 -0.147378 0.050208 -0.145300 -0.163527 -0.342164 9.799315 0.618037 0.034898 0.016686
259521484 -0.010554 0.258310 -0.186948 -0.164359 -0.348117 9.799090 0.612551 0.035505 0.016771
279479980 0.182807 0.483912 -0.413467 -0.167129 -0.359970 9.798616 0.612516 0.036715 0.017055
299438476 -0.124735 0.965318 -0.713889 -0.178604 -0.384623 9.797478 0.597962 0.039231 0.018228
319396972 -0.335053 2.264934 -0.900975 -0.196805 -0.430601 9.795216 0.592909 0.043923 0.020089
339355468 -0.051240 4.085853 -0.788455 -0.226138 -0.504922 9.791032 0.602450 0.051511 0.023092
359313964 0.992948 5.850124 0.298240 -0.251617 -0.612372 9.784277 0.580047 0.062485 0.025711
379272461 1.787379 8.365021 1.563195 -0.266389 -0.730048 9.775809 0.565399 0.074513 0.027243
399230957 1.371612 10.996077 2.421587 -0.299508 -0.836558 9.766313 0.574060 0.085409 0.030658
419189453 0.090349 11.603582 4.405397 -0.309758 -0.919946 9.758491 0.557869 0.093946 0.031732
439178466 -0.419798 13.149570 4.551641 -0.030318 -0.853280 9.769410 0.515478 0.087121 0.003103
459136962 0.771434 15.994635 4.689889 -0.030318 -0.853280 9.769410 0.556230 0.087121 0.003103
479095459 1.984542 18.211195 4.138497 0.152522 -0.747341 9.776942 0.546514 0.076282 -0.015599
499053955 5.826580 19.879644 4.172934 0.193637 -0.659834 9.782510 0.546659 0.067335 -0.019792
519012451 1.735860 15.456379 4.867960 0.172526 -0.541695 9.790158 0.523290 0.055266 -0.017621
538970947 -5.819201 9.839458 3.721205 0.221118 -0.261037 9.800681 0.554527 0.026621 -0.022558
558929443 -10.221710 2.010809 2.554022 0.523562 0.238106 9.789769 0.594341 -0.024282 -0.053430
578887939 -5.616472 -5.167453 -0.290433 1.013722 0.882722 9.714090 0.614087 -0.090135 -0.103979
598846435 6.869750 -9.296363 -3.050690 1.338735 1.396796 9.613903 0.607574 -0.142920 -0.138360
618804931 12.879965 -12.716630 -3.641389 1.157626 1.543431 9.614994 0.576568 -0.158043 -0.119821
638793945 5.759419 -16.569454 0.041610 0.630271 1.324251 9.696365 0.586152 -0.135450 -0.064909
658752441 0.139006 -20.207699 4.672784 0.607124 1.166045 9.718133 0.603103 -0.119186 -0.062392
678710937 1.234796 -18.142862 5.639637 1.187008 1.240224 9.655219 0.644884 -0.126807 -0.122326
698669433 1.865998 -14.246159 2.149705 1.604727 1.327637 9.582934 0.675878 -0.135798 -0.165917
718627929 -0.291094 -11.674936 0.413507 1.405246 1.195051 9.631590 0.713627 -0.122165 -0.144877
738586425 -2.720231 -10.190303 -0.050585 0.889208 0.957662 9.719186 0.742786 -0.097810 -0.091236
758544921 -2.694926 -8.038207 -2.380599 0.514829 0.834128 9.757539 0.762732 -0.085160 -0.052713
778503418 -2.226266 -7.025991 -2.323199 0.371182 0.804748 9.766523 0.787944 -0.082154 -0.037987
798461914 -2.054750 -5.960086 -1.633151 0.286340 0.775425 9.771750 0.803208 -0.079154 -0.029294
818450927 -0.562033 -4.479292 -0.433292 0.196640 0.735129 9.777081 0.794682 -0.075033 -0.020110
838409423 0.764836 -2.630549 -1.275732 0.102275 0.739031 9.778229 0.796424 -0.075432 -0.010459
858367920 0.721746 -2.192231 -2.242976 0.020458 0.777478 9.775761 0.797901 -0.079364 -0.002093
878326416 -0.103571 -2.076943 -2.439336 -0.041854 0.804638 9.773495 0.771312 -0.082143 0.004282
898284912 -0.797618 -2.018781 -1.959144 -0.049789 0.819751 9.772202 0.781550 -0.083689 0.005095
918243408 0.181358 -0.863878 -1.152095 -0.006866 0.824755 9.771904 0.772340 -0.084201 0.000703
938201904 0.854167 -0.215156 -1.760526 0.039073 0.838794 9.770635 0.778075 -0.085638 -0.003999
958160400 1.400717 -0.168040 -0.356175 0.113685 0.837260 9.770182 0.773149 -0.085481 -0.011635
978118896 1.534238 -0.122603 0.963505 0.190067 0.818925 9.770549 0.789913 -0.083604 -0.019451
998107910 -0.019245 -0.652643 0.521872 0.190532 0.796909 9.772360 0.774718 -0.081352 -0.019495
1018066406 -0.563665 -0.764677 0.212716 0.120365 0.766373 9.775918 0.771605 -0.078228 -0.012312
1038024902 -0.054935 -0.320491 -0.069327 0.051543 0.748980 9.777871 0.780285 -0.076449 -0.005271
1057983398 0.104305 -0.112632 -0.211986 0.031139 0.750148 9.777867 0.771682 -0.076569 -0.003185
1077941894 0.350164 0.017363 0.065791 0.039529 0.748266 9.777982 0.775430 -0.076376 -0.004043
1097900390 0.252757 -0.090730 -0.182237 0.057119 0.752343 9.777582 0.755545 -0.076793 -0.005842
1117858886 0.140521 -0.122576 0.457088 0.082833 0.750360 9.777550 0.762864 -0.076590 -0.008472
1137817382 0.459173 0.188794 0.655337 0.089735 0.748518 9.777631 0.764472 -0.076402 -0.009177
1157775878 0.617149 0.535300 -0.343851 0.063037 0.757746 9.777128 0.761595 -0.077346 -0.006447
1177734375 0.270874 0.281563 -0.456981 0.029419 0.760918 9.777040 0.738341 -0.077670 -0.003009
1197723388 -0.288059 0.053618 0.275291 0.026122 0.756243 9.777412 0.756933 -0.077192 -0.002672
1217681884 -0.359580 0.093244 -0.044616 0.044055 0.768651 9.776381 0.755222 -0.078461 -0.004506
1237640380 0.090066 0.391741 0.060119 0.058176 0.776960 9.775650 0.755558 -0.079311 -0.005951
1257598877 0.241148 0.500595 0.335993 0.041546 0.776434 9.775777 0.761948 -0.079257 -0.004250
1277557373 -0.221651 0.335076 0.039001 0.039859 0.779143 9.775569 0.761800 -0.079534 -0.004077
1297515869 -0.733650 -0.036881 0.225318 0.039859 0.779143 9.775569 0.764930 -0.079534 -0.004077
1317474365 -0.686274 -0.044130 0.444752 0.044802 0.803829 9.773547 0.755723 -0.082060 -0.004584
1337432861 -0.445188 0.113590 0.229668 0.044802 0.803829 9.773547 0.767809 -0.082060 -0.004584
1357391357 -0.164785 0.264197 -0.204910 0.038320 0.823255 9.771959 0.758015 -0.084048 -0.003921
1377380371 0.294382 0.541594 0.630461 0.031336 0.835624 9.770932 0.752976 -0.085313 -0.003207
1397338867 -0.298653 0.382221 0.109118 0.031336 0.835624 9.770932 0.759949 -0.085313 -0.003207
1417297363 -0.869557 0.075297 -0.596139 0.011384 0.851344 9.769619 0.778129 -0.086922 -0.001165
1437255859 -0.336147 0.364678 0.174844 0.010579 0.869118 9.768055 0.746166 -0.088742 -0.001083
1457214355 0.078998 0.586939 -0.077711 0.010579 0.869118 9.768055 0.762977 -0.088742 -0.001083
1477172851 -0.028815 0.555112 -0.438950 0.007225 0.881549 9.766945 0.775727 -0.090014 -0.000740
1497131347 -0.558749 0.186796 -0.279078 0.051386 0.894173 9.765664 0.742705 -0.091307 -0.005262
