0 -0.169601 0.074843 -0.187308 0.064421 0.381038 9.799033 0.692544 -0.038865 -0.006574
19958496 -0.169609 0.007334 -0.487261 0.064421 0.381038 9.799033 0.695974 -0.038865 -0.006574
39916992 0.007979 0.114536 -0.877184 0.059640 0.362408 9.799770 0.692728 -0.036964 -0.006086
59875489 0.499860 0.204779 -0.555449 0.040035 0.317461 9.801429 0.692468 -0.032378 -0.004085
79833985 0.232910 0.080779 -0.149016 0.030568 0.197666 9.804610 0.695292 -0.020158 -0.003118
99822998 -0.298077 0.015471 0.413150 0.030568 0.197666 9.804610 0.714052 -0.020158 -0.003118
119781494 -0.172272 0.284140 0.672512 0.049253 0.147848 9.805411 0.693916 -0.015077 -0.005023
139739990 -0.030942 0.661340 0.625801 0.047924 0.099238 9.806031 0.694979 -0.010120 -0.004887
159698487 0.146494 1.287999 0.465277 0.026223 0.052275 9.806475 0.699291 -0.005331 -0.002674
179656983 -0.369879 2.120528 -0.008691 0.001949 0.019285 9.806631 0.691021 -0.001967 -0.000199
199615479 -0.618204 3.193615 -0.656215 -0.027622 -0.008871 9.806607 0.693884 0.000905 0.002817
219573975 -0.398943 4.587657 -0.903673 -0.061920 -0.057382 9.806287 0.676497 0.005851 0.006314
239532471 0.208520 6.506862 -0.095160 -0.113801 -0.149318 9.804852 0.645932 0.015227 0.011606
259490967 -0.577825 7.716004 0.876190 -0.151588 -0.254093 9.802185 0.664080 0.025913 0.015464
279449463 -1.233802 8.676683 1.798096 -0.150502 -0.333359 9.799827 0.678991 0.034000 0.015356
299438477 -1.053088 9.753734 1.633379 -0.091501 -0.354729 9.799806 0.665401 0.036180 0.009337
319396973 -1.741153 9.801559 1.979456 -0.091501 -0.354729 9.799806 0.658731 0.036180 0.009337
339355469 -2.314653 10.643914 1.111806 -0.116855 -0.344800 9.799890 0.652348 0.035167 0.011924
359313965 0.033077 12.315321 1.604804 -0.113129 -0.291554 9.801662 0.650877 0.029735 0.011541
379272461 1.342521 12.350152 3.358726 -0.009135 -0.191061 9.804785 0.642023 0.019484 0.000932
399230957 2.927409 12.241963 5.819589 0.079486 -0.053441 9.806183 0.645406 0.005449 -0.008106
419189453 -0.848673 11.112247 5.443795 0.079316 0.149704 9.805186 0.664715 -0.015266 -0.008089
439147949 -3.933182 8.972593 1.733799 0.138893 0.519454 9.791898 0.691916 -0.052994 -0.014184
459106446 -2.840285 6.379204 -0.974332 0.315040 0.954586 9.754993 0.689192 -0.097495 -0.032284
479095459 -1.261989 2.134285 -0.274259 0.427855 1.218581 9.721233 0.653897 -0.124583 -0.043984
499053955 0.536518 -3.527014 1.673206 0.429723 1.296901 9.711013 0.623629 -0.132636 -0.044222
519012451 2.444737 -8.821150 3.188718 0.246403 1.235836 9.725347 0.616293 -0.126356 -0.025331
538970947 2.499902 -12.063533 2.415049 -0.031045 1.171130 9.736421 0.630955 -0.119708 0.003188
558929444 2.997976 -14.419687 -2.959812 -0.128227 1.284977 9.721253 0.657008 -0.131409 0.013190
578887940 6.900036 -16.261562 -5.186528 -0.043157 1.402481 9.705749 0.641713 -0.143505 0.004447
598846436 4.703301 -15.919106 0.502158 -0.095262 1.201121 9.732350 0.620131 -0.122789 0.009788
618804932 -0.401559 -14.492597 4.737520 -0.272879 0.846442 9.766241 0.669313 -0.086421 0.027934
638763428 -1.462067 -12.439722 0.180960 -0.041259 0.818492 9.772346 0.692318 -0.083560 0.004222
658752442 0.267125 -9.517890 -3.325340 -0.041259 0.818492 9.772346 0.744337 -0.083560 0.004222
678710938 1.039603 -7.293116 -1.361126 0.110770 0.781120 9.774864 0.728423 -0.079737 -0.011332
698669434 -0.030504 -6.185896 0.690508 0.161876 0.659504 9.783111 0.750398 -0.067301 -0.016545
718627930 -0.048248 -4.957098 1.184904 0.269208 0.605780 9.784219 0.781590 -0.061812 -0.027508
738586426 0.118822 -4.235311 -0.695410 0.367917 0.640754 9.778776 0.781462 -0.065385 -0.037606
758544922 -0.358715 -3.615846 -0.972423 0.368632 0.661436 9.777372 0.779370 -0.067499 -0.037685
778503418 -1.141665 -2.944650 -1.305994 0.324548 0.674429 9.778047 0.787633 -0.068827 -0.033179
798461914 -0.874985 -2.220775 -2.603114 0.312894 0.726763 9.774676 0.802014 -0.074177 -0.032000
818420410 -0.301337 -1.816758 -2.742665 0.348354 0.784448 9.769016 0.798592 -0.080077 -0.035644
838378906 0.355804 -1.213144 -1.592966 0.402591 0.807798 9.765029 0.806062 -0.082466 -0.041204
858367920 0.151322 -0.699018 -0.738965 0.449819 0.803420 9.763329 0.793522 -0.082018 -0.046040
878326416 -0.032549 -0.434035 -0.554134 0.496602 0.806778 9.760783 0.792079 -0.082362 -0.050833
898284912 0.474373 -0.311154 -0.403507 0.556323 0.824614 9.756070 0.788569 -0.084187 -0.056962
918243408 0.115281 -0.516057 -1.037557 0.609945 0.845621 9.751065 0.798487 -0.086337 -0.062470
938201905 -0.223934 -0.753204 -0.031435 0.658318 0.835477 9.748794 0.801018 -0.085298 -0.067426
958160401 0.268531 -0.113574 1.085310 0.696058 0.804386 9.748787 0.805160 -0.082117 -0.071278
978118897 0.453619 0.148151 -0.040631 0.672374 0.786742 9.751889 0.786219 -0.080312 -0.068839
998077393 0.478923 0.075816 -0.376819 0.616376 0.764348 9.757369 0.771705 -0.078021 -0.063086
1018035889 0.163300 -0.016298 -0.196959 0.595894 0.745774 9.760077 0.799755 -0.076121 -0.060979
1038024903 -0.048957 -0.016633 0.345783 0.633994 0.737372 9.758315 0.795040 -0.075262 -0.064878
1057983399 -0.647176 -0.491985 0.626302 0.683510 0.737579 9.754956 0.801946 -0.075283 -0.069954
1077941895 -0.500833 -0.498417 0.478466 0.697403 0.733879 9.754253 0.791733 -0.074905 -0.071376
1097900391 -0.128063 -0.188950 0.269205 0.675343 0.725759 9.756413 0.778282 -0.074075 -0.069110
1117858887 0.340459 0.384726 0.161405 0.647175 0.722650 9.758552 0.779436 -0.073757 -0.066222
1137817383 0.587898 0.543589 -0.094609 0.619037 0.728319 9.759955 0.788069 -0.074336 -0.063341
1157775879 0.255141 0.237313 -0.057984 0.582174 0.727464 9.762287 0.775283 -0.074249 -0.059564
1177734375 -0.398939 -0.090869 -0.452651 0.550940 0.727292 9.764113 0.799913 -0.074231 -0.056365
1197692871 -0.407193 -0.133187 -0.235755 0.553936 0.730055 9.763738 0.787467 -0.074514 -0.056673
1217681885 -0.230415 0.088713 0.022017 0.562294 0.724573 9.763668 0.787848 -0.073953 -0.057527
1237640381 -0.214055 0.010814 -0.188738 0.557875 0.718131 9.764398 0.795716 -0.073295 -0.057072
1257598877 0.032394 0.029806 0.230313 0.555939 0.705070 9.765459 0.787022 -0.071959 -0.056868
1277557373 0.132220 0.208677 0.504189 0.553618 0.690738 9.766616 0.786848 -0.070494 -0.056624
1297515869 -0.225909 -0.023628 0.048106 0.539798 0.684039 9.767860 0.772398 -0.069809 -0.055206
1317474365 -0.517838 -0.243913 -0.232239 0.524366 0.681691 9.768865 0.783049 -0.069569 -0.053626
1337432862 -0.173973 -0.227941 0.455936 0.538689 0.681813 9.768077 0.797993 -0.069582 -0.055092
1357391358 0.136428 -0.099043 0.696346 0.549077 0.684850 9.767286 0.782590 -0.069892 -0.056157
1377349854 0.048574 -0.061151 0.125777 0.530532 0.694604 9.767622 0.791768 -0.070889 -0.054262
1397308350 0.006845 -0.132983 -0.197452 0.508158 0.709378 9.767750 0.780371 -0.072400 -0.051977
1417297364 -0.160655 -0.405226 -0.422050 0.506846 0.728663 9.766398 0.796515 -0.074371 -0.051850
1437255860 -0.195460 -0.214763 -0.400854 0.535678 0.747347 9.763449 0.802154 -0.076282 -0.054811
1457214356 0.401551 -0.013561 0.041978 0.589932 0.767788 9.758734 0.765430 -0.078373 -0.060378
1477172852 1.075094 0.184197 0.572350 0.620268 0.777283 9.756100 0.760671 -0.079344 -0.063492
1497131348 0.834475 0.093892 0.107261 0.578470 0.775598 9.758801 0.777926 -0.079172 -0.059207
