0 -0.113986 0.186598 -0.181602 -0.440863 -0.241790 9.793752 0.580060 0.024658 0.044984
19958496 0.204626 0.120253 -0.389674 -0.451773 -0.239656 9.793307 0.591407 0.024441 0.046098
39916992 0.239595 0.117604 -0.501583 -0.459243 -0.249994 9.792701 0.597086 0.025495 0.046862
59875488 0.144747 0.259814 -0.303272 -0.456027 -0.271397 9.792281 0.595266 0.027678 0.046536
79833985 0.145674 0.116695 0.051034 -0.447416 -0.298798 9.791882 0.592999 0.030474 0.045661
99792481 0.371700 -0.137095 0.008401 -0.433945 -0.323314 9.791709 0.603223 0.032975 0.044289
119750977 0.095024 -0.040009 0.071480 -0.425318 -0.347304 9.791265 0.605576 0.035423 0.043411
139709473 -0.534979 0.113533 -0.137364 -0.431156 -0.372609 9.790079 0.596793 0.038005 0.044012
159698486 -0.338512 0.183758 0.021446 -0.433249 -0.401743 9.788835 0.611249 0.040978 0.044231
179656983 -0.165068 0.132871 0.241271 -0.428589 -0.428917 9.787887 0.600649 0.043751 0.043760
199615479 -0.141166 0.101056 0.288203 -0.434301 -0.451489 9.786620 0.609104 0.046055 0.044348
219573975 0.035118 0.116181 0.068068 -0.434301 -0.451489 9.786620 0.609123 0.046055 0.044348
239532471 0.097416 0.278468 -0.250753 -0.438184 -0.457043 9.786189 0.608289 0.046622 0.044746
259490967 -0.086270 0.561124 -0.110785 -0.438302 -0.470985 9.785522 0.619773 0.048046 0.044761
279449463 -0.116479 0.566543 -0.400434 -0.431803 -0.485546 9.785100 0.606692 0.049532 0.044100
299407959 0.414549 0.908141 -0.906949 -0.416009 -0.505476 9.784775 0.605867 0.051567 0.042490
319366455 0.710079 1.528753 -1.261918 -0.386920 -0.545775 9.783803 0.607966 0.055682 0.039526
339355469 0.438482 2.174840 -1.312936 -0.328175 -0.616364 9.781757 0.617284 0.062893 0.033537
359313965 -0.191017 2.954234 -1.345101 -0.116036 -0.837268 9.770154 0.637010 0.085482 0.011876
379272461 -1.213204 3.566458 -1.065221 0.016201 -0.996141 9.755912 0.625667 0.101754 -0.001661
399230957 -2.135749 4.282176 0.618474 0.016201 -0.996141 9.755912 0.627683 0.101754 -0.001661
419189453 -1.576250 5.574616 3.085816 0.110897 -1.152487 9.738062 0.609227 0.117793 -0.011387
439147949 -0.446811 6.671175 4.307756 0.130764 -1.218019 9.729836 0.616102 0.124525 -0.013439
459106445 -0.270162 7.239485 2.854979 0.102329 -1.134214 9.740302 0.621297 0.115917 -0.010505
479064942 -1.869701 7.218302 0.276570 0.069172 -0.949181 9.760362 0.612013 0.096941 -0.007087
499023438 -2.962703 7.113946 0.336054 0.059803 -0.798585 9.773897 0.601772 0.081523 -0.006119
519012451 -0.158651 6.296087 4.031997 0.109045 -0.742099 9.777925 0.573552 0.075745 -0.011152
538970947 3.690229 5.718539 6.050403 0.168267 -0.636320 9.784538 0.568060 0.064932 -0.017196
558929444 5.192610 5.444734 3.613681 0.159205 -0.316324 9.800254 0.572864 0.032262 -0.016244
578887940 1.136124 5.227751 -0.975660 0.059990 0.176015 9.804887 0.584638 -0.017949 -0.006118
598846436 -2.118430 5.215103 -5.365822 0.036870 0.630479 9.786293 0.603104 -0.064335 -0.003767
618804932 -1.048701 5.169544 -4.073482 0.197912 0.797652 9.772153 0.609573 -0.081428 -0.020250
638763428 0.783513 4.152794 1.060789 0.426229 0.701089 9.772266 0.616096 -0.071552 -0.043589
658721924 1.701788 1.328682 2.825970 0.614306 0.596919 9.769171 0.621629 -0.060906 -0.062799
678680420 0.574967 -1.772590 1.999115 0.800795 0.594959 9.755774 0.659872 -0.060706 -0.081901
698669434 -1.784365 -5.317631 0.867893 1.030665 0.654821 9.730330 0.678652 -0.066823 -0.105529
718627930 -2.327610 -7.658219 -0.496136 1.320335 0.699302 9.692166 0.697454 -0.071370 -0.135394
738586426 -0.596887 -8.043335 2.137095 1.605185 0.608119 9.655256 0.702846 -0.062051 -0.164743
758544922 1.189655 -8.928709 4.198099 1.716320 0.485576 9.643073 0.675966 -0.049535 -0.176140
778503418 0.765363 -8.793354 1.476156 1.579130 0.512732 9.665083 0.675250 -0.052308 -0.161954
798461914 -0.792532 -8.449607 -1.652903 1.324188 0.639744 9.695755 0.649293 -0.065282 -0.135734
818420410 0.063498 -7.419287 0.147892 1.093863 0.651039 9.723682 0.628851 -0.066436 -0.112024
838378906 3.267326 -7.161773 2.874684 0.971161 0.535913 9.743717 0.634806 -0.054675 -0.099342
858337402 3.591486 -6.548961 1.393513 0.969390 0.483841 9.746618 0.625088 -0.049358 -0.099133
878326416 1.175344 -5.178481 -0.424162 1.008198 0.512140 9.741234 0.608437 -0.052248 -0.103131
898284912 -1.590061 -3.632451 -1.322841 1.016033 0.563639 9.737576 0.620268 -0.057507 -0.103965
918243408 -1.331354 -2.776055 -1.509844 1.024162 0.593331 9.734960 0.611927 -0.060540 -0.104819
938201904 0.418834 -2.966150 -0.909274 1.034498 0.580302 9.734652 0.587718 -0.059209 -0.105872
958160401 1.318539 -3.267003 -0.414572 1.013565 0.564864 9.737761 0.596454 -0.057632 -0.103713
978118897 1.124552 -2.921129 -0.726931 0.952309 0.573723 9.743426 0.581424 -0.058537 -0.097429
998077393 -0.060473 -2.273097 -1.036780 0.883555 0.596719 9.748520 0.570146 -0.060886 -0.090388
1018035889 -0.606163 -2.186456 -0.844204 0.819523 0.614587 9.753002 0.588120 -0.062711 -0.083831
1037994385 -0.180854 -2.174597 -1.153336 0.757662 0.628792 9.757098 0.587087 -0.064163 -0.077497
1057983399 0.523477 -2.232948 -1.545664 0.639622 0.642703 9.764641 0.591285 -0.065584 -0.065410
1077941895 0.972371 -1.825206 -1.701751 0.617461 0.632982 9.766703 0.576378 -0.064591 -0.063137
1097900391 0.706261 -1.062066 -1.567000 0.617461 0.632982 9.766703 0.590981 -0.064591 -0.063137
1117858887 -0.308594 -0.487294 -1.735209 0.472281 0.646514 9.773911 0.614738 -0.065974 -0.048283
1137817383 -1.191617 -0.035898 -1.603531 0.472281 0.646514 9.773911 0.572176 -0.065974 -0.048283
1157775879 -1.720425 0.135788 -1.009598 0.340194 0.640959 9.779766 0.581959 -0.065406 -0.034772
1177734375 -1.291118 0.141661 -0.283585 0.227171 0.613187 9.784824 0.595687 -0.062568 -0.023213
1197692871 -0.808845 -0.076915 0.172606 0.166406 0.578557 9.788154 0.582267 -0.059031 -0.016999
1217651367 -0.303117 0.012736 0.499064 0.138924 0.538379 9.790874 0.568520 -0.054927 -0.014188
1237640381 -0.253859 -0.134406 -0.005066 0.121527 0.515554 9.792335 0.570357 -0.052596 -0.012410
1257598877 -0.362110 -0.181731 -0.202116 0.027005 0.465721 9.795548 0.591884 -0.047508 -0.002757
1277557373 0.133837 -0.243210 0.260049 -0.047785 0.440869 9.796618 0.583618 -0.044971 0.004878
1297515869 0.473327 -0.567415 0.582575 -0.047785 0.440869 9.796618 0.541682 -0.044971 0.004878
1317474365 0.629819 -0.547911 0.646097 -0.100113 0.424939 9.796927 0.555329 -0.043345 0.010218
1337432861 0.569690 -0.467187 0.857507 -0.117747 0.410041 9.797366 0.550516 -0.041825 0.012018
1357391358 0.284004 -0.411646 0.549530 -0.124613 0.410549 9.797260 0.549847 -0.041877 0.012718
1377349854 0.089077 -0.234480 0.416489 -0.154987 0.426748 9.796135 0.547474 -0.043530 0.015820
1397308350 0.115444 -0.177448 -0.053586 -0.233081 0.460239 9.793071 0.529388 -0.046949 0.023796
1417297363 -0.246324 -0.053322 -0.658158 -0.403386 0.518244 9.784635 0.536260 -0.052871 0.041203
1437255860 -0.858570 -0.000206 -0.441171 -0.626358 0.571559 9.769921 0.533622 -0.058316 0.064023
1457214356 -0.658882 -0.005639 0.209977 -0.742303 0.590416 9.760675 0.553510 -0.060242 0.075904
1477172852 -0.275063 -0.092407 0.195905 -0.692804 0.590982 9.764279 0.554913 -0.060300 0.070834
1497131348 -0.113198 -0.058610 -0.009103 -0.568751 0.586707 9.772547 0.542978 -0.059863 0.058133
