0 -0.296912 0.171840 -0.554502 -0.026633 -0.224781 9.804038 0.667126 0.022923 0.002716
19958496 -0.166555 0.156546 0.096509 -0.004763 -0.229712 9.803959 0.664028 0.023426 0.000486
39916992 -0.218874 0.138637 0.610636 0.056142 -0.234734 9.803680 0.659830 0.023939 -0.005727
59875488 -0.054245 0.190404 0.402496 0.056142 -0.234734 9.803680 0.645112 0.023939 -0.005727
79833985 0.169557 0.377768 -0.214232 0.073484 -0.219403 9.803921 0.640117 0.022375 -0.007495
99792481 0.299096 0.593776 -0.413137 0.074509 -0.215829 9.803991 0.663231 0.022010 -0.007600
119750977 0.124354 0.531142 -0.382121 0.057708 -0.234677 9.803673 0.675755 0.023933 -0.005886
139709473 -0.303926 0.635059 -0.555670 0.057708 -0.234677 9.803673 0.675755 0.023933 -0.005886
159667969 -0.452654 1.059972 -0.103687 0.040642 -0.266890 9.802934 0.659049 0.027219 -0.004146
179656983 -0.186234 1.406289 0.693901 0.021746 -0.308840 9.801762 0.653951 0.031498 -0.002219
199615479 0.255871 1.917962 0.645292 -0.024503 -0.343883 9.800589 0.618033 0.035073 0.002500
219573975 0.644640 2.440027 0.003807 -0.121974 -0.381453 9.798470 0.619474 0.038907 0.012448
239532471 1.314908 3.829764 -0.701204 -0.237997 -0.434355 9.794135 0.604322 0.044306 0.024295
259490967 1.545760 5.070624 -0.081299 -0.357953 -0.531643 9.785684 0.637628 0.054239 0.036563
279449463 1.961466 6.120787 0.676476 -0.541446 -0.695635 9.766951 0.557141 0.070995 0.055380
299407959 0.891627 5.633724 1.696017 -1.032428 -1.101162 9.689785 0.644370 0.112525 0.106148
319366455 -1.138990 4.693080 2.819413 -1.032428 -1.101162 9.689785 0.644370 0.112525 0.106148
339324951 -1.981479 3.870991 2.861581 -1.193766 -1.188767 9.660856 0.645604 0.121519 0.122944
359283447 -2.248727 4.108214 2.469003 -1.245079 -1.155196 9.658451 0.683480 0.118071 0.128204
379272461 -1.768737 4.361614 2.236934 -1.191944 -1.017833 9.680583 0.655724 0.103977 0.122511
399230957 -0.033027 4.901795 1.939124 -1.039056 -0.777645 9.720392 0.640928 0.079381 0.106490
419189453 0.075930 4.154453 1.547926 -0.821011 -0.475527 9.760646 0.637928 0.048509 0.083917
439147949 -0.457854 4.092367 0.998025 -0.628550 -0.155432 9.785252 0.620808 0.015850 0.064146
459106445 -1.441697 3.533213 0.214877 -0.483016 0.163702 9.793379 0.622948 -0.016694 0.049281
479064942 -0.643059 3.318143 0.159553 -0.366382 0.457900 9.789100 0.634428 -0.046710 0.037410
499023438 1.652574 4.047946 -0.652344 -0.231948 0.747891 9.775339 0.621498 -0.076338 0.023723
518981934 2.615361 3.989391 -0.245727 -0.072018 0.998469 9.755422 0.596757 -0.101992 0.007382
538940430 0.686552 2.842978 1.171969 0.089591 1.175627 9.735516 0.611702 -0.120170 -0.009202
558929444 -2.160666 1.744448 1.199328 0.321780 1.381269 9.703553 0.607314 -0.141320 -0.033149
578887940 -0.933293 1.539043 0.399291 0.576465 1.615291 9.655512 0.622102 -0.165468 -0.059632
598846436 -0.070274 1.290367 -0.404173 0.622292 1.723643 9.633908 0.627560 -0.176680 -0.064504
618804932 -0.315183 1.108545 -0.548203 0.521410 1.704456 9.643306 0.623798 -0.174693 -0.054017
638763428 -0.054206 -0.077148 -0.821693 0.526967 1.690376 9.645482 0.624557 -0.173236 -0.054579
658721924 1.627679 -1.453424 0.251597 0.715075 1.703540 9.631043 0.612227 -0.174598 -0.074111
678680420 1.522013 -4.159835 1.460541 0.813762 1.638812 9.634441 0.621000 -0.167900 -0.084264
698638916 -0.714631 -6.817431 1.293639 0.310132 1.225151 9.724876 0.726109 -0.125258 -0.031880
718597412 -1.524755 -7.189402 0.648200 0.310132 1.225151 9.724876 0.649185 -0.125258 -0.031880
738555908 1.430897 -7.225739 -0.386045 0.206445 1.128710 9.739290 0.654545 -0.115352 -0.021194
758544922 2.920168 -7.732373 -1.612614 0.281486 1.103632 9.740285 0.639625 -0.112778 -0.028891
778503418 1.959685 -7.500875 -0.388556 0.353178 1.013510 9.747741 0.649628 -0.103534 -0.036216
798461914 0.661429 -7.551633 1.262579 0.394267 0.878971 9.759219 0.677981 -0.089751 -0.040377
818420410 -0.741705 -7.004254 1.908041 0.432829 0.776736 9.766254 0.702111 -0.079288 -0.044290
838378906 -0.590610 -6.080447 1.207689 0.485035 0.755679 9.765453 0.717955 -0.077134 -0.049628
858337403 -0.032252 -5.268416 -0.259437 0.482228 0.784325 9.763333 0.730097 -0.080064 -0.049352
878295899 -0.742399 -4.705955 -0.435028 0.365271 0.781821 9.768609 0.760142 -0.079808 -0.037375
898254395 -0.963519 -4.304546 -0.507768 0.176391 0.756128 9.775866 0.758442 -0.077180 -0.018042
918212891 -0.948496 -3.534327 -1.724813 0.005802 0.771566 9.776249 0.771057 -0.078759 -0.000593
938201904 -0.361818 -2.980679 -2.135965 -0.118831 0.806455 9.772712 0.757736 -0.082329 0.012159
958160401 -0.079474 -2.334965 -1.682759 -0.197861 0.828327 9.769602 0.760208 -0.084567 0.020250
978118897 0.029666 -1.440089 -1.923701 -0.245670 0.853742 9.766328 0.736858 -0.087168 0.025150
998077393 0.279397 -1.288362 -1.960366 -0.259292 0.879112 9.763724 0.761073 -0.089765 0.026550
1018035889 -0.049488 -1.153321 -1.336212 -0.231568 0.895911 9.762895 0.743805 -0.091485 0.023715
1037994385 0.191270 -1.009083 -0.409022 -0.199697 0.895608 9.763626 0.752393 -0.091454 0.020450
1057952881 0.201629 -0.750880 -0.801214 -0.181910 0.904841 9.763124 0.746078 -0.092400 0.018630
1077911377 0.073505 -0.645850 -1.106935 -0.177985 0.915217 9.762227 0.747588 -0.093462 0.018230
1097869873 0.418396 -0.426231 -0.654499 -0.155262 0.916082 9.762534 0.747121 -0.093551 0.015902
1117828369 0.616080 -0.281033 -0.180949 -0.131433 0.907445 9.763691 0.733606 -0.092666 0.013461
1137817383 0.244918 -0.297172 0.095721 -0.123207 0.891591 9.765259 0.742676 -0.091043 0.012616
1157775879 0.116824 -0.357544 -0.028631 -0.120748 0.883738 9.766003 0.738665 -0.090239 0.012363
1177734375 0.226477 -0.330371 -0.162381 -0.121948 0.881892 9.766155 0.751968 -0.090050 0.012486
1197692871 -0.087323 -0.292513 0.152774 -0.126279 0.873935 9.766815 0.748595 -0.089235 0.012929
1217651367 -0.341901 -0.415391 -0.204958 -0.138111 0.869530 9.767048 0.741846 -0.088784 0.014140
1237609863 -0.574091 -0.460570 -0.413941 -0.132526 0.872804 9.766834 0.746754 -0.089119 0.013568
1257568360 -0.278884 -0.443220 0.040391 -0.106186 0.870292 9.767380 0.747807 -0.088862 0.010871
1277526856 -0.223959 -0.505697 -0.002690 -0.075691 0.867306 9.767930 0.737629 -0.088556 0.007749
1297485352 -0.115910 -0.379645 0.107311 -0.034725 0.867548 9.768139 0.741711 -0.088581 0.003555
1317474365 0.360783 -0.064099 0.074060 0.010596 0.870761 9.767909 0.733562 -0.088910 -0.001085
1337432861 0.622529 0.056033 0.145386 0.055984 0.876016 9.767285 0.711704 -0.089448 -0.005732
1357391358 0.849201 -0.030064 0.667934 0.096019 0.875533 9.767016 0.703221 -0.089399 -0.009831
1377349854 0.917367 0.223922 1.108123 0.103969 0.865523 9.767828 0.718440 -0.088374 -0.010644
1397308350 0.449335 0.196723 0.017111 0.073981 0.874421 9.767307 0.716664 -0.089285 -0.007574
1417266846 -0.193923 -0.097536 -0.606470 0.034363 0.887271 9.766369 0.722171 -0.090600 -0.003518
1437225342 -0.332653 -0.134294 -0.502981 0.021595 0.894519 9.765744 0.734717 -0.091342 -0.002211
1457183838 -0.428885 -0.209638 -0.119735 0.035872 0.897998 9.765383 0.743258 -0.091699 -0.003673
1477142334 -0.283975 -0.206662 0.223686 0.041132 0.891985 9.765913 0.731210 -0.091083 -0.004212
1497131348 -0.043101 -0.045424 -0.005990 0.030269 0.888908 9.766233 0.726767 -0.090768 -0.003099
