0 -0.268593 0.247994 -1.338534 -0.676835 0.135501 9.782327 0.685548 -0.013818 0.069080
19958496 -0.028230 0.140797 0.786249 -0.676835 0.135501 9.782327 0.673210 -0.013818 0.069080
39916992 0.189761 0.187502 1.048284 -0.653495 0.089289 9.784445 0.661884 -0.009105 0.066690
59875488 0.057840 0.273258 -0.191204 -0.641269 0.076032 9.785365 0.657229 -0.007753 0.065440
79833984 0.088638 0.383068 -0.666697 -0.638694 0.062074 9.785633 0.655267 -0.006330 0.065176
99822998 0.095617 0.247881 -0.281705 -0.640985 0.024008 9.785650 0.650272 -0.002448 0.065409
119781494 -0.110585 0.150287 0.325290 -0.648078 -0.027698 9.785173 0.655090 0.002824 0.066134
139739990 0.018208 0.307669 0.705379 -0.652471 -0.073866 9.784642 0.646907 0.007532 0.066585
159698486 0.185185 0.594031 0.301270 -0.656543 -0.101997 9.784116 0.636415 0.010401 0.067003
179656982 0.169079 1.130975 0.053959 -0.596491 -0.135271 9.787558 0.633906 0.013794 0.060869
199615478 0.566740 1.606911 0.306499 -0.596491 -0.135271 9.787558 0.617633 0.013794 0.060869
219573974 1.134557 2.169621 -0.406789 -0.450821 -0.178043 9.794664 0.603376 0.018156 0.045995
239532470 1.786383 2.723439 -0.937804 -0.450821 -0.178043 9.794664 0.611442 0.018156 0.045995
259490967 1.685212 2.314869 0.793530 -0.485292 -0.296548 9.790145 0.596784 0.030244 0.049529
279479980 0.824262 2.263247 0.023509 -0.590139 -0.424507 9.779669 0.611561 0.043301 0.060270
299438476 -0.463894 2.563162 -1.171111 -0.720770 -0.540807 9.765162 0.613965 0.055175 0.073677
319396972 -1.200108 2.557896 0.700659 -0.812450 -0.669121 9.750004 0.617801 0.068284 0.083136
339355469 -1.815699 1.376308 2.350372 -0.875839 -0.759678 9.737873 0.613539 0.077543 0.089700
359313965 -2.306779 1.273355 0.013414 -0.900862 -0.731115 9.737777 0.633141 0.074622 0.092250
379272461 0.073184 3.112961 -0.194552 -0.941291 -0.685498 9.737270 0.623832 0.069958 0.096369
399230957 1.879944 4.096754 0.619649 -0.960803 -0.667322 9.736628 0.594851 0.068100 0.098361
419189453 1.098586 3.786380 1.130709 -0.899892 -0.626262 9.745172 0.596808 0.063904 0.092081
439147949 -0.063066 2.508390 0.939655 -0.817160 -0.554943 9.756776 0.617627 0.056619 0.083558
459106445 -0.883252 2.181371 0.111135 -0.799575 -0.488132 9.761803 0.615791 0.049796 0.081726
479095459 -0.788009 2.772162 -0.928762 -0.836517 -0.429197 9.761477 0.600376 0.043780 0.085487
499053955 1.292197 3.839068 -0.543111 -0.802839 -0.359292 9.767126 0.587316 0.036646 0.082014
519012451 2.310375 4.242423 2.000596 -0.627702 -0.276975 9.782620 0.584365 0.028247 0.064077
538970947 0.373047 3.297151 2.403475 -0.424090 -0.148457 9.796350 0.591829 0.015139 0.043264
558929443 -1.781982 2.506189 0.190158 -0.200312 0.203932 9.802484 0.574253 -0.020797 0.020432
578887939 -1.224301 2.587323 -1.239345 -0.173912 0.276148 9.801219 0.587441 -0.028163 0.017742
598846435 0.381225 3.354255 0.257424 -0.173912 0.276148 9.801219 0.583523 -0.028163 0.017742
618804931 0.067429 2.940190 3.284225 -0.132211 0.289681 9.801479 0.599374 -0.029544 0.013488
638763428 -2.596009 1.628650 2.542960 0.004386 0.406130 9.798236 0.615941 -0.041426 -0.000448
658752441 -3.085953 1.071886 1.236677 0.201165 0.629452 9.784360 0.621580 -0.064230 -0.020557
678710937 -0.277161 1.627817 0.084089 0.350428 0.854561 9.763058 0.618146 -0.087252 -0.035878
698669433 2.112350 1.897449 -0.152796 0.452534 1.035218 9.741351 0.605605 -0.105760 -0.046422
718627929 1.447946 2.109312 -0.093238 0.481020 1.138566 9.728447 0.604880 -0.116364 -0.049404
738586426 0.006115 0.942197 -0.164741 0.384407 1.161120 9.730079 0.609869 -0.118680 -0.039487
758544922 -0.403628 0.289564 0.559855 0.284806 1.150363 9.734780 0.605411 -0.117575 -0.029248
778503418 1.506148 -0.776278 0.398726 0.349406 1.208632 9.725612 0.620520 -0.123560 -0.035911
798461914 1.023450 -1.934826 0.060068 0.426392 1.249344 9.717392 0.611834 -0.127745 -0.043851
818420410 0.879156 -2.784159 0.240125 0.454100 1.244430 9.716767 0.628066 -0.127240 -0.046700
838378906 4.251995 -3.305333 -0.854319 0.434138 1.208022 9.722273 0.644814 -0.123498 -0.044624
858367920 3.642814 -5.482548 -2.397717 0.434138 1.208022 9.722273 0.630890 -0.123498 -0.044624
878326416 0.249881 -7.163596 -1.517275 0.263864 1.041120 9.747657 0.666297 -0.106365 -0.027063
898284912 -1.260621 -7.477509 -0.223198 0.214302 0.889564 9.763869 0.697031 -0.090835 -0.021945
918243408 0.292475 -7.649591 1.288602 0.326592 0.816091 9.767176 0.732380 -0.083314 -0.033425
938201904 -0.392128 -7.420821 0.862568 0.391767 0.753344 9.769820 0.745278 -0.076895 -0.040078
958160400 -1.508579 -6.534568 0.770127 0.367659 0.658645 9.777597 0.786171 -0.067214 -0.037585
978118896 -0.115561 -5.194644 1.385264 0.373127 0.581659 9.782270 0.809649 -0.059348 -0.038125
998077392 0.911495 -3.926014 0.656407 0.445007 0.577381 9.779519 0.813425 -0.058911 -0.045473
1018035888 0.387333 -3.466030 0.448918 0.466456 0.582330 9.778226 0.807894 -0.059416 -0.047667
1038024902 -0.834634 -3.693154 0.342929 0.382641 0.558074 9.783278 0.829431 -0.056938 -0.039092
1057983398 -1.357416 -3.495240 -0.463278 0.254588 0.545772 9.788141 0.855198 -0.055682 -0.026004
1077941894 -0.573817 -2.854453 -0.832841 0.159965 0.573043 9.788587 0.837814 -0.058467 -0.016341
1097900390 0.276217 -2.224471 -2.111180 0.113938 0.641122 9.785007 0.854973 -0.065423 -0.011644
1117858887 0.155743 -1.755252 -2.242624 0.087659 0.691818 9.781825 0.852806 -0.070604 -0.008961
1137817383 0.283141 -1.518012 -0.791760 0.083740 0.697484 9.781457 0.866804 -0.071184 -0.008561
1157775879 0.574139 -0.921952 -0.314479 0.095248 0.699993 9.781172 0.854462 -0.071440 -0.009738
1177734375 0.407676 -0.946967 -0.182356 0.105949 0.717006 9.779829 0.850557 -0.073180 -0.010833
1197692871 0.561295 -0.853789 -0.360662 0.114433 0.737350 9.778220 0.823584 -0.075260 -0.011702
1217651367 0.702424 -0.527486 -0.306178 0.133249 0.754497 9.776675 0.851599 -0.077013 -0.013628
1237640381 0.613691 -0.718273 0.371056 0.145394 0.753930 9.776546 0.848593 -0.076955 -0.014871
1257598877 -0.027299 -0.862900 0.517295 0.123929 0.743464 9.777642 0.831097 -0.075885 -0.012674
1277557373 -0.501892 -1.057346 -0.108283 0.089685 0.749057 9.777590 0.842834 -0.076457 -0.009172
1297515869 -0.494068 -1.022688 -0.330715 0.034442 0.770261 9.776293 0.857212 -0.078626 -0.003523
1317474365 -0.248104 -0.944692 -0.070805 0.034442 0.770261 9.776293 0.831386 -0.078626 -0.003523
1337432861 -0.210738 -0.741203 -0.570233 -0.004757 0.781203 9.775483 0.843089 -0.079745 0.000487
1357391357 -0.574086 -0.693506 -0.715160 -0.004757 0.781203 9.775483 0.850254 -0.079745 0.000487
1377349853 -0.355773 -0.677386 0.084701 0.044637 0.779920 9.775486 0.853721 -0.079614 -0.004566
1397308349 0.239732 -0.358910 0.633821 0.071676 0.796429 9.773993 0.842438 -0.081303 -0.007333
1417266845 0.501804 -0.132810 0.355846 0.071676 0.796429 9.773993 0.842611 -0.081303 -0.007333
1437255859 0.212736 -0.216336 0.465010 0.072961 0.814426 9.772500 0.834725 -0.083144 -0.007466
1457214355 0.369705 -0.381034 0.574990 0.055523 0.830763 9.771239 0.828992 -0.084816 -0.005682
1477172851 0.487154 -0.315426 0.013144 0.042164 0.861199 9.768672 0.829201 -0.087931 -0.004316
1497131347 0.114058 -0.207498 -0.384163 0.034842 0.896207 9.765551 0.825937 -0.091515 -0.003568
