0 -0.166617 0.106854 -0.492529 0.330262 -0.015273 9.801075 0.795278 0.001557 -0.033684
19958496 -0.231466 -0.029863 -0.252408 0.316147 -0.025537 9.801519 0.795401 0.002604 -0.032244
39916992 -0.292430 -0.014418 0.096429 0.294779 -0.042111 9.802129 0.805262 0.004294 -0.030064
59875488 -0.290877 -0.004948 0.453142 0.283853 -0.052800 9.802399 0.776899 0.005384 -0.028949
79833984 -0.318325 -0.072451 0.350783 0.277438 -0.052691 9.802583 0.791935 0.005373 -0.028295
99792481 -0.181369 -0.018026 -0.160442 0.276101 -0.042612 9.802670 0.790631 0.004345 -0.028158
119750977 -0.030829 -0.049408 -0.221479 0.287643 -0.034760 9.802369 0.787307 0.003545 -0.029336
139709473 0.205732 0.025139 -0.220566 0.290374 -0.036912 9.802280 0.794393 0.003764 -0.029614
159667969 0.307290 0.083165 -0.391106 0.283664 -0.044442 9.802446 0.769207 0.004532 -0.028930
179626465 0.091871 0.023813 -0.260381 0.277906 -0.059440 9.802531 0.789565 0.006061 -0.028343
199615479 -0.085736 0.127896 -0.096785 0.277891 -0.081586 9.802372 0.765443 0.008320 -0.028342
219573975 -0.114094 0.228714 -0.005514 0.278345 -0.109164 9.802091 0.769715 0.011132 -0.028389
239532471 -0.105343 0.449588 -0.190822 0.273161 -0.138271 9.801870 0.778439 0.014100 -0.027861
259490967 -0.075613 0.561414 -0.074701 0.269214 -0.172542 9.801435 0.756640 0.017595 -0.027460
279449463 0.179109 0.652249 0.155300 0.268225 -0.212713 9.800673 0.763572 0.021692 -0.027361
299407959 0.449003 0.829236 -0.130126 0.265525 -0.294107 9.798641 0.762785 0.029995 -0.027092
319366455 -0.262274 0.743609 -0.013667 0.265525 -0.294107 9.798641 0.766513 0.029995 -0.027092
339324951 -0.353014 1.321806 0.279033 0.248913 -0.347572 9.797326 0.759979 0.035450 -0.025401
359283447 -0.217405 1.834129 0.870421 0.229412 -0.404008 9.795638 0.748414 0.041209 -0.023416
379272461 0.151952 2.074507 0.783052 0.194144 -0.456668 9.794087 0.754365 0.046584 -0.019820
399230957 -1.396984 2.388874 0.421576 0.154994 -0.515111 9.791886 0.742453 0.052551 -0.015827
419189453 -2.440920 3.745812 0.412129 0.094826 -0.595016 9.788123 0.722875 0.060712 -0.009688
439147949 -1.834497 5.888395 0.078404 0.003629 -0.688056 9.782482 0.723684 0.070220 -0.000371
459106445 1.115276 8.947834 0.085876 -0.100328 -0.800844 9.773380 0.699554 0.081754 0.010265
479064942 2.318040 11.094032 1.173257 -0.110096 -0.896917 9.764928 0.688124 0.091588 0.011274
499023438 0.981324 11.448582 1.901774 -0.019677 -0.960357 9.759494 0.695434 0.098086 0.002016
518981934 -1.290225 11.535754 4.185697 0.086763 -1.041914 9.750757 0.673154 0.106447 -0.008898
538940430 -3.400629 11.237705 6.462719 0.136458 -1.118150 9.741740 0.682410 0.114268 -0.014007
558929443 -2.018133 11.751752 8.193157 0.101334 -1.114089 9.742635 0.681354 0.113851 -0.010401
578887940 3.431245 14.355862 8.645975 0.164287 -0.906798 9.763254 0.686872 0.092600 -0.016826
598846436 1.106949 13.061995 6.949641 0.301157 -0.527266 9.787833 0.681725 0.053792 -0.030759
618804932 -4.990011 9.767771 3.423154 0.420294 -0.046558 9.797529 0.678880 0.004748 -0.042872
638763428 -7.597041 5.905252 0.620420 0.729748 0.896007 9.738327 0.623128 -0.091495 -0.074796
658721924 -5.380376 0.179847 -1.365097 0.622043 1.046491 9.730792 0.656310 -0.106916 -0.063838
678680420 -1.955084 -5.296467 1.256230 0.431325 1.176894 9.726215 0.640621 -0.120300 -0.044318
698638916 3.098449 -10.182480 0.675239 0.431325 1.176894 9.726215 0.596619 -0.120300 -0.044318
718597412 8.799319 -14.966606 -4.881714 0.524288 1.543132 9.670277 0.553495 -0.158012 -0.054163
738555908 8.754862 -17.273756 -6.187218 0.665812 1.800519 9.616923 0.485842 -0.184649 -0.069123
758544922 8.815253 -17.635496 0.657207 0.646232 1.664575 9.642716 0.472057 -0.170565 -0.066918
778503418 7.397812 -15.003234 4.407353 0.748649 1.439507 9.671491 0.509427 -0.147321 -0.077254
798461914 0.211766 -13.749896 2.610890 0.947547 1.357801 9.665864 0.556129 -0.138903 -0.097718
818420410 -6.360609 -14.368767 0.897517 0.883960 1.249022 9.686534 0.602732 -0.127712 -0.091004
838378906 -8.158303 -12.844606 0.001261 0.103674 0.850049 9.769189 0.763887 -0.086790 -0.010612
858337402 -6.064119 -8.975354 -1.065505 0.103674 0.850049 9.769189 0.710255 -0.086790 -0.010612
878295899 -2.897199 -6.078227 -2.011969 -0.164875 0.750419 9.776506 0.728753 -0.076596 0.016863
898254395 -1.275794 -4.635198 -1.318020 -0.300521 0.698676 9.777112 0.764729 -0.071305 0.030728
918212891 -0.069427 -3.666634 -1.273830 -0.327569 0.702321 9.775982 0.762209 -0.071678 0.033495
938201904 0.037531 -2.701774 -2.097467 -0.332300 0.739812 9.773056 0.771207 -0.075512 0.033989
958160401 -0.141262 -2.328417 -2.037199 -0.372605 0.757448 9.770252 0.763416 -0.077315 0.038118
978118897 -0.015808 -1.842935 -1.916751 -0.385773 0.768028 9.768915 0.776225 -0.078397 0.039469
998077393 -0.039435 -1.064183 -1.937579 -0.358353 0.781381 9.768901 0.783366 -0.079763 0.036667
1018035889 -0.186003 -0.978643 -0.900553 -0.311017 0.774335 9.771083 0.780571 -0.079042 0.031820
1037994385 0.263879 -0.952792 -0.482829 -0.231380 0.775381 9.773211 0.761651 -0.079149 0.023671
1057952881 0.731292 -0.669053 0.533388 -0.125472 0.778496 9.774896 0.761445 -0.079468 0.012835
1077911377 0.311929 -0.688089 0.634329 -0.115975 0.743106 9.777768 0.769041 -0.075848 0.011861
1097869873 -0.348510 -0.994055 0.402740 -0.115975 0.743106 9.777768 0.749328 -0.075848 0.011861
1117858887 -0.741437 -0.661176 -0.642333 -0.164339 0.732875 9.777846 0.768803 -0.074802 0.016806
1137817383 -0.525736 -0.722680 -0.153331 -0.164123 0.735449 9.777656 0.771753 -0.075065 0.016784
1157775879 0.533316 -0.011439 0.391214 -0.140334 0.734786 9.778077 0.763148 -0.074998 0.014351
1177734375 1.061272 0.237714 0.170063 -0.118331 0.746264 9.777497 0.757091 -0.076171 0.012102
1197692871 0.967845 0.275768 0.369444 -0.154276 0.741562 9.777355 0.757403 -0.075691 0.015778
1217651367 0.860292 0.473381 -0.070279 -0.190481 0.740299 9.776813 0.759411 -0.075561 0.019480
1237609863 0.118186 -0.049293 -0.689653 -0.190481 0.740299 9.776813 0.736933 -0.075561 0.019480
1257568359 -0.719195 -0.392113 -0.691762 -0.205068 0.731683 9.777165 0.753018 -0.074680 0.020971
1277526856 -0.631161 -0.185978 -0.408522 -0.186509 0.725195 9.778021 0.755107 -0.074017 0.019072
1297485352 -0.004821 -0.040301 0.397682 -0.134549 0.703709 9.780444 0.772491 -0.071820 0.013756
1317474365 0.164475 0.125906 0.662189 -0.134549 0.703709 9.780444 0.759677 -0.071820 0.013756
1337432861 -0.029353 0.168155 0.306423 -0.181923 0.691176 9.780571 0.751055 -0.070539 0.018598
1357391358 -0.303395 0.104613 -0.276449 -0.181923 0.691176 9.780571 0.759531 -0.070539 0.018598
1377349854 -0.287241 0.011556 -0.194533 -0.139401 0.694719 9.781018 0.769827 -0.070901 0.014251
1397308350 -0.348547 -0.246248 0.373060 -0.139401 0.694719 9.781018 0.777069 -0.070901 0.014251
1417266846 -0.275524 -0.254568 0.747994 -0.111502 0.693832 9.781439 0.776981 -0.070810 0.011399
1437225342 0.269855 0.073948 0.406893 -0.117468 0.697111 9.781136 0.755321 -0.071146 0.012009
1457183838 0.571752 0.248774 0.182423 -0.150552 0.703657 9.780214 0.752009 -0.071815 0.015392
1477142334 0.353759 0.238029 -0.245669 -0.189167 0.715530 9.778683 0.749931 -0.073029 0.019342
1497131348 -0.062799 0.033127 -0.610309 -0.215469 0.731195 9.776979 0.758428 -0.074630 0.022035
