0 -0.263367 1.752548 9.763550 1.512025 -0.177544 0.026968
39794922 -0.555450 2.149994 8.556885 1.380509 -0.245667 0.064822
79864502 -0.498001 2.935287 9.567230 1.266424 -0.297310 0.052006
119934082 -0.201111 4.769257 7.972687 0.744638 -0.538954 0.025220
159759522 -0.766144 6.895294 8.006210 0.690817 -0.708732 0.095403
199859619 -0.976837 7.417236 9.457092 0.737207 -0.662522 0.102926
239685059 1.790863 9.811432 10.046066 0.257446 -0.765766 -0.176412
279846192 2.159576 8.494629 13.589493 0.398624 -0.553073 -0.157597
319702149 -4.218582 7.096420 7.029373 1.183078 -0.713493 0.540520
359558106 0.143646 7.771576 11.008545 0.669139 -0.614674 -0.013048
399749756 2.825165 3.270477 10.371689 0.541523 -0.295344 -0.265940
439605713 1.790863 -3.811569 9.050079 2.727160 0.391793 -0.195360
479736328 2.930496 -10.079590 12.449844 2.905612 0.667429 -0.231176
519836426 2.537857 -11.008545 11.089935 2.926560 0.768957 -0.224969
559753418 -2.499542 -8.667007 9.476257 2.326872 0.724104 0.257895
599914551 -2.777267 -6.976700 12.737152 2.221471 0.491386 0.214684
639739991 -0.876282 -3.524261 9.888046 2.211998 0.341144 0.088389
679809571 0.632065 -1.747772 7.766785 2.272672 0.220639 -0.081202
719909668 0.105347 -1.058243 8.145081 1.969133 0.129190 -0.012933
759796143 0.378281 -0.378281 8.537720 1.827334 0.044235 -0.044278
799957276 1.259354 0.598557 8.944733 1.575483 -0.066167 -0.139873
839782715 0.512360 0.110138 8.959106 1.706836 -0.012273 -0.057126
879882813 -0.076614 -0.062256 9.624695 1.726547 0.006468 0.007960
919982910 -0.119705 -0.320816 10.405197 1.812455 0.030820 0.011504
959808350 0.105347 0.071823 9.921570 1.747545 -0.007239 -0.010618
999969483 0.541092 0.354340 10.017334 1.700047 -0.035306 -0.053963
1039794922 0.263367 0.277725 9.323029 1.705653 -0.029768 -0.028242
1079895020 0.569824 0.363922 10.151413 1.699510 -0.035778 -0.056074
1119964600 1.058243 0.651230 9.749191 1.655693 -0.066311 -0.108123
1159790039 1.120483 0.972046 9.476257 1.558674 -0.101517 -0.117695
1199951172 0.430954 0.517151 9.581589 1.675340 -0.053867 -0.044947
1239776612 0.555450 0.608124 9.514557 1.654864 -0.063720 -0.058313
1279876709 0.512360 0.469269 9.600754 1.688584 -0.048770 -0.053316
1320007324 -0.004791 0.220261 10.261551 1.767374 -0.021461 0.000467
1359893799 -0.301666 -0.148438 10.146622 1.821664 0.014622 0.029722
1400054932 1.216248 0.038315 10.160995 1.872497 -0.003744 -0.119131
1439849854 -0.110138 0.110138 9.907211 1.783041 -0.011116 0.011116
1479949951 1.149216 -0.229843 10.409988 1.928158 0.021942 -0.109950
