0 -0.349548 0.809235 8.978256 1.680021 -0.089822 0.038913
39794922 0.387863 1.072601 10.050858 1.651617 -0.106237 -0.038571
79895020 -0.478836 0.459686 10.137054 1.767925 -0.045266 0.047201
119964600 -0.651230 0.684738 9.476257 1.710496 -0.071964 0.068614
159973145 -0.967255 1.910568 9.145844 1.468313 -0.204828 0.105367
200012207 -0.162811 4.821930 9.131485 0.810688 -0.485774 0.017828
239807129 0.105347 6.617569 10.558426 0.696222 -0.559839 -0.009977
279907227 -2.944870 6.641510 11.113892 1.048394 -0.523825 0.259020
319976807 -0.837967 7.876923 12.986145 0.812959 -0.544311 0.064438
359985352 1.412582 14.374786 9.835388 0.309887 -0.965979 -0.142647
400024414 -7.503433 10.137054 10.500977 1.346050 -0.665797 0.620422
439819336 1.671158 3.428497 13.144165 1.183105 -0.253202 -0.126462
480194092 7.551315 -4.582504 8.997406 -2.689282 0.371963 -0.698236
520294190 5.300766 -12.751526 11.923126 3.060866 0.773894 -0.418336
560302735 6.694183 -10.989380 14.140152 3.083144 0.612359 -0.442156
600280762 4.831497 -6.066910 9.859329 2.921523 0.504811 -0.455650
640045166 -4.228165 -6.440399 9.897629 2.014537 0.539233 0.403724
680175782 -2.901779 -5.573700 10.280701 2.077206 0.480908 0.275099
720214844 0.608124 -3.399765 8.628708 2.302251 0.374485 -0.070360
760192871 0.876282 -1.010361 6.325485 2.135182 0.156917 -0.137656
800231934 0.804459 0.158020 6.622360 1.976802 -0.023683 -0.120884
839996338 1.723831 1.675934 7.867340 1.456297 -0.205160 -0.215703
880126953 2.260132 1.853119 9.591171 1.524158 -0.185889 -0.231425
920227051 1.379059 1.264145 9.691727 1.718551 -0.128424 -0.141344
960266114 0.723053 0.751785 10.620682 1.832686 -0.070504 -0.067975
1000335694 0.124496 0.220261 10.764328 1.889413 -0.020458 -0.011565
1040100098 0.210693 0.981628 9.303864 1.739451 -0.105092 -0.022642
1080230713 1.000778 1.335968 10.084381 1.699284 -0.131075 -0.098917
1120300293 1.206680 1.474823 9.251190 1.638098 -0.156783 -0.129703
1160339356 1.532288 1.929733 8.657440 1.459549 -0.216061 -0.175177
1200408936 1.024719 1.503555 9.064453 1.632260 -0.163355 -0.112570
1240173340 0.598557 1.431732 8.820236 1.639289 -0.160557 -0.067758
1280273438 0.675171 1.479614 9.131485 1.640110 -0.160208 -0.073804
1320343018 0.809235 1.201889 10.520126 1.750420 -0.113421 -0.076771
1360351563 0.311249 1.077393 9.543289 1.740770 -0.112360 -0.032603
1400360108 0.316040 1.144424 9.787491 1.752658 -0.116339 -0.032279
1440124512 0.215485 0.837967 9.931152 1.814914 -0.084159 -0.021694
