0 0.119705 1.556229 8.963898 1.633138 -0.171882 -0.013353
40039063 0.306458 1.901001 9.725250 1.581393 -0.192943 -0.031501
79803467 -0.215485 2.403778 9.390060 1.468866 -0.250547 0.022944
119873047 0.416595 3.495529 9.385269 1.187922 -0.356210 -0.044359
159912110 0.225052 4.414902 9.471466 0.941464 -0.436075 -0.023757
200012207 0.957687 5.415680 8.777145 0.633818 -0.550200 -0.108682
240051270 1.474823 5.358231 10.558426 0.685395 -0.465729 -0.138784
279815674 -0.349548 5.042191 12.258316 1.092419 -0.390091 0.028507
319885254 1.470047 5.425262 10.065231 0.637468 -0.489972 -0.145027
359985352 2.767700 6.502655 11.161774 0.687219 -0.514634 -0.243060
400024414 0.105347 4.807556 7.201752 0.959457 -0.588567 -0.014627
440124512 0.234634 6.009445 8.418015 0.903613 -0.619797 -0.027866
479888916 -1.292862 3.466797 9.074020 1.421627 -0.361606 0.141527
519989014 -2.207458 1.824387 10.520126 1.695424 -0.168120 0.206831
560028076 2.308014 0.311249 9.289505 2.303416 -0.032505 -0.243523
600128174 5.817917 -3.438080 10.400406 -3.028599 0.280874 -0.510026
640136719 4.271255 -7.029373 14.561539 2.873956 0.433792 -0.285321
679901123 -0.780502 -6.775589 12.210434 2.462261 0.505734 0.063834
719970703 0.435745 -5.133163 9.500198 2.578618 0.494943 -0.045835
760009766 -1.149216 -2.887405 6.574478 2.293990 0.408311 0.173051
800140381 -1.781281 -2.097321 8.504211 2.142399 0.236852 0.206474
840209961 0.143646 -0.660797 8.729263 2.159963 0.075545 -0.016454
879974365 1.623276 1.091751 7.412445 1.882678 -0.142896 -0.215590
920074463 1.537079 1.091751 9.198517 1.920274 -0.116534 -0.165571
960083008 1.063019 1.197098 8.355759 2.017947 -0.141175 -0.126540
999969483 0.536301 1.173157 9.399643 1.997476 -0.123967 -0.056994
1040069580 0.335190 0.972046 9.552872 2.021556 -0.101343 -0.035073
1079833985 0.086197 1.197098 9.777924 1.970806 -0.121818 -0.008815
1119903565 0.636856 1.455673 10.371689 1.972247 -0.139181 -0.061326
1159942627 0.943314 1.647217 10.089172 1.910654 -0.161147 -0.093227
1199859619 0.689529 1.484406 9.572021 1.914423 -0.153461 -0.071912
1239959717 0.450104 1.182739 9.969452 1.967847 -0.117965 -0.045118
1279754639 0.430954 1.240204 9.658203 1.949440 -0.127585 -0.044591
1319824219 0.579391 1.297653 9.801865 1.951247 -0.131396 -0.059042
1359893799 0.756561 1.493988 9.528931 1.909108 -0.155038 -0.079230
1399810791 0.742203 1.561020 9.701309 1.898500 -0.159084 -0.076357
1439941406 0.574615 1.355118 9.548080 1.927767 -0.140733 -0.060109
1479736328 0.191544 1.297653 9.198517 1.906852 -0.140117 -0.020820
