0 -0.536301 1.106125 10.481812 1.749559 -0.105003 0.051120
39794922 -0.560242 1.302444 8.853760 1.662163 -0.145771 0.063193
79895019 0.244202 1.632843 9.835388 1.618841 -0.164467 -0.024824
119964599 0.090973 1.671158 9.150635 1.528638 -0.180628 -0.009941
159912109 -0.847549 1.656784 9.179367 1.559392 -0.177827 0.092071
200012207 -0.584183 2.743759 9.457092 1.332824 -0.281866 0.061694
239807129 1.192307 4.252106 9.466675 0.776965 -0.419226 -0.125288
279876709 0.043091 4.707001 10.084381 0.961922 -0.436702 -0.004273
319915771 -0.517151 5.837067 9.342178 0.766467 -0.557774 0.055300
359924316 1.771713 7.034164 11.688492 0.429399 -0.536739 -0.150432
400054931 -0.679947 6.526596 10.457870 0.781119 -0.556994 0.064926
439849853 0.694321 5.856216 8.044525 0.479563 -0.627491 -0.086096
479919433 -0.474045 6.200989 11.396408 0.813895 -0.497953 0.041572
519989013 -2.274490 5.583282 10.587158 1.274711 -0.476049 0.211618
559997558 0.134079 1.115692 6.090851 1.612032 -0.181124 -0.022010
600097656 5.612015 -3.299210 10.180145 -3.070153 0.276542 -0.503818
639892578 9.782715 -6.770798 12.009323 -2.781967 0.412092 -0.683576
680053711 3.251328 -9.600754 13.977356 2.806770 0.589628 -0.228550
720092773 0.268158 -7.848190 12.018890 2.456132 0.578359 -0.022308
759979248 -0.804459 -4.702209 8.729263 2.291644 0.492341 0.091897
800018310 -2.308014 -3.347092 6.014236 2.063978 0.479190 0.366427
839813232 -2.025497 -2.236191 9.442734 2.006404 0.227539 0.211301
879913330 0.090973 -0.545883 7.536942 1.980886 0.072296 -0.012070
920043945 1.527496 0.756561 8.513779 2.222934 -0.087245 -0.177526
959930420 0.790085 0.919373 9.835388 2.074015 -0.092908 -0.080159
1000061035 0.727844 0.766144 9.485825 2.096314 -0.080357 -0.076580
1039855957 0.440536 0.948105 9.006989 2.018742 -0.104753 -0.048872
1079925537 0.205902 0.574615 11.080368 2.091095 -0.051804 -0.018580
1119995117 -0.775726 -0.076614 11.061218 2.052311 0.006909 0.070016
1159912109 -0.215485 0.617706 9.907211 1.978207 -0.062254 0.021747
1200042724 0.852341 0.995987 10.395630 1.995400 -0.095199 -0.081807
1239837646 0.536301 1.048660 9.208099 1.934273 -0.113206 -0.058177
1279937744 0.483627 0.976837 9.672577 1.956172 -0.100524 -0.049958
1320007324 0.938522 1.216248 9.370911 1.907334 -0.128433 -0.099820
1360046386 0.272934 1.015137 9.610321 1.911380 -0.105197 -0.028392
1400085449 0.191544 0.780502 9.892838 1.961033 -0.078718 -0.019359
1439910888 0.095764 0.689529 10.500977 1.979465 -0.065567 -0.009119
1479980469 0.158020 0.871490 9.543289 1.933513 -0.091055 -0.016557
