0 -0.067032 0.905014 10.031708 2.225203 -0.089970 0.006682
39947510 0.790085 1.192307 9.562439 2.296096 -0.123629 -0.082437
79925537 0.545883 1.498764 9.370911 2.130519 -0.158331 -0.058187
119689942 0.062256 1.704666 9.074020 1.997480 -0.185694 -0.006861
159729004 0.287308 2.437302 10.046066 1.869671 -0.237920 -0.028591
199737549 -0.019150 2.566589 9.457092 1.774200 -0.265009 0.002025
239715576 -0.435745 2.537857 9.356537 1.763624 -0.264593 0.046538
279754639 -0.311249 3.457230 9.825806 1.392223 -0.338167 0.031666
319519043 -1.168365 3.888184 9.859329 1.371190 -0.373266 0.117953
359588623 -1.786072 4.788406 9.979034 1.281748 -0.441276 0.177107
399688721 -2.389420 5.607224 10.491394 1.256842 -0.480397 0.223931
439727783 -1.977615 6.995865 11.607086 1.105782 -0.536115 0.168759
479736328 -0.952896 8.432373 10.395630 0.804661 -0.679455 0.091408
519744873 -1.034302 10.668564 9.303864 0.662400 -0.850578 0.110714
559814453 -4.381393 9.150635 9.016571 1.173303 -0.739846 0.452326
600036621 4.874588 6.358994 6.038177 -0.800980 -0.686479 -0.679173
640014649 7.374146 -4.189850 9.006989 -2.558639 0.345497 -0.686048
679992676 3.332733 -14.963760 14.149734 2.910288 0.799866 -0.231317
719940186 5.123596 -14.302963 11.731583 3.102136 0.840733 -0.411768
759979248 -0.541092 -11.927917 12.832916 2.624347 0.748422 0.042139
799713135 -4.271255 -8.015793 9.773132 2.272993 0.644490 0.412025
839752197 0.488419 -3.720596 7.594406 2.642158 0.454730 -0.064224
879760742 2.197876 -1.920151 7.642288 2.741120 0.236931 -0.280037
919525147 0.134079 -1.728607 8.523361 2.359159 0.200070 -0.015729
959655762 0.272934 -1.656784 8.844177 2.362055 0.185098 -0.030851
999755859 1.862686 -0.349548 8.657440 2.439093 0.039452 -0.211924
1039764404 2.322372 -0.124496 9.495407 2.449370 0.012735 -0.239870
1079833984 2.317581 -0.004791 9.572021 2.436532 0.000486 -0.237549
1119842529 1.790863 0.177170 9.102753 2.324909 -0.019095 -0.194258
1159912109 1.575378 0.023941 9.667786 2.302335 -0.002444 -0.161532
1199951172 1.829163 -0.201111 10.836151 2.343965 0.018298 -0.167225
1239929199 2.240967 0.100555 10.060440 2.384565 -0.009756 -0.219172
1279998779 1.766922 0.009583 9.495407 2.258988 -0.000992 -0.183978
1319976807 2.202667 -0.028732 10.189728 2.309249 0.002756 -0.212890
1360015869 2.375046 0.114929 9.734818 2.327739 -0.011469 -0.239299
1400054932 1.833954 0.052673 9.744400 2.254359 -0.005312 -0.186030
1440002442 1.134857 -0.550659 9.739609 2.258949 0.056099 -0.115997
1480010986 1.546661 -0.153229 9.792282 2.218122 0.015455 -0.156653
