0 0.215485 1.719040 9.308655 2.285910 -0.182566 -0.023145
40069580 -0.162811 1.661575 9.471466 2.245849 -0.173637 0.017188
80169677 0.215485 1.891418 10.165787 2.277601 -0.183913 -0.021194
120056152 0.469269 2.719818 8.188171 1.920588 -0.320208 -0.057248
160186767 0.062256 3.284851 8.379700 1.689218 -0.373582 -0.007429
200012207 -0.205902 3.849884 8.135498 1.463506 -0.441872 0.025304
240081787 -0.301666 4.865021 8.753204 1.270258 -0.507032 0.034450
280212402 -0.158020 4.764465 10.754761 1.232269 -0.416986 0.014692
320037842 -1.575378 4.544189 8.441956 1.262405 -0.486696 0.184491
360229492 0.095764 5.363007 12.004532 1.187735 -0.420135 -0.007977
400054931 -0.780502 4.357452 11.607086 1.465023 -0.358391 0.067143
440185547 -0.148438 4.951202 8.834610 0.976928 -0.510757 0.016800
480316162 1.561020 4.525040 11.650192 1.460324 -0.367481 -0.133198
520233154 -1.005569 2.365479 6.445190 1.624117 -0.347880 0.154771
560363769 3.404556 1.091751 8.379700 2.957694 -0.120122 -0.385914
600189209 2.054230 -2.791641 11.750748 2.712895 0.229885 -0.173068
640289306 0.670380 -6.550537 11.678909 2.693044 0.510461 -0.057338
680358886 2.916138 -7.618347 12.105087 2.873184 0.549085 -0.236398
720275879 0.756561 -7.599197 13.369217 2.645989 0.516181 -0.056530
760406494 -0.881073 -6.382935 12.665329 2.486518 0.465848 0.069454
800231933 -0.651230 -4.343079 10.055649 2.460263 0.406943 0.064672
840332031 -0.780502 -3.112457 8.609543 2.396873 0.345587 0.090408
880401611 0.100555 -2.020706 8.633499 2.480161 0.229900 -0.011647
920318603 0.205902 -0.952896 7.728485 2.400273 0.122634 -0.026636
960388183 0.402222 -0.569824 8.781937 2.358261 0.064727 -0.045769
1000213623 0.828400 0.110138 8.097183 2.325862 -0.013531 -0.101952
1040313720 1.388641 0.450104 9.509766 2.338187 -0.046800 -0.144998
1080444336 1.110916 0.536301 9.078812 2.392581 -0.058567 -0.121758
1120361328 0.928955 0.344772 10.156204 2.381362 -0.033793 -0.091213
1160491943 0.794876 0.296875 9.883270 2.370006 -0.029933 -0.080254
1200317383 0.440536 0.158020 9.409210 2.340442 -0.016774 -0.046786
1240417480 0.641647 0.162811 10.218460 2.364550 -0.015900 -0.062711
1280487060 1.139633 0.469269 10.247177 2.361676 -0.045483 -0.110759
1320404052 0.895432 0.756561 9.873688 2.275832 -0.076163 -0.090441
1360534668 0.186752 0.478836 9.892838 2.228984 -0.048356 -0.018875
1400329590 0.292099 0.627274 9.974243 2.217914 -0.062780 -0.029277
1440429687 0.847549 0.871490 9.983826 2.247610 -0.086759 -0.084689
