0 -0.177170 1.149216 9.437943 2.239962 -0.121148 0.018770
40039063 0.172379 1.599319 9.452316 2.191131 -0.167584 -0.018235
79833985 -0.033524 1.709457 8.772354 2.100253 -0.192455 0.003821
119903565 0.210693 2.169144 8.992615 2.011823 -0.236630 -0.023425
159698487 -0.186752 2.839523 9.126694 1.780052 -0.301570 0.020459
199768067 -0.445328 3.691864 9.476257 1.570547 -0.371128 0.046960
239868164 0.181961 5.123596 9.002197 0.858279 -0.517339 -0.020210
279754639 -0.770935 5.650314 9.418793 0.997281 -0.538873 0.081669
319824219 -0.847549 5.698196 9.777924 1.028584 -0.526021 0.086464
359649658 0.181961 5.932831 10.462662 0.867434 -0.515773 -0.017390
399749756 0.493210 6.062119 6.651093 0.445440 -0.737739 -0.074019
439849854 -0.938522 4.817139 11.401184 1.321370 -0.398552 0.082133
479797363 0.023941 3.179504 10.941498 1.554235 -0.282802 -0.002188
519927979 4.295197 0.038315 9.217682 -2.819118 -0.003768 -0.436058
559753418 6.220139 -5.152328 14.408310 -3.036417 0.317220 -0.407536
599822998 3.428497 -8.892059 13.431473 3.014144 0.570351 -0.249922
639892578 3.969589 -8.724472 11.247955 2.896307 0.631514 -0.339271
679779053 1.244980 -8.714890 10.802643 2.645797 0.675614 -0.114742
719940186 -1.422150 -6.718124 10.194504 2.353220 0.578253 0.138607
759735108 -0.790085 -4.276047 8.140289 2.345087 0.481750 0.096756
799835205 -0.574615 -2.647980 6.780380 2.290196 0.371110 0.084545
839978024 0.531509 -1.273712 7.742844 2.470667 0.162666 -0.068538
879803463 1.058243 -0.727844 8.499420 2.468431 0.084775 -0.123870
919964596 1.043869 -0.210693 8.858551 2.380683 0.023616 -0.117297
959790035 0.608124 -0.699112 9.701309 2.367146 0.071799 -0.062603
999859615 1.987183 -0.043091 11.085159 2.451140 0.003826 -0.177381
1040020748 0.713470 -0.119705 8.839386 2.356069 0.013498 -0.080540
1079968258 0.090973 -0.268158 9.016571 2.284964 0.029730 -0.010089
1120098873 1.005569 -0.162811 10.649414 2.379271 0.015219 -0.094146
1159893795 1.331177 0.124496 9.897629 2.402026 -0.012466 -0.133692
1199993893 1.436523 0.258575 9.859329 2.399361 -0.025947 -0.144684
1240063473 0.766144 -0.023941 9.677368 2.338218 0.002466 -0.079004
1279919430 0.943314 0.100555 9.744400 2.345023 -0.010271 -0.096505
1320080563 0.229843 -0.253784 9.586380 2.297228 0.026460 -0.023971
1359875484 0.574615 -0.205902 10.046066 2.333408 0.020459 -0.057136
1400006100 0.665588 -0.134079 9.868896 2.337880 0.013554 -0.067341
1440075680 0.191544 -0.426163 9.988617 2.341175 0.042631 -0.019174
