0 0.574615 1.096542 9.844955 1.649750 -0.110737 -0.058300
40008544 0.622498 1.446091 9.351746 1.511809 -0.153085 -0.066467
80017089 0.617706 1.134857 10.141846 1.617138 -0.111231 -0.060832
120025634 -0.057465 0.727844 9.203308 1.683985 -0.078919 0.006244
159820556 0.004791 0.933731 9.069229 1.635616 -0.102594 -0.000528
199859619 -0.555450 1.503555 8.983047 1.520545 -0.165529 0.061755
239929199 -0.004791 3.457230 9.730042 1.048018 -0.341402 0.000492
279937744 0.296875 5.482727 9.346970 0.746266 -0.530272 -0.031751
319976806 -0.445328 6.363785 9.275131 0.788363 -0.600808 0.047976
359771728 1.671158 7.785950 9.672577 0.413426 -0.670580 -0.171084
399902343 1.513138 6.378159 12.061981 0.645853 -0.483188 -0.124795
439941406 0.378281 5.286392 10.285492 0.851118 -0.474483 -0.036762
479980468 2.274490 4.874588 14.470551 0.909097 -0.321250 -0.155905
520080566 -1.010361 3.883392 7.608780 1.066721 -0.468390 0.132016
559844970 -0.368713 2.226608 9.797073 1.355340 -0.223324 0.037617
599945068 2.202667 0.569824 11.621460 1.806908 -0.048137 -0.187313
639984130 -0.397430 -2.853882 8.916000 2.323131 0.309492 0.044545
679870605 2.106903 -4.170700 8.753204 2.748942 0.433815 -0.236207
720001220 1.570602 -5.185837 11.951859 2.592330 0.406263 -0.130662
759796142 1.977615 -5.070923 9.188950 2.741971 0.494744 -0.211983
799835205 0.464478 -3.955215 12.023682 2.418732 0.317581 -0.038611
839965820 0.129288 -2.772491 10.271118 2.333666 0.263627 -0.012587
879852294 -0.201111 -2.126053 9.040512 2.258001 0.230917 0.022242
919982910 -1.130066 -1.628052 8.169022 2.108808 0.194910 0.137463
959777832 -0.052673 -0.339981 8.432373 2.011684 0.040296 0.006246
999908447 1.637634 0.995987 8.125916 1.783632 -0.119580 -0.198868
1039825439 1.766922 1.618484 8.580826 1.660511 -0.182681 -0.203077
1079742431 0.976837 1.192307 9.366119 1.791728 -0.125943 -0.103919
1119873046 0.550659 1.101334 9.940720 1.807412 -0.110173 -0.055338
1159698486 -0.038315 0.804459 10.184937 1.843176 -0.078821 0.003762
1199829101 0.426163 1.039078 10.146622 1.818728 -0.101961 -0.041976
1239746093 0.430954 1.177948 9.715668 1.761840 -0.120536 -0.044328
1279693603 0.871490 1.441315 9.725250 1.716343 -0.146554 -0.089372
1319824218 1.048660 1.441315 10.204086 1.735391 -0.139595 -0.102409
1359649658 0.775726 1.120483 10.050858 1.792622 -0.110696 -0.077027
1399749755 0.756561 1.359909 8.983047 1.708182 -0.149723 -0.084023
1439727783 0.708679 1.082184 9.691727 1.810207 -0.110906 -0.072992
1479675292 0.995987 1.244980 9.567230 1.782233 -0.128715 -0.103730
