0 -0.167587 0.569824 10.275909 1.747928 -0.055388 0.016307
40008545 0.047882 1.063019 9.375702 1.610290 -0.112897 -0.005107
80047608 -0.852341 1.000778 9.107544 1.552806 -0.108973 0.093314
119842530 -1.106125 1.733398 8.997406 1.406294 -0.188935 0.122324
159912110 0.253784 3.730164 9.830597 0.923545 -0.362551 -0.025810
199981690 0.397430 4.946426 9.327805 0.713008 -0.487208 -0.042581
239990235 -0.201111 4.802765 8.662216 0.794564 -0.506139 0.023213
280059815 0.498001 6.296753 10.826584 0.548989 -0.526322 -0.045966
319824219 0.665588 6.090851 9.361328 0.464549 -0.575673 -0.070980
359924317 -1.393433 4.826706 10.941498 0.951810 -0.412497 0.126671
400054932 -0.383072 4.946426 11.611877 0.831420 -0.402504 0.032978
440277100 1.800446 5.209778 9.773132 0.307713 -0.482859 -0.182181
480285645 -1.206680 2.964020 10.998962 1.509880 -0.261730 0.109272
520019531 1.340759 1.790863 9.514557 1.628968 -0.184268 -0.139995
560119629 -0.067032 -1.201889 8.643066 2.204403 0.138168 0.007755
600219727 0.134079 -5.511459 9.361328 2.562143 0.532060 -0.014322
640228272 2.250549 -6.220139 11.334152 2.776980 0.493806 -0.196014
680236817 2.039856 -6.651093 11.607086 2.786557 0.513810 -0.173966
720001221 -0.272934 -6.497864 11.544846 2.526792 0.512526 0.023637
760131836 -0.148438 -4.290405 10.836151 2.448354 0.376965 0.013698
800231934 -0.368713 -3.232178 9.940720 2.366221 0.314161 0.037074
840087891 -0.359131 -1.738190 8.394073 2.243904 0.204006 0.042758
880187988 0.378281 -0.569824 8.470688 2.150483 0.067102 -0.044628
919982910 2.126053 1.082184 9.399643 1.969409 -0.111825 -0.222442
960083008 1.455673 1.230621 7.987061 1.808317 -0.150435 -0.180275
1000183106 1.154007 1.134857 9.662994 1.865189 -0.116091 -0.118862
1040222168 0.177170 0.397430 9.773132 1.954887 -0.040637 -0.018126
1080291748 0.397430 0.555450 10.409988 1.977583 -0.053268 -0.038159
1120056153 0.411804 0.718262 10.017334 1.943527 -0.071519 -0.041086
1160125733 0.574615 0.770935 10.314224 1.948134 -0.074491 -0.055653
1200286865 0.976837 1.086975 10.132263 1.906182 -0.106380 -0.096112
1240295410 0.957687 1.216248 9.356537 1.854191 -0.128600 -0.102000
1280364990 0.225052 0.689529 9.299072 1.954940 -0.073993 -0.024197
1320129395 0.574615 0.890640 9.926361 1.948336 -0.089336 -0.057823
1360229492 0.440536 0.866699 9.117126 1.930320 -0.094668 -0.048282
1400299072 0.665588 1.149216 9.188950 1.881246 -0.124097 -0.072307
1440277100 0.976837 1.307236 9.255981 1.863928 -0.139539 -0.105147
1480285645 0.943314 1.283295 9.356537 1.920969 -0.135625 -0.100479
