0 -0.555450 0.488419 9.792282 1.782465 -0.049757 0.056663
40008545 -0.636856 1.091751 9.255981 1.627372 -0.117134 0.068697
80047608 -0.756561 2.126053 10.271118 1.434192 -0.203574 0.073526
120025635 0.459686 4.309570 8.576035 0.750760 -0.465081 -0.053550
160034180 -0.177170 4.544189 9.672577 0.801589 -0.439134 0.018315
199951172 -2.221817 3.586517 11.635818 1.230888 -0.293988 0.188675
239959717 -1.316818 4.960785 10.228027 0.945980 -0.448372 0.128042
280059815 -0.478836 5.415680 9.653427 0.762351 -0.510734 0.049562
320037842 -0.311249 3.792419 8.729263 0.870828 -0.409615 0.035641
360076905 -0.454895 3.773254 11.654968 1.127904 -0.312875 0.039010
399841309 -1.086975 2.427719 8.815445 1.288624 -0.266807 0.122684
439941407 0.023941 1.546661 10.946289 1.480075 -0.140366 -0.002187
480224610 0.636856 -0.407013 10.376465 1.992588 0.039131 -0.061298
520202637 2.566589 -3.495529 13.220779 2.665757 0.253947 -0.191748
560241700 0.603333 -7.149094 13.402740 2.573960 0.489593 -0.044985
600128174 0.239426 -7.120361 9.619904 2.638134 0.637032 -0.024883
640136719 0.919373 -5.497086 9.078812 2.696081 0.542185 -0.100922
680328370 -0.876282 -5.578491 9.653427 2.412113 0.522218 0.090526
720306397 -0.052673 -4.036621 9.835388 2.406564 0.389450 0.005355
760284424 -0.258575 -2.853882 7.824249 2.328667 0.349577 0.033036
800170899 -0.445328 -2.341522 7.144302 2.261977 0.316141 0.062253
840423584 -0.292099 -1.331177 7.963120 2.106664 0.165527 0.036665
880462647 0.794876 0.067032 7.967911 1.904208 -0.008371 -0.099431
920410157 1.096542 0.225052 9.174576 1.877657 -0.024352 -0.118955
960449219 0.268158 0.258575 9.141068 1.917075 -0.028268 -0.029327
1000305176 0.550659 0.268158 9.533707 1.939055 -0.028073 -0.057695
1040344239 0.608124 0.196320 10.544067 1.959499 -0.018586 -0.057611
1080413819 0.177170 0.138870 10.180145 1.937672 -0.013638 -0.017402
1120361329 0.517151 0.220261 10.251968 1.947345 -0.021454 -0.050401
1160369873 0.713470 0.268158 10.098740 1.892624 -0.026481 -0.070532
1200225830 0.339981 0.277725 9.643845 1.864682 -0.028772 -0.035239
1240447998 0.325607 0.253784 9.801865 1.869411 -0.025871 -0.033207
1280487061 0.426163 0.330399 9.753983 1.859137 -0.033828 -0.043663
1320617676 0.622498 0.363922 9.710876 1.863910 -0.037382 -0.064016
1360626221 0.612915 0.383072 9.481033 1.875015 -0.040298 -0.064557
1400482178 0.368713 0.153229 9.916779 1.909396 -0.015440 -0.037164
1440521241 0.325607 0.100555 9.916779 1.917011 -0.010134 -0.032822
1480560303 0.359131 0.454895 9.519348 1.842575 -0.047716 -0.037709
