0 0.948105 0.675171 9.155426 2.366330 -0.073222 -0.103189
40069580 1.015137 0.766144 10.314224 2.356701 -0.073789 -0.098105
80078125 0.828400 0.837967 10.453079 2.315384 -0.079745 -0.079084
120086670 1.029510 0.914581 9.030930 2.334054 -0.100283 -0.113508
160125732 0.876282 0.933731 9.361328 2.230310 -0.098985 -0.093335
199920654 0.521942 1.096542 9.366119 2.140719 -0.116366 -0.055669
240020752 -0.009583 1.225830 10.041275 2.068976 -0.121478 0.000954
280029297 0.138870 2.121262 9.490616 1.862275 -0.219874 -0.014631
320037842 0.316040 3.969589 9.892838 1.420897 -0.381415 -0.031935
360107422 -0.272934 5.238510 9.720459 1.056724 -0.494129 0.028071
399932861 -1.192307 6.110001 10.572800 1.117635 -0.521277 0.112297
440063476 -2.834732 7.225708 10.812210 1.195070 -0.573871 0.256408
480133057 -1.862686 10.319016 8.858551 0.857041 -0.850698 0.207251
520172119 -2.264908 13.661316 8.877701 0.816216 -0.980036 0.249795
560180664 -1.235413 9.821014 11.228806 0.858799 -0.715639 0.109581
599945068 4.884171 3.375824 13.718781 1.312963 -0.227796 -0.342028
640106201 4.989517 -7.230484 12.612656 3.125895 0.489757 -0.376704
680206299 1.565811 -16.314087 9.983826 2.902851 1.016193 -0.155568
720214844 7.766785 -13.991714 9.260773 -2.801408 0.858324 -0.697883
760284424 -1.029510 -10.759537 10.984604 2.518310 0.772862 0.093450
800109863 -8.432373 -9.437943 8.690948 1.942750 0.662047 0.770298
840209961 -4.017471 -5.363007 7.101196 2.096425 0.581506 0.514852
880279541 2.312805 -0.756561 7.460327 2.640511 0.096562 -0.300618
920288086 1.187531 -0.517151 7.728485 2.296805 0.066043 -0.152464
960357666 1.422150 -0.373489 8.719681 2.451962 0.042249 -0.161673
1000122070 0.536301 -0.842758 9.916779 2.335825 0.084656 -0.054027
1040222168 0.814026 -0.818817 9.797073 2.376039 0.083099 -0.082898
1080291748 1.939301 0.818817 9.428360 2.266841 -0.084861 -0.202859
1120300293 1.819595 0.723053 10.515335 2.245949 -0.067651 -0.171345
1160369873 1.115692 0.071823 11.410767 2.128774 -0.006264 -0.097466
1200195312 1.158798 0.239426 9.519348 2.120888 -0.024962 -0.121135
1240264893 1.383850 0.292099 9.528931 2.138228 -0.030326 -0.144218
1280334473 1.125275 0.234634 10.165787 2.112375 -0.022937 -0.110244
1320343018 1.254562 0.507568 10.251968 2.073407 -0.049103 -0.121767
1360351562 0.948105 0.110138 10.419571 2.103886 -0.010526 -0.090743
1400177002 0.962463 0.090973 10.390839 2.108877 -0.008718 -0.092363
1440368652 0.847549 -0.014359 10.323792 2.115674 0.001386 -0.081913
1480438232 0.656006 -0.282516 10.189728 2.140808 0.027661 -0.064290
