0 0.258575 0.569824 10.146622 0.977042 -0.056082 -0.025478
39825439 -0.172379 0.474045 9.768341 1.044725 -0.048483 0.017645
79895019 0.033524 0.727844 9.586380 0.969646 -0.075779 -0.003497
119964599 -0.421387 0.632065 9.979034 1.045230 -0.063199 0.042202
159973144 -0.244202 0.737411 9.763550 1.005275 -0.075360 0.025006
200012207 -0.038315 0.909790 9.844955 0.946643 -0.092149 0.003892
239837646 0.028732 1.369476 9.600754 0.861147 -0.141686 -0.002993
279907226 0.775726 3.122040 9.399643 0.542433 -0.319666 -0.082341
319976806 1.216248 6.938400 9.208099 0.315284 -0.641593 -0.131324
359985351 -0.220261 9.390060 12.919113 0.501284 -0.628441 0.017048
400054931 -3.888184 11.008545 14.049179 0.726992 -0.646811 0.269997
439849853 -2.638412 14.781799 11.688492 0.610790 -0.889607 0.222007
479919433 2.312805 17.080231 8.576035 0.100843 -1.091244 -0.263416
520019531 -1.197098 10.299850 1.695099 0.951051 -1.371980 0.614882
560211181 10.424362 -5.046982 8.259995 -1.752950 0.362681 -0.900723
600219726 12.684479 -18.109741 9.145844 -2.499278 0.858514 -0.946098
639984130 3.974380 -22.357056 19.527115 2.722907 0.842793 -0.200789
680053711 -10.611099 -13.819336 15.859192 1.767274 0.626797 0.589673
720123291 -4.888962 -5.190628 8.523361 1.730985 0.485996 0.520778
760101318 4.137177 -1.671158 9.275131 2.064675 0.163087 -0.419565
800140380 2.561798 -0.761353 4.501099 -1.583577 0.145960 -0.517426
839935302 -0.967255 -1.130066 5.837067 1.577692 0.188724 0.164217
880004882 -0.325607 -1.182739 9.912003 1.484951 0.118699 0.032838
920074462 2.580948 0.837967 10.821793 0.867203 -0.075179 -0.234122
960083007 0.804459 -0.062256 10.773911 1.237284 0.005762 -0.074529
1000122070 0.129288 -0.435745 10.577591 1.308123 0.041169 -0.012222
1039916992 1.134857 0.550659 9.188950 0.975652 -0.059404 -0.122880
1080017089 0.723053 0.225052 9.576813 1.116500 -0.023429 -0.075357
1120056152 0.545883 0.282516 9.830597 1.126280 -0.028686 -0.055472
1160095214 1.134857 0.986404 8.801086 0.864450 -0.110703 -0.128238
1200134277 1.695099 1.450882 9.054871 0.717957 -0.156213 -0.185061
1239929199 1.632843 1.326385 9.337387 0.772399 -0.139025 -0.173121
1280029296 0.991196 1.393433 9.112335 0.866355 -0.150865 -0.108349
1320098877 1.221039 1.695099 9.457092 0.792185 -0.175928 -0.128403
1360107421 1.431732 2.030289 9.040512 0.679003 -0.218278 -0.157064
1400177002 1.249771 2.020706 9.323029 0.802829 -0.211606 -0.133258
1439971923 1.158798 1.862686 9.576813 0.856083 -0.190744 -0.120415
1480041503 1.273712 2.226608 8.614334 0.724970 -0.250333 -0.146796
1520111084 1.628052 2.226608 9.227249 0.698764 -0.233310 -0.174642
