0 0.924164 0.129288 10.826584 2.385450 -0.011898 -0.085154
40069580 1.106125 0.282516 9.528931 2.412179 -0.029442 -0.115563
80139160 0.790085 0.569824 9.667786 2.292094 -0.058677 -0.081542
120147705 0.368713 0.804459 9.423584 2.171685 -0.085095 -0.039107
160186768 -0.651230 0.842758 8.901642 1.964528 -0.094143 0.073028
199981690 -1.244980 1.139633 10.141846 1.900209 -0.111073 0.122146
240051270 -0.349548 3.145981 10.132263 1.467295 -0.300886 0.034485
280120850 -0.248993 5.406113 9.624695 0.969117 -0.511633 0.025864
320129395 -1.144424 6.665451 10.544067 1.006541 -0.561084 0.108114
360198975 -1.972824 8.082825 11.046844 0.871514 -0.624214 0.176724
399993897 -2.734177 9.006989 11.784256 0.920093 -0.640001 0.227986
440124512 1.096542 12.808975 10.357315 0.273373 -0.888108 -0.105478
480236742 -0.148438 12.267883 8.628708 0.418577 -0.957751 0.017201
520275804 -2.379837 3.078949 8.619125 1.370405 -0.331622 0.269399
560314867 4.036621 -6.770798 10.357315 -3.138435 0.547082 -0.371627
600079271 5.377380 -16.678009 8.973465 -2.968472 1.010579 -0.539870
640209886 1.235413 -16.941376 16.457748 2.817584 0.798473 -0.074925
680309984 -1.259354 -10.840942 14.748276 2.604485 0.632141 0.085183
720318529 -4.194641 -6.924026 10.103531 2.288052 0.564280 0.393512
760327074 -0.220261 -3.361465 6.382935 2.501523 0.484481 0.034494
800244066 2.149994 -1.484406 8.355759 2.680454 0.170379 -0.251844
840344163 0.033524 -2.130844 8.504211 2.389586 0.245507 -0.003942
880322191 0.445328 -0.651230 7.762009 2.282909 0.083567 -0.057310
920330736 0.584183 -0.574615 8.370132 2.277811 0.068377 -0.069681
960400316 3.050217 0.665588 10.687714 2.416306 -0.059814 -0.278004
1000317308 3.093307 0.612915 10.065231 2.468723 -0.058142 -0.298164
1040386888 1.489197 0.110138 9.495407 2.284964 -0.011459 -0.155566
1080456468 1.082184 -0.287308 10.151413 2.279951 0.028135 -0.106203
1120434495 1.441315 0.129288 9.595963 2.272678 -0.013323 -0.149086
1160443040 1.757339 0.430954 9.562439 2.200122 -0.044296 -0.181747
1200207445 1.987183 0.344772 9.452316 2.254913 -0.035679 -0.207215
1240429613 2.312805 0.325607 9.844955 2.300918 -0.032186 -0.230739
1280499193 0.301666 -0.823608 9.849747 2.219998 0.083384 -0.030617
1320507738 -0.493210 -1.130066 9.461884 2.184103 0.118711 0.052079
1360485765 1.168365 -0.081406 9.806656 2.228736 0.008243 -0.118581
1400402757 2.025497 0.464478 9.821014 2.249674 -0.046286 -0.203389
1440472337 2.111679 0.225052 9.945511 2.307387 -0.022131 -0.209218
1480480882 0.914581 -0.742203 10.299850 2.283770 0.071654 -0.088563
