0 0.071823 1.508347 9.979034 1.675159 -0.150012 -0.007197
39886475 0.004791 1.719040 8.839386 1.571056 -0.192077 -0.000542
79956055 -0.205902 1.814804 9.682159 1.590971 -0.185247 0.021263
119750977 -0.407013 2.504333 8.920792 1.403907 -0.273415 0.045594
159881592 -0.296875 3.428497 9.595963 1.248029 -0.342999 0.030928
199951172 0.057465 4.515457 9.356537 0.901732 -0.449623 -0.006142
240142822 0.790085 5.798752 7.584824 0.489989 -0.650128 -0.103792
280242920 0.660797 6.449982 11.056427 0.694266 -0.527326 -0.059695
320007324 -0.454895 5.841858 11.104309 0.920276 -0.483955 0.040943
360076904 0.981628 6.330276 11.664551 0.690527 -0.495739 -0.083957
400054932 -0.124496 5.923248 10.601532 0.882371 -0.509481 0.011743
440246582 -0.545883 5.655106 8.202530 0.844182 -0.602567 0.066453
480316162 -3.581726 3.433289 10.491394 1.467854 -0.300330 0.328990
520080567 1.810013 3.035843 6.291962 0.323963 -0.434180 -0.280107
560150147 7.987061 0.296875 8.034943 -1.914426 -0.026198 -0.782410
600189209 2.408569 -5.612015 11.808197 2.705133 0.435813 -0.201214
640380859 4.548981 -7.699753 13.819336 2.894006 0.486762 -0.318003
680389404 1.810013 -6.756439 14.369995 2.602986 0.436483 -0.125298
720153809 0.517151 -4.793198 11.678909 2.472098 0.389108 -0.044252
760192871 2.796432 -1.637634 5.760452 3.075433 0.250380 -0.451943
800262451 -2.820374 -2.044647 5.013458 2.052734 0.341519 0.512435
840118408 -4.740524 -2.662354 8.599976 2.024240 0.264751 0.503783
880218506 -1.972824 -0.258575 9.418793 2.000479 0.026864 0.206471
919982910 -0.339981 0.799667 10.558426 1.963552 -0.075554 0.032189
960113525 -0.905014 0.967255 10.065231 1.905960 -0.095422 0.089674
1000152588 -1.216248 0.957687 9.897629 1.984124 -0.095743 0.122270
1040008545 -1.139633 0.799667 10.333374 2.024463 -0.076769 0.109843
1080139160 -1.019928 1.010361 9.715668 1.983039 -0.103058 0.104595
1119903565 -0.162811 1.206680 10.290283 2.026392 -0.116716 0.015821
1160003662 -0.478836 1.063019 10.113113 2.023304 -0.104612 0.047313
1200042725 -0.416595 1.216248 9.471466 1.987468 -0.127591 0.043956
1239929199 -0.172379 1.297653 9.533707 1.992162 -0.135259 0.018079
1280059815 -0.119705 1.379059 9.447525 1.974780 -0.144935 0.012670
1319854736 -0.277725 1.192307 9.323029 1.999945 -0.127142 0.029780
1359985352 -0.579391 1.206680 9.500198 1.977672 -0.126108 0.060912
1400054932 -0.435745 1.240204 9.888046 2.006248 -0.124653 0.044039
1439941406 -0.435745 1.321594 9.576813 1.979928 -0.136993 0.045469
1480072022 -0.938522 1.034302 9.849747 2.006306 -0.104156 0.094997
1519866943 -1.077393 0.718262 10.079590 2.054078 -0.070737 0.106484
