0 0.574615 1.498764 9.950302 2.302922 -0.149256 -0.057684
39825439 0.718262 1.685516 9.528931 2.278394 -0.174588 -0.075235
79925537 0.550659 1.867477 9.816223 2.216692 -0.187709 -0.056038
119750976 -0.158020 1.991974 9.485825 2.081848 -0.206959 0.016657
159851074 -0.498001 2.394196 9.591171 1.970033 -0.244309 0.051876
199951172 -0.876282 2.906555 9.868896 1.795761 -0.285356 0.088560
239837646 -1.110916 3.878601 9.639053 1.556547 -0.380280 0.114745
279937744 -0.780502 5.755661 8.863342 1.073843 -0.574175 0.087833
320037842 -0.775726 6.497864 10.534485 1.100605 -0.551487 0.073504
360046387 -1.958450 6.531387 10.754761 1.258721 -0.538562 0.180127
400177002 -0.349548 8.944733 11.209656 0.690017 -0.673252 0.031173
439971924 0.651230 8.619125 13.852844 0.710674 -0.556082 -0.046976
480133056 -2.624039 6.938400 10.606308 1.171468 -0.565780 0.242533
519927978 -2.446869 6.938400 10.319016 1.139069 -0.579356 0.232822
559997558 1.666367 3.260910 7.699753 0.497599 -0.392454 -0.213131
600067138 3.011902 -3.165131 10.864883 2.960531 0.273686 -0.270424
640014648 -0.905014 -9.011780 11.061218 2.658887 0.682018 0.081637
680358887 -0.090973 -9.452316 9.629486 2.744398 0.776091 0.009447
720123291 -2.633621 -8.628708 10.898407 2.511591 0.655921 0.237106
760192871 -1.685516 -5.918472 8.868118 2.535110 0.580337 0.187824
800231933 -0.521942 -3.749313 8.283936 2.588462 0.424271 0.062923
840118408 0.158020 -2.422928 8.552094 2.605222 0.276034 -0.018475
880462646 1.537079 -0.790085 7.125137 2.793955 0.107972 -0.212470
920227051 0.751785 -0.397430 7.019806 2.555177 0.056234 -0.106688
960235596 -0.162811 -0.545883 8.087616 2.385124 0.067380 0.020128
1000366211 1.029510 0.521942 9.002197 2.404030 -0.057540 -0.113867
1040222168 2.126053 0.914581 9.840164 2.551429 -0.090599 -0.212788
1080322265 1.699890 0.737411 10.850525 2.464527 -0.067041 -0.155401
1120086773 1.101334 0.205902 10.759537 2.441536 -0.019035 -0.102004
1160156353 0.474045 -0.134079 10.462662 2.398857 0.012801 -0.045277
1200225933 0.311249 -0.100555 10.342957 2.262609 0.009717 -0.030084
1240020855 0.675171 0.095764 10.290283 2.278838 -0.009286 -0.065519
1280090435 0.617706 0.033524 9.935944 2.283447 -0.003367 -0.062089
1320251568 0.699112 -0.019150 10.146622 2.300392 0.001883 -0.068792
1360443218 0.957687 0.043091 10.563217 2.321589 -0.004063 -0.090415
1400482281 0.574615 -0.316040 10.213669 2.326550 0.030884 -0.056200
1440216167 -0.292099 -1.067810 10.510544 2.311584 0.101208 0.027784
1480285747 -0.086197 -0.895432 10.295074 2.317194 0.086755 0.008372
