0 -0.090973 0.469269 9.777924 1.606904 -0.047954 0.009304
40008545 -0.090973 0.498001 9.859329 1.601000 -0.050466 0.009227
80017090 -0.153229 0.574615 9.916779 1.583743 -0.057872 0.015450
120086670 -0.459686 0.411804 9.461884 1.592170 -0.043444 0.048545
159851075 -0.818817 0.268158 9.806656 1.623723 -0.027243 0.083303
199951172 -0.296875 0.493210 10.036499 1.579613 -0.049081 0.029571
240020752 -0.244202 0.464478 9.816223 1.583586 -0.047267 0.024872
280029297 0.129288 0.579391 9.572021 1.549621 -0.060450 -0.013506
320068360 0.483627 1.182739 9.342178 1.319520 -0.125765 -0.051722
359863282 -0.186752 3.902542 8.805878 0.860528 -0.417080 0.021205
399963379 1.517929 7.082047 10.309433 0.429892 -0.596918 -0.146187
440093995 -1.814804 6.991074 12.943054 0.925130 -0.491183 0.139306
480133057 -4.079727 6.900085 14.513657 1.119095 -0.429224 0.274025
520172120 1.790863 8.983047 13.374008 0.349526 -0.587359 -0.133114
559936524 -0.622498 9.006989 13.608643 0.611504 -0.584185 0.045711
600067139 -2.542648 3.011902 11.209656 1.135554 -0.256270 0.223052
640167237 2.284073 -2.059021 11.262329 2.340223 0.177295 -0.200093
680206299 5.884949 -8.949524 7.958328 -2.701897 0.735124 -0.636728
720275879 -1.699890 -11.870453 12.186493 2.479217 0.767447 0.138595
760070801 0.603333 -7.910446 6.627151 2.786441 0.871412 -0.090789
800170899 -1.752548 -6.430832 9.265564 2.330519 0.598519 0.186938
840270997 -2.183517 -4.539413 10.113113 2.155857 0.413462 0.212645
880249024 -0.517151 -2.403778 7.374146 2.199883 0.314390 0.070016
920257569 0.205902 -1.197098 7.637497 2.176374 0.155419 -0.026953
960052491 -0.248993 -0.445328 7.565674 1.959385 0.058762 0.032899
1000091553 1.187531 0.761353 9.006989 1.739083 -0.083608 -0.131089
1040130616 0.579391 1.096542 8.480270 1.597449 -0.128296 -0.068216
1080078125 -0.330399 0.660797 9.083603 1.714699 -0.072570 0.036357
1120147706 -0.325607 0.469269 9.394852 1.803031 -0.049878 0.034644
1159942627 0.114929 0.924164 9.481033 1.719814 -0.097161 -0.012121
1200073243 0.124496 0.699112 10.386047 1.786495 -0.067206 -0.011986
1240142823 0.153229 0.861908 10.266342 1.750818 -0.083749 -0.014924
1280181885 -0.349548 0.584183 9.792282 1.783941 -0.059549 0.035681
1320220948 -0.430954 0.498001 9.730042 1.743875 -0.051087 0.044262
1360015870 0.028732 0.799667 9.504974 1.684895 -0.083933 -0.003023
1400146485 0.129288 0.967255 9.174576 1.636549 -0.105029 -0.014091
1440277100 0.138870 0.852341 9.878479 1.681887 -0.086061 -0.014057
1480285645 -0.052673 0.541092 10.070007 1.750984 -0.053681 0.005231
