0 0.641647 0.646439 9.423584 1.953238 -0.068333 -0.067985
40069580 0.090973 0.608124 9.409210 1.916046 -0.064538 -0.009668
80108642 0.028732 1.244980 9.294296 1.763587 -0.133158 -0.003091
120086670 0.062256 1.800446 9.380478 1.633843 -0.189625 -0.006637
160125732 0.469269 2.509125 10.065231 1.347310 -0.244052 -0.046589
199920654 0.191544 2.983170 10.070007 1.258385 -0.287957 -0.019019
239990234 0.775726 3.624817 9.959885 1.031332 -0.348070 -0.077728
280059814 0.019150 3.912125 10.711655 1.137081 -0.350170 -0.001788
320037842 0.129288 4.036621 11.224014 1.135265 -0.345217 -0.011518
360137939 -0.914581 4.003113 11.334152 1.314217 -0.338496 0.080518
399902344 0.210693 4.276047 10.041275 1.073115 -0.402508 -0.020980
440002441 -0.555450 4.429276 11.338943 1.220157 -0.371993 0.048947
480102539 -0.167587 4.194641 9.835388 1.122857 -0.403075 0.017038
520111084 2.796432 4.716583 8.169022 0.153914 -0.499963 -0.329818
560119629 -3.663132 1.742981 11.817780 1.851676 -0.139955 0.300576
599914551 2.533066 2.920929 13.043610 1.887456 -0.216387 -0.191812
639984131 2.753326 0.086197 7.254425 2.781619 -0.011108 -0.362743
680084228 1.249771 -5.219360 11.750748 2.640303 0.415915 -0.105958
720092773 1.369476 -6.464340 11.511322 2.693237 0.508683 -0.118411
760192871 3.026276 -5.535400 9.097961 2.976632 0.523577 -0.321119
799957275 -1.843536 -6.459549 10.587158 2.417042 0.541218 0.172401
840087890 -0.114929 -3.399765 7.618347 2.515985 0.419697 0.015085
880187988 0.076614 -1.450882 8.183380 2.361175 0.175465 -0.009362
920227051 0.239426 -0.995987 8.331818 2.323226 0.118927 -0.028728
960296631 1.364700 -0.057465 8.734055 2.336800 0.006500 -0.154997
1000061035 1.034302 0.210693 8.264786 2.247146 -0.025290 -0.124498
1040161133 1.508347 0.612915 8.360550 2.237792 -0.072021 -0.178492
1080261230 1.350327 0.943314 9.050079 2.136401 -0.102729 -0.148113
1120269775 1.312027 0.881073 9.193741 2.145228 -0.094590 -0.141752
1160339355 1.005569 0.660797 9.816223 2.117205 -0.066867 -0.102083
1200073242 1.470047 0.818817 10.204086 2.138520 -0.079258 -0.143080
1240173340 0.909790 0.684738 9.686935 2.102874 -0.070261 -0.093645
1280273437 0.972046 0.675171 9.964661 2.111544 -0.067334 -0.097242
1320404053 1.920151 1.034302 10.453079 2.149692 -0.097013 -0.181667
1360382080 1.623276 1.086975 9.562439 2.061599 -0.111602 -0.168152
1400115967 1.321594 0.799667 10.127472 2.091421 -0.078137 -0.129763
1440216064 1.642426 0.976837 10.405197 2.091136 -0.092467 -0.156555
1480316162 1.029510 0.699112 9.576813 2.079499 -0.072455 -0.107089
