0 -0.114929 1.082184 9.777924 1.910613 -0.110220 0.011753
39764404 0.464478 1.575378 9.864105 1.828302 -0.158198 -0.047053
79864501 -0.316040 1.556229 9.844955 1.796415 -0.156697 0.032091
119934082 -0.402222 2.758118 8.188171 1.415075 -0.324540 0.049083
159912109 0.502777 4.668701 8.892059 0.941726 -0.482823 -0.056482
199981689 -1.077393 6.076477 10.266342 0.958812 -0.532033 0.104561
239776611 -3.145981 7.311890 11.070786 1.113088 -0.565981 0.276871
279846191 -0.057465 8.073242 12.598297 0.761956 -0.569890 0.004561
319946289 -1.484406 7.378937 15.246277 1.071624 -0.448905 0.097056
359985351 -0.790085 7.819458 14.020447 0.925742 -0.508075 0.056293
400085449 -0.871490 7.996628 12.124237 0.885140 -0.581881 0.071757
439910888 0.603333 1.915359 9.150635 1.446281 -0.205901 -0.065838
480010986 -0.325607 -7.005432 14.714767 2.506132 0.444236 0.022124
520111083 6.809113 -10.563217 6.971909 -2.693521 0.825649 -0.773586
560089111 5.319916 -10.931931 7.996628 -2.907608 0.849943 -0.587035
600097656 -0.287308 -9.318237 13.192047 2.625707 0.614865 0.021775
639892578 -3.581726 -6.124374 9.385269 2.261173 0.547495 0.364573
680023193 -2.494751 -3.026276 6.952759 2.196090 0.388830 0.344506
720092773 -1.522705 -1.690308 7.043747 2.186697 0.230390 0.212902
760101318 -0.229843 -0.134079 7.867340 2.094042 0.017034 0.029207
800109863 0.316040 0.593765 7.752426 2.177873 -0.076378 -0.040744
839904785 1.154007 1.996765 8.164230 1.855923 -0.237594 -0.140419
880035400 1.407791 1.719040 9.806656 2.089051 -0.171804 -0.142581
920135498 0.081406 0.890640 9.653427 2.111201 -0.091998 -0.008433
960144042 -0.809235 0.833176 8.470688 2.014848 -0.097603 0.095244
1000152587 0.071823 0.952896 10.065231 2.057198 -0.094388 -0.007136
1039947509 0.081406 0.895432 10.213669 2.070200 -0.087444 -0.007970
1080047607 0.124496 1.115692 9.969452 2.030542 -0.111439 -0.012487
1120147705 0.201111 1.134857 9.471466 2.022855 -0.119223 -0.021230
1160125732 0.679947 1.594543 9.299072 1.956882 -0.169378 -0.072990
1200225830 0.148438 0.991196 10.093948 2.040670 -0.097873 -0.014705
1239990234 0.019150 0.957687 9.275131 2.020984 -0.102888 -0.002065
1280090332 0.134079 1.240204 9.327805 1.973800 -0.132169 -0.014373
1320190429 -0.014359 0.756561 9.873688 2.065513 -0.076474 0.001454
1360168457 0.090973 1.039078 9.524139 2.016068 -0.108665 -0.009552
1400177001 0.416595 1.249771 9.758774 2.013736 -0.127258 -0.042663
1440002441 -0.339981 0.828400 9.064453 2.018836 -0.091073 0.037489
