0 0.090973 0.517151 9.940720 1.790494 -0.051974 -0.009151
40069580 -0.062256 0.359131 9.730042 1.810137 -0.036892 0.006398
79864502 0.100555 0.435745 9.730042 1.800044 -0.044751 -0.010334
119934082 0.014359 0.536301 9.610321 1.768391 -0.055747 -0.001494
160003662 -0.009583 0.924164 9.481033 1.663761 -0.097168 0.001011
200012207 -0.186752 1.833954 9.212891 1.422256 -0.196456 0.020268
240051270 -0.129288 3.940857 8.710114 0.902426 -0.424845 0.014842
279846192 -0.134079 5.980713 11.386826 0.814348 -0.483599 0.011774
319915772 -2.044647 7.196976 13.115433 0.989525 -0.496829 0.154651
359954834 -0.780502 8.609543 10.970230 0.713696 -0.664184 0.071028
399749756 -0.378281 9.912003 8.724472 0.557101 -0.848567 0.043331
439849854 -1.963242 8.456314 8.298309 0.857456 -0.781214 0.232312
479675293 4.007889 4.754883 9.203308 -0.112842 -0.442373 -0.410717
519805909 5.789185 -3.031067 12.368454 -2.953953 0.218414 -0.437771
559875489 1.254562 -10.433929 15.059525 2.721273 0.604291 -0.083115
599914551 0.019150 -9.313446 12.876022 2.625823 0.626204 -0.001487
639953614 0.588974 -6.009445 11.094727 2.578612 0.495820 -0.053036
679779053 -2.059021 -5.233719 9.763550 2.298305 0.483063 0.207843
719848633 -0.909790 -2.834732 8.681381 2.281367 0.314007 0.104417
759948731 -1.268921 -2.135635 7.417236 2.191782 0.276534 0.169437
799957276 -1.307236 -0.545883 8.269577 1.990868 0.065109 0.156780
840026856 -1.072601 0.062256 8.547302 2.133565 -0.007227 0.124837
879821778 0.727844 1.742981 9.021347 1.964489 -0.190251 -0.080506
919921875 -0.019150 1.637634 8.963898 1.920787 -0.180699 0.002136
959991455 -0.627274 1.403000 9.586380 1.955953 -0.145016 0.065341
1000000000 -0.928955 1.446091 8.820236 1.903257 -0.161627 0.104934
1040069580 -1.532288 0.818817 9.423584 2.028780 -0.085554 0.161191
1079864502 -0.828400 1.479614 9.916779 1.975280 -0.147604 0.083342
1119934082 0.028732 2.063797 9.212891 1.865338 -0.220373 -0.003119
1160003662 -0.359131 1.747772 9.064453 1.914093 -0.190333 0.039599
1200012207 -0.526718 1.541870 9.624695 1.973061 -0.158616 0.054671
1240051270 -0.158020 1.934509 8.671799 1.868620 -0.219451 0.018220
1279846192 -0.387863 1.872269 9.184158 1.899593 -0.200929 0.042207
1319915772 -0.368713 1.762131 9.902420 1.958526 -0.175987 0.037217
1359993495 0.067032 2.044647 9.916779 1.925202 -0.203327 -0.006759
1400032557 -0.215485 1.790863 9.605545 1.950428 -0.184279 0.022430
1440071620 -0.210693 1.738190 9.667786 1.949643 -0.177850 0.021790
1479866542 -0.086197 1.666367 9.797073 1.979425 -0.168469 0.008798
