0 -0.660797 0.928955 10.050858 1.486690 -0.091966 0.065651
40069581 -0.498001 1.115692 8.968674 1.344241 -0.123575 0.055470
79956055 -0.378281 1.063019 9.926361 1.373420 -0.106607 0.038090
120056153 -1.173157 1.101334 8.935165 1.389551 -0.121606 0.130550
159851075 -1.446091 2.068588 9.006989 1.229586 -0.222990 0.159194
199981690 -0.440536 3.323151 9.083603 0.908548 -0.350338 0.048460
240051270 -1.584961 3.543411 8.518570 0.926057 -0.388194 0.183956
279937745 -1.350327 4.357452 10.319016 0.853598 -0.396526 0.130119
320098877 -0.397430 4.596863 10.874466 0.721621 -0.399699 0.036531
359893799 -0.684738 4.371811 9.864105 0.751978 -0.416298 0.069306
400085450 -0.483627 3.869034 11.607086 0.823030 -0.321491 0.041642
440155030 -0.454895 2.303223 13.943832 1.084666 -0.163615 0.032612
480041504 -0.770935 1.484406 11.338943 1.184528 -0.129875 0.067886
520141602 -0.478836 1.675934 9.955093 1.096418 -0.166596 0.048063
559967041 -0.957687 1.460464 9.643845 1.176175 -0.149573 0.098981
600118081 1.364700 1.235413 8.839386 0.827481 -0.137257 -0.153179
640187661 -0.670380 1.091751 8.805878 1.491584 -0.122998 0.075982
680257241 0.545883 0.536301 7.082047 1.558343 -0.075360 -0.076928
720357339 2.542648 -1.120483 9.993393 2.252640 0.108236 -0.249146
760152260 2.145203 -2.652771 10.132263 2.453553 0.250746 -0.208639
800221840 1.939301 -4.548981 9.255981 2.657459 0.448348 -0.206531
840321938 0.502777 -4.501099 12.962204 2.174309 0.333988 -0.038768
880238930 0.608124 -4.027054 11.621460 2.190773 0.333147 -0.052280
920339028 0.124496 -3.323151 9.035721 2.169138 0.352394 -0.013777
960133950 -0.885849 -2.753326 9.112335 1.973122 0.292132 0.096910
1000173012 -0.129288 -1.896210 8.686157 1.924758 0.214908 0.014883
1040242592 0.038315 -1.561020 8.820236 1.912217 0.175166 -0.004344
1080129067 -0.038315 -0.794876 8.504211 1.719938 0.093197 0.004505
1120259682 0.335190 -0.574615 8.781937 1.666288 0.065291 -0.038150
1160054604 0.804459 -0.057465 9.562439 1.495850 0.005988 -0.083929
1200215737 0.359131 -0.134079 9.423584 1.527364 0.014217 -0.038091
1240254799 0.727844 -0.038315 9.011780 1.519725 0.004238 -0.080591
1280141274 0.445328 -0.028732 9.437943 1.521049 0.003041 -0.047150
1320271889 0.019150 -0.158020 10.122681 1.557164 0.015609 -0.001892
1360097329 0.761353 0.277725 10.122681 1.424703 -0.027352 -0.075071
1400166909 1.221039 0.742203 9.667786 1.229579 -0.076019 -0.125635
1440236489 0.622498 0.349548 9.849747 1.395549 -0.035403 -0.063115
1480245034 0.440536 0.105347 10.050858 1.468004 -0.010471 -0.043803
