0 0.296875 0.158020 10.228027 2.046259 -0.015442 -0.029017
39764404 0.770935 0.316040 9.902420 2.067263 -0.031808 -0.077696
79833984 0.708679 0.421387 9.662994 2.031308 -0.043464 -0.073208
119903564 0.210693 0.742203 8.925583 1.881088 -0.082941 -0.023601
159912109 -0.153229 1.915359 9.184158 1.559164 -0.205576 0.016682
199951172 -1.201889 4.965576 9.538498 1.052108 -0.476759 0.125343
239746093 -0.737411 9.720459 10.793060 0.698140 -0.732000 0.068217
279815673 -1.541870 12.401962 12.282257 0.731912 -0.786339 0.124883
319885254 -4.323929 12.885590 12.540833 0.982547 -0.770878 0.332024
359893798 1.187531 15.504852 9.945511 0.310571 -0.997237 -0.118841
400024414 -2.829941 9.289505 10.539276 0.934031 -0.705227 0.262326
439788818 1.513138 -2.015915 11.334152 2.625947 0.174505 -0.132718
479888916 3.375824 -9.744400 9.768341 -3.132489 0.755983 -0.332739
519989013 2.351105 -14.250290 12.488159 2.980113 0.842564 -0.186089
560028076 0.373489 -10.218460 14.173676 2.741519 0.624481 -0.026345
600067138 -5.458786 -7.924805 10.649414 2.241827 0.584920 0.473669
639831543 -3.016693 -5.693405 9.993393 2.356200 0.499311 0.293170
679962158 1.503555 -2.901779 7.977478 2.841774 0.343299 -0.186290
720062256 0.550659 -2.121262 7.407654 2.634707 0.278169 -0.074200
760070800 -0.651230 -1.795654 7.565674 2.389380 0.232203 0.085865
800109863 -0.019150 -0.823608 7.158661 2.365807 0.114547 0.002675
839874267 0.325607 -0.450104 9.107544 2.334728 0.049349 -0.035736
880004882 0.584183 -0.172379 8.925583 2.333171 0.019269 -0.065357
920135498 1.000778 0.119705 9.576813 2.342620 -0.012431 -0.104122
960113525 0.560242 -0.057465 10.927139 2.290640 0.005252 -0.051226
1000213623 0.138870 0.023941 10.328583 2.170074 -0.002318 -0.013444
1039978027 0.727844 0.521942 10.395630 2.151250 -0.050043 -0.069900
1080108642 0.718262 0.478836 10.500977 2.158094 -0.045462 -0.068293
1120178222 1.206680 0.847549 10.237610 2.145731 -0.082034 -0.117326
1160186767 0.670380 0.411804 10.505753 2.164513 -0.039098 -0.063724
1200286865 0.713470 0.392654 10.534485 2.074073 -0.037171 -0.067624
1240051269 0.684738 0.521942 9.682159 2.043783 -0.053722 -0.070604
1280181884 0.622498 0.234634 10.247177 2.094305 -0.022851 -0.060674
1320220947 0.359131 0.100555 9.878479 2.092284 -0.010172 -0.036339
1360229492 0.416595 -0.014359 9.634262 2.119650 0.001489 -0.043214
1400238037 0.541092 -0.201111 10.208878 2.191882 0.019669 -0.052953
1440002441 0.727844 -0.392654 10.189728 2.244589 0.038417 -0.071308
1480133056 0.292099 -0.957687 9.768341 2.277611 0.097684 -0.029894
