0 -0.067032 1.479614 9.615112 1.794128 -0.152683 0.006971
39886474 0.028732 1.508347 9.835388 1.799674 -0.152173 -0.002921
79986572 -0.004791 1.599319 9.701309 1.769215 -0.163386 0.000494
119781494 -0.521942 1.857895 8.700531 1.646984 -0.210012 0.059918
159881592 -0.689529 2.609680 9.203308 1.503177 -0.275572 0.074782
199981689 -0.751785 3.763687 9.428360 1.122077 -0.378716 0.079568
239898682 -0.785294 4.841080 9.624695 0.978830 -0.464703 0.081411
279968262 -0.316040 5.966354 9.471466 0.773935 -0.561885 0.033355
319793701 -1.005569 6.162674 11.990158 0.968829 -0.473344 0.083670
359863281 -1.307236 5.521027 10.606308 1.014739 -0.476865 0.122632
399963379 -0.220261 5.224152 11.434708 0.888690 -0.428481 0.019260
439819336 -1.565811 4.405334 10.467453 1.116577 -0.394418 0.148488
479919433 -4.730942 3.557785 10.568008 1.436741 -0.298115 0.420912
519744873 -0.181961 2.911346 8.700531 1.092421 -0.322840 0.020911
559844971 1.944092 0.258575 8.188171 2.408900 -0.030715 -0.233111
599914551 2.365479 -4.568130 9.806656 2.848691 0.425207 -0.236690
639801025 5.535400 -6.416458 10.936707 -3.070033 0.482240 -0.468540
679870605 2.782059 -9.145844 12.272675 2.886874 0.628474 -0.222920
719696045 -2.207458 -7.632721 13.110641 2.401455 0.521155 0.166807
759765625 -2.916138 -4.788406 7.829041 2.233336 0.520445 0.356557
799865723 -0.684738 -2.475601 8.585602 2.268331 0.279886 0.079586
839752197 0.368713 -1.110916 9.006989 2.219605 0.122618 -0.040914
879852295 0.464478 -0.162811 8.078033 2.066290 0.020119 -0.057436
919708252 0.679947 0.976837 7.704544 1.753604 -0.125631 -0.088025
959808349 0.723053 1.039078 9.672577 1.797209 -0.106719 -0.074614
999908447 0.742203 0.890640 10.113113 1.902907 -0.087607 -0.073259
1039794922 0.038315 0.210693 10.620682 1.991683 -0.019835 -0.003608
1079895019 -0.550659 0.272934 9.672577 1.934801 -0.028164 0.056869
1119720459 -0.047882 0.320816 10.510544 1.965666 -0.030513 0.004556
1159820557 0.316040 0.574615 10.285492 1.942473 -0.055782 -0.030717
1199920654 0.746994 1.077393 9.485825 1.799761 -0.112748 -0.078586
1239898682 0.785294 0.933731 9.854538 1.847548 -0.094173 -0.079520
1280029297 0.263367 0.751785 9.854538 1.858521 -0.076114 -0.026719
1319854736 1.177948 1.355118 9.423584 1.738283 -0.141733 -0.124355
1359954834 0.464478 0.986404 9.543289 1.809796 -0.102874 -0.048632
1400024414 0.411804 1.019928 9.313446 1.837784 -0.108971 -0.044187
1439971924 0.579391 0.962463 9.902420 1.871550 -0.096726 -0.058443
1480072021 0.478836 0.861908 9.682159 1.883479 -0.088678 -0.049415
