0 -0.124496 0.847549 9.169800 1.893314 -0.092158 0.013576
40039063 0.100555 1.211472 8.322250 1.779544 -0.144544 -0.012082
80017090 -0.081406 1.460464 9.595963 1.755714 -0.151031 0.008483
120056153 -0.081406 2.226608 8.734055 1.350640 -0.249607 0.009320
159820557 -0.469269 3.342300 8.872910 1.147935 -0.359787 0.052839
199951172 -1.053452 5.851425 9.447525 0.925232 -0.551772 0.111047
240020752 0.847549 6.924026 11.611877 0.655516 -0.536518 -0.072861
279998780 -2.940079 6.205765 14.121002 1.223008 -0.406304 0.205273
320068360 -0.067032 5.908890 12.708420 0.956469 -0.435218 0.005275
359863281 3.471588 7.479492 14.226349 0.460730 -0.472220 -0.239347
399963379 -2.849106 5.276825 13.996506 1.264696 -0.353882 0.200815
440063477 -0.162811 5.295975 7.264008 0.758675 -0.629852 0.022410
480072022 0.292099 -0.134079 7.723694 1.892622 0.017345 -0.037801
520111084 2.810791 -9.452316 12.713211 2.818185 0.627945 -0.217592
559967041 8.044525 -9.442734 13.742722 -3.033091 0.535245 -0.529590
600067139 4.639969 -7.043747 8.868118 -3.107965 0.613250 -0.482050
640167237 -0.129288 -7.201752 12.842499 2.486346 0.511056 0.010067
680175781 -0.459686 -4.381393 10.817001 2.365765 0.384536 0.042471
720153809 -0.799667 -2.657562 6.239288 2.256957 0.399738 0.127471
760040283 -1.412582 -1.699890 6.636734 2.104734 0.245470 0.209714
800109863 -1.489197 -0.761353 6.684616 2.004309 0.110716 0.219200
840179444 0.847549 1.225830 6.454773 1.764066 -0.186115 -0.130559
880187988 1.599319 2.111679 7.958328 1.608698 -0.254500 -0.198320
920257569 1.766922 2.106903 8.848969 1.900586 -0.229377 -0.197083
960113526 1.058243 1.877060 9.131485 1.917618 -0.201424 -0.115375
1000183106 0.047882 1.005569 9.878479 2.043919 -0.101443 -0.004847
1040252686 -0.181961 0.866699 10.132263 2.053185 -0.085317 0.017957
1080230713 0.373489 1.383850 9.270355 1.984695 -0.148064 -0.040267
1120208740 0.742203 1.474823 10.256760 1.898687 -0.142444 -0.072236
1160095215 0.363922 1.158798 10.390839 1.943966 -0.110995 -0.035009
1200195313 -0.095764 1.154007 9.390060 1.893544 -0.122277 0.010198
1240203858 -0.014359 1.369476 9.289505 1.849706 -0.146367 0.001546
1280181885 -0.067032 1.221039 10.103531 1.899343 -0.120267 0.006634
1320190430 0.110138 1.187531 10.247177 1.910736 -0.115367 -0.010748
1360076905 -0.014359 1.125275 9.763550 1.904557 -0.114746 0.001471
1400177002 0.306458 1.077393 9.792282 1.937276 -0.109531 -0.031286
1440246582 0.129288 0.976837 9.653427 1.943011 -0.100838 -0.013392
1480224610 0.239426 0.670380 9.682159 2.016862 -0.069107 -0.024724
