0 0.167587 -0.090973 9.993393 1.129823 0.009102 -0.016768
40069580 0.191544 -0.009583 9.749191 1.066998 0.000983 -0.019645
79956054 -0.512360 -0.277725 10.180145 1.182020 0.027240 0.050287
120056152 -0.507568 0.153229 9.509766 1.107023 -0.016088 0.053323
159851074 0.416595 0.885849 9.160217 0.857102 -0.096307 -0.045447
199951172 -0.316040 0.905014 9.026138 0.955301 -0.099871 0.035000
240020752 -0.148438 3.998322 9.117126 0.567234 -0.413243 0.016280
279907226 -0.411804 9.835388 9.959885 0.452569 -0.778682 0.041323
320007324 -3.184296 12.986145 12.421112 0.660398 -0.791728 0.250957
359832763 -1.599319 14.815323 12.962204 0.520270 -0.848267 0.122763
399993896 -1.359909 11.889603 9.184158 0.532146 -0.907826 0.147003
440124512 3.246536 -0.450104 9.586380 -0.166339 0.044442 -0.326538
480041504 1.747772 -13.057983 16.352402 2.706556 0.671080 -0.106477
520202637 2.432510 -15.969330 5.329498 -2.970304 1.219188 -0.428183
559967041 0.560242 -12.497726 10.251968 2.758290 0.883064 -0.054593
600067138 -1.489197 -8.777145 13.340500 2.161032 0.579092 0.111170
640106201 0.215485 -5.396530 9.184158 2.276680 0.531125 -0.023458
679992676 0.474045 -3.734955 6.952759 2.288124 0.491989 -0.068075
720092773 0.785294 -1.972824 6.756439 1.723229 0.282294 -0.115710
759918213 0.746994 -0.957687 6.416458 1.150741 0.147181 -0.115897
800018310 0.105347 -0.718262 9.337387 1.082908 0.076767 -0.011282
840087890 -0.177170 -0.837967 9.222458 1.319986 0.090596 0.019208
879974365 0.895432 -0.469269 10.682922 1.133905 0.043746 -0.083623
920013428 0.234634 -1.053452 10.036499 1.331710 0.104551 -0.023374
959838867 0.205902 -0.770935 9.912003 1.269775 0.077605 -0.020770
1000030517 1.010361 -0.196320 10.319016 1.055578 0.018932 -0.097601
1040069580 0.368713 -0.464478 9.682159 1.169595 0.047901 -0.038063
1079956054 0.890640 -0.124496 10.089172 1.035300 0.012291 -0.088049
1120117187 0.282516 -0.498001 10.117889 1.181101 0.049161 -0.027915
1159912109 0.900223 -0.210693 9.974243 1.052605 0.021035 -0.090011
1200012207 0.239426 -0.536301 9.998184 1.193900 0.053573 -0.023942
1240051269 0.483627 -0.426163 10.041275 1.168513 0.042367 -0.048127
1279937744 0.612915 -0.344772 9.639053 1.137769 0.035681 -0.063501
1320190429 0.282516 -0.718262 9.835388 1.254827 0.072869 -0.028717
1360015869 0.512360 -0.387863 9.447525 1.159521 0.040971 -0.054179
1400146484 0.694321 -0.339981 9.725250 1.127500 0.034856 -0.071273
1440246582 0.617706 -0.454895 9.658203 1.212080 0.046969 -0.063870
1480133056 0.565033 -0.023941 9.150635 1.103321 0.002611 -0.061670
