0 0.258575 0.210693 9.758774 0.928710 -0.021579 -0.026491
40069580 0.009583 0.076614 9.490616 0.987491 -0.008072 -0.001010
80047607 -0.100555 0.062256 9.519348 1.004294 -0.006539 0.010563
120056152 -0.134079 0.138870 9.686935 0.989872 -0.014333 0.013840
159851074 -0.086197 0.047882 9.988617 1.001217 -0.004793 0.008629
199920654 0.780502 0.957687 9.854538 0.710270 -0.096578 -0.079037
239990234 0.407013 2.480392 9.739609 0.596363 -0.249161 -0.041765
279968262 -0.296875 3.993530 9.840164 0.592216 -0.385372 0.030161
320037842 0.957687 7.489059 11.851303 0.348764 -0.562090 -0.080633
359832764 -0.100555 9.131485 11.851303 0.424847 -0.656478 0.008485
399902344 -2.422928 7.848190 10.635040 0.660454 -0.623706 0.224002
440032959 1.685516 9.562439 13.685257 0.285799 -0.606350 -0.122546
480102539 -2.164352 9.763550 9.466675 0.610823 -0.788100 0.224765
520141602 -1.781281 6.186615 10.400406 0.750609 -0.530290 0.169624
559906006 6.852203 2.384628 7.848190 -0.750623 -0.225007 -0.717749
600036621 6.406891 -6.952759 6.454773 -2.415569 0.652711 -0.781675
640136719 -1.230621 -14.068329 13.158539 2.447146 0.816628 0.093251
680175781 2.116470 -12.373230 10.371689 2.875499 0.863112 -0.201299
720245361 -4.065353 -9.222458 11.822571 2.090189 0.635568 0.331198
760009766 -4.453217 -5.631165 9.801865 1.868842 0.481916 0.426443
800140381 -1.656784 -3.055008 8.125916 1.886383 0.352954 0.201132
840240479 -0.622498 -2.298431 8.858551 1.810401 0.253263 0.070155
880249023 0.574615 -0.397430 6.991074 1.257370 0.056597 -0.082008
920257568 1.958450 1.082184 8.279144 0.577790 -0.126522 -0.232282
960052490 0.895432 0.402222 9.155426 1.075467 -0.043696 -0.097493
1000122070 0.842758 0.636856 9.485825 1.031333 -0.066775 -0.088611
1040222168 0.062256 -0.019150 9.682159 1.281368 0.001978 -0.006430
1080261230 0.009583 -0.081406 9.662994 1.299704 0.008424 -0.000992
1120330811 2.001556 0.972046 10.687714 0.810115 -0.089159 -0.185132
1160095215 2.078171 1.431732 10.055649 0.665783 -0.138541 -0.203798
1200225830 0.057465 0.325607 9.998184 1.196746 -0.032555 -0.005747
1240325928 0.809235 0.790085 9.787491 1.013104 -0.080277 -0.082493
1280334473 0.842758 0.962463 9.418793 0.959938 -0.101430 -0.089239
1320343018 -0.090973 0.402222 9.466675 1.165512 -0.042461 0.009610
1360107422 0.584183 0.794876 9.605545 1.011534 -0.082412 -0.060742
1400238037 0.536301 0.751785 10.151413 1.038811 -0.073820 -0.052781
1440368652 0.138870 0.464478 9.763550 1.133856 -0.047532 -0.014222
1480377197 0.469269 0.665588 9.969452 1.060318 -0.066590 -0.047036
