0 0.541092 1.441315 9.945511 2.254169 -0.143710 -0.054352
39825439 0.344772 1.651993 9.945511 2.180978 -0.164504 -0.034652
79956054 0.536301 1.915359 10.165787 2.156221 -0.185976 -0.052707
119995117 0.272934 2.111679 10.132263 2.025209 -0.205398 -0.026931
159912109 -0.416595 1.968033 9.035721 1.940229 -0.214236 0.046073
200012207 -0.392654 2.432510 8.858551 1.810716 -0.267739 0.044296
239837646 -0.129288 2.968811 8.916000 1.668443 -0.321397 0.014500
279907226 -0.081406 4.118027 9.428360 1.397765 -0.411784 0.008634
320037841 -0.426163 4.841080 9.739609 1.211892 -0.460904 0.043728
359863281 -0.541092 6.090851 9.610321 1.012442 -0.564174 0.056244
400024414 -1.991974 8.106766 9.907211 1.032682 -0.676090 0.198417
439849853 -0.694321 11.171341 10.352524 0.688311 -0.822303 0.066967
479949951 -2.011124 10.649414 10.500977 0.896562 -0.783411 0.189226
520111084 0.660797 10.194504 8.159439 0.526894 -0.894231 -0.080809
560028076 9.581589 8.207321 4.946426 -1.257845 -0.650588 -1.094239
600158691 -1.570602 -5.755661 14.882355 2.477129 0.367168 0.105145
639984130 3.620026 -11.200073 9.624695 3.100550 0.828062 -0.359751
680236816 5.243301 -12.430695 14.053970 3.094407 0.691999 -0.357089
720275878 -3.141190 -12.334930 19.000381 2.431101 0.569668 0.163841
760162353 -2.015915 -6.593628 10.352524 2.403442 0.558720 0.192320
800292968 -1.144424 -3.131622 6.392517 2.375418 0.449324 0.177149
840087890 1.651993 -1.163589 6.981491 2.650371 0.160789 -0.232351
880310058 2.331955 0.124496 7.608780 2.594158 -0.015643 -0.297393
920410156 0.421387 -0.177170 7.603989 2.448216 0.023260 -0.055360
960174560 0.641647 0.301666 8.011002 2.408957 -0.037519 -0.079925
1000274658 1.493988 0.742203 9.873688 2.470452 -0.074187 -0.150171
1040069580 2.073380 1.297653 10.060440 2.492521 -0.125665 -0.203247
1080352783 0.588974 0.469269 9.619904 2.367615 -0.048651 -0.061148
1120361328 0.512360 0.660797 9.155426 2.268450 -0.071938 -0.055904
1160247802 0.627274 0.445328 9.773132 2.316779 -0.045442 -0.064096
1200378418 1.249771 0.890640 10.261551 2.332713 -0.085945 -0.121195
1240142822 1.498764 1.058243 9.361328 2.348114 -0.111162 -0.158754
1280364990 1.019928 0.995987 9.600754 2.282449 -0.102796 -0.105837
1320373535 1.019928 0.837967 10.242401 2.261620 -0.081232 -0.099252
1360290527 1.115692 0.866699 10.644623 2.269568 -0.080801 -0.104431
1400390625 0.857117 0.852341 10.070007 2.237402 -0.084137 -0.084911
1440155029 0.483627 0.675171 10.084381 2.221443 -0.066776 -0.047921
1480194091 0.742203 0.871490 10.046066 2.219536 -0.086299 -0.073746
