0 0.847549 0.837967 9.840164 2.258068 -0.084641 -0.085920
40039063 0.732620 1.197098 9.576813 2.168846 -0.123996 -0.076351
79864502 0.727844 1.690308 9.351746 2.032469 -0.178289 -0.077673
119934082 -0.210693 1.197098 9.308655 2.047992 -0.127866 0.022630
160003663 -0.426163 0.799667 10.587158 2.127476 -0.075328 0.040231
200012207 0.100555 1.379059 10.256760 2.066692 -0.133646 -0.009804
240081788 -0.354340 2.418137 9.811432 1.630532 -0.241494 0.036099
279876709 -1.149216 4.247314 9.811432 1.296906 -0.406060 0.116599
319976807 -1.742981 6.473923 10.022125 1.088352 -0.566762 0.172191
360015870 -2.724594 8.619125 12.823349 1.109996 -0.581606 0.209358
400054932 -3.634399 9.912003 12.220001 1.101089 -0.660853 0.289083
440093995 -2.561798 13.450623 13.958191 0.820837 -0.758608 0.181514
479919434 -2.949661 11.530472 7.005432 0.910723 -0.987968 0.398523
519989014 0.914581 5.324707 12.277466 0.912897 -0.408205 -0.074355
560058594 3.112457 -7.422028 9.706100 3.130307 0.629373 -0.310311
600067139 5.353439 -13.986923 7.575256 -2.833132 0.985205 -0.615209
640136719 4.553772 -12.488159 13.417114 3.091255 0.722433 -0.327201
679931641 -1.292862 -12.914322 13.206421 2.647938 0.771832 0.097586
720092774 -5.046982 -8.762772 10.970230 2.309442 0.627744 0.431190
760223389 -1.302444 -4.874588 8.542511 2.516005 0.513610 0.151301
800231934 0.574615 -2.284073 9.749191 2.601943 0.229748 -0.058872
840270997 -0.359131 -1.905792 7.038956 2.464816 0.264082 0.050976
880065918 0.296875 -0.632065 7.671021 2.406583 0.082150 -0.038682
920196534 0.847549 -0.071823 8.978256 2.390061 0.007964 -0.094121
960296631 1.154007 -0.134079 9.021347 2.459052 0.014741 -0.127229
1000335694 1.517929 0.124496 9.897629 2.464943 -0.012432 -0.152177
1040374756 1.063019 -0.086197 9.662994 2.371008 0.008867 -0.109569
1080139161 0.407013 -0.119705 8.485046 2.288236 0.014091 -0.047932
1120269776 1.498764 0.512360 10.295074 2.328759 -0.049209 -0.144565
1160308838 1.077393 0.483627 10.050858 2.267602 -0.047807 -0.106786
1200317383 0.603333 0.244202 9.519348 2.244989 -0.025596 -0.063295
1240356446 0.426163 -0.330399 9.682159 2.292538 0.034078 -0.043987
1280151368 0.043091 -0.143646 9.543289 2.215662 0.015051 -0.004515
1320251465 0.339981 -0.225052 9.586380 2.265628 0.023457 -0.035450
1360382081 0.842758 -0.023941 10.912766 2.288641 0.002187 -0.077074
1400390625 0.306458 -1.024719 11.310211 2.346216 0.090322 -0.027089
1440429688 -0.196320 -1.216248 10.975021 2.310096 0.110352 0.017886
