0 0.981628 0.780502 9.758774 2.327210 -0.079411 -0.100252
40069580 1.101334 0.689529 9.682159 2.369045 -0.070642 -0.113262
79864502 0.905014 0.938522 9.844955 2.280362 -0.094646 -0.091669
119750976 0.938522 1.470047 9.437943 2.150642 -0.153771 -0.099116
159851074 0.411804 1.757339 9.265564 1.903303 -0.187257 -0.044415
199707031 -0.761353 1.407791 9.030930 1.899986 -0.154103 0.084106
239837646 -0.814026 1.891418 9.758774 1.824185 -0.190797 0.083222
279663086 -0.287308 3.016693 9.442734 1.541196 -0.309090 0.030417
319763183 -0.215485 3.907333 8.757996 1.254002 -0.419531 0.024599
359863281 -0.205902 4.620804 9.686935 0.972158 -0.445003 0.021252
399719238 0.339981 5.746078 10.912766 0.796032 -0.484459 -0.031144
439910888 -0.110138 6.287170 11.683701 0.858025 -0.493654 0.009426
479736328 -0.019150 7.489059 10.917557 0.684197 -0.601243 0.001754
519836425 -2.130844 9.117126 9.035721 0.842697 -0.776353 0.231593
559936523 1.201889 7.757217 9.131485 0.494046 -0.699971 -0.130868
599884033 4.778824 2.983170 10.467453 -1.176047 -0.253670 -0.428280
640045166 0.201111 -7.690170 14.437042 2.644251 0.489400 -0.013929
679870605 0.962463 -12.722794 11.434708 2.824561 0.836913 -0.083972
719940185 -0.761353 -11.827362 14.911087 2.639815 0.669942 0.051015
760070800 -3.548203 -10.151413 12.239166 2.376540 0.672676 0.282170
799957275 -1.790863 -5.612015 10.165787 2.405743 0.497976 0.174377
840057373 0.521942 -3.069366 7.235275 2.621306 0.400280 -0.072014
879882812 1.029510 -1.283295 7.374146 2.548382 0.170678 -0.138714
919952392 -0.052673 -1.369476 6.957550 2.370912 0.194343 0.007571
960144043 0.435745 -0.177170 7.441177 2.419440 0.023764 -0.058492
1000061035 1.134857 0.057465 9.418793 2.476235 -0.006057 -0.119911
1040222168 1.843536 0.991196 9.385269 2.465981 -0.103263 -0.193959
1079986572 1.637634 1.096542 9.773132 2.391196 -0.110209 -0.166023
1120086670 0.541092 0.584183 9.768341 2.298232 -0.059641 -0.055336
1160125732 0.105347 0.464478 9.160217 2.198567 -0.050659 -0.011500
1200012207 0.871490 0.972046 9.576813 2.205182 -0.100740 -0.090750
1240142822 1.297653 1.211472 9.897629 2.219081 -0.120771 -0.130364
1279937744 1.015137 1.374268 9.323029 2.137599 -0.145504 -0.108458
1320007324 0.876282 1.240204 9.595963 2.153165 -0.128003 -0.091065
1360321045 0.550659 1.130066 10.199295 2.107390 -0.110189 -0.053938
1400085449 -0.014359 0.751785 10.180145 2.117840 -0.073714 0.001410
1440155029 0.153229 1.106125 10.093948 2.075506 -0.109135 -0.015179
1479949951 0.507568 1.019928 10.620682 2.126813 -0.095630 -0.047754
