0 0.767877 0.519408 -0.636119 -0.760487 -0.756223 9.747828 0.616660 0.077190 0.077858
19958496 0.696376 0.790165 -0.663801 -0.727495 -0.811980 9.745862 0.615411 0.082894 0.074508
39916992 -0.576187 1.188122 -0.967148 -0.671350 -0.889845 9.743093 0.643939 0.090864 0.068796
59875489 -0.571300 1.872842 -0.881076 -0.671350 -0.889845 9.743093 0.605681 0.090864 0.068796
79864502 -0.587027 2.354540 -0.488782 -0.594869 -0.986480 9.738756 0.626350 0.100763 0.061007
99822998 -0.394183 2.966632 -0.051471 -0.497498 -1.090752 9.733095 0.621300 0.111456 0.051070
119781494 0.088093 3.609276 1.574133 -0.417099 -1.200815 9.723911 0.605190 0.122757 0.042868
139739990 0.085125 4.745982 2.803552 -0.381855 -1.273299 9.716134 0.594081 0.130208 0.039281
159698487 0.549052 5.979014 2.875747 -0.378455 -1.273745 9.716209 0.605546 0.130254 0.038931
179656983 0.636256 7.730948 2.191032 -0.363094 -1.212407 9.724640 0.586066 0.123948 0.037320
199615479 0.382754 8.346224 1.304687 -0.311129 -1.119898 9.737526 0.593358 0.114447 0.031941
219573975 -1.091226 8.796835 0.738921 -0.191467 -1.030925 9.750432 0.605421 0.105320 0.019634
239532471 -2.227861 8.805177 -0.453571 -0.038894 -0.940382 9.761380 0.592358 0.096040 0.003984
259490967 -0.124506 9.467594 2.437534 0.092418 -0.915783 9.763360 0.597306 0.093520 -0.009465
279449463 2.677629 9.268065 6.693110 0.139043 -0.878327 9.766248 0.575804 0.089685 -0.014236
299438477 0.676856 8.365191 4.490728 0.132918 -0.638185 9.784960 0.587200 0.065123 -0.013583
319396973 -3.622601 7.494085 -0.101152 0.136622 -0.281238 9.801664 0.594326 0.028682 -0.013938
339355469 -2.263424 6.759377 -0.587911 0.269673 -0.057476 9.802773 0.593799 0.005861 -0.027503
359313965 0.119798 4.533345 1.610224 0.475680 0.011380 9.795100 0.572037 -0.001160 -0.048525
379272461 2.062475 -0.201202 5.322765 0.543426 0.048946 9.791459 0.534970 -0.004991 -0.055443
399230957 5.245327 -4.664797 7.451271 0.405449 0.195023 9.796324 0.516854 -0.019888 -0.041364
419189453 4.586685 -6.521658 0.961143 0.054847 0.621474 9.786784 0.529702 -0.063415 -0.005604
439147949 -5.778244 -9.154608 -9.099865 -0.326272 1.203136 9.727097 0.565217 -0.122996 0.033530
459106446 -9.230922 -11.205958 -8.646340 -0.268026 1.403958 9.701930 0.587753 -0.143658 0.027619
479064942 0.233070 -11.809665 4.076404 0.166388 0.967884 9.757352 0.570343 -0.098858 -0.017051
499053955 3.361364 -12.407939 7.725597 0.393334 0.546127 9.783527 0.542950 -0.055718 -0.040182
519012451 0.904584 -11.030703 -0.485804 0.219092 0.591523 9.786342 0.543463 -0.060355 -0.022384
538970947 -1.272524 -9.289650 -5.192238 -0.042460 0.746198 9.778127 0.526370 -0.076165 0.004342
558929444 -1.159430 -7.993539 -0.437587 -0.106307 0.606967 9.787271 0.533412 -0.061933 0.010861
578887940 0.411105 -5.896730 2.077731 -0.004152 0.341065 9.800716 0.540973 -0.034786 0.000424
598846436 1.050780 -5.381965 0.910485 0.148724 0.183651 9.803802 0.517402 -0.018728 -0.015169
618804932 1.513427 -4.986202 -0.294587 0.236545 0.114354 9.803130 0.503649 -0.011661 -0.024125
638763428 1.576159 -3.760823 -1.317881 0.243169 0.101721 9.803106 0.508297 -0.010373 -0.024800
658721924 0.864003 -3.309738 -2.388448 0.209416 0.126124 9.803603 0.516850 -0.012861 -0.021358
678680420 -0.011320 -2.989577 -1.576403 0.174877 0.134872 9.804163 0.505762 -0.013754 -0.017835
698669434 -0.008834 -2.175164 -0.734397 0.135776 0.140429 9.804704 0.499840 -0.014320 -0.013847
718627930 0.147364 -1.744045 -1.901965 0.085456 0.183208 9.804566 0.530741 -0.018683 -0.008716
738586426 0.112226 -0.942633 -2.230584 0.039431 0.226363 9.803958 0.523775 -0.023085 -0.004022
758544922 -0.554669 -0.593532 -1.075446 -0.030889 0.229678 9.803912 0.493613 -0.023423 0.003151
778503418 -0.319713 -0.233160 -0.645462 -0.120840 0.220661 9.803423 0.516467 -0.022503 0.012326
798461914 0.451175 -0.194386 -0.670019 -0.169236 0.214682 9.802840 0.530431 -0.021893 0.017262
818420410 0.064987 -0.352236 0.127316 -0.222105 0.199873 9.802096 0.521542 -0.020383 0.022655
838378906 -0.261329 -0.091092 0.812377 -0.339081 0.185282 9.799035 0.523635 -0.018895 0.034590
858337403 -0.331087 -0.256688 0.910527 -0.448696 0.187419 9.794587 0.529070 -0.019113 0.045779
878295899 0.739190 -0.382308 1.029694 -0.481589 0.200753 9.792761 0.518095 -0.020473 0.049138
898284912 0.568120 -0.296593 0.667979 -0.481589 0.200753 9.792761 0.529601 -0.020473 0.049138
918243408 -0.321044 -0.043927 0.060158 -0.482743 0.225153 9.792172 0.543096 -0.022961 0.049259
938201905 -0.485241 0.132283 0.002263 -0.489002 0.240646 9.791494 0.541647 -0.024542 0.049900
958160401 -0.413432 -0.004464 0.396863 -0.482809 0.241604 9.791779 0.536865 -0.024639 0.049268
978118897 -0.157678 -0.122264 0.132613 -0.463514 0.249023 9.792524 0.568364 -0.025396 0.047298
998077393 -0.344803 -0.038930 -0.321270 -0.446263 0.271071 9.792740 0.552889 -0.027645 0.045539
1018035889 -0.566017 0.089156 -0.153952 -0.426781 0.283563 9.793254 0.549979 -0.028919 0.043551
1037994385 -0.089162 0.104890 -0.362345 -0.397076 0.294383 9.794186 0.555216 -0.030023 0.040520
1057952881 0.059365 -0.064381 -0.138610 -0.399964 0.307458 9.793666 0.534884 -0.031357 0.040816
1077911377 -0.442907 -0.169829 -0.269521 -0.448053 0.328353 9.790904 0.554317 -0.033489 0.045730
1097900391 -0.814040 0.054330 -0.646532 -0.477407 0.342883 9.789020 0.546220 -0.034971 0.048731
1117858887 -0.063062 0.142284 -0.488531 -0.446333 0.334296 9.790782 0.549559 -0.034095 0.045555
1137817383 0.369984 -0.080210 -0.204493 -0.402433 0.318207 9.793221 0.548191 -0.032454 0.041070
1157775879 0.350192 -0.162719 -0.411372 -0.414169 0.315678 9.792814 0.530997 -0.032196 0.042268
1177734375 0.071734 -0.017841 -0.742513 -0.447238 0.321660 9.791164 0.541417 -0.032806 0.045646
1197692871 -0.223719 0.057079 -0.400522 -0.461094 0.310950 9.790868 0.549661 -0.031713 0.047060
1217651367 -0.463870 0.013247 0.069045 -0.477036 0.288688 9.790786 0.555529 -0.029442 0.048684
1237609864 -0.190381 0.064760 -0.078892 -0.500293 0.274995 9.790019 0.535936 -0.028045 0.051058
1257568360 0.289846 -0.121861 0.021593 -0.510483 0.261745 9.789856 0.543768 -0.026694 0.052097
1277526856 0.518731 -0.343579 0.226913 -0.516670 0.247205 9.789909 0.551116 -0.025211 0.052727
1297515869 0.235009 -0.272560 0.021616 -0.525272 0.243836 9.789536 0.543189 -0.024867 0.053605
1317474365 0.138550 -0.108375 -0.021102 -0.538469 0.239835 9.788918 0.538078 -0.024459 0.054953
1337432862 0.090836 -0.227455 0.184791 -0.547395 0.228846 9.788686 0.548390 -0.023338 0.055863
1357391358 0.018062 -0.191745 0.323269 -0.566727 0.218585 9.787821 0.533212 -0.022291 0.057837
1377349854 -0.180586 -0.143028 0.526616 -0.589712 0.211549 9.786617 0.546638 -0.021574 0.060184
1397308350 -0.368795 -0.180644 0.509129 -0.592020 0.210654 9.786497 0.541074 -0.021482 0.060420
1417266846 -0.087335 0.161041 0.272600 -0.580793 0.219520 9.786975 0.557070 -0.022387 0.059274
1437225342 -0.165644 -0.109192 0.033016 -0.565256 0.236960 9.787477 0.548780 -0.024166 0.057689
1457183838 -0.167975 -0.233532 0.085222 -0.558744 0.253444 9.787439 0.555853 -0.025847 0.057026
1477142334 -0.371427 -0.228550 0.021741 -0.551580 0.267683 9.787466 0.559252 -0.027299 0.056296
1497131348 -0.389844 -0.155896 -0.308867 -0.525226 0.281879 9.788517 0.558530 -0.028748 0.053606
