0 -0.916830 0.895121 -1.185219 -0.562330 -0.597228 9.772282 0.634532 0.060938 0.057480
19958496 -1.083683 1.805618 -1.903251 -0.617427 -0.604952 9.768480 0.654824 0.061727 0.063122
39916992 -1.026985 2.662708 -1.001893 -0.628407 -0.668787 9.763617 0.629932 0.068250 0.064273
59875488 -1.190057 3.777195 -0.204742 -0.613578 -0.750933 9.758586 0.602165 0.076649 0.062793
79833984 -2.068023 4.221607 0.327352 -0.599013 -0.822081 9.753756 0.596701 0.083927 0.061337
99792481 -2.298130 4.563977 1.088712 -0.591983 -0.933848 9.744120 0.577088 0.095371 0.060678
119750977 -2.145975 5.004655 2.259799 -0.591983 -0.933848 9.744120 0.585553 0.095371 0.060678
139709473 -2.453614 5.565633 2.139697 -0.670206 -0.788905 9.751864 0.560244 0.080533 0.068618
159698486 -1.499291 6.398366 0.281813 -0.670206 -0.788905 9.751864 0.527800 0.080533 0.068618
179656983 0.345172 7.302337 -1.545009 -0.879905 -0.495038 9.754541 0.495709 0.050501 0.089961
199615479 2.667349 8.423155 -0.571541 -0.879905 -0.495038 9.754541 0.472801 0.050501 0.089961
219573975 1.915595 8.912037 1.490969 -0.827332 -0.394683 9.763715 0.461347 0.040257 0.084533
239532471 -1.344643 7.587759 3.113150 -0.591115 -0.098909 9.788319 0.411727 0.010086 0.060317
259490967 -3.467573 6.139825 2.983168 -0.591115 -0.098909 9.788319 0.435240 0.010086 0.060317
279449463 -1.866470 5.946358 2.660047 -0.612433 0.080350 9.787178 0.413752 -0.008194 0.062494
299407959 1.376377 6.527839 2.179617 -0.675470 0.273493 9.779536 0.382843 -0.027892 0.068960
319366455 1.769142 5.587126 -1.642529 -0.842973 0.452634 9.759863 0.343159 -0.046172 0.086158
339324951 -0.904177 1.846521 -2.770013 -1.264581 0.402602 9.716435 0.307564 -0.041065 0.129421
359283447 -0.778607 -1.100154 2.991356 -1.542545 0.140649 9.683551 0.343529 -0.014343 0.157968
379272461 1.229859 -3.592369 4.679923 -1.436024 0.032290 9.700886 0.363540 -0.003293 0.146963
399230957 2.790957 -5.650621 4.646261 -1.196398 0.086914 9.733008 0.361666 -0.008863 0.122308
419189453 3.491980 -7.874206 2.288138 -1.065431 0.233519 9.745805 0.373817 -0.023815 0.108890
439147949 5.446265 -8.323870 -1.888095 -1.042728 0.453853 9.740489 0.363828 -0.046297 0.106645
459106445 4.186672 -8.811855 -4.965696 -1.092577 0.592231 9.727586 0.373476 -0.060428 0.111849
479064942 0.961077 -9.586637 -3.179449 -1.000052 0.531476 9.741037 0.419630 -0.054222 0.102305
499023438 -1.291200 -10.124155 0.485178 -0.635178 0.392717 9.778175 0.483640 -0.040057 0.064868
518981934 -1.984428 -9.759026 2.405116 -0.159597 0.326908 9.799901 0.514131 -0.033342 0.016284
538940430 -2.344618 -8.889140 0.420089 0.126336 0.349271 9.799614 0.500572 -0.035623 -0.012891
558898926 -1.320866 -6.996223 -1.547451 0.227791 0.360422 9.797377 0.498720 -0.036761 -0.023246
578857422 0.635586 -4.645434 -0.174479 0.348597 0.282694 9.796374 0.509199 -0.028831 -0.035569
598846436 1.190053 -3.287042 2.048208 0.561215 0.163399 9.789215 0.519494 -0.016663 -0.057267
618804932 0.053252 -3.533406 2.900073 0.805419 0.097813 9.773029 0.537775 -0.009974 -0.082227
638763428 -0.327831 -4.368687 3.358421 1.006678 0.085497 9.754470 0.534317 -0.008718 -0.102838
658721924 -0.877511 -3.622172 2.545939 1.055453 0.101741 9.749156 0.522096 -0.010375 -0.107841
678680420 -1.669994 -3.348061 -0.055218 0.943713 0.173492 9.759595 0.542916 -0.017692 -0.096396
698638916 -1.653656 -2.774855 -1.845709 0.784364 0.267557 9.771570 0.523829 -0.027287 -0.080098
718597412 -0.937352 -1.709964 -2.419830 0.673616 0.364552 9.776693 0.510238 -0.037183 -0.068791
738555908 0.075646 -1.129522 -2.568671 0.638277 0.468147 9.774652 0.523215 -0.047756 -0.065207
758514404 0.739024 -0.580016 -2.318069 0.682491 0.598609 9.764541 0.497708 -0.061079 -0.069781
778472901 0.794792 -0.167463 -1.789160 0.682491 0.598609 9.764541 0.497740 -0.061079 -0.069781
798431397 1.351098 0.194571 -1.288811 0.713525 0.612765 9.761444 0.481668 -0.062525 -0.072966
818420410 1.422884 0.325480 -0.649581 0.746875 0.589587 9.760377 0.490020 -0.060157 -0.076372
838378906 0.944161 -0.062211 -0.146127 0.746792 0.594233 9.760101 0.483567 -0.060632 -0.076366
858337402 0.205473 -0.341707 0.027420 0.746792 0.594233 9.760101 0.499589 -0.060632 -0.076366
878295899 -0.213524 -0.591602 -0.047691 0.738471 0.624756 9.758828 0.488072 -0.063751 -0.075528
898254395 -0.251851 -0.395784 -0.347731 0.716951 0.664027 9.757840 0.493771 -0.067764 -0.073343
918212891 -0.027663 -0.205390 -0.951319 0.673984 0.703019 9.758171 0.477127 -0.071750 -0.068959
938171387 0.621942 0.225699 -1.260302 0.636806 0.733282 9.758441 0.482904 -0.074844 -0.065164
958129883 0.571527 0.324823 -1.243469 0.624420 0.757607 9.757383 0.488120 -0.077331 -0.063907
978088379 0.166847 -0.005025 -0.945928 0.632142 0.769093 9.755987 0.450731 -0.078506 -0.064705
998046875 -0.315604 -0.349051 -0.582151 0.644509 0.768909 9.755192 0.487010 -0.078487 -0.065972
1018035889 0.122311 -0.084098 -0.311735 0.679921 0.766938 9.752943 0.472834 -0.078286 -0.069602
1037994385 0.772096 0.246132 -0.177722 0.676583 0.762354 9.753534 0.477377 -0.077817 -0.069257
1057952881 0.922321 0.339817 -0.025109 0.676583 0.762354 9.753534 0.489403 -0.077817 -0.069257
1077911377 0.527666 0.169004 -0.106862 0.669972 0.764415 9.753830 0.456954 -0.078028 -0.068580
1097869873 0.248970 0.053558 0.112524 0.662396 0.762868 9.754469 0.479549 -0.077870 -0.067803
1117828369 0.014116 -0.116671 0.216088 0.658516 0.763334 9.754695 0.475219 -0.077917 -0.067405
1137786865 -0.172462 -0.273731 0.351775 0.644240 0.765904 9.755446 0.478447 -0.078180 -0.065943
1157745361 0.081293 -0.155082 0.364492 0.615143 0.769623 9.757031 0.490476 -0.078561 -0.062963
1177703858 0.063535 -0.067666 0.041371 0.591039 0.789756 9.756912 0.475458 -0.080620 -0.060503
1197662354 0.065362 0.044724 -0.256454 0.584824 0.826943 9.754206 0.482667 -0.084425 -0.059884
1217620850 0.455848 0.000241 -0.310819 0.583065 0.858426 9.751591 0.489513 -0.087647 -0.059721
1237609863 0.347529 0.094346 -0.146788 0.580518 0.879166 9.749894 0.480824 -0.089770 -0.059471
1257568359 0.487962 -0.146705 0.378950 0.573918 0.890501 9.749258 0.487648 -0.090931 -0.058800
1277526856 0.168447 -0.113454 0.048480 0.557811 0.911168 9.748282 0.491193 -0.093047 -0.057159
1297485352 -0.249952 -0.247635 0.042938 0.527663 0.930635 9.748122 0.494230 -0.095041 -0.054077
1317443848 0.079913 -0.314180 0.357726 0.495833 0.940350 9.748860 0.502150 -0.096037 -0.050817
1337402344 0.277217 -0.252256 0.133759 0.467475 0.958914 9.748453 0.486106 -0.097939 -0.047917
1357360840 0.229775 -0.377475 0.084474 0.452055 0.983204 9.746760 0.493691 -0.100428 -0.046347
1377319336 0.282617 -0.550205 0.368112 0.466004 1.012708 9.743083 0.498858 -0.103452 -0.047793
1397277832 0.217214 -0.771516 0.367030 0.513782 1.060919 9.735546 0.515550 -0.108396 -0.052725
1417236328 0.037098 -1.076095 0.382962 0.574489 1.119441 9.725595 0.524986 -0.114401 -0.059001
1437225342 0.542459 -1.181435 0.672705 0.649385 1.184626 9.713153 0.516092 -0.121094 -0.066757
1457183838 0.553942 -1.005437 0.105382 0.713820 1.265885 9.698370 0.495140 -0.129446 -0.073470
1477142334 0.043601 -1.308645 -0.529953 0.735911 1.343854 9.686221 0.483602 -0.137468 -0.075829
1497100830 0.076397 -1.889967 -0.057981 0.777365 1.408302 9.673820 0.510417 -0.144105 -0.080185
1517059326 0.930950 -2.218771 0.919962 0.883887 1.482517 9.653563 0.531408 -0.151756 -0.091306
