0 -0.318060 0.268873 -0.309180 -0.255413 -0.781930 9.772089 0.596484 0.079819 0.026131
19958496 -0.362796 0.206217 -0.635270 -0.257219 -0.778449 9.772320 0.580627 0.079463 0.026315
39916992 0.025228 0.198837 -0.563004 -0.255654 -0.792704 9.771215 0.584850 0.080922 0.026158
59875489 0.299539 0.260405 -0.052800 -0.246277 -0.823974 9.768869 0.569627 0.084121 0.025205
79833985 0.357588 0.335688 -0.145441 -0.238056 -0.852145 9.766656 0.571638 0.087004 0.024370
99792481 0.346711 0.554094 -0.298967 -0.229065 -0.879717 9.764426 0.578463 0.089827 0.023455
119750977 0.358958 0.715860 -0.464531 -0.198974 -0.916452 9.761706 0.571271 0.093589 0.020380
139709473 0.583199 1.103485 -0.171023 -0.148830 -0.968531 9.757570 0.583035 0.098924 0.015252
159698487 0.703881 1.521792 -0.236370 -0.099966 -1.021320 9.752810 0.570992 0.104335 0.010250
179656983 0.636426 2.008158 -0.405350 -0.052870 -1.066537 9.748338 0.578968 0.108972 0.005423
199615479 0.313849 2.742777 -0.588769 0.019668 -1.112918 9.743275 0.581904 0.113731 -0.002019
219573975 0.313830 3.823387 -0.465341 0.122502 -1.177999 9.734870 0.587175 0.120413 -0.012583
239532471 -0.543779 5.194283 0.352322 0.233321 -1.268481 9.721466 0.569828 0.129712 -0.023996
259490967 -1.597136 6.744179 1.378573 0.349430 -1.361657 9.705368 0.586317 0.139300 -0.035988
279449463 -1.148500 7.951271 1.962561 0.445572 -1.422482 9.692698 0.575243 0.145566 -0.045938
299407959 -0.167774 8.753542 2.672423 0.485399 -1.432013 9.689382 0.557545 0.146549 -0.050054
319366455 0.881057 8.557257 3.308612 0.466705 -1.361455 9.700464 0.535997 0.139280 -0.048075
339324951 0.330438 8.345387 3.113621 0.365108 -1.182158 9.728288 0.524496 0.120840 -0.037513
359313965 0.281287 8.691959 1.667074 0.211087 -0.896469 9.763308 0.512409 0.091542 -0.021617
379272461 0.450246 8.959455 3.663840 0.001231 -0.619644 9.787054 0.503818 0.063228 -0.000126
399230957 1.718008 8.748926 4.435108 -0.206000 -0.325886 9.799068 0.497796 0.033237 0.021019
419189453 4.105613 7.009274 2.035324 -0.338123 -0.000512 9.800819 0.496138 0.000052 0.034486
439147950 4.178879 4.341551 1.079052 -0.364592 0.272929 9.796069 0.462289 -0.027835 0.037201
459106446 0.569734 2.525747 3.043875 -0.547065 0.473677 9.779915 0.453816 -0.048320 0.055879
479064942 -3.120070 0.497226 -0.367895 -0.947455 0.721506 9.734072 0.461015 -0.073640 0.097028
499023438 -3.063159 -1.619666 -3.249332 -1.235138 0.881613 9.688528 0.477545 -0.090021 0.126801
518981934 -1.374190 -5.448385 -1.057154 -1.312750 0.830901 9.682804 0.466537 -0.084830 0.134754
538970948 -0.237181 -9.622217 1.249863 -1.288390 0.657648 9.699379 0.461999 -0.067112 0.132059
558929444 2.061587 -11.070263 2.534568 -1.065829 0.426784 9.739213 0.477987 -0.043534 0.109003
578887940 -0.644890 -12.478531 1.067383 -0.798238 0.261520 9.770609 0.484358 -0.026671 0.081517
598846436 -4.561558 -12.507760 -0.447073 -0.654008 0.199980 9.782773 0.494557 -0.020394 0.066754
618804932 -2.571072 -10.331337 0.559153 -0.625792 0.124296 9.785873 0.489447 -0.012675 0.063862
638763428 -0.141570 -8.988068 1.096225 -0.690770 0.069400 9.782044 0.480475 -0.007077 0.070499
658721924 0.798739 -7.585737 1.098024 -0.773085 0.038310 9.776054 0.508553 -0.003907 0.078915
678680420 1.475227 -6.128118 -0.661588 -0.736409 0.043715 9.778864 0.510734 -0.004458 0.075164
698638916 0.709876 -5.092900 -0.953075 -0.571460 0.056069 9.789825 0.525834 -0.005718 0.058307
718597412 -0.642048 -4.319012 -0.438548 -0.382098 0.055188 9.799047 0.519061 -0.005628 0.038974
738586426 -0.005439 -3.301704 -1.814158 -0.209154 0.090356 9.804003 0.553387 -0.009214 0.021330
758544922 0.794643 -2.796194 -4.123142 -0.018420 0.169323 9.805171 0.560209 -0.017267 0.001879
778503418 0.031993 -2.348054 -3.842669 0.162663 0.205183 9.803154 0.558355 -0.020924 -0.016591
798461914 -1.492700 -1.602842 -1.815730 0.288721 0.178847 9.800767 0.558353 -0.018238 -0.029451
818420410 -0.653395 -0.920995 -0.649922 0.353284 0.142466 9.799249 0.555574 -0.014528 -0.036037
838378907 0.443489 -1.018044 -0.473454 0.318513 0.140628 9.800467 0.545905 -0.014341 -0.032488
858337403 -0.123477 -1.004718 -0.828844 0.164835 0.180296 9.803607 0.551807 -0.018386 -0.016812
878295899 -0.316691 -0.781818 -0.937802 -0.029801 0.219787 9.804142 0.544357 -0.022414 0.003040
898254395 -0.062635 -0.735769 -0.037120 -0.152905 0.222051 9.802944 0.551133 -0.022645 0.015597
918243408 -0.545320 -0.736834 1.106334 -0.191564 0.199901 9.802741 0.555800 -0.020386 0.019539
938201905 0.183226 -0.561629 0.323950 -0.178018 0.200855 9.802977 0.578707 -0.020483 0.018158
958160401 1.243078 -0.820090 -0.077686 -0.149919 0.207589 9.803307 0.547597 -0.021170 0.015292
978118897 1.367287 -0.890960 0.229540 -0.151555 0.207486 9.803284 0.569361 -0.021159 0.015458
998077393 0.813958 -0.583685 0.217652 -0.223177 0.220892 9.801622 0.540540 -0.022527 0.022766
1018035889 -0.214811 -0.398027 -0.352021 -0.316375 0.253621 9.798265 0.557139 -0.025865 0.032278
1037994385 -0.963776 0.017169 -0.152678 -0.389106 0.273942 9.795097 0.566072 -0.027938 0.039704
1057952881 -1.785641 0.104843 0.191805 -0.439910 0.284941 9.792633 0.573433 -0.029060 0.044892
1077911377 -1.554833 0.324555 -0.124146 -0.455972 0.297801 9.791515 0.581925 -0.030372 0.046534
1097869873 -1.067534 0.050688 -0.566949 -0.442569 0.312752 9.791665 0.587648 -0.031897 0.045168
1117858887 -0.321618 -0.131167 -0.238994 -0.436766 0.318568 9.791739 0.580651 -0.032491 0.044576
1137817383 0.240773 -0.452821 0.350206 -0.459722 0.323299 9.790533 0.581935 -0.032973 0.046921
1157775879 0.557382 -0.572620 0.426291 -0.490578 0.333669 9.788687 0.573201 -0.034031 0.050075
1177734375 0.413720 -0.333244 -0.184861 -0.500650 0.357659 9.787330 0.580022 -0.036479 0.051108
1197692871 -0.392496 -0.074860 -0.775229 -0.495907 0.381727 9.786662 0.575299 -0.038935 0.050628
1217651367 -1.039967 0.033412 -0.509768 -0.479937 0.391670 9.787066 0.582326 -0.039950 0.048999
1237609864 -0.447395 0.165671 -0.502154 -0.474213 0.393616 9.787266 0.584341 -0.040148 0.048414
1257568360 -0.154186 -0.029570 -0.574456 -0.477935 0.400339 9.786812 0.576516 -0.040835 0.048796
1277526856 -0.247416 -0.218534 -0.188361 -0.507999 0.399374 9.785337 0.572231 -0.040736 0.051868
1297485352 0.077121 -0.183702 -0.082224 -0.549011 0.396824 9.783225 0.552480 -0.040476 0.056059
1317474366 0.402384 -0.334446 0.192796 -0.562363 0.385922 9.782903 0.568680 -0.039363 0.057421
1337432862 0.316438 -0.507425 0.242757 -0.533160 0.378593 9.784824 0.571106 -0.038615 0.054435
1357391358 -0.024130 -0.432457 0.388387 -0.504545 0.374351 9.786505 0.560149 -0.038182 0.051510
1377349854 0.042489 -0.428067 0.524385 -0.484648 0.375930 9.787450 0.567316 -0.038344 0.049477
1397308350 0.535468 -0.808249 0.350051 -0.469702 0.385839 9.787793 0.565587 -0.039355 0.047952
1417266846 0.938323 -1.026089 0.023598 -0.445425 0.402075 9.788274 0.553739 -0.041012 0.045475
1437225342 0.765655 -1.053218 0.303957 -0.412479 0.409250 9.789421 0.550120 -0.041744 0.042110
1457183838 0.231612 -1.191574 0.188042 -0.373748 0.421997 9.790435 0.561179 -0.043045 0.038156
1477142334 0.178041 -1.003396 0.135070 -0.347213 0.435857 9.790805 0.563746 -0.044460 0.035448
1497100830 0.324200 -1.234484 0.087144 -0.327099 0.453597 9.790691 0.564462 -0.046270 0.033397
