0 0.182885 0.227465 -0.312873 0.047045 -1.724632 9.653695 0.206953 0.176783 -0.004873
19958496 0.190329 0.287993 -0.418325 0.047045 -1.724632 9.653695 0.195193 0.176783 -0.004873
39947510 0.219808 0.320873 -0.548919 0.077251 -1.766401 9.645945 0.198022 0.181111 -0.008008
59906006 0.398687 0.278162 -0.348017 0.099571 -1.805534 9.638492 0.198704 0.185170 -0.010330
79864502 0.316610 0.292987 0.042674 0.099571 -1.805534 9.638492 0.206995 0.185170 -0.010330
99822998 0.500376 0.258710 0.292123 0.119444 -1.844424 9.630899 0.188065 0.189206 -0.012402
119781494 0.624992 0.349227 0.296624 0.132014 -1.877029 9.624434 0.201236 0.192592 -0.013716
139739991 0.403824 0.296279 0.201025 0.141484 -1.905133 9.618775 0.200738 0.195513 -0.014708
159698487 0.529263 0.265307 0.277041 0.142383 -1.933514 9.613097 0.193621 0.198464 -0.014810
179656983 0.513735 0.281543 0.020084 0.141422 -1.959840 9.607780 0.194340 0.201203 -0.014718
199615479 0.318021 0.295865 -0.058599 0.137794 -1.990532 9.601520 0.193923 0.204398 -0.014350
219573975 0.260025 0.358613 -0.278521 0.132378 -2.024210 9.594552 0.200809 0.207907 -0.013796
239562989 0.265833 0.436994 -0.323200 0.123344 -2.063469 9.586307 0.202318 0.212000 -0.012866
259521485 0.068768 0.591398 -0.127928 0.112743 -2.113680 9.575491 0.205684 0.217240 -0.011774
279479981 -0.022001 0.760846 -0.397472 0.108700 -2.167953 9.563396 0.205001 0.222911 -0.011366
299438477 0.086865 0.788134 -0.555313 0.118124 -2.232875 9.548336 0.207787 0.229705 -0.012371
319396973 0.676211 1.097285 -0.123909 0.129059 -2.318733 9.527707 0.220966 0.238705 -0.013545
339355469 1.438645 1.787241 0.011427 0.152739 -2.408397 9.505087 0.223512 0.248126 -0.016068
359313965 1.707492 3.035388 0.398419 0.190132 -2.495869 9.481818 0.219649 0.257339 -0.020050
379272461 2.020767 4.279892 1.626057 0.237551 -2.571641 9.460476 0.231557 0.265337 -0.025105
399230957 1.448810 6.020737 2.209458 0.324022 -2.567579 9.459014 0.236062 0.264908 -0.034242
419189453 0.355209 8.562589 2.332641 0.324022 -2.567579 9.459014 0.257819 0.264908 -0.034242
439178467 -1.142809 10.915962 1.865775 0.340273 -2.489822 9.479208 0.253708 0.256701 -0.035881
459136963 0.359738 10.913387 1.648039 0.373328 -2.401961 9.500609 0.270112 0.247449 -0.039275
479095459 3.042746 10.703726 6.751850 0.408212 -2.347742 9.512720 0.262767 0.241751 -0.042886
499053955 4.990011 11.404120 5.923182 0.333808 -2.098775 9.573615 0.264179 0.215684 -0.034853
519012451 3.301017 11.665009 1.387877 -0.078431 -1.082777 9.746375 0.275159 0.110638 0.008047
538970948 2.040383 11.937984 -0.890304 -0.078431 -1.082777 9.746375 0.305203 0.110638 0.008047
558929444 3.834788 11.895551 -0.219166 -0.091595 -0.676351 9.782869 0.349871 0.069023 0.009362
578887940 4.351124 8.669698 -1.125757 0.048671 -0.360784 9.799891 0.360053 0.036798 -0.004966
598846436 -0.395588 5.451699 1.198887 0.212655 -0.175419 9.802774 0.378881 0.017889 -0.021690
618804932 -4.951720 2.672579 4.043093 0.199551 -0.074423 9.804338 0.366887 0.007589 -0.020350
638793946 -5.573565 -2.045775 -1.034099 -0.214809 0.185957 9.802533 0.328048 -0.018964 0.021910
658752442 -9.103099 -8.905199 -1.832232 -1.067656 0.276541 9.744435 0.386294 -0.028203 0.109130
678710938 1.106116 -14.227011 4.721653 -1.032104 0.024550 9.752155 0.331043 -0.002503 0.105441
698669434 7.159037 -15.385739 6.218374 -1.032104 0.024550 9.752155 0.324802 -0.002503 0.105441
718627930 0.851637 -15.100445 -0.669877 -1.039193 0.000590 9.751433 0.329151 -0.000060 0.106168
738586426 -6.750471 -14.214427 -4.209888 -1.110060 -0.016471 9.743608 0.346222 0.001680 0.113438
758544922 -5.258231 -13.364088 0.016491 -1.008692 -0.255403 9.751291 0.328653 0.026047 0.103075
778503418 1.053318 -13.258872 4.719293 -0.824967 -0.630231 9.751545 0.301720 0.064310 0.084398
798461914 5.850317 -12.467249 3.732237 -0.718313 -0.870903 9.741454 0.279556 0.088925 0.073605
818450928 4.866072 -9.896662 1.102633 -0.635002 -0.960638 9.738806 0.291322 0.098115 0.065111
838409424 2.315201 -7.877187 -0.025553 -0.475297 -0.992162 9.744747 0.321823 0.101346 0.048736
858367920 0.166410 -5.718761 -1.067911 -0.234680 -0.990592 9.753668 0.353895 0.101185 0.024056
878326416 -0.444076 -4.126201 -3.394333 -0.041509 -0.909120 9.764331 0.343717 0.092838 0.004251
898284912 -0.833158 -3.420568 -4.461205 0.022506 -0.799318 9.773994 0.321489 0.081598 -0.002303
918243408 -0.742079 -2.438150 -3.542228 -0.000017 -0.726607 9.779695 0.341259 0.074161 0.000002
938201905 0.063934 -2.012739 -2.589224 -0.043030 -0.685733 9.782550 0.364134 0.069982 0.004399
958160401 0.231521 -1.817395 -2.126722 -0.039871 -0.647644 9.785159 0.364025 0.066089 0.004075
978118897 -0.021150 -1.399106 -1.861407 -0.039897 -0.609098 9.787635 0.365311 0.062151 0.004076
998077393 -0.914133 -0.882424 -1.871284 -0.084104 -0.568301 9.789808 0.363373 0.057983 0.008591
1018066407 -1.931192 -0.252622 -0.498082 -0.182377 -0.549210 9.789560 0.380227 0.056033 0.018628
1038024903 -2.274870 0.036438 -0.508885 -0.285846 -0.532694 9.787998 0.411088 0.054346 0.029195
1057983399 -1.315141 -0.106989 -0.533105 -0.334899 -0.529787 9.786600 0.398929 0.054050 0.034207
1077941895 -1.013324 -0.093351 0.252568 -0.356199 -0.554090 9.784502 0.441303 0.056532 0.036388
1097900391 -1.242860 -0.012440 0.133563 -0.385022 -0.567649 9.782634 0.418981 0.057916 0.039337
1117858887 -1.159827 -0.076706 0.163182 -0.418825 -0.571892 9.780997 0.431713 0.058350 0.042794
1137817383 -1.313818 -0.136631 0.948743 -0.486446 -0.562271 9.778425 0.456966 0.057367 0.049706
1157775879 -1.188597 -0.284923 0.514473 -0.486446 -0.562271 9.778425 0.437429 0.057367 0.049706
1177734375 -0.848900 -0.416335 0.176901 -0.506160 -0.538322 9.778773 0.458994 0.054921 0.051715
1197692871 -0.759211 -0.257374 0.084234 -0.505814 -0.516983 9.779943 0.444137 0.052742 0.051673
1217651367 -0.338908 -0.454708 0.435180 -0.509267 -0.493982 9.780952 0.460578 0.050393 0.052020
1237640381 -0.161175 -0.550814 0.397816 -0.517633 -0.464148 9.781974 0.452755 0.047348 0.052868
1257598877 -0.212256 -0.324332 -0.029678 -0.522867 -0.420671 9.783662 0.459779 0.042910 0.053392
1277557373 -0.863258 0.027070 -0.263134 -0.529244 -0.379052 9.785019 0.454836 0.038662 0.054034
1297515869 -1.006270 0.128710 -0.811928 -0.558211 -0.337907 9.784918 0.449761 0.034464 0.056986
1317474366 -0.819702 0.160241 -0.617010 -0.621263 -0.310412 9.782028 0.446809 0.031659 0.063426
1337432862 -0.484189 0.066262 0.196403 -0.707408 -0.294160 9.776677 0.440583 0.030000 0.072231
1357391358 -0.313163 -0.272618 -0.320441 -0.788998 -0.262406 9.771337 0.428800 0.026761 0.080571
1377349854 -0.340754 -0.223893 0.020857 -0.835619 -0.253969 9.767683 0.444977 0.025900 0.085342
1397308350 0.008660 -0.209367 0.560362 -0.851086 -0.264380 9.766072 0.446600 0.026963 0.086928
1417266846 0.426887 -0.377964 0.611137 -0.865053 -0.264457 9.764841 0.446563 0.026970 0.088358
1437255860 0.656645 -0.505840 0.197815 -0.880783 -0.249027 9.763842 0.446490 0.025396 0.089965
1457214356 0.537042 -0.481669 0.260968 -0.875845 -0.236077 9.764606 0.450845 0.024075 0.089457
1477172852 0.575699 -0.432088 0.247147 -0.847167 -0.226709 9.767360 0.431033 0.023120 0.086518
1497131348 0.651364 -0.512821 0.139976 -0.813959 -0.209259 9.770572 0.434412 0.021340 0.083115
1517089844 0.380500 -0.386339 -0.066164 -0.803403 -0.186016 9.771915 0.440542 0.018969 0.082031
