0 -0.006900 0.308087 -0.533867 -0.748141 0.418273 9.769121 0.703880 -0.042665 0.076433
19958496 0.162636 0.176137 0.284312 -0.713370 0.353706 9.774271 0.719049 -0.036076 0.072855
39916992 0.123236 0.215763 0.585440 -0.686413 0.289113 9.778325 0.715041 -0.029486 0.070082
59875488 -0.063478 0.220115 0.595461 -0.660941 0.211275 9.782071 0.701280 -0.021546 0.067464
79833984 0.004439 0.285068 0.143897 -0.660941 0.211275 9.782071 0.700658 -0.021546 0.067464
99792480 0.107644 0.449455 0.081434 -0.656977 0.189353 9.782786 0.705221 -0.019310 0.067056
119750976 -0.213676 0.814071 -0.437147 -0.664389 0.173380 9.782582 0.690815 -0.017681 0.067811
139709472 -0.516824 1.517803 -0.910269 -0.688031 0.153515 9.781280 0.694045 -0.015655 0.070226
159667969 -0.593096 2.421227 -0.447921 -0.715654 0.115339 9.779822 0.709448 -0.011762 0.073046
179626465 -0.405647 3.279238 -0.063062 -0.755266 0.053646 9.777376 0.702946 -0.005470 0.077093
199615478 -0.491735 4.415012 0.000278 -0.755266 0.053646 9.777376 0.695432 -0.005470 0.077093
219573974 -0.116395 5.603939 0.112619 -0.832172 0.014303 9.771268 0.670618 -0.001459 0.084960
239532470 0.030080 6.177901 0.913758 -0.915614 -0.030321 9.763765 0.672126 0.003092 0.093503
259490967 -1.032656 6.308664 0.603797 -0.927622 -0.020064 9.762658 0.665459 0.002046 0.094733
279449463 -0.717146 6.548902 -0.861519 -0.874800 0.069627 9.767306 0.674045 -0.007100 0.089326
299407959 0.210751 6.950105 -1.062216 -0.821794 0.155216 9.770925 0.661998 -0.015828 0.083909
319366455 1.021811 7.487699 1.015183 -0.825951 0.151510 9.770632 0.640443 -0.015450 0.084334
339324951 -0.278899 6.992001 2.288876 -0.822547 0.140547 9.771083 0.635447 -0.014332 0.083984
359283447 -1.851917 5.924877 2.954541 -0.784906 0.190792 9.773327 0.658114 -0.019457 0.080139
379241943 -1.447683 4.842484 0.314161 -0.495894 0.620434 9.774433 0.580057 -0.063309 0.050690
399200439 0.595266 5.447679 -0.277502 -0.495894 0.620434 9.774433 0.648269 -0.063309 0.050690
419189453 1.432771 4.953789 2.520438 -0.298062 0.771609 9.771703 0.645855 -0.078764 0.030493
439147949 1.892917 5.133523 6.212252 -0.172969 0.828461 9.770062 0.644785 -0.084580 0.017702
459106445 0.679360 4.237969 3.421798 -0.170427 1.206369 9.730673 0.614120 -0.123328 0.017513
479064941 -0.534451 2.597962 -0.901177 -0.170427 1.206369 9.730673 0.626775 -0.123328 0.017513
499023437 -2.529451 0.794299 -2.651274 -0.248917 1.361095 9.708545 0.650796 -0.139243 0.025633
518981933 -2.074177 -1.935003 0.362731 -0.013113 1.508761 9.689884 0.680269 -0.154464 0.001353
538940429 1.082011 -3.977643 2.314425 0.489814 1.762194 9.634581 0.641811 -0.180675 -0.050795
558898926 0.920157 -6.107969 0.811204 0.489814 1.762194 9.634581 0.666965 -0.180675 -0.050795
578857422 0.838747 -7.856355 -0.959748 0.194152 1.709610 9.654529 0.647671 -0.175227 -0.020107
598815918 3.411954 -9.705898 -1.955793 -0.191170 1.621768 9.669731 0.649027 -0.166138 0.019767
618774414 5.422771 -10.554853 -1.885636 -0.484247 1.506754 9.678098 0.633380 -0.154257 0.049994
638763428 4.539094 -9.618196 -0.729034 -0.454096 1.251492 9.715860 0.662511 -0.127966 0.046704
658721924 0.788400 -8.930387 1.331562 -0.132239 1.233978 9.727805 0.591267 -0.126165 0.013593
678680420 -2.293371 -8.469908 2.529792 -0.132239 1.233978 9.727805 0.696812 -0.126165 0.013593
698638916 -3.762395 -7.522704 1.760537 0.167008 1.289702 9.720038 0.619227 -0.131895 -0.017180
718597412 -3.042520 -6.387314 -0.161318 0.328404 1.361906 9.706068 0.757026 -0.139326 -0.033822
738555908 -0.944987 -4.788571 -0.369681 0.365246 1.366962 9.704040 0.756164 -0.139847 -0.037621
758514404 0.932444 -2.810778 -0.528683 0.370004 1.344380 9.707015 0.735980 -0.137522 -0.038099
778472900 2.203123 -1.868477 -0.146357 0.388938 1.335225 9.707538 0.743685 -0.136579 -0.040044
798431396 0.946497 -2.159361 -0.376460 0.396822 1.350806 9.705063 0.739055 -0.138183 -0.040865
818389892 -0.240448 -2.292544 -0.967369 0.278931 1.364410 9.707264 0.743286 -0.139584 -0.028726
838348388 -1.001142 -2.150056 -1.473917 0.153824 1.328451 9.715037 0.776384 -0.135882 -0.015832
858306885 -1.311735 -1.946904 -1.587926 0.052510 1.274855 9.723290 0.780910 -0.130368 -0.005400
878295898 -0.997477 -1.343571 -1.392461 0.052510 1.274855 9.723290 0.762641 -0.130368 -0.005400
898254394 -0.703094 -0.880834 -0.921659 -0.012926 1.208618 9.731878 0.762404 -0.123559 0.001328
918212890 -0.362418 -0.529450 -0.222634 -0.001510 1.084343 9.746516 0.765240 -0.110799 0.000155
938171386 -0.049302 -0.481976 0.695371 -0.001510 1.084343 9.746516 0.735739 -0.110799 0.000155
958129883 0.485917 -0.219455 1.094688 0.059096 1.055576 9.749496 0.757608 -0.107848 -0.006061
978088379 0.889534 -0.009830 1.009314 0.084162 1.031815 9.751855 0.743238 -0.105411 -0.008630
998046875 0.707993 -0.005037 0.524989 0.034717 0.998746 9.755597 0.731628 -0.102021 -0.003559
1018005371 0.173096 -0.291241 0.126346 -0.042500 0.969680 9.758498 0.751021 -0.099042 0.004355
1037963867 -0.075786 -0.231888 -0.369293 -0.091893 0.958938 9.759220 0.727541 -0.097941 0.009416
1057922363 -0.595399 -0.380409 -0.467489 -0.084773 0.962354 9.758948 0.722040 -0.098291 0.008686
1077880859 -0.157487 -0.298276 0.044994 -0.058152 0.966421 9.758741 0.715512 -0.098708 0.005959
1097869873 0.395267 -0.080599 0.035004 -0.058152 0.966421 9.758741 0.739994 -0.098708 0.005959
1117828369 0.551272 -0.058531 0.153238 -0.045839 0.964210 9.759026 0.711228 -0.098481 0.004697
1137786865 0.630798 -0.103585 0.181335 -0.048619 0.956410 9.759780 0.715250 -0.097682 0.004982
1157745361 0.359980 0.030373 -0.076393 -0.048854 0.963242 9.759107 0.718530 -0.098382 0.005006
1177703857 0.498687 0.091665 0.015528 -0.048705 0.973789 9.758061 0.697442 -0.099463 0.004991
1197662353 0.427139 -0.085989 -0.270263 -0.048705 0.973789 9.758061 0.730060 -0.099463 0.004991
1217620849 0.246924 -0.015051 -0.226803 -0.058581 0.974414 9.757944 0.692019 -0.099527 0.006003
1237579345 0.358200 -0.076978 -0.030681 -0.069948 0.965823 9.758723 0.702820 -0.098646 0.007168
1257537842 0.061362 -0.101734 -0.245230 -0.080700 0.960724 9.759143 0.699394 -0.098124 0.008269
1277496338 -0.061455 -0.145051 -0.139160 -0.085552 0.956862 9.759481 0.704557 -0.097728 0.008766
1297454834 0.115232 -0.261500 -0.023900 -0.077648 0.957148 9.759520 0.712684 -0.097758 0.007956
1317443847 0.289788 0.020572 -0.066646 -0.067554 0.958713 9.759440 0.706856 -0.097918 0.006922
1337402344 0.287694 0.150421 -0.257481 -0.064934 0.959191 9.759412 0.705012 -0.097967 0.006653
1357360840 0.318608 0.130467 -0.066570 -0.062842 0.953942 9.759941 0.706679 -0.097429 0.006439
1377319336 0.323101 0.175309 0.062086 -0.055419 0.945162 9.760839 0.694232 -0.096530 0.005678
1397277832 0.386179 0.167276 0.060607 -0.040714 0.943369 9.761086 0.682845 -0.096346 0.004171
1417236328 0.419686 0.091384 0.564793 -0.031939 0.932181 9.762193 0.715120 -0.095200 0.003272
1437194824 0.260238 -0.002693 0.405088 -0.036718 0.926378 9.762729 0.704022 -0.094605 0.003761
1457153320 0.240924 0.109463 0.170709 -0.039914 0.941585 9.761261 0.714759 -0.096163 0.004089
1477111816 0.136372 0.008319 -0.086493 -0.039914 0.941585 9.761261 0.703852 -0.096163 0.004089
1497070312 -0.119051 -0.143418 -0.077096 -0.026302 0.951825 9.760314 0.703717 -0.097212 0.002695
1517028808 -0.131631 -0.254256 0.513371 -0.019871 0.945569 9.760937 0.724424 -0.096571 0.002036
