0 -0.247170 0.240302 -0.184373 -0.004233 -1.027215 9.752702 0.540470 0.104939 0.000434
19958496 -0.478921 0.426233 -0.301905 0.007768 -1.023972 9.753041 0.535002 0.104607 -0.000796
39916992 0.032670 0.064130 -0.527865 0.014491 -1.028152 9.752593 0.527895 0.105035 -0.001486
59875488 0.205904 0.169655 -0.599296 0.000857 -1.039860 9.751363 0.532324 0.106236 -0.000088
79833984 -0.292876 0.515106 -0.958008 0.024827 -1.104120 9.744265 0.528578 0.112828 -0.002548
99822998 -0.673575 1.102337 -0.445765 0.041705 -1.160431 9.737661 0.532427 0.118609 -0.004283
119781494 -0.766316 1.288693 -0.264768 0.057920 -1.213220 9.731142 0.544341 0.124032 -0.005952
139739990 -0.095162 1.395025 -0.682010 0.057920 -1.213220 9.731142 0.544341 0.124032 -0.005952
159698486 0.996206 1.946616 -0.229749 0.057151 -1.286956 9.721670 0.501227 0.131613 -0.005879
179656982 1.616229 3.357096 -0.403190 0.057567 -1.355628 9.712330 0.509523 0.138680 -0.005927
199615478 1.281800 5.063075 -0.733236 0.093794 -1.416755 9.703319 0.510811 0.144976 -0.009666
219573974 0.932257 6.216867 -0.420725 0.170238 -1.491472 9.691073 0.513064 0.152680 -0.017565
239532470 0.907770 8.063416 -0.307549 0.262014 -1.564694 9.677472 0.503493 0.160239 -0.027068
259490966 1.215397 9.591428 -0.372465 0.402820 -1.622154 9.663164 0.502070 0.166177 -0.041662
279449462 1.347249 9.207560 1.718597 0.576048 -1.667806 9.646604 0.526848 0.170900 -0.059644
299407959 1.167260 8.470689 3.557808 0.650721 -1.637829 9.646993 0.509041 0.167798 -0.067351
319396972 2.628344 10.299482 2.860501 0.585218 -1.467474 9.678555 0.489474 0.150205 -0.060392
339355468 5.036059 12.965156 0.488752 0.497265 -1.190902 9.721361 0.526012 0.121739 -0.051107
359313964 1.885886 12.487085 -0.530555 0.536855 -0.958206 9.744948 0.490923 0.097866 -0.055035
379272460 -1.227621 10.020410 1.745275 0.749130 -0.887326 9.737651 0.511970 0.090606 -0.076780
399230957 0.556733 8.601469 5.224980 1.015422 -0.934645 9.709054 0.576661 0.095452 -0.104206
419189453 3.709067 4.752243 8.439473 1.154504 -0.935774 9.693391 0.551140 0.095568 -0.118544
439147949 2.242553 -1.264128 6.952539 1.032884 -0.702218 9.726790 0.562183 0.071668 -0.105793
459106445 -7.135684 -9.134856 -1.194382 0.629073 -0.181553 9.784768 0.611929 0.018514 -0.064203
479064941 -6.891203 -13.856462 -0.823057 0.378691 0.055963 9.799176 0.627963 -0.005707 -0.038626
499023437 1.238267 -13.850810 6.542872 0.584334 -0.192536 9.787333 0.613005 0.019634 -0.059632
519012451 1.512413 -13.164683 8.049820 0.797902 -0.435766 9.764418 0.623451 0.044450 -0.081534
538970947 -1.536922 -13.336127 0.767104 0.703079 -0.335593 9.775656 0.627622 0.034228 -0.071798
558929443 -0.649228 -12.204833 -1.744023 0.445723 -0.208286 9.794302 0.627070 0.021241 -0.045477
578887939 1.959495 -10.374556 -1.598603 0.412240 -0.267916 9.794318 0.571385 0.027323 -0.042065
598846435 2.785955 -8.921648 -0.208961 0.412240 -0.267916 9.794318 0.571385 0.027323 -0.042065
618804931 1.674383 -7.174414 -0.015222 0.523355 -0.317393 9.787530 0.565221 0.032371 -0.053421
638763427 -0.787180 -5.378707 -1.866644 0.523952 -0.274079 9.788806 0.564415 0.027952 -0.053475
658721923 -1.634441 -4.302370 -2.268053 0.405915 -0.207839 9.796041 0.580744 0.021195 -0.041413
678680419 -0.190612 -3.727639 -2.301953 0.263331 -0.168949 9.801659 0.584432 0.017229 -0.026859
698638916 0.410769 -4.039048 -3.625618 0.199190 -0.126383 9.803813 0.567266 0.012888 -0.020315
718627929 0.807716 -3.063797 -3.370040 0.158546 -0.116918 9.804670 0.574898 0.011923 -0.016169
738586425 0.827313 -2.239275 -2.810611 0.053755 -0.130968 9.805628 0.565204 0.013355 -0.005482
758544921 0.645359 -1.882220 -1.567694 -0.027672 -0.119421 9.805883 0.581714 0.012178 0.002822
778503417 1.253436 -1.401182 -1.454983 -0.104372 -0.068965 9.805853 0.584823 0.007033 0.010643
798461914 0.230135 -1.209736 -2.546750 -0.104372 -0.068965 9.805853 0.557293 0.007033 0.010643
818420410 -1.704619 -0.593560 -1.974154 -0.211569 -0.040146 9.804285 0.555086 0.004094 0.021576
838378906 -1.524095 0.155903 -1.329117 -0.312465 -0.048268 9.801552 0.569231 0.004922 0.031868
858337402 -0.152000 0.036043 -0.981898 -0.359320 -0.074826 9.799779 0.583653 0.007630 0.036650
878295898 -0.317293 -0.808144 0.529105 -0.410250 -0.113211 9.797412 0.568179 0.011545 0.041849
898254394 0.247606 -0.589455 0.920766 -0.580408 -0.148572 9.788332 0.587073 0.015151 0.059227
918212890 1.164403 -0.385964 0.200178 -0.580408 -0.148572 9.788332 0.567424 0.015151 0.059227
938201904 0.587994 -0.622563 0.360783 -0.537414 -0.168177 9.790469 0.570443 0.017150 0.054836
958160400 -0.120245 -0.135101 0.556214 -0.576154 -0.152758 9.788518 0.576783 0.015578 0.058792
978118896 -0.581516 -0.237830 -0.040732 -0.576154 -0.152758 9.788518 0.548618 0.015578 0.058792
998077392 0.153725 -0.058750 0.221024 -0.603400 -0.150576 9.786911 0.559387 0.015355 0.061576
1018035888 1.248880 -0.278859 0.140322 -0.596347 -0.142861 9.787459 0.556693 0.014568 0.060854
1037994384 -0.215263 -0.181155 0.063087 -0.618961 -0.114191 9.786431 0.573531 0.011645 0.063163
1057952880 -2.126062 0.595506 0.446018 -0.692121 -0.082495 9.781848 0.571099 0.008412 0.070638
1077911376 -2.031175 0.703664 -0.302026 -0.734902 -0.044987 9.778972 0.575361 0.004587 0.075010
1097869873 -0.410449 0.141715 -0.476188 -0.710064 -0.038198 9.780836 0.576152 0.003895 0.072470
1117828369 0.525583 -0.311207 0.601799 -0.650023 -0.065324 9.784866 0.580580 0.006661 0.066334
1137817382 0.644368 -0.262816 0.881103 -0.628109 -0.076898 9.786212 0.572861 0.007841 0.064095
1157775878 0.433555 -0.186797 0.010257 -0.646118 -0.048564 9.785221 0.565608 0.004952 0.065934
1177734375 0.062443 -0.222014 0.158382 -0.655597 -0.028765 9.784670 0.562072 0.002933 0.066903
1197692871 0.193280 -0.255230 0.610373 -0.662748 -0.022246 9.784204 0.562755 0.002268 0.067633
1217651367 0.596935 -0.304138 0.359230 -0.664098 -0.003353 9.784138 0.566704 0.000342 0.067771
1237609863 0.112268 -0.284842 0.566505 -0.655823 0.016867 9.784681 0.580364 -0.001720 0.066925
1257568359 -0.443887 -0.032614 0.309960 -0.644993 0.045502 9.785311 0.581757 -0.004640 0.065819
1277526855 -0.556545 0.046537 -0.207722 -0.624993 0.080634 9.786381 0.587938 -0.008222 0.063777
1297485351 -0.683711 -0.166296 -0.270526 -0.598540 0.106884 9.787784 0.575898 -0.010899 0.061076
1317443847 -0.652967 -0.247604 0.066711 -0.567149 0.118641 9.789518 0.591064 -0.012098 0.057870
1337402343 -0.144969 -0.221396 0.412518 -0.525964 0.123339 9.791759 0.575610 -0.012577 0.053663
1357391357 0.331172 -0.745314 0.462454 -0.487904 0.145021 9.793431 0.590529 -0.014789 0.049778
1377349853 0.446675 -0.531426 0.378279 -0.465919 0.175742 9.794000 0.600256 -0.017922 0.047536
1397308349 -0.063515 -0.526651 -0.358147 -0.423266 0.220454 9.795032 0.604146 -0.022482 0.043185
1417266845 -0.532661 -0.531897 -0.093684 -0.382366 0.254084 9.795898 0.580431 -0.025912 0.039013
1437225341 -0.641356 -0.591358 0.294411 -0.382491 0.278528 9.795229 0.591162 -0.028406 0.039029
1457183837 -0.326822 -0.616503 0.766086 -0.403052 0.309255 9.793482 0.591220 -0.031540 0.041132
1477142334 0.325713 -0.873700 0.425275 -0.396607 0.358267 9.792076 0.623643 -0.036541 0.040481
1497100830 -0.217697 -1.094953 -0.352341 -0.349919 0.428697 9.791024 0.601248 -0.043729 0.035724
