0 0.423937 0.102352 -0.232069 -0.386595 -0.798684 9.766424 0.579676 0.081533 0.039563
19989013 0.053266 0.236435 -1.228615 -0.384880 -0.832829 9.763638 0.584276 0.085027 0.039399
39947509 -0.124014 0.262824 -0.894119 -0.384880 -0.832829 9.763638 0.571078 0.085027 0.039399
59906005 -0.071019 0.198171 -0.445710 -0.346510 -0.898142 9.759286 0.588321 0.091713 0.035491
79864502 -0.009303 0.399435 0.161698 -0.298848 -0.972860 9.753697 0.566653 0.099368 0.030630
99822998 -0.630459 0.508579 0.146416 -0.255032 -1.030622 9.749008 0.567664 0.105289 0.026154
119781494 -0.629634 0.762296 0.141149 -0.227509 -1.077647 9.744603 0.567517 0.110112 0.023343
139739990 -0.573149 1.050769 -0.025186 -0.198537 -1.170122 9.734566 0.554797 0.119604 0.020392
159698486 0.414540 1.335857 0.005569 -0.198537 -1.170122 9.734566 0.559250 0.119604 0.020392
179656982 0.647309 1.841314 -0.408876 -0.151760 -1.225668 9.728571 0.555394 0.125311 0.015598
199615478 0.876440 2.925774 -1.085246 -0.101854 -1.296103 9.720089 0.538905 0.132554 0.010478
219573974 0.941719 5.038328 -0.880034 -0.014604 -1.410079 9.704734 0.534119 0.144288 0.001505
239562988 -0.568422 8.294699 0.352924 0.117207 -1.566283 9.680053 0.530722 0.160403 -0.012108
259521484 -1.244196 11.819210 3.291430 0.282932 -1.750617 9.644982 0.547527 0.179475 -0.029326
279479980 -0.252581 15.415401 6.686855 0.447205 -1.884979 9.613390 0.557096 0.193418 -0.046485
299438476 2.575289 18.696095 8.438817 0.561383 -1.872044 9.609926 0.563764 0.192074 -0.058351
319396972 2.417055 18.342472 8.297020 0.737344 -1.226780 9.701635 0.537834 0.125425 -0.075856
339355468 -8.326317 17.149874 3.151588 0.959904 -0.877186 9.720057 0.555430 0.089568 -0.098436
359313964 -4.486647 16.737421 0.662854 0.959904 -0.877186 9.720057 0.618095 0.089568 -0.098436
379272461 6.964087 12.908965 5.057737 1.099750 -0.700110 9.719607 0.563691 0.071452 -0.112668
399230957 14.521878 5.452926 9.750272 0.999890 -0.490699 9.743194 0.543940 0.050058 -0.102266
419189453 9.883215 -2.362665 4.111567 0.641766 0.001059 9.785627 0.592441 -0.000108 -0.065489
439178466 -5.040166 -8.781433 -4.893555 0.170479 0.669469 9.782287 0.675807 -0.068320 -0.017426
459136963 -18.040661 -15.282743 -8.499092 0.111960 1.105879 9.743453 0.711762 -0.113009 -0.011490
479095459 -5.152917 -16.059746 3.856938 0.695148 0.781308 9.750730 0.690482 -0.079756 -0.071172
499053955 5.174356 -18.367117 12.499923 1.154588 0.252178 9.735179 0.608049 -0.025718 -0.118048
519012451 6.654229 -19.810163 2.175252 0.465663 0.431418 9.786083 0.610932 -0.044007 -0.047548
538970947 3.692167 -17.017948 -6.263255 0.465663 0.431418 9.786083 0.561206 -0.044007 -0.047548
558929443 4.270018 -12.866170 -0.098327 0.574542 0.246997 9.786689 0.578255 -0.025189 -0.058639
578887939 3.148699 -10.443995 4.558260 0.913245 -0.033523 9.763977 0.553157 0.003418 -0.093261
598846435 3.392522 -8.106713 0.978715 0.987601 -0.099023 9.756291 0.539419 0.010098 -0.100883
618804931 4.477087 -7.461715 -1.998513 0.935227 -0.052138 9.761814 0.535815 0.005317 -0.095513
638763427 2.270271 -6.748187 -2.418516 1.014162 -0.008110 9.754066 0.539548 0.000827 -0.103601
658752441 -1.031416 -4.037583 -1.635642 1.100055 0.053503 9.744609 0.566030 -0.005456 -0.112413
678710937 -1.756632 -2.199754 -3.265563 1.113015 0.171893 9.741768 0.568955 -0.017529 -0.113759
698669433 0.138883 -2.638974 -2.837843 1.093379 0.263499 9.741944 0.571637 -0.026873 -0.111766
718627929 1.147228 -2.391278 -2.610868 1.038516 0.348319 9.745283 0.561494 -0.035526 -0.106165
738586425 -2.002844 -0.936463 -4.138305 0.913096 0.493192 9.751584 0.571909 -0.050313 -0.093363
758544922 -4.096674 0.045256 -2.349460 0.780569 0.571635 9.758807 0.582036 -0.058324 -0.079816
778503418 -2.466018 -0.447739 -0.859115 0.706327 0.572317 9.764422 0.562580 -0.058393 -0.072211
798461914 0.989042 -1.275360 -1.499785 0.651412 0.567617 9.768514 0.564021 -0.057913 -0.066586
818420410 1.739521 -0.629146 -2.390786 0.610935 0.581666 9.770303 0.572927 -0.059348 -0.062449
838378906 -1.078159 -0.154290 -1.672394 0.418681 0.567883 9.781238 0.603458 -0.057940 -0.042778
858367920 -2.258827 0.590353 0.197618 0.418681 0.567883 9.781238 0.545527 -0.057940 -0.042778
878352622 -1.369530 -0.035751 -0.125868 0.286883 0.541373 9.787492 0.563761 -0.055233 -0.029303
898311118 0.007116 -0.387868 0.530138 0.252188 0.446623 9.793227 0.562453 -0.045559 -0.025746
918269614 0.053706 -0.756067 0.927198 0.252188 0.446623 9.793227 0.563692 -0.045559 -0.025746
938228110 0.163668 -0.662116 -0.564367 0.243761 0.436311 9.793906 0.550854 -0.044506 -0.024884
958186606 0.768925 -0.524860 -0.787892 0.268018 0.409450 9.794433 0.552741 -0.041764 -0.027357
978145102 0.361381 -0.626271 0.929635 0.251793 0.358396 9.796864 0.535982 -0.036554 -0.025696
998103598 -0.616815 -0.544784 0.234688 0.180191 0.354282 9.798593 0.554473 -0.036135 -0.018387
1018062094 -1.036815 -0.237839 -1.271503 0.204300 0.363509 9.797781 0.562628 -0.037076 -0.020849
1038020590 -0.991412 -0.013499 -1.083998 0.204300 0.363509 9.797781 0.562873 -0.037076 -0.020849
1057979086 -1.683168 0.276156 -0.893556 0.226126 0.350018 9.797792 0.555677 -0.035699 -0.023075
1077968100 -2.297868 0.249966 -0.909615 0.194803 0.343014 9.798714 0.547155 -0.034985 -0.019878
1097926596 -1.282220 0.256311 -0.657786 0.163007 0.311756 9.800337 0.560030 -0.031796 -0.016631
1117885092 -0.485354 -0.655716 -1.045956 0.196245 0.271792 9.800919 0.557830 -0.027719 -0.020020
1137843588 0.483198 -0.530576 -0.270041 0.228066 0.206780 9.801817 0.542554 -0.021087 -0.023264
1157802085 0.348151 -1.031801 0.544820 0.226792 0.143542 9.802977 0.540589 -0.014638 -0.023131
1177760581 1.095717 -1.722231 0.669905 0.189191 0.108233 9.804228 0.522973 -0.011037 -0.019295
1197719077 1.577285 -1.909449 0.319426 0.140421 0.104285 9.805091 0.523977 -0.010634 -0.014320
1217677573 0.674571 -2.083575 -1.295149 0.251017 0.149916 9.802291 0.520316 -0.015288 -0.025602
1237636069 -1.467984 -2.279614 -0.918654 0.251017 0.149916 9.802291 0.541219 -0.015288 -0.025602
1257594565 -1.250808 -1.873320 0.089027 0.340023 0.154517 9.799535 0.554888 -0.015757 -0.034684
1277583579 0.414391 -3.186628 0.751478 0.386500 0.179331 9.797390 0.525699 -0.018288 -0.039429
1297542075 2.484277 -4.242887 0.735129 0.368259 0.228734 9.797063 0.543777 -0.023326 -0.037571
1317500571 1.739855 -3.679187 -0.049558 0.328316 0.327770 9.795671 0.545156 -0.033429 -0.033504
1337459067 -1.457191 -3.156608 -1.156447 0.272793 0.478413 9.791175 0.553743 -0.048804 -0.027854
1357417563 -2.139539 -2.985884 -1.625135 0.228005 0.617850 9.784512 0.563281 -0.063045 -0.023298
1377376059 -0.226086 -2.650917 -1.908631 0.220994 0.702120 9.778986 0.548418 -0.071658 -0.022595
1397334555 0.993270 -2.806756 -1.249156 0.261793 0.727251 9.776142 0.547420 -0.074227 -0.026772
1417293051 0.087200 -5.269671 0.009887 0.316840 0.720765 9.774994 0.525517 -0.073564 -0.032402
1437251547 0.497212 -4.103559 1.480696 0.342129 0.679094 9.777124 0.533527 -0.069304 -0.034979
1457210044 0.380355 -1.710563 1.700182 0.401689 0.676109 9.775066 0.539050 -0.068999 -0.041070
1477168540 -1.621270 -2.276059 1.063437 0.427450 0.758816 9.767900 0.519308 -0.077455 -0.043733
1497157553 -2.842008 -4.227439 0.190959 0.398398 0.879590 9.758995 0.531121 -0.089814 -0.040801
1517116049 -0.022259 -3.302950 -0.455539 0.383682 0.959463 9.752056 0.537697 -0.097995 -0.039323
