0 0.417786 0.473902 -0.414260 -0.304978 -1.020224 9.748668 0.648506 0.104222 0.031274
19958496 0.154154 0.702200 -0.802616 -0.303886 -1.042466 9.746348 0.656083 0.106503 0.031169
39916992 -0.496978 0.776853 -0.862318 -0.289344 -1.089454 9.741651 0.660009 0.111323 0.029693
59906006 -0.244306 0.598828 -0.234518 -0.265521 -1.160143 9.734164 0.648380 0.118579 0.027270
79864502 -0.026897 0.966069 0.341970 -0.235584 -1.236423 9.725541 0.648445 0.126416 0.024219
99822998 -0.248980 1.637730 0.404285 -0.199024 -1.302151 9.717776 0.660287 0.133176 0.020478
119781494 -0.623082 2.371387 0.228282 -0.144291 -1.351406 9.712017 0.678968 0.138245 0.014856
139739991 -0.725729 3.491976 0.176062 -0.066737 -1.395802 9.706579 0.649899 0.142817 0.006875
159698487 -1.032351 5.098995 0.680620 0.021940 -1.453883 9.698255 0.643113 0.148803 -0.002262
179656983 -1.318073 6.894089 2.950821 0.251193 -1.618467 9.668912 0.633335 0.165796 -0.025974
199615479 -1.213328 7.974474 4.788657 0.251193 -1.618467 9.668912 0.657103 0.165796 -0.025974
219573975 -0.371556 8.703982 4.362391 0.347314 -1.580285 9.672252 0.648943 0.161850 -0.035893
239532471 1.198321 9.366108 3.325415 0.395666 -1.416639 9.695719 0.641036 0.144964 -0.040786
259521485 -0.113614 10.330873 0.687675 0.285813 -0.811019 9.768877 0.614607 0.082795 -0.029249
279479981 -1.684299 11.780256 1.306108 0.180579 -0.555732 9.789226 0.590638 0.056699 -0.018445
299438477 -0.488766 11.593511 5.036318 0.038534 -0.234635 9.803767 0.583247 0.023928 -0.003930
319396973 2.733860 10.496964 4.470738 0.038534 -0.234635 9.803767 0.600927 0.023928 -0.003930
339355469 2.276115 8.412295 0.715816 -0.080631 0.142060 9.805289 0.605072 -0.014487 0.008223
359313965 0.282935 5.731326 3.492427 -0.082522 0.310265 9.801394 0.595465 -0.031644 0.008419
379272461 -1.825219 4.080657 7.491792 0.009091 0.271152 9.802896 0.599197 -0.027653 -0.000927
399230957 -0.978161 -0.280480 4.108107 0.086005 0.287726 9.802051 0.575307 -0.029344 -0.008774
419189453 3.693090 -6.286430 1.473511 0.281920 0.301287 9.797966 0.528250 -0.030728 -0.028765
439147950 5.690432 -7.862694 2.392728 0.281920 0.301287 9.797966 0.505538 -0.030728 -0.028765
459106446 1.464950 -9.115087 -1.526144 0.172639 0.400809 9.796935 0.521493 -0.040883 -0.017620
479095459 -2.087273 -10.987636 -6.838955 0.066359 0.564254 9.790179 0.535016 -0.057570 -0.006778
499053955 -3.617848 -14.060450 -5.514360 0.127431 0.524043 9.791809 0.540249 -0.053463 -0.013013
519012451 -1.095662 -12.409735 -0.587352 0.263898 0.253502 9.799820 0.530378 -0.025853 -0.026922
538970948 -1.359290 -11.152834 1.166084 0.251024 0.012471 9.803429 0.527899 -0.001272 -0.025600
558929444 -0.899845 -10.068823 -0.683347 0.080137 -0.075361 9.806033 0.500117 0.007685 -0.008172
578887940 -0.165046 -8.670525 -0.579022 -0.100150 -0.138968 9.805155 0.526595 0.014171 0.010214
598846436 0.983191 -7.096788 -0.062242 -0.135588 -0.210366 9.803455 0.542503 0.021453 0.013830
618804932 0.761729 -6.539864 -1.020750 -0.106097 -0.227732 9.803432 0.528768 0.023224 0.010822
638763428 0.959597 -4.970732 -3.213031 -0.119225 -0.191260 9.804059 0.532189 0.019504 0.012160
658721924 0.816339 -4.041802 -3.850165 -0.116191 -0.156782 9.804708 0.543614 0.015988 0.011850
678710938 1.674180 -3.190806 -2.282779 -0.073869 -0.171367 9.804873 0.556385 0.017475 0.007534
698669434 1.008204 -2.143960 -1.747761 -0.050778 -0.175001 9.804956 0.547035 0.017846 0.005179
718627930 -0.473736 -1.335443 -3.043533 -0.107809 -0.115986 9.805371 0.555561 0.011828 0.010994
738586426 -1.123085 -0.473469 -3.884054 -0.206202 -0.053196 9.804338 0.570431 0.005424 0.021029
758544922 -1.507220 -0.162589 -2.841666 -0.290057 -0.043767 9.802261 0.557811 0.004463 0.029582
778503418 -1.459125 0.176006 -0.906563 -0.390298 -0.081887 9.798538 0.554429 0.008350 0.039811
798461914 -0.435295 0.118117 -0.352471 -0.515648 -0.104578 9.792525 0.564756 0.010664 0.052609
818420410 0.049738 -0.653921 -0.631148 -0.630209 -0.094549 9.785922 0.558338 0.009641 0.064311
838378907 0.025506 -0.459299 0.221424 -0.722827 -0.135027 9.779043 0.586544 0.013769 0.073782
858367920 -0.018050 -0.359129 0.562646 -0.722827 -0.135027 9.779043 0.573235 0.013769 0.073782
878326416 -0.053610 -0.194226 -0.287334 -0.712543 -0.139410 9.779736 0.584089 0.014216 0.072731
898284912 -0.730572 -0.085271 -0.137496 -0.737667 -0.145159 9.777789 0.579542 0.014803 0.075300
918243408 -0.320685 -0.104840 -0.016967 -0.737667 -0.145159 9.777789 0.584356 0.014803 0.075300
938201905 0.036062 -0.568843 -0.229122 -0.750155 -0.139927 9.776916 0.573036 0.014269 0.076577
958160401 0.115097 -0.541158 0.463893 -0.776699 -0.150042 9.774693 0.572178 0.015301 0.079294
978118897 0.732345 -0.495297 0.209399 -0.788565 -0.153765 9.773684 0.583815 0.015680 0.080508
998077393 0.870737 -0.594945 0.375398 -0.788042 -0.161328 9.773604 0.578836 0.016452 0.080456
1018035889 -0.085768 -0.612317 0.454779 -0.787434 -0.162212 9.773640 0.579012 0.016542 0.080393
1037994385 -0.642081 0.129587 0.342010 -0.793239 -0.154357 9.773297 0.588785 0.015741 0.080986
1057983399 -0.649970 0.142402 0.358324 -0.787407 -0.139621 9.773990 0.588671 0.014238 0.080388
1077941895 -0.507980 0.158432 0.597715 -0.779329 -0.128432 9.774791 0.603559 0.013097 0.079560
1097900391 -0.481197 0.237530 -0.098883 -0.763002 -0.096437 9.776447 0.605879 0.009834 0.077887
1117858887 -0.751061 0.091294 -0.357891 -0.732277 -0.065331 9.779054 0.603058 0.006662 0.074743
1137817383 -0.359136 0.037943 -0.143624 -0.706655 -0.053133 9.781013 0.610108 0.005418 0.072122
1157775879 0.423270 -0.093236 -0.629605 -0.681954 -0.042860 9.782816 0.602939 0.004371 0.069597
1177734375 0.418749 -0.030698 -0.301325 -0.669673 -0.040977 9.783672 0.597770 0.004179 0.068341
1197692871 -0.410410 -0.202979 0.049788 -0.684482 -0.036460 9.782665 0.593378 0.003718 0.069855
1217651367 -0.496413 -0.077862 0.183802 -0.712507 -0.026957 9.780695 0.611079 0.002749 0.072720
1237609864 -0.041834 -0.169518 -0.023088 -0.727027 -0.013154 9.779655 0.615135 0.001341 0.074204
1257598877 0.507676 -0.361957 -0.311778 -0.712311 -0.002870 9.780746 0.590338 0.000293 0.072700
1277557373 0.059291 -0.339980 -0.288485 -0.668028 -0.001972 9.783871 0.609378 0.000201 0.068173
1297515869 -0.268673 -0.140114 0.132000 -0.636223 -0.004810 9.785989 0.602525 0.000490 0.064922
1317474366 -0.485679 -0.330603 0.007840 -0.633809 0.006056 9.786144 0.599410 -0.000618 0.064676
1337432862 -0.028964 -0.410918 0.231537 -0.641871 0.014615 9.785610 0.596017 -0.001490 0.065499
1357391358 0.103163 -0.817927 0.496815 -0.638812 0.018326 9.785804 0.610009 -0.001869 0.065187
1377349854 0.135656 -1.028579 0.417240 -0.631888 0.027931 9.786231 0.616539 -0.002848 0.064480
1397308350 -0.009505 -1.608517 0.342571 -0.616322 0.042300 9.787173 0.596252 -0.004313 0.062889
1417266846 0.296060 -2.222743 0.196891 -0.595494 0.062029 9.788357 0.622469 -0.006325 0.060762
1437225342 0.746215 -2.640301 -0.365302 -0.570545 0.092149 9.789605 0.625715 -0.009397 0.058215
1457214356 1.087675 -2.015151 -0.294623 -0.575532 0.121953 9.788988 0.619883 -0.012436 0.058726
1477172852 0.214650 -2.708910 -0.043708 -0.604450 0.200428 9.785953 0.613810 -0.020439 0.061689
1497131348 0.303751 -2.904200 -0.786753 -0.604450 0.200428 9.785953 0.642485 -0.020439 0.061689
1517089844 0.870569 -2.143879 -0.479418 -0.578801 0.247543 9.786424 0.637208 -0.025245 0.059074
