0 0.112762 0.097729 0.091194 -0.194659 -0.835232 9.769078 0.614170 0.085273 0.019923
19958496 -0.534865 0.245957 0.096128 -0.145440 -0.856192 9.768120 0.617948 0.087419 0.014888
39916992 -0.552617 0.181851 0.034386 -0.145440 -0.856192 9.768120 0.604593 0.087419 0.014888
59906006 0.138122 0.104987 -0.017365 -0.142052 -0.863916 9.767489 0.609641 0.088209 0.014542
79864502 0.508802 0.066342 -0.025962 -0.138464 -0.873285 9.766708 0.593589 0.089168 0.014176
99822998 0.421287 0.072538 -0.010555 -0.135649 -0.882562 9.765914 0.615483 0.090118 0.013889
119781494 0.064830 0.255391 -0.161588 -0.129511 -0.893587 9.764994 0.599813 0.091247 0.013262
139739990 -0.334153 0.282860 -0.196785 -0.117809 -0.908978 9.763721 0.608007 0.092823 0.012065
159698487 -0.303077 0.335981 0.034847 -0.106672 -0.931820 9.761697 0.617917 0.095163 0.010927
179656983 0.041135 0.379466 -0.101434 -0.099414 -0.951468 9.759877 0.610240 0.097176 0.010186
199615479 0.428743 0.378032 -0.227233 -0.079426 -0.993841 9.755837 0.603692 0.101518 0.008141
219573975 0.379176 0.603981 -0.522535 -0.058548 -1.028671 9.752374 0.612886 0.105089 0.006003
239532471 -0.060833 0.972808 -0.657286 -0.058548 -1.028671 9.752374 0.615631 0.105089 0.006003
259521485 -0.140120 1.405338 -0.527445 -0.030249 -1.077243 9.747257 0.595654 0.110070 0.003103
279479981 -0.071243 1.794834 -0.263454 0.001255 -1.136898 9.740526 0.612734 0.116193 -0.000129
299438477 -0.535862 2.599142 -0.350103 0.119812 -1.278582 9.722205 0.600301 0.130751 -0.012323
319396973 -0.421903 3.681561 -0.605820 0.119812 -1.278582 9.722205 0.601612 0.130751 -0.012323
339355469 -0.234085 5.328250 -0.079247 0.331710 -1.525236 9.681633 0.606948 0.156165 -0.034248
359313965 0.348718 7.249960 2.734286 0.331710 -1.525236 9.681633 0.590298 0.156165 -0.034248
379272461 -0.481012 7.938104 3.758402 0.419453 -1.597786 9.666516 0.593763 0.163658 -0.043365
399230957 -0.720304 8.008715 2.912724 0.449102 -1.541544 9.674313 0.569168 0.157848 -0.046389
419189453 0.321095 7.758162 3.268532 0.390972 -1.404547 9.697668 0.564311 0.143718 -0.040294
439147949 1.169509 7.649225 3.267869 0.225137 -1.180724 9.732708 0.529706 0.120693 -0.023128
459136963 3.113701 7.955742 1.784518 -0.015505 -0.864259 9.768479 0.518359 0.088244 0.001587
479095459 3.719466 9.056310 0.583578 -0.245345 -0.519143 9.789826 0.501656 0.052963 0.025056
499053955 0.375870 9.327678 1.081187 -0.338678 -0.255094 9.797480 0.504447 0.026015 0.034554
519012451 -1.664996 8.537617 3.266367 -0.255910 -0.109887 9.802694 0.520783 0.011206 0.026100
538970947 -0.404841 5.943606 5.868085 -0.244914 0.023980 9.803561 0.516469 -0.002445 0.024977
558929444 2.127502 3.377511 4.845634 -0.473492 0.293981 9.790800 0.497071 -0.029982 0.048323
578887940 3.787167 0.619256 1.994475 -0.808777 0.672688 9.750064 0.492339 -0.068649 0.082761
598846436 -2.592364 -1.620267 -3.164910 -1.114666 1.085114 9.682482 0.539681 -0.110878 0.114617
618804932 -7.804818 -5.304131 -6.949431 -1.072252 1.327742 9.657006 0.564452 -0.135809 0.110581
638763428 -0.399632 -8.598959 -3.477467 -0.467742 1.152914 9.727404 0.554262 -0.117837 0.048048
658752442 2.959121 -9.680144 2.362033 0.155161 0.754248 9.776370 0.536106 -0.076988 -0.015870
678710938 0.024171 -11.072497 4.065328 0.320067 0.508958 9.788202 0.530313 -0.051923 -0.032688
698669434 -1.223729 -11.850185 1.118546 0.176149 0.516544 9.791451 0.519639 -0.052697 -0.017988
718627930 -0.038179 -11.705521 -1.658750 -0.068812 0.618495 9.786885 0.519496 -0.063111 0.007031
738586426 0.729445 -10.038042 -0.889415 -0.348495 0.632576 9.780020 0.483500 -0.064550 0.035618
758544922 0.293402 -7.667023 1.874467 -0.641559 0.550767 9.770130 0.507429 -0.056192 0.065571
778503418 0.096911 -6.754997 0.252643 -0.874655 0.540076 9.752625 0.518530 -0.055100 0.089445
798461914 -0.358267 -6.178189 0.219517 -1.027277 0.542664 9.737587 0.528292 -0.055365 0.105107
818420410 0.528170 -4.835955 0.417926 -1.084315 0.516621 9.732819 0.531085 -0.052705 0.110951
838378906 1.302355 -4.279814 -1.354650 -1.018034 0.519900 9.739799 0.543906 -0.053040 0.104145
858367920 1.851959 -3.809795 -2.018889 -0.878843 0.510102 9.753862 0.536580 -0.052039 0.089859
878326416 1.152288 -2.866864 -1.577863 -0.773626 0.481268 9.764235 0.537231 -0.049095 0.079065
898284912 -1.092989 -1.996664 -1.130984 -0.688491 0.450133 9.772091 0.543359 -0.045917 0.070339
918243408 -0.646386 -1.369208 -1.621595 -0.613660 0.435969 9.777717 0.522561 -0.044471 0.062679
938201905 0.203808 -1.286286 -1.564003 -0.613660 0.435969 9.777717 0.538002 -0.044471 0.062679
958160401 -0.128018 -1.294004 -1.079594 -0.578433 0.410810 9.780952 0.537923 -0.041903 0.059070
978118897 -0.152911 -1.031770 -0.487170 -0.601351 0.375584 9.780986 0.544512 -0.038308 0.061404
998077393 -0.154086 -0.843862 -0.280072 -0.634157 0.343201 9.780105 0.555417 -0.035004 0.064751
1018035889 -0.251086 -0.678224 -0.389020 -0.642686 0.318083 9.780396 0.566005 -0.032441 0.065617
1038024903 -0.324157 -0.424131 -0.798283 -0.636770 0.305699 9.781178 0.581011 -0.031178 0.065010
1057983399 -1.043677 0.000314 -0.487177 -0.626175 0.281486 9.782589 0.568304 -0.028708 0.063922
1077941895 -1.478682 -0.005381 -0.133338 -0.605824 0.244811 9.784857 0.574558 -0.024966 0.061836
1097900391 -1.077008 -0.028585 0.337865 -0.606581 0.212087 9.785574 0.566442 -0.021629 0.061908
1117858887 -0.278599 -0.106956 0.467674 -0.601082 0.187277 9.786420 0.573719 -0.019098 0.061343
1137817383 -0.035647 -0.291066 0.406972 -0.575665 0.169779 9.788266 0.589846 -0.017314 0.058744
1157775879 -0.373628 -0.024747 -0.072439 -0.555067 0.167093 9.789503 0.557927 -0.017040 0.056640
1177734375 -0.751542 0.097736 0.085766 -0.542669 0.159330 9.790328 0.575409 -0.016248 0.055372
1197692871 -0.645119 -0.124382 0.553080 -0.562225 0.142130 9.789488 0.579075 -0.014494 0.057369
1217651367 -0.230156 -0.249265 0.620677 -0.566119 0.120275 9.789557 0.589493 -0.012265 0.057765
1237640381 -0.276634 -0.156915 0.482811 -0.566119 0.120275 9.789557 0.578986 -0.012265 0.057765
1257598877 -0.345761 -0.193079 0.313806 -0.543388 0.118864 9.790863 0.590518 -0.012121 0.055443
1277557373 -0.104428 -0.065344 0.166414 -0.545997 0.126306 9.790624 0.589982 -0.012880 0.055710
1297515869 -0.061721 -0.152350 0.106005 -0.576650 0.137436 9.788716 0.565665 -0.014015 0.058842
1317474365 0.054594 -0.254107 -0.051817 -0.614621 0.143040 9.786326 0.577956 -0.014587 0.062722
1337432862 0.292826 -0.396202 0.508226 -0.616027 0.129862 9.786421 0.560318 -0.013243 0.062864
1357391358 0.549453 -0.296800 0.527149 -0.576315 0.118677 9.788982 0.558725 -0.012102 0.058806
1377349854 0.066797 -0.295401 -0.071274 -0.526266 0.138979 9.791533 0.566835 -0.014172 0.053695
1397308350 -0.460017 -0.102186 0.019732 -0.507976 0.193441 9.791574 0.565889 -0.019727 0.051832
1417266846 -0.354280 0.113013 -0.343923 -0.507976 0.193441 9.791574 0.570571 -0.019727 0.051832
1437255860 -0.183350 0.003751 -0.405602 -0.474889 0.208140 9.792933 0.582987 -0.021226 0.048455
1457214356 -0.117502 -0.177530 -0.084863 -0.444734 0.207320 9.794367 0.570353 -0.021142 0.045376
1477172852 -0.179340 -0.345329 0.163431 -0.433967 0.206648 9.794864 0.564689 -0.021074 0.044277
1497131348 0.076129 -0.410454 0.115067 -0.434349 0.211627 9.794741 0.570193 -0.021582 0.044316
