0 -0.606518 0.481022 -1.173676 -0.333088 0.439781 9.791121 0.566331 -0.044860 0.034006
19958496 -0.245197 1.007914 -1.123383 -0.333088 0.439781 9.791121 0.583399 -0.044860 0.034006
39916992 0.311964 1.565629 -0.048510 -0.269899 0.351066 9.796647 0.554411 -0.035806 0.027543
59875489 0.758822 1.806680 0.249912 -0.269899 0.351066 9.796647 0.559718 -0.035806 0.027543
79833985 -0.074321 1.692152 0.299940 -0.252176 0.310928 9.798475 0.541460 -0.031711 0.025731
99792481 -1.411145 1.536773 0.532000 -0.266587 0.267228 9.799382 0.549262 -0.027253 0.027198
119750977 -1.792896 2.160039 0.291339 -0.318470 0.226073 9.798870 0.570804 -0.023055 0.032489
139709473 -0.432762 3.669313 0.051822 -0.353353 0.206050 9.798116 0.575122 -0.021013 0.036048
159698487 1.039364 4.882836 0.047756 -0.377564 0.190690 9.797523 0.550013 -0.019446 0.038518
179656983 1.619532 5.658520 0.654425 -0.422866 0.145396 9.796450 0.539816 -0.014827 0.043138
199615479 0.587094 6.372739 0.205216 -0.471512 0.102191 9.794775 0.553035 -0.010421 0.048102
219573975 -0.859450 6.782939 1.073232 -0.516526 0.063022 9.792835 0.559107 -0.006427 0.052696
239532471 -2.193976 5.549493 1.461108 -0.558954 0.055007 9.790553 0.544872 -0.005609 0.057029
259490967 -0.642792 5.613020 3.377252 -0.526374 0.105719 9.791943 0.569617 -0.010781 0.053704
279449463 0.368224 5.173049 5.632886 -0.343337 0.252576 9.797383 0.555216 -0.025758 0.035029
299407959 -1.220057 4.663500 3.682301 -0.180782 0.513620 9.791522 0.568604 -0.052399 0.018461
319366455 -2.820720 4.614763 -0.033912 -0.186633 0.790624 9.772945 0.561301 -0.080709 0.019095
339324951 1.031635 6.013320 -0.472819 -0.285205 0.995895 9.751781 0.538250 -0.101728 0.029238
359283448 5.132543 6.953856 4.684722 -0.235288 1.119195 9.739736 0.508944 -0.114375 0.024153
379241944 1.635861 4.503819 3.509015 -0.140302 1.564721 9.679997 0.442468 -0.160242 0.014493
399230957 -2.417703 3.664214 -0.656131 -0.140302 1.564721 9.679997 0.535464 -0.160242 0.014493
419189453 -4.154370 2.111053 0.093960 -0.189847 1.732035 9.650617 0.558031 -0.177550 0.019669
439147949 -1.591863 0.923848 0.152297 -0.120294 1.894221 9.621219 0.545222 -0.194379 0.012502
459106446 2.493382 0.313740 -0.182113 -0.031050 2.026101 9.595016 0.540005 -0.208104 0.003236
479064942 0.274026 -2.298849 -1.099615 -0.050701 2.070788 9.585387 0.540103 -0.212763 0.005289
499023438 -1.186565 -5.688002 -0.786753 -0.062655 2.065825 9.586387 0.539543 -0.212246 0.006536
518981934 -1.996501 -7.850856 0.963784 -0.124241 1.981453 9.603582 0.551130 -0.203453 0.012936
538940430 0.609567 -9.590131 1.167010 -0.280098 1.847658 9.626945 0.532738 -0.189542 0.029087
558898926 4.049292 -9.634906 -1.032925 -0.513835 1.740179 9.637330 0.502990 -0.178394 0.053267
578857422 4.547761 -9.419576 -2.096960 -0.739552 1.616155 9.644247 0.486307 -0.165557 0.076534
598815918 2.266931 -8.578607 -1.100012 -0.717080 1.456558 9.671329 0.474384 -0.149079 0.074010
618774414 0.587793 -8.672532 -0.831274 -0.717080 1.456558 9.671329 0.531048 -0.149079 0.074010
638763428 -0.034199 -6.816879 -0.547679 -0.461754 1.461108 9.686193 0.542222 -0.149548 0.047635
658721924 -0.197976 -5.748580 0.140354 -0.257244 1.435841 9.697555 0.530161 -0.146943 0.026521
678680420 0.692761 -4.631020 -0.097570 -0.165582 1.383308 9.707184 0.533072 -0.141530 0.017056
698638916 1.350944 -3.381788 0.063177 -0.113163 1.338956 9.714153 0.559607 -0.136963 0.011649
718597412 0.444466 -2.739298 0.293203 -0.086659 1.311085 9.718227 0.562297 -0.134095 0.008917
738555908 -0.982507 -3.335701 -0.964504 -0.133008 1.305516 9.718452 0.575578 -0.133522 0.013685
758514405 -1.629174 -3.379536 -1.204968 -0.223979 1.289937 9.718863 0.612901 -0.131919 0.023042
778472901 -1.619152 -2.712754 -1.358183 -0.286171 1.282151 9.718260 0.601575 -0.131118 0.029438
798431397 -1.282811 -1.852449 -1.555267 -0.329993 1.282040 9.716887 0.617294 -0.131107 0.033948
818389893 -0.947184 -1.333863 -1.557176 -0.360221 1.275205 9.716712 0.612303 -0.130404 0.037055
838348389 0.094803 -0.714024 -1.159540 -0.341773 1.274854 9.717424 0.629603 -0.130368 0.035157
858306885 1.038193 -0.106410 -0.473354 -0.268036 1.283144 9.718646 0.604153 -0.131221 0.027573
878295899 1.015445 0.069746 -0.236712 -0.191302 1.288795 9.719711 0.598614 -0.131802 0.019679
898254395 0.510777 -0.048301 -0.483193 -0.110826 1.304380 9.718884 0.587770 -0.133405 0.011403
918212891 0.125005 -0.243568 -0.753048 -0.091869 1.264033 9.724411 0.598555 -0.129255 0.009447
938171387 -0.148804 -0.141323 -0.187127 -0.110248 1.224001 9.729340 0.599446 -0.125140 0.011331
958129883 -0.349923 -0.350025 0.182268 -0.110248 1.224001 9.729340 0.607264 -0.125140 0.011331
978088379 0.033915 -0.209107 1.009623 -0.091723 1.190403 9.733701 0.606124 -0.121687 0.009423
998046875 -0.011112 -0.147875 0.837705 -0.091723 1.190403 9.733701 0.597500 -0.121687 0.009423
1018005371 0.066471 -0.388920 -0.072602 -0.156998 1.181318 9.733973 0.583323 -0.120754 0.016127
1037963867 0.277910 -0.056814 -0.181900 -0.234854 1.158993 9.735089 0.591369 -0.118461 0.024120
1057922364 0.129313 0.173445 -0.343167 -0.259667 1.152587 9.735220 0.608296 -0.117803 0.026667
1077880860 -0.203849 -0.065084 -0.031610 -0.194295 1.165909 9.735158 0.588255 -0.119172 0.019955
1097839356 -0.534350 -0.233479 -0.012003 -0.194295 1.165909 9.735158 0.617101 -0.119172 0.019955
1117828369 -0.344397 -0.446633 -0.137593 -0.174975 1.171532 9.734849 0.615379 -0.119749 0.017972
1137786865 0.020469 -0.175697 0.658645 -0.173410 1.154890 9.736865 0.613918 -0.118040 0.017808
1157745362 0.307449 0.100965 0.336959 -0.179108 1.151726 9.737137 0.614721 -0.117715 0.018392
1177703858 0.091871 0.011971 -0.140929 -0.183459 1.160288 9.736040 0.604780 -0.118594 0.018841
1197662354 -0.147412 -0.193999 -0.001287 -0.183459 1.160288 9.736040 0.608718 -0.118594 0.018841
1217620850 0.008580 -0.114182 0.170897 -0.154775 1.169985 9.735377 0.602169 -0.119590 0.015897
1237579346 0.110729 -0.045943 0.174620 -0.143129 1.176292 9.734796 0.624225 -0.120238 0.014702
1257537842 0.089120 0.085657 -0.178162 -0.173541 1.170174 9.735038 0.585165 -0.119610 0.017825
1277496338 0.039039 -0.035788 -0.390518 -0.195108 1.172762 9.734319 0.607583 -0.119875 0.020041
1297454834 0.031465 -0.015265 -0.215841 -0.183325 1.184346 9.733145 0.606695 -0.121065 0.018833
1317413330 -0.012117 -0.049233 -0.147537 -0.161334 1.197526 9.731921 0.604268 -0.122419 0.016576
1337371826 0.030247 0.088714 -0.122929 -0.151251 1.202874 9.731422 0.616270 -0.122969 0.015541
1357360840 -0.103847 -0.013965 -0.122643 -0.150515 1.203871 9.731312 0.608337 -0.123071 0.015466
1377319336 -0.139775 -0.021480 -0.074156 -0.150509 1.201267 9.731634 0.602985 -0.122804 0.015465
1397277832 0.023247 0.101722 -0.178703 -0.143291 1.204048 9.731399 0.598784 -0.123089 0.014724
1417236328 0.230628 0.220731 -0.025009 -0.129100 1.205450 9.731424 0.587676 -0.123233 0.013266
1437194824 0.134496 0.145234 -0.058517 -0.106183 1.209864 9.731153 0.610920 -0.123687 0.010911
1457153321 0.205888 0.159958 0.059752 -0.106183 1.209864 9.731153 0.600295 -0.123687 0.010911
1477111817 0.144812 0.216092 0.087114 -0.120161 1.199844 9.732231 0.596288 -0.122657 0.012346
1497070313 0.028779 0.190016 -0.071004 -0.135751 1.191493 9.733052 0.616297 -0.121799 0.013947
