0 0.290183 0.731784 -0.525814 -0.181013 -1.591825 9.674901 0.554366 0.163042 0.018707
19958496 0.207029 0.956494 -0.197509 -0.175928 -1.647888 9.665605 0.524049 0.168839 0.018199
39916992 0.041618 0.847425 0.268709 -0.154978 -1.710362 9.655104 0.527338 0.175305 0.016050
59875488 0.833277 1.031760 -0.309681 -0.089856 -1.754598 9.647989 0.528517 0.179888 0.009313
79833984 0.937369 1.193454 -0.192502 -0.008451 -1.852891 9.630011 0.519391 0.190085 0.000878
99792480 1.112560 1.525804 -0.336604 -0.008451 -1.852891 9.630011 0.501928 0.190085 0.000878
119750977 1.408319 2.676188 -1.096673 0.032016 -1.908358 9.619123 0.501468 0.195848 -0.003328
139739990 1.078533 3.947012 -1.220555 0.100077 -2.127140 9.572652 0.519810 0.218646 -0.010454
159698486 -0.335971 5.185423 0.662563 0.100077 -2.127140 9.572652 0.509847 0.218646 -0.010454
179656982 -0.346523 5.778047 2.853902 0.130974 -2.265791 9.540410 0.503833 0.233153 -0.013728
199615479 1.069213 7.532831 5.075562 0.151141 -2.344952 9.520964 0.510023 0.241458 -0.015873
219573975 1.986129 9.050772 4.827711 0.128472 -2.271183 9.539163 0.488626 0.233718 -0.013467
239532471 2.804945 9.467438 3.302015 0.068315 -2.042138 9.591423 0.463823 0.209775 -0.007122
259490967 1.886459 9.248305 1.744537 -0.018137 -1.723817 9.653937 0.464048 0.176699 0.001879
279449463 0.463213 9.997694 1.161854 -0.065924 -1.112797 9.743086 0.429448 0.113719 0.006766
299407959 1.205047 11.491158 2.024675 -0.003163 -0.838320 9.770753 0.456571 0.085589 0.000324
319396973 3.389144 10.887158 3.790294 -0.003163 -0.838320 9.770753 0.456571 0.085589 0.000324
339355469 6.127095 9.526684 4.462095 -0.179496 -0.040770 9.804923 0.465310 0.004157 0.018305
359313965 6.620775 7.199323 2.817301 -0.418262 0.427051 9.788416 0.487612 -0.043561 0.042704
379272461 1.339767 4.950724 -0.076791 -0.476066 0.763761 9.765266 0.464651 -0.077961 0.048712
399230957 -5.889724 3.411299 -0.912137 -0.286306 0.961884 9.755162 0.457987 -0.098243 0.029341
419189453 -2.860346 0.151515 -2.835199 -0.286306 0.961884 9.755162 0.538677 -0.098243 0.029341
439147949 0.943406 -4.791057 -4.255516 -0.050892 1.024257 9.752882 0.530007 -0.104636 0.005218
459106445 1.405845 -9.686256 0.361670 0.215446 0.826463 9.769387 0.526507 -0.084376 -0.022050
479064941 -0.212784 -13.405817 5.586317 0.667706 0.459126 9.773114 0.544680 -0.046835 -0.068215
499023438 -3.961526 -14.589748 7.231133 1.224984 0.208478 9.727608 0.590606 -0.021260 -0.125269
519012451 -5.519412 -14.980484 3.691683 1.482537 0.266167 9.690285 0.617946 -0.027145 -0.151815
538970947 -2.808125 -13.336828 -2.195019 1.297124 0.549425 9.704947 0.615640 -0.056055 -0.132869
558929443 0.534805 -11.142356 -2.255232 0.287871 0.667947 9.779640 0.694904 -0.068164 -0.029427
578887939 1.798093 -11.083185 2.128705 0.287871 0.667947 9.779640 0.544939 -0.068164 -0.029427
598846436 2.063711 -9.929071 3.134440 -0.233329 0.588607 9.786188 0.572783 -0.060057 0.023838
618804932 0.044698 -8.710908 0.826362 -0.233329 0.588607 9.786188 0.541119 -0.060057 0.023838
638763428 -0.765480 -6.608912 -1.464823 -0.144480 0.634272 9.785050 0.546640 -0.064723 0.014764
658721924 -0.676108 -4.964215 -2.763231 0.094687 0.677917 9.782733 0.534522 -0.069183 -0.009679
678680420 0.019697 -3.882973 -3.370229 0.330428 0.710157 9.775320 0.536868 -0.072479 -0.033789
698638916 0.396643 -2.334750 -3.958612 0.434818 0.745922 9.768568 0.530773 -0.076136 -0.044483
718627930 -0.392937 -1.781859 -3.577856 0.389129 0.760307 9.769385 0.528821 -0.077608 -0.039810
738586426 -0.681626 -1.451410 -2.708385 0.230849 0.740309 9.775942 0.527414 -0.075562 -0.023610
758544922 -0.482733 -0.843895 -1.696098 0.001687 0.688411 9.782457 0.521719 -0.070256 -0.000172
778503418 -0.657767 -1.253130 0.015461 -0.417117 0.547447 9.782469 0.581145 -0.055853 0.042613
798461914 -0.687555 -1.302179 1.252277 -0.417117 0.547447 9.782469 0.515095 -0.055853 0.042613
818420410 -0.796632 -0.343570 1.064621 -0.516840 0.509775 9.779744 0.523313 -0.052006 0.052799
838378906 -0.685040 -0.114316 0.151584 -0.527225 0.494128 9.779993 0.529825 -0.050408 0.053856
858337402 -0.619457 -0.257444 0.187505 -0.509405 0.465820 9.782326 0.524102 -0.047518 0.052027
878295898 0.154856 -0.091715 0.559135 -0.517518 0.426778 9.783682 0.523417 -0.043533 0.052847
898254395 1.170128 -0.858580 0.864079 -0.554400 0.399696 9.782805 0.524288 -0.040769 0.056610
918243408 1.208545 -0.880759 0.614130 -0.602368 0.385857 9.780524 0.519676 -0.039357 0.061511
938201904 1.010759 -0.216481 0.674217 -0.631154 0.379183 9.778970 0.519007 -0.038676 0.064453
958160400 -0.200795 -0.074870 0.948780 -0.648694 0.370771 9.778145 0.532931 -0.037817 0.066244
978118896 -0.545167 0.168392 0.969893 -0.705913 0.368592 9.774262 0.529226 -0.037595 0.072096
998077393 -0.406022 -0.076393 0.695833 -0.705913 0.368592 9.774262 0.521423 -0.037595 0.072096
1018035889 -0.683892 -0.041023 0.336873 -0.734703 0.378622 9.771758 0.531331 -0.038618 0.075045
1037994385 -0.782558 -0.096950 0.658100 -0.758399 0.386292 9.769647 0.542811 -0.039401 0.077473
1057952881 -0.804029 -0.078553 0.179621 -0.690514 0.409280 9.773744 0.543416 -0.041747 0.070533
1077911377 -0.586717 0.043655 0.098838 -0.634787 0.416336 9.777224 0.528917 -0.042467 0.064834
1097869873 -0.483991 -0.200576 0.001019 -0.634787 0.416336 9.777224 0.522402 -0.042467 0.064834
1117858887 -0.237348 -0.322315 -0.248471 -0.593830 0.430730 9.779173 0.521736 -0.043936 0.060649
1137817383 0.307060 -0.480458 -0.043581 -0.562797 0.432820 9.780915 0.513278 -0.044150 0.057477
1157775879 0.537029 -0.824893 -0.058161 -0.537382 0.432962 9.782338 0.513815 -0.044164 0.054879
1177734375 0.367137 -0.823911 -0.028980 -0.518374 0.437447 9.783166 0.524827 -0.044622 0.052937
1197692871 0.022606 -0.738852 -0.023385 -0.511293 0.446075 9.783149 0.524574 -0.045503 0.052215
1217651367 0.012788 -0.750319 0.029149 -0.511551 0.456805 9.782640 0.525865 -0.046598 0.052244
1237609863 0.018605 -0.972371 0.500072 -0.506520 0.458693 9.782812 0.517781 -0.046791 0.051730
1257568359 0.290387 -1.055158 0.306901 -0.483470 0.465175 9.783672 0.516249 -0.047452 0.049376
1277526855 0.385503 -0.985136 -0.123874 -0.453506 0.485662 9.784112 0.519799 -0.049544 0.046318
1297485352 -0.345614 -1.124420 0.271518 -0.428926 0.492308 9.784888 0.529510 -0.050223 0.043808
1317474365 -0.716309 -1.132822 0.068417 -0.401645 0.497475 9.785786 0.530205 -0.050750 0.041021
1337432861 -0.121848 -1.135707 0.036761 -0.356521 0.496284 9.787593 0.540345 -0.050628 0.036410
1357391357 0.469035 -1.720261 0.754228 -0.290145 0.480013 9.790597 0.534699 -0.048967 0.029626
1377349854 0.433500 -2.502399 1.202973 -0.220110 0.470636 9.792876 0.529764 -0.048010 0.022473
1397308350 0.512525 -2.528178 1.003870 -0.150947 0.481578 9.793655 0.571296 -0.049127 0.015412
1417266846 0.249991 -2.316141 -0.560019 -0.052803 0.531052 9.792119 0.577754 -0.054179 0.005392
1437225342 -0.070634 -2.356099 -1.351161 0.051659 0.587345 9.788909 0.550214 -0.059928 -0.005277
1457183838 -0.655743 -2.574004 0.200850 0.094617 0.599025 9.787880 0.600108 -0.061122 -0.009666
1477142334 -0.414534 -3.119390 1.745494 0.052433 0.615817 9.787155 0.564394 -0.062837 -0.005357
1497100830 0.613265 -3.655179 1.227361 -0.011625 0.701009 9.781556 0.586423 -0.071544 0.001188
