0 0.106816 0.155251 0.329454 -0.563412 -0.765688 9.760466 0.720292 0.078158 0.057660
19958496 -0.075306 0.390381 -0.538083 -0.563412 -0.765688 9.760466 0.709409 0.078158 0.057660
39947510 -0.095451 0.541349 -0.560584 -0.673126 -0.850882 9.746450 0.711470 0.086875 0.068954
59906006 -0.352873 0.981979 -0.690461 -0.673126 -0.850882 9.746450 0.711470 0.086875 0.068954
79864502 -0.589780 1.728702 -0.248908 -0.768559 -0.976233 9.727624 0.712571 0.099713 0.078844
99822998 -0.499902 2.242125 -0.006615 -0.768559 -0.976233 9.727624 0.689930 0.099713 0.078844
119781494 0.440382 3.364032 0.194366 -0.801192 -1.015866 9.720931 0.702674 0.103776 0.082233
139739991 0.719525 4.437099 0.158436 -0.812670 -1.041449 9.717271 0.676607 0.106399 0.083437
159698487 -0.782039 4.553642 1.074688 -0.785392 -1.066176 9.716831 0.698795 0.108935 0.080653
179656983 -1.679608 3.806685 3.380647 -0.690969 -1.086711 9.721728 0.684508 0.111042 0.070955
199615479 -0.974728 3.988108 3.296143 -0.582106 -1.008216 9.737301 0.654492 0.102991 0.059710
219573975 0.925266 5.357526 1.359943 -0.567815 -0.838329 9.754239 0.657107 0.085590 0.058147
239562989 1.906850 6.700321 0.197258 -0.662375 -0.674950 9.760947 0.649906 0.068880 0.067756
259521485 1.042435 6.696118 0.698475 -0.753516 -0.557294 9.761764 0.655877 0.056859 0.077038
279479981 -1.329757 5.864028 1.735298 -0.760483 -0.452375 9.766648 0.667819 0.046146 0.077709
299438477 -3.373548 4.279484 5.090627 -0.700476 -0.352540 9.775247 0.640949 0.035957 0.071536
319396973 -0.333253 3.502812 6.100602 -0.580070 -0.122805 9.788710 0.743596 0.012523 0.059190
339355469 2.676800 4.122669 3.363419 -0.463662 0.287898 9.791451 0.707674 -0.029362 0.047318
359313965 2.355680 4.823544 1.536237 -0.446736 0.689139 9.772201 0.639825 -0.070331 0.045683
379272461 -1.358005 2.780714 2.350245 -0.469756 0.976294 9.746618 0.692652 -0.099719 0.048160
399230957 -2.836728 1.585518 2.601744 -0.475930 1.219641 9.718866 0.655921 -0.124692 0.048931
419189453 -2.500578 1.232027 1.300286 -0.480837 1.476284 9.682962 0.662066 -0.151114 0.049617
439147950 0.147591 2.374912 3.075659 -0.490858 1.672881 9.650436 0.646466 -0.171425 0.050820
459106446 2.197563 2.854750 2.371077 -0.400471 1.931136 9.606286 0.707749 -0.198217 0.041664
479095459 2.253061 1.320040 -2.419881 -0.277837 2.309176 9.526852 0.621388 -0.237703 0.029155
499053955 1.621143 -1.458378 -5.301841 -0.323380 2.549930 9.463809 0.635896 -0.263043 0.034157
519012451 -1.038660 -3.817520 -2.486082 -0.537412 2.468344 9.475698 0.592046 -0.254437 0.056654
538970948 -1.983742 -5.773166 0.774323 -0.673549 2.257545 9.519464 0.652412 -0.232289 0.070637
558929444 -0.929159 -7.038806 1.135482 -0.652970 2.150906 9.545555 0.679230 -0.221129 0.068299
578887940 0.226874 -7.881163 0.565314 -0.573602 2.152821 9.550222 0.695403 -0.221329 0.059990
598846436 1.822673 -9.008307 -1.441236 -0.538018 2.196485 9.542346 0.680605 -0.225895 0.056323
618804932 2.360597 -9.184148 -3.254476 -0.592520 2.169013 9.545402 0.685680 -0.223022 0.061994
638763428 2.303702 -7.612012 -2.247611 -0.624316 2.006641 9.578832 0.653670 -0.206076 0.065085
658721924 1.317997 -5.772829 -0.050888 -0.530552 1.779711 9.629202 0.694647 -0.182491 0.055043
678710938 0.843754 -5.467062 0.907613 -0.354764 1.598660 9.668962 0.728073 -0.163749 0.036675
698669434 0.224405 -5.683525 0.775111 -0.144325 1.489414 9.691811 0.743292 -0.152468 0.014890
718627930 0.546951 -4.479597 0.317565 -0.004136 1.409220 9.704868 0.732589 -0.144200 0.000426
738586426 1.167212 -3.437736 0.528134 0.018045 1.311823 9.718496 0.703742 -0.134171 -0.001857
758544922 0.590314 -2.838374 -0.260734 -0.103979 1.199074 9.732512 0.749866 -0.122578 0.010683
778503418 -0.185137 -2.685570 -1.258938 -0.288143 1.112592 9.739071 0.754422 -0.113698 0.029578
798461914 -1.064001 -2.496719 -1.847250 -0.422579 1.066056 9.739370 0.795795 -0.108923 0.043362
818420410 -2.002355 -2.608202 -1.853786 -0.511419 1.026755 9.739333 0.799875 -0.104892 0.052462
838378907 -1.837663 -2.098730 -1.437520 -0.540891 0.990812 9.741463 0.812908 -0.101207 0.055468
858337403 -1.014650 -1.734063 -1.052569 -0.500032 0.980105 9.744729 0.823417 -0.100110 0.051268
878295899 -0.214162 -0.900633 -0.669548 -0.437325 0.970343 9.748722 0.831512 -0.099110 0.044830
898284912 0.524660 -0.708497 -0.464622 -0.380700 0.956060 9.752507 0.823368 -0.097646 0.039016
918243409 0.586728 -0.436757 -0.323655 -0.343785 0.931703 9.756235 0.833596 -0.095151 0.035223
938201905 0.616270 0.004310 0.403417 -0.310043 0.894655 9.760833 0.830018 -0.091356 0.031753
958160401 0.301041 -0.198656 0.919791 -0.277165 0.865122 9.764483 0.809080 -0.088333 0.028377
978118897 -0.064819 -0.258717 0.488124 -0.263438 0.856978 9.765580 0.841174 -0.087499 0.026970
998077393 -0.022721 -0.290069 -0.379810 -0.251842 0.878589 9.763967 0.826191 -0.089711 0.025787
1018035889 0.079465 -0.057161 -0.741385 -0.250884 0.895795 9.762428 0.822613 -0.091473 0.025693
1037994385 0.192240 -0.011912 -0.087094 -0.257421 0.878662 9.763815 0.814865 -0.089719 0.026359
1057952881 0.038924 -0.146134 0.498774 -0.245675 0.857328 9.766014 0.829844 -0.087535 0.025151
1077911377 0.412626 0.112387 0.482841 -0.216712 0.857259 9.766706 0.824189 -0.087528 0.022185
1097869873 0.513189 0.151948 0.023243 -0.197656 0.871512 9.765848 0.820212 -0.088987 0.020237
1117858887 0.258978 -0.206456 0.156250 -0.192873 0.875040 9.765629 0.808322 -0.089348 0.019748
1137817383 0.064660 -0.059463 0.365834 -0.197221 0.869448 9.766041 0.810292 -0.088776 0.020192
1157775879 -0.156088 -0.215903 0.032149 -0.204008 0.875539 9.765357 0.811890 -0.089399 0.020888
1177734375 -0.160208 -0.265896 -0.357263 -0.203518 0.893158 9.763771 0.823032 -0.091203 0.020841
1197692871 0.196802 -0.043926 -0.297660 -0.194624 0.909843 9.762412 0.812081 -0.092912 0.019933
1217651367 0.310910 0.123243 -0.243213 -0.167734 0.928020 9.761201 0.802979 -0.094773 0.017182
1237609864 0.220651 -0.003615 -0.188480 -0.167734 0.928020 9.761201 0.819765 -0.094773 0.017182
1257568360 0.076227 -0.130059 -0.191426 -0.134846 0.944879 9.760093 0.802462 -0.096501 0.013815
1277526856 -0.223939 -0.160289 -0.142280 -0.110081 0.956544 9.759267 0.821085 -0.097696 0.011279
1297485352 -0.208557 -0.195376 -0.126632 -0.097177 0.962928 9.758776 0.817245 -0.098350 0.009958
1317443848 -0.063625 -0.242962 -0.158861 -0.088598 0.969374 9.758220 0.807242 -0.099010 0.009079
1337432862 0.063499 0.010504 -0.018960 -0.080283 0.973975 9.757834 0.798586 -0.099482 0.008227
1357391358 -0.083161 -0.028295 -0.251354 -0.073321 0.983901 9.756891 0.812690 -0.100499 0.007515
1377349854 -0.153750 -0.118134 -0.287844 -0.057146 0.997953 9.755573 0.806721 -0.101939 0.005858
1397308350 -0.006254 0.055134 -0.176503 -0.057146 0.997953 9.755573 0.804393 -0.101939 0.005858
1417266846 0.057003 0.036563 -0.156223 -0.046589 1.001956 9.755219 0.824731 -0.102350 0.004776
1437225342 0.039579 -0.052078 -0.040352 -0.006078 1.013548 9.754130 0.814313 -0.103538 0.000623
1457183838 0.139581 0.011152 -0.058333 -0.006078 1.013548 9.754130 0.816209 -0.103538 0.000623
1477142334 0.005968 0.021143 -0.363518 0.004080 1.022205 9.753228 0.805116 -0.104426 -0.000418
1497100830 -0.295981 -0.136136 -0.338859 -0.005992 1.017173 9.753755 0.806125 -0.103910 0.000614
1517059326 -0.005215 -0.106272 -0.031803 -0.005709 1.006990 9.754810 0.805569 -0.102866 0.000585
