0 -0.336593 -0.023496 -0.735890 -0.579618 0.016832 9.789492 0.678776 -0.001716 0.059139
19958496 -0.310688 0.159362 -1.472939 -0.565541 0.009168 9.790325 0.695384 -0.000935 0.057701
39916992 -0.120744 0.235338 -0.310334 -0.460621 -0.125738 9.795020 0.708759 0.012822 0.046991
59906006 0.107544 0.053208 1.605262 -0.460621 -0.125738 9.795020 0.705592 0.012822 0.046991
79864502 0.093847 0.134702 1.182504 -0.415853 -0.154293 9.796615 0.685248 0.015734 0.042423
99822998 -0.114635 0.335066 0.033060 -0.415853 -0.154293 9.796615 0.707733 0.015734 0.042423
119781494 -0.113042 0.307530 -0.319659 -0.418063 -0.143931 9.796678 0.700559 0.014677 0.042648
139739990 -0.293944 0.261302 -0.389632 -0.419730 -0.140365 9.796658 0.701282 0.014314 0.042818
159698486 -0.663680 0.133493 -0.116314 -0.416068 -0.146843 9.796719 0.677270 0.014974 0.042445
179656982 -0.253202 0.079311 0.122914 -0.410255 -0.157948 9.796791 0.684316 0.016107 0.041852
199615478 -0.053912 0.211678 -0.343958 -0.418509 -0.166036 9.796309 0.688989 0.016932 0.042695
219573975 0.264052 0.400754 0.268025 -0.426356 -0.183562 9.795658 0.684157 0.018719 0.043498
239532471 0.437455 0.536520 -0.156070 -0.428247 -0.195484 9.795345 0.685283 0.019935 0.043692
259490967 0.133101 0.844218 -0.804876 -0.443723 -0.216425 9.794216 0.645724 0.022071 0.045274
279449463 -0.000255 1.323983 -0.729053 -0.479675 -0.270619 9.791173 0.657301 0.027599 0.048951
299438477 -0.331094 2.239540 -0.595825 -0.523863 -0.353405 9.786268 0.660029 0.036045 0.053479
319396973 -0.965552 3.628276 -0.225860 -0.552465 -0.445893 9.780917 0.662127 0.045484 0.056424
339355469 -0.096064 5.570112 -0.355846 -0.559778 -0.523048 9.776680 0.638051 0.053361 0.057194
359313965 1.538028 7.427027 0.382597 -0.562784 -0.612420 9.771316 0.644297 0.062490 0.057532
379272461 1.523072 9.435349 1.182311 -0.593002 -0.722219 9.762025 0.597868 0.073713 0.060671
399230957 0.314217 10.240604 1.707294 -0.630832 -0.830006 9.751079 0.607636 0.084738 0.064604
419189453 -0.934726 10.203089 1.765234 -0.633232 -0.902667 9.744465 0.634434 0.092177 0.064893
439147949 -2.575625 9.588354 1.603031 -0.638615 -0.946373 9.739965 0.633669 0.096654 0.065473
459106445 -2.679508 11.019419 2.289752 -0.588025 -0.870741 9.750201 0.606329 0.088908 0.060236
479064941 1.652934 13.746896 5.703067 -0.588025 -0.870741 9.750201 0.604287 0.088908 0.060236
499023437 2.164618 14.647115 4.160475 -0.604772 -0.713457 9.761948 0.587332 0.072817 0.061873
519012451 -0.894828 12.731079 3.163629 -0.741916 -0.573567 9.761709 0.592021 0.058521 0.075857
538970947 -4.193172 9.720021 3.189275 -0.769913 -0.395314 9.768384 0.639053 0.040322 0.078654
558929443 -3.312710 6.067802 0.842866 -0.592974 -0.090191 9.788290 0.611590 0.009197 0.060506
578887939 -0.207364 0.766192 1.257826 -0.498815 0.161951 9.792617 0.563481 -0.016515 0.050894
598846435 -0.620331 -5.905338 1.027570 -0.498815 0.161951 9.792617 0.592775 -0.016515 0.050894
618804932 1.807011 -9.780975 -0.599534 -0.440280 0.258402 9.793353 0.546112 -0.026353 0.044927
638763428 4.586930 -12.920448 -0.570329 -0.554486 0.250799 9.787749 0.482290 -0.025577 0.056591
658721924 3.555480 -15.142703 1.107830 -0.910226 0.049001 9.764194 0.497153 -0.004997 0.092952
678680420 3.937696 -17.615974 -0.211535 -1.017565 -0.026831 9.753678 0.606031 0.002736 0.103950
698638916 5.035008 -16.262808 -3.320105 -0.573728 0.147239 9.788746 0.686785 -0.015015 0.058544
718597412 4.106514 -11.501925 -1.373960 0.738107 0.258324 9.775421 0.589516 -0.026345 -0.075363
738555908 -0.757230 -9.760268 2.800822 0.738107 0.258324 9.775421 0.670011 -0.026345 -0.075363
758544922 -5.484244 -10.213447 2.678697 0.616616 -0.014520 9.787234 0.750104 0.001481 -0.062919
778503418 -5.096840 -7.709779 -0.194498 0.616616 -0.014520 9.787234 0.727683 0.001481 -0.062919
798461914 -1.566894 -4.925300 -2.486102 0.569549 0.029061 9.790054 0.748744 -0.002963 -0.058111
818420410 -0.607713 -3.413756 -3.052150 0.540759 0.064901 9.791514 0.779853 -0.006618 -0.055171
838378906 -1.306655 -3.894384 -1.303294 0.501849 0.042679 9.793708 0.767610 -0.004352 -0.051197
858337402 -1.576702 -3.947437 0.471662 0.482890 0.015777 9.794742 0.811789 -0.001609 -0.049261
878295898 -1.122340 -3.116713 -0.512696 0.484703 0.064012 9.794456 0.801221 -0.006527 -0.049447
898254394 -0.560931 -2.105550 -1.469188 0.451870 0.123936 9.795449 0.788759 -0.012638 -0.046098
918212891 -0.310330 -1.460040 -2.200683 0.398352 0.166346 9.797144 0.781608 -0.016963 -0.040638
938171387 -0.001812 -1.110336 -1.612780 0.378016 0.181851 9.797674 0.783361 -0.018545 -0.038563
958129883 -0.121960 -1.025909 -0.155857 0.390677 0.172256 9.797351 0.799148 -0.017566 -0.039855
978088379 -0.317454 -0.989611 0.250717 0.400750 0.169242 9.796997 0.764689 -0.017259 -0.040883
998077393 0.068510 -0.800957 0.149116 0.409469 0.185625 9.796340 0.768738 -0.018930 -0.041774
1018035889 0.690690 -0.479381 0.413033 0.396950 0.193312 9.796705 0.742495 -0.019714 -0.040497
1037994385 0.786335 -0.168655 0.427959 0.282047 0.188187 9.800787 0.758756 -0.019191 -0.028770
1057952881 0.429491 -0.263339 0.224874 0.241349 0.201468 9.801610 0.743716 -0.020545 -0.024618
1077911377 0.423572 -0.407413 0.962965 0.213587 0.259343 9.800894 0.729099 -0.026449 -0.021789
1097869873 0.339259 -0.423338 -0.065313 0.213587 0.259343 9.800894 0.736651 -0.026449 -0.021789
1117828369 0.461046 -0.268598 -0.660970 0.089774 0.336234 9.800473 0.746504 -0.034293 -0.009160
1137786865 0.578112 -0.271258 -0.438758 0.089774 0.336234 9.800473 0.711845 -0.034293 -0.009160
1157745361 0.424587 -0.183187 -0.507689 0.010884 0.338976 9.800784 0.719071 -0.034573 -0.001111
1177703857 0.181585 -0.355184 0.000811 -0.027219 0.346792 9.800479 0.709589 -0.035370 0.002777
1197662353 0.218217 -0.447962 0.503192 -0.028422 0.370393 9.799612 0.712470 -0.037779 0.002900
1217651367 0.288040 -0.449518 -0.493842 -0.036331 0.420091 9.797580 0.697451 -0.042850 0.003708
1237609863 0.480956 -0.176920 -0.218910 -0.077526 0.440956 9.796425 0.685202 -0.044980 0.007914
1257568359 0.530056 -0.093694 -0.345144 -0.131729 0.446164 9.795609 0.679984 -0.045512 0.013447
1277526855 0.233975 -0.124742 -0.762148 -0.161766 0.463620 9.794349 0.690834 -0.047294 0.016515
1297485352 0.168159 -0.332992 -0.234158 -0.149479 0.478140 9.793845 0.676820 -0.048776 0.015261
1317443848 0.166015 -0.366710 0.124887 -0.149479 0.478140 9.793845 0.670752 -0.048776 0.015261
1337402344 0.317542 -0.039209 -0.256502 -0.147320 0.487922 9.793396 0.690542 -0.049775 0.015042
1357360840 0.535116 -0.052093 -0.188395 -0.145633 0.495702 9.793031 0.693339 -0.050569 0.014870
1377319336 0.416295 -0.199495 0.050850 -0.138145 0.499079 9.792969 0.676884 -0.050914 0.014106
1397277832 0.390301 -0.158989 0.275091 -0.124608 0.502824 9.792958 0.682319 -0.051296 0.012724
1417236328 0.316177 -0.215835 0.112295 -0.112934 0.514962 9.792469 0.685650 -0.052536 0.011532
1437225342 0.171596 -0.202185 -0.025717 -0.115427 0.523928 9.791965 0.692193 -0.053451 0.011787
1457183838 0.118704 -0.283055 -0.206246 -0.124104 0.534262 9.791301 0.693696 -0.054507 0.012674
1477142334 -0.000802 -0.355472 0.271755 -0.128706 0.538593 9.791002 0.666786 -0.054949 0.013145
1497100830 -0.041215 -0.429236 0.257112 -0.138502 0.543926 9.790574 0.687690 -0.055493 0.014145
1517059326 0.009201 -0.601317 0.214131 -0.155573 0.555403 9.789674 0.679183 -0.056666 0.015890
