0 0.173745 0.489197 0.000192 -0.347137 -0.596284 9.782349 0.679657 0.060842 0.035471
19958496 0.079989 0.649390 -0.749252 -0.347137 -0.596284 9.782349 0.666929 0.060842 0.035471
39916992 0.065907 0.907504 -0.597635 -0.387736 -0.622729 9.779175 0.653633 0.063543 0.039628
59875488 -0.241120 1.315446 -0.653051 -0.431410 -0.665741 9.774511 0.645005 0.067939 0.044108
79864502 -0.890655 1.732677 -0.476387 -0.503116 -0.729419 9.766536 0.633481 0.074449 0.051469
99822998 -0.668355 2.420194 -0.006718 -0.646531 -0.872615 9.746328 0.653720 0.089100 0.066239
119781494 -0.133232 3.330783 0.957848 -0.621092 -0.897148 9.745756 0.642322 0.091612 0.063643
139739990 -0.178449 3.836884 1.458891 -0.541718 -0.885547 9.751551 0.615915 0.090424 0.055495
159698486 -0.259002 4.655163 1.262893 -0.541718 -0.885547 9.751551 0.638077 0.090424 0.055495
179656982 -0.160186 5.310495 1.610662 -0.583501 -0.993887 9.738690 0.649106 0.101523 0.059844
199615478 0.448228 5.423304 4.188190 -0.583501 -0.993887 9.738690 0.595267 0.101523 0.059844
219573974 0.896438 5.295767 6.484737 -0.650782 -1.027007 9.730988 0.626566 0.104918 0.066778
239532470 1.237328 5.161038 6.296176 -0.650782 -1.027007 9.730988 0.626566 0.104918 0.066778
259490966 0.612738 5.249318 5.272161 -0.574806 -0.623730 9.769900 0.611762 0.063646 0.058767
279449463 -0.472858 4.571974 4.976626 -0.607947 -0.321397 9.782510 0.622569 0.032779 0.062067
299438476 -1.343384 3.917281 3.033395 -0.607947 -0.321397 9.782510 0.646772 0.032779 0.062067
319396972 0.078358 3.621681 -0.033682 -0.716778 0.042229 9.780330 0.644111 -0.004306 0.073157
339355468 1.367693 3.886641 -0.973887 -0.839384 0.376981 9.763387 0.640023 -0.038451 0.085762
359313964 0.068031 3.220810 -0.225131 -1.042564 0.835034 9.715254 0.621335 -0.085253 0.106903
379272461 -0.894500 2.702577 -0.375276 -1.042564 0.835034 9.715254 0.640928 -0.085253 0.106903
399230957 0.343227 2.739009 -0.488951 -1.179797 1.001814 9.683742 0.631705 -0.102335 0.121235
419189453 -0.298974 3.245787 1.033598 -1.319540 1.098485 9.655183 0.640833 -0.112250 0.135825
439147949 -1.271945 2.910000 0.849931 -1.365331 1.221472 9.634016 0.646397 -0.124880 0.140782
459106445 -1.496514 1.466674 -1.207523 -1.387077 1.377215 9.609874 0.654000 -0.140903 0.143349
479064941 -1.163896 0.350085 -1.375080 -1.383361 1.493247 9.593065 0.648572 -0.152863 0.143217
499023437 2.704151 0.376283 -1.745433 -1.301156 1.618021 9.584331 0.644589 -0.165750 0.134934
519012451 3.751383 -2.397463 -4.258876 -1.258858 1.721641 9.571918 0.618609 -0.176473 0.130765
538970947 1.465544 -5.921285 -3.241055 -1.374678 1.627609 9.572436 0.616951 -0.166741 0.142633
558929443 0.471456 -8.091167 -0.120831 -1.456816 1.406965 9.595234 0.650771 -0.143967 0.150676
578887939 2.618598 -9.155519 -0.219568 -1.288213 1.351481 9.627275 0.713446 -0.138253 0.133019
598846435 3.747647 -10.279909 -3.290519 -0.962404 1.463735 9.648919 0.727810 -0.149819 0.099413
618804931 3.874959 -9.737279 -3.391468 -0.605393 1.509691 9.670818 0.731270 -0.154560 0.062518
638763427 2.433171 -8.690447 -1.743236 -0.264699 1.416087 9.700258 0.739994 -0.144907 0.027281
658721923 0.162678 -7.644003 0.974738 0.013728 1.204023 9.732448 0.746617 -0.123087 -0.001410
678680420 -1.984266 -6.887550 3.088735 0.206465 0.961388 9.757228 0.786694 -0.098192 -0.021157
698638916 -1.793964 -5.802321 2.777689 0.337333 0.816536 9.766773 0.835048 -0.083360 -0.034525
718597412 -0.556408 -4.432184 0.716175 0.369489 0.811791 9.766005 0.835222 -0.082874 -0.037816
738586425 -0.350174 -3.406802 -0.699248 0.369489 0.811791 9.766005 0.830273 -0.082874 -0.037816
758544921 -0.859657 -2.926453 -1.008903 0.216105 0.773217 9.773731 0.830846 -0.078928 -0.022107
778503418 -1.558693 -2.676503 -1.811419 0.045662 0.743441 9.778323 0.862909 -0.075883 -0.004670
798461914 -1.653059 -2.215942 -2.591363 -0.037365 0.777052 9.775744 0.862760 -0.079320 0.003822
818420410 -1.152789 -1.691161 -1.816444 -0.037365 0.777052 9.775744 0.857849 -0.079320 0.003822
838378906 -0.425396 -1.200313 -1.461785 -0.030074 0.765356 9.776691 0.842674 -0.078124 0.003076
858337402 0.277350 -0.259384 -1.272379 -0.067030 0.674946 9.783167 0.847005 -0.068880 0.006851
878295898 0.619881 0.023329 -0.974730 -0.067030 0.674946 9.783167 0.827688 -0.068880 0.006851
898254394 0.501909 -0.121342 -0.435744 -0.060004 0.612452 9.787323 0.833388 -0.062493 0.006131
918212890 0.190149 0.076060 0.602283 0.030293 0.487097 9.794498 0.845161 -0.049690 -0.003093
938171386 0.044695 -0.173366 0.902798 0.030293 0.487097 9.794498 0.832957 -0.049690 -0.003093
958160400 -0.014202 -0.160707 0.696147 0.060989 0.453598 9.795964 0.832574 -0.046271 -0.006226
978118896 -0.174059 -0.154139 0.814713 0.025745 0.361763 9.799942 0.832447 -0.036898 -0.002627
998077392 -0.501492 -0.416594 0.876334 0.025745 0.361763 9.799942 0.832171 -0.036898 -0.002627
1018035888 -0.237317 -0.199107 0.867158 0.008318 0.331830 9.801031 0.831193 -0.033844 -0.000849
1037994384 0.201159 -0.200383 0.581983 0.012313 0.329673 9.801099 0.836784 -0.033624 -0.001256
1057952880 0.390986 0.025989 0.412423 0.019170 0.335665 9.800885 0.835369 -0.034235 -0.001956
1077911377 0.256426 0.031633 0.381903 0.020889 0.339076 9.800764 0.838128 -0.034583 -0.002131
1097869873 0.193273 -0.102532 0.342271 0.021367 0.342945 9.800629 0.817144 -0.034978 -0.002180
1117828369 0.428837 0.022106 0.383976 0.031875 0.352583 9.800259 0.826043 -0.035961 -0.003252
1137786865 0.429273 0.075856 0.244177 0.040545 0.366786 9.799706 0.837285 -0.037410 -0.004137
1157775879 0.283458 0.103645 0.362417 0.040103 0.375252 9.799386 0.807562 -0.038274 -0.004092
1177734375 0.343475 0.122990 0.184822 0.027860 0.385734 9.799021 0.824818 -0.039344 -0.002843
1197692871 -0.012782 -0.134765 -0.144442 0.006088 0.399909 9.798491 0.817652 -0.040791 -0.000621
1217651367 -0.313526 -0.326431 -0.329225 -0.020793 0.408708 9.798108 0.808580 -0.041689 0.002122
1237609863 -0.254956 -0.289744 -0.365412 -0.036118 0.413721 9.797853 0.818908 -0.042200 0.003686
1257568359 0.050305 -0.103716 -0.095623 -0.022834 0.420223 9.797616 0.806637 -0.042864 0.002331
1277526855 0.366175 0.106442 0.011656 0.098586 0.479119 9.794442 0.787616 -0.048876 -0.010065
1297485351 0.510326 0.078794 -0.135468 0.098586 0.479119 9.794442 0.796161 -0.048876 -0.010065
1317443847 0.417004 0.094029 -0.025573 0.119650 0.482008 9.794066 0.799767 -0.049171 -0.012216
1337402343 0.156941 -0.185322 0.141164 0.119650 0.482008 9.794066 0.791141 -0.049171 -0.012216
1357360839 0.268969 -0.012818 0.351109 0.116328 0.478801 9.794264 0.801056 -0.048843 -0.011877
1377349853 0.572118 0.250248 -0.063948 0.124020 0.497790 9.793222 0.784171 -0.050782 -0.012663
1397308349 0.683840 0.161502 -0.392460 0.127341 0.522109 9.791914 0.790450 -0.053265 -0.013004
1417266845 0.615664 0.184477 -0.177214 0.116166 0.524765 9.791911 0.780278 -0.053537 -0.011863
1437225341 0.210988 0.053817 -0.158134 0.083699 0.511376 9.792951 0.784286 -0.052170 -0.008547
1457183838 -0.135265 -0.170755 -0.085848 0.057346 0.498375 9.793810 0.795816 -0.050842 -0.005855
1477142334 -0.176986 -0.239393 -0.094189 0.058834 0.497918 9.793824 0.809694 -0.050795 -0.006007
1497100830 -0.154275 -0.288848 -0.231872 0.076674 0.509170 9.793123 0.780682 -0.051944 -0.007829
1517059326 -0.011487 -0.291225 0.264215 0.087533 0.506006 9.793196 0.801331 -0.051621 -0.008938
