0 0.268664 0.214156 -0.598927 -0.424016 -0.646299 9.776139 0.661330 0.065952 0.043345
19958496 0.450482 0.330905 -0.965187 -0.418397 -0.666323 9.775037 0.671324 0.067998 0.042777
39916993 0.121527 0.330687 -0.851858 -0.343181 -0.783975 9.769238 0.681006 0.080029 0.035114
59875489 -0.250608 0.422959 -0.608264 -0.343181 -0.783975 9.769238 0.657297 0.080029 0.035114
79833985 -0.996590 0.809041 -0.292130 -0.291764 -0.872113 9.763435 0.678091 0.089048 0.029874
99792481 -0.727142 0.990170 0.175274 -0.259155 -0.966682 9.755447 0.687621 0.098734 0.026559
119750977 -0.426071 1.112269 0.405791 -0.192478 -1.121969 9.740355 0.673610 0.114660 0.019758
139739991 -0.058827 1.395110 -0.144737 -0.128508 -1.199440 9.732174 0.660718 0.122616 0.013204
159698487 -0.230047 1.931708 -0.231300 -0.128508 -1.199440 9.732174 0.659423 0.122616 0.013204
179656983 0.059049 2.595398 0.048175 -0.033480 -1.296263 9.720544 0.659852 0.132570 0.003444
199615479 0.088576 3.856207 0.750712 0.056158 -1.400442 9.705978 0.660001 0.143295 -0.005786
219573975 0.097858 5.820871 1.196728 0.132329 -1.488413 9.692137 0.659716 0.152365 -0.013652
239532471 -0.019160 7.363657 2.776920 0.180724 -1.557002 9.680572 0.650744 0.159445 -0.018667
259490967 -0.156027 8.186957 3.323655 0.211540 -1.571115 9.677668 0.615641 0.160903 -0.021855
279449463 0.315089 8.707404 2.453831 0.247722 -1.482724 9.690746 0.627623 0.151778 -0.025557
299407959 0.452763 9.287675 0.849905 0.279309 -1.297901 9.716370 0.611955 0.132738 -0.028738
319366455 0.191892 9.826531 0.567204 0.280517 -1.054099 9.745797 0.617407 0.107696 -0.028775
339355469 1.251895 10.241513 2.581034 0.220459 -0.802386 9.771283 0.610183 0.081912 -0.022558
359313965 1.788017 10.033094 2.778055 0.160919 -0.512210 9.791943 0.639791 0.052255 -0.016432
379272461 1.508623 9.120033 2.286035 0.180040 -0.226469 9.802382 0.595231 0.023095 -0.018365
399230957 2.770364 7.440613 5.175879 0.219758 -0.026821 9.804151 0.584622 0.002735 -0.022411
419189453 3.171744 5.573013 4.323051 -0.092229 0.552750 9.790626 0.615084 -0.056395 0.009420
439147950 -0.200526 2.863965 -0.491143 -0.092229 0.552750 9.790626 0.615084 -0.056395 0.009420
459106446 0.334984 -1.193931 -0.990527 -0.086266 0.723017 9.779580 0.623269 -0.073794 0.008821
479064942 -0.233032 -4.938497 0.814072 0.243084 0.658836 9.781473 0.629907 -0.067233 -0.024846
499023438 -6.249217 -8.499887 -0.186175 0.588812 0.606326 9.770162 0.640951 -0.061867 -0.060194
518981934 -6.183691 -11.991248 -0.054589 0.891270 0.524547 9.751968 0.670882 -0.053514 -0.091141
538970948 0.560030 -12.928268 3.702570 1.122164 0.330024 9.736643 0.642659 -0.033659 -0.114745
558929444 3.398959 -13.574982 0.948035 1.047249 0.304167 9.745827 0.612837 -0.031021 -0.107045
578887940 1.788608 -11.692264 -4.818872 0.733533 0.461394 9.768288 0.594938 -0.047066 -0.074953
598846436 -2.462014 -10.566551 -2.794063 0.383928 0.485630 9.787091 0.573406 -0.049541 -0.039208
618804932 -3.059062 -9.104359 0.408838 0.105908 0.366530 9.799226 0.582469 -0.037384 -0.010807
638763428 -0.450449 -6.458304 2.443076 -0.115410 0.221403 9.803472 0.564080 -0.022579 0.011772
658721924 1.479103 -6.092618 0.675297 -0.233522 0.180109 9.802215 0.560250 -0.018367 0.023819
678680420 1.075234 -6.095292 -1.814765 -0.271463 0.211713 9.800606 0.535315 -0.021590 0.027692
698638916 1.501276 -4.821718 -2.540638 -0.250993 0.214594 9.801089 0.547709 -0.021884 0.025603
718597412 2.011816 -3.694351 -2.852784 -0.158754 0.146201 9.804275 0.549363 -0.014909 0.016191
738586426 1.027085 -2.947126 -1.504056 -0.158754 0.146201 9.804275 0.549363 -0.014909 0.016191
758544922 -0.297939 -2.119318 -1.691002 -0.184541 0.122103 9.804153 0.541351 -0.012451 0.018821
778503418 -0.814239 -0.993134 -3.093323 -0.224460 0.118001 9.803371 0.546936 -0.012033 0.022892
798461914 -0.578771 -0.577182 -1.834053 -0.230463 0.054810 9.803788 0.557063 -0.005589 0.023503
818420410 -0.412581 -0.472898 0.135971 -0.245956 -0.055134 9.803411 0.565528 0.005622 0.025084
838378907 0.205721 -0.739457 0.734793 -0.321474 -0.121409 9.800628 0.558122 0.012381 0.032790
858337403 0.724852 -0.841998 -0.527625 -0.427731 -0.113348 9.796661 0.569406 0.011559 0.043633
878295899 0.542059 -0.803096 -0.504749 -0.506808 -0.111385 9.792912 0.557204 0.011358 0.051706
898254395 0.246009 -0.557820 -0.063856 -0.520533 -0.140871 9.791813 0.567755 0.014365 0.053110
918212891 0.502879 -0.171289 0.599802 -0.506954 -0.185248 9.791785 0.551870 0.018891 0.051727
938201905 0.492242 -0.350963 0.986057 -0.514716 -0.212714 9.790823 0.552704 0.021693 0.052523
958160401 0.168902 -0.245862 0.857951 -0.575886 -0.205285 9.787574 0.574406 0.020935 0.058771
978118897 -0.011972 -0.434469 0.586090 -0.669212 -0.180925 9.782117 0.560320 0.018450 0.068305
998077393 0.310195 -0.385417 0.978738 -0.727730 -0.174203 9.778060 0.586510 0.017765 0.074288
1018035889 0.244896 -0.176955 0.833923 -0.728726 -0.170487 9.778050 0.582366 0.017386 0.074389
1037994385 -0.509932 0.303657 0.604773 -0.706162 -0.158590 9.779906 0.590430 0.016172 0.072080
1057952881 -1.236511 0.344286 0.621858 -0.698083 -0.136330 9.780822 0.592662 0.013902 0.071252
1077911377 -1.138611 0.105108 0.866630 -0.723059 -0.109821 9.779341 0.622825 0.011199 0.073803
1097869873 -0.368279 0.116043 0.574309 -0.734438 -0.076457 9.778811 0.601298 0.007797 0.074964
1117828369 -0.108302 -0.033425 0.182467 -0.709651 -0.044253 9.780839 0.612189 0.004513 0.072428
1137817383 -0.449321 0.046157 0.213716 -0.667865 -0.014466 9.783872 0.606611 0.001475 0.068156
1157775879 -0.768525 0.160970 0.070638 -0.652362 0.016108 9.784915 0.610594 -0.001643 0.066572
1177734375 -0.624838 0.083670 -0.138797 -0.668314 0.049747 9.783724 0.603298 -0.005073 0.068203
1197692871 -0.110199 -0.020582 0.566469 -0.677959 0.069595 9.782940 0.599617 -0.007097 0.069190
1217651368 0.123623 -0.185927 0.429682 -0.645573 0.157197 9.784115 0.592964 -0.016030 0.065886
1237609864 0.166963 -0.235752 -0.716543 -0.645573 0.157197 9.784115 0.613991 -0.016030 0.065886
1257568360 -0.295957 -0.101710 -0.541748 -0.626892 0.187943 9.784788 0.611695 -0.019166 0.063981
1277526856 -0.129495 0.048147 -0.295599 -0.619031 0.202399 9.785000 0.621910 -0.020640 0.063179
1297485352 0.484971 -0.242922 -0.145101 -0.622790 0.215392 9.784485 0.623990 -0.021966 0.063565
1317443848 0.412982 -0.499870 0.243476 -0.633976 0.233549 9.783349 0.614457 -0.023818 0.064711
1337432862 0.056474 -0.416903 -0.105001 -0.648130 0.265446 9.781608 0.629885 -0.027071 0.066163
1357391358 -0.025253 -0.332979 -0.486622 -0.617078 0.314177 9.782172 0.624394 -0.032043 0.062998
1377349854 -0.121401 -0.120588 -0.294088 -0.597611 0.336495 9.782639 0.612441 -0.034320 0.061013
1397308350 -0.291768 -0.038763 -0.759130 -0.597611 0.336495 9.782639 0.631502 -0.034320 0.061013
1417266846 -0.259350 -0.035485 -0.944952 -0.595055 0.355385 9.782126 0.627856 -0.036247 0.060756
1437225342 -0.564388 -0.127212 -0.542987 -0.608634 0.361856 9.781054 0.642321 -0.036907 0.062146
1457183838 -0.554255 -0.052757 -0.167901 -0.639018 0.362707 9.779084 0.640214 -0.036994 0.065253
1477142334 -0.486401 -0.078452 -0.458383 -0.649219 0.369699 9.778151 0.638239 -0.037708 0.066298
1497100830 -0.422430 -0.258566 0.053172 -0.645382 0.361932 9.778695 0.636610 -0.036915 0.065903
