0 -0.054181 0.020666 -0.546797 -0.444909 0.163619 9.795186 0.616985 -0.016685 0.045390
19989014 0.052349 0.123073 -0.202326 -0.445455 0.133051 9.795624 0.623313 -0.013568 0.045444
39947510 0.245407 0.218094 0.412537 -0.414472 0.050244 9.797758 0.622865 -0.005123 0.042278
59906006 0.093599 0.318532 0.343749 -0.415826 0.021522 9.797806 0.612537 -0.002195 0.042415
79860205 0.029921 0.464334 0.237958 -0.415826 0.021522 9.797806 0.615216 -0.002195 0.042415
99818701 -0.039286 0.646979 -0.023607 -0.469824 -0.019770 9.795369 0.621020 0.002016 0.047927
119777197 -0.096384 1.020923 -0.535275 -0.469824 -0.019770 9.795369 0.621662 0.002016 0.047927
139735693 -0.273734 1.556620 -1.114999 -0.523184 -0.049051 9.792562 0.597360 0.005002 0.053376
159694189 -0.195207 2.581684 -1.090173 -0.581005 -0.101365 9.788899 0.597228 0.010337 0.059284
179652685 0.135033 3.401543 -0.343418 -0.640984 -0.178747 9.784047 0.587748 0.018228 0.065420
199611182 0.861957 4.234505 0.319564 -0.713166 -0.271259 9.776921 0.592370 0.027664 0.072815
219569678 1.005005 4.687912 0.792231 -0.774770 -0.357652 9.769452 0.581327 0.036478 0.079140
239558691 0.168703 4.742263 1.364291 -0.812450 -0.428223 9.763552 0.588025 0.043681 0.083021
259517187 -1.370009 4.463700 0.988507 -0.840465 -0.385356 9.762966 0.605640 0.039305 0.085875
279475683 -1.172433 5.062211 -0.387145 -0.840465 -0.385356 9.762966 0.599227 0.039305 0.085875
299434180 0.363630 5.618513 -0.788594 -0.837107 -0.289282 9.766574 0.606371 0.029503 0.085502
319392676 1.719387 5.879869 1.371169 -0.822253 -0.211199 9.769835 0.578027 0.021538 0.083965
339351172 1.751009 5.589075 2.745195 -0.822253 -0.211199 9.769835 0.601228 0.021538 0.083965
359309668 0.301902 4.442301 1.432468 -0.786897 0.006135 9.775026 0.593324 -0.000626 0.080328
379268164 -1.689069 3.225600 -0.289982 -0.792755 0.068943 9.774311 0.609789 -0.007030 0.080929
399226660 -0.132104 3.236202 1.676885 -0.792755 0.068943 9.774311 0.634078 -0.007030 0.080929
419185156 4.003235 3.660560 4.780321 -0.687345 0.163714 9.781163 0.627189 -0.016695 0.070157
439143652 2.516565 1.884645 4.228498 -0.645632 0.275110 9.781506 0.639547 -0.028057 0.065910
459132666 -1.674503 1.118790 -0.195445 -0.789946 0.388474 9.767060 0.639017 -0.039624 0.080703
479091162 -2.212612 1.962782 -0.630878 -0.922332 0.464527 9.752123 0.663618 -0.047386 0.094297
499049658 0.429544 2.245021 3.565941 -0.806161 0.544511 9.758279 0.711802 -0.055553 0.082426
519008154 2.190073 1.855193 3.281531 -0.579726 0.739056 9.761562 0.714788 -0.075434 0.059319
538966650 -0.463211 0.057303 -0.492854 -0.586679 0.906212 9.747049 0.685829 -0.092540 0.060118
558925146 -4.127576 -0.005430 -0.200710 -0.819371 0.894376 9.731346 0.693655 -0.091328 0.084001
578883642 -3.749664 -0.118186 -0.486604 -1.055830 0.866204 9.711092 0.708310 -0.088443 0.108299
598842139 0.223387 -2.522310 -0.947412 -1.250460 0.887846 9.685994 0.696907 -0.090659 0.128390
618800635 3.807561 -4.163440 -0.294472 -1.373642 0.888731 9.669211 0.722228 -0.090750 0.141119
638759131 2.669740 -5.945349 -0.991448 -1.410255 0.887997 9.664007 0.710364 -0.090675 0.144906
658717627 0.791393 -7.200603 0.094711 -1.389593 0.841796 9.671132 0.752546 -0.085945 0.142708
678706641 -0.753197 -8.245863 0.697657 -1.255260 0.842759 9.689400 0.796465 -0.086044 0.128832
698665137 0.327231 -8.550023 -1.183584 -0.956977 0.991990 9.709301 0.809430 -0.101328 0.098246
718623633 2.865374 -7.694600 -2.253365 -0.536257 1.186562 9.719819 0.799319 -0.121293 0.055116
738582129 3.761085 -6.198288 -0.623110 -0.174038 1.223710 9.728445 0.762129 -0.125110 0.017888
758540625 1.887947 -5.344274 1.544979 0.002601 1.078659 9.747147 0.742253 -0.110216 -0.000267
778499121 0.403157 -5.056046 3.214421 0.070411 0.880322 9.766804 0.761363 -0.089889 -0.007209
798457617 0.347610 -4.188485 3.018170 0.161433 0.787422 9.773653 0.817290 -0.080381 -0.016516
818416113 0.589116 -3.440071 0.867285 0.292837 0.852259 9.765158 0.816930 -0.087016 -0.029979
838374609 -0.190237 -3.206749 -1.197124 0.347884 0.955495 9.753789 0.813857 -0.097588 -0.035651
858333105 -1.133510 -3.175927 -1.704706 0.280202 0.990934 9.752431 0.811305 -0.101220 -0.028724
878291601 -2.381609 -3.118640 -1.402485 0.059137 0.943121 9.761016 0.848176 -0.096320 -0.006058
898250098 -2.076115 -2.548660 -1.310714 0.059137 0.943121 9.761016 0.849467 -0.096320 -0.006058
918239111 -1.455434 -1.956921 -1.506935 0.074493 0.967646 9.758509 0.860310 -0.098833 -0.007634
938197607 -0.667631 -1.202996 -0.949161 0.167351 1.013620 9.752689 0.846900 -0.103545 -0.017158
958156103 0.165201 -0.609334 -0.523663 0.260767 1.055161 9.746231 0.858457 -0.107805 -0.026749
978114599 0.344158 -0.413186 -0.809500 0.318704 1.093913 9.740234 0.817622 -0.111781 -0.032709
998073096 0.379628 -0.219892 -0.218579 0.345821 1.104150 9.738154 0.809095 -0.112831 -0.035497
1018031592 0.267624 -0.305801 0.209821 0.358291 1.107310 9.737345 0.800983 -0.113155 -0.036779
1037990088 0.128519 -0.410356 -0.286684 0.369721 1.130905 9.734204 0.793140 -0.115577 -0.037963
1057948584 0.064326 -0.179043 -0.935048 0.374817 1.168659 9.729550 0.784676 -0.119454 -0.038505
1077907080 0.054384 -0.304278 -1.065588 0.362553 1.196544 9.726624 0.767287 -0.122318 -0.037257
1097865576 -0.089700 -0.400256 -0.791161 0.319916 1.193153 9.728537 0.752561 -0.121970 -0.032872
1117824072 0.350292 -0.015635 -0.473686 0.286870 1.179479 9.731235 0.761449 -0.120565 -0.029471
1137813086 0.850037 0.164550 -0.048741 0.282678 1.173398 9.732093 0.756873 -0.119941 -0.029038
1157771582 1.003127 0.172542 0.093309 0.271316 1.165570 9.733356 0.748415 -0.119137 -0.027868
1177730078 0.473189 0.002055 -0.140496 0.252225 1.162276 9.734263 0.763866 -0.118798 -0.025905
1197688574 0.245223 -0.089308 -0.250033 0.245859 1.165261 9.734069 0.755182 -0.119105 -0.025252
1217647070 0.245074 0.011562 -0.159130 0.239201 1.160982 9.734747 0.743914 -0.118666 -0.024567
1237605566 -0.228079 -0.244456 0.050934 0.229753 1.155964 9.735571 0.750669 -0.118150 -0.023595
1257564062 -0.097887 -0.280506 0.031962 0.219241 1.153388 9.736119 0.753414 -0.117886 -0.022514
1277522558 0.126705 0.081261 -0.015069 0.213542 1.155925 9.735945 0.766493 -0.118146 -0.021930
1297481055 0.370316 -0.073656 0.057272 0.214004 1.162897 9.735105 0.741334 -0.118862 -0.021979
1317439551 0.408619 -0.078994 0.257432 0.200153 1.174552 9.734000 0.756072 -0.120059 -0.020559
1337398047 0.352280 -0.076982 0.017784 0.175004 1.177331 9.734149 0.747598 -0.120345 -0.017976
1357387060 0.218475 0.006546 -0.253826 0.175004 1.177331 9.734149 0.752760 -0.120345 -0.017976
1377345557 -0.062098 -0.015784 -0.419455 0.160344 1.180159 9.734058 0.755988 -0.120635 -0.016471
1397304053 -0.217390 0.013573 -0.154418 0.163237 1.178796 9.734177 0.754559 -0.120495 -0.016768
1417262549 0.031641 0.106622 0.024649 0.184540 1.183057 9.733278 0.737333 -0.120933 -0.018957
1437221045 0.419390 0.203820 0.072623 0.213336 1.195376 9.731184 0.753576 -0.122198 -0.021919
1457179541 0.545949 0.248306 0.349235 0.223056 1.198681 9.730559 0.742332 -0.122538 -0.022919
1477138037 0.266737 0.130910 0.053307 0.216134 1.206656 9.729731 0.736794 -0.123357 -0.022210
1497096533 0.264092 0.034890 -0.189519 0.208003 1.218699 9.728407 0.748457 -0.124595 -0.021378
1517055029 0.228906 0.017190 -0.094426 0.201076 1.223876 9.727902 0.736356 -0.125127 -0.020667
