0 0.328191 0.326394 0.429044 -0.093821 -0.264883 9.802624 0.673686 0.027014 0.009571
19958496 -0.091883 0.429826 -0.563760 -0.114374 -0.267847 9.802324 0.691285 0.027316 0.011668
39916992 -0.306021 0.632347 -0.369655 -0.139769 -0.278929 9.801686 0.684938 0.028447 0.014259
59875488 -0.073723 1.027454 -0.503813 -0.139769 -0.278929 9.801686 0.667205 0.028447 0.014259
79833984 -0.059830 1.437068 -0.920069 -0.319754 -0.365958 9.794601 0.696728 0.037326 0.032634
99792480 -0.134278 1.972253 -0.655540 -0.319754 -0.365958 9.794601 0.659278 0.037326 0.032634
119750976 -0.800484 2.172049 0.368484 -0.475274 -0.507869 9.781952 0.666615 0.051811 0.048549
139709472 -1.504612 2.064408 0.940631 -0.475274 -0.507869 9.781952 0.647306 0.051811 0.048549
159698486 -0.981397 2.845641 0.861328 -0.494052 -0.529364 9.779881 0.652908 0.054006 0.050474
179656982 0.266549 4.088016 0.553687 -0.509562 -0.534685 9.778795 0.621203 0.054550 0.052062
199615478 0.958237 5.043451 1.211642 -0.565294 -0.570432 9.773712 0.629727 0.058201 0.057774
219573974 0.294684 5.560348 3.134779 -0.620045 -0.615953 9.767627 0.628583 0.062851 0.063395
239532470 0.158381 5.631622 3.137787 -0.630798 -0.566869 9.769911 0.598682 0.057837 0.064476
259490967 -0.150126 5.623590 2.097521 -0.579761 -0.402675 9.781212 0.594345 0.041073 0.059204
279449463 0.008267 5.400511 2.192533 -0.505362 -0.198124 9.791615 0.613455 0.020204 0.051566
299407959 1.334651 5.769465 2.456976 -0.462169 0.015136 9.795741 0.603618 -0.001543 0.047146
319366455 1.183831 5.388169 1.478206 -0.485432 0.243932 9.791590 0.583110 -0.024877 0.049536
339324951 0.028619 4.240477 0.916818 -0.543102 0.707251 9.766024 0.570083 -0.072182 0.055554
359283447 -0.515330 3.587482 0.684180 -0.543102 0.707251 9.766024 0.611408 -0.072182 0.055554
379272461 0.968691 3.762842 1.579181 -0.435193 0.965815 9.749267 0.611399 -0.098646 0.044609
399230957 0.923580 3.740889 1.838150 -0.315418 1.218782 9.725506 0.604674 -0.124603 0.032421
419189453 0.488505 3.466767 1.951848 -0.322550 1.410195 9.699367 0.617769 -0.144300 0.033243
439147949 0.663131 3.178311 1.112199 -0.379767 1.589958 9.669447 0.597610 -0.162849 0.039255
459106445 1.763756 2.510570 -0.643203 -0.296309 1.855307 9.624990 0.545274 -0.190336 0.030776
479064941 1.875181 1.567369 -1.632819 -0.139127 2.108888 9.576200 0.625063 -0.216740 0.014527
499023437 -0.793037 -1.225049 -0.565013 -0.026611 2.219238 9.552207 0.638345 -0.228277 0.002786
518981933 -2.371477 -2.748058 0.862130 0.017162 2.201956 9.556228 0.656581 -0.226468 -0.001796
538940429 -0.210927 -4.440450 -0.438567 -0.046253 2.145016 9.569073 0.662460 -0.220514 0.004834
558898926 1.688178 -6.673992 -1.459399 -0.256266 2.020299 9.592868 0.665538 -0.207499 0.026708
578887939 0.881579 -7.444013 0.262188 -0.521097 1.773151 9.630928 0.665576 -0.181811 0.054054
598846435 -0.049498 -8.469039 1.301607 -0.647732 1.578042 9.657153 0.650549 -0.161618 0.066972
618804931 0.528120 -8.474549 -0.355561 -0.555222 1.583191 9.662071 0.662982 -0.162150 0.057401
638763427 1.274396 -8.114967 -2.226829 -0.377725 1.690201 9.652509 0.673208 -0.173217 0.039112
658721924 1.267872 -7.415215 -1.821717 -0.287040 1.692899 9.655159 0.661824 -0.173497 0.029720
678680420 -0.157508 -6.597697 -0.562703 -0.304872 1.561041 9.676806 0.691839 -0.159862 0.031495
698638916 -1.216955 -5.725841 0.199699 -0.311454 1.415257 9.698991 0.708972 -0.144822 0.032101
718597412 -0.481538 -4.567028 0.443950 -0.185918 1.357888 9.710404 0.692133 -0.138912 0.019144
738555908 1.159745 -3.561506 0.004358 0.036189 1.396303 9.706668 0.695396 -0.142869 -0.003728
758514404 1.597912 -2.691940 -0.656593 0.238388 1.463720 9.693869 0.705320 -0.149818 -0.024587
778472900 1.279018 -2.081944 -0.501569 0.327094 1.475981 9.689421 0.705179 -0.151082 -0.033745
798461914 0.416041 -2.292816 -0.551466 0.301328 1.436349 9.696210 0.704528 -0.146996 -0.031067
818420410 -0.688147 -2.137229 -0.396673 0.221042 1.374856 9.707281 0.714239 -0.140660 -0.022767
838378906 -1.318426 -1.999339 -0.381968 0.166435 1.334618 9.713984 0.752354 -0.136517 -0.017132
858337402 -1.114092 -1.621224 -0.735698 0.179103 1.345663 9.712234 0.744474 -0.137654 -0.018439
878295898 -0.725628 -1.327106 -0.687378 0.233542 1.375306 9.706925 0.756392 -0.140706 -0.024055
898254394 -0.697897 -0.980558 -0.597462 0.247458 1.378697 9.706099 0.745987 -0.141055 -0.025490
918212890 -0.903075 -0.998523 -0.193446 0.224541 1.348621 9.710880 0.728248 -0.137958 -0.023119
938171386 -0.825516 -0.852655 -0.266073 0.195029 1.318845 9.715606 0.749267 -0.134893 -0.020071
958129883 -0.037698 -0.515574 0.320468 0.198928 1.297666 9.718379 0.744606 -0.132714 -0.020466
978088379 0.508566 0.317973 0.520761 0.215584 1.285988 9.719575 0.754029 -0.131513 -0.022177
998046875 -0.082053 -0.145117 -0.484559 0.224735 1.299656 9.717550 0.751948 -0.132919 -0.023123
1018035888 -0.573792 -0.903640 -0.510201 0.255270 1.313020 9.714998 0.741911 -0.134294 -0.026270
1037994385 -0.179774 -0.479949 0.590385 0.306743 1.300998 9.715127 0.739238 -0.133057 -0.031563
1057952881 0.349698 -0.031864 1.156691 0.324507 1.274304 9.718088 0.746546 -0.130311 -0.033380
1077911377 0.908633 0.192243 0.774455 0.255555 1.271198 9.720552 0.733634 -0.129992 -0.026284
1097869873 0.773736 0.064223 0.045694 0.213159 1.274684 9.721119 0.733776 -0.130350 -0.021924
1117828369 0.382411 0.061005 -0.020591 0.213159 1.274684 9.721119 0.733776 -0.130350 -0.021924
1137786865 -0.063136 -0.017304 0.088058 0.197436 1.282714 9.720393 0.719770 -0.131176 -0.020309
1157745361 0.103504 -0.028954 -0.046030 0.212054 1.308354 9.716667 0.735634 -0.133814 -0.021820
1177703857 0.483367 0.063091 -0.310905 0.227415 1.339256 9.712110 0.737557 -0.136994 -0.023411
1197662353 0.568442 0.129147 -0.257166 0.225863 1.352788 9.710270 0.733333 -0.138387 -0.023256
1217620849 0.185599 0.196654 -0.267947 0.217406 1.353922 9.710304 0.729257 -0.138504 -0.022385
1237609863 -0.130489 0.022895 -0.399630 0.236419 1.368021 9.707885 0.729296 -0.139956 -0.024349
1257568359 -0.325712 -0.210829 -0.170024 0.341088 1.407332 9.699148 0.716783 -0.144005 -0.035152
1277526855 -0.082675 -0.139242 0.141389 0.342251 1.412290 9.698385 0.715618 -0.144516 -0.035275
1297485351 0.163403 -0.107525 -0.308801 0.342251 1.412290 9.698385 0.720462 -0.144516 -0.035275
1317443847 0.340474 -0.043187 -0.151881 0.326021 1.404719 9.700046 0.742371 -0.143736 -0.033598
1337402343 0.239139 0.036794 0.073975 0.321338 1.393123 9.701873 0.728064 -0.142541 -0.033109
1357360840 0.059190 -0.098874 -0.209995 0.331718 1.399295 9.700635 0.739901 -0.143177 -0.034182
1377319336 -0.057013 -0.171528 -0.346455 0.348949 1.410662 9.698383 0.734680 -0.144348 -0.035965
1397277832 -0.097772 -0.157832 -0.073703 0.359909 1.411764 9.697824 0.733821 -0.144462 -0.037095
1417236328 0.004228 -0.103485 -0.107084 0.357588 1.407692 9.698502 0.716340 -0.144042 -0.036854
1437194824 0.316840 0.222329 -0.335538 0.351352 1.406100 9.698960 0.721144 -0.143878 -0.036210
1457183838 0.394481 0.187206 -0.411311 0.350035 1.406117 9.699005 0.735518 -0.143880 -0.036074
1477142334 0.233983 0.069384 -0.219092 0.353880 1.398367 9.699986 0.727088 -0.143081 -0.036466
1497100830 -0.023614 -0.031837 -0.002386 0.370821 1.391809 9.700296 0.729286 -0.142406 -0.038209
