0 -0.554713 0.442954 -0.199195 -0.529804 0.357660 9.785795 0.779299 -0.036479 0.054087
19958496 -0.998450 0.644744 -1.037076 -0.520738 0.385700 9.785216 0.787576 -0.039341 0.053167
39916992 -1.425127 1.111759 -1.542690 -0.544620 0.340193 9.785604 0.780964 -0.034697 0.055598
59875488 -1.894850 1.245804 -1.659439 -0.544620 0.340193 9.785604 0.757435 -0.034697 0.055598
79833984 -2.230283 1.950838 -1.743873 -0.592658 0.253956 9.785431 0.752067 -0.025899 0.060491
99822998 -2.165951 2.991062 -1.761621 -0.684294 0.127937 9.781911 0.733112 -0.013046 0.069841
119781494 -1.620567 3.828086 -1.005020 -0.797696 -0.036813 9.774084 0.730181 0.003754 0.081433
139739990 -0.692245 4.891480 0.348452 -0.884300 -0.214126 9.764351 0.730852 0.021837 0.090318
159698486 0.085277 5.896949 1.500786 -0.936561 -0.358978 9.755222 0.718089 0.036614 0.095713
179656982 0.493838 6.556720 1.784934 -0.952215 -0.430872 9.750795 0.742481 0.043951 0.097346
199615478 0.060415 6.854115 0.040264 -0.914580 -0.386215 9.756269 0.761275 0.039393 0.093470
219573975 -0.505290 6.795486 -2.020501 -0.710265 -0.294525 9.776460 0.709230 0.030038 0.072523
239532471 -1.003070 7.188129 -0.335105 -0.710265 -0.294525 9.776460 0.683116 0.030038 0.072523
259490967 -0.186634 7.322021 4.219234 -0.652879 -0.443963 9.774817 0.662000 0.045287 0.066693
279449463 0.981490 6.939428 4.959433 -0.711731 -0.558300 9.764841 0.651428 0.056962 0.072758
299438477 0.040851 6.453174 0.759855 -0.868154 -0.523932 9.754086 0.666125 0.053452 0.088770
319396973 0.438280 7.118793 -0.068000 -0.894620 -0.420460 9.756703 0.656815 0.042888 0.091437
339355469 2.207457 7.892446 2.899614 -0.750864 -0.329416 9.772312 0.672059 0.033597 0.076685
359313965 -0.108334 5.916261 2.733456 -0.670708 -0.264646 9.780107 0.653180 0.026990 0.068472
379272461 -5.161705 3.746409 -0.765709 -0.757728 -0.203520 9.775215 0.657448 0.020755 0.077360
399230957 -5.209199 2.482301 -1.391912 -0.651741 0.007673 9.784966 0.626696 -0.000782 0.066508
419189453 2.356069 -1.387923 0.878852 -0.651741 0.007673 9.784966 0.687841 -0.000782 0.066508
439147949 8.248971 -3.932445 -1.330841 -0.450059 0.185944 9.794553 0.610947 -0.018962 0.045918
459106445 6.594913 -6.311022 0.029306 -0.515934 0.164043 9.791696 0.578006 -0.016728 0.052642
479064941 2.533864 -10.207847 3.256929 -0.729622 -0.043226 9.779374 0.602098 0.004408 0.074470
499023437 1.035779 -12.860676 2.840260 -0.608168 -0.086962 9.787388 0.626377 0.008868 0.062058
519012451 2.176476 -11.660226 1.205222 -0.260350 0.010005 9.803189 0.644744 -0.001020 0.026551
538970947 2.348820 -9.859365 1.272648 -0.260350 0.010005 9.803189 0.754237 -0.001020 0.026551
558929443 0.180824 -8.841161 1.617044 0.040456 0.062071 9.806371 0.763145 -0.006330 -0.004125
578887939 -0.227256 -8.548754 1.391206 0.215671 0.087576 9.803887 0.772693 -0.008930 -0.021995
598846435 -0.889830 -7.629548 -0.561447 0.240415 0.111036 9.803074 0.775450 -0.011323 -0.024520
618804932 -1.076481 -6.173828 -1.021875 0.137405 0.082639 9.805340 0.800245 -0.008427 -0.014012
638763428 -2.068135 -5.417192 -0.880825 -0.053365 0.015880 9.806493 0.821190 -0.001619 0.005442
658721924 -2.982064 -5.357397 -2.095449 -0.238996 -0.003268 9.803737 0.879369 0.000333 0.024373
678680420 -1.998948 -4.220931 -2.238524 -0.268555 0.051703 9.802836 0.891796 -0.005272 0.027389
698638916 -0.476932 -3.377088 -1.521539 -0.179513 0.136226 9.804061 0.890457 -0.013892 0.018308
718597412 0.054838 -2.237165 -1.607779 -0.135892 0.197452 9.803720 0.867221 -0.020136 0.013860
738586426 -0.202171 -1.927514 -1.235662 -0.184159 0.216499 9.802530 0.856300 -0.022079 0.018785
758544922 0.454771 -1.196011 -1.342252 -0.239658 0.291449 9.799389 0.860131 -0.029724 0.024452
778503418 1.226514 -0.011930 -1.143674 -0.239658 0.291449 9.799389 0.882815 -0.029724 0.024452
798461914 1.516413 0.003201 -1.160610 -0.202229 0.352669 9.798220 0.866841 -0.035970 0.020636
818420410 1.137792 0.238629 -1.426480 -0.161741 0.400123 9.797149 0.871913 -0.040812 0.016507
838378906 0.584839 0.022870 -1.020727 -0.142301 0.404429 9.797275 0.840985 -0.041252 0.014524
858337402 0.097817 -0.233233 -0.131077 -0.144884 0.361654 9.798908 0.844236 -0.036887 0.014785
878295898 -0.328114 -0.151484 0.655001 -0.146297 0.311119 9.800622 0.866367 -0.031731 0.014926
898254394 -0.284214 -0.434865 0.523136 -0.099204 0.306648 9.801353 0.879300 -0.031274 0.010121
918212891 -0.521633 -0.403698 -0.232538 -0.099204 0.306648 9.801353 0.902248 -0.031274 0.010121
938201904 -0.673374 -0.460362 0.044163 -0.072393 0.304242 9.801662 0.894869 -0.031029 0.007386
958160400 -0.383363 -0.498193 0.996677 -0.054667 0.279405 9.802517 0.893439 -0.028495 0.005577
978118896 0.032622 -0.304599 0.906735 -0.038142 0.273988 9.802747 0.885137 -0.027943 0.003891
998077393 0.163866 -0.266284 0.179311 -0.032708 0.300599 9.801988 0.914042 -0.030657 0.003337
1018035889 0.289774 -0.051039 -0.273009 -0.034666 0.338970 9.800730 0.885305 -0.034572 0.003537
1037994385 0.558539 0.135020 -0.141895 -0.021674 0.372857 9.799536 0.900960 -0.038030 0.002212
1057952881 0.505869 0.112570 -0.087846 0.001708 0.402389 9.798391 0.892272 -0.041044 -0.000174
1077911377 0.284660 -0.002379 0.089499 0.016119 0.424920 9.797427 0.892229 -0.043343 -0.001645
1097869873 0.249676 -0.052694 0.276304 0.007459 0.439334 9.796801 0.893135 -0.044815 -0.000761
1117828369 0.340925 0.072453 -0.357865 -0.000684 0.470519 9.795356 0.892614 -0.047998 0.000070
1137786865 0.506702 0.220117 -0.361094 -0.000946 0.489156 9.794443 0.887390 -0.049901 0.000097
1157745361 0.545839 0.108276 -0.288446 0.005675 0.485214 9.794638 0.865213 -0.049498 -0.000579
1177734375 0.018406 -0.016083 -0.774271 0.014448 0.472589 9.795246 0.886584 -0.048209 -0.001475
1197692871 -0.126074 -0.034393 -0.123299 0.034388 0.443806 9.796542 0.880399 -0.045271 -0.003510
1217651367 0.336295 -0.174142 0.783324 0.073664 0.418965 9.797419 0.911918 -0.042736 -0.007519
1237609863 0.243832 -0.091522 0.413743 0.104575 0.429291 9.796692 0.895164 -0.043790 -0.010674
1257568359 0.461341 -0.036744 0.274539 0.120448 0.451995 9.795487 0.908132 -0.046107 -0.012296
1277526855 0.183497 -0.033455 0.055082 0.123190 0.473829 9.794422 0.918291 -0.048336 -0.012577
1297485352 -0.017917 -0.231670 -0.134985 0.138019 0.506059 9.792612 0.917181 -0.051627 -0.014093
1317443848 -0.142429 -0.304452 -0.128956 0.152461 0.511863 9.792095 0.897125 -0.052219 -0.015569
1337402344 -0.087007 -0.196755 -0.179759 0.152461 0.511863 9.792095 0.910737 -0.052219 -0.015569
1357360840 0.355066 -0.185500 0.279866 0.183330 0.519153 9.791182 0.907698 -0.052964 -0.018722
1377349853 0.533561 -0.216598 0.422890 0.215384 0.531818 9.789850 0.901630 -0.054257 -0.021997
1397308350 0.453056 -0.224999 0.087895 0.228406 0.553276 9.788366 0.896981 -0.056448 -0.023330
1417266846 0.150756 -0.573175 0.455037 0.222704 0.566478 9.787743 0.907981 -0.057797 -0.022749
1437225342 -0.303602 -1.020623 0.617358 0.213685 0.579373 9.787189 0.920076 -0.059114 -0.021830
1457183838 -0.662589 -1.249002 -0.023579 0.217873 0.614932 9.784926 0.914076 -0.062747 -0.022263
1477142334 -0.801898 -1.456588 -0.502841 0.265747 0.671097 9.780051 0.938585 -0.068486 -0.027166
1497100830 -0.379120 -1.580628 -0.016225 0.410288 0.749817 9.769330 0.970866 -0.076535 -0.041973
