0 0.222083 2.067984 -1.664109 0.510270 -1.723444 9.640526 0.528416 0.176660 -0.052880
19958496 -0.618487 2.538675 -0.476133 0.522634 -1.851840 9.616024 0.541906 0.189976 -0.054297
39916992 -0.370060 3.320849 1.502060 0.530344 -2.017931 9.582123 0.508424 0.207252 -0.055291
59875488 1.155920 4.415508 2.127743 0.535530 -2.124718 9.558722 0.527399 0.218393 -0.055967
79833984 1.496493 5.369262 2.442636 0.536729 -2.121541 9.559361 0.537105 0.218061 -0.056088
99792480 1.014199 6.243190 1.724754 0.511734 -2.020002 9.582699 0.543710 0.207468 -0.053351
119750976 0.029114 7.799132 0.454240 0.476613 -1.853720 9.618053 0.546545 0.190171 -0.049514
139709473 -1.317330 8.888742 0.933244 0.499534 -1.710098 9.643465 0.553321 0.175278 -0.051754
159667969 -0.196057 8.604649 3.172898 0.601589 -1.602718 9.656075 0.546853 0.164168 -0.062221
179656982 2.094131 7.440415 6.841365 0.624255 -1.460315 9.677198 0.526164 0.149467 -0.064419
199615478 2.312850 8.086698 6.204991 0.429428 -1.119920 9.733024 0.523631 0.114450 -0.044092
219573975 1.824084 8.522411 1.684706 0.128886 -0.557780 9.789927 0.546292 0.056908 -0.013164
239532471 0.183519 8.457218 -0.267422 -0.142844 0.000947 9.805610 0.538784 -0.000097 0.014567
259490967 -0.204947 7.445146 -0.691769 -0.407089 0.414184 9.789439 0.547349 -0.042248 0.041561
279449463 2.742662 6.008470 -0.903263 -0.667151 0.693080 9.759352 0.535784 -0.070734 0.068254
299407959 4.223011 3.225988 1.762429 -0.667151 0.693080 9.759352 0.553310 -0.070734 0.068254
319366455 0.143339 -0.077154 1.553657 -0.734075 0.721529 9.752482 0.568174 -0.073642 0.075129
339324951 -7.459104 -3.471592 -1.194389 -0.895575 0.848781 9.728716 0.591809 -0.086660 0.091796
359283447 -2.962891 -7.168738 0.201060 -0.816464 0.829545 9.737331 0.601272 -0.084691 0.083653
379272461 4.384875 -11.226873 3.930094 -0.434995 0.596475 9.778823 0.586484 -0.060861 0.044454
399230957 3.893102 -12.397882 2.878545 -0.122463 0.426449 9.796608 0.582031 -0.043499 0.012500
419189453 -1.132699 -11.788799 0.287425 -0.042908 0.419063 9.797599 0.582764 -0.042746 0.004379
439147949 -5.226599 -11.504680 -1.569890 -0.116252 0.465720 9.794895 0.579065 -0.047508 0.011868
459106445 -3.454421 -9.842816 -0.236418 -0.249826 0.416999 9.794595 0.574446 -0.042535 0.025501
479064941 -0.156371 -8.005787 1.330742 -0.383646 0.302556 9.794472 0.553099 -0.030857 0.039150
499023437 0.430152 -7.200788 0.019799 -0.477427 0.232720 9.792257 0.558873 -0.023733 0.048717
518981933 -0.133635 -6.264946 -0.009069 -0.508340 0.175097 9.791901 0.556984 -0.017856 0.051868
538940430 -0.751597 -5.042042 0.482203 -0.514361 0.115902 9.792465 0.577320 -0.011819 0.052478
558898926 -0.656984 -4.484128 -0.736446 -0.518734 0.123543 9.792142 0.553746 -0.012598 0.052925
578887939 0.635149 -4.153259 -1.768826 -0.474969 0.168750 9.793688 0.576352 -0.017209 0.048459
598846435 1.467469 -3.541029 -2.380334 -0.388946 0.220848 9.796445 0.572834 -0.022522 0.039682
618796921 0.979598 -2.620576 -3.074083 -0.297956 0.279044 9.798149 0.566824 -0.028458 0.030400
638755417 0.491326 -1.546683 -2.510512 -0.208201 0.321430 9.799170 0.579848 -0.032783 0.021244
658713913 -0.235402 -1.073711 -2.006108 -0.155995 0.349270 9.799187 0.564714 -0.035623 0.015918
678672409 -0.758370 -0.595379 -1.985608 -0.157275 0.374652 9.798229 0.577454 -0.038213 0.016050
698630905 0.153920 -0.138628 -1.837114 -0.207030 0.383639 9.796956 0.584184 -0.039130 0.021129
718589401 0.971179 -0.487114 -1.041312 -0.258397 0.358782 9.796678 0.556983 -0.036594 0.026370
738547897 0.761619 -0.683725 -0.340903 -0.258397 0.358782 9.796678 0.543331 -0.036594 0.026370
758506393 0.183340 -0.604656 0.240457 -0.283595 0.320721 9.797300 0.546666 -0.032710 0.028938
778464889 -0.026166 -0.091180 0.484923 -0.260671 0.284622 9.799052 0.549185 -0.029027 0.026595
798453903 0.887222 0.095328 -0.019305 -0.194581 0.264220 9.801159 0.543378 -0.026946 0.019850
818412399 1.166105 -0.235939 0.318557 -0.135779 0.240467 9.802760 0.543697 -0.024523 0.013850
838370895 0.784196 -0.315909 0.688953 -0.122526 0.222106 9.803369 0.518012 -0.022650 0.012498
858329391 0.673495 -0.367266 0.223690 -0.128449 0.230177 9.803107 0.522650 -0.023474 0.013102
878287887 0.663745 -0.259586 -0.277610 -0.113470 0.248036 9.802856 0.529472 -0.025295 0.011575
898246383 -0.009319 -0.066511 -0.166981 -0.098916 0.255322 9.802827 0.532762 -0.026039 0.010090
918204880 -0.953714 0.039486 0.257558 -0.099939 0.229134 9.803463 0.552648 -0.023367 0.010194
938163376 -1.145567 0.270669 0.456636 -0.123573 0.232520 9.803114 0.546842 -0.023713 0.012605
958121872 -0.832021 0.070405 -0.021134 -0.123573 0.232520 9.803114 0.536977 -0.023713 0.012605
978080368 -0.680968 0.176948 0.286249 -0.178656 0.241271 9.802053 0.521746 -0.024605 0.018224
998069381 -0.804197 0.027956 0.278179 -0.326344 0.302884 9.796538 0.539857 -0.030890 0.033300
1018027878 -1.001920 0.040208 -0.203001 -0.326344 0.302884 9.796538 0.538459 -0.030890 0.033300
1037986374 -1.163394 0.389255 -0.268571 -0.344146 0.333796 9.794924 0.538369 -0.034044 0.035121
1057944870 -0.786387 0.177442 -0.004842 -0.340725 0.348733 9.794523 0.537805 -0.035568 0.034773
1077903366 -0.177216 0.028667 0.258479 -0.344242 0.359447 9.794012 0.539033 -0.036662 0.035134
1097861862 0.806451 -0.488759 0.597889 -0.375957 0.417446 9.790545 0.519712 -0.042581 0.038381
1117820358 1.257713 -0.606727 0.125088 -0.375957 0.417446 9.790545 0.522471 -0.042581 0.038381
1137778854 0.810617 -0.189600 -0.232573 -0.372309 0.454042 9.789056 0.516673 -0.046316 0.038015
1157737350 0.420965 -0.187321 -0.069503 -0.351400 0.472748 9.788943 0.514999 -0.048226 0.035882
1177726364 0.179932 -0.265231 0.241915 -0.335232 0.480084 9.789154 0.510049 -0.048975 0.034232
1197684860 0.448739 -0.201093 0.109562 -0.343179 0.500501 9.787855 0.533462 -0.051059 0.035047
1217643356 0.553675 -0.534033 0.082298 -0.362988 0.527348 9.785730 0.522382 -0.053801 0.037077
1237601852 0.207888 -0.253800 -0.217940 -0.367368 0.553854 9.784103 0.519809 -0.056507 0.037530
1257560348 -0.364853 0.121792 -0.207586 -0.347222 0.570602 9.783877 0.520450 -0.058218 0.035474
1277518844 -0.369055 -0.036147 0.084946 -0.329940 0.578148 9.784032 0.520239 -0.058989 0.033709
1297477340 -0.088753 -0.297640 0.224409 -0.340094 0.587619 9.783120 0.521434 -0.059956 0.034749
1317435837 0.245726 -0.432729 0.005070 -0.357031 0.604869 9.781466 0.530296 -0.061719 0.036485
1337394333 -0.041660 -0.421559 0.147621 -0.351527 0.620283 9.780698 0.548240 -0.063294 0.035925
1357352829 -0.018196 -0.650781 0.438020 -0.322659 0.628234 9.781186 0.548060 -0.064106 0.032976
1377341842 0.331618 -0.609092 0.147067 -0.293355 0.646654 9.780908 0.538316 -0.065988 0.029984
1397300339 0.322161 -0.824154 0.139776 -0.279218 0.676786 9.779284 0.550140 -0.069068 0.028544
1417258835 0.120770 -1.118962 0.429602 -0.288910 0.709895 9.776654 0.547684 -0.072452 0.029542
1437217331 0.362482 -1.127152 0.075605 -0.302965 0.760417 9.772429 0.521980 -0.077619 0.030992
1457175827 0.446238 -0.926910 -0.358885 -0.290887 0.826135 9.767460 0.552735 -0.084342 0.029772
1477134323 -0.024042 -1.302505 0.615466 -0.274138 0.875128 9.763677 0.541558 -0.089357 0.028070
1497092819 -0.220459 -1.831912 0.681914 -0.263468 0.929730 9.758923 0.600118 -0.094949 0.026991
