0 0.598060 0.379128 -0.281413 -0.630466 -0.694243 9.761707 0.601464 0.070852 0.064496
19958496 0.427407 0.402200 -1.149978 -0.616258 -0.739911 9.759259 0.606802 0.075522 0.063062
39916992 0.371368 0.546188 -1.007525 -0.616258 -0.739911 9.759259 0.618769 0.075522 0.063062
59875488 -0.202227 0.485801 -0.259831 -0.584372 -0.803148 9.756222 0.630985 0.081990 0.059826
79833984 -0.603746 0.690877 -0.148510 -0.551823 -0.872453 9.752165 0.603573 0.089083 0.056524
99792480 -0.394302 0.592001 0.359011 -0.523727 -0.943832 9.747066 0.603766 0.096393 0.053680
119750976 -0.078972 0.539771 1.281079 -0.512782 -1.012683 9.740735 0.594293 0.103449 0.052594
139709472 0.944284 0.760661 1.033115 -0.511748 -1.050924 9.736737 0.609623 0.107371 0.052510
159698486 1.157925 1.367544 -0.114283 -0.505239 -1.060668 9.736021 0.627001 0.108370 0.051847
179656982 0.650507 2.699943 -0.473245 -0.469860 -1.078807 9.735801 0.616326 0.110231 0.048224
199615478 0.167432 4.084688 -0.397947 -0.388512 -1.118932 9.734857 0.620278 0.114348 0.039888
219572418 -0.791651 5.894512 -0.229227 -0.278681 -1.182852 9.731062 0.621479 0.120912 0.028631
239530914 -2.254544 8.003139 0.773218 0.023254 -1.430622 9.701710 0.615995 0.146405 -0.002397
259489411 -1.587974 9.256156 2.357018 0.214632 -1.558331 9.679666 0.587124 0.159582 -0.022170
279447907 0.840639 9.485744 5.242173 0.214632 -1.558331 9.679666 0.611277 0.159582 -0.022170
299406403 0.746290 8.378071 4.978218 0.321656 -1.248670 9.721509 0.565486 0.127676 -0.033075
319364899 -0.166438 8.618782 2.977184 0.321656 -1.248670 9.721509 0.582845 0.127676 -0.033075
339323395 0.581656 9.119116 1.576998 0.084973 -0.870543 9.767565 0.565319 0.088888 -0.008699
359312409 0.971820 8.964158 -0.384768 -0.078781 -0.513710 9.792870 0.556538 0.052408 0.008045
379270905 1.926346 7.710632 4.223796 -0.014120 -0.363868 9.799887 0.548310 0.037113 0.001441
399229401 2.525468 5.556165 10.120792 0.074993 -0.302101 9.801709 0.534817 0.030811 -0.007651
419187897 0.958032 3.381315 9.324362 -0.106473 -0.015861 9.806060 0.513838 0.001617 0.010857
439146393 0.606521 2.128250 1.431490 -0.477822 0.547684 9.779679 0.527621 -0.055877 0.048820
459104889 -0.161429 0.480397 -5.292049 -0.749462 1.093691 9.716611 0.538803 -0.111758 0.076980
479063385 0.487312 -2.760451 -5.835031 -0.692800 1.300839 9.695270 0.526353 -0.133041 0.071336
499021881 0.216955 -4.225091 -2.513247 -0.388463 1.142476 9.732124 0.541723 -0.116765 0.039894
518980377 -1.615824 -7.328034 1.385934 0.027072 0.829539 9.771464 0.556584 -0.084691 -0.002770
538938873 -2.546233 -9.206041 2.626670 0.420609 0.586689 9.780045 0.576968 -0.059861 -0.042980
558927887 -4.073516 -10.825718 0.816710 0.644933 0.549058 9.770004 0.568383 -0.056018 -0.065916
578886383 -2.544534 -12.247072 -3.094661 0.687550 0.640587 9.761521 0.544757 -0.065368 -0.070319
598844879 0.162235 -10.839296 -3.414976 0.597046 0.650644 9.766810 0.503260 -0.066396 -0.061054
618803375 0.407286 -8.789280 0.803920 0.396559 0.494535 9.786141 0.494256 -0.050450 -0.040500
638761871 0.210145 -7.756096 2.118690 0.209605 0.360281 9.797788 0.501418 -0.036747 -0.021390
658720368 -0.890438 -7.007106 -0.424221 0.048198 0.351521 9.800230 0.493770 -0.035853 -0.004918
678678864 -0.839545 -5.164253 -1.291036 -0.119388 0.363968 9.799167 0.498322 -0.037123 0.012183
698637360 -0.766807 -5.013003 -1.317343 -0.256043 0.350599 9.797035 0.492628 -0.035759 0.026129
718595856 0.954526 -4.551947 -1.278563 -0.295333 0.314648 9.797150 0.476337 -0.032091 0.030136
738554352 2.110763 -4.080565 -0.737802 -0.278729 0.265736 9.799085 0.489081 -0.027101 0.028437
758543366 1.981328 -3.307730 -1.393130 -0.281101 0.258954 9.799200 0.498118 -0.026409 0.028678
778501862 1.630588 -2.423527 -2.191738 -0.338571 0.281179 9.796769 0.487187 -0.028676 0.034546
798460358 0.774435 -1.534064 -2.519043 -0.414431 0.307124 9.793075 0.484905 -0.031323 0.042294
818418854 -1.088178 -1.263431 -1.419716 -0.507064 0.308713 9.788665 0.502084 -0.031485 0.051755
838377350 -1.119086 -0.607309 -0.458308 -0.608298 0.296849 9.783263 0.508945 -0.030275 0.062097
858335846 -0.451724 -0.240029 -1.141906 -0.639834 0.287202 9.781539 0.524673 -0.029291 0.065319
878294342 -0.147237 -0.671129 -0.849751 -0.584356 0.250373 9.786022 0.527921 -0.025534 0.059643
898252838 0.264784 -0.566917 -0.231471 -0.534571 0.188157 9.790261 0.539062 -0.019188 0.054548
918211334 -0.383410 -0.128670 0.282971 -0.534873 0.146058 9.790964 0.525472 -0.014894 0.054575
938169830 -0.159496 0.138492 0.438025 -0.600292 0.133924 9.787344 0.530647 -0.013657 0.061257
958128327 -0.148935 -0.551693 0.027195 -0.661454 0.144491 9.783251 0.528136 -0.014734 0.067508
978117340 -0.118272 -0.445011 0.342887 -0.681652 0.125934 9.782121 0.542093 -0.012842 0.069571
998075836 0.379122 -0.224582 0.003947 -0.635440 0.100544 9.785524 0.553084 -0.010253 0.064846
1018034332 0.141795 -0.272423 0.083820 -0.577198 0.071571 9.789388 0.546191 -0.007298 0.058893
1037992829 -0.258598 -0.157334 0.437059 -0.560073 0.042708 9.790550 0.555330 -0.004355 0.057143
1057951325 -0.516493 -0.127501 0.518694 -0.580980 0.028124 9.789385 0.543480 -0.002868 0.059278
1077909821 -0.757109 -0.034577 0.684159 -0.629499 0.027013 9.786387 0.544466 -0.002755 0.064235
1097868317 -0.477517 -0.117517 0.050593 -0.652062 0.044254 9.784847 0.575310 -0.004513 0.066542
1117826813 0.049775 -0.252854 0.062956 -0.634715 0.055376 9.785932 0.551712 -0.005647 0.064769
1137785309 0.309645 -0.327419 0.052260 -0.606466 0.066237 9.787656 0.562532 -0.006754 0.061883
1157743805 -0.164557 -0.025276 -0.071419 -0.588564 0.083387 9.788616 0.569037 -0.008503 0.060055
1177732819 -0.947192 0.096316 -0.013463 -0.593227 0.106902 9.788107 0.566628 -0.010901 0.060533
1197691315 -1.213123 0.183303 0.033466 -0.600694 0.128999 9.787386 0.559581 -0.013155 0.061297
1217649811 -0.593929 -0.016587 -0.263025 -0.588488 0.152188 9.787794 0.577462 -0.015519 0.060052
1237608307 0.246232 -0.106501 -0.399885 -0.570859 0.170173 9.788543 0.553265 -0.017354 0.058253
1257566803 0.426652 -0.244848 -0.587399 -0.563575 0.188342 9.788630 0.563244 -0.019207 0.057511
1277525299 0.123069 -0.233556 0.027031 -0.576605 0.197485 9.787692 0.573949 -0.020139 0.058843
1297483795 -0.326082 -0.224524 0.088578 -0.598683 0.210165 9.786101 0.575184 -0.021433 0.061101
1317442291 -0.109255 -0.133544 -0.223494 -0.590014 0.225102 9.786296 0.598332 -0.022956 0.060217
1337400788 -0.066829 -0.187462 -0.090051 -0.553025 0.234728 9.788230 0.592430 -0.023938 0.056439
1357359284 0.129534 -0.234753 0.020157 -0.528377 0.245596 9.789325 0.569867 -0.025046 0.053923
1377348297 -0.018101 -0.264000 -0.484633 -0.518811 0.269009 9.789222 0.581687 -0.027435 0.052949
1397306793 -0.185643 -0.078317 -0.205864 -0.519746 0.279189 9.788886 0.598391 -0.028473 0.053046
1417265289 -0.169340 -0.313668 0.204515 -0.519844 0.280290 9.788851 0.571224 -0.028586 0.053056
1437223786 0.113304 -0.481732 0.288397 -0.512128 0.280980 9.789237 0.576843 -0.028656 0.052268
1457182282 0.289639 -0.762955 0.361949 -0.492982 0.281419 9.790207 0.577122 -0.028701 0.050312
1477140778 0.165231 -1.070505 0.202288 -0.458449 0.289683 9.791644 0.588589 -0.029544 0.046786
1497099274 0.160972 -1.457553 0.289502 -0.429709 0.305150 9.792479 0.602453 -0.031122 0.043853
