0 0.378526 0.276814 -0.657060 0.009364 -0.287224 9.802439 0.643673 0.029293 -0.000955
19958496 0.307064 0.475699 -1.065356 0.009364 -0.287224 9.802439 0.629821 0.029293 -0.000955
39916992 -0.030201 0.832614 -1.078604 0.059170 -0.485010 9.794471 0.662854 0.049477 -0.006041
59875488 -0.927077 1.584411 -0.764956 0.059170 -0.485010 9.794471 0.635607 0.049477 -0.006041
79833984 -1.159564 2.747640 0.310630 0.099119 -0.615107 9.786839 0.649748 0.062765 -0.010127
99792480 -1.871772 2.909394 0.257046 0.173928 -0.720532 9.778598 0.646502 0.073540 -0.017785
119750976 -1.143137 3.364846 0.186832 0.263252 -0.922141 9.759648 0.653836 0.094171 -0.026967
139709472 -0.250016 4.170431 1.352278 0.299111 -1.023810 9.748472 0.634445 0.104590 -0.030673
159667968 0.639831 5.144105 2.816740 0.299111 -1.023810 9.748472 0.612328 0.104590 -0.030673
179626464 1.355521 5.657259 3.877937 0.313976 -1.072282 9.742793 0.597201 0.109561 -0.032215
199615478 2.657168 6.683013 3.886113 0.320802 -1.028121 9.747331 0.590437 0.105032 -0.032900
219573974 2.384726 7.497387 1.900551 0.215101 -0.610893 9.785240 0.573512 0.062334 -0.021979
239532470 -0.743371 7.437304 -0.864360 0.215101 -0.610893 9.785240 0.585819 0.062334 -0.021979
259490966 -4.274661 8.578349 -2.331248 0.226080 -0.455530 9.793456 0.609901 0.046468 -0.023081
279449463 -0.950992 8.994966 -0.572086 0.410786 -0.486377 9.785963 0.588189 0.049617 -0.041952
299407959 3.345200 8.611926 2.658159 0.640716 -0.616201 9.766276 0.564127 0.062876 -0.065511
319366455 5.669666 7.532052 8.540194 0.686886 -0.706534 9.757018 0.562360 0.072109 -0.070283
339324951 4.717481 5.464723 6.335647 0.514924 -0.505482 9.780068 0.608421 0.051568 -0.052602
359283447 -2.321611 3.728125 -3.196377 0.298606 -0.010651 9.802097 0.647320 0.001086 -0.030454
379241943 -3.831344 1.116381 -7.346133 0.203987 0.387709 9.796860 0.659285 -0.039546 -0.020819
399200439 -3.742818 -2.473323 -3.760095 0.249153 0.434245 9.793862 0.665227 -0.044295 -0.025434
419189453 -2.425938 -7.453815 2.837897 0.256893 0.265903 9.799678 0.627207 -0.027118 -0.026208
439147949 1.991425 -10.954659 6.106768 0.069955 0.122622 9.805634 0.610782 -0.012504 -0.007134
459106445 5.013290 -11.144894 2.741808 -0.256938 0.165688 9.801883 0.619062 -0.016896 0.026207
479064941 0.169113 -10.871382 -1.734930 -0.561893 0.311869 9.785571 0.612485 -0.031807 0.057358
499023437 -2.291208 -9.656208 -2.359359 -0.697692 0.316418 9.776681 0.633547 -0.032271 0.071242
518981933 0.381250 -7.356001 0.687649 -0.627843 0.131675 9.785646 0.616600 -0.013428 0.064072
538940429 0.062384 -7.268877 2.469478 -0.566109 -0.051481 9.790161 0.604479 0.005250 0.057760
558898925 -0.919010 -7.336711 1.256954 -0.619754 -0.095245 9.786583 0.609614 0.009712 0.063242
578857422 1.473797 -5.822859 0.981852 -0.633832 -0.113443 9.785488 0.601791 0.011568 0.064682
598815918 2.459444 -4.848652 -0.448849 -0.517880 -0.104570 9.792408 0.601864 0.010663 0.052837
618804931 1.617139 -4.121009 -1.860428 -0.388693 -0.063895 9.798736 0.587375 0.006516 0.039647
638763427 1.146931 -3.160636 -2.848712 -0.284655 -0.016093 9.802505 0.596403 0.001641 0.029031
658721923 0.145251 -2.132488 -2.220746 -0.207762 0.000296 9.804449 0.592458 -0.000030 0.021187
678680420 0.135513 -1.510804 -0.760795 -0.159294 -0.007908 9.805352 0.605036 0.000806 0.016244
698638916 -0.591908 -1.525826 -0.846074 -0.183105 0.016790 9.804927 0.594423 -0.001712 0.018673
718597412 -0.413307 -0.978945 -0.345995 -0.245775 0.050944 9.803438 0.589115 -0.005195 0.025065
738555908 1.364979 -0.886508 -1.669440 -0.247248 0.093005 9.803091 0.594111 -0.009484 0.025216
758514404 -0.758878 -1.099832 -2.404742 -0.187012 0.134709 9.803942 0.588759 -0.013737 0.019073
778472900 -2.106031 -0.371899 -0.858521 -0.170269 0.127931 9.804338 0.585906 -0.013046 0.017365
798431396 -0.685176 -0.479851 0.070754 -0.197498 0.103903 9.804111 0.595963 -0.010595 0.020142
818389892 0.766097 -1.027453 -0.376825 -0.229752 0.106522 9.803380 0.592919 -0.010862 0.023432
838378906 1.653026 -0.471003 -0.955576 -0.244575 0.117865 9.802891 0.585472 -0.012019 0.024944
858337402 0.294585 -0.304747 -0.926127 -0.255388 0.126514 9.802507 0.602094 -0.012901 0.026047
878295898 -0.555337 -0.303291 -0.658229 -0.285778 0.123121 9.801712 0.579408 -0.012555 0.029148
898254394 -0.096739 0.196371 -0.871955 -0.331521 0.112089 9.800404 0.573719 -0.011430 0.033814
918212890 -0.187738 -0.009481 -0.158841 -0.397859 0.086447 9.798195 0.575204 -0.008815 0.040583
938171386 0.391301 -0.209611 0.413856 -0.484369 0.057568 9.794511 0.578460 -0.005870 0.049413
958129882 -0.340380 -0.179486 0.006096 -0.575198 0.046957 9.789654 0.568456 -0.004788 0.058688
978088379 -1.129239 0.400715 -0.034928 -0.643405 0.031153 9.785471 0.584151 -0.003177 0.065657
998046875 -1.374253 0.241069 0.809717 -0.678240 0.001511 9.783168 0.578516 -0.000154 0.069217
1018005371 -0.736216 0.043055 0.890576 -0.692376 -0.019159 9.782159 0.570218 0.001954 0.070662
1037994384 0.325546 -0.101458 -0.054731 -0.692376 -0.019159 9.782159 0.581642 0.001954 0.070662
1057952881 0.973220 -0.388601 0.411301 -0.657538 -0.027897 9.784542 0.576975 0.002845 0.067101
1077911377 0.427283 -0.212862 0.913441 -0.634663 -0.037646 9.786018 0.576392 0.003839 0.064763
1097869873 -0.311795 -0.320393 -0.017105 -0.619937 -0.021812 9.787011 0.576025 0.002224 0.063258
1117828369 0.461330 -0.086312 -0.037790 -0.594282 -0.019623 9.788607 0.568599 0.002001 0.060637
1137786865 0.906547 -0.115389 -0.133994 -0.562911 -0.023869 9.790452 0.567807 0.002434 0.057433
1157745361 0.640809 -0.094624 -0.352962 -0.538866 -0.018726 9.791816 0.579458 0.001910 0.054977
1177703857 0.054277 0.248425 -0.261305 -0.526995 -0.015547 9.792468 0.577495 0.001585 0.053764
1197662353 -1.158422 0.392428 -0.826814 -0.515123 -0.004233 9.793111 0.572463 0.000432 0.052552
1217620849 -1.028428 0.330151 -0.074599 -0.523687 -0.014185 9.792647 0.567855 0.001446 0.053427
1237609863 0.262445 -0.262635 0.439576 -0.529205 -0.033364 9.792304 0.571655 0.003402 0.053990
1257568359 0.428172 -0.172778 0.188417 -0.512686 -0.043929 9.793141 0.577098 0.004480 0.052304
1277526855 -0.327884 -0.177843 0.000668 -0.486779 -0.042807 9.794468 0.558743 0.004365 0.049659
1297485351 -0.375987 -0.317575 0.204323 -0.443818 -0.041649 9.796514 0.558515 0.004247 0.045273
1317443847 0.258057 -0.420983 0.258899 -0.443818 -0.041649 9.796514 0.561205 0.004247 0.045273
1337402343 0.397897 -0.478695 -0.348737 -0.407349 -0.024396 9.798156 0.572252 0.002488 0.041550
1357360839 -0.304428 -0.529991 -0.775561 -0.374812 0.004660 9.799484 0.568473 -0.000475 0.038229
1377319336 -0.458116 -0.426229 -0.470614 -0.381331 0.027287 9.799195 0.573924 -0.002783 0.038895
1397277832 -0.400070 -0.864329 -0.052680 -0.404970 0.043283 9.798189 0.582725 -0.004414 0.041308
1417236328 -0.274471 -1.506953 0.434179 -0.429588 0.060046 9.797053 0.568939 -0.006123 0.043821
1437194824 0.187333 -2.377020 1.176205 -0.440192 0.080229 9.796437 0.564113 -0.008181 0.044904
1457183838 0.907809 -2.921563 1.591858 -0.446859 0.121939 9.795706 0.568349 -0.012435 0.045586
1477142334 1.452943 -3.398601 1.164786 -0.453534 0.206819 9.793974 0.583092 -0.021091 0.046274
1497100830 0.762230 -3.989833 0.562633 -0.466943 0.329519 9.789983 0.568995 -0.033608 0.047660
