0 0.052104 0.339980 0.090861 -0.344635 -0.789157 9.768768 0.617951 0.080559 0.035265
19958496 -0.026280 0.489367 -0.241536 -0.349804 -0.801558 9.767575 0.622149 0.081827 0.035798
39916992 0.015237 0.442210 -0.533513 -0.351409 -0.841994 9.764114 0.621888 0.085965 0.035974
59875488 0.059847 0.414136 -0.556697 -0.351409 -0.841994 9.764114 0.606776 0.085965 0.035974
79864501 0.330834 0.512559 -0.673854 -0.307963 -0.927585 9.757825 0.617272 0.094729 0.031550
99822998 0.382866 0.771906 -0.711946 -0.307963 -0.927585 9.757825 0.619273 0.094729 0.031550
119781494 0.251190 1.013759 -0.395778 -0.259376 -1.000843 9.751996 0.625133 0.102236 0.026591
139739990 0.182393 1.231886 -0.270455 -0.204154 -1.080491 9.744806 0.628699 0.110404 0.020947
159698486 0.196449 1.206300 -0.120980 -0.159145 -1.160327 9.736463 0.622633 0.118598 0.016344
179656982 0.160409 1.392356 0.261652 -0.115564 -1.240613 9.727174 0.626090 0.126847 0.011880
199615478 0.384286 1.678947 0.702078 -0.060122 -1.316826 9.717650 0.626891 0.134686 0.006187
219573974 0.208709 1.971788 0.604095 -0.015638 -1.368692 9.710655 0.613266 0.140025 0.001610
239532470 -0.329695 2.687607 0.590487 0.006804 -1.398080 9.706478 0.612296 0.143052 -0.000701
259490966 -0.601333 3.384729 0.785139 0.018519 -1.409903 9.704752 0.603772 0.144270 -0.001908
279479980 -0.286092 4.320276 0.610510 0.041249 -1.407699 9.705003 0.620634 0.144043 -0.004250
299438476 -0.831460 5.170101 0.529479 0.070879 -1.390309 9.707337 0.596710 0.142251 -0.007301
319396972 -0.858345 6.587037 1.383649 0.104026 -1.383131 9.708065 0.591047 0.141512 -0.010715
339355468 -0.611242 7.474040 2.589280 0.161612 -1.315227 9.716709 0.576050 0.134521 -0.016631
359313964 -0.935339 7.903276 3.901706 0.161612 -1.315227 9.716709 0.573130 0.134521 -0.016631
379272460 -0.305656 8.591418 4.594160 0.078336 -1.177276 9.735414 0.564421 0.120339 -0.008046
399230957 1.307339 9.380114 3.014924 -0.077379 -0.934322 9.761734 0.537999 0.095419 0.007927
419189453 0.312931 10.148228 1.009456 -0.205665 -0.654556 9.782619 0.540541 0.066796 0.021020
439147949 -2.469094 10.041507 2.097375 -0.197624 -0.465179 9.793617 0.539620 0.047453 0.020176
459136962 0.571080 8.961394 6.138092 -0.121099 -0.382238 9.798450 0.534601 0.038987 0.012358
479095458 4.779747 6.234627 7.776049 -0.158355 -0.216513 9.802980 0.489773 0.022080 0.016152
499053955 7.866632 3.395621 5.019948 -0.385035 0.165857 9.797685 0.506917 -0.016913 0.039278
519012451 3.353724 0.203001 -0.842463 -0.737339 0.699573 9.753837 0.530401 -0.071397 0.075451
538970947 -6.534166 -2.585211 -8.368689 -1.052738 1.200549 9.675785 0.565649 -0.122730 0.108375
558929443 -6.384495 -6.151088 -8.003573 -1.099898 1.377810 9.646878 0.573988 -0.140964 0.113526
578887939 -2.108392 -9.850609 -0.702407 -0.881362 1.143396 9.699806 0.565035 -0.116860 0.090615
598846435 0.892393 -12.388930 3.781148 -0.600269 0.798436 9.755642 0.539251 -0.081508 0.061453
618804931 -1.667451 -14.836368 0.472757 -0.526332 0.683288 9.768648 0.533572 -0.069733 0.053828
638763427 -2.932120 -15.437909 -3.350929 -0.619073 0.707898 9.761456 0.486210 -0.072248 0.063335
658752441 2.284335 -12.501698 1.307797 -0.739298 0.521129 9.764848 0.451166 -0.053165 0.075566
678710937 4.551897 -10.787156 5.965100 -0.860356 0.228538 9.766163 0.437392 -0.023307 0.087869
698669433 3.224428 -9.228799 4.400430 -0.946413 0.098961 9.760373 0.484339 -0.010091 0.096663
718627929 1.712806 -6.869290 0.771396 -0.957713 0.134687 9.758844 0.490706 -0.013735 0.097825
738586425 1.451595 -4.900733 0.001038 -0.742514 0.239937 9.775556 0.449772 -0.024469 0.075811
758544921 1.962281 -4.356372 -0.613598 -0.742514 0.239937 9.775556 0.521290 -0.024469 0.075811
778503417 1.285804 -4.086163 -2.471590 -0.612741 0.336700 9.781695 0.515188 -0.034341 0.062560
798461914 0.106849 -2.791746 -3.392094 -0.550355 0.444687 9.781092 0.542342 -0.045361 0.056208
818420410 -1.154844 -2.006368 -3.917347 -0.550348 0.544179 9.776061 0.530690 -0.055519 0.056236
838378906 -1.811509 -1.223013 -3.421698 -0.592161 0.597803 9.770484 0.553203 -0.060997 0.060533
858367919 -2.129640 -0.625727 -2.722466 -0.650012 0.615153 9.765728 0.564523 -0.062769 0.066463
878326416 -1.430240 -0.600061 -1.915576 -0.688092 0.563270 9.766251 0.566498 -0.057469 0.070340
898284912 -0.788861 -0.400878 -1.264243 -0.688092 0.563270 9.766251 0.560832 -0.057469 0.070340
918243408 -1.038760 -0.441161 -0.140499 -0.702678 0.522324 9.767488 0.557132 -0.053287 0.071817
938201904 -0.664716 -0.209710 -0.712088 -0.749844 0.509914 9.764636 0.550995 -0.052020 0.076641
958160400 -0.309959 -0.609610 -0.844745 -0.813129 0.498872 9.760140 0.547441 -0.050893 0.083119
978118896 -0.191387 -0.548148 -0.509786 -0.857187 0.463093 9.758133 0.554189 -0.047240 0.087618
998077392 -0.273443 -0.376501 -0.046733 -0.856259 0.401482 9.760943 0.546785 -0.040951 0.087499
1018035888 -0.257475 -0.239088 0.471704 -0.812340 0.330081 9.767371 0.554591 -0.033665 0.082978
1037994384 -0.503764 0.152642 0.525290 -0.760844 0.273756 9.773257 0.555396 -0.027919 0.077693
1057983398 -1.142828 -0.028179 0.049878 -0.753732 0.255365 9.774306 0.552910 -0.026043 0.076961
1077941894 -1.207505 0.180361 0.134453 -0.864275 0.232301 9.765729 0.548225 -0.023690 0.088271
1097900390 -1.009767 0.225573 0.029421 -0.864275 0.232301 9.765729 0.551720 -0.023690 0.088271
1117858886 -0.809335 -0.060770 0.239182 -0.880055 0.210938 9.764804 0.561988 -0.021511 0.089882
1137817382 -0.332549 -0.130344 0.962966 -0.893657 0.181104 9.764167 0.556138 -0.018468 0.091270
1157775878 -0.206114 -0.120078 0.686063 -0.905549 0.169160 9.763287 0.557001 -0.017250 0.092486
1177734375 -0.333619 0.113301 0.709839 -0.902363 0.158807 9.763754 0.564933 -0.016194 0.092158
1197692871 -0.309541 -0.050217 0.501979 -0.889402 0.155203 9.765001 0.570946 -0.015827 0.090830
1217651367 -0.297042 -0.079313 -0.182726 -0.894099 0.170256 9.764322 0.549355 -0.017362 0.091313
1237609863 -0.237773 -0.045493 -0.024121 -0.990075 0.179939 9.754885 0.565502 -0.018350 0.101149
1257598876 -0.373721 0.121593 0.266426 -0.990075 0.179939 9.754885 0.560656 -0.018350 0.101149
1277557373 -0.263222 -0.138455 0.355106 -1.036019 0.180412 9.750102 0.550895 -0.018398 0.105860
1297515869 -0.105340 -0.201787 0.166201 -1.074559 0.191452 9.745720 0.561880 -0.019524 0.109816
1317474365 -0.242376 -0.254537 0.256857 -1.103104 0.206909 9.742214 0.536860 -0.021100 0.112749
1337432861 0.067834 -0.211331 0.397283 -1.109567 0.221336 9.741163 0.563458 -0.022572 0.113416
1357391357 0.283514 -0.378013 0.380638 -1.093934 0.240366 9.742480 0.546988 -0.024513 0.111817
1377349853 0.571152 -0.410807 0.294698 -1.084362 0.258589 9.743083 0.542623 -0.026372 0.110839
1397308349 0.533496 -0.433990 -0.318785 -1.089368 0.286591 9.741742 0.539518 -0.029228 0.111362
1417266845 0.291028 -0.352816 -0.340588 -1.104621 0.305062 9.739463 0.541545 -0.031113 0.112934
1437255859 0.244899 -0.238481 0.184529 -1.106574 0.305353 9.739232 0.541001 -0.031142 0.113135
1457214355 0.216104 -0.432748 0.143619 -1.098665 0.305910 9.740110 0.535940 -0.031199 0.112323
1477172851 -0.140522 -0.342090 0.163497 -1.079354 0.308635 9.742183 0.549955 -0.031477 0.110342
