0 -0.141743 0.362210 0.628792 -0.576517 -0.068078 9.789453 0.677175 0.006942 0.058824
19958497 -0.255782 0.591740 -0.191148 -0.587707 -0.065514 9.788805 0.665165 0.006681 0.059967
39916993 -0.770319 0.936983 -0.981789 -0.631852 -0.069996 9.786023 0.662987 0.007138 0.064477
59875489 -0.540501 1.537845 -1.452802 -0.755411 -0.159430 9.776212 0.696544 0.016258 0.077117
79833985 0.296338 2.676284 -1.983530 -0.755411 -0.159430 9.776212 0.645176 0.016258 0.077117
99792481 -0.363967 3.888147 -1.382527 -0.788780 -0.259471 9.771432 0.633325 0.026462 0.080548
119750977 -1.180353 3.975300 0.629395 -0.657287 -0.472841 9.773167 0.632456 0.048235 0.067153
139709473 -0.730383 4.469707 1.490355 -0.657287 -0.472841 9.773167 0.615491 0.048235 0.067153
159667969 -0.757384 5.156428 1.529066 -0.608601 -0.545913 9.772511 0.619033 0.055696 0.062196
179656983 -1.045921 5.699296 3.365370 -0.576282 -0.610082 9.770675 0.616409 0.062251 0.058913
199615479 1.139074 6.119543 4.947064 -0.492513 -0.582093 9.776961 0.608416 0.059392 0.050332
219573975 1.810374 6.241540 3.106371 -0.397021 -0.397556 9.790543 0.610808 0.040550 0.040529
239532471 0.388830 5.510438 0.638684 -0.464780 0.005788 9.795628 0.594907 -0.000590 0.047412
259490967 -0.943649 4.854391 -0.928479 -0.464780 0.005788 9.795628 0.607153 -0.000590 0.047412
279449463 -0.423111 4.003026 -1.686398 -0.525866 0.144562 9.791473 0.588255 -0.014742 0.053655
299407959 2.138556 5.046399 0.910215 -0.510517 0.205932 9.791187 0.585866 -0.021001 0.052093
319366455 2.805985 5.151803 2.605894 -0.400089 0.273328 9.794673 0.592203 -0.027875 0.040825
339324952 1.607347 3.945703 2.431658 -0.217959 0.558274 9.788321 0.565225 -0.056959 0.022264
359283448 0.164737 2.218300 0.707234 -0.217959 0.558274 9.788321 0.599749 -0.056959 0.022264
379241944 -1.564920 0.646838 -0.981038 -0.292893 0.661759 9.779913 0.623269 -0.067532 0.029940
399230957 -0.836465 0.708588 0.692019 -0.344473 0.672462 9.777500 0.612877 -0.068626 0.035217
419189454 2.942112 0.995161 1.321194 -0.278169 0.715631 9.776547 0.621681 -0.073039 0.028445
439147950 4.263129 0.363390 0.786992 -0.207007 0.787378 9.772798 0.622412 -0.080377 0.021179
459106446 1.558877 -1.899463 0.119522 -0.258763 0.782038 9.771993 0.633934 -0.079830 0.026474
479064942 -3.116908 -3.565166 3.217405 -0.369569 0.637045 9.778955 0.667007 -0.065006 0.037774
499023438 -4.776752 -3.621473 4.087420 -0.366706 0.578294 9.782714 0.694817 -0.059004 0.037468
518981934 -1.096529 -3.518816 0.882193 -0.248972 0.756442 9.774262 0.688812 -0.077212 0.025467
538940430 4.520356 -4.243063 -2.313910 -0.199393 0.991501 9.754361 0.703766 -0.101278 0.020439
558898926 5.965545 -6.284336 -3.568747 -0.342405 1.065489 9.742580 0.680659 -0.108865 0.035131
578857422 3.162445 -7.504459 -2.480092 -0.456645 0.988321 9.746030 0.685288 -0.100952 0.046820
598815918 1.776978 -7.503667 -2.030664 -0.336206 0.936572 9.756034 0.721568 -0.095650 0.034448
618804932 0.848816 -7.083947 -0.902845 -0.067400 0.894062 9.765577 0.737612 -0.091296 0.006902
638763428 -0.690858 -6.538342 1.634319 0.147017 0.772028 9.775107 0.778973 -0.078806 -0.015039
658721924 -1.437535 -6.109307 1.981545 0.269032 0.676229 9.779608 0.806049 -0.069011 -0.027503
678680420 -0.890517 -5.467289 -0.246664 0.359284 0.706299 9.774581 0.814304 -0.072085 -0.036740
698638916 0.003413 -4.612563 -1.726399 0.439528 0.782653 9.765483 0.831544 -0.079893 -0.044978
718597413 0.570047 -3.485549 -1.308013 0.479764 0.805030 9.761769 0.829697 -0.082183 -0.049108
738555909 0.652956 -2.574886 -0.025302 0.445026 0.751264 9.767699 0.828658 -0.076683 -0.045529
758514405 0.094650 -2.488268 0.465010 0.323864 0.664283 9.778765 0.822983 -0.067790 -0.033107
778472901 -0.445648 -2.654274 -0.246283 0.202183 0.620660 9.784902 0.855778 -0.063332 -0.020660
798431397 -0.870059 -2.245882 -1.179619 0.139191 0.638365 9.784861 0.866856 -0.065141 -0.014224
818420411 -0.960320 -1.827205 -1.308703 0.142314 0.685340 9.781638 0.853636 -0.069942 -0.014548
838378907 -0.746372 -1.405239 -1.684563 0.132111 0.722123 9.779134 0.855552 -0.073703 -0.013509
858337403 -0.295967 -0.816624 -1.454751 0.061780 0.707797 9.780879 0.859272 -0.072238 -0.006316
878295899 0.080426 -0.408116 -1.130340 -0.020136 0.670285 9.783696 0.863414 -0.068403 0.002058
898254395 0.468712 -0.192114 -0.525652 -0.028289 0.615964 9.787246 0.847890 -0.062852 0.002890
918212891 0.145474 -0.121382 -0.012753 -0.028289 0.615964 9.787246 0.838432 -0.062852 0.002890
938171387 0.175762 -0.248444 0.531951 0.046255 0.621876 9.786803 0.863628 -0.063456 -0.004726
958129883 0.782428 0.120900 0.228112 0.092743 0.638699 9.785389 0.858118 -0.065175 -0.009477
978088379 0.767081 0.441171 -0.175525 0.050932 0.628370 9.786366 0.837203 -0.064120 -0.005204
998046875 0.464300 0.143718 -0.023480 -0.020162 0.595333 9.788543 0.832537 -0.060744 0.002060
1018005372 0.326051 0.158066 0.114940 -0.052691 0.571873 9.789819 0.848233 -0.058348 0.005382
1037994385 -0.248278 -0.073672 -0.018380 -0.029282 0.576656 9.789638 0.861497 -0.058836 0.002991
1057952881 -0.972661 -0.580166 0.014343 0.008885 0.588182 9.788991 0.847716 -0.060014 -0.000908
1077911377 -0.975632 -0.560593 0.590084 0.015029 0.572684 9.789903 0.851538 -0.058431 -0.001535
1097869873 -0.534667 -0.326824 0.602115 0.003598 0.557688 9.790780 0.877628 -0.056899 -0.000367
1117828370 -0.286771 -0.308400 0.114133 0.023476 0.583104 9.789271 0.850956 -0.059495 -0.002398
1137786866 -0.051024 -0.052612 0.115065 0.023476 0.583104 9.789271 0.850956 -0.059495 -0.002398
1157745362 -0.352534 -0.244154 0.078034 0.060788 0.605073 9.787777 0.859774 -0.061740 -0.006211
1177703858 0.055006 -0.081571 0.503164 0.103847 0.624276 9.786209 0.857105 -0.063701 -0.010611
1197662354 0.352024 0.232319 0.291370 0.093541 0.655191 9.784292 0.852599 -0.066861 -0.009560
1217620850 0.398139 0.300390 -0.263220 0.093541 0.655191 9.784292 0.852672 -0.066861 -0.009560
1237579346 0.227498 0.133973 -0.256930 0.056907 0.654246 9.784637 0.847145 -0.066764 -0.005816
1257568360 0.175948 0.098732 0.174738 0.059976 0.657943 9.784370 0.828715 -0.067142 -0.006130
1277526856 0.205231 0.073404 0.004328 0.111107 0.704213 9.780702 0.849636 -0.071872 -0.011359
1297485352 -0.020906 -0.054199 -0.271330 0.111107 0.704213 9.780702 0.849636 -0.071872 -0.011359
1317443848 0.190141 -0.090234 0.035094 0.121805 0.712217 9.779995 0.859522 -0.072690 -0.012454
1337402344 0.194380 -0.036056 -0.036407 0.116644 0.714740 9.779874 0.831262 -0.072948 -0.011926
1357360840 -0.046225 -0.080504 -0.135780 0.107591 0.718033 9.779737 0.853363 -0.073285 -0.011001
1377319336 -0.168072 -0.134019 -0.124653 0.108796 0.724253 9.779264 0.850787 -0.073921 -0.011125
1397277832 -0.189722 -0.248927 -0.118347 0.115743 0.734759 9.778400 0.850450 -0.074995 -0.011836
1417236329 -0.187228 -0.285456 -0.050313 0.123064 0.744402 9.777581 0.845970 -0.075981 -0.012586
1437194825 -0.001446 -0.105883 -0.092391 0.125359 0.752251 9.776952 0.859284 -0.076784 -0.012821
1457153321 0.134930 0.037760 -0.219753 0.121532 0.759492 9.776441 0.863409 -0.077524 -0.012430
1477142334 0.419297 0.058962 -0.179317 0.128855 0.769193 9.775588 0.846506 -0.078516 -0.013180
1497100830 0.398581 -0.080782 0.013262 0.151030 0.781606 9.774286 0.854397 -0.079786 -0.015451
