0 -0.652599 -0.134441 -1.071248 -0.401275 0.565991 9.782076 0.626506 -0.057747 0.040998
19958496 -0.293880 -0.073151 -0.696030 -0.377029 0.552764 9.783797 0.639903 -0.056396 0.038517
39916992 -0.214049 0.058383 -0.250926 -0.377029 0.552764 9.783797 0.634417 -0.056396 0.038517
59875488 -0.016806 0.171562 -0.217502 -0.370700 0.531403 9.785223 0.630997 -0.054215 0.037866
79833984 0.185713 0.317281 -0.212964 -0.371664 0.509217 9.786366 0.626789 -0.051949 0.037960
99792480 0.117669 0.201833 -0.041408 -0.373114 0.483227 9.787628 0.621323 -0.049295 0.038103
119750977 0.050492 0.208126 -0.018395 -0.381706 0.454972 9.788651 0.620949 -0.046411 0.038975
139709473 -0.205573 0.164877 0.152432 -0.391163 0.424688 9.789638 0.639848 -0.043320 0.039936
159698486 -0.025437 0.252172 0.280156 -0.398428 0.400828 9.790352 0.647308 -0.040885 0.040674
179656982 0.056991 0.312374 0.417652 -0.410936 0.385273 9.790459 0.641219 -0.039297 0.041949
199615478 -0.284443 -0.046467 0.164962 -0.435843 0.377651 9.789680 0.652516 -0.038519 0.044491
219573975 -0.024310 0.470622 -0.554127 -0.517555 0.358313 9.786426 0.651470 -0.036546 0.052836
239532471 0.014395 0.793570 -0.933084 -0.532589 0.322754 9.786857 0.648755 -0.032918 0.054365
259490967 -0.205731 0.810105 -0.682203 -0.542506 0.258296 9.788226 0.648389 -0.026342 0.055368
279449463 -0.281376 1.336911 -0.169420 -0.567510 0.186233 9.788444 0.653415 -0.018992 0.057913
299407959 -0.589037 2.096096 -0.603879 -0.567510 0.186233 9.788444 0.622533 -0.018992 0.057913
319366455 -0.682509 3.782949 -1.763090 -0.723039 -0.052972 9.779816 0.634163 0.005402 0.073797
339324951 0.373193 5.226286 -0.894584 -0.723039 -0.052972 9.779816 0.595137 0.005402 0.073797
359283447 1.155914 6.885756 0.790791 -0.773764 -0.218506 9.773634 0.586454 0.022283 0.079004
379241943 0.584836 7.827374 1.975018 -0.843125 -0.399014 9.762188 0.571512 0.040699 0.086153
399230957 -1.571983 7.779789 3.641748 -0.937317 -0.589151 9.743958 0.568211 0.060113 0.095900
419189453 -4.603448 8.150279 5.403780 -0.911724 -0.684362 9.740164 0.589654 0.069842 0.093333
439147949 -6.239549 8.770645 5.370621 -0.777197 -0.451408 9.765377 0.578881 0.046047 0.079420
459106445 -5.492945 9.058537 3.729552 -0.608637 -0.098841 9.787247 0.542183 0.010079 0.062107
479064941 0.528196 12.649302 2.466548 -0.608637 -0.098841 9.787247 0.559302 0.010079 0.062107
499023437 7.061669 15.695833 1.218075 -0.581403 0.210803 9.787130 0.470832 -0.021498 0.059335
518981934 4.565294 12.986307 0.701923 -0.685628 0.607578 9.763767 0.438967 -0.061995 0.070107
538940430 -1.249740 8.895052 1.217628 -0.685628 0.607578 9.763767 0.580194 -0.061995 0.070107
558898926 -4.707371 1.920920 0.461866 -0.199224 1.035702 9.749770 0.428150 -0.105810 0.020431
578857422 -3.968397 -4.258051 -2.385079 0.246910 1.431102 9.698524 0.544674 -0.146455 -0.025453
598815918 4.231204 -5.934477 -1.380554 0.426232 1.606334 9.664803 0.474733 -0.164542 -0.044073
618774414 8.153521 -7.531168 -0.955724 0.215299 1.650514 9.664358 0.479530 -0.169111 -0.022274
638732910 4.350183 -11.884244 -2.509223 0.215299 1.650514 9.664358 0.479530 -0.169111 -0.022274
658721924 1.692555 -14.287413 -0.701029 0.121942 1.317096 9.717035 0.460987 -0.134713 -0.012549
678680420 0.275495 -14.402655 3.826108 0.450774 1.258882 9.715061 0.485287 -0.128725 -0.046366
698638916 1.142513 -12.030315 4.597457 0.450774 1.258882 9.715061 0.580669 -0.128725 -0.046366
718597412 -0.041999 -10.453525 2.630382 0.808417 1.352780 9.679196 0.562931 -0.138386 -0.083328
738555908 -2.147745 -9.348783 0.098528 0.560016 1.269267 9.708024 0.608808 -0.129793 -0.057622
758514404 -2.383058 -7.153018 -1.693749 0.289486 1.172874 9.731956 0.609624 -0.119887 -0.029737
778472900 -1.159487 -4.839576 -2.258897 0.289486 1.172874 9.731956 0.568207 -0.119887 -0.029737
798431396 -0.419606 -3.707889 -3.016817 0.139259 1.121354 9.741333 0.607367 -0.114597 -0.014295
818389893 -0.962648 -3.707112 -2.504629 0.117892 1.088186 9.745376 0.641973 -0.111193 -0.012097
838348389 -1.802069 -3.951132 -0.841538 0.158361 1.036298 9.750457 0.640192 -0.105871 -0.016240
858306885 -0.979473 -2.771774 0.382082 0.212686 0.979229 9.755321 0.651912 -0.100020 -0.021799
878265381 0.426614 -1.568116 0.216545 0.261654 0.948994 9.757117 0.659878 -0.096922 -0.026810
898223877 0.687562 -1.470935 0.324057 0.308902 0.892922 9.761027 0.654758 -0.091179 -0.031636
918212891 0.682322 -1.280373 0.507715 0.308902 0.892922 9.761027 0.664235 -0.091179 -0.031636
938171387 0.111924 -1.212789 0.346166 0.328476 0.874525 9.762054 0.671952 -0.089295 -0.033636
958129883 -0.521628 -1.388981 0.704337 0.324213 0.849893 9.764372 0.653658 -0.086774 -0.033191
978088379 -0.257905 -0.937141 0.557240 0.287257 0.829500 9.767282 0.657325 -0.084687 -0.029402
998046875 0.442554 -0.512655 0.397320 0.253285 0.827563 9.768387 0.666463 -0.084488 -0.025923
1018005371 0.637015 -0.515661 0.409167 0.227938 0.833880 9.768474 0.673346 -0.085135 -0.023330
1037963867 0.079279 -0.747937 0.353344 0.186649 0.836727 9.769106 0.672775 -0.085426 -0.019104
1057922363 -0.675947 -1.217443 0.098611 0.117058 0.829467 9.770806 0.670913 -0.084683 -0.011980
1077880859 -1.203901 -1.155440 -0.553341 0.021172 0.835032 9.771011 0.696470 -0.085253 -0.002167
1097839355 -1.154125 -0.858251 -0.538457 0.021172 0.835032 9.771011 0.678305 -0.085253 -0.002167
1117828369 -0.279501 -0.478922 -0.131384 0.057629 0.858943 9.768791 0.700435 -0.087700 -0.005899
1137786865 0.503337 -0.042239 -0.118284 0.121590 0.896322 9.764846 0.692592 -0.091527 -0.012451
1157745361 0.281270 -0.027128 -0.347027 0.140275 0.918809 9.762506 0.672149 -0.093830 -0.014368
1177703857 0.056758 -0.129790 0.346188 0.140275 0.918809 9.762506 0.665485 -0.093830 -0.014368
1197662353 -0.158307 -0.078472 -0.077828 0.134915 0.925556 9.761943 0.688055 -0.094521 -0.013820
1217620850 -0.221004 -0.269292 0.186785 0.163691 0.959711 9.758204 0.672918 -0.098020 -0.016773
1237579346 -0.218150 -0.274935 0.131405 0.163691 0.959711 9.758204 0.683942 -0.098020 -0.016773
1257537842 -0.259612 -0.371846 -0.220064 0.168809 1.000130 9.754058 0.675705 -0.102162 -0.017305
1277496338 -0.016976 -0.247281 -0.046628 0.151213 1.009691 9.753360 0.662882 -0.103143 -0.015502
1297454834 -0.047815 -0.228679 -0.337347 0.114989 1.010426 9.753778 0.659179 -0.103218 -0.011789
1317413330 -0.199390 -0.143674 -0.426321 0.114989 1.010426 9.753778 0.661221 -0.103218 -0.011789
1337371826 -0.088029 -0.031694 -0.622441 0.083386 1.029510 9.752105 0.665117 -0.105175 -0.008550
1357360840 0.136337 0.039713 -0.803261 0.083386 1.029510 9.752105 0.668070 -0.105175 -0.008550
1377319336 0.418143 0.248871 -0.312874 0.117705 1.044752 9.750129 0.657733 -0.106738 -0.012072
1397277832 0.162707 0.068711 0.246067 0.147232 1.046424 9.749549 0.653643 -0.106909 -0.015100
1417236328 0.035606 -0.078835 0.273258 0.158457 1.044498 9.749578 0.650320 -0.106712 -0.016251
1437194824 -0.165245 -0.045292 0.072843 0.151459 1.043449 9.749804 0.652088 -0.106604 -0.015533
1457153320 -0.127366 -0.020441 -0.227159 0.151193 1.052996 9.748781 0.686348 -0.107583 -0.015508
1477111816 -0.080306 0.027645 0.031166 0.152454 1.056788 9.748351 0.669357 -0.107972 -0.015638
1497070312 -0.221013 0.033858 -0.011491 0.152454 1.056788 9.748351 0.680747 -0.107972 -0.015638
1517028809 -0.374990 -0.133617 -0.033872 0.154310 1.060155 9.747955 0.660819 -0.108317 -0.015829
1536987305 -0.164403 -0.067122 0.077312 0.169454 1.069660 9.746666 0.661610 -0.109292 -0.017384
