0 0.225240 0.296254 -0.027289 -0.584658 -1.043336 9.733448 0.537600 0.106592 0.059995
19958496 0.143723 0.517234 -0.149354 -0.595593 -1.055722 9.731449 0.548149 0.107863 0.061127
39947509 0.490470 0.467351 0.023656 -0.590742 -1.070959 9.730080 0.534992 0.109426 0.060639
59906006 0.605105 0.459435 -0.242451 -0.573534 -1.083399 9.729733 0.544340 0.110702 0.058878
79864502 0.208947 0.859779 -0.885416 -0.522057 -1.141576 9.725978 0.541745 0.116673 0.053625
99822998 0.484431 1.385026 -1.159352 -0.522057 -1.141576 9.725978 0.531023 0.116673 0.053625
119781494 0.837754 2.314718 -0.525781 -0.472081 -1.217829 9.719280 0.549134 0.124505 0.048533
139739990 -0.919794 3.365350 0.011622 -0.365426 -1.305714 9.712464 0.567492 0.133542 0.037607
159698486 -1.965685 4.647285 0.395434 -0.211314 -1.399423 9.703987 0.556426 0.143190 0.021773
179656982 -1.414387 6.052136 2.106900 -0.064934 -1.504169 9.690389 0.561834 0.153990 0.006701
199615478 -0.202750 6.769032 4.611251 0.064056 -1.539549 9.684836 0.540612 0.157642 -0.006614
219573974 1.463875 7.218899 5.016768 0.064056 -1.539549 9.684836 0.543794 0.157642 -0.006614
239562988 1.669584 8.430626 3.458941 0.063666 -1.339698 9.714501 0.536272 0.137040 -0.006554
259521484 0.615511 8.348710 1.343417 0.087704 -1.036720 9.751303 0.548951 0.105914 -0.008994
279479980 -0.406755 8.051304 -0.862165 0.140914 -0.705743 9.780207 0.534878 0.072028 -0.014407
299438476 0.103000 9.927045 -0.556364 0.280104 -0.264080 9.799091 0.494117 0.026932 -0.028577
319396972 2.001366 10.755226 2.973577 0.280104 -0.264080 9.799091 0.522655 0.026932 -0.028577
339355468 4.031207 9.276320 3.785218 0.287093 -0.024372 9.802417 0.537412 0.002485 -0.029280
359313965 1.965278 7.492816 1.656331 0.243976 0.323287 9.798283 0.545391 -0.032972 -0.024895
379272461 -2.203814 5.838540 0.016015 0.226748 0.677815 9.780569 0.557568 -0.069173 -0.023179
399230957 -3.093193 4.012626 -1.550646 0.186974 0.970560 9.756712 0.552044 -0.099132 -0.019161
419189453 -1.002577 -0.087105 -2.657096 0.133381 1.139495 9.739309 0.523757 -0.116459 -0.013694
439178467 2.910930 -3.693333 2.429342 0.278688 1.032112 9.748203 0.527251 -0.105441 -0.028581
459136963 2.971593 -6.632990 5.297037 0.582173 0.821654 9.754812 0.545348 -0.083884 -0.059610
479095459 -2.911899 -9.660057 0.114555 0.905722 0.814400 9.730716 0.568684 -0.083141 -0.092811
499053955 -5.368989 -10.515615 -2.284513 1.137968 0.839443 9.704162 0.571287 -0.085704 -0.116733
519012451 -4.597543 -11.216339 -1.585465 1.202779 0.748894 9.703754 0.531368 -0.076440 -0.123321
538970947 -2.192797 -11.220106 -0.013616 1.113240 0.560557 9.727120 0.491491 -0.057192 -0.113951
558929443 0.808148 -10.897141 1.282235 0.921581 0.330459 9.757657 0.473425 -0.033704 -0.094168
578887939 1.852114 -11.271158 1.898213 0.741007 0.141943 9.777584 0.470847 -0.014475 -0.075642
598846435 1.659654 -10.238153 1.291511 0.592341 0.027881 9.788705 0.433330 -0.002843 -0.060439
618804931 1.890825 -7.518964 0.638648 0.483233 -0.051881 9.794600 0.451494 0.005290 -0.049297
638793945 0.757604 -6.278924 -0.857611 0.424557 -0.070286 9.797203 0.466799 0.007167 -0.043307
658752441 0.543246 -5.032729 -1.265748 0.389752 -0.065398 9.798684 0.458781 0.006669 -0.039755
678710937 0.129881 -4.289006 -0.670575 0.322117 -0.066649 9.801132 0.447669 0.006796 -0.032853
698669433 -0.223149 -3.471041 -0.391082 0.261774 -0.063413 9.802951 0.458999 0.006466 -0.026697
718627929 1.001635 -2.913753 -0.422106 0.260521 -0.033948 9.803130 0.478183 0.003462 -0.026569
738586426 1.252913 -2.278693 -1.190551 0.275928 0.040567 9.802684 0.491309 -0.004137 -0.028141
758544922 -0.189075 -1.533310 -2.874720 0.273818 0.166549 9.801412 0.497225 -0.016984 -0.027929
778503418 -1.544633 -0.608726 -2.517152 0.236649 0.259261 9.800366 0.487464 -0.026440 -0.024142
798461914 -1.141857 0.113995 -0.788584 0.203876 0.283122 9.800443 0.509470 -0.028874 -0.020800
818420410 -0.401033 -0.203680 -0.573536 0.193835 0.312301 9.799759 0.531384 -0.031851 -0.019777
838409424 0.025912 0.007713 -1.284537 0.156946 0.371538 9.798353 0.513855 -0.037895 -0.016016
858367920 0.550163 0.177161 -0.868643 0.084343 0.414248 9.797533 0.502341 -0.042254 -0.008608
878326416 0.130636 -0.548690 0.642130 -0.063701 0.429634 9.797028 0.531418 -0.043825 0.006502
898284912 -0.056354 -0.325586 0.836831 -0.063701 0.429634 9.797028 0.518356 -0.043825 0.006502
918243408 -0.258929 -0.136285 0.373208 -0.130540 0.469744 9.794523 0.509658 -0.047919 0.013327
938201904 -0.629825 -0.267491 -0.280024 -0.143422 0.519825 9.791813 0.535653 -0.053032 0.014646
958160400 -0.398154 -0.205385 -0.420571 -0.117292 0.550585 9.790479 0.534457 -0.056174 0.011980
978118896 -0.078399 -0.236484 0.050480 -0.104756 0.570029 9.789509 0.538365 -0.058160 0.010700
998077392 -0.025891 -0.079888 -0.123378 -0.137257 0.596359 9.787539 0.541826 -0.060849 0.014023
1018035888 -0.245243 -0.260750 -0.278263 -0.185045 0.626594 9.784863 0.547407 -0.063938 0.018909
1038024902 -0.503988 -0.101604 0.268336 -0.224354 0.639966 9.783175 0.543712 -0.065305 0.022929
1057983398 -0.559966 0.347570 -0.192773 -0.248125 0.662721 9.781084 0.561471 -0.067630 0.025362
1077941894 -0.407113 0.374766 -0.207120 -0.268810 0.692476 9.778477 0.555895 -0.070672 0.027483
1097900390 -0.166230 0.300219 0.297700 -0.316409 0.727647 9.774498 0.549749 -0.074268 0.032360
1117858886 -0.737151 0.158887 -0.609564 -0.408924 0.792575 9.766012 0.553995 -0.080908 0.041848
1137817383 -1.031400 0.374905 -1.210173 -0.508643 0.848039 9.756664 0.529349 -0.086584 0.052086
1157775879 0.344997 0.183676 -0.725516 -0.559567 0.838387 9.754711 0.523788 -0.085596 0.057301
1177734375 2.270439 -1.581651 0.625166 -0.442311 0.731019 9.769359 0.518995 -0.074612 0.045244
1197692871 -0.027648 0.093275 1.585215 -0.399123 0.765007 9.768616 0.531504 -0.078088 0.040835
1217651367 -1.159861 0.504630 0.468370 -0.399123 0.765007 9.768616 0.559194 -0.078088 0.040835
1237609863 0.338952 -0.121641 -1.483148 -0.401657 0.841948 9.762181 0.545750 -0.085961 0.041121
1257598877 0.595366 -0.317750 -0.119119 -0.378025 0.846393 9.762740 0.548990 -0.086416 0.038702
1277557373 -0.054872 0.174583 0.594549 -0.371091 0.831851 9.764256 0.562108 -0.084927 0.037987
1297515869 -0.208995 -0.164220 -0.002478 -0.395043 0.927229 9.754721 0.554694 -0.094692 0.040476
1317474365 -0.149389 -0.303290 -0.181155 -0.416431 0.989900 9.747670 0.539196 -0.101114 0.042695
1337432861 -0.548410 -0.168178 0.000249 -0.429238 1.070422 9.738601 0.535637 -0.109371 0.044047
1357391357 -0.400337 0.201446 -0.661112 -0.443398 1.117836 9.732637 0.539239 -0.114236 0.045526
1377349853 -0.115116 -0.160176 -0.884192 -0.443398 1.117836 9.732637 0.538319 -0.114236 0.045526
1397308349 0.227662 -0.259141 0.357739 -0.398303 1.154443 9.730313 0.529052 -0.117994 0.040911
1417266845 0.055708 -0.023074 0.118850 -0.401044 1.219878 9.722215 0.513839 -0.124716 0.041227
1437225342 0.188624 -1.011414 -0.109050 -0.497460 1.304765 9.706725 0.534272 -0.133445 0.051204
1457214355 -0.193193 0.746749 1.503333 -0.472360 1.484515 9.682121 0.545262 -0.151963 0.048748
1477172851 -0.770512 -0.361015 -1.215963 -0.434842 1.789449 9.632195 0.506599 -0.183501 0.045114
1497131347 -0.959588 -0.579254 -2.773178 -0.538002 1.979411 9.589727 0.478527 -0.203240 0.056043
