0 -0.300819 0.144756 0.473286 -0.192925 -0.270000 9.801034 0.642358 0.027536 0.019682
19958496 -0.254473 0.376192 -0.013637 -0.229793 -0.290803 9.799644 0.681695 0.029658 0.023445
39916992 -0.027255 0.553763 -0.235360 -0.229793 -0.290803 9.799644 0.649488 0.029658 0.023445
59875488 -0.097636 0.822336 -0.478129 -0.275211 -0.320059 9.797561 0.635046 0.032643 0.028082
79833984 -0.046756 1.261678 -0.816237 -0.343990 -0.363802 9.793860 0.644491 0.037106 0.035109
99792480 -0.316831 1.654788 -0.563853 -0.443264 -0.439657 9.786756 0.620264 0.044848 0.045261
119750976 -0.990061 1.744333 0.171869 -0.606835 -0.616657 9.768413 0.665676 0.062923 0.062042
139739990 -1.241411 2.179968 0.737067 -0.606835 -0.616657 9.768413 0.638211 0.062923 0.062042
159698486 -0.870571 2.973380 0.601711 -0.630275 -0.662763 9.763907 0.641756 0.067635 0.064462
179656982 0.251526 4.073791 0.548014 -0.630275 -0.662763 9.763907 0.620635 0.067635 0.064462
199615478 1.307895 5.077246 1.150676 -0.759405 -0.769875 9.746845 0.636983 0.078586 0.077756
219573974 0.745266 5.726366 2.318145 -0.759405 -0.769875 9.746845 0.589891 0.078586 0.077756
239532470 -0.623054 5.819434 2.824687 -0.871470 -0.810259 9.734187 0.627432 0.082718 0.089289
259490966 -0.634064 6.015836 2.321196 -0.943439 -0.744258 9.732749 0.651299 0.075966 0.096633
279449462 -0.014431 5.695181 2.485088 -0.912319 -0.571249 9.747396 0.656014 0.058284 0.093324
299407959 1.127992 5.685930 1.860966 -0.851019 -0.341241 9.763693 0.650997 0.034804 0.086942
319366455 0.823956 5.359042 0.873610 -0.824405 -0.116749 9.771238 0.640697 0.011905 0.084171
339324951 -0.914997 4.106814 3.115920 -0.812144 0.032608 9.772908 0.638443 -0.003325 0.082911
359313964 -1.386911 2.662253 5.300249 -0.771905 0.187555 9.774425 0.676977 -0.019126 0.078808
379272461 -1.121022 2.317534 4.809620 -0.619731 0.489769 9.774786 0.709184 -0.049963 0.063316
399230957 0.924762 2.655493 1.930702 -0.454683 0.929457 9.751911 0.696288 -0.094921 0.046591
419189453 1.303988 2.814530 -0.416440 -0.426873 1.314051 9.708833 0.666694 -0.134400 0.043939
439147949 0.415544 1.781815 -0.455667 -0.408868 1.597245 9.667059 0.671632 -0.163603 0.042270
459106445 0.565782 1.212361 0.026684 -0.226325 1.884719 9.621174 0.664651 -0.193391 0.023519
479064941 -0.369981 0.114250 -0.145143 -0.076518 2.101954 9.578429 0.639867 -0.216016 0.007988
499023437 -1.602939 -0.100850 1.551653 -0.088730 2.165190 9.564228 0.651603 -0.222622 0.009277
518981933 -0.134269 -1.010588 1.960533 0.008298 2.286250 9.536424 0.677215 -0.235298 -0.000870
538940429 0.487268 -2.712598 -0.955755 0.099494 2.492365 9.484124 0.624288 -0.256969 -0.010490
558898925 0.071786 -3.683813 0.728529 0.001137 2.482304 9.487284 0.601158 -0.255909 -0.000120
578887939 -1.480661 -4.139120 2.180323 -0.250820 2.330239 9.522471 0.610808 -0.239913 0.026334
598846435 -0.259593 -4.748024 1.252645 -0.457802 2.267702 9.529865 0.623932 -0.233353 0.048002
618804931 0.420289 -5.684874 -1.491046 -0.670645 2.301459 9.509150 0.624272 -0.236893 0.070410
638763427 1.588703 -6.543955 -1.757803 -0.889422 2.288870 9.494229 0.627301 -0.235573 0.093408
658721923 2.323196 -6.650687 -2.496700 -1.019114 2.271018 9.485477 0.651186 -0.233701 0.107029
678680420 3.457008 -5.953051 -3.260726 -0.956573 2.286766 9.488206 0.666166 -0.235352 0.100478
698638916 2.539920 -5.451982 -2.973174 -0.752928 2.274775 9.509410 0.663356 -0.234095 0.079012
718597412 1.386526 -5.726620 -1.181214 -0.541869 2.166777 9.548919 0.683677 -0.222788 0.056686
738555908 0.241831 -5.279518 0.162716 -0.361390 2.003714 9.592961 0.691906 -0.205771 0.037655
758514404 0.035338 -4.621574 0.851872 -0.208159 1.854483 9.627459 0.692525 -0.190250 0.021618
778472900 -0.358856 -4.341442 0.846815 -0.100751 1.625142 9.670530 0.727835 -0.166486 0.010418
798461914 -1.203845 -4.181418 0.278769 -0.155971 1.532524 9.684907 0.770784 -0.156917 0.016103
818420410 -1.528048 -3.415818 -0.433817 -0.155971 1.532524 9.684907 0.728337 -0.156917 0.016103
838378906 -0.861350 -2.574144 -0.853716 -0.210115 1.471537 9.693338 0.743208 -0.150624 0.021673
858337402 -0.782872 -2.315692 -0.675198 -0.220942 1.439990 9.697836 0.751273 -0.147371 0.022779
878295898 -0.674843 -1.911979 -0.523451 -0.213327 1.416877 9.701409 0.772819 -0.144989 0.021986
898254394 -0.286830 -1.370903 -0.790633 -0.158799 1.426279 9.701077 0.757737 -0.145958 0.016368
918212890 -0.034834 -1.157596 -0.977296 -0.158799 1.426279 9.701077 0.775579 -0.145958 0.016368
938171386 0.008964 -0.921953 -0.603311 -0.123492 1.424490 9.701854 0.766451 -0.145773 0.012728
958129882 0.119993 -0.461565 -0.182827 -0.100222 1.404793 9.704993 0.772255 -0.143744 0.010327
978088378 0.182850 -0.318896 -0.493038 -0.101144 1.389866 9.707132 0.762496 -0.142206 0.010419
998077392 0.183579 -0.217821 -0.898607 -0.120987 1.376824 9.708764 0.760201 -0.140862 0.012461
1018035888 0.339685 -0.105832 -0.741069 -0.129524 1.322740 9.716170 0.752257 -0.135294 0.013330
1037994384 0.310869 0.030074 -0.351648 -0.129524 1.322740 9.716170 0.770752 -0.135294 0.013330
1057952880 0.333131 0.019887 0.255167 -0.110231 1.287474 9.721145 0.779605 -0.131666 0.011339
1077911377 -0.054998 -0.142432 0.221766 -0.118137 1.249455 9.726011 0.759446 -0.127756 0.012146
1097869873 -0.330788 -0.298025 0.387023 -0.122669 1.219981 9.729696 0.771051 -0.124727 0.012607
1117828369 0.047597 -0.210894 0.156794 -0.076621 1.221116 9.730025 0.762390 -0.124843 0.007875
1137786865 0.427030 0.087647 0.074142 -0.076621 1.221116 9.730025 0.778793 -0.124843 0.007875
1157745361 0.320999 0.039786 0.148249 -0.072965 1.214583 9.730871 0.784037 -0.124172 0.007498
1177703857 0.266487 0.058302 0.565776 -0.077082 1.200057 9.732641 0.771599 -0.122679 0.007920
1197662353 0.180241 0.072473 0.553653 -0.089622 1.190729 9.733680 0.763893 -0.121721 0.009207
1217651367 0.188429 0.076411 0.094373 -0.113564 1.190592 9.733447 0.766080 -0.121707 0.011667
1237609863 0.323838 0.170148 -0.291379 -0.131367 1.196177 9.732538 0.789499 -0.122281 0.013497
1257568359 0.255137 0.133778 -0.247084 -0.123122 1.203184 9.731782 0.793971 -0.123001 0.012651
1277526855 0.271156 0.076804 0.272801 -0.092634 1.206199 9.731747 0.778102 -0.123310 0.009518
1297485351 0.032794 -0.161062 0.160405 -0.128959 1.184675 9.733976 0.781934 -0.121099 0.013248
1317443847 -0.179954 -0.101311 -0.012479 -0.128959 1.184675 9.733976 0.772943 -0.121099 0.013248
1337402343 -0.066816 -0.088131 -0.039233 -0.146109 1.177588 9.734594 0.794929 -0.120371 0.015008
1357360839 0.139733 0.110456 -0.499574 -0.101763 1.210471 9.731125 0.767278 -0.123749 0.010457
1377319336 0.213104 0.162340 -0.425838 -0.101763 1.210471 9.731125 0.773961 -0.123749 0.010457
1397277832 0.003496 0.001317 -0.144096 -0.074502 1.211500 9.731244 0.776341 -0.123855 0.007656
1417236328 -0.070970 -0.040261 0.198282 -0.061186 1.200192 9.732738 0.791359 -0.122693 0.006287
1437225341 0.132621 -0.046316 0.354670 -0.053718 1.188938 9.734163 0.779891 -0.121537 0.005518
1457183837 0.163198 0.010294 0.048668 -0.046582 1.189995 9.734070 0.789610 -0.121645 0.004785
1477142334 0.069645 -0.018600 -0.247506 -0.048432 1.195630 9.733371 0.787031 -0.122224 0.004976
1497100830 -0.135041 -0.098930 -0.099218 -0.050672 1.191137 9.733911 0.777472 -0.121763 0.005206
1517059326 -0.220504 -0.198388 -0.075496 -0.051896 1.185332 9.734613 0.795178 -0.121166 0.005331
