0 -0.067662 0.325505 -0.434191 0.097580 -1.486931 9.692775 0.487767 0.152212 -0.010067
19986884 -0.387514 0.339154 -0.215171 0.120709 -1.493723 9.691471 0.465123 0.152913 -0.012455
39945381 0.382520 0.152780 -0.111758 0.124551 -1.507623 9.689270 0.483525 0.154347 -0.012854
59903877 0.898215 0.237638 -0.041549 0.115863 -1.522510 9.687049 0.457993 0.155883 -0.011960
79862373 0.583547 0.318597 0.081146 0.130356 -1.559185 9.681029 0.446387 0.159670 -0.013464
99820869 0.009834 0.422958 -0.053193 0.130356 -1.559185 9.681029 0.471908 0.159670 -0.013464
119809882 -0.011773 0.430369 0.009078 0.143881 -1.582315 9.677085 0.479476 0.162060 -0.014867
139768379 0.296934 0.403553 0.203396 0.151159 -1.609018 9.672569 0.472389 0.164819 -0.015626
159726875 0.534804 0.303158 0.285115 0.148891 -1.630039 9.669085 0.462728 0.166993 -0.015397
179685371 0.475971 0.303911 -0.001257 0.122984 -1.645216 9.666879 0.466207 0.168562 -0.012722
199643867 0.233206 0.426251 -0.285685 0.107142 -1.652948 9.665748 0.470510 0.169362 -0.011084
219602363 0.162694 0.378385 -0.741170 0.107142 -1.652948 9.665748 0.457083 0.169362 -0.011084
239560859 0.083905 0.364145 -0.700031 0.105869 -1.682482 9.660665 0.467604 0.172418 -0.010958
259519355 0.227786 0.547184 -0.300327 0.112890 -1.731353 9.651946 0.470811 0.177479 -0.011696
279477851 0.401054 0.633447 0.129926 0.117505 -1.785693 9.641986 0.483030 0.183112 -0.012186
299436347 0.534074 0.746323 0.375153 0.111799 -1.833840 9.633012 0.472430 0.188107 -0.011605
319425361 0.367739 1.184938 0.198818 0.112849 -1.870039 9.626039 0.483228 0.191866 -0.011723
339383857 0.165955 2.045235 -0.052653 0.130826 -1.896995 9.620534 0.477207 0.194667 -0.013598
359342353 0.400901 3.159438 0.007115 0.155567 -1.919866 9.615627 0.488350 0.197044 -0.016177
379300849 -0.691538 4.982257 0.104562 0.179361 -1.938219 9.611531 0.488736 0.198953 -0.018659
399259345 -2.215953 7.758742 0.924490 0.228275 -1.966446 9.604757 0.482547 0.201890 -0.023762
419217841 -1.363179 9.562727 3.641351 0.292684 -2.014601 9.593023 0.479693 0.206905 -0.030501
439176338 0.149578 9.477900 6.266990 0.335323 -2.006954 9.593231 0.459977 0.206109 -0.034940
459134834 1.096566 10.035081 6.476361 0.325346 -1.835780 9.627796 0.434193 0.188308 -0.033780
479093330 0.292483 11.324156 3.488865 0.210709 -1.454527 9.695892 0.434817 0.148870 -0.021728
499051826 -0.930567 13.845013 -0.373878 0.023533 -0.951504 9.760353 0.436919 0.097179 -0.002411
519040839 -2.753294 14.283722 -0.833131 -0.122830 -0.499517 9.793149 0.432223 0.050959 0.012542
538999336 1.550214 11.329366 4.861496 -0.095829 -0.229792 9.803490 0.422334 0.023434 0.009775
558957832 6.492706 8.315968 7.669102 -0.003544 0.023881 9.806621 0.385861 -0.002435 0.000361
578916328 6.778999 4.426530 2.373138 -0.047212 0.505808 9.793484 0.380866 -0.051601 0.004821
598874824 -0.550217 -0.883070 -0.427951 -0.274212 1.043294 9.747139 0.364459 -0.106588 0.028125
618833320 -1.303881 -4.625158 1.424364 -0.461455 1.351756 9.702071 0.361855 -0.138281 0.047527
638791816 1.678016 -6.034721 2.357566 -0.454657 1.472335 9.684828 0.390482 -0.150706 0.046911
658750312 1.820549 -8.936996 0.732233 -0.367633 1.563328 9.674257 0.386562 -0.160098 0.037983
678708808 0.569722 -9.506350 0.293323 -0.186186 1.588202 9.675398 0.407317 -0.162668 0.019241
698697822 0.375766 -9.689039 -0.001774 0.066632 1.541199 9.684557 0.425024 -0.157813 -0.006880
718656318 -4.084690 -10.167828 -0.108537 0.287875 1.509805 9.685453 0.451611 -0.154572 -0.029714
738614814 -3.188136 -9.855455 -0.768122 0.438165 1.496922 9.681820 0.445934 -0.153243 -0.045226
758573310 -0.402446 -10.974810 -0.764925 0.528163 1.459513 9.683040 0.424722 -0.149384 -0.054491
778531806 0.939688 -10.108479 2.398192 0.553799 1.326470 9.700730 0.410815 -0.135678 -0.057026
798490302 1.206800 -8.913923 1.177855 0.518727 1.259326 9.711613 0.402330 -0.128771 -0.053362
818448798 -0.819133 -7.697005 -1.470314 0.424362 1.299996 9.710835 0.424496 -0.132954 -0.043672
838407295 -2.466238 -6.713328 -2.289962 0.325061 1.339234 9.709334 0.423853 -0.136992 -0.033467
858365791 -0.999125 -5.906341 -1.255929 0.296799 1.291574 9.716693 0.410629 -0.132088 -0.030536
878324287 1.305830 -5.579161 -0.728982 0.343132 1.199385 9.726979 0.426636 -0.122610 -0.035262
898313300 2.629381 -4.976354 -0.819000 0.403915 1.126747 9.733328 0.422181 -0.115151 -0.041474
918271797 1.197942 -3.718609 -1.800661 0.411816 1.118432 9.733956 0.415151 -0.114297 -0.042282
938230293 -0.534846 -2.485677 -1.673929 0.339981 1.130888 9.735291 0.390786 -0.115576 -0.034908
958188789 -0.446150 -1.605390 -1.567653 0.253213 1.129711 9.738070 0.421064 -0.115455 -0.025997
978147285 0.293586 -1.274025 -1.692520 0.183589 1.117080 9.741090 0.429780 -0.114158 -0.018845
998105781 -0.694601 -1.309192 -1.021915 0.075529 1.088271 9.745787 0.418828 -0.111202 -0.007750
1018064277 -1.873068 -0.570716 0.557446 -0.071968 1.037599 9.751339 0.416424 -0.106004 0.007380
1038022773 -1.551958 0.478052 0.114623 -0.167734 0.997729 9.754322 0.457056 -0.101916 0.017194
1057981269 -1.536445 0.144078 -0.622882 -0.201708 0.978250 9.755651 0.450289 -0.099920 0.020673
1077939765 -0.898997 -0.136239 0.144938 -0.260729 0.933969 9.758592 0.451202 -0.095383 0.026712
1097928779 -0.472582 -0.106465 0.355637 -0.338360 0.883519 9.760907 0.458435 -0.090216 0.034651
1117887275 -0.342283 -0.480444 0.803056 -0.396321 0.824520 9.763887 0.447216 -0.084177 0.040568
1137845771 -0.147719 -0.743107 1.712959 -0.430876 0.762104 9.767493 0.442834 -0.077791 0.044085
1157804267 0.326854 -0.543894 1.153201 -0.447978 0.736702 9.768673 0.455364 -0.075194 0.045827
1177762763 0.205980 -0.539893 0.500177 -0.462670 0.743002 9.767511 0.455879 -0.075838 0.047333
1197721259 -0.132699 -0.465516 0.545835 -0.471007 0.743625 9.767066 0.455194 -0.075902 0.048187
1217679756 -0.489450 -0.225998 0.086305 -0.467382 0.750480 9.766714 0.463624 -0.076603 0.047818
1237638252 -0.949062 -0.145762 -0.270709 -0.464940 0.759950 9.766099 0.477827 -0.077571 0.047572
1257596748 -0.895253 0.003374 -0.593829 -0.474670 0.766023 9.765157 0.468917 -0.078192 0.048570
1277555244 -0.773829 0.018591 -0.334735 -0.485562 0.755920 9.765409 0.482947 -0.077159 0.049682
1297544257 -0.486063 -0.153246 0.100446 -0.496963 0.735965 9.766359 0.465325 -0.075118 0.050841
1317502754 -0.208416 -0.073818 0.244977 -0.511821 0.725760 9.766356 0.483304 -0.074075 0.052359
1337461250 -0.720073 0.106163 -0.049168 -0.535704 0.737254 9.764213 0.482970 -0.075250 0.054809
1357419746 -0.833510 0.036129 -0.406618 -0.555628 0.758460 9.761476 0.482504 -0.077419 0.056859
1377378242 -0.111773 -0.207937 -0.488886 -0.542799 0.766421 9.761576 0.465348 -0.078233 0.055549
1397336738 0.164743 -0.239982 0.001736 -0.507973 0.747239 9.764936 0.474789 -0.076271 0.051973
1417295234 0.193992 -0.442543 -0.036514 -0.468834 0.732832 9.767985 0.458563 -0.074798 0.047960
1437253730 -0.017528 -0.502434 -0.474339 -0.468834 0.732832 9.767985 0.466243 -0.074798 0.047960
1457212226 -0.013142 -0.468456 -0.615615 -0.468126 0.735461 9.767822 0.468554 -0.075067 0.047889
1477170722 0.326773 -0.648129 -0.226695 -0.482322 0.709004 9.769088 0.475095 -0.072361 0.049332
1497159736 0.351875 -0.899860 -0.296673 -0.498012 0.697447 9.769132 0.470072 -0.071180 0.050934
