0 0.100883 0.155175 0.148887 0.177308 0.190096 9.803204 0.593028 -0.019386 -0.018085
19958496 0.362233 0.488423 -0.314532 0.164944 0.177659 9.803653 0.593116 -0.018117 -0.016823
39947510 0.419004 0.645923 -0.285133 0.164944 0.177659 9.803653 0.584304 -0.018117 -0.016823
59906006 0.442527 0.892366 -0.971383 0.141651 0.158999 9.804338 0.582218 -0.016214 -0.014447
79864502 -0.311120 1.046479 -1.419815 0.065264 0.103975 9.805882 0.572428 -0.010603 -0.006655
99822998 -0.969273 1.524848 -1.086953 -0.043399 -0.002621 9.806554 0.553626 0.000267 0.004425
119781494 -1.158065 2.186581 -0.301437 -0.178774 -0.262919 9.801495 0.599339 0.026814 0.018237
139739990 -0.791539 2.781868 0.147559 -0.178774 -0.262919 9.801495 0.570403 0.026814 0.018237
159698486 -0.091639 3.924915 0.533051 -0.195814 -0.375115 9.797517 0.575024 0.038260 0.019983
179656982 -0.339108 4.657260 1.668720 -0.186959 -0.474693 9.793370 0.559379 0.048424 0.019088
199615478 -0.627339 4.694680 3.612914 -0.149902 -0.546181 9.790281 0.581971 0.055724 0.015310
219573974 -0.478652 5.248313 3.817544 -0.134313 -0.349897 9.799485 0.571967 0.035687 0.013705
239532471 0.262028 6.690120 1.437005 -0.134313 -0.349897 9.799485 0.563722 0.035687 0.013705
259521484 0.570945 7.108624 -0.846368 -0.302823 0.045251 9.801868 0.539928 -0.004614 0.030885
279479980 0.825365 7.461441 -1.808239 -0.302823 0.045251 9.801868 0.544994 -0.004614 0.030885
299438476 1.353387 8.345428 -1.199007 -0.298943 0.190619 9.800240 0.545895 -0.019439 0.030494
319396972 1.736907 7.278964 0.300805 -0.195287 0.272701 9.800913 0.536949 -0.027811 0.019923
339355469 0.927284 6.146602 4.204727 -0.117936 0.293516 9.801547 0.539631 -0.029935 0.012032
359313965 -0.722563 4.577609 6.377190 -0.117936 0.293516 9.801547 0.577574 -0.029935 0.012032
379272461 1.021546 4.443458 4.643162 -0.010014 0.500709 9.793854 0.575863 -0.051080 0.001022
399230957 1.899601 5.671349 1.698045 0.026929 0.794368 9.774387 0.553664 -0.081092 -0.002755
419189453 1.914269 6.282043 -0.044144 -0.046111 1.014667 9.753907 0.548116 -0.103653 0.004727
439147949 -1.891562 4.866342 0.610448 -0.127132 1.130511 9.740440 0.580436 -0.115537 0.013051
459136963 -5.243648 1.308804 1.444345 0.009640 1.289500 9.721497 0.637072 -0.131874 -0.000992
479095459 -3.202406 -1.741965 -0.331728 0.387981 1.725801 9.645801 0.561058 -0.176904 -0.040201
499053955 1.640427 -4.593297 -2.672116 0.387981 1.725801 9.645801 0.494732 -0.176904 -0.040201
519012451 8.623469 -4.875289 -0.613370 0.035238 1.597931 9.675523 0.446834 -0.163673 -0.003642
538970947 9.918153 -7.259073 1.009837 -0.465675 1.341960 9.703231 0.449679 -0.137273 0.047955
558929443 4.884321 -11.678080 -1.814701 -0.815013 1.246499 9.692904 0.526104 -0.127452 0.083886
578887939 -0.466026 -14.244297 -3.172206 -0.848718 1.233873 9.691628 0.590575 -0.126154 0.087349
598846435 -1.859180 -13.494316 0.458092 -0.591047 1.136184 9.722661 0.670524 -0.116119 0.060716
618804931 -1.494264 -11.356714 2.739142 -0.189977 1.028575 9.750710 0.672992 -0.105079 0.019481
638763428 -0.981617 -8.834994 1.127547 0.110165 0.992364 9.755689 0.692465 -0.101366 -0.011292
658721924 -0.764092 -6.490800 -0.787429 0.277077 0.989266 9.752690 0.688151 -0.101049 -0.028403
678710937 -1.295309 -5.351988 -0.884394 0.351720 0.944309 9.754741 0.680075 -0.096442 -0.036041
698669433 -1.569111 -4.609726 -0.197247 0.375600 0.845341 9.762925 0.683316 -0.086308 -0.038453
718627929 -0.641518 -3.354894 0.314461 0.395727 0.768982 9.768442 0.684459 -0.078495 -0.040489
738586426 0.278946 -2.519808 -0.452921 0.392294 0.763915 9.768977 0.731508 -0.077977 -0.040136
758544922 0.038152 -2.404656 -1.533934 0.343464 0.790999 9.768661 0.711465 -0.080747 -0.035145
778503418 -0.616800 -2.181669 -2.317015 0.239724 0.796254 9.771331 0.689712 -0.081285 -0.024528
798461914 -1.303167 -1.878458 -2.305202 0.114240 0.756166 9.776786 0.708378 -0.077184 -0.011684
818420410 -2.005617 -1.854970 -1.437870 0.066580 0.655677 9.784479 0.735192 -0.066910 -0.006805
838378906 -1.651494 -1.392361 -1.259026 0.066580 0.655677 9.784479 0.743749 -0.066910 -0.006805
858337402 -0.751133 -0.897594 -0.982662 0.134190 0.638777 9.784903 0.737937 -0.065183 -0.013713
878295898 -0.033496 -0.530861 -0.152158 0.191889 0.594226 9.786749 0.719810 -0.060631 -0.019604
898284912 0.588290 -0.005524 0.628001 0.211787 0.524052 9.790348 0.722579 -0.053464 -0.021629
918243408 0.757883 -0.110040 1.039104 0.231677 0.477162 9.792295 0.721661 -0.048676 -0.023655
938201904 1.221715 0.351157 0.904963 0.244504 0.464698 9.792582 0.702780 -0.047404 -0.024963
958160400 0.978667 0.613977 0.179769 0.244504 0.464698 9.792582 0.688288 -0.047404 -0.024963
978118896 0.261790 0.085962 0.067739 0.209664 0.460383 9.793592 0.686332 -0.046963 -0.021405
998077392 -0.032518 -0.163944 0.576919 0.174615 0.442429 9.795109 0.703323 -0.045131 -0.017825
1018035888 -0.068662 -0.200781 0.293043 0.152756 0.443216 9.795438 0.712050 -0.045211 -0.015593
1037994385 -0.154620 -0.359517 0.291631 0.131357 0.451284 9.795380 0.709209 -0.046034 -0.013409
1057952881 -0.073368 -0.259815 0.486761 0.107081 0.456746 9.795424 0.705524 -0.046592 -0.010931
1077911377 0.164663 -0.132582 0.319036 0.107210 0.481503 9.794235 0.705250 -0.049119 -0.010946
1097869873 0.330904 0.075582 0.409455 0.129117 0.533924 9.791253 0.703362 -0.054472 -0.013186
1117858887 0.127550 -0.160729 0.294422 0.129117 0.533924 9.791253 0.702305 -0.054472 -0.013186
1137817383 0.285240 -0.117908 0.441777 0.141236 0.574076 9.788815 0.715642 -0.058573 -0.014427
1157775879 0.671452 0.212168 0.283154 0.123679 0.593514 9.787891 0.697360 -0.060559 -0.012635
1177734375 0.270496 -0.146400 -0.089589 0.098425 0.602567 9.787625 0.690178 -0.061484 -0.010056
1197692871 0.156984 0.039558 -0.202332 0.098425 0.602567 9.787625 0.691005 -0.061484 -0.010056
1217651367 0.068482 0.086798 -0.628163 0.092213 0.622617 9.786431 0.690475 -0.063532 -0.009422
1237609863 0.159978 0.023616 -0.337336 0.128162 0.647461 9.784414 0.707597 -0.066071 -0.013098
1257568359 0.424657 0.206552 0.404513 0.180490 0.662913 9.782553 0.703436 -0.067650 -0.018448
1277526855 0.320250 0.067995 0.351534 0.207924 0.680988 9.780766 0.705268 -0.069497 -0.021255
1297485351 0.117555 -0.134583 0.317981 0.216548 0.699757 9.779256 0.695824 -0.071416 -0.022140
1317474365 0.293296 -0.076922 0.228035 0.218102 0.720306 9.777728 0.695874 -0.073517 -0.022302
1337432861 0.056953 -0.164081 -0.066484 0.219508 0.748816 9.775556 0.712036 -0.076432 -0.022451
1357391357 -0.263524 -0.361780 0.035602 0.221228 0.773800 9.773570 0.713934 -0.078988 -0.022631
1377349853 -0.378126 -0.413787 0.233191 0.216088 0.794372 9.772036 0.692486 -0.081092 -0.022109
1397308349 -0.246438 -0.413080 0.135352 0.210953 0.822415 9.769827 0.714922 -0.083962 -0.021589
1417266846 -0.093128 -0.537188 -0.115262 0.198873 0.888514 9.764291 0.704510 -0.090728 -0.020365
1437225342 -0.090866 -0.359766 -0.070314 0.177427 0.907514 9.762957 0.704602 -0.092673 -0.018172
1457183838 0.191825 -0.415413 -0.019780 0.177427 0.907514 9.762957 0.691146 -0.092673 -0.018172
1477142334 0.614408 -0.498663 -0.125408 0.167655 0.934511 9.760582 0.688761 -0.095438 -0.017175
1497100830 0.710767 -0.631092 -0.034800 0.180860 0.970035 9.756881 0.701402 -0.099078 -0.018535
1517059326 0.387355 -0.936855 -0.012502 0.178082 1.034964 9.750257 0.704072 -0.105734 -0.018262
