0 -0.070496 0.152697 2.604304 1.041628 -0.065345 0.007702
19980312 -0.084945 0.377878 0.471768 0.974773 -0.109141 0.024350
39960625 -0.261230 0.656874 -1.071606 0.998316 -0.166634 0.059130
59940937 -0.368812 1.362671 0.133845 0.849820 -0.180766 0.066033
79921146 -0.639600 1.163563 0.816386 1.003080 -0.156771 0.098672
99901354 -0.939918 1.294044 1.458480 1.021447 -0.171329 0.137119
119881562 -1.907007 0.113011 0.062023 1.183850 -0.103153 0.259817
139861771 -0.758545 1.295012 -1.988430 0.557287 -0.357999 -0.035797
159841979 1.721170 2.597693 -0.147474 0.369532 -0.349477 -0.124621
179822187 1.357407 2.523297 1.347771 0.714391 -0.305760 0.088031
199802396 -0.961324 2.465150 0.568501 0.794334 -0.420256 0.184378
219782604 -0.181989 2.884939 -1.518015 0.681957 -0.529714 0.132721
239762812 -0.074717 3.584860 -1.947431 0.690700 -0.582364 0.237813
259743021 -1.551343 4.774089 -0.116591 0.778676 -0.566338 0.331741
279723229 -2.273299 6.010152 1.465194 0.725144 -0.612555 0.288736
299703437 -0.885055 6.036428 0.075390 0.467468 -0.748857 0.097264
319683646 1.958470 6.306989 -1.401690 0.112504 -0.836911 -0.157154
339663854 2.954752 7.107207 -1.293158 0.075791 -0.874482 -0.184468
359644062 3.270160 8.037207 -1.291177 -0.068671 -0.953362 -0.238619
379624271 3.408430 9.594366 -1.655870 -0.020224 -1.013641 -0.199877
399604479 1.708866 10.259697 -1.383812 0.546441 -1.011573 0.230177
419584687 -4.567149 10.529333 -1.867148 1.266788 -0.832442 0.916418
439564896 -8.984947 7.895889 -3.412885 1.401143 -0.630795 1.113044
459545104 -5.409469 -0.076319 -7.603947 1.451845 0.527296 1.275592
479525312 -1.977304 -8.748240 -8.169146 1.995059 1.359638 0.839697
499505521 -1.226861 -15.129970 -7.173301 2.349742 1.368638 0.422360
519485729 -1.589637 -19.320135 -6.193255 2.076243 1.347844 0.739336
539465937 -2.779278 -21.170918 -5.170251 2.125711 1.196714 0.616732
559446146 -2.657374 -16.789850 1.996708 2.106071 0.688738 0.335929
579426354 -2.722946 -8.970919 9.618556 1.126883 0.338265 0.326195
599406562 -3.892766 -3.061284 11.850182 0.686529 0.124906 0.359619
619386771 -4.319207 -0.272286 11.662323 0.684836 0.102365 0.354516
639366979 -2.497841 -1.659116 8.158151 1.007284 0.261516 0.270410
659347187 1.072608 -3.656786 2.194877 2.474607 0.507711 0.043089
679327396 3.076126 -3.693836 -3.065033 -3.022647 0.687069 -0.053558
699307604 1.691296 -2.134173 -6.011470 1.549665 0.419757 0.452561
719287812 -0.073469 -0.404866 -5.711214 0.973650 0.062697 0.455574
739268021 0.349930 0.033452 -4.162241 0.747399 0.088155 0.192538
759248229 1.098410 -0.293528 -2.344487 0.695662 0.059209 0.144852
779228437 0.334286 0.290968 -1.938737 0.777377 -0.048863 0.291307
799208646 -1.259750 1.163106 -0.886385 0.865220 -0.079086 0.381364
819188854 -1.876890 1.122061 0.525828 0.835868 -0.044835 0.328287
839169062 -0.964158 0.511583 0.952622 0.820789 0.020408 0.239932
859149271 -0.396583 -0.065298 1.191660 0.785907 0.042124 0.223374
879129479 -0.730689 0.116341 0.782167 0.871668 0.013264 0.260596
899109687 -0.686246 0.111793 0.371119 0.817218 0.029070 0.233975
919089896 -0.305607 -0.094493 -0.310333 0.855386 0.035342 0.220983
939070104 -0.362499 -0.059217 -0.646718 0.911469 0.016724 0.247280
959050312 -0.729960 0.181616 -1.038140 0.913239 -0.026605 0.304682
979030521 -0.887290 0.567438 -1.487000 0.840243 -0.046026 0.293616
999010833 -0.716977 0.545409 -1.099695 0.826019 -0.040485 0.257276
1018991146 -0.563372 0.573222 -0.769947 0.751361 -0.028961 0.245596
1038971458 -0.610951 0.404995 -0.331466 0.881108 -0.015494 0.250148
1058951771 -0.737139 0.400115 -0.270670 0.869792 -0.021766 0.257974
1078932083 -0.720945 0.524717 -0.317286 0.887199 -0.032578 0.256763
1098912396 -0.610731 0.581560 -0.258521 0.803336 -0.022707 0.221189
1118892708 -0.330274 0.353177 -0.151871 0.768296 0.012308 0.187939
1138873021 0.179247 0.028426 -0.091311 0.758087 0.034628 0.136973
1158853333 0.419830 -0.013674 -0.155263 0.711367 0.022575 0.147613
1178833646 0.099544 0.218325 -0.381582 0.811432 0.003111 0.199430
1198813958 -0.246461 0.304966 0.061983 0.793578 -0.000172 0.211756
1218794271 -0.479837 0.359556 0.384097 0.826469 -0.008254 0.226310
1238774583 -0.459388 0.448658 0.602769 0.748333 -0.009105 0.214457
1258754896 -0.353571 0.359881 0.126807 0.728404 -0.004615 0.213156
1278735208 -0.295870 0.435334 -0.064326 0.801326 -0.006271 0.201553
1298715521 -0.216188 0.338551 0.222034 0.696265 0.007280 0.177164
1318695729 0.083566 0.225467 0.206839 0.644535 0.029972 0.128394
1338675937 0.500822 -0.077388 0.605024 0.631397 0.062975 0.088776
1358656146 0.626364 -0.281460 1.019235 0.653737 0.059777 0.089698
1378636354 0.318449 -0.126975 1.141607 0.762470 0.033240 0.126048
1398616562 -0.043670 0.157757 0.269123 0.767919 -0.002715 0.164857
1418596771 -0.068990 0.430410 -0.716592 0.804385 -0.021813 0.171896
1438576979 -0.066226 0.436094 -1.059918 0.733685 -0.029898 0.191993
1458557187 -0.404599 0.598854 -0.767953 0.746301 -0.042674 0.212914
1478537396 -0.367919 0.528315 -0.153446 0.656392 -0.014511 0.163604
1498517604 0.007474 0.285622 -0.151183 0.752217 -0.000945 0.142760
