0 -0.799721 0.048004 0.645267 1.009052 -0.124035 -0.002713
19979583 -0.469621 0.311701 0.032728 1.013673 -0.124035 -0.002713
39959167 0.032236 0.594731 -0.152964 0.882389 -0.170989 -0.067761
59938750 0.136944 0.707825 -0.289905 0.882389 -0.170989 -0.067761
79918333 0.017282 0.688524 -0.398171 0.907613 -0.160093 -0.031435
99897917 -0.207235 0.602762 -0.272548 0.933823 -0.158921 -0.010831
119877500 -0.389744 0.609478 -0.138096 0.980226 -0.158921 -0.010831
139857083 -0.594473 0.519854 -0.300222 0.970658 -0.151635 0.011040
159836667 -0.437104 0.420112 -0.167145 0.983104 -0.126524 -0.017654
179816250 -0.312966 0.388925 0.256120 0.983104 -0.126524 -0.017654
199795833 -0.500190 0.318792 0.525311 1.015230 -0.115287 0.001658
219775417 -0.469695 0.287865 0.598629 1.004674 -0.111202 -0.001159
239755000 -0.391824 0.510090 0.581786 0.975711 -0.133947 -0.007715
259734583 -0.277852 0.891245 0.241367 0.679328 -0.249956 -0.072188
279714167 0.254313 1.516958 -0.145451 0.679328 -0.249956 -0.072188
299693750 0.731073 1.975267 -0.406450 0.617505 -0.304054 -0.121975
319673333 0.849726 1.712889 -0.268391 0.563130 -0.276688 -0.134825
339652917 1.055464 1.357606 0.685296 0.723981 -0.225500 -0.148078
359632500 1.131377 1.421709 0.846446 0.597027 -0.237046 -0.155774
379612083 0.556502 1.572340 -0.356048 0.602297 -0.291943 -0.110952
399591667 -0.120032 1.728877 -1.139776 0.747598 -0.340363 -0.032479
419571250 -0.864713 1.831168 -0.690796 0.849225 -0.336679 0.058212
439550833 -1.421733 2.036083 -0.058160 0.922043 -0.337157 0.109201
459530417 -1.470613 2.887928 -0.126344 0.847447 -0.420772 0.107078
479510000 -1.371372 4.375332 -0.534747 0.722115 -0.566308 0.092596
499489583 -1.309152 5.599933 -0.374613 0.659908 -0.650811 0.075564
519469167 -0.864017 6.391374 -0.155639 0.590597 -0.694809 0.015013
539448750 0.011255 7.366092 -0.243220 0.444236 -0.756554 -0.092473
559428333 0.908739 8.341304 -0.531610 0.323630 -0.815840 -0.203740
579407917 0.189909 8.949608 -0.158720 0.422273 -0.831785 -0.127408
599387500 -0.608481 9.243244 -1.448845 0.490633 -0.918755 -0.043884
619367083 0.901994 8.590093 -5.255602 0.070870 -1.126630 -0.380915
639346667 1.554893 6.027917 -5.813959 -0.128914 -1.007046 -0.542094
659326250 2.325805 1.939018 -7.231419 -1.187212 0.779442 -2.339815
679305833 3.400761 -5.376952 -13.390852 -1.187212 0.779442 -2.339815
699285365 2.630484 -14.641734 -11.341521 -1.470066 1.315380 -2.058152
719264896 2.688668 -21.872639 -3.220819 -2.994112 1.259314 -0.700046
739244427 2.075161 -23.632801 1.963487 2.818930 1.143046 -0.503691
759223958 -1.362464 -15.992496 1.798048 2.284529 1.077684 -0.303444
779203490 -4.213989 -7.876763 4.244704 1.658365 0.761633 -0.018936
799183021 -4.070477 -3.069899 13.099920 1.163749 0.323689 -0.007223
819162552 -0.454689 -3.976062 20.611786 1.109053 0.258001 -0.123138
839142083 3.327515 -5.164805 10.153481 1.232962 0.387744 -0.362564
859121615 4.166813 -3.388384 -3.530196 -2.521033 0.555701 -0.957334
879101146 3.741480 -1.771623 -7.187432 -1.671781 0.478925 -1.298699
899080677 2.139184 -0.480255 -6.647703 -1.351745 0.351045 -1.094640
919060208 0.575960 -0.141875 -5.189176 0.729448 0.275038 -0.679572
939039740 -0.834577 0.274983 -4.121593 1.151420 0.170722 -0.347558
959019271 -1.090082 0.433224 -2.803006 1.139501 0.114127 -0.255948
978998802 -0.294143 0.632171 -1.698473 0.961829 0.077300 -0.339205
998978333 0.582266 0.644076 -0.555554 0.884712 0.072513 -0.407188
1018957865 0.928775 0.046935 0.766397 1.077432 0.162729 -0.387200
1038937396 0.897679 -0.403730 1.045907 1.142419 0.162729 -0.387200
1058916927 0.720655 -0.609638 1.120481 1.100266 0.178709 -0.366437
1078896458 0.656826 -0.495384 0.624645 1.022038 0.171574 -0.373115
1098875990 0.630171 -0.121374 -0.548529 0.951767 0.148904 -0.412551
1118855521 0.497514 0.230489 -1.141716 0.897829 0.119273 -0.424710
1138835052 0.374928 0.367496 -1.366856 0.939176 0.111264 -0.425771
1158814583 0.449036 0.180628 -0.660707 0.958458 0.128430 -0.408664
1178794115 0.419452 -0.007005 -0.051808 0.978652 0.145003 -0.388120
1198773646 0.338795 -0.100719 0.145591 1.004600 0.157098 -0.377272
1218753177 0.378129 -0.276544 0.739282 1.065671 0.167473 -0.361160
1238732708 0.506938 -0.229797 0.942172 1.054663 0.158936 -0.366516
1258712240 0.426096 0.006622 0.557527 0.923883 0.140627 -0.373777
1278691823 0.349479 0.049084 0.346483 1.010778 0.137581 -0.375662
1298671406 0.400531 -0.035967 0.294343 0.885564 0.143502 -0.382732
1318650990 0.452272 -0.115514 0.327097 0.937620 0.146404 -0.385535
1338630573 0.562062 -0.223707 0.193221 0.951820 0.153076 -0.396301
1358610156 0.885412 -0.067149 -0.427364 0.851200 0.140404 -0.443964
1378589740 0.948270 0.218697 -0.698386 0.945477 0.111586 -0.451032
1398569323 0.391672 0.214300 -0.300854 0.985128 0.108504 -0.371067
1418548906 0.045343 -0.008803 0.064319 1.014117 0.126862 -0.319153
1438528490 -0.055279 -0.276844 0.428811 1.119831 0.147164 -0.293620
1458508073 -0.199918 -0.663404 0.854668 1.158360 0.175461 -0.263107
1478487656 0.079615 -0.975091 0.790069 1.203640 0.201610 -0.284410
1498467240 0.611012 -0.844621 -0.152510 1.127200 0.203595 -0.352801
