0 0.645283 -0.213129 0.691396 1.009141 -0.009913 -0.017461
19980520 0.338083 -0.059738 -0.610499 0.973270 -0.054566 0.037345
39961041 -0.105653 0.480242 -0.079102 0.857874 -0.101176 0.073541
59941562 -0.292664 0.749902 0.313455 0.834818 -0.107693 0.075158
79922083 -0.212564 0.681755 0.078576 0.866238 -0.107581 0.069230
99902604 -0.159893 0.633347 -0.580091 0.932840 -0.114444 0.067753
119883125 -0.248442 0.869153 -0.697497 0.833736 -0.150865 0.088361
139863645 -0.427166 1.250361 -0.486673 0.826644 -0.186570 0.091750
159844166 -0.390108 1.586691 -0.273644 0.755342 -0.200815 0.064801
179824687 -0.176117 1.924457 -0.322480 0.671909 -0.284218 0.065222
199805208 -0.638355 3.187694 -0.696004 0.616406 -0.465920 0.128359
219785729 -0.704139 5.365685 -0.728797 0.461939 -0.653650 0.073033
239766250 -0.203999 7.521507 -1.049119 0.463300 -0.815680 0.043573
259746770 -0.010488 9.123381 -1.798548 0.394924 -0.961450 0.004160
279727291 0.268485 11.613122 -2.389239 0.323141 -1.081234 -0.041427
299707812 0.865075 13.546360 -2.654242 0.198559 -1.078627 -0.130016
319688333 1.335746 13.952709 -0.678102 0.277849 -0.933742 -0.085472
339668854 0.962163 13.655958 2.492112 0.366825 -0.770582 -0.011850
359649375 -0.294033 12.658266 5.776166 0.532747 -0.622679 0.106346
379629895 -2.828557 10.304430 7.273787 0.726455 -0.458199 0.238357
399610416 -6.752787 7.148220 6.069429 1.112832 -0.328848 0.678702
419590937 -11.766252 0.824807 -1.262108 1.252523 0.375903 1.381085
439571458 -13.366416 -12.842055 -14.916821 0.605094 0.890154 2.189235
459551979 -11.481758 -31.938177 -18.912704 0.348698 1.517340 2.463842
479532500 11.644638 -44.039986 -0.130575 -2.161060 0.977577 -0.824539
499513020 22.662090 -30.360334 15.615586 -1.363615 0.611550 -0.515992
519493541 7.074315 -10.054801 21.347504 0.564509 0.156433 0.174244
539474062 -12.954505 1.356226 18.720776 0.927404 -0.099188 0.763189
559454583 -17.056246 4.224827 0.808448 1.132311 -0.047469 1.309035
579435104 -8.012845 -2.359942 -10.211449 0.579627 1.059941 2.225507
599415625 1.819748 -6.887013 -11.827314 -1.375290 0.939128 -1.880744
619396145 5.170899 -5.287957 -11.591620 -1.296220 0.580407 -1.934952
639376666 2.274526 -0.871019 -10.209809 -0.222558 -0.262419 -0.473626
659357187 -0.143651 1.161044 -5.691478 0.793925 -0.247516 0.148227
679337708 -0.876414 1.115330 -3.637405 0.831067 -0.135662 0.157918
699318229 -0.768544 0.582291 -1.471849 0.851869 -0.042555 0.098196
719298750 -0.261389 0.234607 -0.576633 0.820073 -0.039924 0.039235
739279270 0.087185 0.342156 -0.945200 0.737956 -0.058223 0.065373
759259791 -0.376368 0.571086 -1.227504 0.826237 -0.086456 0.147914
779240312 -0.872155 0.622870 -0.742680 0.840808 -0.055560 0.164524
799220833 -0.630357 0.171200 -0.294640 0.864696 -0.002493 0.109216
819201354 -0.316534 0.018941 -0.473201 0.750745 -0.019105 0.109006
839181875 -0.192861 0.154795 -0.801837 0.814923 -0.008958 0.094606
859162395 -0.142910 0.127558 -0.926413 0.870602 -0.025986 0.129372
879142916 -0.441606 0.261198 -0.415653 0.809626 -0.017225 0.143387
899123437 -0.461341 0.144208 0.057592 0.856741 -0.004850 0.145407
919103958 -0.413880 -0.088357 1.003704 0.802222 0.019567 0.121006
939084479 -0.194958 -0.227346 1.608992 0.808306 -0.007499 0.127556
959065000 -0.264843 0.109260 0.367534 0.870543 -0.044933 0.151331
979045520 -0.346043 0.206844 0.213432 0.803464 -0.049339 0.150119
999026041 -0.191911 0.198446 0.087389 0.835128 -0.084540 0.160360
1019006562 -0.348522 0.495949 -0.834721 0.847350 -0.143700 0.220184
1038987083 -0.753051 0.876698 -1.159344 0.820050 -0.178438 0.267685
1058967604 -0.986842 1.030918 -0.957774 0.837380 -0.169683 0.274779
1078948125 -1.009898 0.906666 -0.486838 0.862889 -0.141095 0.235375
1098928645 -0.681754 0.723307 0.216341 0.773871 -0.102278 0.191983
1118909166 -0.381501 0.362653 0.549873 0.774994 -0.073455 0.158121
1138889687 -0.077428 0.168883 -0.191320 0.813589 -0.076151 0.153351
1158870208 -0.091406 0.351118 -0.188486 0.730018 -0.087460 0.150519
1178850729 -0.155164 0.404345 0.257348 0.850517 -0.070117 0.132321
1198831250 0.065078 0.189177 0.628737 0.781852 -0.037371 0.090960
1218811770 0.590972 0.002729 0.566517 0.639699 -0.022605 0.026703
1238792291 0.984661 -0.109680 0.455112 0.601409 0.000299 -0.000224
1258772812 1.084917 -0.235075 1.113848 0.633491 0.005533 0.011168
1278753333 0.497127 -0.173093 1.914453 0.772990 -0.019712 0.092203
1298733854 -0.505356 0.281320 0.825702 0.795912 -0.090666 0.176056
1318714375 -1.022073 0.816891 -0.674767 0.826896 -0.150961 0.227562
1338694895 -1.141683 1.109414 -1.091073 0.836325 -0.154518 0.216409
1358675416 -0.934254 0.906187 -0.877379 0.753981 -0.121917 0.164842
1378655937 -0.602656 0.573002 -0.616443 0.829492 -0.074971 0.125475
1398636458 -0.336152 0.202074 -0.397914 0.885295 -0.054844 0.112759
1418616979 -0.404075 0.270799 -0.429869 0.795426 -0.078661 0.124647
1438597500 -0.528414 0.422622 -0.526643 0.898239 -0.069817 0.134330
1458578020 -0.517180 0.183983 -0.040681 0.863646 -0.029093 0.102768
1478558541 -0.207768 -0.151867 0.249182 0.780607 -0.002084 0.065286
1498539062 0.102113 -0.270777 0.333766 0.752515 -0.010796 0.038403
1518519583 0.109631 -0.121619 -0.078786 0.801478 -0.024593 0.066540
