0 -0.463446 0.725195 0.105519 1.118104 -0.178137 0.147939
19980104 -0.216858 1.188119 -0.330589 0.957634 -0.234059 0.116472
39960208 0.310456 1.790230 -0.006166 0.861918 -0.279286 0.074465
59940312 0.395937 2.343761 0.303564 0.801291 -0.331950 0.081308
79920416 -0.079783 2.909488 -0.063663 0.764959 -0.379477 0.141230
99900521 -0.811646 3.312900 -0.002068 0.889988 -0.397958 0.203001
119880625 -1.126268 3.786834 0.646194 0.713645 -0.448240 0.099465
139860781 0.104374 4.582530 0.217280 0.585030 -0.531067 0.018960
159840989 -0.445986 5.144815 -0.614103 0.755570 -0.600510 0.183880
179821198 -2.049826 4.867543 -0.938299 0.947619 -0.509502 0.297498
199801406 -3.012038 4.693125 0.185176 0.910756 -0.453603 0.225184
219781614 -1.711925 5.212935 1.618766 0.724171 -0.490739 0.069284
239761823 -0.803825 6.503593 2.422940 0.711708 -0.557013 0.050090
259742031 -1.385065 7.761796 2.629866 0.708386 -0.638946 0.094362
279722239 -1.705220 9.091827 1.940482 0.672542 -0.765418 0.063037
299702448 -0.901756 9.387988 0.265006 0.624340 -0.766184 -0.014746
319682656 -0.547636 8.582136 1.283020 0.635928 -0.655701 -0.034816
339662864 -0.627884 6.968462 1.472044 0.680474 -0.617890 -0.013407
359643073 -0.412711 4.692552 -1.575233 0.579139 -0.534262 -0.178889
379623281 1.145250 2.243038 -1.553217 0.690026 -0.220814 -0.264300
399603489 1.839352 0.855707 2.045148 0.862341 -0.100777 -0.339551
419583698 4.679746 -1.809187 0.218795 -2.251007 0.265002 -0.850758
439563906 8.342302 -8.195338 -4.554771 -2.195404 0.724477 -1.380320
459544114 12.203609 -18.349714 -8.353499 -2.143615 0.950641 -1.607026
479524323 10.891182 -25.815014 -11.521750 -2.071309 1.232868 -1.801679
499504531 -3.212375 -18.368732 -7.736524 1.462502 0.756103 1.011380
519484739 -21.561340 -8.624795 5.924838 1.582067 0.325547 0.732273
539464948 -22.086103 -13.368185 32.000813 1.673365 0.265692 0.191826
559445156 3.169734 -10.683581 21.940817 2.874343 0.487671 -0.392935
579425312 4.421641 -7.640507 -8.789911 -1.386626 0.243287 -2.800598
599405416 4.104373 -1.626558 -26.630459 -1.611836 -0.025588 -2.660373
619385521 9.145318 0.351966 -18.290657 -1.523058 -0.184786 -1.566649
639365625 6.713593 1.412182 -2.632535 1.024133 -0.065681 -0.359601
659345729 0.618077 -1.065368 0.278439 1.686778 0.150606 0.194593
679325833 -3.915713 -1.278744 0.924448 1.618849 0.128074 0.300804
699305937 -3.148687 -1.131800 3.328261 1.565560 0.095213 0.082721
719286041 -0.184013 -0.730384 3.464093 1.471256 0.067190 -0.109870
739266146 0.854930 -0.308341 0.639905 1.424973 0.063005 -0.169537
759246250 0.937348 -0.079341 -1.295641 1.400035 0.037344 -0.257007
779226354 1.951448 0.198690 -1.135250 1.134439 0.007296 -0.311240
799206458 2.307241 0.398241 0.014942 1.096227 0.012559 -0.273412
819186562 1.691523 0.319544 0.358134 1.316962 0.039034 -0.209858
839166666 1.135202 0.041661 0.449529 1.378614 0.063888 -0.153027
859146771 0.960174 -0.063427 1.195011 1.284832 0.058715 -0.151883
879126875 1.067990 0.182534 1.285702 1.316206 0.038651 -0.146964
899106979 0.727445 0.370579 0.665570 1.265242 0.028213 -0.127976
919087083 0.723426 0.320684 0.470101 1.262110 0.034719 -0.152108
939067187 1.167899 0.347063 0.707453 1.159160 0.027729 -0.208363
959047291 1.425913 0.500435 0.660232 1.207628 0.010022 -0.191516
979027396 1.241398 0.509328 0.678294 1.182119 0.008302 -0.178749
999007500 1.062570 0.549677 0.400977 1.181482 0.006542 -0.175222
1018987604 0.855569 0.471652 0.001268 1.264278 0.014288 -0.157295
1038967708 0.811308 0.412981 -0.516822 1.203886 -0.001234 -0.168954
1058947812 0.774752 0.615927 -0.755639 1.057290 -0.013816 -0.166928
1078927916 0.697547 0.648150 -0.767128 1.196362 -0.008104 -0.138930
1098908021 0.445850 0.408284 -0.686791 1.287231 0.015075 -0.089098
1118888125 -0.059385 0.332201 -0.186954 1.267317 0.033190 -0.070518
1138868281 -0.037841 0.167922 0.148984 1.366364 0.033560 -0.054105
1158848489 -0.111027 0.148096 0.205873 1.396077 0.035897 -0.083639
1178828698 0.071221 0.262330 -0.142645 1.344815 0.018238 -0.076273
1198808906 -0.007590 0.278399 -0.360705 1.373675 0.024211 -0.075319
1218789114 -0.083366 0.268073 -0.253303 1.350031 0.020098 -0.072916
1238769323 -0.077840 0.372686 -0.107824 1.295305 0.015286 -0.067898
1258749531 -0.214353 0.314022 -0.003304 1.368270 0.028988 -0.040598
1278729739 -0.441429 0.129005 0.367399 1.410428 0.045871 -0.018467
1298709948 -0.695414 0.054286 0.608199 1.490833 0.048162 -0.003058
1318690156 -0.600993 0.120413 0.233760 1.367620 0.033400 -0.026227
1338670364 -0.377242 0.258952 0.061585 1.393650 0.026499 -0.038186
1358650573 -0.320332 0.229461 0.142194 1.386622 0.037178 -0.028871
1378630781 -0.533283 0.100512 0.098463 1.364100 0.038296 -0.013401
1398610989 -0.513204 0.160031 -0.101000 1.444764 0.046265 -0.026551
1418591198 -0.358672 -0.034541 0.298723 1.409156 0.055519 -0.038976
1438571406 -0.139830 -0.062866 0.407752 1.477631 0.047389 -0.064220
1458551614 -0.022328 0.079860 0.013756 1.333525 0.028777 -0.070575
1478531823 -0.003337 0.223315 -0.321751 1.263454 0.014033 -0.083864
1498512031 0.147870 0.201248 -0.162642 1.391517 0.023808 -0.096584
