0 -0.146174 0.639516 -0.010445 0.997546 -0.089266 -0.024590
19980104 -0.367059 0.834912 1.168454 0.888008 -0.103593 -0.030528
39960208 -0.364921 1.027598 1.229767 0.945524 -0.134868 -0.024452
59940312 -0.431705 1.392033 0.706105 0.815212 -0.209084 -0.012126
79920417 -0.623425 2.280759 0.016026 0.732677 -0.325975 0.005667
99900521 -0.742709 3.254693 -0.595860 0.737245 -0.424873 0.062051
119880625 -1.372062 4.027199 -0.098464 0.767476 -0.416169 0.112975
139860729 -1.826625 3.998119 1.151262 0.860395 -0.373766 0.181838
159840833 -2.641850 3.769534 0.753758 0.930746 -0.435398 0.274310
179820937 -3.006778 4.272256 -0.676784 0.912735 -0.522401 0.294583
199801042 -2.389790 4.318380 -1.119405 0.825906 -0.502234 0.195440
219781146 -1.631636 4.185123 -0.220648 0.681863 -0.508325 0.089454
239761250 -0.505092 4.945654 -0.258491 0.417063 -0.629303 -0.120957
259741354 2.063961 5.845873 -1.652205 0.028247 -0.707799 -0.395061
279721458 2.511799 6.341740 -1.442830 0.272670 -0.663150 -0.211984
299701562 0.966297 6.647393 0.599420 0.377156 -0.620916 -0.126754
319681667 1.432561 6.955312 0.992407 0.284266 -0.637112 -0.234202
339661771 2.033261 6.938572 0.713046 0.381552 -0.664191 -0.210820
359641875 0.167616 6.861321 -0.971149 0.576325 -0.867102 0.006308
379621979 -1.695167 7.097050 -3.503645 0.768679 -0.905653 0.211893
399602083 -1.563980 3.734888 -4.055315 0.439611 -0.404032 -0.272996
419582187 3.247787 -2.371094 -3.313438 -2.369696 0.457384 -0.834186
439562292 9.153700 -11.355309 -2.867016 -2.082899 0.784224 -1.328743
459542396 10.380989 -19.988169 -9.781326 -1.789620 1.106753 -1.941356
479522500 3.143086 -24.147625 -11.625774 3.075478 1.312722 -0.745472
499502604 -3.717124 -18.612261 7.551593 1.564491 0.360254 0.213293
519482708 -15.273056 -6.510973 28.706379 1.487070 0.271911 0.309584
539462812 -15.823294 -13.826778 37.348179 1.566102 0.356987 0.116806
559442917 0.585090 -11.403905 6.605695 -2.440513 0.869395 -1.277583
579423021 4.500790 -4.979585 -16.001860 -1.426288 0.066972 -2.443650
599403125 9.086691 0.883402 -22.432333 -1.425518 -0.248581 -2.249559
619383229 8.386512 4.447771 -13.892437 -1.080428 -0.327486 -1.503566
639363333 4.964609 0.678225 -3.352610 1.276429 0.123900 -0.480839
659343437 -0.897585 -3.071400 4.734216 1.521295 0.235920 -0.040262
679323542 -3.477426 -3.650386 7.765781 1.490598 0.196532 -0.000595
699303646 -2.544729 -2.317386 4.824641 1.349396 0.107154 -0.156774
719283750 -0.162667 -0.635422 0.433832 0.706573 -0.031265 -0.517661
739263854 2.013942 0.405785 -2.843231 -0.341002 -0.098739 -0.837939
759243958 3.020572 0.341962 -3.647936 -0.303373 -0.056349 -0.809614
779224062 2.805064 0.022567 -1.980294 0.474922 -0.026597 -0.632157
799204167 2.034939 -0.011048 -0.536721 0.916415 -0.023662 -0.470376
819184271 0.814434 -0.120475 0.519991 1.078748 -0.012078 -0.343057
839164375 0.272604 -0.237369 0.761270 1.101415 -0.002070 -0.337340
859144479 0.260927 -0.327365 -0.310968 1.040580 -0.009518 -0.384875
879124583 0.288814 -0.231636 -1.219278 0.968117 -0.037024 -0.397033
899104687 0.477122 0.137936 -1.023219 0.955656 -0.070786 -0.421504
919084792 0.833972 0.345916 -0.480265 0.864667 -0.072930 -0.410789
939064896 0.675681 0.317367 -0.350511 0.887151 -0.069789 -0.400216
959045000 0.620981 0.356388 0.085073 1.028035 -0.064566 -0.382358
979025104 0.755104 0.251203 0.782923 1.021500 -0.051875 -0.364748
999005208 0.589279 0.154455 0.546365 0.906207 -0.053927 -0.389763
1018985312 0.563210 0.181625 -0.131370 0.992686 -0.066646 -0.369594
1038965469 0.134801 0.248709 -0.204707 1.028278 -0.064372 -0.314286
1058945677 -0.416554 0.195568 0.030355 1.036596 -0.069920 -0.265683
1078925885 -0.543266 0.270185 0.158747 1.110909 -0.072179 -0.264591
1098906094 -0.565270 0.198451 0.336257 1.109554 -0.059115 -0.257164
1118886302 -0.518048 0.099197 0.378319 1.092804 -0.064913 -0.293616
1138866510 -0.017802 0.178146 0.035018 1.070934 -0.072479 -0.353058
1158846719 0.118618 0.178322 -0.400489 1.020655 -0.073259 -0.365119
1178826927 0.175554 0.191302 -0.378972 1.017653 -0.085628 -0.348890
1198807135 0.051111 0.297466 -0.190435 0.997831 -0.092177 -0.338495
1218787344 -0.086138 0.261619 -0.284307 1.136813 -0.080250 -0.322620
1238767552 -0.279993 0.065771 -0.335630 1.066223 -0.058939 -0.316474
1258747760 -0.144631 0.006530 0.051514 1.066067 -0.061533 -0.312203
1278727969 -0.238600 0.035407 -0.035671 1.096721 -0.070384 -0.298358
1298708177 -0.457902 0.132812 -0.179249 1.154090 -0.086702 -0.298768
1318688385 -0.150945 0.238101 -0.093346 1.100956 -0.085219 -0.333764
1338668594 -0.049498 0.157977 -0.368493 1.011488 -0.079776 -0.336984
1358648698 -0.125630 0.148933 -0.245456 1.146086 -0.079838 -0.317396
1378628802 -0.188692 0.170934 0.140844 1.106025 -0.085023 -0.304436
1398608906 -0.143095 0.281991 0.099383 1.033402 -0.091904 -0.336888
1418589010 0.114362 0.224684 -0.055653 1.031493 -0.081448 -0.354796
1438569115 0.011944 0.144606 -0.346743 1.046365 -0.082891 -0.346466
1458549219 -0.096007 0.164656 -0.330401 1.087742 -0.091159 -0.330192
1478529323 -0.126717 0.274258 -0.032072 1.124921 -0.087727 -0.318803
