0 -0.068728 0.111888 0.313296 0.970423 -0.074764 -0.050714
19979584 -0.282968 0.057207 0.162853 0.929100 -0.083837 -0.022403
39959167 -0.285740 0.152776 -0.136010 0.889863 -0.103587 -0.045708
59938750 -0.030693 0.344609 -0.166597 0.883738 -0.103587 -0.045708
79918334 0.148628 0.289810 0.166506 0.899288 -0.094633 -0.061159
99897917 0.096326 0.297487 0.282338 0.926450 -0.096343 -0.056073
119877500 0.118647 0.292288 -0.002739 0.912691 -0.101112 -0.063177
139857084 0.088464 0.353574 -0.278931 0.823550 -0.112251 -0.065111
159836667 0.090703 0.350612 -0.348273 0.872159 -0.113208 -0.067735
179816250 0.020239 0.463716 -0.188638 0.819098 -0.124433 -0.059560
199795834 0.075267 0.407300 0.254685 0.817621 -0.115446 -0.064577
219775417 0.308457 0.132585 0.058227 0.872072 -0.099094 -0.071293
239755000 0.060428 0.197251 -0.072450 0.923126 -0.093394 -0.029406
259734584 -0.337792 0.173677 0.371564 0.884083 -0.137605 -0.037245
279714167 -0.231990 0.592732 0.433843 0.686357 -0.235019 -0.081766
299693750 0.244041 1.491009 0.243231 0.730628 -0.235019 -0.081766
319673334 -0.011367 2.357739 0.411942 0.645817 -0.318307 -0.049638
339652917 -0.462372 3.338388 -0.028160 0.550843 -0.623192 0.035584
359632500 -0.765018 4.871319 -1.371604 0.583244 -0.623192 0.035584
379612084 -0.369639 6.040491 -1.228365 0.497195 -0.699820 -0.023034
399591667 0.227004 7.373362 -0.055027 0.434346 -0.704121 -0.086788
419571250 0.194257 8.812934 1.825098 0.485745 -0.704121 -0.086788
439550834 -0.091813 9.942215 3.242768 0.506001 -0.769469 -0.013906
459530417 -0.569981 11.389601 3.224974 0.479552 -0.769469 -0.013906
479510000 -0.012271 12.951443 1.263307 0.455358 -0.960415 0.015601
499489584 -0.686556 12.161521 -0.334763 0.462022 -0.960415 0.015601
519469167 -2.839379 9.669473 -0.535452 0.706836 -0.864684 0.238063
539448750 1.631543 5.378375 -6.570405 -0.206646 -1.055048 -0.646369
559428334 7.989862 -4.522409 -10.359788 -1.543944 0.343562 -1.656911
579407917 9.732258 -17.917116 -7.840773 -1.795716 1.224684 -1.817849
599387500 7.998257 -28.521437 -11.904490 0.241902 1.422262 2.278244
619367084 -5.594036 -31.401951 -12.475584 0.215173 1.422262 2.278244
639346667 -18.621555 -11.701578 19.339085 1.337110 0.300340 0.118921
659326250 -9.813572 -16.534101 48.878387 1.390164 0.300340 0.118921
679305834 0.929100 -12.969864 16.974804 -1.420475 0.569058 -2.080964
699285417 8.124360 -7.807433 -15.297562 -1.449965 0.569058 -2.080964
719265000 10.840425 -4.162826 -15.207169 -1.281042 -0.354708 -1.608771
739244584 7.654993 1.720139 -9.989782 -1.488023 -0.737620 -1.989444
759224167 3.767780 2.724427 -11.457208 -1.508851 -0.737620 -1.989444
779203750 -0.816287 1.763840 -9.492866 1.124129 -0.138498 0.132530
799183334 -1.512312 0.049214 -2.829566 1.124129 -0.138498 0.132530
819162969 -1.285533 -1.649084 1.527441 1.382782 0.085276 0.016804
839142605 -1.408463 -1.648073 1.969921 1.382782 0.085276 0.016804
859122240 -0.234130 -0.684589 1.419303 1.248805 0.005699 -0.104919
879101875 1.321051 -0.276041 1.345413 0.954819 -0.031413 -0.252180
899081511 2.155540 0.003422 0.331475 0.662212 -0.053513 -0.346124
919061146 1.872977 -0.131266 -0.675145 0.662212 -0.053513 -0.346124
939040782 0.553756 -0.372154 0.057302 1.062567 -0.054745 -0.089614
959020417 -0.138148 -0.082844 0.642813 1.052489 -0.054745 -0.089614
979000053 -0.777612 0.139652 -0.181409 1.028529 -0.082947 -0.028660
998979688 -1.026487 0.171619 -0.855126 1.049672 -0.087763 -0.007374
1018959323 -0.659052 0.035522 -0.217779 1.111912 -0.061515 -0.056333
1038938959 -0.264953 -0.133784 0.565152 0.980329 -0.035576 -0.103155
1058918594 0.268649 -0.123836 0.957480 1.053902 -0.032237 -0.159302
1078898230 0.786807 -0.168501 0.968145 0.945711 -0.026574 -0.210918
1098877865 1.142623 -0.058800 0.942704 0.883653 -0.037015 -0.242814
1118857500 1.388965 0.179051 0.611557 0.807183 -0.062950 -0.253901
1138837136 1.140311 0.134611 -0.056574 0.709988 -0.062950 -0.253901
1158816771 0.486123 -0.021977 -0.228247 0.837638 -0.049540 -0.184340
1178796407 0.286485 0.043472 -0.383069 0.974893 -0.057687 -0.163698
1198776042 -0.058040 0.117424 -0.638218 0.997240 -0.065949 -0.131816
1218755678 -0.225813 0.008271 -0.493669 1.091690 -0.039276 -0.130848
1238735313 -0.049717 -0.045693 0.168408 1.078233 -0.028754 -0.137234
1258714948 0.001188 -0.135362 0.441282 1.078233 -0.028754 -0.137234
1278694584 0.056338 -0.116941 0.126466 1.000709 -0.032005 -0.155938
1298674219 0.138700 -0.098060 0.133574 1.000709 -0.032005 -0.155938
1318653855 0.043230 -0.125675 0.306853 0.967892 -0.029588 -0.141845
1338633490 -0.243731 -0.069293 0.242799 1.024678 -0.058968 -0.122199
1358613125 -0.177776 0.123801 0.046986 0.972920 -0.058968 -0.122199
1378592709 -0.282752 0.124987 -0.208570 0.988562 -0.060633 -0.115981
1398572292 -0.695000 -0.202782 -0.464783 1.163013 -0.023980 -0.078782
1418551875 -1.092086 -0.262789 -0.924806 1.202908 -0.003336 -0.060663
1438531459 -1.092154 -0.207753 -1.162521 1.201856 0.018953 -0.104818
1458511042 -0.776096 -0.280260 -0.454117 1.201856 0.018953 -0.104818
1478490625 -0.183179 -0.910719 0.703082 1.318529 0.141500 -0.126439
1498470209 -0.507681 -1.530463 1.430939 1.318529 0.141500 -0.126439
