0 0.115231 -0.085188 0.906711 0.789646 -0.008306 -0.093845
19980521 -0.020697 0.022541 0.246192 0.865420 -0.040036 -0.058010
39961042 -0.652940 0.509489 -0.023729 0.905220 -0.095200 0.000741
59941563 -0.686986 0.774652 0.316670 0.824530 -0.081150 -0.038908
79922084 -0.242674 0.477685 0.159413 0.844467 -0.062390 -0.074170
99902605 -0.064011 0.373272 -0.002889 0.744063 -0.057684 -0.088171
119883125 -0.093336 0.441134 0.026764 0.876692 -0.077675 -0.073463
139863646 -0.255148 0.678416 -0.191850 0.766822 -0.101491 -0.075862
159844167 -0.250707 0.780683 -0.457640 0.782192 -0.102567 -0.087337
179824688 -0.103628 0.707773 -0.755035 0.725089 -0.099246 -0.095166
199805209 -0.264297 0.780926 -0.938924 0.735446 -0.122777 -0.053161
219785730 -0.737972 1.309190 -0.445774 0.759408 -0.203880 0.008121
239766250 -1.184537 2.405030 -0.150897 0.715963 -0.300472 0.011776
259746771 -0.620900 3.308916 -0.185857 0.539139 -0.380929 -0.096004
279727292 0.766021 4.474353 0.314752 0.287534 -0.457134 -0.209628
299707813 1.593049 5.880474 1.191177 0.250599 -0.524217 -0.214184
319688334 1.714873 7.239737 1.400929 0.217309 -0.682630 -0.213938
339668855 1.896211 10.230353 0.206805 0.121027 -0.890741 -0.252032
359649375 2.488107 13.072518 0.294260 0.091068 -0.906327 -0.285876
379629896 3.337151 14.861090 2.675841 0.115936 -0.834958 -0.255263
399610521 3.211788 15.263805 5.628394 0.242206 -0.787073 -0.146460
419591146 0.823632 14.391196 5.231309 0.403412 -0.803750 0.002611
439571771 -1.583511 11.780746 2.377975 0.621973 -0.781062 0.182996
459552396 -3.771796 6.929079 -0.587845 1.063807 -0.581130 0.607147
479533021 -7.741752 0.380867 -4.802024 1.290077 0.299742 1.616233
499513646 -15.622452 -9.524178 -17.660599 0.663301 0.630302 2.178550
519494271 -15.061527 -24.333670 -19.308580 0.640559 1.402413 2.081806
539474896 7.571278 -43.950966 -2.420109 -2.434743 1.059549 -0.849908
559455521 23.945675 -36.129883 13.525454 -1.971682 0.682204 -0.593391
579436146 7.124264 -11.742800 19.550007 0.768910 0.121035 0.223334
599416771 -14.313494 3.044919 18.535172 0.921154 -0.122000 0.772683
619397396 -17.229351 2.944378 2.778604 1.152295 0.064656 1.057801
639378021 -4.066399 -3.989479 -5.800316 -2.498564 1.249889 -0.745166
659358646 5.054969 -7.535031 -9.803991 -1.497557 0.893539 -1.674598
679339271 2.591195 -3.032562 -9.399198 1.637666 0.380869 0.174612
699319896 -2.073734 0.472687 -5.068731 0.988031 -0.179628 0.453520
719300521 -2.585357 1.057127 -1.539310 0.910469 -0.064688 0.235906
739281146 -0.659616 -0.344502 -0.594739 0.792307 0.017589 0.028721
759261771 0.171732 -0.008828 -2.326911 0.676605 -0.138341 0.054203
779242396 -0.066369 0.724085 -2.872045 0.796748 -0.144424 0.086054
799223021 -0.334423 0.451724 -2.605471 0.929578 -0.119721 0.158094
819203646 -0.975937 0.485223 -1.566490 0.890729 -0.106940 0.196216
839184271 -0.878201 0.340712 -0.948563 0.895164 -0.052073 0.116394
859164896 0.063375 -0.196908 -1.343512 0.792124 -0.027299 0.051636
879145521 0.111241 -0.082564 -1.708874 0.872163 -0.041290 0.072371
899126146 0.110677 -0.149742 -2.005920 0.990349 -0.037983 0.110594
919106771 -0.364530 -0.019293 -1.311178 0.979259 -0.045704 0.174767
939087396 -0.787106 0.034392 -1.174431 0.938742 -0.065152 0.210368
959068021 -0.981245 0.402542 -1.195878 0.878268 -0.087064 0.209824
979048646 -0.723388 0.371541 -0.499924 0.857120 -0.067329 0.166138
999029271 -0.540698 0.356441 -0.200035 0.793034 -0.078864 0.171014
1019009896 -0.640368 0.522284 0.053560 0.897280 -0.077712 0.176874
1038990521 -0.785221 0.444342 0.506134 0.882473 -0.057037 0.171882
1058971146 -0.556216 0.216825 0.518337 0.892637 -0.047056 0.152019
1078951771 -0.487970 0.293866 0.044582 0.894913 -0.079853 0.166707
1098932396 -0.721651 0.758908 -0.274053 0.857191 -0.119518 0.205577
1118913021 -0.786015 0.826083 -0.346179 0.779489 -0.091484 0.177576
1138893646 -0.481948 0.529394 0.003239 0.776453 -0.065090 0.161881
1158874271 -0.347360 0.299923 -0.322620 0.840589 -0.043722 0.148704
1178854896 -0.079663 0.305578 -1.292110 0.746129 -0.067017 0.140348
1198835521 0.267786 0.394717 -1.148787 0.756490 -0.039807 0.103187
1218816146 0.655809 -0.006439 -0.323660 0.844655 0.010639 0.087637
1238796771 0.643404 -0.377871 0.520447 0.736702 0.020383 0.122474
1258777396 0.070719 -0.020287 0.744536 0.835728 -0.046928 0.196956
1278758021 -0.796658 0.861943 1.172858 0.778591 -0.103794 0.240494
1298738646 -0.823336 0.987170 1.542470 0.787161 -0.060983 0.203304
1318719271 -0.264799 0.301491 1.637727 0.680933 -0.012214 0.158329
1338699896 -0.022541 -0.033370 1.281051 0.820983 0.000290 0.144332
1358680521 0.212091 -0.076994 0.490383 0.663391 -0.012845 0.139589
1378661146 -0.015257 0.189481 -0.187601 0.816453 -0.054404 0.181326
1398641771 -0.334689 0.497303 -0.296227 0.756156 -0.067335 0.198820
1418622396 -0.466834 0.519678 -0.218878 0.815642 -0.069409 0.195512
1438603021 -0.375659 0.464727 0.105726 0.847052 -0.042624 0.157929
1458583646 -0.039216 0.174295 0.353587 0.834964 -0.028715 0.131142
1478564271 -0.009657 0.219965 0.107678 0.773261 -0.043144 0.135053
1498544896 -0.138658 0.241750 0.004235 0.858920 -0.041888 0.147106
