0 -0.198270 -0.100941 1.791033 1.292052 -0.052473 -0.051518
19980104 -0.187452 0.329729 0.895622 1.171749 -0.117084 -0.074651
39960208 -0.088055 0.897824 0.203454 1.041454 -0.180710 -0.046437
59940416 -0.544299 1.237715 -0.056392 1.114949 -0.218089 -0.028448
79920625 -0.528017 1.480647 -0.778037 0.986529 -0.268609 -0.048795
99900833 -0.288039 1.736062 -1.307944 0.935914 -0.314283 -0.065411
119881041 -0.303477 2.287278 -1.333850 0.931550 -0.366073 -0.002495
139861250 -0.992422 3.024478 -0.654175 0.964842 -0.415585 0.111273
159841458 -1.857679 4.211343 0.144681 0.941212 -0.494548 0.191566
179821666 -2.623407 5.782146 0.198294 0.943484 -0.609085 0.299492
199801875 -4.154151 8.173801 0.772937 0.926329 -0.701485 0.404157
219782083 -5.310419 10.638687 1.640746 0.918724 -0.766553 0.404880
239762291 -5.211374 13.106812 2.281182 0.850344 -0.871028 0.342519
259742500 -4.111202 15.050215 2.084025 0.700045 -0.929986 0.201407
279722708 -2.524886 14.762291 2.095387 0.622007 -0.896426 0.108533
299702916 -2.272313 12.273623 2.908146 0.686758 -0.694931 0.068573
319683125 -2.206446 6.748310 3.826646 0.791720 -0.452821 -0.000426
339663333 3.260391 0.699366 -4.181996 -1.462985 -0.056759 -1.711667
359643541 16.046955 -4.512788 -13.954882 -1.586718 0.326773 -1.668328
379623750 10.410602 -11.098008 -5.889407 -2.682375 0.906420 -0.918900
399603958 5.080287 -19.876535 -2.677872 -2.696191 1.220572 -1.029859
419584166 4.077961 -26.108576 -7.154970 2.847055 1.421497 -0.315102
439564375 -6.442030 -21.923962 -1.466170 1.807781 0.812483 0.617179
459544583 -12.050407 -11.915329 8.740642 1.610661 0.393225 0.409608
479524791 -7.916742 -6.152641 12.159022 1.570683 0.342004 0.104878
499505000 0.556186 -6.070260 10.404491 2.071958 0.353885 -0.451551
519485208 7.805080 -3.635004 1.459205 -1.477410 0.276795 -1.093270
539465416 6.776994 -1.094577 -7.134940 -1.433088 0.236073 -1.310303
559445625 2.390247 -0.326650 -5.809063 1.355596 0.193946 -0.298100
579425833 -1.985400 -0.549362 -1.746780 1.436893 0.228516 0.215328
599406041 -4.381562 -1.094369 -0.897946 1.412164 0.244529 0.241483
619386250 -3.484652 -0.927832 -0.615880 1.427480 0.201246 -0.014273
639366458 -0.486888 -0.664244 -0.265811 1.217633 0.152886 -0.340887
659346666 1.460599 -0.265332 -0.463886 0.967908 0.092100 -0.422435
679326875 1.367152 0.292404 -0.540099 1.002310 0.071078 -0.376575
699307083 0.915572 0.330898 0.252659 1.134051 0.065550 -0.300627
719287291 0.785528 0.076715 0.853745 1.152777 0.079830 -0.276466
739267500 0.523360 0.000427 0.544938 1.162891 0.084740 -0.261126
759247708 0.401827 -0.098099 0.100229 1.136559 0.086212 -0.253042
779227916 0.261411 0.111381 -0.257703 1.061718 0.039316 -0.242250
799208125 0.475173 0.359570 -0.531196 1.002025 0.027431 -0.294174
819188333 0.625366 0.468228 -0.847553 0.937581 0.012126 -0.282266
839168541 0.449737 0.492163 -0.398609 1.127634 0.029327 -0.264772
859148750 0.679556 0.208565 0.345675 1.096588 0.044467 -0.288860
879128958 0.899215 0.127688 0.351351 1.075375 0.041105 -0.293272
899109166 0.679495 0.249765 0.042733 1.015721 0.022171 -0.270999
919089375 0.455348 0.410118 0.204093 1.032026 0.007034 -0.227769
939069583 0.162865 0.336550 0.733861 1.112164 0.016875 -0.205022
959049791 -0.075943 0.345288 0.101088 1.115933 0.004155 -0.198574
979030000 -0.226776 0.403927 -0.507466 1.095156 -0.000978 -0.197888
999010208 -0.161873 0.443919 -0.519923 1.104071 -0.004815 -0.208572
1018990416 0.126866 0.453826 -0.264980 0.973013 -0.006381 -0.235868
1038970625 0.303159 0.479266 0.012869 1.056763 -0.005064 -0.230017
1058950833 0.171911 0.302398 -0.052633 1.126257 0.012601 -0.215954
1078931041 -0.073293 0.184193 -0.294351 1.090013 0.008599 -0.199754
1098911250 -0.094219 0.241873 -0.610569 1.087221 0.001149 -0.206794
1118891458 -0.180702 0.229480 -0.792123 1.192421 0.008814 -0.173269
1138871666 -0.539915 0.124396 -0.367711 1.147692 0.019551 -0.133685
1158851875 -0.633435 0.051690 -0.330970 1.229105 0.025994 -0.154062
1178832083 -0.418159 0.045894 -0.517435 1.121603 0.019056 -0.170387
1198812291 -0.390568 0.196738 -0.298435 1.149802 -0.006020 -0.171887
1218792500 -0.202517 0.365142 -0.131807 1.074278 -0.003667 -0.205972
1238772708 0.120339 0.268181 0.013872 1.032097 -0.001644 -0.223529
1258752916 0.194317 0.307859 -0.028438 1.105266 -0.002174 -0.237033
1278733125 0.257624 0.163458 -0.183898 1.114414 0.013791 -0.223652
1298713333 -0.053830 0.177021 -0.058036 1.231100 0.003527 -0.181533
1318693541 -0.218606 0.200342 0.158753 1.131007 -0.003555 -0.170608
1338673750 -0.068581 0.287599 0.179196 1.012632 -0.011587 -0.196449
1358653958 0.075030 0.303219 -0.273865 1.032177 -0.019463 -0.203977
1378634739 0.076106 0.379997 -0.458925 1.080978 -0.023109 -0.206517
1398615468 0.052874 0.330458 -0.209093 1.070551 -0.014031 -0.188883
1418595677 -0.058617 0.254774 0.114962 1.113338 -0.005825 -0.185236
1438575885 0.068694 0.202552 -0.000275 0.992679 0.000562 -0.209366
1458556093 0.217351 0.135478 0.151989 1.089960 0.005742 -0.195380
1478536302 0.058347 0.097860 0.553393 1.159006 0.013198 -0.174653
1498516510 -0.113929 -0.007872 0.401889 1.194362 0.012602 -0.165882
