0 -0.063853 0.020499 0.403975 0.869454 -0.020707 0.042545
19980208 -0.077328 0.197053 0.253813 0.873646 -0.039573 0.044942
39960416 -0.183614 0.338308 0.381425 0.916187 -0.053927 0.048173
59940625 -0.257771 0.482982 0.333151 0.910143 -0.071470 0.063940
79920833 -0.394598 0.607711 0.041944 0.941559 -0.081975 0.054693
99901041 -0.308030 0.657604 0.098372 0.908260 -0.088770 0.050930
119881250 -0.251179 0.746805 0.105172 0.794809 -0.101920 0.040617
139861458 -0.198458 0.835177 0.102729 0.754112 -0.114130 0.031875
159841666 -0.054606 0.944039 0.038136 0.713548 -0.138118 0.024424
179821875 -0.262976 1.480342 -0.035698 0.658025 -0.245365 0.062981
199802083 -0.478903 2.801475 -0.218597 0.655793 -0.394749 0.071444
219782291 -0.499511 4.297716 -0.969695 0.501979 -0.575008 0.064398
239762500 0.163793 6.238408 -0.849849 0.349588 -0.692708 -0.044923
259742708 1.496269 8.680439 0.400255 0.180378 -0.742069 -0.174480
279722916 3.767191 10.514702 2.071531 -0.087985 -0.735230 -0.369248
299703125 5.934204 11.983741 2.570437 -0.095793 -0.820448 -0.424699
319683333 3.743649 15.012498 1.049763 0.228026 -1.061329 -0.147317
339663541 1.150130 17.486328 -0.158823 0.096206 -1.074193 -0.265480
359643750 3.686610 14.851570 -0.314747 -0.058466 -0.948661 -0.475992
379623958 1.774266 8.065966 -3.514353 1.319882 -1.084714 0.924196
399604166 -11.177259 4.631441 -11.330780 1.526394 -0.184232 1.894692
419584375 -18.420546 -5.050145 -17.062603 0.971488 0.620988 1.955326
439564583 -12.694709 -23.984903 -12.037716 1.680417 1.245331 1.107833
459544791 -5.601139 -33.476200 1.562488 2.458235 1.120045 0.270883
479525104 -0.697547 -31.052132 11.946519 2.608215 0.807164 -0.090679
499505416 8.490382 -18.084057 20.175583 -0.559070 0.490143 -0.397568
519485729 11.681291 -10.962622 14.435802 0.066592 0.466556 -0.315592
539466041 2.146572 -5.423836 7.777493 1.018416 0.353505 0.256501
559446354 -6.152912 -2.130912 -0.983378 1.209864 0.252944 1.111715
579426666 -7.030552 -0.868790 -8.919716 1.053914 0.213837 1.765690
599406979 -2.589356 0.035780 -11.529881 0.995870 -0.054197 2.297179
619387291 0.644381 1.356430 -9.989873 -0.302893 -0.586917 -0.499814
639367604 1.818085 1.428810 -7.201261 -0.127563 -0.061688 -0.297950
659347916 2.076280 0.771536 -4.234040 0.290715 0.077460 -0.137809
679328229 1.537433 0.188259 -1.444057 0.652589 0.132129 0.000775
699308541 0.933449 -0.222322 0.841158 0.651950 0.139193 0.060817
719288854 0.451960 -0.437317 1.671113 0.772474 0.160796 0.107408
739269166 0.103223 -0.544779 2.069610 0.815995 0.151597 0.150179
759249479 -0.495024 -0.356859 1.829243 0.817804 0.133046 0.200037
779229791 -0.799543 0.034039 1.685048 0.688474 0.102781 0.204595
799210104 -0.615940 0.154529 1.007397 0.789670 0.130270 0.186677
819190416 -0.289453 -0.171136 0.415995 0.827091 0.153277 0.172304
839170729 -0.112824 -0.262513 -0.050299 0.850496 0.162205 0.157608
859151041 0.139181 -0.202855 -0.441968 0.788101 0.134142 0.142414
879131354 0.029625 0.240446 -0.429053 0.820792 0.097977 0.197998
899111666 -0.680989 0.456772 -0.300578 0.856145 0.063963 0.268130
919091875 -1.213312 0.695256 -0.457296 0.867609 0.065337 0.306561
939072083 -1.128380 0.547893 -0.549572 0.834723 0.072832 0.276345
959052291 -0.819330 0.523496 -0.359447 0.841184 0.088199 0.250901
979032500 -0.570985 0.260930 -0.385244 0.830089 0.109774 0.213607
999012708 -0.195480 0.268797 0.009708 0.775444 0.106550 0.179110
1018992916 -0.112028 0.125869 0.194181 0.810169 0.119139 0.174404
1038973125 -0.044182 0.152030 0.193738 0.757886 0.109804 0.174487
1058953333 -0.105190 0.147670 -0.027739 0.836736 0.118004 0.191150
1078933541 -0.069369 0.148810 -0.284263 0.739191 0.115067 0.181790
1098913750 0.102978 0.051971 -0.173903 0.760189 0.127798 0.159285
1118893958 0.197951 0.046942 0.158952 0.694099 0.111792 0.169839
1138874166 -0.038645 0.150885 0.324872 0.710143 0.100141 0.191941
1158854375 -0.208753 0.265842 0.320448 0.719609 0.084087 0.204807
1178834583 -0.267944 0.360550 0.178400 0.793296 0.075328 0.208568
1198814791 -0.002059 0.441348 -0.050087 0.709936 0.076053 0.170743
1218795000 0.268422 0.341403 -0.276019 0.736874 0.085483 0.178194
1238775208 0.107197 0.350743 -0.494108 0.715767 0.081085 0.200356
1258755416 -0.019911 0.245911 -0.172913 0.721027 0.096694 0.204601
1278735625 -0.145137 0.152128 -0.193378 0.891796 0.098382 0.236776
1298715833 -0.541768 0.178959 -0.001211 0.818356 0.099178 0.248278
1318696041 -0.334413 -0.003784 0.315521 0.774164 0.122170 0.211748
1338676250 -0.140013 -0.142842 0.063738 0.775995 0.125327 0.209667
1358656458 -0.055399 0.002275 -0.180766 0.741106 0.113606 0.192870
1378636666 0.140949 0.055798 -0.510365 0.800414 0.115203 0.197340
1398616875 -0.050809 0.089142 -0.860832 0.839496 0.103619 0.240143
1418597083 -0.294917 0.279420 -0.903069 0.729069 0.075483 0.256747
1438577291 -0.309364 0.522337 -0.825298 0.801595 0.055455 0.251728
1458557500 -0.175095 0.504565 -0.655947 0.770030 0.081316 0.246773
1478537708 -0.201157 0.129329 -0.264829 0.792217 0.117733 0.231541
