0 -0.015026 0.326100 0.817504 1.072470 -0.018653 0.072146
19980208 0.500722 0.456959 0.379625 0.885383 -0.050833 0.008661
39960417 0.820956 0.686734 0.441593 0.803074 -0.057375 0.015155
59940625 0.440949 0.620911 0.478051 1.041945 -0.047224 0.060214
79920833 -0.013001 0.460084 0.386321 1.094958 -0.037481 0.094305
99901042 -0.193033 0.373038 0.161333 1.028994 -0.036857 0.104419
119881250 -0.372792 0.330816 0.133522 1.055219 -0.037620 0.124567
139861458 -0.580754 0.369407 0.318871 1.132271 -0.049697 0.119827
159841563 -0.520824 0.471405 0.350862 1.039140 -0.064824 0.111984
179821667 -0.456130 0.561739 0.174129 0.975112 -0.079257 0.092028
199801771 -0.309927 0.762674 0.254984 1.023484 -0.110604 0.073360
219781875 -0.023028 1.138231 0.297129 0.850179 -0.157981 0.038590
239761979 0.208220 1.674877 0.254734 0.813950 -0.208415 0.049139
259742083 -0.266138 2.168677 0.917813 0.856819 -0.238765 0.115192
279722188 -0.953975 2.796590 1.538109 0.889080 -0.294633 0.141958
299702292 -0.974925 3.248060 1.028236 0.873358 -0.353253 0.148902
319682396 -1.199443 3.520190 0.262587 0.839473 -0.415690 0.194707
339662500 -1.609190 4.152627 -0.434146 0.842233 -0.521412 0.249168
359642604 -2.058351 5.086964 -0.467776 0.798643 -0.548508 0.261057
379622708 -2.174151 5.662363 0.598789 0.827516 -0.570123 0.216841
399602813 -1.652477 6.401074 0.770488 0.632499 -0.685127 0.121372
419582917 -0.347262 7.430334 -0.944045 0.503569 -0.858061 -0.019319
439563021 0.561906 8.180532 -1.978970 0.404489 -0.891260 -0.071593
459543125 -0.040219 8.449809 -1.053131 0.610522 -0.800233 0.112107
479523229 -3.031448 8.638317 1.163772 1.034483 -0.689972 0.402588
499503333 -7.177217 9.659745 3.155280 1.093624 -0.679077 0.508581
519483438 -4.896030 8.431172 -0.260606 0.789959 -0.929256 0.307488
539463542 0.117318 6.306506 -4.242576 -0.250334 -0.782045 -0.613808
559443646 6.872087 1.203612 -5.618256 -1.547515 0.118289 -1.364603
579423750 12.823920 -8.742250 -8.359596 -1.878626 0.769460 -1.551309
599403854 12.993187 -23.327398 -10.429300 -1.817801 1.238783 -1.785660
619383958 0.759250 -31.667553 -10.172703 1.630921 1.261767 0.948214
639364063 -16.376644 -23.870878 7.563952 1.542032 0.472683 0.528821
659344167 -14.761989 -9.367031 28.864548 1.307981 0.188406 0.108729
679324271 4.418892 -5.513140 25.542160 0.752398 0.208837 -0.569185
699304375 17.967199 -4.494068 1.062992 -1.405548 0.241828 -1.527064
719284479 11.638410 -3.777556 -13.476320 -1.329258 0.423507 -2.225793
739264583 0.402570 -2.620433 -13.850431 0.532236 0.237373 2.510565
759244688 -3.836367 -0.293225 -12.237034 1.510383 -0.145882 1.847952
779224792 -2.679035 0.020648 -9.111761 1.547137 0.138204 0.298254
799204896 -0.551342 -0.697730 -5.376424 1.431960 0.149557 -0.239292
819185000 1.121341 -0.542530 -3.362282 0.811714 0.082247 -0.437913
839165104 2.869191 0.011169 -0.621780 0.705913 0.026899 -0.442134
859145208 3.324839 0.473513 1.988857 0.775591 0.020375 -0.352765
879125313 1.836322 0.320431 1.615554 1.116455 0.060527 -0.226426
899105417 0.211793 -0.124788 0.440227 1.287087 0.125585 -0.112553
919085521 -0.734373 -0.562889 0.134492 1.336448 0.156418 -0.042975
939065625 -1.050748 -0.603564 1.361996 1.343707 0.137707 -0.030430
959045729 -0.795763 -0.490958 2.222477 1.254694 0.114869 -0.088752
979025833 0.042175 -0.114674 1.748032 1.107145 0.082986 -0.160552
999006042 0.540825 0.197381 0.841394 1.111929 0.079491 -0.202700
1018986250 0.555864 0.162480 0.376620 1.184595 0.080348 -0.175000
1038966458 0.159595 0.196633 0.352787 1.144765 0.078404 -0.147531
1058946667 0.342718 0.280939 0.389014 1.140994 0.070877 -0.208493
1078926875 0.819347 0.423198 0.279117 1.136257 0.057135 -0.200836
1098907083 0.464818 0.404736 1.057113 1.138562 0.068506 -0.144716
1118887292 0.038272 0.210328 1.655245 1.165086 0.078085 -0.104570
1138867500 -0.398948 0.132060 1.296013 1.248909 0.083202 -0.073397
1158847708 -0.599366 0.012218 0.744417 1.197534 0.088965 -0.074377
1178827917 -0.396639 0.117560 0.455711 1.294522 0.064143 -0.111961
1198808125 -0.026248 0.360350 -0.196465 1.048063 0.013220 -0.131557
1218788333 -0.253608 1.173246 -1.373566 1.155640 0.052548 -0.188281
1238768542 0.450805 -0.159461 -1.511221 1.177000 0.055442 -0.093106
1258748750 -0.504972 0.380929 0.359951 1.193303 0.082364 -0.069717
1278728958 -0.501603 0.039914 0.880194 1.246815 0.074011 -0.063898
1298709167 -0.494952 0.185993 0.385258 1.156229 0.062589 -0.097387
1318689323 -0.016775 0.291665 -0.068079 1.056024 0.060659 -0.161968
1338669427 0.534848 0.283907 -0.032342 1.184921 0.054258 -0.181800
1358649531 0.414027 0.403517 0.152144 1.110420 0.043057 -0.145681
1378629636 0.134406 0.262542 0.047870 1.186568 0.061753 -0.116273
1398609740 -0.202825 0.132054 -0.111152 1.190752 0.065372 -0.088640
1418589844 -0.420697 0.129311 -0.075380 1.200387 0.062839 -0.076601
1438569948 -0.572314 0.018463 -0.290976 1.231523 0.056397 -0.061869
1458550052 -0.833879 0.260146 -0.475436 1.274635 0.029823 -0.054118
1478530156 -0.869771 0.255883 -0.907187 1.249085 0.048980 -0.058919
1498510261 -0.802465 0.018936 -0.673331 1.378464 0.054517 -0.061760
