0 -0.154238 0.162414 0.329512 0.970776 -0.116383 -0.155553
19980417 -0.225904 0.245353 0.203331 1.040612 -0.125967 -0.144854
39960833 0.075222 0.467658 0.343620 0.905032 -0.147269 -0.174172
59941250 0.233093 0.680455 0.113424 0.742862 -0.192094 -0.190422
79921667 0.058897 0.752014 -0.233558 0.796758 -0.180992 -0.186964
99902083 0.007960 0.590079 -0.400238 0.787153 -0.169379 -0.193672
119882500 0.125935 0.499938 -0.234981 0.780980 -0.169379 -0.193672
139862917 0.067034 0.450640 0.039425 0.851731 -0.167589 -0.152171
159843333 -0.208547 0.532543 0.206281 0.911212 -0.167589 -0.152171
179823750 -0.448046 0.604978 0.258510 0.906495 -0.175608 -0.128406
199804167 -0.422477 0.705558 0.350202 0.915655 -0.185849 -0.129963
219784583 -0.158226 0.961181 0.266233 0.807107 -0.215068 -0.157094
239765000 0.034082 1.400830 0.160475 0.633816 -0.349561 -0.183315
259745417 0.068795 2.241109 -0.113032 0.635639 -0.349561 -0.183315
279725833 0.131759 3.252487 -0.323504 0.515855 -0.450061 -0.194443
299706250 -0.187496 3.790708 -0.242259 0.593847 -0.499413 -0.166874
319686667 -0.138191 4.610597 -0.365225 0.214946 -0.701559 -0.378788
339667083 1.207414 5.805026 -1.398600 0.263527 -0.701559 -0.378788
359647500 2.076860 7.029550 -2.776924 0.010473 -0.869213 -0.576347
379627917 1.953913 7.610326 -2.960946 0.164499 -0.865999 -0.481201
399608333 1.621777 8.626203 -1.893431 0.349897 -0.841574 -0.298723
419588750 0.782082 10.614859 0.621511 0.360500 -0.841574 -0.298723
439569167 0.929490 11.855115 3.382702 0.445862 -0.772277 -0.238587
459549583 1.969598 11.552155 4.071245 0.337667 -0.726424 -0.284488
479530000 2.044930 10.595827 3.265178 0.290291 -0.720711 -0.304747
499510417 2.146936 8.266340 -0.468267 -0.317116 -0.711710 -0.888712
519490833 2.319844 3.708701 -5.547594 -0.342540 -0.711710 -0.888712
539471250 1.996295 -5.535047 -6.792619 -2.386008 0.613469 -1.080467
559451667 9.988829 -19.165009 -9.754067 -2.074672 0.928877 -1.614863
579432083 13.374481 -35.145298 -13.640453 -1.961161 1.104371 -1.835164
599412500 -10.920178 -38.371769 -8.754107 0.894031 1.358410 1.500010
619392917 -31.346996 -12.719718 22.435680 1.385843 0.316216 0.735947
639373333 -25.660624 -8.826682 49.257202 1.358756 0.150948 0.363054
659353750 -0.329652 -16.695141 22.777479 1.814304 0.460293 -0.107037
679334167 16.029356 -12.029635 -15.482092 -1.709346 0.466885 -1.880882
699314583 18.848831 -6.269675 -20.071892 -1.546279 0.159853 -2.034291
719295000 10.885452 1.973035 -18.154886 -1.531806 -0.284550 -2.167720
739275417 3.595644 2.997864 -16.636324 -1.777716 -0.550396 -2.510776
759255833 -0.894798 0.737539 -10.678552 -2.040498 -1.104068 -2.656614
779236250 -2.674748 -1.678194 -4.686698 1.474496 -0.036820 0.202780
799216667 -3.225131 -2.083976 0.165174 1.562179 0.061208 0.127011
819197083 -1.527587 -0.947474 2.418240 1.438855 -0.024306 -0.070514
839178490 -0.208043 0.198142 2.562713 1.125322 -0.102001 -0.204861
859158646 1.591415 0.436754 2.123749 1.004355 -0.109922 -0.374191
879138802 2.211549 -0.282827 1.587799 1.001346 -0.046180 -0.442032
899118958 1.683924 -0.896577 0.606150 1.163528 0.010616 -0.426432
919099115 1.077637 -0.736235 0.307678 1.203344 -0.000859 -0.368421
939079271 0.409632 -0.257825 -0.159568 1.116712 -0.046320 -0.310399
959059427 -0.511471 -0.244399 -0.499658 1.202491 -0.044496 -0.221916
979039635 -1.214758 -0.600700 -0.112809 1.345518 0.001602 -0.137945
999019896 -0.818572 -0.362377 0.130492 1.195210 -0.016736 -0.177644
1019000208 -0.448851 -0.037724 0.424078 1.166300 -0.043286 -0.217897
1038980573 0.178713 0.036285 0.707540 1.178659 -0.031071 -0.315515
1058960990 0.502443 -0.097536 0.740543 1.079820 -0.049917 -0.376620
1078941458 1.127671 0.106867 0.628648 0.980222 -0.049917 -0.376620
1098921979 1.320845 0.156487 0.619295 0.881693 -0.056244 -0.393293
1118902552 1.123514 0.150660 0.267282 0.928528 -0.060706 -0.386853
1138883125 0.806778 0.158380 -0.319344 0.990262 -0.067796 -0.376495
1158863698 0.387943 0.168384 -0.405898 1.015539 -0.071440 -0.338072
1178844271 0.354772 -0.024786 -0.153184 1.149725 -0.044606 -0.315959
1198824844 0.272910 -0.095217 0.015798 1.051109 -0.044606 -0.315959
1218805417 0.337916 0.143221 -0.240351 1.039477 -0.070899 -0.332961
1238785990 0.489098 0.437096 -0.369333 0.962489 -0.091367 -0.382602
1258766562 0.791655 0.376379 -0.216430 0.886777 -0.091367 -0.382602
1278747083 0.746511 0.083465 0.133330 1.023500 -0.059427 -0.366210
1298727500 0.512533 -0.178588 0.323574 1.143058 -0.034098 -0.335122
1318707865 0.223328 -0.000108 0.424858 1.069568 -0.053692 -0.300932
1338689115 -0.021904 0.180755 0.306082 1.171243 -0.075550 -0.279746
1358668698 0.115566 0.280083 -0.038024 0.994593 -0.090955 -0.302710
1378648281 0.426891 0.188954 -0.413000 1.028841 -0.086428 -0.344281
1398627917 0.211626 0.204455 -0.438786 0.964031 -0.090860 -0.323734
1418607604 0.141087 0.274779 -0.386159 1.027743 -0.099674 -0.317463
1438587396 0.489347 0.260189 -0.673614 0.972339 -0.100328 -0.363635
1458567292 0.584647 0.076138 -1.001020 0.913245 -0.081222 -0.381114
1478547292 0.450276 0.025169 -0.722944 1.079860 -0.071147 -0.346670
1498527448 0.041435 -0.048582 -0.258204 1.146360 -0.058784 -0.280382
