0 0.151216 0.008299 -0.173343 0.734482 -0.094152 -0.184736
19979584 0.108646 0.048803 -0.186767 0.752925 -0.096917 -0.175458
39959167 0.257318 0.135522 0.342584 0.716851 -0.100057 -0.178656
59938750 0.249097 0.209793 0.424579 0.683782 -0.108038 -0.176972
79918334 -0.023887 0.200229 0.014418 0.730435 -0.113521 -0.157626
99897917 -0.146416 0.138624 -0.170903 0.827732 -0.109995 -0.147792
119877500 -0.044989 0.069411 -0.022294 0.787064 -0.101263 -0.155377
139857084 -0.009202 0.061168 0.060891 0.773515 -0.099844 -0.156929
159836667 0.081010 0.123392 -0.091066 0.726056 -0.108213 -0.167846
179816250 0.236908 0.242742 -0.159444 0.696746 -0.121619 -0.184986
199795834 0.359672 0.327757 -0.301274 0.644666 -0.132736 -0.199923
219775417 0.485058 0.427968 -0.328933 0.607215 -0.144396 -0.212139
239755000 0.813610 0.829521 -0.399174 0.526603 -0.188647 -0.246315
259734584 1.458074 1.462749 -0.616955 0.261391 -0.311497 -0.305237
279714167 1.401259 2.036444 -0.701041 0.531354 -0.335834 -0.182108
299693750 0.356538 2.402127 -0.163614 0.550917 -0.335834 -0.182108
319673334 -0.490313 3.081018 0.222898 0.634270 -0.386921 -0.090977
339652917 -1.094424 4.421216 0.569817 0.655147 -0.629713 0.073916
359632500 -2.104089 6.010167 -0.106855 0.684218 -0.692775 0.125005
379612084 -2.759681 6.918605 -0.407263 0.720298 -0.692775 0.125005
399591667 -1.382101 7.906871 2.234769 0.538935 -0.622472 -0.057169
419571250 1.247136 9.440989 7.584960 0.197282 -0.623763 -0.433642
439550834 4.831152 12.381276 7.299929 -0.120322 -0.812962 -0.715066
459530417 6.723258 14.584082 1.841268 -0.100292 -0.812962 -0.715066
479510000 5.375705 13.531475 -0.197296 -0.072500 -0.854928 -0.700092
499489584 3.045380 9.975139 -1.697249 -0.538775 -0.672652 -1.115958
519469167 2.549359 4.015853 -6.179224 -1.458423 0.265206 -1.757037
539448802 7.266562 -4.074769 -11.040412 -1.457270 0.265206 -1.757037
559428438 8.856974 -14.735291 -9.814424 -2.271316 1.243776 -1.589981
579408073 4.342813 -26.087307 -8.791049 -2.361848 1.243776 -1.589981
599387709 -2.260643 -35.671906 -11.835635 -1.418284 1.465159 -2.578184
619367344 -18.760965 -24.172705 -0.532539 1.235485 0.255136 0.586333
639346979 -28.605354 -8.842980 29.080505 1.196028 0.255136 0.586333
659326615 -7.433288 -17.135601 40.578320 1.330764 0.371434 0.068686
679306250 11.470965 -8.559922 1.519007 -2.553028 0.465674 -0.970332
699285886 12.033852 -1.953981 -25.087282 -1.324960 0.099468 -2.369539
719265521 6.051792 2.369066 -28.524998 -1.495408 -0.458390 -2.752641
739245157 -0.550413 4.334118 -15.161825 -1.480226 -0.458390 -2.752641
759224792 -3.146221 -0.019352 0.843834 1.206259 0.153811 -0.046944
779204427 -2.771796 -4.387689 7.648936 1.400864 0.351586 -0.077157
799184063 -0.367847 -3.325325 5.401050 1.103773 0.209884 -0.532598
819163698 2.730583 -1.295315 2.467885 0.591752 0.107107 -0.610723
839143334 2.944112 0.076245 0.631363 0.715281 0.066403 -0.545455
859122969 1.212797 0.577459 -0.963185 0.800241 0.066403 -0.545455
879102604 -0.285540 -0.137097 -1.403487 1.129119 0.152200 -0.416141
899082240 -0.253409 -0.800827 -0.532372 1.072862 0.162746 -0.468127
919061875 0.622540 -0.510496 -0.440413 0.846513 0.117537 -0.512298
939041511 1.212869 -0.135608 -0.281734 0.994441 0.117537 -0.512298
959021146 1.154161 0.042008 -0.122883 0.908430 0.097380 -0.492721
979000782 1.207014 0.017450 -0.226165 0.966550 0.108896 -0.446266
998980417 0.917558 -0.134511 0.134346 1.031937 0.126820 -0.396206
1018960052 0.428230 -0.330819 0.128047 1.012801 0.126820 -0.396206
1038939688 0.159380 -0.341468 -0.038465 1.017039 0.128158 -0.371321
1058919323 0.259768 -0.076651 -0.310607 0.978253 0.101568 -0.386260
1078898959 0.582720 0.108392 -0.430140 0.903085 0.072295 -0.457872
1098878594 0.875446 0.200612 -0.709798 0.838984 0.081288 -0.461481
1118858229 0.823548 0.163380 -0.976445 0.949200 0.088224 -0.411591
1138837865 0.454362 0.138713 -0.747478 1.017110 0.088224 -0.411591
1158817500 0.170351 -0.014122 -0.152230 1.046707 0.103566 -0.358621
1178797136 -0.052815 -0.035034 -0.210299 1.025395 0.111086 -0.336932
1198776771 0.188986 0.165475 -0.488517 1.002181 0.097904 -0.368948
1218756407 0.172769 0.214205 -0.358939 0.980923 0.099873 -0.359159
1238736042 -0.252490 -0.201155 0.451277 1.122296 0.142010 -0.285577
1258715677 -0.793142 -0.517778 0.664050 1.149324 0.178273 -0.218880
1278695313 -0.873957 -0.574604 0.535865 1.228378 0.192910 -0.203693
1298674948 -0.788972 -0.404591 0.258533 1.151476 0.191206 -0.207665
1318654584 -0.682516 -0.373011 0.234932 1.141541 0.202862 -0.228990
1338634219 -0.342741 -0.523554 0.508095 1.162347 0.202862 -0.228990
1358613854 0.288210 -0.416862 0.746104 0.940320 0.185139 -0.356662
1378593490 1.102924 -0.539266 0.616262 1.147084 0.223082 -0.393432
1398573125 1.513063 -1.083773 0.461793 1.188214 0.222235 -0.286502
1418552761 0.558321 -1.260950 0.755898 1.209404 0.241991 -0.237791
1438532396 0.065251 -1.592506 0.384823 1.218871 0.241991 -0.237791
1458512032 0.204561 -1.977412 -0.572061 1.372917 0.282534 -0.266476
1478491667 -0.104261 -2.079745 -1.710646 1.545507 0.317432 -0.243640
1498471302 -0.734881 -1.859754 -2.086160 1.580052 0.303534 -0.142008
