0 0.262398 0.486757 0.148649 0.913176 -0.137259 -0.108770
19980105 0.423123 0.949977 -0.116367 0.745663 -0.200676 -0.145599
39960209 0.881063 1.653548 -0.228404 0.651997 -0.288357 -0.148114
59940313 0.405206 2.471441 -0.392610 0.662035 -0.379779 -0.065116
79920521 -0.240132 3.556524 -0.136522 0.697161 -0.460732 -0.016357
99900730 -0.442959 4.722697 0.260425 0.636309 -0.538989 -0.022636
119880938 0.105240 5.773915 0.180690 0.525122 -0.635820 -0.058462
139861146 -0.123763 6.749249 -0.638890 0.632438 -0.749790 0.006016
159841355 -1.615612 7.446977 -1.566669 0.843717 -0.798589 0.280616
179821563 -4.048556 8.637646 -1.285560 0.975725 -0.793677 0.400891
199801771 -4.438142 10.609533 1.072470 0.874959 -0.756456 0.259552
219781980 -3.762701 12.832029 4.404068 0.765723 -0.785103 0.150220
239762188 -1.154462 14.689533 3.841867 0.431037 -0.945719 -0.107509
259742396 0.881886 14.104083 -0.737850 0.451535 -1.079250 -0.047522
279722605 -0.757580 11.614049 -2.351781 0.496384 -0.918349 -0.046110
299702813 2.064727 6.765748 -0.794718 -0.063774 -0.435352 -0.495113
319683021 7.830535 0.097662 -2.703810 -1.770835 0.320771 -1.223772
339663230 9.670086 -9.665989 -7.687363 -2.026658 0.939264 -1.488963
359643386 14.252743 -23.940325 -10.882655 -1.831254 1.059464 -1.744146
379623490 14.593527 -36.950371 -11.554696 -2.312942 1.342915 -1.351727
399603594 -2.366894 -31.129370 -1.700027 1.701279 0.916866 0.749379
419583698 -22.485825 -14.009582 10.161791 1.352152 0.299739 0.873228
439563802 -27.031420 -7.949845 25.344475 1.318689 0.233573 0.339047
459543907 0.763583 -8.699982 31.485687 2.023438 0.358374 -0.302765
479524011 7.758689 -10.355995 2.138196 -1.284400 0.780408 -2.501714
499504115 1.117106 -4.835414 -30.484295 -1.375331 0.095883 -2.922084
519484219 8.636789 -0.795460 -26.648468 -1.477646 -0.120255 -1.905721
539464323 10.034597 1.737028 -4.500657 -0.966318 -0.080628 -0.810702
559444427 2.429735 0.032584 -3.177662 1.566047 0.144279 -0.052513
579424532 -2.563171 -1.165990 -2.424616 1.592508 0.174408 0.066327
599404636 -1.232633 -1.497355 5.313869 1.454287 0.113794 -0.062313
619384740 -0.270756 -1.237573 6.294857 1.412759 0.084203 -0.132810
639364844 0.583430 -0.314345 1.141650 1.184076 0.008234 -0.315912
659344948 1.763801 0.243098 -1.586071 0.695248 -0.022302 -0.471364
679325052 2.314397 0.374572 -1.978151 0.827991 -0.017040 -0.490970
699305157 2.099098 0.232328 -1.881543 0.979441 -0.019430 -0.418493
719285261 1.653497 0.383961 -1.126576 1.315463 -0.014272 -0.310977
739265365 0.839283 0.289255 0.150913 1.195615 0.020052 -0.218872
759245469 0.294271 -0.106489 0.983613 1.274300 0.055145 -0.165496
779225573 0.155931 -0.379275 0.868135 1.460451 0.073407 -0.193061
799205677 0.249243 -0.352974 0.228561 1.306983 0.055731 -0.197754
819185782 0.509845 -0.067740 0.178460 1.228005 0.025000 -0.237351
839165886 0.693406 0.203995 0.223533 1.187674 0.011762 -0.240581
859145990 0.521403 0.073213 -0.197879 1.318767 0.039075 -0.212876
879126094 0.226690 -0.033069 0.104037 1.260011 0.028414 -0.231257
899106198 0.886776 0.161834 0.589302 1.226360 0.005236 -0.255102
919086302 0.821324 0.242777 0.716377 1.270372 0.005385 -0.239625
939066407 0.466744 0.206988 0.265423 1.291134 0.003011 -0.196941
959046511 0.105614 0.189815 -0.152571 1.168455 0.002331 -0.187765
979026615 0.107998 0.193035 -0.180562 1.244772 0.005066 -0.189730
999006719 0.028328 0.126810 -0.113291 1.346708 0.014573 -0.155919
1018986823 -0.354221 -0.100508 -0.096118 1.358341 0.030507 -0.111274
1038966927 -0.572863 -0.085239 0.082760 1.294471 0.024446 -0.113947
1058947032 -0.290027 -0.128681 0.460903 1.383094 0.033898 -0.137924
1078927136 -0.113562 -0.173330 0.409969 1.248585 0.022046 -0.151547
1098907240 -0.034129 -0.085169 0.003261 1.281126 0.016334 -0.143117
1118887344 -0.237471 -0.076954 -0.094127 1.375252 0.020140 -0.124429
1138867448 -0.267442 -0.206491 0.362778 1.418205 0.031365 -0.118206
1158847552 -0.138095 -0.408199 0.433953 1.385120 0.044897 -0.122333
1178827657 -0.216015 -0.492843 -0.007767 1.445029 0.051269 -0.117386
1198807761 -0.268350 -0.577680 -0.229156 1.541690 0.068157 -0.084018
1218787865 -0.510347 -1.008135 0.132915 1.616953 0.133393 -0.047445
1238767969 -0.988402 -2.009180 0.203046 1.734437 0.256038 0.060957
1258748073 -2.496553 -3.055268 -0.198422 1.751912 0.312504 0.250159
1278728177 -3.259623 -3.385994 -0.701665 1.747853 0.339600 0.246490
1298708282 -2.322107 -3.268605 -0.617776 1.863259 0.347199 0.065813
1318688386 -0.168516 -3.789602 -0.518240 2.078583 0.409160 -0.038945
1338668490 -0.994007 -4.149895 -0.121233 1.886286 0.388070 0.102741
1358648594 -1.500010 -3.976449 0.283304 1.926461 0.360885 0.001860
1378628698 0.235496 -3.784375 0.894417 1.980246 0.308955 -0.174693
1398608802 1.407370 -3.144084 0.451676 1.790751 0.238585 -0.217496
1418588907 0.853471 -2.161635 0.099991 1.641499 0.165858 -0.147437
1438569011 0.609730 -1.894239 -0.823448 1.481831 0.158269 -0.248677
1458549115 1.956894 -1.924037 -1.638325 1.477904 0.145686 -0.393070
1478529219 2.468840 -1.628341 -1.086813 0.941665 0.058431 -0.357088
1498509323 1.847144 -0.767212 -0.570611 0.777381 -0.032563 -0.260789
