0 -0.288480 0.056643 0.585221 0.956532 0.040202 -0.046415
19980312 -0.223305 0.208590 0.088228 0.974096 0.012250 -0.034551
39960625 -0.302004 0.453812 0.001451 0.908292 -0.011347 -0.031019
59940937 -0.240101 0.598770 0.020595 0.917469 -0.020654 -0.042195
79921250 -0.168446 0.650321 0.026219 0.910185 -0.028784 -0.038564
99901562 -0.251922 0.789989 -0.048943 0.880301 -0.066678 -0.002512
119881875 -0.721668 1.258045 -0.137840 0.869052 -0.110518 0.025922
139862187 -0.881631 1.731649 0.247047 0.848079 -0.177191 0.063703
159842500 -1.225202 2.622622 0.109295 0.752042 -0.286476 0.071349
179822812 -0.843911 3.664773 -0.290940 0.717177 -0.386434 0.050551
199803125 -0.773869 4.498989 0.014310 0.647152 -0.419256 0.066991
219783437 -0.755941 5.591510 1.344720 0.548376 -0.502728 0.053112
239763750 -0.275186 7.935988 2.741074 0.410019 -0.605396 -0.007481
259744062 0.798734 9.728704 2.995844 0.263966 -0.704284 -0.115225
279724375 2.657290 10.971721 1.593696 0.062381 -0.832811 -0.311403
299704687 4.784213 13.748915 1.194216 -0.091223 -0.905327 -0.404536
319685000 4.768124 16.184925 2.039369 0.013914 -0.945460 -0.307952
339665312 3.732087 15.169438 1.488101 0.050204 -0.904773 -0.288047
359645625 2.252375 12.434863 0.472901 0.424634 -0.996527 0.039217
379625937 -3.072289 7.931252 -4.869337 1.443544 -0.636708 1.268743
399606250 -8.306105 -2.449338 -11.796109 0.886515 0.545565 2.010106
419586562 -14.221244 -14.955389 -16.687933 0.767317 0.934564 2.010229
439566875 -11.241860 -30.793848 -14.202019 1.224346 1.401523 1.581317
459547187 -0.441287 -38.810604 -2.248141 2.897558 1.135240 -0.097209
479527500 6.579081 -24.643333 15.085622 -2.937270 0.592178 -0.249876
499507812 7.958347 -10.005301 18.254593 0.210375 0.289249 -0.093283
519488125 0.405616 -2.614376 15.928318 0.732346 0.147494 0.279121
539468437 -7.265893 -0.808810 7.789772 0.994028 0.138730 0.736107
559448750 -8.645296 -1.022998 -1.453731 1.153450 0.235826 1.073489
579429062 -3.809820 -1.738974 -7.421384 1.593560 0.918057 1.074614
599409323 1.637457 -2.561751 -9.083994 -1.681031 0.902501 -1.401836
619389531 2.942402 -1.106623 -9.111521 -1.574303 0.333664 -0.762065
639369740 1.547976 0.300916 -6.846688 0.581220 -0.016906 -0.072172
659349948 0.934348 0.657975 -5.131151 0.862779 -0.032880 0.045436
679330156 0.695526 0.723521 -3.456319 0.780377 -0.012103 0.149661
699310365 -0.264517 0.792949 -1.646344 0.892621 -0.001499 0.258570
719290573 -1.176271 0.684967 0.700391 0.948538 0.053724 0.243037
739270781 -1.181801 -0.067366 3.065309 0.960942 0.102224 0.212965
759250990 -0.919015 -0.457725 2.738803 0.984992 0.117526 0.213265
779231198 -0.864882 -0.177117 0.996598 0.972893 0.090782 0.248969
799211406 -0.756319 0.154363 -0.372328 0.952312 0.093692 0.240650
819191615 -0.390820 -0.083644 -0.893359 1.012751 0.134180 0.210462
839171823 -0.210343 -0.274449 -1.001305 1.026772 0.121650 0.225533
859152031 -0.398700 -0.047812 -1.213556 1.006404 0.113320 0.232637
879132240 -0.255262 -0.029980 -1.048415 0.952841 0.110401 0.220618
899112448 -0.200556 0.025106 -0.731785 0.930828 0.100819 0.214113
919092656 -0.447832 0.210997 -0.353453 0.944252 0.074743 0.266223
939072865 -0.938742 0.360077 0.239112 0.965166 0.074836 0.275012
959053073 -0.895619 0.271793 0.439959 0.963913 0.076095 0.272576
979033281 -0.799314 0.401085 0.315342 0.910757 0.073222 0.273796
999013490 -0.699769 0.375794 0.454103 0.897155 0.074905 0.257979
1018993698 -0.728964 0.343492 0.667955 0.857083 0.089404 0.254150
1038974010 -0.279186 0.081084 0.808212 0.841993 0.109973 0.196198
1058954323 0.066318 0.112096 0.379057 0.865879 0.094483 0.212308
1078934635 -0.149936 0.326173 0.332670 0.870108 0.077351 0.238368
1098914948 -0.542775 0.434480 0.514408 0.944578 0.073320 0.272128
1118895260 -0.620952 0.361682 0.355120 0.884069 0.084790 0.266097
1138875573 -0.328974 0.269814 0.083412 0.878204 0.096496 0.245275
1158855885 -0.132972 0.198439 -0.120916 0.947050 0.102529 0.244362
1178836198 -0.411008 0.275259 -0.256149 0.934291 0.064780 0.326547
1198816510 -1.340696 0.850683 -0.032167 0.919211 0.004995 0.383762
1218796823 -1.580033 0.996519 -0.043060 0.894304 0.023691 0.362806
1238777135 -0.650892 0.435538 -0.349227 1.009252 0.100329 0.268921
1258757448 0.178194 -0.074609 -0.802122 0.981806 0.123390 0.203456
1278737760 0.417020 -0.145921 -0.206650 0.761274 0.119879 0.173926
1298718073 0.419975 -0.033569 0.395233 0.763837 0.098622 0.160476
1318698385 0.547200 0.074755 0.459459 0.727439 0.097812 0.150707
1338678698 0.534860 0.073629 0.203337 0.763771 0.097590 0.164295
1358659010 0.386393 0.079995 0.216991 0.791039 0.100269 0.181404
1378639323 0.188284 -0.044853 0.844147 0.746213 0.103987 0.183563
1398619635 0.020076 -0.000723 0.951780 0.830451 0.082389 0.204162
1418599948 -0.104020 0.212439 0.609198 0.773499 0.069494 0.221708
1438580260 -0.145740 0.328858 0.063119 0.720276 0.057909 0.218638
1458560573 -0.007714 0.326229 -0.122724 0.852766 0.068360 0.211790
1478540885 0.044246 0.166962 0.010077 0.771398 0.085790 0.183551
