0 -0.502110 0.565472 0.033747 1.031743 -0.103109 0.092181
19980105 -0.448350 0.633757 -0.145039 0.948837 -0.099429 0.065707
39960209 -0.079221 0.527219 0.203980 0.969259 -0.081378 0.022605
59940313 0.154741 0.341208 -0.033370 0.993138 -0.074171 0.027842
79920417 -0.223554 0.453606 -0.296722 0.940892 -0.106269 0.079642
99900521 -0.625496 0.713009 -0.275574 1.046221 -0.114765 0.098565
119880625 -0.720373 0.800693 -0.190090 1.018483 -0.120487 0.091178
139860730 -0.589159 0.812399 0.086812 1.043125 -0.110733 0.095376
159840834 -0.878157 0.702996 -0.194144 1.053658 -0.093724 0.130284
179820938 -0.842256 0.372803 0.065935 1.133119 -0.051911 0.104006
199801042 -0.532695 0.022548 0.109474 1.117612 -0.016243 0.073602
219781198 -0.185670 -0.316220 0.352371 1.155680 0.006082 0.041909
239761407 -0.260726 -0.205693 0.777981 1.072856 -0.024604 0.055905
259741615 -0.553161 0.264157 0.111112 0.962230 -0.074711 0.061940
279721823 -0.474281 0.692623 -0.068987 0.925758 -0.115260 0.047742
299702032 -0.522941 1.130952 0.174570 0.798663 -0.165184 0.049051
319682240 -0.613557 1.912153 0.717942 0.745072 -0.267457 0.066406
339662448 -0.723238 3.474249 0.608662 0.619498 -0.447784 0.049190
359642657 -0.190181 5.240314 -0.048650 0.497134 -0.579498 -0.026749
379622865 0.741921 6.201779 -0.026987 0.381527 -0.609530 -0.112213
399603073 1.506040 7.631847 1.243997 0.300336 -0.675888 -0.119711
419583282 1.529624 10.471659 2.786585 0.318316 -0.745639 -0.113583
439563490 2.227656 12.334135 3.540720 0.193179 -0.815726 -0.189833
459543698 2.383644 13.729923 2.049560 0.304631 -0.989247 -0.077240
479523907 -1.044560 16.508972 -0.186018 0.675948 -1.094571 0.334746
499504063 -2.913454 15.482455 -1.122396 0.562571 -1.007910 0.192648
519484167 -1.477830 10.945763 -0.098543 0.771933 -0.840807 0.321091
539464271 -6.372262 6.705111 -3.094024 1.513685 -0.444805 1.309916
559444375 -13.388380 -3.619567 -10.383366 1.192873 0.532332 1.749197
579424480 -18.923582 -20.708860 -14.048810 0.926915 1.005664 1.880400
599404584 -9.782730 -41.831768 -12.933552 2.836236 1.350729 -0.010560
619384688 5.114851 -34.648289 23.132069 2.288363 0.431879 -0.162719
639364792 11.074343 -14.067153 42.539955 0.693842 0.200619 -0.314539
659344896 12.294373 -10.711782 21.992998 -2.420707 0.429613 -0.584740
679325000 5.113842 -9.287321 -5.657495 -0.879784 0.613380 -2.865320
699305105 -3.764726 -3.639977 -21.334595 -1.811072 -0.138433 2.864016
719285209 -5.679464 0.934715 -20.771736 2.846714 -0.484903 2.559615
739265313 -5.780568 2.112427 -11.524886 1.451272 -0.701464 1.041387
759245417 -3.898518 1.016662 -2.985101 1.067176 -0.239775 0.159440
779225521 -0.539479 -0.388382 1.615712 0.909082 -0.103262 -0.149124
799205625 2.124022 -0.768792 1.144543 0.222458 -0.095422 -0.341583
819185730 3.343349 -0.698542 0.169842 0.076862 -0.119273 -0.342085
839165834 2.473570 -0.127185 0.176026 0.471905 -0.165659 -0.171706
859145938 0.702320 -0.130975 0.645374 0.860225 -0.132663 0.029106
879126042 -0.915717 -0.230595 1.142785 0.988771 -0.122803 0.188649
899106146 -1.904670 -0.091743 1.276896 1.030237 -0.154075 0.197304
919086250 -1.631887 0.269289 -0.145635 0.843045 -0.220738 0.218842
939066355 -1.083121 0.534982 -1.263386 0.835056 -0.210396 0.074499
959046459 -0.013954 0.173907 -1.108850 0.766536 -0.161986 0.036598
979026563 -0.008644 0.048271 -0.522080 0.812338 -0.137367 0.027829
999006667 0.060897 0.028575 -0.258580 0.780705 -0.132896 0.031715
1018986771 0.130679 -0.021554 -0.120955 0.750290 -0.111857 0.038776
1038966875 -0.012402 0.089001 0.655344 0.831270 -0.136567 0.072012
1058946980 -0.341020 0.500063 1.042770 0.800567 -0.153095 0.092891
1078927084 -0.255445 0.708926 1.686608 0.807860 -0.151971 0.088084
1098907188 -0.524872 0.578435 2.173572 0.898262 -0.109783 0.102606
1118887292 -0.543429 -0.020169 2.478312 0.911583 -0.070506 0.118487
1138867396 -0.967923 -0.298489 1.964212 0.979212 -0.100881 0.142804
1158847500 -1.075840 0.333980 0.263017 0.848413 -0.227222 0.181432
1178827605 -0.682042 0.966462 -1.563565 0.620606 -0.305919 0.101307
1198807709 0.154497 0.645096 -2.526040 0.697603 -0.262301 0.082256
1218787813 -0.339288 0.282954 -2.091354 0.943179 -0.219604 0.219518
1238767917 -1.455146 0.413375 -0.765289 0.937391 -0.218535 0.249113
1258748021 -1.267383 0.490030 0.357885 0.903234 -0.180642 0.156351
1278728125 -0.337165 0.362418 -0.189307 0.687010 -0.241942 0.068798
1298708230 0.154753 0.891177 -0.609015 0.603738 -0.235715 0.012790
1318688334 0.612525 0.472094 0.206748 0.667098 -0.130286 -0.046412
1338668438 1.069347 -0.330834 1.179398 0.686528 -0.080362 -0.067242
1358648542 0.873422 -0.568314 1.092748 0.823821 -0.085206 -0.014887
1378628646 0.101614 -0.345400 0.367977 0.856214 -0.157906 0.072250
1398608750 -0.529595 0.296770 -1.056679 0.780583 -0.271203 0.144523
1418588855 -0.846853 0.939391 -1.950563 0.787478 -0.320729 0.172084
1438568959 -0.967858 0.976148 -1.496222 0.797496 -0.270291 0.158536
1458549063 -0.751494 0.758773 -0.473186 0.854126 -0.210331 0.100228
1478529167 -0.223698 0.339140 0.035395 0.754018 -0.167325 0.038300
1498509271 0.204726 0.096023 0.462678 0.805289 -0.123530 0.016604
