0 0.211613 0.084712 -0.182000 0.891277 0.005100 -0.138997
19979583 0.350160 0.178962 -0.257923 0.898040 -0.005497 -0.157305
39959166 0.334033 0.243830 -0.259549 0.882820 -0.012092 -0.155963
59938750 0.254409 0.099841 -0.070696 1.018372 0.004549 -0.145081
79918333 0.145014 0.071783 0.321792 0.970396 0.002901 -0.113380
99897916 -0.021973 0.111036 0.456808 0.954449 0.002901 -0.113380
119877500 -0.132322 0.188196 0.215670 0.932725 -0.006226 -0.105482
139857083 -0.030710 0.218385 -0.143435 0.879167 -0.010802 -0.120108
159836719 -0.016590 0.223153 0.005616 0.967125 -0.008302 -0.124154
179816354 0.001560 0.194579 0.036223 0.955145 -0.013589 -0.121010
199795989 -0.041303 0.233372 0.130646 0.974007 -0.013589 -0.121010
219775625 0.025631 0.239533 -0.061948 0.906204 -0.015837 -0.131860
239755260 0.102765 0.370570 -0.189418 0.877250 -0.030632 -0.142198
259734896 0.133399 0.412570 -0.127028 0.879990 -0.052616 -0.131719
279714531 0.039382 0.590412 0.206934 0.842093 -0.060748 -0.115605
299694166 -0.112282 0.670715 0.382868 0.895261 -0.060748 -0.115605
319673802 -0.113038 0.912082 0.794063 0.812545 -0.083194 -0.112178
339653437 0.018359 1.368384 1.365704 0.860632 -0.133074 -0.108172
359633073 -0.052088 1.599108 2.365700 0.780027 -0.140785 -0.102754
379612708 -0.089817 1.702199 3.042151 0.809515 -0.140785 -0.102754
399592344 -0.099482 2.238557 3.276857 0.768335 -0.235418 -0.088696
419571979 -0.290863 2.843766 3.705841 0.803487 -0.283249 -0.045949
439551614 -0.968556 3.551378 4.549680 0.839210 -0.365143 -0.013582
459531250 -1.656372 4.946565 5.705844 0.760477 -0.507843 -0.005828
479510885 -2.000228 7.107087 5.628273 0.837970 -0.507843 -0.005828
499490521 -2.010328 9.821874 4.058509 0.728524 -0.709664 -0.007940
519470156 -3.159136 11.412424 1.212240 0.730142 -0.903432 0.116682
539449791 -4.462148 11.564138 -3.017776 0.983014 -1.103268 0.419404
559429427 -4.728939 11.747948 -3.541609 1.081723 -1.116448 0.532163
579409062 -5.036134 10.242547 -3.044705 1.034399 -1.013401 0.578215
599388698 -5.937794 7.468010 -3.392137 1.168244 -0.844624 0.729737
619368333 -3.433139 6.610587 -4.625018 -0.877727 -1.302078 -1.251910
639347969 1.757009 4.604384 -9.232697 -0.894562 -1.302078 -1.251910
659327604 7.838324 -3.595816 -17.299988 -1.226484 0.804015 -2.189663
679307239 14.354567 -18.827780 -20.222420 -1.207994 0.804015 -2.189663
699286875 11.739277 -38.090176 -19.747187 -1.367549 1.158572 -2.222248
719266510 -7.275275 -35.540047 -5.328647 1.422662 1.437388 0.880817
739246146 -13.095461 -16.898037 14.463013 1.253745 0.713085 0.385652
759225781 9.462229 -7.893018 39.240726 0.953425 0.233030 -0.276352
779205416 15.746804 -2.844175 22.915136 0.556964 0.146879 -0.531978
799185052 1.026314 -6.851584 -10.423478 -1.774959 1.193663 -1.837066
819164687 -7.869535 -3.590241 -18.794086 -0.080829 0.435252 2.570427
839144323 -2.880426 0.392285 -14.534811 -0.554318 0.202386 2.980084
859123958 3.596045 1.676378 -8.728524 -0.702845 -0.027337 -1.077095
879103594 3.872468 1.704490 -5.526023 -0.707913 -0.027337 -1.077095
899083229 1.833600 0.665287 -3.417794 0.101377 0.129976 -0.726499
919062864 1.419577 -0.230911 -0.075582 0.798808 0.201187 -0.488113
939042500 0.979326 -1.089875 3.971163 0.935905 0.214704 -0.327012
959022135 0.799087 -1.414807 4.593550 1.084365 0.225083 -0.306088
979001771 1.290061 -1.232588 2.719566 0.933715 0.226325 -0.490580
998981406 1.544872 -0.799348 0.220686 0.768465 0.226325 -0.490580
1018961041 1.285946 -0.315423 -1.279715 0.739831 0.161562 -0.531447
1038940677 1.128903 0.062864 -1.393509 0.647764 0.161562 -0.531447
1058920312 0.973462 0.130419 -1.181314 0.651171 0.153340 -0.512463
1078899948 1.100627 0.076352 -0.386468 0.707655 0.149662 -0.492157
1098879583 1.523643 -0.116737 0.487263 0.668541 0.154567 -0.490959
1118859219 1.292757 -0.190782 0.430916 0.718037 0.163427 -0.470702
1138838854 1.124175 -0.021658 0.324886 0.834553 0.148950 -0.458263
1158818489 1.053474 -0.011694 0.259038 0.823999 0.146676 -0.473657
1178798125 1.068906 0.035264 -0.092622 0.777930 0.146676 -0.473657
1198777760 1.142846 -0.145884 -0.025453 0.660283 0.160555 -0.474620
1218757396 0.859054 -0.028281 -0.064976 0.754572 0.148483 -0.450926
1238737031 0.568714 0.119283 -0.111086 0.738261 0.134543 -0.432759
1258716666 0.283711 0.187683 -0.833735 0.828715 0.134543 -0.432759
1278696302 0.341807 0.334307 -1.199334 0.759311 0.125296 -0.455002
1298675937 0.637709 0.143379 -0.613281 0.799753 0.139306 -0.456289
1318655573 0.136562 0.108412 -0.197513 0.908118 0.160013 -0.338381
1338635208 -0.300992 -0.031664 -0.061450 0.978312 0.160013 -0.338381
1358614844 -0.229764 0.024416 0.007851 0.905031 0.156184 -0.337918
1378594479 0.073149 -0.114827 0.184226 0.928698 0.169588 -0.353788
1398574114 -0.139933 -0.355547 0.205790 1.015265 0.198869 -0.317005
1418553750 -0.935849 -0.388613 0.095035 1.105146 0.215451 -0.216151
1438533385 -1.046647 -0.304843 0.256673 1.075736 0.211268 -0.176251
1458513021 -0.624794 -0.271488 0.178409 1.076061 0.214418 -0.199372
1478492656 -0.467500 -0.148445 0.159948 1.012315 0.202390 -0.216469
1498472291 -0.235872 -0.082400 0.129996 0.986132 0.202390 -0.216469
