0 0.042591 0.041795 1.692330 1.015589 -0.017180 0.027469
19980312 0.111886 0.095504 0.219893 0.967330 -0.039815 0.024205
39960625 0.101420 0.374657 -0.254336 0.916619 -0.072549 0.028810
59940937 0.157341 0.580014 -0.117192 0.845229 -0.070380 -0.005871
79921250 0.669139 0.385264 0.121620 0.858915 -0.047399 -0.061069
99901562 1.012112 0.213899 -0.213427 0.852845 -0.052895 -0.069276
119881875 0.611514 0.502201 -0.601731 0.823124 -0.116872 0.005832
139862187 -0.194587 1.152773 -0.680866 0.837309 -0.159517 0.056959
159842500 -0.233727 1.204720 -0.690313 0.833599 -0.144732 0.033303
179822812 -0.031376 1.082389 -0.451418 0.817360 -0.121735 0.013305
199803125 0.100509 0.950900 0.044036 0.864275 -0.130252 0.038421
219783437 -0.631852 1.454631 -0.254354 0.887946 -0.203705 0.110883
239763750 -0.780763 2.046988 -0.275257 0.783056 -0.245339 0.083678
259744062 -0.336688 2.481827 -0.522895 0.676206 -0.286833 0.003630
279724375 0.540085 2.946407 -0.134573 0.556541 -0.357196 -0.043792
299704687 0.239204 5.115072 0.717731 0.510301 -0.538137 0.035659
319685000 -0.206518 7.718086 1.903107 0.478653 -0.615050 0.024568
339665312 0.506637 9.437644 3.325887 0.356398 -0.635906 -0.061567
359645625 2.373315 11.518494 5.108214 0.177004 -0.741709 -0.180648
379625937 3.667915 15.959242 4.796184 0.186037 -0.958502 -0.146009
399606250 0.830348 20.727350 2.445722 0.446672 -1.114487 0.068653
419586562 -0.533707 22.800213 0.458155 0.496396 -1.240977 0.137665
439566875 -1.371590 19.954456 -3.521482 0.805914 -1.327543 0.428367
459547187 -0.777120 9.441958 -7.370969 -0.076291 -0.964612 -0.444600
479527500 -2.236593 -6.330574 -10.972150 0.652707 0.624211 2.258676
499507812 -18.162449 -22.478899 -24.618706 0.269117 1.150348 2.494526
519488125 5.915441 -50.907700 -15.780405 -2.176631 1.317683 -1.144365
539468437 13.058435 -48.315903 16.334167 -3.127479 0.660407 -0.056264
559448750 -3.799168 -15.765606 31.673725 1.096908 0.201864 0.356699
579429062 -13.763089 -1.343861 20.973007 1.029362 -0.003827 0.672207
599409375 -15.998628 0.322629 4.368063 1.327976 0.012015 1.138604
619389687 -10.724436 -1.175201 -7.121909 1.271668 0.302218 1.601644
639370000 -0.846531 -2.908054 -11.463779 -1.178157 0.597947 -2.326974
659350312 3.357671 -1.799028 -11.197936 -1.387784 0.037314 -1.483360
679330625 1.447290 0.541164 -7.588124 0.289005 -0.449270 -0.222719
699310937 -0.144017 1.583801 -5.422991 0.796125 -0.392895 0.123628
719291250 -1.158212 1.297267 -3.982492 1.035573 -0.169562 0.156129
739271562 -0.901832 0.514004 -1.426547 1.162214 -0.036594 0.074736
759251875 -0.181592 0.009436 0.335848 1.044101 -0.004554 0.010401
779232187 -0.039486 0.036899 0.699424 1.076576 -0.008513 0.052662
799212500 -0.710749 0.067744 0.510035 1.146506 -0.002256 0.135497
819192812 -1.081060 0.010266 0.668604 1.101173 0.021423 0.121817
839173125 -0.636363 -0.397720 1.298882 1.213843 0.059763 0.086908
859153541 -0.414540 -0.755362 1.454783 1.139934 0.071680 0.063352
879133958 -0.273436 -0.561229 0.462753 1.130135 0.045001 0.063749
899114375 -0.201660 -0.247219 -0.703330 0.954602 0.014271 0.030910
919094791 0.241803 -0.069588 -1.277402 1.061483 0.005951 0.031616
939075208 -0.008052 -0.025631 -0.944434 0.969446 -0.016259 0.071953
959055625 -0.530686 0.359980 -0.918875 1.080576 -0.062165 0.170462
979036041 -1.410685 0.784435 -0.155843 1.145755 -0.084855 0.237471
999016458 -1.868339 0.929569 0.169474 1.044660 -0.081051 0.243517
1018996875 -1.588527 0.729030 0.422037 1.061473 -0.036598 0.192891
1038977291 -1.045768 0.180657 0.254923 1.159470 0.024586 0.114477
1058957708 -0.061185 -0.449278 0.502721 1.118175 0.062582 0.024715
1078938125 0.322806 -0.406276 -0.057293 1.058245 0.029186 0.031457
1098918541 0.076282 -0.035050 -0.658552 1.049239 -0.014467 0.076302
1118898958 -0.204507 0.252793 -0.808607 1.043201 -0.034621 0.102210
1138879375 -0.267368 0.353753 -0.506482 1.094539 -0.050753 0.122297
1158859739 -0.526115 0.417981 -0.506966 1.016237 -0.047761 0.163181
1178840052 -0.796078 0.514834 -0.291854 1.060264 -0.056841 0.175340
1198820364 -0.806133 0.445824 -0.097013 1.073753 -0.018976 0.126040
1218800677 -0.083560 0.079247 0.713312 0.978658 0.008497 0.042418
1238780989 0.231349 -0.052694 0.493109 0.905921 0.008485 0.044082
1258761302 0.156417 0.052593 -0.503989 0.977842 0.000619 0.026362
1278741614 0.341946 0.092898 -1.102666 0.882979 -0.011121 0.012611
1298721927 0.351129 0.210023 -1.007581 0.924853 -0.000465 -0.007562
1318702239 0.599837 0.015098 -0.639729 0.926042 0.028990 -0.011253
1338682552 0.441279 -0.138473 0.149329 0.961434 0.024849 0.022484
1358662864 -0.116639 0.058930 1.099212 1.013778 -0.005745 0.086770
1378643177 -0.753277 0.410562 1.523870 1.006290 -0.038395 0.141838
1398623489 -1.149531 0.741689 1.414810 0.903602 -0.063866 0.125366
1418603802 -0.594511 0.656465 1.084598 0.950017 -0.050664 0.078129
1438584114 -0.242311 0.508027 -0.203948 0.904658 -0.069987 0.064936
1458564427 -0.342189 0.648910 -0.967507 0.954910 -0.075732 0.083465
1478544739 -0.372137 0.595226 -0.934936 0.995684 -0.053519 0.073603
1498525052 -0.289483 0.346815 -0.898968 1.025392 -0.030965 0.068319
