0 -0.398493 0.440356 0.155247 0.880946 -0.026093 -0.023494
19979583 -0.172154 0.295512 -0.649553 0.833148 -0.027569 -0.101105
39959166 0.249363 0.409883 -0.547932 0.893471 -0.027569 -0.101105
59938750 0.454383 0.482126 -0.103736 0.802163 -0.034189 -0.118731
79918333 0.221215 0.403576 -0.003287 0.851958 -0.027030 -0.094013
99897916 -0.045670 0.212008 -0.211205 0.888310 -0.008011 -0.068486
119877500 -0.216815 0.210402 -0.240437 0.880627 -0.008560 -0.051035
139857083 -0.048803 0.132543 -0.416726 0.934929 -0.001960 -0.087173
159836718 0.095301 0.172801 -0.239298 0.857481 0.012996 -0.090352
179816354 0.118336 0.053611 -0.039460 0.984169 0.012996 -0.090352
199795989 -0.054820 0.042475 0.320857 0.968293 0.015409 -0.072216
219775625 -0.115674 0.016743 0.312143 0.958838 0.019556 -0.070946
239755260 -0.104721 0.033937 0.150255 0.969329 0.017147 -0.076439
259734895 -0.061451 0.083236 0.128334 0.947119 0.017147 -0.076439
279714531 -0.053056 0.024382 0.353563 0.920139 0.025318 -0.077507
299694166 -0.148059 -0.066889 0.664613 1.000657 0.035134 -0.068597
319673802 -0.111944 0.044158 0.537511 0.884738 0.025247 -0.073986
339653437 -0.146770 0.229196 0.417322 0.921545 0.006194 -0.070521
359633073 -0.142429 0.489971 0.239460 0.844728 -0.022458 -0.069791
379612708 -0.043521 1.052222 -0.081818 0.705311 -0.170016 -0.069692
399592343 -0.103755 1.872982 -0.159863 0.645441 -0.276652 -0.012434
419571979 -0.636235 3.004098 0.083371 0.669689 -0.276652 -0.012434
439551614 -0.331079 3.476819 0.590043 0.505073 -0.392713 -0.082111
459531250 0.062912 4.731367 1.178450 0.448698 -0.458624 -0.102132
479510885 0.386750 6.433746 2.899760 0.432054 -0.528690 -0.139550
499490520 1.112258 8.544760 4.744226 0.203934 -0.650191 -0.296925
519470156 3.175967 10.145205 3.321885 0.192490 -0.650191 -0.296925
539449791 3.873462 12.784291 -0.082542 0.059141 -1.049009 -0.368429
559429427 2.198476 14.098959 -1.958724 0.072148 -1.049009 -0.368429
579409062 -1.093343 14.281875 -0.499387 0.861921 -1.016937 0.429644
599388698 -4.981330 14.225031 -1.482813 1.560952 -1.154967 1.177327
619368333 -6.842241 13.661969 -7.352591 2.216550 -1.110041 1.862754
639347968 -5.677135 9.468156 -11.016444 2.223008 -1.110041 1.862754
659327604 11.098096 -6.115177 -9.342139 -1.519404 0.439168 -1.556605
679307239 28.370874 -37.599014 -16.029125 -1.794681 0.866276 -1.785956
699286875 3.962497 -50.195625 -11.985363 1.257730 0.689336 0.846800
719266510 -23.408346 -18.477427 9.183919 1.360037 0.323388 0.197219
739246145 -18.929943 -24.907791 71.759178 1.267505 0.323388 0.197219
759225781 17.407450 -21.142307 35.246536 -1.489150 0.602551 -1.978008
779205416 16.089231 -14.822554 -17.654049 -1.607324 0.602551 -1.978008
799185052 0.941174 -4.289721 -37.371044 -1.566155 -0.134906 -2.620794
819164687 7.497393 0.650697 -23.097816 -0.403777 -0.538358 -0.635492
839144323 4.894441 3.491906 -2.911389 -0.374522 -0.538358 -0.635492
859123958 1.981083 0.892093 -5.945681 0.331852 -0.787693 -0.160518
879103593 -0.169068 0.197287 -8.089350 -0.009284 -0.228710 -0.416212
899083229 2.268420 0.480744 -3.193743 -0.056666 -0.124521 -0.427863
919062864 3.326773 0.271767 -0.710955 0.237728 -0.124521 -0.427863
939042500 1.466645 0.018728 -1.005498 0.598015 -0.081487 -0.263482
959022135 1.175646 -0.673815 0.241081 1.267314 0.068407 -0.163610
979001770 0.960319 -1.166474 2.053308 1.236214 0.054783 -0.164449
998981406 0.924369 -0.916757 1.691326 1.235494 0.054783 -0.164449
1018961041 0.637177 -0.090473 0.203396 0.920727 -0.059692 -0.097122
1038940677 0.073461 0.473419 -0.148359 1.064682 -0.059692 -0.097122
1058920312 -0.506094 0.476144 0.686722 1.208800 0.007207 -0.009032
1078899948 -0.831056 -0.034356 1.677114 1.163061 0.007207 -0.009032
1098879583 -0.696218 -0.323476 1.665699 1.156567 0.014189 -0.046260
1118859218 -0.550292 -0.069647 0.784927 1.075848 -0.025888 -0.075389
1138838854 -0.311306 0.380529 0.591881 1.081248 -0.023458 -0.093559
1158818489 -0.151366 0.392150 1.036011 1.033723 -0.023458 -0.093559
1178798125 -0.180321 0.153890 1.196588 1.035405 0.014155 -0.116309
1198777760 0.002918 -0.025583 1.094384 1.060176 0.015138 -0.141395
1218757395 0.251683 -0.057591 0.664710 1.034660 -0.000413 -0.139810
1238737031 0.234088 0.077367 0.161626 1.053278 -0.000413 -0.139810
1258716666 0.176654 0.224969 -0.113069 0.953486 -0.042055 -0.133611
1278696302 0.193438 0.399046 -0.272401 0.852305 -0.056023 -0.169527
1298675937 0.456495 0.483047 -0.733077 0.944057 -0.059482 -0.158857
1318655573 0.321796 0.501836 -0.919683 0.903093 -0.059482 -0.158857
1338635208 0.128199 0.375163 -0.620481 1.055525 -0.008307 -0.119754
1358614791 0.094265 0.068009 -0.070768 1.149292 0.003504 -0.116303
1378594375 0.107995 -0.043701 -0.032118 1.119521 0.009958 -0.124401
1398573958 0.224325 -0.061085 -0.600361 1.137909 0.037841 -0.128750
1418553541 0.401154 -0.199441 -1.070728 1.349658 0.142017 -0.100408
1438533125 0.483039 -0.977684 -0.985483 1.420442 0.166488 0.070677
1458512708 -0.623121 -1.224270 -0.117142 1.357125 0.166488 0.070677
1478492291 -1.687258 -0.620336 1.346255 1.329490 0.126608 0.097735
1498471875 -0.173198 -0.988433 0.793649 1.272845 0.126608 0.097735
