0 -0.013285 0.558546 -0.379894 0.962166 -0.102456 -0.164791
19979636 0.292409 0.618856 -0.570114 0.946410 -0.111673 -0.193144
39959271 0.687389 0.835778 -0.438810 0.813742 -0.133739 -0.231400
59938907 0.680276 1.100027 -0.569265 0.815055 -0.165263 -0.237833
79918542 0.368227 1.207966 -0.723112 0.760905 -0.181991 -0.212322
99898177 0.153725 1.244371 -0.707383 0.737437 -0.188899 -0.179435
119877813 0.063345 1.297239 -0.544898 0.845304 -0.188899 -0.179435
139857448 -0.179155 1.288418 0.230316 0.922393 -0.175833 -0.147104
159837084 0.053213 1.320213 0.978178 0.677236 -0.248599 -0.214483
179816719 0.409192 2.223381 1.001115 0.714477 -0.248599 -0.214483
199796354 0.086397 3.415295 0.939724 0.676462 -0.350601 -0.189850
219775990 -0.542785 4.528149 2.156318 0.697153 -0.432342 -0.091670
239755625 -0.636507 5.712376 3.725469 0.716603 -0.432342 -0.091670
259735261 0.158112 6.658824 4.729323 0.668985 -0.461515 -0.144950
279714896 0.643848 7.368189 4.878904 0.462831 -0.583887 -0.283005
299694532 1.323199 7.838732 3.415483 0.483204 -0.583887 -0.283005
319674167 1.890997 8.944798 0.047690 0.216971 -0.774528 -0.440503
339653802 2.334843 10.132869 -2.410006 0.017963 -0.935903 -0.615218
359633438 1.882579 9.703835 -2.768876 0.330881 -0.904886 -0.365646
379613073 -0.025854 8.725080 -1.597289 0.333871 -0.904886 -0.365646
399592709 -0.772828 6.694789 -2.978036 0.421171 -0.906866 -0.357285
419572344 0.905667 3.589161 -7.014080 -1.136734 -0.048366 -1.032230
439551979 1.787714 -1.098550 -6.628237 -1.961603 0.696968 -1.500243
459531615 3.560733 -6.155415 -8.904140 -1.961603 0.696968 -1.500243
479511250 1.775813 -11.530311 -13.152594 -1.455004 1.099402 -2.298275
499490886 -2.552950 -19.021959 -13.724390 -0.622406 1.350233 3.085643
519470521 -6.613776 -25.195698 -7.438828 1.224196 1.402726 1.192504
539450157 -9.468535 -20.642000 3.001097 1.686754 1.041568 0.523799
559429792 -8.875872 -10.015963 12.695511 1.191227 0.260842 -0.107742
579409427 -0.440330 -4.085907 19.032928 0.939474 0.212042 -0.466583
599389063 8.878050 -3.052688 15.095082 -0.634694 0.319619 -0.923995
619368698 8.292208 -2.391750 -1.045333 -1.984686 0.671156 -1.292925
639348334 2.391617 -1.960691 -8.153371 -1.955126 0.671156 -1.292925
659327969 -1.135184 -0.789370 -6.903953 1.595945 0.413964 -0.062305
679307604 -1.811247 -0.296559 -5.660891 1.018481 0.201096 -0.479120
699287240 0.044261 0.284055 -4.999048 0.990310 0.201096 -0.479120
719266875 2.082328 1.258720 -4.180980 -0.114849 0.006426 -0.708443
739246511 2.706939 1.031819 -2.937807 0.018167 0.043479 -0.672439
759226146 1.763476 0.277256 -0.911210 0.819024 0.127838 -0.457200
779205782 0.416381 -0.324981 0.899783 1.198363 0.185785 -0.239301
799185417 0.112153 -0.397512 0.876698 1.218173 0.185785 -0.239301
819165052 0.781794 -0.084995 0.502573 1.120255 0.160913 -0.315034
839144688 1.154615 0.102437 0.256281 1.012500 0.144202 -0.357751
859124323 1.434164 0.211936 -0.514228 0.905704 0.142634 -0.406992
879103959 1.222678 0.415953 -0.634823 0.974599 0.115883 -0.306891
899083594 0.551972 0.540924 -0.409442 0.928123 0.115883 -0.306891
919063229 0.158656 0.542327 -0.327088 1.008427 0.119914 -0.267421
939042865 0.049120 0.239018 -0.012220 1.046470 0.160057 -0.280316
959022500 0.320061 0.141382 0.172968 0.967375 0.143954 -0.311979
979002136 0.690062 0.275228 0.433427 1.008393 0.136631 -0.333876
998981771 0.922950 0.356113 0.460743 0.994761 0.147599 -0.305982
1018961407 0.621188 0.275605 0.424911 1.083293 0.158937 -0.257335
1038941042 0.156559 0.168226 0.539603 1.080432 0.156920 -0.250900
1058920677 0.060741 0.218593 0.387246 1.080432 0.156920 -0.250900
1078900313 -0.140972 0.172368 0.314736 1.130884 0.155010 -0.229567
1098879948 -0.110679 0.222302 0.425018 1.130884 0.155010 -0.229567
1118859584 0.074560 0.140505 0.661101 1.088399 0.155368 -0.238494
1138839219 0.155228 0.013078 0.790984 1.124521 0.159298 -0.237589
1158818854 0.198353 -0.042420 0.827682 1.060063 0.155197 -0.234197
1178798490 0.098705 0.065748 0.516500 1.090443 0.139532 -0.225417
1198778125 -0.114236 0.413208 -0.398192 1.090488 0.109048 -0.219797
1218757761 -0.042494 0.654195 -1.009054 1.000496 0.086736 -0.240522
1238737396 -0.004347 0.598012 -0.705984 0.980073 0.090757 -0.237297
1258717032 0.038499 0.439846 -0.407747 1.085202 0.115923 -0.232519
1278696667 0.040976 0.343939 -0.310346 1.085202 0.115923 -0.232519
1298676302 0.031812 0.322136 -0.279166 1.103009 0.119664 -0.227713
1318655938 0.056052 0.443680 -0.313519 1.086359 0.110484 -0.227524
1338635573 -0.168971 0.355091 0.031476 1.012485 0.119525 -0.194199
1358615209 -0.427547 0.195720 0.420912 1.158221 0.133055 -0.161173
1378594844 -0.423892 0.175533 0.466259 1.066390 0.134808 -0.162373
1398574479 -0.248567 0.242208 0.360322 1.024527 0.124495 -0.198848
1418554115 -0.139513 0.292484 0.292540 1.145349 0.124495 -0.198848
1438533750 -0.012127 0.218698 0.248780 1.093147 0.131366 -0.213038
1458513386 0.035086 0.235013 0.130081 1.086606 0.130338 -0.219364
1478493021 -0.090186 0.320909 0.313509 1.113970 0.114609 -0.189931
1498472657 -0.212268 0.322573 0.450868 1.113970 0.114609 -0.189931
