0 0.329590 -0.278730 0.935457 1.119818 0.014403 -0.036578
19980312 -0.205814 0.227045 -0.460802 1.044850 -0.031915 0.017962
39960625 -0.537514 0.551081 -0.139644 0.953959 -0.045534 0.034784
59940937 -0.580851 0.580694 0.649293 0.944308 -0.050124 0.039841
79921250 -0.675829 0.709936 0.769375 0.993621 -0.061975 0.033447
99901562 -0.400868 0.659969 0.083138 1.010679 -0.069752 0.020388
119881875 -0.296583 0.677394 -0.280251 0.926171 -0.073716 0.013982
139862187 -0.162717 0.702751 -0.043586 0.967084 -0.074419 0.003458
159842500 -0.100077 0.698148 0.025517 0.922598 -0.081514 0.018126
179822812 -0.190931 0.781161 0.209117 0.901607 -0.092702 0.017790
199803021 -0.080278 0.835175 -0.029991 0.945271 -0.106581 0.017140
219783229 -0.145728 1.087064 -0.189232 0.836138 -0.157265 0.042395
239763437 -0.545361 1.804289 -0.254664 0.800330 -0.257099 0.094859
259743646 -0.886477 2.928560 -0.238596 0.756525 -0.360857 0.126912
279723854 -1.079972 3.947881 0.271332 0.698576 -0.401201 0.114399
299704062 -0.796375 4.790385 1.635322 0.653595 -0.433876 0.088895
319684271 -0.839078 5.745782 2.433583 0.606724 -0.519929 0.106745
339664479 -1.712235 7.289132 1.736593 0.755270 -0.680337 0.265159
359644687 -3.643104 9.652877 0.584270 0.743882 -0.831168 0.334162
379624896 -1.562644 10.002276 -0.515670 0.269340 -0.859016 -0.120929
399605104 3.413307 8.495186 -0.713577 -0.185611 -0.714462 -0.513354
419585312 6.784534 8.877695 1.505509 -0.199761 -0.636992 -0.556818
439565521 6.961873 10.704748 3.947237 -0.059222 -0.702897 -0.416805
459545729 3.537047 11.666026 3.126132 0.189507 -0.891452 -0.260677
479525937 1.442732 11.138250 -1.625327 0.171916 -1.161515 -0.279339
499506146 -0.944518 5.721054 -8.483557 2.909570 -0.812118 2.576557
519486354 -6.539457 -3.637646 -14.974495 0.728276 0.469920 2.225898
539466562 -16.999674 -16.774029 -20.499666 0.635605 0.929163 2.128139
559446771 -13.634083 -36.647171 -16.344421 1.516167 1.348719 1.218896
579426979 -2.469152 -38.074795 11.301061 2.662528 0.738975 -0.096487
599407187 8.499478 -17.907040 28.421453 -0.017060 0.307792 -0.245704
619387396 12.893609 -10.058925 32.642132 -0.050652 0.318453 -0.260985
639367604 2.900598 -7.985505 17.528069 1.028950 0.361878 0.248192
659347812 -7.600076 -5.327003 0.656797 1.221009 0.431127 1.100032
679328021 -8.561320 -3.540615 -9.593908 1.144681 0.168001 1.829476
699308229 -7.566746 -0.817007 -13.514997 1.418908 -0.211081 2.100278
719288437 -4.902997 1.978651 -12.892630 2.024973 -0.753588 2.054892
739268646 -1.919545 2.482102 -9.417225 0.471058 -0.855075 0.059610
759248854 0.495357 1.247044 -5.473606 0.245577 -0.200287 -0.249584
779229062 1.477190 0.094434 -2.778842 0.552249 -0.044233 -0.187929
799209271 1.096154 -0.533913 -1.667858 0.795799 -0.001242 -0.059499
819189479 0.464422 -0.483675 0.504437 0.924739 -0.019855 0.059138
839169687 -0.779041 -0.292125 1.260243 1.038298 -0.043190 0.178909
859149896 -1.577905 0.017835 0.644652 1.018555 -0.082547 0.214328
879130104 -0.985603 0.263186 -0.308084 0.897390 -0.100211 0.138474
899110312 -0.251752 0.114259 -0.972332 0.857787 -0.061326 0.073797
919090521 0.181599 -0.293047 -0.523365 0.942520 -0.023955 0.058702
939070729 -0.114201 -0.283862 -0.338875 0.991019 -0.061314 0.116255
959050937 -0.459080 0.081430 -0.598746 0.899527 -0.097724 0.140365
979031146 -0.608879 0.320352 -0.718429 0.925765 -0.120672 0.188991
999011354 -1.292186 0.565167 -0.787899 0.934128 -0.143106 0.253466
1018991562 -1.298569 0.659471 -0.322968 0.929728 -0.116794 0.187083
1038971771 -0.680885 0.266865 -0.308082 0.976277 -0.095185 0.152210
1058951979 -0.786310 0.393376 -0.061731 0.988112 -0.104975 0.180547
1078932187 -0.881072 0.220405 0.985338 0.935121 -0.056759 0.122356
1098912396 -0.006121 -0.298067 1.055155 0.810969 -0.042015 0.030123
1118892604 0.752906 -0.419366 -0.103408 0.727935 -0.070113 0.021522
1138872812 0.338495 -0.030308 -0.650300 0.825007 -0.135286 0.095357
1158853021 -0.457467 0.539997 -0.326038 0.838556 -0.168448 0.143469
1178833229 -0.485778 0.703424 -0.012202 0.837360 -0.169344 0.102521
1198813437 -0.082909 0.518969 -0.017803 0.811835 -0.127350 0.055794
1218793698 0.146419 0.102295 0.006703 0.771038 -0.103851 0.043232
1238774010 0.211708 0.062124 -0.182865 0.802712 -0.126854 0.050240
1258754323 -0.071015 0.390495 -0.825440 0.852058 -0.182881 0.097959
1278734635 -0.385022 0.822702 -1.126952 0.725385 -0.212910 0.118427
1298714948 -0.405572 0.830404 -0.860118 0.837158 -0.163549 0.118766
1318695260 -0.421576 0.448656 0.197154 0.810528 -0.115637 0.102257
1338675573 -0.282504 0.184151 0.853000 0.920407 -0.092783 0.084387
1358655885 -0.088134 0.116098 0.716591 0.856093 -0.096386 0.073531
1378636198 -0.065304 0.110421 0.123643 0.785800 -0.111278 0.075784
1398616510 0.112908 0.226901 -0.165899 0.753241 -0.126563 0.056170
1418596823 0.244448 0.294103 -0.260817 0.738779 -0.120597 0.049337
1438577135 0.407783 0.091549 -0.013303 0.774531 -0.104222 0.032474
1458557448 0.396432 0.070125 -0.305086 0.764182 -0.129742 0.060641
1478537760 0.091596 0.401572 -0.435941 0.728898 -0.165056 0.094968
1498518073 -0.167150 0.506581 -0.634724 0.797093 -0.170789 0.138758
