0 0.408916 0.334170 -0.014463 1.059114 -0.068501 -0.068970
19980521 0.580373 0.338922 -0.185555 0.998050 -0.070764 -0.074629
39961042 0.444098 0.356034 0.211934 0.967642 -0.070764 -0.074629
59941563 0.100327 0.330189 0.493543 1.053961 -0.068471 -0.041141
79922083 -0.173747 0.268236 0.158419 1.088208 -0.066003 -0.016290
99902604 0.106260 0.310770 0.224975 1.041166 -0.071268 -0.044665
119883125 0.235658 0.457187 0.558379 0.982228 -0.086075 -0.054864
139863646 -0.115580 0.589274 0.361610 0.983594 -0.104858 -0.020244
159844167 -0.679388 0.707556 0.399088 1.011735 -0.133100 0.058860
179824688 -0.904251 0.702317 0.256253 1.034383 -0.133100 0.058860
199805208 -0.462308 0.984267 -0.442656 0.913591 -0.205557 -0.007588
219785729 -0.260307 1.206173 -0.553681 0.881738 -0.226791 0.000266
239766250 -0.334121 1.457277 -0.312420 0.878691 -0.226791 0.000266
259746771 -0.631941 1.685995 0.095499 0.887696 -0.240773 0.028145
279727292 -1.058998 1.959379 0.718973 0.943267 -0.254683 0.062739
299707813 -1.020274 2.292154 0.658621 0.807126 -0.335069 0.037264
319688333 -0.856214 2.657628 0.402886 0.846484 -0.341285 0.051829
339668854 -1.086137 2.862039 1.079638 0.812486 -0.341285 0.051829
359649375 -1.162665 3.105696 0.973270 0.872497 -0.379214 0.050638
379629896 -1.110763 3.503473 -0.180196 0.623163 -0.557591 -0.013221
399610417 -0.766622 4.198325 -0.352967 0.259973 -0.671257 -0.277661
419590938 1.228933 4.757591 -1.721893 0.185083 -0.687487 -0.347675
439571458 2.136289 5.924495 -0.656906 0.264976 -0.668154 -0.313114
459551979 2.148392 6.469195 0.626269 0.244024 -0.668154 -0.313114
479532500 0.683611 6.401818 0.281823 0.438651 -0.702898 -0.191186
499513021 0.309651 6.071162 -0.669588 0.420869 -0.738891 -0.178608
519493542 0.446184 6.148391 -1.334771 0.410248 -0.781389 -0.214046
539474063 -0.345068 6.161041 -1.467530 0.486888 -0.799119 -0.119680
559454583 -0.813036 6.533973 -2.377679 0.551686 -0.882861 -0.061136
579435104 1.297172 6.935473 -4.668930 0.011439 -1.028477 -0.470733
599415625 3.247909 4.567226 -6.881624 -0.637919 -0.901661 -1.030182
619396146 3.590910 -1.700740 -8.017908 -1.472064 0.042884 -1.263524
639376667 3.731718 -11.829661 -7.163508 -2.478291 1.088153 -1.149125
659357188 2.077744 -19.692621 -3.110143 -3.129407 1.196551 -0.596984
679337708 -0.759161 -22.899021 -0.241496 2.689030 1.191920 -0.251786
699318229 -4.854424 -17.345121 2.885995 2.061225 0.989863 0.106179
719298698 -5.240254 -8.474737 1.392346 1.496366 0.240674 -0.019800
739279167 -3.737849 -1.322203 5.114629 1.365121 0.247528 -0.245319
759259636 2.168368 -4.637540 17.308380 1.331948 0.247528 -0.245319
779240104 7.424533 -3.259674 10.690660 1.117324 0.213988 -0.542418
799220573 5.648796 -2.144858 -3.551324 -1.059152 0.295360 -1.061504
819201042 0.465657 -1.169653 -7.937592 -1.864904 0.451099 -1.316837
839181511 -3.473288 0.263232 -9.349715 -1.864904 0.451099 -1.316837
859161979 -4.244481 0.421102 -6.311707 1.407297 0.233212 0.085439
879142448 -1.043222 -0.065841 -3.134837 1.293206 0.197616 -0.546768
899122917 2.257088 0.097217 -0.866190 0.890628 0.126405 -0.725046
919103386 3.253579 0.385513 0.838862 0.761395 0.091011 -0.691704
939083854 1.477926 -0.010046 2.680201 1.096075 0.118514 -0.486505
959064323 -0.451595 -0.536856 2.247680 1.179876 0.171724 -0.356544
979044792 -0.808256 -0.688645 0.912437 1.288028 0.204946 -0.372678
999025261 0.198649 -0.364091 -0.496878 1.214748 0.187547 -0.532088
1019005729 1.134555 0.063069 -0.573585 1.003220 0.134803 -0.621666
1038986198 1.145513 0.302102 -0.005840 0.911313 0.103468 -0.595450
1058966667 1.139801 0.307195 0.042000 0.931792 0.101149 -0.598009
1078947136 1.014941 0.169331 0.257173 1.088796 0.111428 -0.579183
1098927604 0.610524 0.092864 0.935200 1.077212 0.110589 -0.517258
1118908073 0.352697 -0.060657 0.987432 1.112303 0.120129 -0.497718
1138888542 0.281447 -0.003756 0.380585 1.144711 0.115930 -0.520135
1158869011 0.530378 0.094357 0.179446 1.046373 0.100875 -0.548239
1178849479 0.798690 0.071961 0.159401 1.056317 0.094913 -0.569439
1198829948 0.741427 0.205579 -0.054391 1.049751 0.076409 -0.576093
1218810417 0.416489 0.221855 -0.684692 1.037106 0.075500 -0.584607
1238790886 0.038842 0.292928 -0.671577 1.033131 0.066637 -0.551043
1258771354 0.073363 0.188363 -0.364027 1.096696 0.074278 -0.539286
1278751823 0.089392 0.150514 -0.002341 1.126049 0.073788 -0.522434
1298732292 0.120923 0.168683 -0.066206 1.118020 0.070637 -0.526433
1318712761 0.085937 0.204367 -0.354749 1.045793 0.068592 -0.537108
1338693229 0.109229 0.209239 -0.144555 1.112912 0.066725 -0.529827
1358673698 -0.015002 0.084328 -0.093002 1.176113 0.079755 -0.517651
1378654167 -0.201964 0.009603 -0.030828 1.161781 0.087523 -0.496328
1398634636 -0.314149 0.041953 -0.047835 1.130772 0.084649 -0.487083
1418615104 -0.294447 0.150087 0.119025 1.156682 0.071452 -0.488706
1438595573 -0.327691 0.156013 0.018373 1.158915 0.070764 -0.504498
1458576042 -0.345399 0.159408 -0.403725 1.067863 0.073169 -0.539703
1478556511 -0.188114 0.076711 -0.358914 1.132065 0.080966 -0.563536
1498536979 0.214891 0.092841 -0.334768 1.171412 0.077405 -0.606311
