0 -0.427052 0.168636 0.330979 1.082601 -0.102913 0.049659
19980208 -0.488192 0.260159 -0.647354 1.010921 -0.133477 0.066432
39960417 -0.427194 0.457242 -0.423908 1.010059 -0.134835 0.039956
59940625 -0.158829 0.479364 0.122684 0.922354 -0.125792 0.012614
79920729 0.028284 0.415185 0.358524 0.873082 -0.117974 0.001700
99900833 0.019172 0.326849 0.115828 0.990552 -0.119229 0.008052
119880937 -0.042006 0.293637 -0.238743 0.981177 -0.124700 0.018076
139861042 -0.063357 0.381717 -0.276504 0.910286 -0.142549 0.016051
159841146 0.001023 0.566358 -0.146961 0.908392 -0.163248 0.008402
179821250 0.124435 0.753953 -0.237090 0.806924 -0.181342 0.002339
199801354 -0.046925 0.990029 -0.435659 0.862697 -0.243365 0.058482
219781458 -0.612103 1.821286 -0.752574 0.806192 -0.358099 0.100432
239761562 -0.359957 3.189147 -0.845330 0.539291 -0.526662 -0.003025
259741667 1.062186 5.126649 -0.999537 0.229455 -0.651770 -0.188571
279721771 2.409100 6.337178 -0.906329 0.154076 -0.724726 -0.226929
299701875 2.288204 9.300498 0.098848 0.196918 -0.908739 -0.154074
319681979 1.264423 15.567265 0.655007 0.417162 -1.063584 0.059306
339662083 -1.341302 19.235697 1.931925 0.544671 -1.002082 0.186052
359642187 -1.856045 19.465897 4.388828 0.524574 -0.913784 0.128200
379622292 -1.692113 16.909260 5.536308 0.553139 -0.844085 0.137033
399602396 -3.157015 13.860526 2.532714 0.930273 -0.883679 0.529775
419582500 -9.041811 8.938595 -3.731937 1.524381 -0.453203 1.424700
439562604 -13.249535 -2.797429 -13.269172 0.686544 0.531835 2.173563
459542708 -17.816732 -24.698893 -26.570202 0.153680 0.972007 2.537271
479522812 -5.128155 -49.737190 -30.128820 -0.775015 1.338828 -2.640740
499502917 15.771536 -50.968735 -5.012134 -2.278099 1.013134 -0.796998
519483021 18.491234 -27.876442 22.873524 -0.034378 0.490939 -0.196727
539463125 -0.764680 -12.039686 49.305481 0.450783 0.082122 0.265296
559443229 -20.449699 4.486521 37.018147 0.804793 0.026727 0.736803
579423333 -16.472294 -3.066521 -3.525352 0.724557 0.538513 2.059907
599403437 -3.099389 -5.423147 -20.597305 -0.480712 0.506623 -2.992587
619383542 5.728479 -4.937250 -18.029491 -1.070664 0.695173 -2.141984
639363646 6.566342 -4.662682 -10.151749 -1.819178 0.757157 -1.083212
659343750 1.838147 -1.454649 -5.472135 1.174439 0.262498 0.145768
679323854 -1.621785 0.834824 -2.806807 0.974707 -0.054211 0.397775
699303958 -2.644685 2.132338 -1.306957 0.943346 -0.097421 0.388464
719284062 -2.374510 2.014697 -0.625701 0.896764 -0.054649 0.347406
739264167 -1.735875 1.334933 -0.486791 0.984477 0.031504 0.253768
759244271 -0.717841 0.547399 -0.398487 0.956873 0.120933 0.157734
779224479 0.157457 -0.316469 -0.144713 0.922678 0.184318 0.098161
799204687 0.325431 -0.512510 -0.234795 0.926387 0.180085 0.130443
819184896 -0.017104 -0.354181 -0.345913 0.986318 0.153291 0.169929
839165104 -0.218147 -0.018804 -0.378872 0.926665 0.141009 0.181339
859145312 -0.105307 -0.109983 -0.393556 0.961777 0.157602 0.176219
879125521 -0.322655 -0.192292 -0.120779 0.990838 0.170806 0.196206
899105729 -0.389090 -0.420378 0.643731 0.984095 0.173018 0.174222
919085937 -0.241183 -0.255314 0.979401 0.850647 0.143182 0.155634
939066146 -0.182922 0.046741 0.771144 0.863497 0.130783 0.174767
959046354 -0.491097 0.118438 0.131492 0.919067 0.137652 0.217147
979026562 -0.750691 0.161869 -0.192042 1.013771 0.124483 0.241856
999006771 -0.970303 0.271175 0.308948 0.967834 0.123048 0.230671
1018986979 -0.933663 0.103487 1.326110 0.932739 0.127593 0.182631
1038967187 -0.592051 0.089115 1.909395 0.877100 0.125951 0.156446
1058947396 -0.393480 -0.017663 1.176168 0.845169 0.147310 0.128042
1078927604 0.106733 -0.262840 0.627702 0.884414 0.176284 0.081417
1098907812 0.533210 -0.459553 -0.300564 0.965817 0.168891 0.066719
1118888021 0.355875 -0.020089 -1.182981 0.860253 0.115487 0.117971
1138868229 -0.106320 0.385545 -1.688139 0.880037 0.065787 0.177096
1158848333 -0.334734 0.836349 -1.382215 0.860833 0.013090 0.168880
1178828437 -0.269422 0.892995 -0.936067 0.960107 0.029497 0.181948
1198808542 -0.414974 0.758099 -0.902900 0.915378 0.049887 0.213780
1218788646 -0.520503 0.339662 -2.073123 0.999414 0.120518 0.202972
1238768750 0.359171 0.318517 -2.716135 0.851243 0.131202 0.084207
1258748854 0.739977 0.130535 -1.219886 0.779282 0.140567 0.066025
1278728958 0.788456 -0.213938 1.246601 0.802745 0.170435 0.069052
1298709062 0.700691 -0.702302 1.758730 0.874463 0.190022 0.090346
1318689167 0.451416 -0.518706 1.070086 0.900941 0.167501 0.128618
1338669271 0.149496 -0.093722 0.894237 0.866204 0.129917 0.170458
1358649375 -0.362823 0.176092 0.545304 0.898887 0.116432 0.216964
1378629479 -0.619947 0.267657 0.174057 0.900197 0.113163 0.244732
1398609583 -0.707426 0.301152 -0.193496 0.938283 0.111570 0.245522
1418589687 -0.531594 0.244376 -0.232315 0.890931 0.120181 0.214393
1438569792 -0.281470 0.197032 -0.363117 0.947920 0.123890 0.204548
1458549896 -0.293044 0.115410 -0.449525 0.867739 0.142248 0.202148
1478530000 -0.064407 -0.080336 -0.364450 0.923509 0.151988 0.166961
