0 0.303487 0.020158 0.629354 0.954912 0.006999 0.043769
19980313 -0.232876 0.275165 0.060361 0.954176 -0.023180 0.097433
39960625 -0.515421 0.369112 -0.026896 0.916195 -0.019721 0.080690
59940938 -0.273352 0.385983 0.562822 0.921022 -0.037844 0.072850
79921250 -0.291210 0.565535 0.167131 0.831788 -0.057766 0.052944
99901563 -0.005978 0.630023 -0.357290 0.836127 -0.082271 0.041420
119881875 -0.305928 1.072630 -0.620058 0.821072 -0.140550 0.081658
139862188 -0.712250 1.713798 -0.198995 0.828459 -0.205531 0.103975
159842500 -0.892247 2.548475 0.013185 0.690303 -0.296513 0.092663
179822813 -0.703578 3.566774 -0.175481 0.632268 -0.416637 0.098213
199803125 -1.091769 5.038600 -0.729372 0.642523 -0.622727 0.195972
219783438 -1.726546 7.409064 -1.644055 0.629373 -0.774958 0.223280
239763750 -0.243333 8.640254 -0.348777 0.280727 -0.692987 -0.082803
259744063 3.084928 10.367043 2.728499 0.078392 -0.712677 -0.255172
279724375 4.804658 13.384212 4.828717 0.011396 -0.727986 -0.296486
299704636 5.600357 14.519529 5.433798 -0.020654 -0.779022 -0.359111
319684844 5.160905 14.144405 2.220530 -0.081614 -0.941440 -0.424675
339665053 3.596262 13.135543 -2.748628 -0.057303 -1.087741 -0.389838
359645261 0.678774 9.471290 -3.294098 0.624887 -0.758208 0.192731
379625469 -4.315692 3.505339 -3.568237 1.255334 0.066554 1.105986
399605678 -11.119591 -5.202560 -10.990068 0.731000 0.702978 1.997642
419585886 -13.931974 -20.164761 -15.927370 1.082211 1.237577 1.557871
439566094 -3.669611 -29.916679 -0.492543 2.672444 1.134843 0.000627
459546303 2.988853 -27.891588 9.408934 2.595103 0.919013 -0.090118
479526511 2.588581 -16.925999 11.072860 1.436486 0.621674 0.026606
499506719 -0.163180 -9.272951 11.028961 1.199566 0.458444 0.176179
519486928 -2.571550 -5.890052 7.121630 1.313796 0.484953 0.323710
539467136 -2.438293 -4.814131 -1.723543 1.787319 0.851270 0.612328
559447344 -0.678376 -3.199692 -7.908495 1.517823 1.293729 1.220943
579427553 0.268571 -0.769732 -10.113059 1.517823 1.293729 1.220943
599407761 -0.356461 1.430426 -9.028669 0.969830 -0.474181 0.723059
619387969 -1.436265 2.261144 -6.628963 0.888417 -0.359843 0.504541
639368178 -1.335074 2.334751 -4.645773 0.841030 -0.186584 0.285888
659348386 -0.363148 1.325843 -2.080037 0.780316 0.019365 0.060068
679328594 0.595507 0.140452 0.499959 0.791756 0.076109 0.031072
699308803 0.008078 0.275170 0.934315 0.840289 0.025219 0.141461
719289011 -0.822056 0.740961 -0.125334 0.904622 -0.009388 0.228271
739269219 -1.229217 0.855781 -0.914029 0.973300 0.006446 0.246775
759249428 -0.797994 0.406860 -0.675281 0.907666 0.080308 0.145951
779229636 0.323502 -0.329842 -0.481141 0.858706 0.155312 0.019996
799209844 1.028459 -0.803028 -0.330025 1.017082 0.177730 0.040720
819190053 0.178712 -0.454699 -0.832445 0.966279 0.109973 0.148698
839170261 -0.327555 0.056448 -0.984252 0.934507 0.086693 0.170770
859150469 -0.344227 0.236442 -0.237427 0.904022 0.070861 0.152482
879130678 -0.348956 0.237901 0.407820 0.981402 0.078298 0.156014
899110886 -0.618762 0.187304 0.475985 0.901688 0.081175 0.190758
919091094 -0.782065 0.254288 0.553935 0.900677 0.065803 0.191650
939071303 -0.676367 0.444187 0.524950 0.934558 0.056242 0.168566
959051511 -0.414262 0.440698 0.401835 0.870586 0.074544 0.134437
979031719 -0.192318 0.129921 0.619162 0.924194 0.095115 0.135306
999011928 -0.140769 0.137654 0.276502 0.828427 0.091657 0.099943
1018992136 0.400666 0.119575 0.143327 0.708529 0.097739 0.068429
1038972344 0.484571 0.063107 0.086783 0.802352 0.108119 0.078528
1058952553 0.453005 -0.181020 0.466071 0.812079 0.121779 0.068222
1078932761 0.321037 -0.160480 0.851858 0.818154 0.096018 0.120612
1098912969 -0.294320 0.276227 0.320008 0.863285 0.055308 0.165188
1118893178 -0.402430 0.404052 0.084030 0.826607 0.079204 0.146694
1138873386 0.044205 0.050601 0.313616 0.842269 0.103472 0.097650
1158853594 0.097430 0.002809 0.244197 0.899117 0.090385 0.119742
1178833803 -0.196288 0.206366 0.075318 0.905119 0.070927 0.147005
1198814011 -0.346422 0.353237 -0.245004 0.890593 0.067703 0.143930
1218794219 -0.132345 0.205500 -0.342342 0.828944 0.100887 0.114126
1238774480 0.161621 -0.050316 -0.368571 0.848319 0.114541 0.088666
1258754792 0.158463 -0.056532 -0.060140 0.861863 0.108513 0.104867
1278735105 -0.072108 0.013086 0.181829 0.864725 0.097127 0.115111
1298715417 -0.180314 0.188732 0.337541 0.882446 0.087277 0.131537
1318695730 -0.375749 0.107222 0.236909 0.834711 0.093398 0.125056
1338676042 0.037366 0.209589 -0.011501 0.797674 0.089915 0.054761
1358656355 0.479244 0.128550 -0.657108 0.795656 0.113389 0.036765
1378636667 0.539227 0.115663 -0.621155 0.659521 0.097154 0.026243
1398616980 0.433858 0.154566 -0.138691 0.759070 0.098218 0.049514
1418597292 0.249587 0.193284 0.063206 0.812223 0.084432 0.073381
1438577605 -0.225396 0.342373 -0.077767 0.782246 0.061145 0.131140
1458557917 -0.430311 0.559764 0.213453 0.782860 0.052214 0.130269
1478538230 -0.407822 0.428663 0.582191 0.884482 0.067667 0.119586
1498518542 -0.138790 0.265760 0.762386 0.740637 0.073216 0.085088
