0 0.025161 -0.144574 0.186979 1.074223 -0.090004 0.098934
19980105 -0.585145 0.098069 -0.286775 1.044402 -0.121721 0.123958
39960209 -0.569324 0.390656 0.317300 1.076867 -0.124769 0.102174
59940313 -0.286065 0.314132 0.509315 1.006498 -0.118864 0.064471
79920417 0.119227 0.200002 0.085311 0.947473 -0.121403 0.047274
99900521 0.045022 0.316939 -0.380552 0.978317 -0.151500 0.062183
119880625 -0.189774 0.605372 -0.419089 0.870464 -0.171410 0.074633
139860834 -0.199731 0.749360 -0.373183 0.868214 -0.174052 0.059371
159841042 -0.033061 0.717873 -0.378731 0.889463 -0.176948 0.044297
179821250 -0.000108 0.852271 -0.341968 0.838084 -0.190330 0.044684
199801459 -0.108242 1.007413 -0.591869 0.814333 -0.220891 0.056731
219781667 -0.315804 1.411046 -0.715811 0.862087 -0.292643 0.115449
239761875 -1.197898 2.598801 -1.021728 0.748345 -0.451901 0.219648
259742084 -1.681546 4.179553 -0.993293 0.714203 -0.526631 0.189027
279722292 -0.875416 4.839200 -0.113675 0.542975 -0.518113 0.053031
299702500 0.259227 5.928729 1.385856 0.453547 -0.570949 -0.028578
319682709 0.698539 7.376909 1.712837 0.432808 -0.695490 -0.017455
339662917 0.073579 9.300743 0.488588 0.465417 -0.866762 0.094991
359643125 -1.427858 11.063356 -0.264678 0.601429 -0.900315 0.194996
379623334 -0.843651 9.676548 -0.721340 0.395994 -0.849682 0.003996
399603542 0.959315 6.958356 -1.638289 0.310115 -0.772001 -0.096513
419583750 0.728794 5.636317 -1.650716 0.252346 -0.640254 -0.183977
439563959 2.015402 4.103588 -1.321224 0.296038 -0.697266 -0.145661
459544063 -1.149255 5.267027 -4.191295 0.943927 -0.944439 0.515913
479524167 -4.104076 4.648962 -5.829459 1.396029 -0.666917 1.053526
499504271 -4.590233 -0.836938 -7.374033 1.442496 0.584324 1.161986
519484375 -6.969478 -8.856560 -8.609022 1.050255 0.995977 1.706716
539464480 -9.718241 -21.219608 -12.944752 0.621854 1.211398 2.091909
559444584 -4.633842 -32.842037 -12.378607 2.781122 1.385807 -0.003101
579424688 5.259241 -26.347395 8.670576 -3.098270 0.648310 -0.261990
599404792 10.218402 -9.933470 22.747677 -0.133497 0.206858 -0.255950
619384896 10.584616 -7.090092 33.404064 0.083789 0.245244 -0.154550
639365000 1.586448 -4.753065 12.676876 1.289487 0.371840 0.300368
659345105 -3.131025 -1.696053 -8.181465 0.956547 0.195662 2.045892
679325209 -3.416715 -0.014170 -12.193092 1.208170 0.034374 1.863536
699305313 -3.676490 0.672353 -9.555603 1.200976 -0.266689 1.057303
719285417 -2.407063 2.187231 -4.616288 0.743111 -0.195031 0.323646
739265521 -0.675995 1.674421 -0.254018 0.678159 -0.043907 0.104809
759245625 0.221888 0.777972 1.871430 0.653799 0.003638 0.099275
779225730 -0.193699 0.629734 2.897335 0.656768 0.017461 0.146978
799205834 -0.748825 0.613035 3.628725 0.780346 0.004716 0.205312
819185938 -1.445219 0.703157 3.312109 0.843963 0.008072 0.272434
839166042 -2.083026 0.530022 2.635358 0.937140 0.012220 0.329313
859146146 -1.877442 0.322904 1.355110 0.899598 0.037625 0.290399
879126250 -0.757388 -0.005976 -0.232072 0.895572 0.060229 0.237669
899106355 -0.112491 -0.168130 -1.440561 0.919171 0.102072 0.166887
919086459 0.624277 -0.770704 -1.063915 0.918837 0.150716 0.109751
939066563 0.489071 -0.910691 -0.899703 0.967204 0.125565 0.143513
959046667 0.240119 -0.617954 -0.816336 0.919505 0.078471 0.184811
979026771 -0.149847 -0.233320 -1.153049 0.988292 0.029871 0.220327
999006875 -0.126709 0.136931 -1.498490 0.768571 -0.000214 0.225036
1018986980 -0.157763 0.194588 -1.803160 0.927407 0.005929 0.259935
1038967084 -0.559288 0.210611 -1.093347 0.862134 0.005671 0.256332
1058947188 -0.423739 0.121634 0.136109 0.831137 0.037738 0.179119
1078927292 0.438845 -0.401353 0.730376 0.755971 0.079703 0.085271
1098907396 0.951074 -0.484456 0.463589 0.727207 0.051304 0.096557
1118887500 0.441717 0.140416 -0.199493 0.754099 -0.026337 0.156292
1138867605 0.085380 0.680305 -0.588358 0.762012 -0.049994 0.196600
1158847709 -0.075966 0.525873 -0.858741 0.863322 -0.014430 0.215905
1178827813 -0.279602 0.179464 0.261151 0.792834 0.011362 0.228876
1198807917 -0.533345 0.047385 0.356093 0.861963 -0.003272 0.254343
1218788021 -0.656007 0.389027 -0.111470 0.829811 -0.045280 0.277630
1238768125 -0.589617 0.712892 -0.568694 0.914311 -0.063022 0.267017
1258748230 -0.464405 0.650392 -0.442276 0.793260 -0.029565 0.247070
1278728334 -0.400219 0.329811 0.323575 0.781019 -0.011803 0.231766
1298708438 -0.457001 0.350513 0.390388 0.840722 -0.016991 0.234250
1318688542 -0.199453 0.373298 -0.035275 0.781523 -0.013391 0.210096
1338668646 0.073652 0.280824 -0.339239 0.789310 0.000070 0.179406
1358648750 0.358202 0.119589 0.334455 0.722970 0.021808 0.145174
1378628855 0.389545 0.014773 0.586159 0.683640 0.017220 0.143626
1398608959 0.292337 0.162432 0.370955 0.731717 -0.000903 0.166225
1418589063 0.150292 0.234749 0.076699 0.840545 0.002306 0.171562
1438569167 0.191483 0.137499 -0.116392 0.845949 0.010162 0.171660
1458549323 0.067443 0.150644 -0.198368 0.862433 -0.001191 0.187393
1478529532 -0.169182 0.280998 -0.272017 0.735666 -0.014475 0.216380
1498509740 -0.337832 0.374419 -0.117700 0.837270 -0.017946 0.212882
