0 -0.329577 0.207505 0.060042 1.117850 -0.120380 0.085596
19980104 -0.469486 0.334085 0.119075 1.113780 -0.119918 0.081970
39960208 -0.403456 0.414235 0.654286 1.085398 -0.123628 0.074813
59940312 -0.417463 0.487951 0.635415 1.057487 -0.132903 0.077426
79920416 -0.233349 0.459978 0.337610 1.105275 -0.131321 0.054896
99900520 -0.107098 0.466503 0.093346 1.041005 -0.149173 0.070782
119880625 -0.405425 0.695986 -0.081116 0.981039 -0.165391 0.085817
139860729 -0.377600 0.782227 0.301890 0.993801 -0.172397 0.090428
159840833 -0.640590 1.031022 0.345695 1.004673 -0.210119 0.124536
179820937 -0.789705 1.367862 0.318572 0.946104 -0.246915 0.130965
199801041 -1.044409 1.873755 0.105237 1.008914 -0.333008 0.207982
219781145 -1.769547 2.779482 -0.508659 0.908651 -0.423391 0.259972
239761250 -1.666464 3.536642 -0.397596 0.728491 -0.475366 0.218719
259741354 -1.098631 4.157677 -0.038908 0.716751 -0.521546 0.157948
279721458 -0.570813 5.175490 0.334852 0.669327 -0.620071 0.132192
299701562 -0.408669 6.933278 0.224063 0.525676 -0.779346 0.131193
319681666 -0.018397 8.957974 -0.858000 0.349073 -0.948310 0.044028
339661770 1.675936 10.676969 -2.090701 -0.004574 -1.076409 -0.262296
359641875 4.537629 13.387365 -3.015963 -0.272637 -1.140141 -0.473052
379621979 1.826363 18.407297 -0.016367 0.700065 -1.027518 0.451204
399602083 -10.912800 25.795872 4.013196 1.272716 -1.014287 1.010624
419582187 -13.427629 23.214943 -7.820418 1.954414 -0.942203 1.881785
439562291 -8.877560 9.259879 -13.997915 1.480145 -0.412274 1.577334
459542395 -4.184169 -4.878190 -5.469397 1.954713 1.144334 0.883305
479522500 -4.385510 -21.918203 -11.972866 0.624395 1.095563 2.322250
499502604 -14.354259 -43.684563 -25.414242 0.445732 1.270155 2.513530
519482708 4.510688 -46.089230 -10.498381 -2.342409 1.225185 -0.629155
539462812 14.403346 -31.562374 17.739311 -0.850625 0.592376 -0.212811
559442916 2.870171 -10.820972 30.015911 0.202533 0.192290 0.190133
579423020 -8.489586 -1.046728 28.478371 0.461549 0.104562 0.442965
599403125 -10.102167 -2.387218 8.516154 1.194836 0.474916 0.968561
619383229 -3.275373 -6.132780 -9.267973 0.504322 1.172423 2.559970
639363333 3.430335 -6.502131 -11.674587 -1.566005 1.208829 -1.450097
659343437 4.706948 -4.662580 -7.407470 -2.142120 0.861923 -0.695381
679323541 2.431337 -2.080047 -7.370864 1.282736 0.223759 0.806511
699303645 -2.048881 2.546607 -8.862103 1.249272 -0.654635 1.331161
719283750 -3.972756 5.136847 -7.079795 1.017996 -0.560431 0.972259
739263854 -3.411856 3.840426 -4.200679 0.965487 -0.271960 0.618453
759243958 -2.078254 1.873812 -1.759136 0.858862 -0.043034 0.392678
779224062 -0.584914 0.332647 -0.300311 0.851255 0.102481 0.232282
799204166 -0.037822 -0.539834 1.387754 0.826763 0.135225 0.196210
819184270 -0.053130 -0.720488 2.986192 0.699665 0.132215 0.188703
839164375 -0.356511 -0.546310 2.640653 0.839612 0.102700 0.285138
859144479 -1.449543 0.103598 0.650410 0.886655 0.054019 0.397135
879124583 -1.319759 0.329430 -0.682052 0.952544 0.058187 0.387810
899104687 -0.530484 0.224608 -1.596763 0.919432 0.082400 0.324952
919084791 0.206450 0.111203 -1.582218 0.673826 0.079795 0.229787
939064895 0.436868 0.137530 -0.880385 0.748307 0.087650 0.242548
959045000 0.156341 0.061530 -0.470059 0.734068 0.078927 0.255134
979025104 -0.022515 0.135029 0.086046 0.783779 0.073607 0.283003
999005208 -0.337045 0.227237 0.344013 0.813585 0.056627 0.318682
1018985312 -0.797839 0.393365 0.254869 0.800675 0.037972 0.380099
1038965416 -1.236050 0.627964 0.088588 0.885491 0.028166 0.404442
1058945520 -1.063911 0.530367 0.148153 0.807259 0.046887 0.358347
1078925625 -0.557199 0.383588 0.268884 0.800998 0.062377 0.332684
1098905729 -0.232049 0.174072 -0.097909 0.714171 0.091808 0.296399
1118885833 0.199400 -0.034023 0.312244 0.742665 0.100657 0.254603
1138865937 0.242237 -0.065735 0.287983 0.853799 0.081507 0.281103
1158846041 -0.110347 0.383254 -0.134540 0.783870 0.042301 0.337648
1178826145 -0.361482 0.461532 -0.270403 0.761548 0.050253 0.337465
1198806250 -0.164629 0.359962 -0.014479 0.817472 0.048735 0.295554
1218786354 0.189008 0.461176 0.239513 0.634550 0.042582 0.273901
1238766458 0.287914 0.463887 0.024997 0.729387 0.042535 0.279072
1258746562 0.203510 0.418438 0.307608 0.678241 0.058164 0.276531
1278726666 0.204803 0.238486 0.731897 0.632600 0.076618 0.261668
1298706770 0.203769 0.023514 1.588469 0.620421 0.082313 0.222722
1318686875 0.315506 -0.029685 1.949424 0.680656 0.085800 0.225246
1338666979 0.111540 0.013592 0.400862 0.723987 0.066811 0.309860
1358647083 -0.268108 0.429518 -1.212228 0.836688 0.031973 0.350541
1378627187 -0.039375 0.412534 -1.627861 0.779897 0.052017 0.317811
1398607291 0.223087 0.121694 -1.088544 0.747153 0.089285 0.266339
1418587395 0.286637 -0.122933 -0.633064 0.802251 0.093490 0.254226
1438567500 0.382868 -0.025403 -0.038376 0.759843 0.081305 0.227015
1458547604 0.231674 -0.061930 0.037290 0.778594 0.088331 0.276645
1478527708 -0.229157 -0.011388 -0.624261 0.840026 0.077793 0.327295
1498507812 -0.399957 0.060750 -0.500446 0.848453 0.070084 0.317384
