0 -0.271239 0.396085 0.068577 1.035429 -0.135219 -0.028559
19979688 -0.249472 0.334941 0.708039 0.892752 -0.162638 -0.102877
39959375 0.544437 0.895058 1.157850 0.866984 -0.162638 -0.102877
59939063 0.002336 1.338231 0.505562 0.871768 -0.262874 -0.017985
79918750 -0.425038 1.719591 0.131962 0.729288 -0.318115 -0.055240
99898438 -0.029459 2.297425 0.158892 0.736036 -0.371830 -0.057211
119878125 0.023513 2.933503 0.408645 0.697202 -0.371830 -0.057211
139857813 -0.386164 3.932835 0.938822 0.509718 -0.504322 -0.111487
159837553 0.259914 5.072518 2.009473 0.613337 -0.504322 -0.111487
179817292 2.477045 6.726305 3.113801 0.378410 -0.569295 -0.317877
199797032 4.546422 9.860102 2.396331 0.094146 -0.730117 -0.520203
219776771 5.394118 12.719973 -0.217076 -0.109327 -0.914243 -0.709316
239756511 3.179218 14.099379 -1.425017 -0.027576 -1.067085 -0.610932
259736250 0.000156 14.470021 -2.466858 -0.581179 -1.422864 -1.148477
279715990 0.587036 15.178929 -7.835509 -0.586190 -1.422864 -1.148477
299695730 0.235201 11.731632 -13.668270 -2.223710 -1.245858 -2.752012
319675469 1.509777 3.538094 -17.356083 -1.346380 0.635583 -2.479791
339655209 4.658572 -9.923325 -17.531425 -1.352899 1.401119 -2.351379
359634948 0.981686 -27.797474 -12.441971 -1.432981 1.401119 -2.351379
379614688 -16.563313 -43.924583 0.038870 1.318752 1.229013 0.985902
399594428 -26.725061 -28.491940 37.575298 1.277713 0.545332 0.454184
419574167 -5.696578 -17.814541 61.151661 1.318291 0.274162 0.001215
439553907 10.558867 -18.292263 4.114277 2.923483 0.751834 -0.893385
459533646 19.867691 -7.235970 -24.814896 -1.379978 0.235047 -2.157479
479513386 17.742273 -1.933564 -20.976936 -1.376076 0.037238 -2.085330
499493125 -1.207108 4.787896 -22.197666 -1.839594 -0.422738 -3.039252
519472865 -7.484759 0.678673 -12.105227 1.700027 -0.236195 2.106133
539452605 -8.374529 -3.027461 2.057887 1.479750 0.198816 0.455193
559432344 -4.252713 -4.072514 3.465667 1.344910 0.147778 -0.497115
579412084 1.059602 -1.769888 -0.751134 1.374075 0.147778 -0.497115
599391823 4.981266 -0.091304 -1.672029 -0.123824 -0.147290 -0.786734
619371563 4.497520 1.297667 -1.196168 0.259221 -0.161265 -0.643653
639351303 2.548997 1.250941 -1.293798 0.942379 -0.010576 -0.409617
659331042 0.590827 -0.189132 -0.376144 1.089270 0.035701 -0.319843
679310782 0.050180 -0.625570 0.502749 1.160159 0.016251 -0.299364
699290521 -0.110088 -0.408857 0.533664 1.017238 -0.015015 -0.286862
719270261 -0.280580 -0.070939 0.355301 0.857462 -0.049541 -0.356783
739250000 0.313451 0.306988 0.050278 0.828015 -0.032928 -0.418458
759229740 0.973111 0.204367 0.068714 0.872612 -0.015880 -0.429835
779209480 1.174430 0.090977 0.194372 0.801579 -0.015880 -0.429835
799189219 0.973057 0.116107 0.841411 0.860840 -0.009195 -0.363902
819168959 0.825119 0.072613 1.040557 0.888853 -0.021575 -0.391570
839148698 1.046652 0.186723 0.688547 0.868206 -0.021575 -0.391570
859128438 0.793591 0.055766 0.223195 0.833971 -0.011320 -0.380343
879108178 0.540161 0.116598 0.211023 0.901546 -0.026311 -0.340154
899087917 0.498559 0.143152 0.219885 0.878252 -0.026311 -0.340154
919067657 0.398236 0.207566 -0.039053 0.731761 -0.058738 -0.341905
939047396 0.325783 0.365975 -0.552772 0.833111 -0.058738 -0.341905
959027136 0.187690 0.533727 -0.606456 0.870845 -0.077196 -0.330130
979006875 0.172658 0.565346 -0.200914 0.829386 -0.076122 -0.317484
998986615 0.414963 0.304527 0.012566 0.873829 -0.046543 -0.335463
1018966355 0.647770 0.191507 -0.016108 0.797594 -0.034593 -0.357482
1038946094 0.703046 0.331551 -0.283981 0.803447 -0.049418 -0.369279
1058925834 0.341896 0.290447 -0.249722 0.840126 -0.035954 -0.293226
1078905573 0.109896 0.224318 0.058093 0.909159 -0.035954 -0.293226
1098885261 0.346997 0.333353 -0.018417 0.895171 -0.047300 -0.315553
1118864948 0.759971 0.396944 -0.226617 0.784105 -0.054555 -0.356703
1138844636 0.617070 0.512517 -0.220345 0.820589 -0.072344 -0.302498
1158824323 0.391316 0.557014 -0.155186 0.906120 -0.076542 -0.268595
1178804011 0.096055 0.591118 -0.160293 0.904338 -0.056974 -0.235431
1198783698 -0.203538 0.410149 -0.175681 1.006519 -0.048988 -0.230736
1218763386 -0.205436 0.353132 -0.003818 0.954798 -0.048988 -0.230736
1238743073 0.011418 0.401652 0.036364 0.886949 -0.052982 -0.252537
1258722761 0.107282 0.384012 -0.184622 0.940756 -0.040630 -0.262147
1278702448 0.085393 0.301081 -0.110653 0.886792 -0.052139 -0.258465
1298682136 0.104801 0.423946 0.079120 0.929099 -0.043289 -0.250335
1318661823 0.026631 0.327769 0.095143 0.992442 -0.032493 -0.227207
1338641511 -0.211974 0.212285 -0.007278 0.996193 -0.024826 -0.242659
1358621198 -0.031555 0.136887 0.010927 0.838625 -0.044984 -0.268507
1378600886 0.235133 0.322888 -0.008384 0.853109 -0.044984 -0.268507
1398580573 0.233123 0.539952 -0.069829 0.877894 -0.069115 -0.270226
1418560261 0.176527 0.569691 -0.114522 0.736967 -0.073039 -0.268315
1438539948 0.250861 0.500888 0.016143 0.935168 -0.044269 -0.279093
1458519636 0.337262 0.326600 0.332291 0.818218 -0.029462 -0.288167
1478499323 0.539652 0.184996 0.763461 0.880265 -0.029462 -0.288167
