0 0.221896 -0.083701 0.418080 1.141088 -0.054445 -0.090490
19980209 0.283092 0.106612 0.112193 1.123335 -0.090880 -0.082410
39960417 0.169498 0.519626 0.098831 1.089407 -0.115911 -0.058397
59940625 -0.119661 0.549740 0.068012 1.161224 -0.111122 -0.034370
79920834 -0.187640 0.525355 -0.196825 1.201213 -0.111898 -0.039700
99901042 -0.005977 0.520667 -0.234055 1.072751 -0.114057 -0.038459
119881250 -0.309124 0.576364 0.125153 1.167907 -0.106135 0.013486
139861459 -0.812751 0.593866 0.519069 1.204573 -0.110929 0.051094
159841667 -0.963753 0.694339 0.730621 1.131845 -0.130554 0.053366
179821875 -0.793356 1.003793 0.643393 1.110742 -0.167271 0.020280
199802084 -0.412122 1.367253 0.761684 0.994620 -0.204250 0.007091
219782292 -0.376621 1.860336 0.913160 0.921019 -0.268307 0.024249
239762500 -0.675648 2.796814 1.027446 0.880966 -0.368086 0.075515
259742709 -1.103490 4.107118 1.316117 0.774536 -0.485614 0.104880
279722917 -1.361139 5.506590 0.816943 0.700039 -0.630434 0.134844
299703125 -1.409344 7.183255 -0.196779 0.677179 -0.820195 0.151004
319683334 -2.084143 9.647741 -0.776456 0.734314 -0.914640 0.252531
339663438 -3.178271 10.968341 -0.244163 0.814084 -0.898526 0.302543
359643542 -4.177580 11.981253 0.903971 0.885495 -0.915997 0.291285
379623646 -2.728339 13.575735 0.493151 0.494615 -1.070232 -0.064129
399603750 1.106279 14.374039 -1.180975 0.230260 -1.009670 -0.284823
419583854 1.310216 12.761219 1.946021 0.306257 -0.843578 -0.272202
439563959 3.869973 9.447321 -1.166218 -0.840383 -0.789525 -1.282091
459544063 12.546993 5.668440 -13.337854 -1.488543 -0.125352 -2.092594
479524167 16.607847 -7.996631 -22.170547 -1.508937 0.625689 -2.216642
499504271 15.328374 -30.685350 -22.070789 -1.658320 1.216938 -2.097527
519484375 1.358769 -49.815418 -10.411070 1.561524 1.317839 0.864655
539464479 -23.742615 -39.555855 15.788727 1.452197 0.482577 0.541515
559444584 -24.045780 -12.930943 45.134888 1.271773 0.243660 0.169782
579424688 2.582855 -9.313565 34.501717 0.737107 0.222132 -0.724110
599404792 25.833895 -3.603398 -2.999603 -1.313513 0.190200 -1.663689
619384896 17.439781 -6.119586 -14.902676 -1.415818 0.448127 -2.090660
639365000 1.792171 -4.253652 -16.275967 -0.253312 0.296451 2.737135
659345104 -5.809811 -1.548545 -15.465155 1.376290 0.005228 2.190523
679325261 -4.935229 0.127356 -12.383395 1.766393 -0.392375 1.870194
699305469 -1.502327 1.120029 -8.091565 0.810958 -0.299587 -0.060480
719285677 0.010352 0.744842 -3.847497 0.984732 -0.005012 -0.306096
739265886 1.057146 -0.297356 -1.949508 1.402023 0.121800 -0.327075
759246094 1.156960 -0.453638 0.283343 1.348836 0.128867 -0.248363
779226302 0.939908 -0.687050 4.506877 1.227012 0.115536 -0.146436
799206511 0.571343 -0.703005 6.593390 1.283830 0.106630 -0.142130
819186719 0.329851 -0.353314 3.550038 1.290798 0.117920 -0.160453
839166927 -0.036435 -0.272644 -0.220680 1.306326 0.131961 -0.176394
859147136 0.010246 -0.095416 -1.146220 1.275694 0.102463 -0.195490
879127344 0.201748 0.139370 -0.488677 1.172187 0.077324 -0.188662
899107552 0.160242 0.167386 -0.252831 1.222174 0.081978 -0.194142
919087761 0.146691 0.190468 -0.837212 1.196704 0.085884 -0.235844
939067969 0.571713 0.354895 -1.149565 1.129584 0.054738 -0.262522
959048177 0.879985 0.598335 0.299508 1.065097 0.055946 -0.234565
979028386 0.836334 0.396370 1.397573 1.142438 0.081581 -0.206348
999008594 0.430330 0.053464 1.682302 1.204873 0.102465 -0.145812
1018988802 -0.161515 -0.127457 1.709947 1.226121 0.113901 -0.109810
1038969011 -0.306208 -0.125564 1.391279 1.203125 0.094003 -0.114282
1058949219 -0.034477 0.035810 0.740413 1.190797 0.081531 -0.143420
1078929427 -0.060403 0.236695 -0.285310 1.149947 0.053127 -0.144431
1098909636 0.104467 0.440226 -1.100915 1.188643 0.036488 -0.184566
1118889844 0.367959 0.546250 -1.023737 1.117966 0.031558 -0.191195
1138870052 0.372189 0.514528 -0.851302 1.144025 0.033421 -0.173839
1158850261 0.225694 0.482513 -0.611990 1.215849 0.047562 -0.145910
1178830469 0.006569 0.347450 -0.106368 1.223159 0.063944 -0.130783
1198810677 -0.040597 0.212002 -0.058154 1.217421 0.065520 -0.112697
1218790886 -0.263442 0.279445 0.232759 1.213639 0.071442 -0.097226
1238771094 -0.316262 0.095546 0.518652 1.223220 0.079244 -0.089221
1258751302 -0.322894 0.107732 0.248804 1.287771 0.075216 -0.113916
1278731511 -0.020371 0.226497 -0.272895 1.108902 0.062214 -0.153387
1298711719 0.207029 0.317366 -0.676609 1.173175 0.059613 -0.168219
1318691927 0.165868 0.280150 -0.422808 1.271703 0.069676 -0.137056
1338672136 -0.202759 0.194995 -0.049214 1.298298 0.073545 -0.104667
1358652344 -0.285387 0.165451 0.177768 1.250612 0.072454 -0.114011
1378632552 -0.110847 0.270927 0.312613 1.163868 0.059043 -0.128632
1398612709 -0.038356 0.262139 0.635286 1.162372 0.068301 -0.123272
1418592813 -0.002098 0.117765 0.537033 1.223999 0.079062 -0.150267
1438572917 0.405586 0.114143 0.243886 1.210975 0.067610 -0.182110
1458553021 0.622966 0.212006 0.043937 1.202193 0.051736 -0.170050
1478533125 0.194700 0.417962 -0.163110 1.207322 0.039909 -0.133678
1498513229 -0.031226 0.374588 -0.594059 1.205401 0.052940 -0.125292
