0 0.220984 -0.036828 0.704054 0.941245 -0.115027 0.064877
19980209 0.168330 -0.079576 0.588503 1.062147 -0.117993 0.081747
39960417 0.058627 -0.042844 0.662562 1.021445 -0.135134 0.104583
59940625 -0.385314 0.387541 0.443263 0.923158 -0.172158 0.142230
79920834 -0.472448 0.621998 0.645505 0.948070 -0.176901 0.118432
99901042 -0.123660 0.570941 0.664713 0.878381 -0.175197 0.089738
119881250 0.021923 0.601133 0.122349 0.834365 -0.203231 0.092043
139861459 0.077446 0.756006 -0.388389 0.864139 -0.227582 0.093506
159841667 0.040383 0.841620 -0.711731 0.832400 -0.229200 0.100387
179821875 -0.018134 0.823823 -0.489431 0.875467 -0.212425 0.104221
199802084 0.072908 0.655584 -0.012464 0.923426 -0.184261 0.079716
219782292 0.159374 0.557096 -0.065995 0.953544 -0.198318 0.093288
239762500 -0.089655 0.721906 -0.697343 0.959208 -0.233608 0.140002
259742709 -0.410794 0.982169 -0.802604 0.896411 -0.240484 0.156248
279722917 -0.449184 1.091538 -0.294280 0.876688 -0.229940 0.144782
299703125 -0.294230 1.036234 -0.090310 0.858731 -0.212976 0.111798
319683334 -0.112485 1.042370 -0.243369 0.798181 -0.238071 0.119987
339663542 -0.489455 1.624835 -0.630627 0.787114 -0.320809 0.157094
359643750 -0.709039 2.423362 -1.159281 0.703312 -0.411785 0.171172
379623959 -0.409490 3.103291 -1.278356 0.622266 -0.442796 0.096809
399604167 0.068066 3.725060 -0.179619 0.558073 -0.442988 0.058083
419584375 0.193559 4.697443 1.781664 0.554660 -0.489272 0.059054
439564584 -0.341346 6.408577 1.886728 0.558584 -0.699014 0.161227
459544792 -1.357933 9.184387 -0.908433 0.614705 -1.010535 0.253018
479525000 -0.796226 11.297263 -3.788988 0.427912 -1.160174 0.081061
499505209 1.493881 11.812115 -2.532289 0.063503 -0.932925 -0.296349
519485417 4.926707 12.829191 1.732330 -0.102194 -0.826749 -0.398375
539465625 5.949995 14.927453 4.252291 -0.011425 -0.841346 -0.330212
559445834 3.252676 14.604915 3.005004 0.309656 -1.002820 -0.066587
579426042 -1.817855 11.836704 -3.934818 1.470912 -1.196675 1.109414
599406250 -4.453294 3.843089 -9.659548 1.313509 0.201988 1.669830
619386459 -5.537071 -9.089855 -10.395527 1.002539 1.104602 1.762497
639366667 -7.815639 -23.829243 -11.489215 1.077694 1.359318 1.735140
659346875 -1.819273 -36.231716 -6.712848 2.876542 1.298690 -0.015873
679327084 3.880268 -30.705807 10.310016 3.122091 0.751144 -0.180358
699307292 7.870770 -15.399914 19.857384 -0.075531 0.353822 -0.203423
719287500 6.219736 -5.647341 21.001911 0.314040 0.225611 -0.028591
739267605 -1.577597 -3.930037 13.686512 1.032377 0.241013 0.409975
759247709 -7.983160 -2.594946 -0.198750 1.172238 0.206040 1.208816
779227813 -8.957304 -0.855315 -8.461382 1.191615 0.094471 1.566839
799207917 -6.019490 -1.342130 -9.972757 1.243714 0.317993 1.493028
819188021 -1.645697 -1.415345 -8.490106 1.610872 0.406074 0.528125
839168125 0.693573 -0.679061 -7.078197 0.499439 0.068838 -0.191077
859148230 1.638498 0.057783 -5.534400 0.329814 -0.082403 -0.171341
879128334 1.452562 0.537676 -3.585864 0.760381 -0.065929 -0.008757
899108438 0.467362 0.273427 -1.471025 0.992322 -0.007383 0.160076
919088542 -0.875200 0.112613 0.318435 1.046861 -0.020896 0.262548
939068646 -1.562666 0.454102 0.688210 1.038652 -0.035088 0.297999
959048750 -1.622995 0.369502 1.071975 1.072713 -0.018719 0.286094
979028855 -1.364560 0.285109 0.278103 1.086652 -0.017292 0.291881
999008959 -1.094267 0.072675 0.148611 1.077118 0.021720 0.223673
1018989063 -0.296930 -0.283132 0.019563 1.048460 0.038001 0.175064
1038969167 0.057488 -0.302891 -0.141066 1.081671 0.038254 0.142389
1058949271 0.237559 -0.393807 -0.174382 1.091261 0.042998 0.156938
1078929480 -0.056257 -0.275645 -0.689109 1.146033 0.009422 0.206035
1098909688 -0.300863 0.082431 -0.698939 1.085779 -0.011797 0.228825
1118889896 -0.628587 0.227537 -0.177124 1.031947 -0.019943 0.235155
1138870105 -0.934786 0.271751 1.273376 0.956207 -0.003272 0.249669
1158850313 -1.336869 0.072291 1.593146 1.191432 0.002789 0.271716
1178830521 -1.473029 0.148250 0.950525 1.030173 -0.025349 0.284859
1198810730 -1.099481 0.555281 -0.503402 0.991081 -0.057399 0.258141
1218790938 -0.432247 0.434577 -1.231470 1.066939 0.000077 0.169552
1238771146 0.273737 -0.251141 -0.654160 1.025427 0.053842 0.107099
1258751355 0.464440 -0.386803 -0.090270 0.971328 0.028649 0.134323
1278731563 -0.198370 0.168560 -0.833477 0.973985 -0.052121 0.231571
1298711771 -0.591552 0.711116 -1.075747 1.026647 -0.069102 0.261196
1318691980 -0.746047 0.566241 -0.596927 1.039279 -0.028201 0.248883
1338672188 -0.697885 0.184614 0.215574 1.126131 0.006934 0.241419
1358652396 -0.681176 -0.006277 1.042027 1.089404 0.017916 0.202390
1378632605 -0.363916 -0.159823 0.978936 1.007821 0.031149 0.179007
1398612813 -0.048183 -0.155011 0.305198 1.052879 0.018745 0.177758
1418593021 -0.085192 -0.029686 -0.511597 1.002231 0.004573 0.184988
1438573230 0.101355 0.025020 -0.615408 1.006654 0.003457 0.171097
1458553438 0.046464 0.084657 -0.330036 1.011556 -0.006631 0.177632
1478533646 -0.089177 0.204787 0.019347 1.041651 -0.030044 0.209897
1498513855 -0.423310 0.469293 -0.497989 0.991569 -0.061712 0.229277
