0 -0.012988 -0.090690 0.218390 0.965008 -0.007606 0.020560
19980312 0.035555 -0.014757 0.226920 1.066404 -0.017831 0.020265
39960625 0.064615 0.066150 0.640681 0.961016 -0.023439 0.012705
59940937 0.154518 0.042743 0.349114 0.944833 -0.021604 -0.002640
79921250 0.261743 0.079215 0.230518 0.985363 -0.037402 0.001235
99901562 0.035733 0.284178 -0.037404 1.022115 -0.065572 0.030143
119881823 -0.200021 0.525311 0.046514 0.965767 -0.090739 0.049831
139862031 -0.421904 0.781512 0.122833 1.047598 -0.111146 0.058446
159842239 -0.272849 0.803434 0.041333 0.961507 -0.109386 0.039431
179822448 -0.223488 0.743299 -0.340286 0.858861 -0.118218 0.044400
199802656 -0.414525 0.979780 -0.314864 0.928890 -0.151846 0.080551
219782864 -0.713561 1.260967 -0.575699 0.957355 -0.175216 0.096645
239763073 -0.751120 1.407130 -0.360888 0.973852 -0.201155 0.115997
259743281 -1.130775 2.068398 -0.412308 0.831408 -0.290212 0.142414
279723489 -1.045266 2.728055 -0.650062 0.780304 -0.327535 0.107482
299703698 -0.675227 3.100859 -0.261718 0.715037 -0.362386 0.067349
319683906 -0.569570 4.141067 0.638516 0.634184 -0.467944 0.079517
339664114 -1.055100 5.986388 0.702001 0.625131 -0.627858 0.112084
359644323 -1.065620 7.858080 0.428628 0.559156 -0.729914 0.062367
379624531 -0.115717 8.932134 1.164137 0.381945 -0.738833 -0.091241
399604739 1.776452 8.990803 0.666004 0.160801 -0.850208 -0.236990
419584948 2.611777 10.740030 -0.788480 -0.036083 -0.996935 -0.367770
439565156 3.670527 13.285688 -1.038312 -0.099667 -1.002756 -0.439564
459545364 3.645660 13.218535 -0.007686 0.203759 -1.001335 -0.263995
479525573 -0.517293 13.707986 -0.650223 0.881402 -1.153644 0.458830
499505781 -7.173877 12.349430 -6.431464 1.975151 -0.954636 1.607452
519485989 -11.012518 5.306781 -12.067484 1.571907 -0.029561 1.963337
539466198 -9.800065 -11.439631 -13.647320 0.755798 1.147973 1.994420
559446406 -6.554720 -29.452116 -10.068829 2.385432 1.360166 0.417953
579426614 0.542523 -39.283913 8.461609 2.792809 0.914736 -0.099286
599406823 4.471292 -28.977215 24.577818 2.733749 0.545433 -0.181035
619387031 8.476049 -11.986897 22.385233 0.047833 0.198429 -0.188849
639367239 1.923278 -3.624530 20.068245 1.031311 0.150643 0.159450
659347448 -7.121127 -4.243772 10.101330 1.439689 0.177627 0.695378
679327656 -9.612395 -3.122138 -5.473921 1.361328 0.108400 1.673975
699307864 -7.814087 -1.857326 -13.302692 1.628535 -0.157714 2.094807
719288073 -4.997346 0.243192 -11.740321 1.639518 -0.575258 1.463362
739268385 -1.107232 -0.668217 -6.870004 -0.324381 -0.088718 -0.434304
759248698 2.879673 -1.575170 -4.387928 -1.086366 -0.046075 -0.758410
779229010 4.203830 -0.903072 -4.391791 -0.901641 -0.201839 -0.804425
799209323 2.953975 0.177586 -5.121725 -0.384447 -0.417254 -0.642705
819189635 1.915160 0.906490 -5.053069 0.117156 -0.474444 -0.350806
839169948 0.505831 1.030597 -3.570323 0.693776 -0.314389 0.003272
859150260 -0.711175 0.561745 -0.536549 1.090479 -0.137281 0.116118
879130573 -1.244879 -0.240005 2.076715 1.152366 -0.079887 0.148502
899110885 -1.461914 -0.161758 1.774355 0.984516 -0.114974 0.167204
919091198 -0.953869 0.103876 0.959750 0.991684 -0.123156 0.118731
939071510 -0.620478 0.222219 0.227832 0.884590 -0.145481 0.104486
959051823 -0.153023 0.251231 0.295991 0.861476 -0.090723 0.018600
979032135 0.546667 -0.468618 0.442218 0.900809 -0.039744 -0.031379
999012448 0.901031 -0.675162 -0.057713 0.744998 -0.048386 -0.063818
1018992760 1.030943 -0.289490 -0.996951 0.704480 -0.114561 -0.063332
1038973073 0.726747 0.113053 -1.345779 0.646453 -0.132049 -0.004571
1058953385 0.159929 0.285431 -1.121447 0.917874 -0.143745 0.100461
1078933698 -0.640740 0.539846 -0.597029 0.924652 -0.148169 0.145236
1098914010 -0.626464 0.565306 -0.237272 0.907863 -0.125639 0.152294
1118894323 -0.833802 0.436887 0.537141 0.956203 -0.100508 0.162840
1138874635 -0.991477 0.463198 1.469336 0.950338 -0.101187 0.175155
1158854948 -1.039720 0.507886 1.086529 0.921496 -0.113288 0.168582
1178835260 -0.683554 0.629379 0.237537 0.750545 -0.131176 0.127879
1198815573 -0.042311 0.711675 -0.381990 0.728172 -0.136805 0.051554
1218795885 0.647278 0.637726 -0.510948 0.601550 -0.104882 0.014225
1238776198 0.561492 0.424111 0.452654 0.759672 -0.070473 0.056291
1258756510 0.208352 0.083534 1.265373 0.820046 -0.027105 0.089772
1278736823 0.082124 -0.359431 1.691849 0.839984 -0.011263 0.085789
1298717135 0.319617 -0.348075 1.235293 0.875524 -0.034233 0.087372
1318697448 0.045849 0.054313 0.569695 0.861104 -0.093210 0.144524
1338677760 -0.439525 0.515036 0.151484 0.821183 -0.125579 0.179587
1358658073 -0.461333 0.599771 -0.241015 0.797350 -0.127650 0.177582
1378638385 -0.362222 0.485655 -0.193412 0.816649 -0.122142 0.160742
1398618698 -0.337126 0.562406 -0.178766 0.876680 -0.127552 0.171777
1418599010 -0.304389 0.365094 -0.198384 0.856932 -0.084076 0.124877
1438579323 0.226038 0.083872 0.082321 0.789193 -0.085951 0.079617
1458559635 0.446197 0.180849 -0.102911 0.857749 -0.087555 0.072181
1478539948 0.429485 0.076247 -0.307556 0.854209 -0.091668 0.088774
1498520260 0.208538 0.182903 -0.342446 0.850323 -0.092044 0.116381
