0 -0.359136 0.500510 -0.326844 1.060211 -0.073656 0.015129
19979584 -0.311986 0.371817 -0.063682 1.060211 -0.073656 0.015129
39959167 -0.080613 0.419619 0.370970 0.928658 -0.089509 -0.013059
59938750 -0.095137 0.546480 0.351190 1.127087 -0.094901 -0.000237
79918334 -0.259855 0.549591 -0.020976 1.085377 -0.092586 0.004303
99897917 -0.342194 0.500466 -0.238835 1.064748 -0.097296 -0.007794
119877500 -0.253463 0.549967 -0.208320 1.047123 -0.103462 0.003721
139857084 -0.365070 0.626662 -0.040447 1.087494 -0.101891 0.016153
159836667 -0.483902 0.611586 -0.078606 1.095188 -0.097475 0.017061
179816250 -0.506670 0.576870 -0.030250 1.131834 -0.097475 0.017061
199795834 -0.408377 0.528112 0.195095 1.111553 -0.090978 0.004116
219775417 -0.448924 0.690298 0.133141 1.117757 -0.108873 0.006572
239755000 -0.454513 0.853110 -0.000475 0.990737 -0.127854 0.006663
259734584 -0.268616 0.964207 -0.105678 0.882841 -0.143151 -0.024763
279714167 -0.142533 1.017133 0.042192 0.970039 -0.145047 -0.027864
299693750 -0.118045 1.096609 0.500439 0.880522 -0.149498 -0.054292
319673334 0.134011 1.162497 0.718899 0.900020 -0.151562 -0.072048
339652917 0.329001 1.214876 1.122571 0.930888 -0.151562 -0.072048
359632500 -0.018593 1.476633 1.444908 0.933962 -0.175829 -0.040901
379612084 -0.168493 1.946977 1.439006 0.846036 -0.224124 -0.030212
399591667 0.156051 3.081599 1.013988 0.635699 -0.337945 -0.062989
419571250 0.069616 4.071043 0.721708 0.650634 -0.517557 -0.010373
439550834 -0.503399 4.965805 0.664755 0.627619 -0.517557 -0.010373
459530417 -0.881132 5.515621 0.256146 0.642076 -0.585417 0.016610
479510000 -1.142083 5.750073 -0.841521 0.652753 -0.665648 0.034431
499489584 -1.340590 6.180169 -1.384949 0.627208 -0.731529 0.040277
519469167 -1.782685 7.370803 0.097256 0.661394 -0.730076 0.051048
539448750 -2.682753 8.724330 1.365037 0.750836 -0.750121 0.102104
559428334 -1.393240 9.739805 -0.892346 0.568374 -0.924708 -0.039776
579407917 -1.215470 10.186127 -0.932197 0.512319 -0.957450 -0.079062
599387500 1.437112 9.407584 -6.885626 -0.342351 -1.222399 -0.911710
619367084 5.954896 5.467981 -14.813715 -1.498571 -0.652290 -2.194822
639346667 4.937642 -1.994339 -7.045947 -2.757930 0.771260 -0.739037
659326250 5.524039 -10.625723 -1.953228 -2.757930 0.771260 -0.739037
679305834 7.242330 -20.997658 -8.740120 -2.042593 1.168877 -1.484690
699285417 0.038749 -27.630913 -11.778341 -1.219366 1.465524 -2.491649
719265000 -11.668191 -16.457409 -0.553687 1.293690 0.164825 0.427818
739244584 -15.569160 -2.207833 20.252987 1.263778 0.351418 -0.052984
759224167 -0.872021 -11.865292 31.244120 1.263778 0.351418 -0.052984
779203750 9.607149 -6.549376 9.529074 1.301693 0.371002 -0.591551
799183334 8.373116 -4.304091 -6.987161 -1.647843 0.502590 -1.342610
819162917 0.396528 -3.365184 -8.372621 -2.591175 1.102501 -1.019561
839142500 -3.861760 -0.585898 -7.995792 1.321149 0.530600 0.962474
859122084 -3.672898 0.884833 -7.739917 1.279910 0.053320 0.789947
879101667 -1.222199 0.756059 -6.094179 0.976136 0.105121 -0.310493
899081250 1.266258 -0.286967 -2.494064 1.078941 0.184517 -0.380077
919060834 1.877517 -1.013439 1.998381 1.078941 0.184517 -0.380077
939040417 1.804048 -0.442474 2.010521 1.069950 0.133804 -0.367474
959020000 1.068376 0.083873 0.173819 0.904726 0.081525 -0.329939
978999584 0.285738 0.364697 -1.243569 0.935964 0.081525 -0.329939
998979167 0.030851 0.433819 -2.257564 0.921650 0.085274 -0.346199
1018958750 0.516283 0.011580 -1.862086 1.018170 0.137896 -0.387928
1038938334 0.566384 -0.361700 -0.515626 1.056346 0.164162 -0.337250
1058917917 0.752360 -0.003998 0.046671 1.052072 0.123271 -0.335412
1078897500 0.428368 0.363681 0.101063 0.880009 0.090282 -0.301958
1098877084 0.278210 0.231434 0.018233 0.926266 0.121937 -0.309938
1118856667 0.542855 0.058272 0.319101 1.037119 0.121937 -0.309938
1138836250 0.594916 -0.072160 0.504728 0.961211 0.121431 -0.320268
1158815834 0.619030 0.063355 0.085385 0.917202 0.100472 -0.322265
1178795417 0.619621 0.279120 -0.072503 0.955876 0.100472 -0.322265
1198775000 0.379607 0.261000 0.057467 0.925142 0.100907 -0.293817
1218754584 -0.103888 0.202890 0.458042 1.013603 0.102517 -0.235142
1238734167 -0.074402 -0.047675 0.699187 1.084059 0.121157 -0.228395
1258713750 0.269296 -0.156624 0.788366 1.004856 0.124045 -0.252595
1278693334 0.331202 -0.050006 0.719887 0.984757 0.106863 -0.254956
1298672917 0.670114 0.164027 0.090356 0.778649 0.083161 -0.298808
1318652500 0.733879 0.277314 -0.172678 0.808230 0.066011 -0.305591
1338632084 0.314039 0.100743 -0.209735 0.946849 0.078003 -0.256852
1358611667 -0.040658 0.019997 -0.194948 0.973660 0.079532 -0.213534
1378591250 -0.043050 -0.040549 -0.309856 1.033834 0.079948 -0.210322
1398570834 0.370542 -0.132685 -0.350470 0.987489 0.083503 -0.249133
1418550417 0.135670 -0.121663 0.121469 1.004009 0.072322 -0.208187
1438530000 -0.590003 -0.010757 0.469183 1.088945 0.051761 -0.125398
1458509584 -0.293241 -0.399655 0.008055 1.019516 0.086435 -0.157727
1478489167 -0.202015 -0.603714 -0.106375 1.063147 0.101645 -0.162336
1498468750 -0.823285 -0.292233 0.085886 1.055216 0.061191 -0.089192
