0 0.173841 0.535894 -0.415158 0.920660 -0.039432 -0.078863
19979584 -0.012445 0.486172 -0.783172 0.922824 -0.033639 -0.064007
39959167 -0.004477 0.400593 -0.830039 0.967435 -0.019306 -0.066535
59938750 0.144891 0.293864 -0.422849 0.828437 -0.000957 -0.081630
79918334 0.193287 0.222440 0.077573 0.931833 0.010808 -0.084302
99897917 0.042673 0.268811 0.151260 1.021395 0.009285 -0.070637
119877500 -0.068453 0.177134 0.133945 0.971798 0.021465 -0.061556
139857084 -0.084808 0.133635 0.150089 0.967662 0.042843 -0.065906
159836667 -0.060248 -0.003427 0.357092 0.923415 0.042843 -0.065906
179816250 -0.177157 0.060357 0.461764 0.979135 0.036783 -0.055355
199795834 -0.284468 0.151819 0.249722 0.980326 0.029411 -0.044996
219775417 -0.276171 0.246962 0.119460 0.948047 0.022003 -0.044614
239755000 -0.277090 0.405551 0.095445 0.910127 0.008377 -0.043258
259734584 -0.394244 0.738255 0.206100 0.887688 -0.022655 -0.030700
279714167 -0.442833 1.153557 0.082043 0.892756 -0.062054 -0.024237
299693750 -0.250289 1.662863 -0.042089 0.697816 -0.158032 -0.046426
319673334 -0.132235 2.213118 0.149964 0.614973 -0.177381 -0.067176
339652917 0.130958 2.569332 0.805046 0.539943 -0.217565 -0.117637
359632500 0.629831 3.044028 0.782202 0.362814 -0.251600 -0.215364
379612084 1.457818 3.370582 0.289018 0.355066 -0.251600 -0.215364
399591667 2.017380 3.952227 0.849741 0.304316 -0.346132 -0.265298
419571250 1.979554 4.994089 1.861201 0.353595 -0.438584 -0.221789
439550834 1.278052 6.120872 1.891283 0.424609 -0.438584 -0.221789
459530417 0.566251 7.032218 0.984881 0.441885 -0.546794 -0.185002
479510000 0.581168 8.296564 -0.826511 0.194307 -0.835085 -0.335808
499489584 1.299730 9.247794 -2.186519 0.184198 -0.835085 -0.335808
519469167 2.013141 9.615020 -0.821537 0.179218 -0.628264 -0.348347
539448750 2.599278 9.370781 1.492239 0.264597 -0.628264 -0.348347
559428334 4.165857 9.080706 -1.368443 -0.007223 -0.680447 -0.626640
579407917 5.118495 5.811834 -6.687957 -1.034450 -0.029869 -1.353497
599387500 4.209821 1.744519 -7.414558 -1.647086 0.468469 -1.508586
619367084 3.855632 -2.111827 -8.144262 -1.931187 0.876081 -1.746680
639346667 5.954401 -10.676829 -10.122581 -2.170549 1.064035 -1.756872
659326250 8.856489 -22.927979 -10.608225 -2.212350 1.064035 -1.756872
679305834 8.801819 -30.544315 -14.343027 -0.055381 1.332428 2.197889
699285417 -8.565121 -18.687330 -10.981157 1.242507 0.491634 0.657450
719265000 -18.620001 -8.317476 12.328352 1.204989 0.323990 0.171773
739244584 -11.508615 -12.712820 43.367756 1.242966 0.323990 0.171773
759224167 6.395705 -9.571434 21.164711 1.362612 0.403120 -0.287186
779203750 5.009326 -8.182073 -2.481540 -2.947816 0.815317 -0.844649
799183334 -4.001318 -2.839261 -14.547091 -0.461836 0.729366 2.808423
819162917 -3.959626 -0.443316 -16.609472 -0.569788 0.307106 2.819299
839142500 1.245317 0.832433 -6.628043 0.518746 0.059950 -0.460889
859122084 3.412492 1.252052 -0.382494 0.518746 0.059950 -0.460889
879101667 0.799217 1.634299 -2.578766 0.907738 0.027865 -0.291483
899081250 -1.362442 1.591091 -3.961333 1.564008 0.245363 -0.039540
919060834 -1.019859 -0.057876 -0.636518 1.509800 0.245363 -0.039540
939040417 -0.062544 -0.752371 2.579948 1.507508 0.235330 -0.147218
959020000 0.395538 -0.719268 2.296298 1.408580 0.215322 -0.137258
978999584 -0.032405 -0.075677 0.198597 1.545552 0.214747 -0.173732
998979167 0.052057 0.208856 -1.255144 1.305607 0.176544 -0.286421
1018958750 0.945849 0.518837 -1.351540 1.306328 0.176544 -0.286421
1038938334 1.942192 0.725225 -0.916738 1.171711 0.139727 -0.340106
1058917917 1.546559 0.756989 -0.672850 1.336239 0.177543 -0.198327
1078897500 0.322260 0.434691 -0.237891 1.367931 0.200309 -0.110773
1098877084 -0.373487 0.125180 0.569940 1.367931 0.200309 -0.110773
1118856667 -0.414578 0.028818 1.257469 1.339640 0.198657 -0.098764
1138836250 -0.571259 0.040494 1.470114 1.346944 0.194401 -0.087159
1158815834 -0.537038 0.048201 1.298065 1.346944 0.194401 -0.087159
1178795417 -0.106760 0.096011 1.185663 1.357359 0.194254 -0.177283
1198775000 0.362139 0.022137 0.889028 1.301191 0.187057 -0.182613
1218754584 0.434937 0.056604 0.765580 1.301191 0.187057 -0.182613
1238734167 0.301694 0.116298 0.444068 1.271700 0.181504 -0.168802
1258713750 0.076109 0.182937 0.287271 1.265577 0.172507 -0.141981
1278693334 0.027541 0.077131 0.200089 1.401852 0.178627 -0.132324
1298672917 -0.117764 -0.112749 0.229230 1.352897 0.190894 -0.112387
1318652552 -0.196741 -0.207484 0.057997 1.360700 0.197424 -0.100884
1338632188 -0.191220 -0.304417 0.057989 1.434837 0.200482 -0.094784
1358611823 -0.392512 -0.189930 -0.035575 1.388632 0.184675 -0.068696
1378591459 -0.173057 -0.243409 -0.049747 1.446911 0.183444 -0.087597
1398571094 0.206414 -0.273219 -0.226901 1.407531 0.182917 -0.127909
1418550729 0.254046 -0.499280 -0.379258 1.552078 0.203341 -0.132922
1438530365 -0.110778 -0.471963 0.186249 1.394666 0.182306 -0.081797
1458510000 0.148034 -0.482305 0.650074 1.294273 0.164689 -0.095429
1478489636 0.688841 -0.763533 0.480522 1.551496 0.220453 -0.113842
