0 0.118301 0.064622 0.175299 0.955916 -0.086851 0.019266
19980313 0.164474 0.049574 -0.325183 1.031732 -0.108512 0.054411
39960625 -0.405317 0.338424 -0.666795 1.005285 -0.138898 0.109984
59940938 -0.608869 0.576413 0.113841 1.015973 -0.132065 0.100569
79921250 -0.516015 0.616008 0.395547 0.988523 -0.132712 0.079901
99901563 -0.102606 0.576611 0.480749 0.830404 -0.127423 0.042831
119881875 0.017142 0.566616 -0.081209 1.002050 -0.146193 0.052027
139862188 -0.213857 0.849885 -0.343682 0.945447 -0.184889 0.090082
159842500 -0.388884 1.223233 -0.240174 0.845226 -0.203992 0.066102
179822813 -0.138920 1.762876 0.341974 0.785484 -0.285424 0.067351
199803125 -0.409720 2.687276 0.104383 0.703366 -0.375941 0.112606
219783438 -0.879765 3.464887 -0.917866 0.669005 -0.504621 0.156602
239763750 -0.388472 4.341630 -1.415772 0.460644 -0.535996 0.008028
259744063 1.033013 4.567629 -0.536959 0.350962 -0.547468 -0.088651
279724375 1.512394 5.763745 0.015033 0.341978 -0.661033 -0.062499
299704688 0.503224 7.611814 -0.716450 0.445521 -0.861154 0.088236
319685000 -0.179356 10.290521 -1.420804 0.371784 -0.977623 0.027699
339665313 1.325132 11.665110 -1.306577 0.167577 -0.940255 -0.173890
359645625 2.936482 12.032204 1.076111 0.142713 -0.792787 -0.208983
379625938 2.909360 12.128766 3.962902 0.319083 -0.793326 -0.030813
399606250 -1.403492 13.620290 2.719681 0.679127 -0.901196 0.342064
419586563 -4.278140 11.579434 -0.915796 1.087216 -0.838586 0.729760
439566875 -6.503246 4.621296 -5.350354 1.369510 -0.091261 1.082341
459547188 -6.451670 -4.883861 -5.819994 1.448042 0.775428 1.125316
479527500 -8.686061 -13.170788 -7.240452 1.223427 1.044178 1.515672
499507813 -11.018271 -26.415869 -11.228069 1.005509 1.263473 1.789192
519488125 -1.146283 -34.858601 -7.101087 -2.533356 1.155627 -0.696083
539468438 16.515162 -23.238461 8.960995 -1.545692 0.523688 -0.631428
559448750 17.038826 -9.683304 22.120653 -0.040529 0.302073 -0.284229
579429063 5.771693 -9.557667 25.266178 0.846388 0.296960 0.089387
599409375 -5.131369 -4.385584 6.058113 1.214322 0.263480 1.003578
619389636 -9.987417 -1.746935 -9.094403 1.256146 -0.018342 1.721639
639369844 -9.727485 1.968772 -12.035252 1.447551 -0.362872 1.780061
659350052 -6.056996 3.738842 -11.239703 1.566399 -0.616144 1.730768
679330261 -1.427596 1.831487 -9.332360 0.223008 -0.210048 -0.175471
699310469 3.115045 -1.334455 -6.291357 -1.865220 0.347718 -0.550894
719290677 4.611490 -2.861033 -2.123527 -0.902391 0.289415 -0.314056
739270886 2.707555 -1.917133 0.258007 0.753275 0.107932 0.007532
759251094 0.254061 -0.110858 1.312040 0.841320 -0.016211 0.197855
779231302 -0.903960 0.456865 1.243045 0.891327 -0.022675 0.291658
799211511 -1.363153 0.372093 0.972100 0.938744 -0.011480 0.304111
819191719 -1.373044 0.330944 0.787485 0.929563 0.000063 0.286671
839171927 -0.860109 0.253755 0.501559 0.846919 0.017630 0.215997
859152136 0.029621 -0.056530 0.323500 0.761649 0.075828 0.107812
879132344 0.904258 -0.566552 -0.273230 0.858638 0.104806 0.072807
899112552 0.668763 -0.410438 -0.681108 0.811321 0.067717 0.127718
919092761 0.218697 -0.082118 -0.956134 0.850710 0.038184 0.163389
939072969 0.232190 0.027630 -0.823838 0.926370 0.044805 0.140849
959053177 0.524274 -0.180677 -0.205507 0.841685 0.073652 0.104554
979033386 0.488942 -0.457356 0.862656 0.741003 0.058666 0.153470
999013594 -0.319788 0.021844 0.919298 0.877189 -0.010290 0.248768
1018993802 -1.111905 0.714990 -0.137558 0.881947 -0.094845 0.357972
1038974115 -1.514111 1.434125 -1.157281 0.891454 -0.151948 0.397872
1058954427 -1.633326 1.449258 -0.670108 0.916957 -0.087923 0.364244
1078934740 -1.465237 0.747436 0.164829 0.960543 -0.033595 0.312047
1098915052 -1.049364 0.593610 0.161864 0.878892 -0.032838 0.282577
1118895365 -0.723489 0.590358 -0.502622 0.797237 -0.027559 0.257933
1138875677 -0.273966 0.534034 -0.814711 0.771764 -0.006390 0.205106
1158855990 0.218639 0.248096 -0.761155 0.743233 0.036737 0.136786
1178836302 0.725404 0.011884 -0.364002 0.758154 0.046860 0.116832
1198816615 0.557011 0.052851 0.169934 0.743062 0.037790 0.146414
1218796927 0.279032 0.099652 0.355859 0.749475 0.041521 0.167907
1238777240 0.298318 0.020137 0.294742 0.695343 0.040771 0.172003
1258757552 0.082696 0.170664 0.371144 0.778884 0.019463 0.193817
1278737865 -0.056921 0.348839 0.497871 0.711448 0.009661 0.201156
1298718177 -0.044074 0.388726 0.142193 0.777440 0.021428 0.188537
1318698490 0.200091 0.154896 0.404853 0.827068 0.054983 0.158370
1338678802 0.204495 -0.224625 0.946145 0.836850 0.080924 0.155201
1358659115 0.054743 -0.243616 1.196600 0.762045 0.055407 0.169482
1378639427 -0.181152 0.223442 0.706364 0.669938 0.007242 0.193030
1398619740 -0.180152 0.554170 -0.061592 0.790315 -0.006903 0.186356
1418600052 -0.075275 0.455521 -0.005952 0.675173 0.010557 0.171364
1438580365 -0.104518 0.305321 0.196146 0.825905 0.025586 0.167540
1458560677 -0.176004 0.110226 0.352836 0.828238 0.029236 0.160941
1478540990 -0.142226 0.143581 0.114595 0.781390 0.028689 0.143638
1498521302 0.026539 0.063003 -0.471434 0.735755 0.028010 0.138869
