0 -0.077229 0.479750 -0.084960 1.158912 -0.072152 -0.067567
19980104 0.040161 0.481103 -0.336179 1.095549 -0.069981 -0.092670
39960208 0.452437 0.601111 -0.010315 1.068210 -0.082403 -0.130670
59940312 0.687008 0.701129 0.181084 1.008682 -0.081071 -0.117134
79920416 0.392169 0.685616 0.537796 1.063591 -0.075855 -0.079407
99900521 0.114700 0.776642 0.445655 1.031955 -0.104231 -0.051274
119880625 0.009406 1.127469 0.088881 0.954166 -0.142398 -0.045366
139860729 -0.050133 1.566214 0.027637 0.932448 -0.180768 -0.009379
159840833 -0.450754 1.897784 0.027315 0.968056 -0.198146 0.015783
179820937 -0.259330 2.180923 -0.169473 0.762466 -0.240444 -0.005349
199801041 -0.210742 2.608452 -0.265587 0.830160 -0.262134 0.007196
219781146 -0.404919 2.886964 0.640574 0.926794 -0.221735 0.010608
239761250 -0.470156 2.930401 2.854550 0.821052 -0.234994 -0.027670
259741354 -0.018208 3.976235 3.139185 0.690403 -0.352036 -0.076656
279721458 -0.020498 5.395183 1.877950 0.634222 -0.503404 -0.066940
299701562 -0.884414 6.771276 1.580308 0.745352 -0.547758 0.009744
319681666 -1.961962 8.239079 3.016010 0.779428 -0.606160 0.076380
339661771 -2.577739 10.583137 4.007135 0.778069 -0.704182 0.121865
359641875 -2.905554 12.504524 3.715794 0.783913 -0.807817 0.147235
379621979 -3.286503 14.293495 2.380397 0.766248 -0.930128 0.220354
399602083 -3.593262 15.029501 0.428437 0.829745 -1.013414 0.253482
419582187 -3.168360 14.424400 -1.092231 0.748342 -1.062351 0.129628
439562291 -0.602268 12.924815 -1.810768 0.077946 -1.001953 -0.466319
459542396 6.523496 7.032187 -6.479130 -1.431768 -0.129041 -1.684560
479522500 18.494905 -8.221611 -15.856403 -1.667019 0.696075 -1.930269
499502604 18.683100 -28.705345 -15.274711 -1.865033 1.119598 -1.763575
519482708 16.366142 -44.974354 -12.959408 -1.971463 1.301262 -1.673127
539462812 0.565704 -31.208641 -5.685079 1.367285 0.922577 1.276911
559442916 -34.286186 -16.770657 3.973908 1.483834 0.311852 0.894574
579423021 -31.593315 -9.390818 47.913246 1.381025 0.260320 0.151181
599403125 11.542665 -14.561388 35.327599 -2.513170 0.467723 -0.437455
619383229 10.152238 -14.199733 1.652822 -0.902700 1.003720 -2.715712
639363333 0.104725 -7.660894 -29.694553 -1.336333 0.141679 -3.092468
659343437 5.375864 -2.332648 -33.046833 -1.724146 -0.053867 -2.674839
679323541 9.138647 1.071951 -12.676374 -1.442307 -0.230098 -1.042696
699303646 7.887494 1.149848 -2.118093 -1.090133 -0.146058 -0.529866
719283750 1.484448 0.293182 -3.771940 1.571143 -0.032201 0.258980
739263854 -2.009741 -0.319128 -3.330762 1.703555 0.064392 0.241458
759243958 -0.947216 -0.664884 1.467208 1.738840 0.069809 0.033863
779224062 0.391788 -0.503101 4.606236 1.670339 0.054297 -0.020592
799204166 0.228353 -0.484925 2.859750 1.668221 0.056504 0.008113
819184271 -0.119746 -0.291892 -0.786854 1.648581 0.044648 -0.012729
839164375 0.366831 -0.174420 -2.088818 1.542113 0.019833 -0.089734
859144479 1.129292 0.259867 -0.844792 1.438573 -0.009213 -0.157941
879124583 1.573901 0.353206 0.574712 1.361848 0.007910 -0.146478
899104687 1.448256 0.144969 0.876261 1.478895 0.017425 -0.124339
919084791 0.954862 0.217804 0.675570 1.494924 0.018961 -0.063182
939064896 0.349379 0.303038 0.733544 1.517731 0.012313 -0.035388
959045000 0.415221 0.362937 0.991320 1.413170 -0.003003 -0.049477
979025104 0.808463 0.556024 1.359299 1.373012 -0.012044 -0.105085
999005208 1.064430 0.681860 1.455647 1.352900 -0.016293 -0.120362
1018985364 1.134105 0.659743 1.053158 1.242538 -0.028573 -0.141880
1038965573 1.431375 0.687842 0.539723 1.250964 -0.028997 -0.164068
1058945781 1.270723 0.737100 0.511874 1.344274 -0.028967 -0.135230
1078925989 0.861213 0.710969 0.564869 1.342595 -0.042866 -0.086012
1098906198 0.489498 0.699394 0.060379 1.389400 -0.035046 -0.060820
1118886406 0.024721 0.580860 -0.211852 1.431741 -0.024076 -0.029177
1138866614 0.075044 0.379672 -0.241126 1.429379 -0.020802 -0.058173
1158846823 0.229388 0.439978 -0.088096 1.442366 -0.017114 -0.066537
1178827031 0.154838 0.288203 -0.226382 1.406972 -0.000932 -0.063389
1198807239 0.099528 0.116233 -0.143552 1.498052 0.012947 -0.040867
1218787448 -0.254855 0.039219 -0.096659 1.615167 0.009044 -0.007718
1238767656 -0.412888 0.183727 -0.136285 1.472079 -0.004819 0.007096
1258747864 -0.427561 0.194856 0.281244 1.512137 0.003372 0.004260
1278728073 -0.544272 0.091163 0.283409 1.558951 0.002520 0.012266
1298708281 -0.490008 0.130718 -0.278951 1.510634 -0.009973 -0.011838
1318688489 -0.216763 0.230114 -0.466505 1.444330 -0.021403 -0.049613
1338668698 -0.026427 0.258061 -0.323370 1.513154 -0.017462 -0.043968
1358648906 -0.408760 0.175678 -0.415903 1.595852 -0.013932 -0.013477
1378629114 -0.333288 0.165681 -0.561189 1.573301 -0.009313 -0.076456
1398609323 0.301452 0.124662 -0.483455 1.468345 -0.016102 -0.111924
1418589531 0.355586 0.180787 -0.250712 1.561254 -0.014352 -0.088926
1438569739 -0.023653 0.224463 -0.411458 1.421766 -0.022245 -0.049063
1458549948 -0.256801 0.215235 -0.472854 1.529307 -0.015970 -0.021126
1478530156 -0.573896 0.120668 -0.131457 1.588766 -0.000913 0.017181
1498510364 -0.951366 0.087256 0.085467 1.582805 -0.004106 0.029974
