0 -0.240877 0.333095 0.957433 0.998439 -0.061514 0.102484
19980417 -0.302150 0.641656 0.026199 0.889849 -0.085858 0.090279
39960833 -0.026994 0.774144 -0.197714 0.912147 -0.089118 0.062346
59941250 0.206223 0.758816 -0.195903 0.860686 -0.076483 0.034409
79921667 0.355866 0.711227 0.216227 0.825505 -0.084609 0.021946
99902083 0.406781 0.970658 0.218004 0.786474 -0.117742 0.008113
119882500 0.156974 1.516305 -0.124556 0.786187 -0.205177 0.078881
139862917 -0.450643 2.304505 -0.230251 0.750707 -0.255551 0.080969
159843333 -0.132017 2.669938 -0.050700 0.644594 -0.281012 0.029539
179823750 0.533122 3.031351 0.427349 0.445529 -0.311836 -0.061386
199804167 1.384278 3.717048 -0.297985 0.347322 -0.467730 -0.135750
219784583 0.578772 5.409149 -2.223479 0.638584 -0.648723 0.147802
239765000 -2.408668 8.345894 1.485361 0.669718 -0.599495 0.215816
259745417 -2.311497 11.697110 4.754622 0.500679 -0.755290 0.075630
279725833 1.709760 14.129880 2.666693 0.051302 -0.899540 -0.298020
299706250 6.030899 15.968278 1.497247 -0.193577 -0.924017 -0.553008
319686667 5.935256 15.423941 -0.755240 -0.007666 -1.078726 -0.360723
339667083 0.482294 15.261625 -1.354742 0.635124 -0.974646 0.251071
359647500 -3.265330 10.992191 0.494241 0.847383 -0.656092 0.415477
379627917 -5.189137 3.781374 -2.894538 1.378418 -0.114988 1.258772
399608333 -12.180882 -3.705722 -9.945373 1.210679 0.437310 1.739604
419588750 -15.405826 -14.529934 -12.451422 1.213327 0.880041 1.687243
439569167 -13.978666 -28.446840 -9.952765 1.671475 1.233771 1.268898
459549583 -1.808918 -34.782894 1.729370 -2.848130 1.065586 -0.323991
479530000 13.698407 -23.976107 8.071423 -1.642661 0.735610 -0.897675
499510417 18.453680 -12.738821 4.253816 -1.033408 0.502021 -0.757270
519490833 10.385784 -7.516540 10.667086 0.509390 0.363595 -0.146540
539471250 -1.139792 -4.511576 11.778459 0.967057 0.268787 0.392664
559451667 -8.782863 -2.450444 1.790530 1.143204 0.162244 1.060626
579432083 -10.492553 -0.139884 -5.928013 1.201354 0.039686 1.306531
599412500 -5.965314 0.306223 -8.041652 1.243161 0.203769 1.220360
619392917 -0.363259 -0.206541 -8.505837 -1.490460 0.347758 -0.551558
639373333 2.095311 -0.119543 -6.907121 -0.621930 0.133596 -0.545702
659353750 1.543378 0.411477 -5.698494 0.432083 -0.009051 -0.184267
679334167 0.477468 0.816853 -3.944366 0.798306 -0.030000 0.106124
699314583 -1.074767 1.036532 -1.989420 0.968674 0.001870 0.236189
719295000 -1.503351 0.383139 1.050219 0.997916 0.081865 0.168985
739275417 -1.050185 -0.446770 2.458274 0.935567 0.145569 0.138189
759255781 -0.403544 -0.988069 1.616505 0.910045 0.167292 0.089196
779236094 -0.037801 -0.637539 0.558916 0.994616 0.150778 0.079253
799216406 0.162931 -0.589868 0.312717 0.967694 0.142974 0.089339
819196719 -0.358226 -0.421065 0.049994 0.981071 0.108592 0.194625
839177031 -1.246814 0.061571 -0.236988 0.979107 0.052252 0.253418
859157344 -1.468417 0.400844 -0.645226 0.925495 0.032323 0.278469
879137656 -1.292051 0.433422 -0.561407 0.897887 0.054037 0.208982
899117969 -0.574182 0.117521 -0.518811 0.900524 0.075720 0.158551
919098281 -0.261937 0.107491 -0.643202 0.836102 0.084538 0.132790
939078594 -0.193188 0.029749 -0.195925 0.786042 0.067545 0.140598
959058906 -0.352583 0.331910 -0.015617 0.869462 0.047656 0.154076
979039219 -0.424153 0.380341 0.561760 0.805866 0.042009 0.159769
999019531 -0.733240 0.365710 0.751017 0.862503 0.041674 0.195306
1018999844 -0.849780 0.423738 0.330929 0.778447 0.042138 0.187845
1038980156 -0.372651 0.209081 0.402141 0.816970 0.079494 0.097527
1058960469 0.448774 -0.127941 0.334391 0.824888 0.100102 0.040217
1078940781 0.621703 -0.201477 0.184349 0.659485 0.097355 0.040439
1098921094 0.437309 -0.044530 -0.194676 0.775884 0.076074 0.071605
1118901511 0.139715 0.171083 -0.463340 0.761248 0.043141 0.108481
1138881927 -0.142471 0.410951 -0.545045 0.782138 0.034320 0.137233
1158862344 -0.345491 0.365177 -0.090864 0.800699 0.035021 0.148139
1178842761 -0.555365 0.337759 0.445545 0.784059 0.044533 0.136617
1198823177 -0.285354 0.123789 1.149397 0.743618 0.055893 0.090126
1218803594 -0.063162 0.163877 1.153222 0.811210 0.050043 0.068376
1238784011 0.006046 0.068874 1.007155 0.736437 0.065487 0.034139
1258764427 0.338311 0.067632 0.301245 0.770189 0.050612 0.003587
1278744844 0.461480 0.234702 -1.016953 0.689732 0.037175 -0.000573
1298725261 0.320302 0.340639 -1.999349 0.778560 0.034868 0.053473
1318705677 -0.239808 0.354121 -1.219048 0.844938 0.020877 0.099142
1338686094 -0.740208 0.500281 -0.023554 0.847160 0.010711 0.156677
1358666511 -1.252946 0.621200 0.188869 0.896302 0.012748 0.171365
1378646927 -1.225822 0.497765 0.156507 0.979055 0.026793 0.177709
1398627344 -1.085058 0.386773 -0.931493 0.876176 0.079555 0.128070
1418607761 -0.127971 -0.114599 -0.847434 0.741401 0.158641 -0.007079
1438588177 0.909884 -0.756055 -0.183375 0.619962 0.198018 -0.095918
1458568594 1.408823 -0.997681 0.481686 0.641535 0.195134 -0.108137
1478549011 1.438623 -1.041122 1.447963 0.762216 0.181278 -0.079240
1498529427 0.874891 -0.976647 1.600934 0.794918 0.171870 -0.035604
