0 -0.014901 -0.071626 0.191892 1.117001 -0.081066 -0.066637
19980573 -0.242050 -0.158497 -0.011040 1.097787 -0.104029 -0.068257
39961146 -0.240318 0.047102 -0.167887 1.062228 -0.104029 -0.068257
59941719 -0.244254 0.218717 -0.523353 0.971932 -0.125224 -0.067763
79922292 -0.290634 0.201219 -0.420460 1.030628 -0.119762 -0.058665
99902865 -0.401587 0.242044 -0.169219 1.129463 -0.118659 -0.043405
119883438 -0.619902 0.197587 -0.122343 1.153562 -0.094533 -0.016721
139864011 -0.672672 0.072907 -0.007517 1.056341 -0.092162 -0.058323
159844583 -0.266507 0.081443 0.116902 1.117033 -0.092162 -0.058323
179825156 0.108566 0.168599 0.198841 1.054898 -0.098762 -0.095155
199805729 0.334395 0.247719 0.050617 0.918262 -0.106773 -0.119578
219786302 0.218260 0.282084 0.102783 0.970123 -0.108710 -0.107693
239766875 0.104842 0.404745 0.283208 0.965385 -0.119595 -0.093671
259747448 0.105707 0.616874 0.286603 0.917468 -0.143045 -0.092102
279728021 -0.150244 0.947153 -0.011339 0.893930 -0.184362 -0.066274
299708594 -0.109562 1.288744 -0.225336 0.836697 -0.225929 -0.071871
319689167 -0.004055 1.445918 0.209576 0.876491 -0.233445 -0.083649
339669740 0.082331 1.687656 0.841824 0.733465 -0.274846 -0.080885
359650313 -0.084421 2.139309 1.139744 0.753325 -0.274846 -0.080885
379630886 -0.327479 2.695836 0.977131 0.650849 -0.385418 -0.115020
399611458 0.064369 3.252734 0.626856 0.503871 -0.477655 -0.168078
419592031 0.529301 4.326779 0.373324 0.551809 -0.529643 -0.124227
439572604 0.092156 5.303196 0.893458 0.543505 -0.579718 -0.113348
459553177 -0.024401 6.471935 1.532641 0.492440 -0.588954 -0.192250
479533750 0.990558 7.491732 2.675721 0.371325 -0.621991 -0.257111
499514323 2.157239 9.320249 4.224980 0.370002 -0.621991 -0.257111
519494896 2.436928 11.129375 4.821198 0.387394 -0.811505 -0.220599
539475469 1.146098 12.557870 3.274838 0.421503 -0.811505 -0.220599
559456042 -0.404186 12.134410 -1.912695 0.140645 -1.427129 -0.434648
579436615 -1.118092 9.400383 -8.150968 -1.505623 -0.761722 -2.207264
599417188 1.862651 3.315931 -12.287139 -1.492069 -0.761722 -2.207264
619397761 5.931378 -6.653462 -9.722964 -2.365661 0.994711 -1.392135
639378333 9.103483 -20.261122 -6.780710 -1.891761 1.326787 -2.037227
659358906 3.309556 -34.663849 -12.487411 2.183947 1.429903 -0.056503
679339479 -4.723428 -29.652206 -3.838106 1.502845 0.376453 0.270265
699320052 -10.699072 -5.737381 11.544468 1.462702 0.272562 0.130841
719300625 -11.051877 -10.739878 37.634029 1.406135 0.272562 0.130841
739281198 2.853157 -6.273657 27.032696 1.505336 0.200741 -0.198147
759261771 9.894016 -8.864168 -5.877370 -2.189335 0.571557 -1.340531
779242344 7.652024 -5.396100 -15.175045 -1.456677 0.046220 -2.354573
799222917 4.459618 -1.103203 -17.286957 -1.499358 -0.150588 -2.510630
819203490 1.425187 0.973265 -16.189795 -1.235257 -0.100499 -1.516633
839184063 1.391556 0.482444 -8.545701 1.404981 0.090427 -0.569247
859164636 1.069940 -0.656777 -0.448246 1.466305 0.107846 -0.424862
879145208 0.992095 -1.004649 3.283442 1.463793 0.107846 -0.424862
899125781 0.856305 -0.592916 3.851654 1.394225 0.078903 -0.404427
919106354 1.007074 -0.358492 2.319054 1.368826 0.075685 -0.548038
939086927 1.274521 -0.441498 0.715309 1.317462 0.076529 -0.637429
959067500 0.966911 -0.362657 -1.400144 1.096900 0.075607 -0.719917
979048073 0.760234 -0.267085 -2.779918 1.030113 0.075607 -0.719917
999028646 0.618934 -0.191384 -2.890416 1.066782 0.074946 -0.717886
1019009219 0.586102 -0.155962 -1.672256 1.168476 0.071827 -0.627291
1038989792 0.740127 -0.221378 0.088968 1.211014 0.071627 -0.542362
1058970365 0.985192 -0.318235 0.606034 1.349245 0.077569 -0.538737
1078950938 0.686276 -0.178500 0.075079 1.168615 0.055002 -0.540917
1098931511 0.615850 -0.028213 -0.108913 1.202291 0.055002 -0.540917
1118912083 0.984439 0.106152 -0.134355 1.129191 0.040806 -0.574486
1138892656 1.454711 0.215455 -0.382804 1.082260 0.029724 -0.629047
1158873229 1.305449 0.317194 -0.431190 1.013534 0.020086 -0.620954
1178853802 1.073343 0.311834 -0.325519 1.173803 0.021133 -0.596128
1198834375 1.029418 0.286175 -0.175617 1.145955 0.030308 -0.566526
1218814896 0.886635 0.215184 -0.051291 1.182113 0.043489 -0.543602
1238795417 0.538418 0.094157 -0.213395 1.352928 0.091472 -0.564002
1258775938 0.577840 -0.337689 -0.586209 1.410322 0.104674 -0.510350
1278756458 0.118756 -0.425641 -0.437730 1.381201 0.080944 -0.383875
1298736979 -0.943816 -0.143654 -0.057043 1.369748 0.080899 -0.313893
1318717500 -1.385126 -0.105295 0.418309 1.288657 0.064494 -0.352181
1338698021 -0.770862 0.065555 0.824816 1.298014 0.043481 -0.388998
1358678542 -0.173562 0.260213 1.266064 1.278794 0.053691 -0.433147
1378659063 0.155791 0.131554 0.914235 1.304426 0.050248 -0.452047
1398639583 -0.117813 0.191147 -0.047720 1.271614 0.045814 -0.476314
1418620104 -0.140890 0.249438 -0.624908 1.245917 0.038091 -0.499035
1438600625 0.110528 0.324725 -0.653249 1.254903 0.060079 -0.482836
1458581146 0.281950 0.077871 -0.049859 1.277943 0.062622 -0.435158
1478561667 -0.122136 0.030255 0.128794 1.346461 0.063691 -0.417268
1498542188 -0.472619 0.045368 -0.304312 1.390381 0.063691 -0.417268
