0 -0.021540 0.099125 1.385305 0.993313 -0.000166 0.025525
19980208 0.296091 -0.132427 0.342920 1.021463 0.009556 0.024340
39960417 0.226974 0.006768 0.429881 0.950961 -0.013170 0.021917
59940625 0.123040 0.211951 1.058143 1.037285 -0.036670 0.050365
79920833 -0.194988 0.506530 0.960763 0.940090 -0.063614 0.061550
99901042 -0.027337 0.519127 0.774752 0.895622 -0.061169 0.040108
119881250 0.025534 0.592524 0.071727 0.870176 -0.092136 0.047518
139861458 0.065920 0.805103 -0.074663 0.822128 -0.114124 0.026555
159841562 0.191185 1.072523 0.247766 0.814949 -0.155589 0.028036
179821667 0.066329 1.560490 -0.082994 0.745390 -0.233687 0.054293
199801771 -0.420753 2.323602 -0.897868 0.777017 -0.387452 0.142144
219781875 -0.611780 3.643590 -1.701190 0.561297 -0.504320 0.033167
239761979 1.286428 4.676972 -0.610887 0.210813 -0.531516 -0.192098
259742083 3.118708 7.138286 0.655350 0.160612 -0.785373 -0.218623
279722187 2.270053 14.038826 1.068151 0.339768 -1.003759 -0.029142
299702292 0.000789 20.744932 4.338994 0.539211 -0.943654 0.207698
319682396 -5.299760 23.143606 7.815684 0.782996 -0.927405 0.462437
339662500 -6.626026 21.444586 2.963351 0.882439 -1.095525 0.557431
359642604 -3.041290 17.183844 -3.646341 0.666722 -1.274531 0.373908
379622708 0.852438 11.153728 -5.006166 -0.167861 -0.916569 -0.448706
399602812 4.739429 0.825179 -3.454993 -2.426320 0.881638 -0.864127
419582917 -3.564169 -15.261992 -15.556643 0.371234 0.719400 2.503642
439563021 -19.243643 -33.239025 -38.867828 0.455588 0.933035 2.507299
459543125 -15.810053 -62.068535 -26.975792 2.061257 1.411936 0.977030
479523229 2.475915 -41.902439 22.494501 -0.161266 0.525887 0.021786
499503333 -1.262861 -9.879764 58.035614 0.148714 0.044752 0.175277
519483437 -12.724373 2.392591 57.445053 0.508224 0.078178 0.347732
539463542 -10.551302 -8.435028 10.390634 1.257919 0.845593 1.606791
559443646 -4.331991 -10.234656 -20.065590 0.292630 0.630597 2.785096
579423750 0.938560 -7.949275 -17.621254 -0.605490 0.946564 -2.717310
599403854 4.812823 -6.201414 -11.832919 -1.671750 0.899195 -1.492550
619383958 3.212805 -2.942719 -8.564341 -2.582194 0.632246 -0.537757
639364062 -0.014898 -0.145523 -8.878846 1.429617 -0.666633 1.320361
659344167 -2.723660 3.014988 -8.516755 1.296500 -0.733341 1.109922
679324271 -2.858933 3.310190 -6.605788 1.076493 -0.481189 0.757159
699304375 -1.449630 1.264197 -4.283836 0.945395 -0.128560 0.293211
719284479 0.011506 0.126105 -1.299492 0.975973 -0.003314 0.156453
739264583 0.179324 -0.486935 -0.153892 1.134656 0.053612 0.166001
759244687 -0.138651 -0.551576 0.033873 1.036170 0.020622 0.215465
779224792 -0.303411 -0.037027 0.121936 0.934395 -0.001141 0.222990
799204896 -0.442806 -0.018583 0.051041 1.080086 0.004724 0.278494
819185000 -0.928812 -0.053882 -0.291503 1.053480 0.017991 0.305444
839165104 -0.547634 -0.142963 -0.261973 1.020981 0.020189 0.225751
859145208 0.136605 -0.092053 -0.119249 0.980086 0.029148 0.180230
879125312 0.244023 -0.057763 0.086578 0.841559 0.020637 0.181495
899105417 -0.040875 0.064717 -0.134383 0.981501 -0.002455 0.245953
919085521 -0.405101 0.457175 -0.248326 0.955196 -0.030047 0.255932
939065625 -0.629254 0.523371 0.344951 0.967452 -0.019059 0.277829
959045729 -0.968036 0.592355 0.897232 0.958816 -0.036299 0.286447
979025833 -0.897351 0.731932 0.640912 0.926987 -0.025219 0.272659
999005937 -0.708739 0.627289 0.547454 0.817861 -0.028847 0.244917
1018986042 -0.391060 0.763420 0.347859 0.895975 -0.027331 0.235121
1038966146 -0.259355 0.573613 -0.407818 0.920624 0.001635 0.218326
1058946250 0.220301 0.320582 -0.592358 0.923333 0.032720 0.179004
1078926354 0.418966 0.097601 -0.412171 0.941853 0.056429 0.159824
1098906458 0.392360 -0.047991 -0.022531 1.011898 0.068485 0.174770
1118886562 0.168418 0.004727 0.322840 0.941544 0.061048 0.181334
1138866667 0.117521 0.084187 0.465933 0.941711 0.053594 0.181723
1158846771 0.185815 0.161818 0.581161 0.843708 0.044824 0.180141
1178826875 0.191584 0.078579 0.714395 0.922315 0.062288 0.186364
1198806979 0.125383 -0.072282 0.420581 0.858225 0.058263 0.200249
1218787083 -0.042713 0.089489 0.119425 0.880846 0.030025 0.227314
1238767187 -0.241311 0.366655 -0.270114 0.995961 0.008968 0.250213
1258747292 -0.339336 0.382537 -0.488455 0.904295 0.024330 0.245348
1278727396 -0.080989 0.141906 -0.625051 0.971689 0.042489 0.214930
1298707500 0.274791 0.091831 -0.794958 0.931783 0.046183 0.180758
1318687604 0.384843 0.138980 -0.509212 0.835951 0.033346 0.189860
1338667708 0.085815 0.285273 -0.237570 0.888815 0.025361 0.222495
1358647865 -0.174885 0.352793 -0.043223 0.900286 0.023661 0.231225
1378628073 -0.163710 0.295507 0.086634 0.867543 0.035581 0.213333
1398608281 0.170844 0.131939 0.194866 0.859897 0.054023 0.180369
1418588490 0.352440 0.005588 0.365105 0.828323 0.056523 0.177890
1438568698 0.252011 -0.003454 0.296114 0.885471 0.050189 0.193095
1458548906 0.245949 0.085158 -0.044350 0.856458 0.042955 0.197044
1478529115 0.325678 0.085895 -0.387630 0.933675 0.043668 0.197596
1498509323 0.268036 0.104202 -0.402348 0.913083 0.037181 0.203577
