0 -0.016261 0.056844 -0.028270 1.080714 -0.129175 -0.043582
19979583 0.011902 0.176634 -0.227178 1.064916 -0.129175 -0.043582
39959166 0.304285 0.320552 0.187910 0.957632 -0.137437 -0.071432
59938750 0.283961 0.457476 0.106904 0.921480 -0.152510 -0.072518
79918333 0.022132 0.584541 -0.208354 0.919216 -0.170143 -0.049589
99897916 -0.156341 0.699006 -0.214552 0.976578 -0.172326 -0.014709
119877500 -0.282533 0.678645 -0.021467 0.930286 -0.172326 -0.014709
139857083 -0.323818 0.561135 0.286301 0.985950 -0.153838 -0.009414
159836666 -0.215106 0.665446 0.429440 0.883256 -0.199771 -0.044830
179816250 0.001529 1.043349 0.448116 0.762402 -0.252102 -0.057780
199795833 0.080604 1.572918 0.421128 0.686463 -0.324274 -0.108133
219775416 0.546637 2.381937 0.533949 0.424333 -0.438588 -0.172141
239755000 1.106510 3.650492 0.327098 0.472959 -0.438588 -0.172141
259734583 1.034537 4.513356 0.384969 0.434791 -0.507793 -0.176440
279714166 0.497900 5.269006 0.450296 0.440592 -0.569883 -0.137040
299693750 0.327153 6.042279 -0.574760 0.407224 -0.875385 -0.133275
319673333 0.070571 7.031567 -2.676148 0.398168 -0.875385 -0.133275
339652916 -0.145223 7.496916 -3.683276 0.389182 -0.970229 -0.115741
359632500 -0.279607 8.062958 -1.546621 0.447583 -0.845627 -0.079233
379612083 0.007714 9.442382 1.674001 0.464682 -0.745996 -0.096793
399591666 0.698673 10.571788 2.402181 0.147968 -0.877811 -0.350089
419571250 2.273208 11.060276 -0.032571 0.133229 -0.877811 -0.350089
439550833 4.611642 9.390790 -3.743148 -0.328838 -0.906756 -0.782666
459530416 5.143848 4.932889 -5.001000 -0.566165 -0.649825 -0.948881
479510000 7.817719 -1.618969 -7.337592 -1.420943 0.081990 -1.337420
499489583 5.756693 -11.264707 -9.673781 -2.004510 0.959579 -1.599867
519469166 -5.218770 -20.129553 -10.268954 1.387297 1.456110 1.069408
539448750 -5.561030 -25.332134 -7.564797 1.309692 1.456110 1.069408
559428333 -0.680429 -24.020115 -1.053268 2.632292 1.268219 -0.357422
579407916 -0.622793 -14.128999 7.352213 2.123498 0.804896 -0.215726
599387500 -1.112439 -4.478166 10.941076 1.554355 0.363738 -0.171453
619367083 1.170549 -1.570950 13.239688 1.235733 0.224496 -0.429336
639346666 5.164026 -2.547132 11.989421 1.287124 0.224496 -0.429336
659326250 4.655267 -2.364147 2.459998 1.488695 0.307638 -0.648838
679305833 1.336374 -1.877593 -4.942205 -3.066300 0.523609 -0.899957
699285416 -0.513465 -0.860769 -5.744441 2.800410 0.513128 -0.761964
719265000 -0.123423 -0.319420 -4.072870 1.561484 0.297957 -0.617614
739244583 0.468853 -0.029631 -3.416619 1.156657 0.172690 -0.701222
759224166 0.928855 0.205348 -3.455426 1.118086 0.172690 -0.701222
779203750 1.667531 0.566543 -2.549296 1.093367 0.098110 -0.608123
799183333 1.549205 0.647952 -1.442207 1.145151 0.136428 -0.482801
819162916 0.848064 0.262425 -0.373395 1.145043 0.136428 -0.482801
839142500 -0.086718 -0.292773 0.433710 1.339402 0.188395 -0.359247
859122083 -0.043704 -0.457042 0.368805 1.415812 0.199015 -0.421298
879101666 0.387652 -0.323794 -0.118743 1.325762 0.199015 -0.421298
899081250 0.724767 -0.073775 -0.226032 1.261750 0.173188 -0.458515
919060833 1.215273 0.135918 -0.228223 1.053911 0.127367 -0.528105
939040416 1.377834 0.378362 -0.422534 0.946827 0.127367 -0.528105
959020000 1.088139 0.338137 -0.153096 1.201361 0.131398 -0.490446
978999583 0.737286 0.040783 0.352908 1.202801 0.156113 -0.438196
998979166 0.519785 -0.151495 0.497540 1.246108 0.158829 -0.405522
1018958750 0.382087 0.035030 0.245944 1.220989 0.147134 -0.393257
1038938333 0.333932 0.132460 0.364964 1.170625 0.143851 -0.388524
1058917916 0.369551 0.121066 0.523927 1.221961 0.143851 -0.388524
1078896591 0.262641 0.202214 0.235236 1.198433 0.134058 -0.371087
1098876174 0.130162 0.236775 0.163358 1.168149 0.130649 -0.315687
1118855757 -0.379965 0.263212 0.189462 1.262773 0.130649 -0.315687
1138835341 -0.194045 0.194400 0.053427 1.204328 0.135927 -0.334737
1158814924 0.238232 0.414334 -0.401136 1.176851 0.115090 -0.388911
1178794507 0.190668 0.479728 -0.576684 1.143162 0.110689 -0.384801
1198774091 -0.165862 0.211101 -0.115024 1.259948 0.136617 -0.328054
1218753674 -0.516664 -0.127410 0.391131 1.349426 0.174976 -0.267267
1238733257 -0.562394 -0.233501 0.469874 1.276310 0.174976 -0.267267
1258712841 -0.403564 -0.177851 0.394797 1.278410 0.169284 -0.281573
1278692424 -0.190691 -0.125665 0.504713 1.312339 0.159455 -0.294491
1298672007 0.039451 -0.089890 0.320364 1.260971 0.148027 -0.309157
1318651591 -0.059986 -0.024420 0.096882 1.288626 0.148027 -0.309157
1338631174 -0.145467 0.016968 -0.290150 1.290825 0.147125 -0.307488
1358610757 -0.110554 0.047245 -0.712345 1.185449 0.149313 -0.320954
1378590341 -0.293399 0.106391 -1.162240 1.190823 0.153482 -0.315874
1398569924 -0.636709 0.020381 -1.460973 1.272980 0.177892 -0.289708
1418549507 -0.963698 -0.415828 -1.173180 1.377164 0.233138 -0.250196
1438529091 -1.423369 -0.924646 0.227069 1.412001 0.257395 -0.177632
1458508674 -1.307643 -1.252715 0.878040 1.420941 0.269294 -0.185240
1478488257 -0.643799 -1.585651 0.643496 1.494967 0.295285 -0.254565
