0 0.003925 0.057482 0.672702 1.117040 0.037825 -0.019112
19979739 -0.262903 0.069530 0.186386 1.174931 0.036297 0.009917
39959479 0.087161 0.265776 0.179947 0.972006 0.015051 -0.024404
59939218 0.108979 0.322565 0.559792 1.084442 0.018523 0.025002
79918958 -0.506298 0.128572 0.899318 0.997077 -0.027444 0.006772
99898698 -0.347320 0.556771 0.532087 1.012114 -0.027444 0.006772
119878437 0.544397 1.431370 -0.194695 0.787666 -0.147831 -0.044701
139858177 0.177442 1.785198 0.059937 0.792357 -0.147831 -0.044701
159837916 -0.387872 1.333042 1.090724 0.964393 -0.059286 0.017321
179817656 -0.540056 0.991057 1.458916 1.028820 -0.059286 0.017321
199797395 -0.040540 1.120690 1.244162 0.877717 -0.075128 -0.035051
219777135 0.220710 1.833624 0.787916 0.718656 -0.257095 -0.018515
239756875 -0.386942 2.965620 0.720898 0.738665 -0.257095 -0.018515
259736614 -1.461577 4.916380 1.388454 0.740150 -0.404584 0.066787
279716354 -1.831278 7.158783 2.726337 0.693163 -0.522490 0.066968
299696093 -1.444879 11.143744 2.450003 0.563304 -0.756125 0.004937
319675833 -2.133768 15.494373 -0.342384 0.562635 -1.124112 -0.020786
339655573 -1.968827 18.128534 -0.429193 0.522984 -1.163527 -0.053546
359635312 -1.772133 18.287922 -1.135193 0.542329 -1.163527 -0.053546
379615052 -2.800134 16.554951 -3.230781 0.715070 -1.232050 0.099066
399594791 -1.922566 12.906062 -5.626574 0.518788 -1.308884 -0.072165
419574531 2.033185 7.529202 -9.409722 -1.402600 0.103245 -2.153634
439554270 12.105149 -2.928718 -18.744774 -1.309314 0.746179 -2.311928
459534010 16.781765 -23.795605 -26.563030 -0.687118 1.357651 -3.039394
479513750 -0.428733 -51.216385 -20.597248 1.447334 0.767557 0.907986
499493489 -47.171234 -52.358814 26.761053 1.255244 0.254060 0.387903
519473229 -40.853867 -23.928120 84.788200 1.098380 0.254060 0.387903
539452968 12.932435 -31.234085 26.963448 2.196902 0.666020 -0.390230
559432708 32.236557 -18.325457 -26.602844 -1.322297 0.147557 -2.356876
579412448 25.423832 -7.855064 -35.566048 -1.435193 0.147557 -2.356876
599392187 8.467161 3.072170 -33.055466 -1.724845 -0.208813 -2.813726
619371927 -1.771885 2.704208 -22.642273 1.519171 0.161518 0.847713
639351666 -6.079046 -1.965884 -3.656342 1.389047 0.161518 0.847713
659331406 -6.767333 -5.526999 7.381900 1.730034 0.357330 0.138811
679311145 -2.351861 -5.340298 4.149311 1.652203 0.357330 0.138811
699290885 1.879308 -1.005765 -1.807578 -0.394995 -0.098865 -0.633484
719270625 5.145934 1.187162 -1.482458 -0.483425 -0.098865 -0.633484
739250364 5.721182 1.772346 -0.610497 -0.327678 -0.126540 -0.636776
759230104 3.684267 0.723034 -0.897772 -0.028129 -0.019907 -0.486494
779209843 0.537124 -0.569270 0.360210 1.074239 0.122154 0.014676
799189583 -1.020493 -0.607535 2.007914 1.140117 0.122154 0.014676
819169323 -1.189365 -0.542003 2.629115 1.074675 0.111097 -0.021999
839149062 -0.753993 -0.393345 1.839163 1.121538 0.111097 -0.021999
859128802 -0.051843 -0.049896 0.927157 0.865077 0.065950 -0.194814
879108541 0.900788 0.202100 0.675792 0.745325 0.043964 -0.248582
899088281 1.356762 0.457968 0.358972 0.690843 0.043964 -0.248582
919068020 1.268140 0.563902 0.374551 0.721310 0.054552 -0.195490
939047760 0.942903 0.370444 0.927771 0.791940 0.054552 -0.195490
959027500 0.788911 0.197739 1.165011 0.790636 0.059691 -0.145650
979007239 0.441672 0.260615 0.794513 0.860826 0.067381 -0.122367
998986979 0.146052 0.179111 0.260952 0.883579 0.067381 -0.122367
1018966718 0.365206 0.369721 -0.091356 0.764582 0.046792 -0.149018
1038946458 0.487349 0.521588 -0.241241 0.738478 0.043904 -0.166655
1058926198 0.499740 0.386314 -0.461780 0.762587 0.046809 -0.168933
1078905937 0.603596 0.332203 -0.027230 0.696735 0.044213 -0.140419
1098885677 0.374034 0.335765 0.256927 0.771650 0.044213 -0.140419
1118865416 -0.061639 0.291960 0.162479 0.923389 0.064827 -0.079576
1138845156 -0.198415 0.078458 0.309849 0.979397 0.068359 -0.072088
1158824895 -0.265092 -0.002635 0.212577 0.960095 0.068359 -0.072088
1178804687 -0.095460 0.191385 -0.286771 0.884573 0.047467 -0.093714
1198784479 0.000138 0.477963 -0.524673 0.829228 0.012209 -0.089888
1218764270 -0.136562 0.516027 -0.200418 0.829711 0.012209 -0.089888
1238744062 0.049286 0.461852 0.348339 0.841100 0.016292 -0.107821
1258723854 0.297133 0.281254 0.319514 0.748579 0.041582 -0.160228
1278703645 0.508208 0.177808 0.044587 0.721479 0.025287 -0.183261
1298683437 0.719795 0.318892 -0.110896 0.663898 0.005065 -0.186646
1318663229 0.736467 0.499287 -0.211872 0.668157 0.005065 -0.186646
1338643020 0.707643 0.515707 -0.050168 0.775275 0.013659 -0.170476
1358622812 0.655058 0.386080 0.085238 0.765350 0.025749 -0.150069
1378602604 0.481411 0.244258 0.128768 0.832717 0.025749 -0.150069
1398582395 0.396083 0.222877 0.010699 0.830846 0.025597 -0.141635
1418562187 0.297595 0.320925 -0.287446 0.762306 0.014270 -0.134024
1438541979 -0.065835 0.248593 -0.520675 0.907014 0.035121 -0.057515
1458521770 -0.376658 0.137381 -0.346551 1.004902 0.029926 -0.043060
1478501562 -0.477103 0.188826 -0.005509 0.920991 0.037352 -0.072447
1498481354 -0.182997 0.115394 0.111203 0.810314 0.048093 -0.154649
