0 -0.376613 0.444042 -0.123779 0.972348 -0.098075 0.075301
19980417 -0.144684 0.349297 0.130548 0.834806 -0.083355 0.047498
39960833 0.134062 0.156343 0.254213 0.874569 -0.058862 0.016101
59941250 0.384741 -0.030406 0.093616 0.912129 -0.055207 0.006896
79921667 0.257020 0.121858 0.069321 0.908834 -0.092711 0.048284
99902083 -0.136121 0.591175 -0.005871 0.884821 -0.121762 0.055918
119882500 -0.013784 0.602961 -0.147842 0.815178 -0.113804 0.043071
139862917 0.094032 0.536268 -0.234491 0.897258 -0.102770 0.030042
159843333 0.211804 0.405503 -0.148877 0.931602 -0.085756 0.014308
179823750 0.300205 0.378953 -0.163584 0.854833 -0.097109 0.018996
199804167 0.203411 0.537656 -0.390553 0.904268 -0.122524 0.030884
219784583 -0.070637 0.899483 -0.566411 0.834524 -0.168261 0.071011
239765000 -0.349222 1.357980 -0.562948 0.775882 -0.215009 0.094906
259745417 -0.599268 1.821379 -0.731917 0.718270 -0.254559 0.093309
279725833 -0.259138 2.194287 -0.147138 0.748710 -0.280358 0.060209
299706250 -0.415778 3.164566 0.411058 0.602104 -0.385890 0.076416
319686667 -0.343750 4.551946 0.614820 0.571113 -0.499760 0.048541
339667083 -0.071488 6.393584 0.903714 0.459025 -0.636245 0.035904
359647500 -0.143661 9.070624 1.337323 0.419746 -0.779761 0.076920
379627917 -0.312545 12.791472 2.467553 0.309391 -0.874042 0.013585
399608333 1.928580 16.425056 3.646960 0.132686 -0.968263 -0.185377
419588750 3.585989 18.800121 2.087517 0.034908 -1.094390 -0.263731
439569167 2.789725 20.491377 -0.909488 0.158494 -1.246683 -0.154195
459549583 -0.422053 23.781670 -1.903990 0.778001 -1.282181 0.497995
479530000 -8.313181 22.207882 -4.272363 1.456893 -0.918369 1.278105
499510417 -16.544357 7.045526 -7.482325 1.222901 0.316648 1.681551
519490833 -15.536445 -21.073030 -14.990560 0.880234 1.033926 1.977022
539471250 -19.193558 -43.948433 -15.632412 1.080549 1.213257 1.761268
559451667 -16.591311 -49.875835 -8.921955 2.127257 1.291454 0.740399
579432083 4.272361 -33.956036 11.610294 -1.667793 0.688887 -0.433012
599412500 18.425249 -18.013506 29.655937 -0.394288 0.335684 -0.364115
619392917 11.262776 -10.116442 40.441269 0.201928 0.192069 0.071411
639373333 -12.267579 -2.880879 10.514985 1.011952 0.158974 1.258130
659353750 -12.246957 -2.523537 -15.664759 0.879441 0.106327 2.460622
679334167 -7.435332 -0.546266 -23.848150 0.771577 -0.110441 2.612297
699314583 -5.147236 2.093274 -15.095395 1.330601 -0.556582 1.461003
719295000 -1.360433 1.056660 -5.325898 0.554004 -0.020556 -0.028770
739275417 0.138124 -0.038205 -1.534225 0.614729 0.013922 -0.036159
759255833 0.576822 -0.352622 -1.283855 0.390800 0.064288 -0.077445
779236250 0.735736 -0.754774 -0.310896 0.645520 0.050222 -0.009791
799216667 0.030149 -0.194399 0.353691 0.596009 -0.030233 0.057293
819197083 -0.645456 0.457150 0.173071 0.697353 -0.067039 0.154377
839177500 -1.874685 0.695491 -0.528474 0.843925 -0.112823 0.295408
859157917 -2.022381 0.736225 -2.256046 0.896346 -0.116293 0.309344
879138333 -1.503243 0.587196 -2.478531 0.838846 -0.085051 0.261992
899118750 -1.735478 0.446671 -1.256379 0.843207 -0.069827 0.275784
919099167 -1.759952 0.581771 0.295547 0.850732 -0.046098 0.189961
939079583 -0.823724 0.120349 0.936537 0.804963 -0.003104 0.107462
959060000 -0.126158 -0.161972 0.491841 0.716949 0.006815 0.079383
979040417 -0.311314 -0.006101 -0.010674 0.714908 -0.037070 0.131811
999020833 -0.845679 0.444739 -0.274948 0.795560 -0.077946 0.198610
1019001250 -1.483278 0.926184 -0.016128 0.790331 -0.125248 0.237831
1038981667 -1.679907 1.260589 0.255504 0.721300 -0.137364 0.219540
1058962083 -1.212982 1.127050 0.078625 0.739344 -0.110148 0.174445
1078942500 -0.988711 0.841653 -0.115329 0.726831 -0.085920 0.152442
1098922917 -0.423482 0.508225 -0.384423 0.588807 -0.045949 0.074557
1118903333 0.338236 0.195123 -0.580109 0.451060 -0.023036 0.012201
1138883750 0.521327 0.088950 -0.031380 0.488554 -0.013488 0.026401
1158864167 0.324333 0.049664 0.412767 0.600220 -0.008151 0.040164
1178844583 0.236853 -0.040121 0.294970 0.635117 -0.008498 0.039917
1198825000 0.352666 0.031465 -0.032315 0.621368 -0.008339 0.032167
1218805417 0.409080 -0.003631 0.079575 0.578120 -0.008579 0.032920
1238785833 0.238299 0.005378 0.282871 0.635020 -0.009385 0.045353
1258766250 0.251090 0.028733 0.006250 0.622102 -0.016088 0.033577
1278746614 0.302500 0.117295 -0.147212 0.597719 -0.029025 0.042172
1298726927 0.124818 0.271479 -0.187549 0.617851 -0.046125 0.063365
1318707239 -0.083669 0.393621 -0.229620 0.597152 -0.061403 0.083188
1338687552 -0.211795 0.514573 -0.325842 0.601410 -0.060948 0.085546
1358667864 -0.063787 0.380585 -0.249967 0.611267 -0.043851 0.061830
1378648177 0.053575 0.244715 -0.103094 0.626637 -0.030687 0.061826
1398628489 0.053098 0.217514 0.071486 0.579185 -0.033032 0.054087
1418608802 0.158321 0.168252 0.171101 0.552122 -0.022085 0.049400
1438589114 0.080015 0.146236 0.193783 0.645804 -0.029541 0.058791
1458569427 0.067584 0.193246 -0.107628 0.547720 -0.038053 0.062785
1478549739 -0.183760 0.326046 -0.262635 0.703599 -0.061719 0.102800
1498530052 -0.420650 0.499393 -0.167403 0.575559 -0.067380 0.100500
