0 0.320360 0.860972 0.553080 0.939827 -0.136423 -0.064175
19980208 0.317925 0.947354 0.091866 0.908792 -0.166506 -0.067751
39960417 0.397974 1.173671 -0.468166 0.882124 -0.201891 -0.064707
59940625 0.139378 1.400530 -0.360783 0.893536 -0.210706 -0.028437
79920833 -0.220371 1.521165 0.097688 0.967565 -0.204280 -0.002137
99901042 -0.419774 1.483867 0.639686 0.949776 -0.206336 -0.003963
119881250 -0.335631 1.611658 0.331604 0.908696 -0.239994 -0.018399
139861458 -0.274736 1.760550 -0.293238 0.828329 -0.267282 -0.013970
159841667 -0.503959 1.832021 -0.230077 0.924638 -0.249201 0.005953
179821875 -0.550097 1.631347 0.341295 0.923487 -0.215003 -0.003028
199802083 -0.705637 1.320033 0.762676 1.102563 -0.187217 0.032632
219782292 -1.006898 1.072536 0.720122 1.094409 -0.193506 0.030916
239762500 -0.741576 1.146603 0.249084 1.038979 -0.228167 -0.011617
259742708 -0.531701 1.455877 0.010376 0.902030 -0.265901 -0.011899
279722917 -0.707973 1.793016 0.164967 0.900989 -0.308224 0.001229
299703125 -0.653621 2.254348 0.173858 0.853048 -0.370704 -0.057856
319683333 0.051484 2.734269 -0.493546 0.602008 -0.460114 -0.113157
339663542 -0.382126 3.396971 -1.181582 0.677088 -0.571210 -0.028358
359643750 -1.039575 4.408706 -1.447908 0.695002 -0.684524 -0.003947
379623958 -1.155695 5.320189 -1.590241 0.681949 -0.707023 -0.033796
399604167 -0.818704 5.691324 -1.053532 0.573170 -0.723520 -0.096256
419584375 -0.152116 6.139357 -1.230622 0.421912 -0.791096 -0.193450
439564583 0.162317 6.739675 -2.200395 0.365195 -0.888156 -0.227632
459544792 -0.033858 7.001516 -2.786843 0.451606 -0.919962 -0.135649
479525000 -1.303110 6.761667 -2.697684 0.618057 -0.835931 0.010415
499505208 -1.924987 5.091687 -2.258141 0.809586 -0.645907 0.082155
519485417 -2.032330 3.482165 -1.136992 0.549096 -0.450540 -0.213977
539465625 2.757232 1.774508 -0.962211 -0.581866 -0.108288 -0.758810
559445833 4.105092 -3.523042 -3.080627 2.733423 0.617382 -0.480436
579426042 -4.605630 -9.225816 1.728032 1.760651 0.566330 0.300670
599406250 -6.526620 -13.641298 8.727365 2.295730 0.749801 -0.214774
619386458 5.567156 -15.388955 0.793998 -2.407682 0.824533 -1.304471
639366667 4.384327 -9.672710 -11.381586 -1.528132 0.889184 -2.275919
659346875 -2.483849 -5.832611 -7.274246 1.696182 0.481711 0.195754
679327083 -6.292882 -3.717632 8.927933 1.343497 0.137463 0.216830
699307292 -8.103222 -2.327981 12.562700 1.375470 0.228403 0.258429
719287500 -5.649073 -5.110476 10.265224 1.507154 0.363266 -0.063342
739267708 1.399213 -5.166100 6.128070 1.769749 0.370230 -0.520510
759247917 5.173264 -3.422704 -1.248937 -1.418945 0.286545 -1.112247
779228125 5.670429 -0.976628 -6.710786 -1.133083 0.077060 -1.365647
799208333 3.588706 0.492898 -7.128004 -0.831100 0.002008 -1.092088
819188542 1.333069 0.324874 -5.038162 0.898792 0.149389 -0.595132
839168750 -0.616390 -0.874963 -2.508468 1.432579 0.256387 -0.264535
859148958 -1.351090 -1.325706 -0.296107 1.291450 0.191490 -0.226592
879129167 -0.760160 -0.623448 0.958889 1.071654 0.135083 -0.346863
899109375 0.650650 -0.454997 0.616613 1.048520 0.147038 -0.457823
919089583 0.751585 -0.633540 -0.132924 1.075322 0.162431 -0.469659
939069792 0.715912 -0.512636 -0.301950 1.087308 0.136355 -0.460992
959050000 0.705780 -0.268820 -0.101893 0.890679 0.112655 -0.486110
979030208 1.027864 -0.049976 -0.691896 0.857274 0.091743 -0.535444
999010417 1.024208 0.154968 -0.872919 0.800659 0.079508 -0.507580
1018990625 0.786261 0.181917 -0.365714 0.850596 0.096596 -0.481282
1038970833 0.745214 -0.081577 -0.068938 0.922059 0.111666 -0.458272
1058951042 0.624854 -0.059808 -0.026716 0.869350 0.104597 -0.462416
1078931250 0.655511 0.131328 0.055013 0.883148 0.089350 -0.459598
1098911458 0.805561 0.165977 0.630436 0.878670 0.088735 -0.447631
1118891667 0.986074 0.165609 1.335918 0.902136 0.079007 -0.436033
1138871875 1.100860 0.170898 1.749063 0.923169 0.081895 -0.432118
1158852083 0.932013 0.029721 1.405386 0.906001 0.097945 -0.439694
1178832292 0.845800 -0.018816 0.541662 0.919820 0.078858 -0.463505
1198812500 0.828534 0.262375 -0.243223 0.781491 0.050917 -0.470933
1218792708 0.559833 0.464800 -0.744562 0.757466 0.039560 -0.445333
1238772917 0.149981 0.392331 -1.220698 0.823097 0.055906 -0.411450
1258753125 -0.099906 0.256817 -1.041219 0.952907 0.063617 -0.365115
1278733333 -0.154219 0.280887 -0.406016 0.940524 0.053206 -0.351357
1298713542 -0.005818 0.315905 -0.053836 0.878848 0.054709 -0.367859
1318693750 0.202163 0.258508 -0.182664 0.783424 0.064658 -0.412662
1338673958 0.645915 0.180230 -0.096017 0.766227 0.066213 -0.439439
1358654167 0.798416 0.176475 0.204199 0.834909 0.063721 -0.424472
1378634375 0.543638 0.159404 0.250000 0.869124 0.060598 -0.403840
1398614583 0.358299 0.273762 -0.100409 0.907484 0.054132 -0.412160
1418594792 0.331741 0.162342 -0.278351 0.971815 0.057123 -0.389061
1438575000 0.023460 0.229801 -0.277416 0.932480 0.049097 -0.368690
1458555208 -0.232989 0.299342 -0.334851 1.008575 0.045217 -0.328042
1478535417 -0.660850 0.281803 -0.176415 1.030903 0.046649 -0.300823
