0 -0.618397 0.580770 0.470789 0.882305 -0.094596 0.037171
19980416 -0.367973 0.614642 -0.143647 0.851637 -0.096734 0.006242
39960833 -0.109060 0.615590 -0.395829 0.827585 -0.101843 -0.018796
59941250 0.011589 0.680010 -0.215996 0.870750 -0.091706 -0.032669
79921666 0.313418 0.435165 0.318116 0.897442 -0.050709 -0.061907
99902083 0.539640 0.114981 0.650003 0.880932 -0.033986 -0.065384
119882500 0.386575 0.140261 0.642449 0.891979 -0.059597 -0.035696
139862916 0.063463 0.439045 0.227469 0.928166 -0.088974 -0.010872
159843385 -0.194672 0.700709 -0.038054 0.883737 -0.116369 0.012784
179823906 -0.319051 0.845144 -0.011812 0.922604 -0.130168 0.022964
199804427 -0.310778 0.961529 0.002257 0.820561 -0.135040 0.012708
219784948 -0.267990 1.135040 -0.109948 0.768648 -0.185005 0.018170
239765469 -0.215403 1.741893 -0.421736 0.643551 -0.256051 -0.015885
259745989 0.182133 2.389276 -0.992131 0.480588 -0.356736 -0.081271
279726510 0.802001 3.526823 -1.009602 0.360175 -0.462402 -0.150742
299707031 1.348133 4.632838 -0.636747 0.310492 -0.511349 -0.175990
319687552 1.789755 5.695179 0.656720 0.233341 -0.490051 -0.233297
339668073 3.387790 6.568111 2.920979 0.073485 -0.506665 -0.322408
359648594 4.659604 7.664823 2.973134 -0.001395 -0.610450 -0.372583
379629114 3.895657 9.852131 2.115054 0.188202 -0.843373 -0.214086
399609635 0.838426 13.039505 0.856401 0.418559 -0.992445 0.038691
419590156 -0.515343 13.417907 -0.247071 0.365878 -1.005089 -0.010816
439570677 1.129164 10.680367 -0.811657 0.161822 -0.874997 -0.226617
459551198 2.384046 8.330931 0.029203 0.242214 -0.727217 -0.179427
479531719 0.414994 7.786272 2.089660 0.726967 -0.767216 0.234564
499512239 -5.810284 7.199471 -3.543208 1.668276 -0.640101 1.506910
519492656 -15.317062 3.236485 -13.827360 1.476746 0.007929 1.988501
539473073 -17.054859 -10.318971 -17.671251 0.919045 0.888102 1.977686
559453489 -10.381081 -31.944813 -13.360852 1.320845 1.444604 1.542614
579433906 4.103755 -44.300465 -3.612965 -2.591042 1.210989 -0.702334
599414323 16.554056 -29.787882 10.857709 -1.552387 0.451768 -0.381607
619394739 9.154491 -8.345426 46.075615 0.283250 0.133050 0.084211
639375156 -9.842666 -4.656728 28.822727 1.096803 0.150022 1.101274
659355573 -21.443596 -0.061549 -13.350039 1.297798 -0.145560 1.907545
679335989 -13.270852 2.988883 -17.972206 0.983540 -0.016376 2.589972
699316406 2.563772 -3.679776 -19.034393 -1.052814 0.508226 -2.368170
719296823 6.990236 -4.918568 -8.426760 -2.015930 0.321913 -0.488657
739277239 3.297568 -2.356791 1.920691 0.863633 0.049132 -0.036537
759257656 0.004785 -0.401625 2.729671 1.028201 -0.105461 0.234639
779238073 -3.176537 1.429551 3.908943 1.016806 -0.225746 0.384078
799218489 -4.018958 2.475577 1.738788 0.976923 -0.328813 0.436498
819198906 -2.352355 1.949289 -1.231643 0.939880 -0.288546 0.273321
839179323 -0.499421 0.660288 -1.704783 0.858050 -0.196862 0.075947
859159739 0.479602 0.061713 -2.194332 0.870725 -0.136503 0.035631
879140156 0.370792 -0.458480 -1.178121 1.032884 -0.074593 0.080434
899120573 -0.277297 -0.434939 -0.081672 1.107848 -0.116584 0.159727
919100989 -0.919365 0.072873 -0.568874 1.073510 -0.178789 0.226018
939081406 -1.088598 0.436641 -1.217496 1.039947 -0.193209 0.212144
959061823 -0.593033 0.050390 -1.056150 1.098621 -0.099874 0.136027
979042239 -0.059077 -0.736428 -0.349398 1.120567 -0.057464 0.097854
999022656 -0.121736 -0.443648 -0.091802 1.014437 -0.130516 0.127024
1019003073 -0.417981 0.311721 -0.612265 0.906325 -0.211764 0.171676
1038983489 -0.631869 0.877131 -0.536119 0.944459 -0.238991 0.185954
1058963906 -0.637386 0.924054 0.012603 0.917514 -0.182432 0.150434
1078944323 -0.371385 0.333463 1.450841 0.988634 -0.107674 0.113493
1098924739 -0.183973 -0.199022 1.413960 0.961770 -0.109358 0.103786
1118905156 -0.209945 0.087158 -0.060885 0.916690 -0.186596 0.132088
1138885573 -0.243389 0.589131 -1.103095 0.869010 -0.232468 0.142999
1158865989 -0.381483 0.668352 -1.282455 0.938709 -0.215256 0.165660
1178846406 -0.625391 0.501002 -1.031572 0.978811 -0.204745 0.173765
1198826823 -0.488412 0.607379 -0.722116 0.839186 -0.203084 0.139034
1218807239 -0.204169 0.592717 -0.369645 0.841408 -0.175491 0.069654
1238787656 0.496295 0.367466 0.052637 0.751144 -0.124493 -0.030564
1258768073 1.377593 -0.249026 0.688392 0.684722 -0.049530 -0.099880
1278748489 1.643997 -0.641430 0.825595 0.822449 -0.053790 -0.098944
1298728906 1.064645 -0.272440 -0.026701 0.729789 -0.131802 -0.007547
1318709323 0.039425 0.561280 -0.577671 0.897391 -0.219454 0.090590
1338689739 -0.581503 1.010275 -0.823149 0.869108 -0.224741 0.141825
1358670156 -0.787570 0.929107 0.220207 0.831724 -0.161466 0.119542
1378650573 -0.500452 0.310835 1.059142 0.903802 -0.112276 0.084332
1398630989 -0.195317 0.132554 1.271884 0.921711 -0.119681 0.061686
1418611406 -0.073246 0.338745 0.563078 0.801519 -0.157659 0.065445
1438591823 -0.141293 0.523003 -0.144892 0.808379 -0.171363 0.068959
1458572239 -0.081367 0.414390 -0.148319 0.837230 -0.151756 0.069269
1478552656 -0.158951 0.268772 -0.028152 0.911764 -0.146771 0.081905
1498533073 -0.253048 0.286060 -0.258940 0.898779 -0.168274 0.097542
1518513489 -0.359609 0.474850 -0.612967 0.888285 -0.187939 0.111681
