0 0.361023 -0.288930 0.497794 0.876001 0.037842 -0.051189
19980208 0.185876 0.032007 0.634940 0.860377 0.008802 -0.027358
39960417 0.110743 0.155379 0.628697 0.873073 0.008578 -0.021273
59940625 -0.013105 0.132676 0.253521 0.827807 0.004470 -0.012217
79920937 -0.080515 0.226223 -0.131683 0.819164 -0.015121 0.002542
99901250 -0.262644 0.494530 -0.255239 0.773903 -0.038733 0.017774
119881562 -0.298817 0.583522 -0.268388 0.908060 -0.043791 0.017873
139861875 -0.318942 0.614877 -0.359967 0.858269 -0.044547 0.021566
159842187 -0.314725 0.600783 -0.274546 0.865587 -0.038121 0.019870
179822500 -0.336811 0.563038 -0.079729 0.794521 -0.032837 0.021712
199802812 -0.217334 0.448591 0.466740 0.872591 -0.007265 -0.006175
219783125 0.030738 0.219157 0.888361 0.850312 -0.013689 -0.005177
239763437 -0.308693 0.821934 0.795085 0.782704 -0.147586 0.044058
259743750 -0.714666 2.870377 0.185586 0.538861 -0.412948 0.034494
279724062 -0.120853 5.631313 -0.110829 0.317351 -0.598882 -0.065020
299704375 1.453930 8.869493 1.454175 0.152446 -0.765520 -0.186084
319684687 2.751587 15.606596 2.950061 0.197628 -1.036800 -0.171186
339665000 0.620907 22.619047 -0.126164 0.563257 -1.284732 0.231971
359645312 -2.517557 26.735657 -2.981508 0.824009 -1.290860 0.513959
379625625 -3.619534 26.037432 -1.417044 0.701761 -1.183669 0.397635
399605937 -1.952465 19.218582 1.130558 0.359404 -0.954634 0.069548
419586250 1.425693 7.425278 -0.303000 0.404507 -0.620516 -0.035197
439566562 -5.070487 -2.597261 -11.520795 1.104852 0.175937 2.212659
459546875 -24.530102 -10.716844 -29.585884 0.690450 0.609305 2.270721
479527187 -17.240356 -45.311512 -23.778259 2.635784 1.534848 0.230370
499507500 20.101397 -70.025505 11.987125 -1.907940 0.883746 -0.842744
519487812 42.553947 -37.745129 32.941219 -0.376092 0.392583 -0.341585
539468125 -4.820223 -13.950172 51.766903 0.967517 0.146042 0.598949
559448437 -27.849812 -0.373889 -5.314540 1.239904 -0.058424 1.936613
579428750 -28.508070 6.419765 -27.389008 1.357118 -0.239743 2.289487
599409062 -10.213717 2.974864 -27.180220 -0.586861 0.310933 -3.083524
619389375 9.538106 -10.102017 -18.232330 -1.454954 0.757188 -1.648097
639369687 13.627480 -11.762154 -3.749743 -2.087002 0.595259 -0.685934
659350000 3.718567 -4.444709 2.179867 1.079669 0.173192 0.110347
679330312 -3.063532 0.674011 1.431630 1.002379 -0.156939 0.561716
699310625 -5.612252 3.407505 -1.327235 0.982508 -0.305796 0.713121
719290937 -3.956393 3.247176 -1.910522 0.823687 -0.177590 0.379583
739271250 -0.505173 1.127878 -0.548760 0.679614 0.057331 0.065850
759251562 1.300633 -0.286365 0.567487 0.630904 0.104265 0.003666
779231875 0.919940 0.163773 0.104625 0.683348 0.024977 0.119177
799212187 -0.185549 0.763367 1.192162 0.782311 0.005469 0.219433
819192500 -1.264941 0.787270 2.441128 0.863426 0.031577 0.236183
839172812 -0.914171 0.120379 3.755040 0.789521 0.066924 0.183411
859153021 -0.314204 0.064022 3.071358 0.774488 0.059813 0.154954
879133229 -0.064598 0.156890 1.899498 0.747445 0.060449 0.166153
899113437 -0.261003 0.064889 1.405038 0.935527 0.050294 0.197607
919093646 -0.823150 0.396434 1.344826 0.765783 0.007511 0.248288
939073854 -1.432899 0.602672 1.841702 0.873554 0.000058 0.255309
959054062 -1.042998 0.495700 0.569437 0.892495 -0.011462 0.227180
979034271 -0.606526 0.725222 -0.548750 0.872339 -0.033275 0.202338
999014479 -0.376008 0.587213 -0.762828 0.897900 0.009467 0.159280
1018994687 -0.025046 0.116665 -1.146736 0.884888 0.062201 0.131582
1038974896 0.163577 -0.259150 -1.127650 0.885310 0.080849 0.110306
1058955104 0.143117 -0.319927 -0.194762 0.955208 0.080470 0.107333
1078935312 0.149626 -0.491578 0.433466 0.837819 0.080060 0.104678
1098915521 0.081553 -0.310856 -0.076805 0.913350 0.036627 0.148098
1118895729 -0.528653 0.167636 -0.304110 0.897512 -0.021699 0.209657
1138875990 -0.813773 0.584964 -0.531244 0.897915 -0.045481 0.214200
1158856302 -0.572551 0.417206 -0.815654 0.904961 -0.008534 0.180718
1178836615 -0.205462 0.109935 -0.951433 0.848160 0.014411 0.126672
1198816927 0.329679 -0.196039 -0.841261 0.830186 0.035652 0.091697
1218797240 0.323152 -0.044397 -0.919297 0.855496 -0.024639 0.151080
1238777552 -0.354262 0.520510 -0.716021 0.875444 -0.064867 0.208757
1258757865 -0.537848 0.537522 -0.266079 0.853210 -0.038476 0.200134
1278738177 -0.214036 0.220839 -0.859857 0.830914 -0.024017 0.185179
1298718490 -0.190591 0.199774 -0.754356 0.914592 -0.008368 0.180790
1318698802 -0.197642 0.041312 0.014444 0.770129 -0.001140 0.158874
1338679115 -0.015544 0.069776 0.124700 0.857431 -0.005107 0.153437
1358659427 -0.119444 0.136240 -0.195569 0.872449 -0.029391 0.180352
1378639740 -0.280890 0.444514 -0.362163 0.785331 -0.058403 0.192601
1398620052 -0.360025 0.591130 -0.387573 0.798531 -0.053182 0.188840
1418600365 -0.270442 0.440287 -0.366006 0.881736 -0.034352 0.179532
1438580677 -0.157303 0.292734 -0.357355 0.808372 -0.024127 0.164310
1458560990 -0.134589 0.355250 -0.283074 0.757617 -0.050138 0.186257
1478541302 -0.429648 0.685137 -0.236892 0.845164 -0.072541 0.216117
1498521615 -0.429623 0.692108 -0.444893 0.818947 -0.055750 0.205928
