0 0.859881 3.903960 15.221486 2.981211 -0.250682 -0.056431
20009375 0.720943 9.523752 15.547271 0.836509 -0.549131 -0.046338
40018750 4.754929 10.093877 13.041600 -1.099842 -0.628717 -0.349619
60028125 10.767580 10.822102 10.028089 -1.567664 -0.634153 -0.820943
80037500 12.545025 15.411839 9.481919 -1.457314 -0.775332 -0.923574
100046406 3.916512 18.966728 17.061213 -0.797712 -0.825456 -0.225647
120055313 -6.436747 20.725010 26.398788 1.775428 -0.651598 0.239161
140064219 -4.922804 17.864809 24.046429 1.889654 -0.629164 0.201931
160073125 -1.137948 11.449718 12.217556 1.001441 -0.750812 0.092872
180082031 -1.593089 10.539435 2.812907 0.745526 -1.273182 0.515309
200090938 -4.400590 10.218441 -3.539902 2.481391 -1.065888 2.248224
220099844 -5.459391 6.706670 -6.769007 2.657920 -0.656942 2.462884
240108750 -1.492479 -0.048580 -6.606114 2.922682 0.007173 2.919399
260117656 2.838547 -12.596096 2.008026 -2.365223 1.301466 -0.955112
280126563 3.279315 -32.526478 12.260674 -2.963866 1.198771 -0.261349
300135469 2.891247 -44.671555 10.837760 -3.021142 1.324788 -0.260704
320144375 7.284554 -31.644941 0.024570 -1.805018 1.344540 -1.567423
340153281 12.937883 -13.923191 5.265877 -2.239027 0.783775 -1.184260
360162188 24.709267 -10.636595 32.789925 -2.513934 0.253492 -0.645777
380171094 10.058519 3.688367 46.563927 -2.936887 -0.077271 -0.212746
400177969 -2.196749 4.320773 27.150969 2.559933 -0.157310 0.080733
420184844 -10.681534 -10.502448 11.599523 2.346833 0.587570 0.744221
440191719 -16.100107 -11.168391 -2.231971 1.818022 0.602025 1.708549
460198594 -11.855318 -3.292058 -10.745502 2.021825 0.202916 2.307129
480205469 -3.547799 0.521544 -9.322587 2.727602 -0.052238 2.777957
500212344 0.361622 0.694018 -1.422299 -2.532020 -0.441741 -2.892617
520219219 0.510141 -0.585167 6.482780 2.733697 0.089745 -0.078530
540226094 1.573734 -1.754161 13.520697 2.817034 0.128163 -0.115873
560232969 4.520172 -1.433167 17.113913 3.057132 0.080790 -0.258226
580239844 7.059380 -0.043789 15.829938 -2.871405 0.002526 -0.419482
600246771 5.487946 0.636527 14.119566 -2.961170 -0.041994 -0.370707
620253698 2.603790 0.550290 12.131319 2.910705 -0.044322 -0.211426
640260625 1.731835 0.109522 10.789850 2.813256 -0.010022 -0.159149
660267552 2.105530 -0.465393 9.759795 2.956092 0.046579 -0.212479
680274479 2.182185 -0.704941 8.466236 3.045337 0.080456 -0.252261
700281458 1.909101 -0.489348 7.675728 -3.096051 0.061789 -0.243773
720288438 1.760581 -0.096489 7.829039 3.121787 0.012024 -0.221199
740295417 1.827654 -0.101280 8.950123 3.058184 0.011087 -0.201435
760302396 1.846818 -0.412693 9.879569 3.017005 0.041038 -0.184800
780309375 2.177394 -0.259382 10.339500 3.080449 0.024543 -0.207557
800316458 2.666072 -0.359992 11.067726 -3.114288 0.031611 -0.236384
820323542 2.958320 -0.498930 11.307274 -3.058201 0.042662 -0.255894
840330625 2.666072 -0.647449 10.971907 -3.110647 0.057278 -0.238371
860337708 2.153440 -0.575585 10.392201 3.076382 0.054181 -0.204325
880344792 2.004920 -0.795969 9.855614 3.070966 0.078977 -0.200691
900352083 1.880355 -0.978026 9.462755 -3.095408 0.101028 -0.196156
920359375 1.889937 -0.321664 8.974078 -3.051762 0.035060 -0.207566
940366667 2.062411 -0.048580 9.323818 -3.009376 0.005087 -0.217693
960373958 2.263632 0.109522 10.119117 -2.993898 -0.010562 -0.220075
980381250 1.813282 0.574245 10.847342 3.090199 -0.052167 -0.165632
1000388854 1.204830 1.034176 11.125217 2.804826 -0.092156 -0.107877
1020396458 1.271903 0.895239 10.694032 2.864446 -0.082937 -0.118380
1040404063 1.880355 1.503690 10.473647 3.139114 -0.140380 -0.177640
1060411667 2.436106 1.484526 12.073827 -3.019265 -0.119947 -0.199095
1080419271 2.345078 0.128686 12.945782 -3.137392 -0.009781 -0.179203
1100427240 2.057621 -0.302501 10.809014 -2.701483 0.027485 -0.188111
1120435208 1.204830 0.310742 8.078169 -2.718038 -0.038028 -0.148055
1140443177 -0.036028 1.015013 6.128250 -2.991243 -0.164136 0.005879
1160451146 -0.697180 1.417453 5.845583 2.867544 -0.236279 0.118705
1180459115 -1.152321 1.767193 7.268497 2.724802 -0.235669 0.157228
1200467500 -0.999010 1.676165 8.911796 2.941454 -0.184781 0.111634
1220475886 -0.759462 2.006741 10.162235 3.064119 -0.194433 0.074595
1240484271 -0.807372 2.001950 11.010235 3.073064 -0.179390 0.073198
1260492656 -0.773835 1.839057 10.995862 3.085840 -0.165315 0.070259
1280501042 -0.261203 1.642628 10.262845 -3.054816 -0.158659 0.025446
1300509844 0.131656 1.235397 9.156135 3.012501 -0.134102 -0.014378
1320518646 0.821553 1.077295 8.130869 -3.034329 -0.131068 -0.100700
1340527448 2.081575 0.952730 7.455345 -2.634454 -0.122468 -0.272272
1360536250 2.886456 0.880866 7.440972 -2.482834 -0.109923 -0.370044
1380545052 2.857710 1.216233 7.867367 -2.470921 -0.144293 -0.348417
1400554271 2.373824 1.542018 8.351254 -2.554434 -0.175776 -0.276943
1420563490 2.196558 1.470154 9.089061 -2.667780 -0.155947 -0.237124
1440572708 2.460061 1.441408 9.807705 -2.666284 -0.141597 -0.245759
1460581927 2.958320 1.091668 10.013716 -2.626787 -0.104172 -0.287256
1480591146 3.389507 0.660482 9.438801 -2.571141 -0.065763 -0.344762
