0 1.693508 0.952730 10.430529 -2.974270 -0.089917 -0.160956
20007447 1.607270 1.316843 6.832520 -2.729314 -0.185455 -0.231038
40014895 1.870773 1.398289 5.936611 -2.500989 -0.220978 -0.305274
60022343 1.937846 1.369543 9.251953 -2.833163 -0.143882 -0.206468
80029791 1.382095 1.604300 10.703613 -3.034607 -0.147569 -0.128414
100037447 1.358141 1.388707 10.147862 -3.026250 -0.134815 -0.133045
120045104 2.081575 1.101250 10.253263 -2.876466 -0.104871 -0.200294
140052760 2.637326 0.818583 12.164855 -2.872147 -0.065669 -0.213495
160060416 2.134276 1.139578 13.338640 -2.981766 -0.084162 -0.158662
180068072 1.473124 1.182696 12.265466 -3.069832 -0.095446 -0.119531
200075989 0.979655 1.340798 9.640021 -3.086620 -0.137501 -0.101276
220083906 0.572424 1.685747 7.431390 3.125252 -0.222429 -0.076876
240091822 0.083746 2.375644 5.634781 2.432115 -0.398951 -0.014861
260099739 0.016673 3.434446 5.639572 0.729254 -0.547002 -0.002956
280107656 -0.634897 5.456230 6.228859 0.600351 -0.716813 0.101578
300115833 1.171293 8.052929 4.437042 -0.282671 -1.052834 -0.258093
320124010 3.758410 9.796837 1.773269 -1.277125 -1.169611 -1.129951
340132187 3.423043 11.775502 4.916137 -0.748311 -1.100195 -0.608230
360140364 2.656490 12.599547 14.138730 -0.361414 -0.719290 -0.185722
380148541 2.876874 13.711049 24.774654 -0.717205 -0.502641 -0.115604
400156979 3.633845 14.669241 26.916212 -1.001856 -0.495208 -0.134194
420165416 0.371204 16.058619 19.930996 -0.062114 -0.678129 -0.018622
440173854 -4.965923 17.261148 10.871297 0.696441 -0.965182 0.428488
460182291 -9.071774 15.541195 2.961427 1.534837 -1.020118 1.255259
480190729 -7.668023 6.553359 -2.557756 2.088856 -0.681245 1.892752
500199427 -3.245969 -10.459330 -7.324758 0.721871 0.917138 2.724449
520208125 -9.316113 -34.509933 -9.221977 0.954988 1.207781 2.351117
540216822 -12.550007 -50.942917 -0.569509 1.630978 1.329013 1.616144
560225520 6.997097 -44.130177 29.407509 -2.925505 0.970219 -0.233592
580234218 48.137043 -15.159258 69.119759 -2.361766 0.178068 -0.608326
600243125 47.475891 -11.719351 67.735168 -2.262228 0.140744 -0.611333
620252031 -10.552179 -28.348763 11.609104 2.564926 1.065346 0.737742
640260937 -38.885899 -11.728933 -31.792175 1.917744 0.229403 2.256163
660269843 -24.661547 -3.881346 -19.599192 1.984287 0.122595 2.242314
680278750 -7.246418 -3.852600 -2.021169 1.877756 0.473288 1.842803
700287812 -2.666263 -1.112172 4.882601 2.574091 0.197316 0.499824
720296875 -1.018174 -0.163563 8.691411 3.105373 0.018689 0.116616
740305937 1.233576 0.061612 10.952744 -2.688900 -0.005590 -0.112154
760315000 2.809801 0.780256 14.268085 -2.497587 -0.053603 -0.194441
780324062 3.600309 0.756301 16.011993 -2.466476 -0.046050 -0.221172
800333229 1.008401 0.780256 12.667906 -2.827046 -0.061322 -0.079435
820342395 -0.783417 0.090358 8.974078 3.116336 -0.010030 0.087077
840351562 -0.711553 0.099940 7.508045 3.101879 -0.013251 0.094490
860360729 0.059791 0.023285 8.001513 -2.988865 -0.002910 -0.007472
880369895 0.002300 0.018494 8.878259 -3.002406 -0.002083 -0.000259
900379166 -0.222875 -0.010252 9.041151 -3.049316 0.001134 0.024646
920388437 -0.136638 0.171804 9.386100 -3.026397 -0.018300 0.014556
940397708 -0.836118 0.478425 10.607795 3.131825 -0.044932 0.078658
960406979 -1.075665 0.794629 11.594731 3.101353 -0.068135 0.092507
980416250 -0.141429 0.435307 11.431839 -3.017402 -0.038057 0.012371
1000425625 1.065892 0.334697 10.626958 -2.791460 -0.031328 -0.099966
1020435000 1.377305 0.123895 10.540721 -2.744431 -0.011654 -0.129929
1040444375 1.027565 0.066403 9.994552 -2.805362 -0.006609 -0.102453
1060453750 0.567633 0.095149 9.563366 -2.897631 -0.009932 -0.059285
1080463125 0.237057 0.133477 9.640021 -2.976079 -0.013841 -0.024586
1100472656 -0.016864 0.195759 9.793331 -3.037382 -0.019986 0.001722
1120482187 -0.256412 0.281996 9.951433 -3.095547 -0.028320 0.025761
1140491718 -0.352231 0.262832 10.282009 -3.117136 -0.025542 0.034244
1160501250 0.150819 0.181386 9.927479 -2.996843 -0.018267 -0.015191
1180510781 0.457441 -0.048580 9.563366 -2.931154 0.005074 -0.047796
1200520468 0.673034 0.052030 9.165716 -2.825049 -0.005661 -0.073298
1220530156 1.017983 -0.340828 9.017197 -2.772215 0.037541 -0.112418
1240539843 0.941327 -0.388738 8.629129 -2.785482 0.044754 -0.108658
1260549531 0.989237 -0.321664 8.677038 -2.769375 0.036816 -0.113516
1280559218 0.941327 -0.211472 9.721467 -2.793450 0.021648 -0.096529
1300569062 0.994028 -0.177936 10.531139 -2.794954 0.016820 -0.094111
1320578906 0.538887 0.128686 11.096472 -2.881613 -0.011583 -0.048526
1340588750 0.366413 0.262832 11.244991 -2.915272 -0.023357 -0.032573
1360598593 0.179565 0.200550 10.612585 -2.959453 -0.018892 -0.016918
1380608437 0.323294 0.090358 9.917896 -2.923681 -0.009106 -0.032585
