0 3.025394 1.920503 10.904834 2.918251 -0.168103 -0.270630
20008438 2.603790 2.361272 12.150482 2.805558 -0.187783 -0.211102
40016875 2.833755 2.241498 12.231929 2.840204 -0.176661 -0.227653
60025313 3.399088 1.934876 10.373037 2.998065 -0.175433 -0.316658
80033750 4.065032 1.599509 8.974078 -3.083026 -0.160952 -0.425325
100042240 3.758410 1.565973 8.403954 -3.090997 -0.168489 -0.420539
120050730 3.188286 1.824684 8.729739 3.057048 -0.193869 -0.350170
140059219 2.948738 1.594718 9.376518 2.980929 -0.160841 -0.304689
160067709 2.814592 1.441408 9.486711 2.958063 -0.144647 -0.288415
180076198 2.958320 1.278515 9.390891 2.991152 -0.129131 -0.305179
200084115 3.260151 0.947939 9.501083 3.040424 -0.094092 -0.330546
220092032 3.303269 0.602990 9.932269 3.032055 -0.057544 -0.321072
240099948 2.867292 0.871284 10.823387 2.933988 -0.077659 -0.258968
260107865 2.258841 1.527645 11.762415 2.808993 -0.126860 -0.189729
280115782 1.410841 2.370853 11.795952 2.655618 -0.196979 -0.119038
300122917 1.362932 3.223644 10.272428 2.606217 -0.301599 -0.131908
320130052 2.383405 3.611711 8.921377 2.847755 -0.372828 -0.261060
340137188 2.565462 4.028525 7.843412 2.997418 -0.454138 -0.316116
360144323 1.195248 6.567732 6.142622 0.522972 -0.809556 -0.192181
380151459 1.089847 11.588655 4.695753 0.167005 -1.176596 -0.228054
400158334 3.945257 14.841715 4.140002 -0.590175 -1.203009 -0.761316
420165209 6.872532 16.772470 7.345152 -0.736909 -1.030574 -0.752169
440172084 3.715292 16.149647 15.072967 0.367538 -0.805145 -0.241670
460178959 -0.433677 14.999817 19.063833 1.423504 -0.666527 0.022745
480185834 -1.320004 14.520720 14.522006 1.188921 -0.783297 0.090648
500192709 -2.048230 12.101288 9.462755 0.993141 -0.896012 0.213163
520199584 -4.582646 10.750237 4.614307 1.454058 -1.026751 0.781956
540206459 -5.909741 8.632634 -0.080831 2.117800 -0.970450 1.584473
560213334 -5.052160 6.697088 -2.064287 2.405712 -0.887021 1.958690
580220209 -5.536047 3.846468 -1.623519 2.328748 -0.588043 1.856061
600227084 -6.772113 -2.525505 -1.599564 1.989732 0.348156 1.802744
620233959 -4.826985 -15.849156 -1.149215 1.559250 1.267392 1.804526
640240834 -0.323485 -43.363621 2.937472 2.991817 1.502752 0.109682
660247709 5.909550 -56.428562 3.574669 -2.241167 1.449006 -1.026784
680254584 2.536716 -34.495560 7.723638 -2.911399 1.339350 -0.317336
700261094 1.434796 -18.752476 27.491127 -3.138637 0.597998 -0.052144
720267605 14.221861 -2.880035 61.918945 -2.947124 0.045302 -0.225769
740274115 11.189184 16.044245 50.727268 -2.831102 -0.299565 -0.217099
760280625 9.838135 -5.055130 26.197567 -2.846938 0.178717 -0.359241
780287136 6.034115 -24.774710 8.907004 -2.707763 1.161114 -0.595436
800293646 -6.901469 -20.553877 -11.205433 1.048022 1.001284 2.589561
820300157 -10.935455 -8.202788 -18.305634 1.172212 0.367237 2.603100
840306667 -6.561311 -1.505031 -11.507263 1.654246 0.113133 2.623382
860313177 -3.413653 -2.659652 1.279801 1.855626 0.630276 1.212108
880319688 -2.685427 -3.526815 9.194462 2.491186 0.352793 0.284166
900326146 -1.022965 -3.153120 14.967566 2.758789 0.207158 0.068239
920332605 1.942637 -2.453640 19.993279 -3.034362 0.121546 -0.096860
940339063 3.260151 -1.155291 21.564713 -2.741372 0.052922 -0.150044
960345521 1.803700 0.167013 20.132215 -2.986807 -0.008263 -0.089354
980351980 0.658661 -1.021144 15.858684 3.007022 0.064246 -0.041509
1000357917 0.744898 -2.745889 11.901353 2.966786 0.226325 -0.062508
1020363855 0.423904 -3.062092 8.964496 2.969956 0.328813 -0.047252
1040369792 0.055000 -2.468013 7.028949 2.889201 0.337664 -0.007825
1060375730 -0.031237 -1.682296 6.420498 2.811496 0.256256 0.004865
1080381667 -0.136638 -1.552940 7.493672 2.731669 0.204308 0.018232
1100387500 0.404740 -2.218884 8.806395 2.932160 0.246575 -0.045927
1120393334 0.457441 -1.749370 9.419637 2.901005 0.183412 -0.048524
1140399167 0.323294 -1.816443 10.272428 2.842009 0.174933 -0.031462
1160405000 0.438277 -1.370884 10.579048 2.828418 0.128757 -0.041405
1180410834 0.409531 -0.939698 10.516767 2.766927 0.089049 -0.038921
1200416407 0.481396 -0.896579 10.440111 2.847421 0.085578 -0.046078
1220421980 0.673034 -1.049890 10.420947 2.919239 0.100202 -0.064495
1240427552 0.821553 -0.858252 10.459274 2.953020 0.081623 -0.078387
1260433125 1.166502 -0.915743 10.545512 3.066544 0.086097 -0.110168
1280438698 1.453960 -0.906161 10.444901 -3.116954 0.085717 -0.138314
1300444063 1.688717 -1.088217 9.807705 -3.013673 0.108914 -0.170511
1320449427 2.325914 -1.528986 9.194462 -2.823189 0.159840 -0.247771
1340454792 2.594208 -1.409212 8.499773 -2.701847 0.157263 -0.296229
1360460157 2.416942 -0.978026 8.025468 -2.663757 0.116163 -0.292520
1380465521 2.589417 -1.001980 7.771548 -2.600261 0.121714 -0.321623
1400470886 2.733145 -0.958862 8.068586 -3.070643 0.112085 -0.326608
1420476250 2.699609 -0.896579 8.475819 -3.119622 0.100453 -0.308348
1440481615 2.488806 -0.700150 8.748903 3.071414 0.076822 -0.277150
1460486980 2.493598 -0.537257 8.887840 3.055900 0.058136 -0.273531
1480492344 2.297168 -0.451020 9.127389 2.966044 0.047883 -0.246558
