0 1.377305 2.720593 8.696202 2.647829 -0.299690 -0.157075
20006302 1.458751 2.897859 10.603004 2.652013 -0.264415 -0.136721
40012604 1.281485 2.835576 12.955363 2.641474 -0.214460 -0.098595
60018906 1.267112 2.179215 11.867816 2.684012 -0.180597 -0.106366
80025208 2.416942 1.484526 9.879569 2.926314 -0.144935 -0.239928
100031666 2.948738 1.345589 8.782439 3.077691 -0.144237 -0.323927
120038125 2.110321 1.858221 8.327299 2.909570 -0.213028 -0.248197
140044583 0.797599 2.255871 8.245852 2.582136 -0.265859 -0.096427
160051041 0.299339 2.385226 7.886531 2.459118 -0.293497 -0.037938
180057500 0.409531 2.509791 7.838621 2.455927 -0.309473 -0.052198
200064114 1.017983 2.332526 8.092542 2.743542 -0.278543 -0.125135
220070729 1.568943 2.428345 8.447073 2.869685 -0.275458 -0.183645
240077343 1.865982 2.356481 8.993241 2.930639 -0.251146 -0.204584
260083958 1.980965 2.385226 9.544202 2.936539 -0.239983 -0.204651
280090572 1.784536 2.581656 9.635230 2.880862 -0.257605 -0.183134
300097395 1.679135 2.768503 9.481919 2.847777 -0.279953 -0.175271
320104218 2.067202 3.295508 9.558575 2.903865 -0.325028 -0.212987
340111041 2.306750 3.472774 10.143071 2.934054 -0.322219 -0.223618
360117864 1.468333 3.295508 10.780269 2.748711 -0.294116 -0.135373
380124687 0.361622 3.142198 10.497602 2.566044 -0.290675 -0.034434
400131666 1.109011 2.907441 9.630439 2.686882 -0.291383 -0.114652
420138645 2.206140 2.567283 9.434010 2.969982 -0.259029 -0.229722
440145625 2.210931 2.725384 9.491501 2.961266 -0.272687 -0.228857
460152604 1.530615 3.333836 8.993241 2.736734 -0.350371 -0.168581
480159583 0.989237 3.784186 8.586010 2.481176 -0.412698 -0.114709
500166718 -0.040819 4.718423 8.183570 1.956120 -0.523010 0.004988
520173854 -0.586988 6.098218 7.546373 1.450032 -0.678186 0.077628
540180989 -0.218084 7.085155 7.637401 1.171332 -0.747702 0.028547
560188125 0.356831 8.129584 9.395682 1.174552 -0.712923 -0.037960
580195260 -0.045610 9.485425 11.982799 1.404873 -0.669586 0.003806
600202552 -1.760772 11.339525 14.124357 1.330070 -0.672706 0.124022
620209843 -3.749020 12.364790 15.839520 1.486014 -0.649643 0.232411
640217135 -5.852250 13.821241 15.901802 1.507399 -0.684227 0.352641
660224427 -7.279955 15.838234 11.441421 1.427253 -0.862699 0.566670
680231718 -5.770803 17.615679 5.146103 1.400513 -1.157186 0.842559
700239114 -1.535597 17.735453 0.613858 1.353422 -1.477819 1.190504
720246510 0.313712 15.167500 0.259327 -0.792365 -1.543969 -0.880021
740253906 -1.099620 8.345178 0.580321 1.285158 -1.422893 1.085199
760261302 -3.835257 -3.838227 -0.900085 1.834345 0.772383 1.801312
780268697 -4.247279 -30.581348 1.260637 1.849675 1.426924 1.282268
800276145 3.006230 -69.651611 5.256295 -2.744008 1.484078 -0.519524
820283593 22.644363 -50.363213 -6.409685 -1.699137 1.133660 -1.846639
840291041 18.524141 -11.024662 15.973666 -2.495350 0.423451 -0.859195
860298489 47.844795 -3.325594 69.603645 -2.544454 0.039354 -0.602212
880305937 15.807667 4.579485 53.597050 -2.837956 -0.081770 -0.286804
900313385 -23.138023 -27.879250 11.834279 2.232058 0.820478 1.098019
920320833 -34.775261 -24.084812 -14.127917 1.482650 0.570485 1.956691
940328281 -24.848394 0.832956 -20.629248 1.937569 -0.025786 2.263685
960335729 -13.766911 -2.482386 -7.588261 1.744123 0.156622 2.074557
980343177 -5.794758 -6.214541 5.802464 2.169126 0.648492 0.784734
1000350625 -1.847010 -4.101729 16.562952 2.632686 0.241323 0.111056
1020358072 1.741417 -2.218884 22.958881 2.924148 0.096072 -0.075704
1040365520 4.984895 -1.160082 21.809052 -2.884694 0.051809 -0.224710
1060372968 5.564601 -1.941008 18.321234 -2.732462 0.101025 -0.294870
1080380416 3.710501 -2.372194 15.111294 -2.907275 0.151288 -0.240781
1100386718 1.132966 -2.769844 11.939680 3.118953 0.226970 -0.094608
1120393020 -0.376186 -3.234566 8.590801 2.866600 0.359783 0.043761
1140399322 -1.128366 -2.204510 6.952294 2.628668 0.303336 0.160898
1160405625 -1.142739 -2.070364 7.493672 2.613951 0.266621 0.151328
1180411927 -0.424095 -2.223674 8.451863 2.798880 0.256959 0.050136
1200418229 0.342458 -1.869144 9.731050 2.958107 0.189654 -0.035178
1220424531 0.720943 -1.936217 10.866506 3.036788 0.175953 -0.066248
1240430833 1.243158 -1.864353 10.847342 -3.112106 0.169123 -0.114107
1260437135 1.544988 -1.864353 11.000652 -3.039066 0.166280 -0.139532
1280443437 1.315022 -1.926635 10.943161 -3.096938 0.173052 -0.119595
1300449739 0.663452 -1.634387 10.047253 3.031531 0.160913 -0.065937
1320456041 0.433486 -1.869144 9.275908 3.094332 0.198631 -0.046698
1340462343 0.524514 -2.065573 9.199253 3.120295 0.220527 -0.056955
1360468645 0.318503 -1.730206 9.232790 3.062313 0.185142 -0.034483
1380474947 0.294548 -1.600850 9.280699 3.052412 0.170727 -0.031727
1400481250 0.855090 -1.562522 9.405264 -3.076927 0.163965 -0.090667
1420487552 1.506660 -1.404421 9.663976 -2.899297 0.142616 -0.154660
1440493854 1.813282 -1.227155 9.846032 -2.811311 0.121965 -0.182123
1460500156 2.186976 -1.212782 9.965806 -2.720611 0.118311 -0.216024
1480506458 2.642117 -1.169664 10.459274 -2.632546 0.108003 -0.247434
