0 3.197868 -0.383947 11.522867 -2.791253 0.032096 -0.270711
20009167 2.996648 -0.235427 8.542892 -2.683657 0.025999 -0.337367
40018333 2.124694 0.449680 7.718847 -2.733775 -0.056109 -0.268608
60027500 1.439587 0.933566 9.055524 -2.936287 -0.101465 -0.157654
80036667 0.811972 1.403080 10.195772 -3.127957 -0.136329 -0.079470
100044687 0.831135 1.278515 10.607795 -3.138967 -0.119584 -0.078192
120052708 0.998819 0.957521 10.488020 -3.094893 -0.090636 -0.094948
140060729 1.631225 0.602990 9.405264 -2.913783 -0.063085 -0.171729
160068750 2.062411 0.286787 9.007615 -2.818335 -0.031025 -0.225083
180076771 2.239677 0.296369 9.410055 -2.801407 -0.030629 -0.233661
200084792 1.894728 0.641318 9.994552 -2.877986 -0.062961 -0.187353
220092812 1.377305 1.019804 10.449693 -2.998169 -0.096455 -0.131048
240100833 1.171293 1.168323 10.109535 -3.034333 -0.114298 -0.115346
260108854 1.473124 1.115623 9.989760 -2.951042 -0.110036 -0.146408
280116875 1.856400 1.474944 9.826868 -2.813108 -0.146429 -0.186710
300124896 1.837236 1.863012 10.095161 -2.755760 -0.179606 -0.180022
320132917 1.032356 2.581656 10.310755 -2.971142 -0.244168 -0.099792
340140937 0.711361 3.060751 10.497602 -3.109958 -0.283087 -0.067661
360148958 0.629915 3.913542 10.689240 3.110293 -0.350403 -0.058862
380156979 0.146029 5.576004 10.234099 0.664790 -0.498835 -0.014268
400165000 -0.328276 7.243257 9.721467 0.420895 -0.640071 0.033755
420173021 -0.428886 8.517652 9.472338 0.331452 -0.731871 0.045247
440181042 -0.328276 9.734554 9.400473 0.245863 -0.802551 0.034907
460189062 0.198729 11.052068 10.123908 0.101664 -0.829105 -0.019627
480197083 1.056310 12.010260 10.842551 -0.082969 -0.834101 -0.097116
500205156 1.300649 12.776813 8.926168 -0.387915 -0.956055 -0.144694
520213229 1.544988 13.562530 4.274149 -0.505006 -1.247456 -0.346859
540221302 1.511451 13.543365 -1.053395 -2.278816 -1.435596 -2.179468
560229375 0.682616 13.854778 -3.113507 -2.984485 -1.344669 -2.925764
580237448 -1.559552 13.682303 3.368658 0.480781 -1.305863 0.433579
600245573 -5.009041 7.789426 14.114775 1.890689 -0.479586 0.341015
620253698 -2.929766 -3.574724 16.318615 2.973828 0.212360 0.177643
640261823 -0.390559 -17.732002 11.120427 -3.136260 1.010383 0.035106
660269948 -4.501200 -30.634050 4.767618 2.492985 1.359943 0.756663
680278073 -3.969404 -30.466366 -1.067768 1.431804 1.436686 1.833576
700286302 2.378614 -14.905337 5.083821 -2.621769 1.210658 -0.437622
720294531 9.291965 -3.411832 18.853031 -2.275498 0.160922 -0.457922
740302760 27.856924 -6.382225 23.366112 -2.036791 0.173763 -0.872846
760310990 22.721020 -2.046409 26.192778 -2.034390 0.058950 -0.714540
780319219 6.192216 -7.402699 18.891357 -2.554245 0.356457 -0.316745
800327604 -5.406691 -9.036415 6.410916 2.554299 0.822688 0.700625
820335990 -10.441986 -6.137886 -0.459317 1.879446 0.530985 1.614756
840344375 -8.597467 -2.903990 -1.034232 1.870766 0.323569 1.690516
860352760 -3.825675 -2.147019 2.429631 2.199094 0.442426 1.004977
880361146 -0.946310 -1.840398 5.912656 3.065835 0.298189 0.158702
900369740 -0.165384 -1.787697 8.360835 3.008807 0.210606 0.019778
920378333 0.016673 -1.754161 9.251953 3.041286 0.187375 -0.001802
940386927 0.136447 -1.533777 10.138281 3.056465 0.150134 -0.013458
960395521 0.280175 -1.102590 10.641331 3.074837 0.103210 -0.026323
980404115 0.251430 -1.303811 10.938371 3.070196 0.118605 -0.022982
1000413021 0.644288 -1.313393 10.842551 -3.141323 0.120336 -0.059352
1020421927 0.553260 -1.126545 11.920517 3.115038 0.094124 -0.046379
1040430833 0.304130 -0.776805 13.175747 3.061325 0.058873 -0.023078
1060439740 0.457441 -1.088217 12.826008 3.091931 0.084588 -0.035650
1080448646 0.050209 -1.169664 12.140901 3.028559 0.096044 -0.004136
1100457865 -0.486378 -1.093009 11.518076 2.935042 0.094528 0.042202
1120467083 -0.448050 -1.370884 10.588631 2.947467 0.128638 0.042289
1140476302 -0.093519 -1.711042 9.429219 3.019473 0.179500 0.009918
1160485521 0.102910 -1.773324 8.974078 3.059091 0.195079 -0.011467
1180494740 0.155610 -1.658341 9.204043 3.066466 0.178238 -0.016905
1200504323 0.447859 -1.485867 9.572948 -3.011143 0.153821 -0.046750
1220513906 0.946118 -1.485867 9.774168 -2.868007 0.150173 -0.096497
1240523490 1.444378 -1.562522 10.056834 -2.747946 0.152596 -0.142646
1260533073 1.113802 -1.428375 10.176608 -2.823991 0.138631 -0.109013
1280542656 0.788017 -1.035517 9.994552 -2.884099 0.102923 -0.078682
1300552552 0.658661 -1.164873 9.965806 -2.836386 0.116108 -0.065996
1320562448 0.399949 -1.136127 9.707094 -2.912629 0.116413 -0.041178
1340572344 0.002300 -1.001980 9.798122 -3.038851 0.101908 -0.000235
1360582240 0.284966 -0.743269 9.879569 -2.923228 0.075060 -0.028836
1380592135 1.200039 -1.116963 9.951433 -2.676901 0.110976 -0.120010
1400602292 1.631225 -1.275065 9.908315 -2.589669 0.126301 -0.163168
1420612448 1.856400 -1.088217 9.879569 -2.511573 0.107834 -0.185737
1440622604 2.416942 -1.313393 10.037670 -2.437304 0.126531 -0.236289
1460632760 2.704400 -2.012872 9.716677 -2.468962 0.196983 -0.271455
1480642917 2.244468 -2.415313 8.859095 -2.572332 0.258379 -0.248131
