0 2.369033 2.265452 10.157444 -3.053492 -0.213882 -0.229135
20006355 2.057621 2.313362 11.024608 3.137006 -0.203421 -0.184516
40012709 2.086366 1.949249 10.368246 -3.118660 -0.182262 -0.198575
60019063 2.004920 2.078605 9.884359 -3.114418 -0.203250 -0.200123
80025417 1.516242 2.409181 9.798122 3.068153 -0.238370 -0.153530
100031980 1.521033 2.222334 9.989760 3.066893 -0.216480 -0.151099
120038542 1.952219 1.767193 10.018507 -3.130807 -0.171437 -0.192450
140045105 1.750999 1.671374 10.176608 3.111213 -0.160467 -0.170393
160051667 1.247949 2.035486 9.884359 3.018348 -0.201535 -0.125590
180058230 1.271903 2.083396 9.548993 3.029045 -0.212989 -0.132418
200064896 1.530615 1.968413 9.395682 3.133772 -0.203902 -0.161488
220071563 1.750999 2.016323 9.036361 -3.079186 -0.215653 -0.191401
240078230 1.425214 2.270243 8.475819 -3.137105 -0.258243 -0.166592
260084896 1.061101 2.648729 8.039841 3.033530 -0.315695 -0.131222
280091563 0.903000 2.964932 8.035050 2.947378 -0.351467 -0.111913
300098282 1.118593 3.132616 8.427909 3.018901 -0.353028 -0.131954
320105000 1.013192 3.549429 8.514146 2.934697 -0.392487 -0.118444
340111719 1.228785 4.325564 8.633920 2.975963 -0.460441 -0.141371
360118438 1.521033 5.039417 9.553783 3.081719 -0.480242 -0.157882
380125157 1.612061 6.433585 10.320337 2.836381 -0.552043 -0.154950
400131980 1.463542 9.351278 9.295072 -0.060216 -0.782290 -0.156171
420138802 1.559361 13.648767 7.100814 -0.129721 -1.081371 -0.216172
440145625 1.933056 15.780743 5.428770 -0.279531 -1.220671 -0.342078
460152448 0.936536 14.487185 4.408296 -0.088655 -1.269205 -0.209336
480159271 -2.393179 15.004607 4.187912 0.843292 -1.259764 0.519162
500166198 -3.566963 16.379612 3.641743 1.122228 -1.269081 0.775025
520173125 -4.108341 14.769851 5.629990 1.091649 -1.129897 0.630398
540180052 -4.448499 10.347797 7.953604 1.320577 -0.848757 0.509960
560186980 -3.911912 3.942287 6.109086 1.902723 -0.497797 0.569557
580193907 -1.593089 -6.688846 4.796363 2.761098 0.923728 0.320681
600200990 -1.133157 -22.954145 6.923548 2.977300 1.274175 0.162229
620208073 -5.928905 -39.133209 9.826868 2.641343 1.285518 0.542869
640215157 -6.872724 -37.250362 14.105193 2.731632 1.172135 0.453394
660222240 0.893418 -14.804728 34.294285 -3.140135 0.407406 -0.026046
680229323 27.986280 -10.598268 52.303493 -2.610759 0.176797 -0.491312
700253125 45.171440 -0.743269 37.619209 -2.265739 0.012643 -0.876367
720276927 17.762379 -12.500278 11.546822 -2.353620 0.533060 -0.994371
740300730 -11.424133 -18.896204 -1.834321 1.739383 1.021370 1.730003
760324532 -22.812237 -6.300778 -4.814297 2.075400 0.263944 1.778785
780322500 -16.512129 -1.548149 -1.278570 1.856848 0.093208 1.648074
800320469 -10.556969 -0.680986 3.292003 1.896723 0.061504 1.268520
820318438 -3.653200 -0.297710 7.148723 2.237014 0.037067 0.472431
840316407 0.184356 -1.184037 9.913106 -3.011270 0.118858 -0.018595
860314375 1.458751 -0.441438 11.393511 -2.691972 0.038412 -0.127341
880312709 2.028875 0.368233 11.690551 -2.486700 -0.031025 -0.171837
900311042 2.819383 0.334697 11.680968 -2.361282 -0.027846 -0.236836
920309375 3.030185 0.190968 11.388721 -2.342059 -0.016203 -0.260044
940307709 1.918683 -0.024625 10.545512 -2.523586 0.002297 -0.179974
960306042 1.180875 -0.451020 9.735840 -2.716103 0.045956 -0.120702
980305105 0.078955 -0.867834 8.974078 -3.082919 0.096401 -0.008798
1000304167 -0.582197 -1.140918 8.035050 3.020969 0.140686 0.072331
1020303230 -1.660162 -0.623495 7.282870 2.672704 0.083277 0.224125
1040302292 -1.602671 -0.005461 7.196633 2.590694 0.000741 0.219122
1060301355 -0.946310 -0.177936 8.447073 2.874292 0.020931 0.111563
1080301459 -0.122265 -0.240218 9.860405 -3.131324 0.024355 0.012399
1100301563 0.318503 -0.115653 10.880878 -3.008561 0.010624 -0.029263
1120301667 0.629915 0.008912 11.086890 -2.922699 -0.000803 -0.056755
1140301771 0.495768 0.071194 10.401783 -2.945884 -0.006837 -0.047626
1160301875 0.165192 0.085567 9.764585 -3.038704 -0.008762 -0.016916
1180303282 -0.294740 -0.015043 9.323818 -3.084020 0.001613 0.031601
1200304688 -0.270785 0.071194 8.844722 -3.079010 -0.008045 0.030606
1220306094 -0.174966 0.109522 9.314236 -3.039760 -0.011756 0.018783
1240307500 0.026255 0.128686 10.114326 -2.970512 -0.012722 -0.002596
1260308907 0.701780 -0.019834 10.042461 -2.783027 0.001970 -0.069768
1280311771 1.410841 -0.216263 10.013716 -2.631793 0.021382 -0.139970
1300314636 1.295858 -0.680986 9.793331 -2.701784 0.068826 -0.131556
1320317500 -0.400141 -0.374365 9.410055 -3.120672 0.039727 0.042497
1340320365 -1.324795 0.028075 8.945333 2.841858 -0.003105 0.147030
1360323230 -1.190649 0.028075 8.863886 2.881428 -0.003139 0.133527
1380327500 -0.840909 0.037657 9.237580 3.011775 -0.004060 0.090781
