0 3.590727 2.869113 10.626958 -3.047490 -0.250409 -0.325845
20008594 3.576354 2.711011 9.989760 -3.017143 -0.250148 -0.343786
40017188 3.480535 2.787667 9.400473 -2.992665 -0.271242 -0.354601
60025781 3.576354 2.912232 9.165716 -2.956033 -0.287780 -0.372019
80034375 3.624263 2.835576 9.065106 -2.943479 -0.282671 -0.380337
100043125 3.284105 2.821203 8.902213 -3.085887 -0.289000 -0.353420
120051875 2.939157 2.706220 8.691411 3.132512 -0.286825 -0.326095
140060625 2.766682 2.576865 8.590801 3.099242 -0.278115 -0.311563
160069375 2.694818 2.447509 8.542892 3.087114 -0.266715 -0.305566
180078125 2.503179 2.696639 8.557264 3.032948 -0.293707 -0.284581
200086979 2.474434 2.687057 8.710575 2.948233 -0.288465 -0.276781
220095834 2.479225 2.619983 9.012405 2.938364 -0.273283 -0.268450
240104688 2.460061 2.701430 9.055524 2.928235 -0.280305 -0.265262
260113542 2.464852 2.629565 9.271117 2.923936 -0.267536 -0.259852
280122396 2.618162 3.036797 9.678349 2.918403 -0.294102 -0.264194
300131302 2.800219 3.233226 9.965806 2.934600 -0.302736 -0.273920
320140209 2.709191 3.238017 10.401783 2.899439 -0.292598 -0.254794
340149115 2.757100 3.084706 10.368246 2.917390 -0.279971 -0.259903
360158021 2.469643 3.027215 9.937060 2.879537 -0.287457 -0.243593
380166927 2.071993 2.969723 9.654394 2.811801 -0.292149 -0.211410
400175834 1.808491 3.261971 9.261536 2.896866 -0.332819 -0.192842
420184740 1.568943 3.266762 9.074688 2.846244 -0.340877 -0.171200
440193646 1.664762 3.185316 8.710575 2.880353 -0.344832 -0.188842
460202552 2.110321 3.194898 7.929649 3.031395 -0.371294 -0.260102
480211459 2.033666 3.602129 7.704474 3.003551 -0.424561 -0.258073
500220365 1.770163 3.846468 7.991932 2.873307 -0.439283 -0.217975
520229271 1.980965 4.143508 7.963186 2.927351 -0.467595 -0.243816
540238177 1.966592 4.627395 7.862576 2.870114 -0.518782 -0.245092
560247084 1.041938 5.441857 8.197943 2.232445 -0.582335 -0.126420
580255990 0.246639 6.994127 8.705785 1.684742 -0.676608 -0.028323
600264323 0.035837 8.479324 9.146552 1.362420 -0.747557 -0.003918
620272656 -0.764253 9.490216 9.055524 1.142151 -0.807060 0.084197
640280990 -1.233767 10.769402 8.356045 0.898941 -0.905691 0.146591
660289323 -0.242039 11.440135 8.389581 0.505209 -0.937841 0.028842
680297656 0.203520 11.655728 8.288971 0.318194 -0.952484 -0.024548
700304271 -1.535597 12.781604 6.770237 0.698155 -1.073235 0.223042
720310886 -2.618354 13.552948 2.650015 1.137486 -1.302546 0.779389
740317500 -2.977675 16.049036 -0.392243 1.971091 -1.385797 1.701770
760324115 -6.192408 16.662279 1.404366 1.790275 -1.206706 1.347780
780330729 -8.817852 15.632223 8.078169 1.665903 -0.917761 0.829149
800337344 -7.816542 11.133514 12.490641 1.719935 -0.647071 0.559169
820343959 -6.331346 3.606920 11.853443 2.285451 -0.262224 0.490582
840350573 -4.697629 -11.522922 10.296382 2.727090 0.794397 0.428032
860357188 -1.890128 -32.286930 1.524140 2.203072 1.495734 0.892184
880363802 3.916512 -43.349251 -11.828258 -0.525631 1.290913 -2.821840
900370469 16.210108 -41.432865 -4.981980 -1.650980 1.182300 -1.868971
920377136 15.553747 -25.531681 13.156584 -2.529589 0.897333 -0.868700
940383802 20.181812 -9.841296 33.225903 -2.691685 0.247943 -0.545852
960390469 22.534172 -0.906161 46.204605 -2.687836 0.017625 -0.453763
980397136 3.868602 2.457091 36.847866 -3.116630 -0.066221 -0.104605
1000403906 -9.541286 -7.364371 16.021576 2.595716 0.376125 0.537124
1020410677 -13.570482 -10.540775 2.956636 1.746122 0.649198 1.356276
1040417448 -7.816542 -3.157911 -1.910977 1.652175 0.373977 1.810572
1060424219 0.246639 -0.230636 -0.756356 0.000000 -0.000000 -0.000000
1080430990 2.091157 -1.073845 1.538512 -2.305601 0.392202 -0.936495
1100437813 0.663452 -0.781596 3.680070 2.931026 0.206050 -0.178366
1120444636 -0.596570 0.210132 6.391752 2.154586 -0.032722 0.093065
1140451459 -0.778626 0.689228 9.697513 2.096527 -0.070726 0.080119
1160458281 -0.328276 0.281996 13.209284 2.267687 -0.021339 0.024847
1180465104 -0.179757 0.329906 15.274186 2.288150 -0.021594 0.011768
1200471979 -0.184548 0.694018 14.363905 2.232934 -0.048275 0.012847
1220478854 0.122074 0.258041 11.863025 2.575223 -0.021747 -0.010290
1240485729 0.725734 -0.316873 10.013716 2.773380 0.031551 -0.072348
1260492604 1.420423 -0.465393 8.538101 3.008175 0.053717 -0.164853
1280499479 1.746208 -0.340828 7.575119 -3.120939 0.043815 -0.226561
1300506406 1.271903 -0.379156 7.833830 2.996520 0.047738 -0.160956
1320513334 0.696989 -0.412693 8.653084 2.804670 0.047503 -0.080374
1340520261 0.831135 -0.417484 8.619547 2.841030 0.048174 -0.096127
1360527188 1.017983 -0.551630 8.284180 2.912110 0.065995 -0.122270
1380534115 0.572424 -0.211472 8.609965 2.753416 0.024502 -0.066386
1400541042 0.438277 0.128686 9.232790 2.668640 -0.013921 -0.047434
1420547969 1.113802 0.119104 9.592112 2.965480 -0.012333 -0.115599
1440554896 1.626434 0.090358 9.625648 3.118430 -0.009256 -0.167388
1460561823 1.521033 0.219714 10.157444 3.060188 -0.021389 -0.148641
1480568750 1.784536 0.488007 10.713196 3.107963 -0.044903 -0.165058
