0 0.548469 2.835576 14.862164 3.089897 -0.188401 -0.036887
19966927 1.022774 3.089497 15.590389 3.126992 -0.195223 -0.065509
39933854 2.862501 2.073814 10.583839 -2.904614 -0.186937 -0.264140
59900781 3.993167 2.025905 6.018057 -2.532987 -0.273477 -0.585829
79867709 3.557190 2.682266 5.400024 -2.430212 -0.393202 -0.582492
99836146 1.774954 2.619983 9.961015 -2.948556 -0.253380 -0.176339
119804584 0.227475 2.394808 12.423567 3.084872 -0.190397 -0.018308
139773021 0.347249 2.572074 11.110845 3.101263 -0.227378 -0.031243
159741459 0.744898 2.576865 9.879569 -3.111475 -0.254452 -0.075255
179709896 1.190457 2.279825 10.224518 -3.051179 -0.217962 -0.115910
199680625 0.859881 2.485837 9.932269 -3.020874 -0.244363 -0.086359
219651354 1.008401 2.792458 9.338191 -2.945726 -0.288985 -0.107570
239622084 1.588107 2.792458 9.692721 -2.815594 -0.276999 -0.162402
259592813 1.918683 2.691848 10.622168 -2.807839 -0.244397 -0.178703
279565573 1.976174 2.404390 11.144382 -2.841662 -0.209323 -0.175500
299538334 1.477915 2.658311 10.588631 -2.897326 -0.243701 -0.138680
319511094 1.410841 3.348209 9.299863 -2.774676 -0.341970 -0.150558
339483854 1.602479 3.779395 8.403954 -2.518687 -0.415978 -0.188420
359456615 1.406050 4.272864 7.584701 -2.187247 -0.505844 -0.183299
379494479 -0.505542 5.556840 6.851684 0.801117 -0.680096 0.073650
399511927 -2.718964 7.530715 7.924858 1.227429 -0.732171 0.330508
419529375 -3.011212 8.618261 9.453174 1.245408 -0.715235 0.308378
439546823 -1.458942 10.529854 9.788541 0.615998 -0.816386 0.147957
459564271 0.577215 12.379163 10.933579 -0.050206 -0.846637 -0.052744
479581719 1.166502 14.247636 11.968426 -0.177642 -0.869790 -0.097158
499560990 -1.248140 17.002438 9.362145 0.228015 -1.063735 0.132536
519540261 -2.546489 18.616989 5.299414 0.568018 -1.264896 0.447945
539519531 -1.573925 18.204967 5.083821 0.378040 -1.286390 0.300236
559498802 -4.113132 15.119591 7.110395 0.806423 -1.073118 0.524436
579478073 -6.925424 9.571662 7.009786 1.458521 -0.770872 0.779344
599458312 -7.969853 -1.802070 7.033741 2.305438 0.167934 0.847710
619437583 -14.868832 -23.960247 5.859956 2.239863 0.982551 1.195378
639416854 -21.298294 -57.741283 -4.421438 1.691358 1.210517 1.775485
659396124 -4.884476 -54.799637 -5.159245 0.972714 1.441867 2.383545
679375395 25.969288 -43.751690 31.726332 -2.385405 0.817860 -0.685944
699356958 53.948475 -9.390946 62.359711 -2.171809 0.113400 -0.713205
719338520 7.797187 9.389606 64.194649 -2.415032 -0.144193 -0.120870
739320083 -19.923290 -12.073882 24.415331 2.546115 0.365892 0.684431
759301645 -29.644142 -22.973309 -3.808196 1.936715 0.655333 1.698560
779348729 -16.837914 -12.634424 -17.797791 1.730532 0.476112 2.383901
799312583 -3.749020 -2.563832 -13.931488 1.782585 0.175873 2.878716
819276437 1.741417 -1.093009 -2.337372 -1.395123 0.358762 -2.501279
839240291 4.817212 -1.993708 4.163957 -1.996093 0.303441 -0.858006
859204145 6.201798 -2.645279 6.147413 -2.025017 0.294143 -0.789802
879167999 3.073303 -1.955381 9.002824 -2.278226 0.202726 -0.328967
899132427 -1.511643 0.286787 13.362595 -2.818361 -0.021323 0.112646
919096854 -3.279506 2.006741 15.331678 2.988193 -0.127301 0.210728
939061281 -2.316523 1.091668 14.426188 -2.966235 -0.074577 0.159218
959025708 -0.836118 -0.048580 11.163546 -2.721167 0.004339 0.074758
978990135 -0.452841 -0.153981 8.030259 -2.686065 0.019142 0.056332
998955708 -0.788208 -0.245009 6.775029 -3.102264 0.035906 0.115820
1018921281 -1.966784 -0.130026 6.760656 2.757338 0.018465 0.283102
1038886854 -2.805201 -0.134817 7.378689 2.588484 0.017077 0.363301
1058852427 -2.666263 0.056821 7.752384 2.624228 -0.006931 0.331255
1078817999 -1.813473 -0.168354 8.533310 2.936350 0.019296 0.209402
1098785239 -0.673225 -0.561212 9.175298 -3.003196 0.060926 0.073242
1118752479 0.543678 0.090358 8.911796 -2.637248 -0.010120 -0.060931
1138719718 1.118593 0.602990 8.509356 -2.408201 -0.070142 -0.130705
1158686958 0.337667 0.660482 8.327299 -2.588763 -0.079085 -0.040527
1178654197 -0.821745 0.655691 8.902213 -3.003523 -0.073212 0.092047
1198622635 -1.866174 0.914402 10.449693 2.974059 -0.085930 0.176723
1218595343 -2.714173 0.727555 12.097782 2.777764 -0.058614 0.220698
1238568052 -3.313042 0.569454 12.715816 2.699987 -0.043309 0.254878
1258540760 -2.536907 0.765883 11.709715 2.794137 -0.063836 0.213353
1278515552 -1.612253 0.401770 10.253263 2.995884 -0.038690 0.155966
1298490343 -1.209812 -0.005461 9.160925 3.082493 0.000591 0.131302
1318465135 -1.463733 -0.441438 8.744112 3.003432 0.049750 0.165859
1338439927 -1.847010 -0.570794 9.180089 2.929354 0.060881 0.198547
1358414718 -2.163213 -0.249800 10.190981 2.882514 0.023973 0.209163
1378390447 -2.009902 0.109522 10.842551 2.929770 -0.009932 0.183291
1398366177 -1.660162 0.171804 10.871297 3.019100 -0.015621 0.151540
