0 1.243158 2.897859 10.315546 -2.935746 -0.271992 -0.119935
19963125 0.816763 2.907441 9.961015 -3.009495 -0.283093 -0.081813
39926250 0.601169 2.754130 9.213626 -3.043258 -0.289883 -0.065156
59889375 0.788017 2.265452 7.115187 -2.938116 -0.306490 -0.110302
79852500 1.041938 2.370853 8.988451 -2.951895 -0.256252 -0.115405
99831511 0.850299 2.447509 10.483230 -3.026876 -0.228636 -0.080933
119810521 0.395158 2.658311 12.457104 -3.120782 -0.210141 -0.031711
139789531 0.639497 2.399599 11.800742 -3.081061 -0.200322 -0.054138
159768542 1.544988 1.882176 10.023297 -2.916747 -0.183501 -0.152936
179747552 2.426524 1.431826 9.093852 -2.773309 -0.150970 -0.260756
199741823 1.909101 1.709701 8.916587 -2.810787 -0.185343 -0.210922
219736094 1.348559 2.030696 8.930960 -2.899170 -0.221151 -0.149866
239730365 0.783226 2.121724 9.050734 -3.024347 -0.229440 -0.086322
259724636 0.567633 2.241498 8.959705 -3.070408 -0.244673 -0.063269
279718906 1.041938 2.102560 8.657875 -2.951812 -0.236594 -0.119770
299727240 1.626434 1.977995 8.815976 -2.839967 -0.217162 -0.182436
319735573 1.861191 2.126515 9.438801 -2.817357 -0.217541 -0.194688
339743906 1.430005 2.830785 10.028089 -2.885014 -0.272507 -0.141645
359752240 1.362932 4.689677 9.984970 -2.712365 -0.435552 -0.135660
379760573 2.043248 9.298577 7.900904 -0.698836 -0.850471 -0.253065
399781250 3.322433 12.657039 7.795503 -0.692837 -0.980830 -0.402885
419801927 3.351179 11.650938 12.533759 -0.838703 -0.731720 -0.261261
439822604 1.942637 13.231954 16.792919 -0.542076 -0.664120 -0.115170
459843281 -0.826536 18.717600 17.669664 0.223854 -0.813644 0.046743
479863959 -3.083076 19.718910 20.146589 0.598429 -0.768885 0.151854
499894792 -4.170624 16.053827 20.822113 1.088048 -0.647319 0.197682
519925625 -5.138397 10.927503 10.660495 1.217396 -0.745583 0.449147
539956459 -5.344409 6.740207 1.145654 1.800148 -0.889427 1.359627
559987292 -3.016003 2.169633 -4.531630 2.588824 -0.379274 2.554367
580018125 -3.485517 -3.967583 -6.251584 1.758032 0.506152 2.632978
600056667 -2.450670 -13.242875 -1.216288 1.455202 1.367069 2.031486
620095209 -0.299530 -27.472017 7.493672 -3.018311 1.304297 0.039950
640133750 1.803700 -34.931538 10.143071 -2.835853 1.284002 -0.175986
660172292 8.328983 -24.377060 9.338191 -2.418653 1.096559 -0.728337
680210834 12.650427 -11.910990 16.500671 -2.503009 0.520229 -0.654079
700254427 12.367760 -0.752851 30.959780 -2.546488 0.022578 -0.380057
720298021 7.212690 5.604750 35.017719 -2.593304 -0.155498 -0.203132
740341615 1.338977 0.569454 19.523764 -2.817061 -0.029091 -0.068475
760385209 -6.101379 -5.692327 8.121287 2.760919 0.510782 0.644321
780428802 -9.689806 -5.816892 -0.023340 2.224626 0.540646 1.573205
800474636 -7.069153 -2.999810 -4.445393 1.706640 0.344872 2.132155
820520469 -1.909292 -1.303811 -4.038162 1.685252 0.284000 2.699931
840566302 2.033666 -2.065573 -0.301215 -1.692872 0.787757 -1.717842
860612136 4.041077 -2.424895 5.102984 -2.316139 0.356602 -0.669785
880657969 4.424353 -1.744579 11.978008 -2.479498 0.135785 -0.353828
900691927 3.538026 -1.346929 17.631336 -2.680404 0.074761 -0.198037
920725886 1.578525 -0.077326 17.933167 -2.886020 0.004295 -0.087796
940759844 -0.979846 0.349070 15.662254 2.917761 -0.022240 0.062480
960793802 -3.092659 -0.029416 12.481058 2.484888 0.002288 0.242896
980827761 -2.948930 -0.767223 9.146552 2.468311 0.079665 0.311887
1000807031 -1.224185 -1.059472 6.731910 2.729821 0.153621 0.179882
1020786302 0.275384 -0.757641 6.051594 -3.051421 0.124422 -0.045475
1040765573 0.926955 -0.767223 6.875638 -2.831937 0.110138 -0.134009
1060744844 0.534096 -0.633077 8.677038 -2.994390 0.072694 -0.061475
1080724115 -0.059983 -0.479766 10.387410 3.096987 0.046154 0.005774
1100703386 -0.256412 -0.388738 11.728878 3.044501 0.033124 0.021858
1120682656 -0.376186 -0.398320 11.906143 3.014207 0.033426 0.031585
1140661927 -0.663643 -0.134817 11.508494 2.919585 0.011695 0.057602
1160641198 -0.917564 0.186177 10.531139 2.795345 -0.017610 0.086909
1180620469 -0.965474 0.032866 9.721467 2.773712 -0.003364 0.098989
1200599740 -0.864863 -0.034207 9.448382 2.971786 0.003605 0.091281
1220579011 -0.476796 0.286787 9.984970 3.133910 -0.028681 0.047715
1240558281 0.342458 0.219714 10.727569 -2.828656 -0.020468 -0.031912
1260537552 0.658661 0.296369 11.168336 -2.721648 -0.026484 -0.058908
1280516823 0.677825 0.281996 10.876088 -2.710922 -0.025872 -0.062242
1300496094 1.209621 -0.010252 10.119117 -2.581510 0.001006 -0.118974
1320475365 1.568943 -0.182727 9.031569 -2.484395 0.019931 -0.172001
1340454636 1.300649 -0.077326 8.169197 -2.498193 0.009347 -0.157889
1360433906 1.046728 0.018494 7.771548 -2.536307 -0.002358 -0.133882
1380413177 1.032356 0.186177 8.188361 -2.520940 -0.022554 -0.125414
1400392448 0.955700 0.258041 8.657875 -2.949750 -0.029616 -0.109940
1420371719 0.922164 0.253250 8.576428 -2.958975 -0.029351 -0.107112
1440350990 0.960491 0.301160 8.686621 -2.946071 -0.034446 -0.110124
1460330261 0.735316 0.315533 9.457965 -3.054036 -0.033249 -0.077590
1480309531 0.534096 0.267623 9.807705 -3.132105 -0.027240 -0.054403
1500288802 0.500559 0.114313 10.296382 3.132343 -0.011089 -0.048577
1520268073 1.109011 0.507171 11.355184 -2.982528 -0.044424 -0.097357
1540247344 1.703090 1.072504 13.084719 -2.837992 -0.081102 -0.129431
1560226615 2.833755 1.005431 13.060764 -2.577782 -0.075089 -0.213656
1580205886 4.601619 -0.245009 11.479749 -2.393597 0.019808 -0.381236
