0 2.632535 2.821203 9.060315 -3.113535 -0.290552 -0.282771
20006198 2.493598 2.873904 9.702303 3.111314 -0.279382 -0.251566
40012396 2.570253 2.854740 10.583839 3.089378 -0.256342 -0.238235
60018594 3.030185 2.701430 10.023297 -3.096929 -0.252479 -0.293579
80024792 3.787156 2.241498 9.707094 -2.976094 -0.211892 -0.371980
100031198 3.485326 2.121724 9.659184 -2.986813 -0.203752 -0.346290
120037604 2.019293 3.055960 9.697513 3.028017 -0.299247 -0.205294
140044010 1.037147 3.353000 9.980179 2.801098 -0.322500 -0.103549
160050417 1.013192 3.084706 10.023297 2.816318 -0.297129 -0.100741
180056823 1.137757 2.792458 9.515456 2.860485 -0.283539 -0.119004
200063385 1.281485 2.505000 8.667457 3.123590 -0.278475 -0.146787
220069948 1.554570 2.514582 8.092542 -3.069067 -0.296174 -0.189787
240076510 1.650389 2.543328 8.356045 -3.059307 -0.290173 -0.194999
260083073 1.765372 2.495418 9.141762 -3.072901 -0.261863 -0.190763
280089635 1.784536 2.648729 10.061625 -3.103337 -0.253624 -0.175535
300096406 2.033666 2.428345 11.197082 -3.099469 -0.210229 -0.179666
320103177 1.597689 2.902650 11.211455 3.114704 -0.250909 -0.141552
340109948 1.583316 3.170943 9.640021 -3.125632 -0.313858 -0.162791
360116719 2.766682 3.127825 8.341672 -2.769246 -0.341920 -0.320253
380123490 3.293687 3.333836 8.849513 -2.702854 -0.339402 -0.356304
400130469 2.618162 3.731485 9.271117 -2.840393 -0.369542 -0.275233
420137448 1.425214 4.220163 8.418327 2.706644 -0.459056 -0.167709
440144427 1.113802 4.565112 7.172678 2.451680 -0.561414 -0.154054
460151406 1.046728 5.173563 6.190532 1.804450 -0.689220 -0.167501
480158385 0.740107 5.777224 5.974939 1.294863 -0.764772 -0.123241
500165573 0.510141 6.692297 5.821628 0.956788 -0.852968 -0.087405
520172760 0.893418 7.396568 5.625199 0.575651 -0.914588 -0.157509
540179948 1.530615 8.685335 5.308996 0.113449 -1.004215 -0.280694
560187135 1.712672 10.553808 5.668317 0.067915 -1.059495 -0.293426
580194323 1.200039 12.292926 6.123458 0.257623 -1.101084 -0.193521
600201719 1.583316 14.127862 5.649154 0.085550 -1.177198 -0.273264
620209115 2.905620 15.344766 5.663527 -0.429146 -1.177576 -0.474026
640216510 2.335496 15.066890 8.006305 -0.150233 -1.065246 -0.283831
660223906 -0.553451 14.769851 10.588631 0.768313 -0.948166 0.052221
680231302 -3.217223 15.637013 9.711885 1.129052 -0.991422 0.319889
700238958 -5.200680 14.908789 7.948813 1.402699 -1.003515 0.579372
720246615 -6.685876 8.546397 6.152204 1.895790 -0.754819 0.826944
740254271 -5.076115 -2.678815 2.329021 2.303795 0.447237 1.140632
760261927 -2.259032 -15.394015 -0.646164 1.205027 1.419333 1.849393
780269583 -5.272544 -28.109215 1.576840 1.808203 1.377460 1.280196
800277500 -9.637106 -33.729008 11.642641 2.529066 1.149529 0.691429
820285417 1.017983 -25.555635 34.236794 -3.129241 0.641006 -0.029725
840293333 37.673595 -13.942355 51.345303 -2.471761 0.215530 -0.633007
860301250 39.724125 1.901340 43.636650 -2.259608 -0.032210 -0.738498
880309167 15.098606 -10.842606 21.411402 -2.552264 0.392386 -0.614185
900317292 -13.685465 -19.739412 0.312027 1.888604 0.964455 1.548000
920325417 -27.464256 -9.472392 -15.440639 2.003824 0.292046 2.082964
940333542 -20.282612 0.535917 -13.658403 2.187120 -0.021913 2.163449
960341667 -7.241627 -1.677505 1.294174 2.109255 0.224201 1.393950
980349792 0.251430 -1.768533 9.060315 -3.126873 0.192699 -0.027744
1000358073 4.433935 -1.960172 15.441870 -2.777143 0.121409 -0.279615
1020366354 5.717912 -0.268964 17.458862 -2.687107 0.014639 -0.316498
1040374635 4.462681 1.474944 15.820355 -2.671530 -0.089490 -0.274941
1060382917 2.167812 1.518063 13.089510 -2.832272 -0.113922 -0.164125
1080391198 0.668243 0.411352 9.745422 -3.029326 -0.042086 -0.068463
1100399583 -0.366604 -0.254591 6.952294 3.055217 0.036553 0.052683
1120407969 -1.123575 -0.336037 4.801154 2.813603 0.068044 0.229885
1140416354 -1.449360 0.071194 3.957946 2.616621 -0.016889 0.351025
1160424740 -1.334377 0.396979 4.844273 2.677622 -0.078842 0.268789
1180433125 -1.152321 0.737137 7.014576 2.827638 -0.103327 0.162821
1200441510 -0.994219 0.885657 9.496292 2.708703 -0.092492 0.104315
1220449896 -0.884027 1.288097 11.637850 2.751137 -0.109919 0.075816
1240458281 -0.558242 1.072504 12.864335 2.843807 -0.083100 0.043367
1260466667 0.203520 0.986267 13.233239 2.980646 -0.074383 -0.015378
1280475052 0.807181 0.785047 12.658324 3.094897 -0.061814 -0.063681
1300481406 0.740107 0.579036 10.842551 3.105876 -0.053230 -0.068154
1320487760 0.409531 0.430516 9.285490 3.053318 -0.046286 -0.044076
1340494115 0.031046 0.315533 8.667457 2.969172 -0.036388 -0.003582
1360500469 -0.270785 0.329906 8.461446 2.894527 -0.038950 0.031991
1380506823 -0.601361 0.305951 8.835140 2.825923 -0.034535 0.067960
1400513177 -0.634897 0.492798 9.414846 2.803817 -0.052177 0.067334
1420519531 -0.486378 1.005431 10.032880 2.808165 -0.099764 0.048440
1440525885 -0.074355 0.866493 10.741941 2.936159 -0.080488 0.006922
1460532240 0.457441 1.077295 10.746732 3.070982 -0.099820 -0.042540
1480538594 0.903000 1.244979 10.890461 -3.087652 -0.113438 -0.082727
