0 0.797599 3.544638 10.353873 3.014102 -0.328937 -0.076882
20006458 1.597689 3.099079 10.248472 -3.134178 -0.290342 -0.154650
40012917 2.062411 2.754130 10.717986 -3.081940 -0.247174 -0.190102
60019375 1.430005 3.319463 10.756314 3.112230 -0.296874 -0.132171
80025833 1.118593 3.439237 10.200562 3.070910 -0.323387 -0.109223
100032604 0.783226 3.429655 9.074688 3.021776 -0.360117 -0.086095
120039375 0.232266 3.544638 8.437490 2.894852 -0.397583 -0.027521
140046146 0.965282 2.011532 8.753694 3.083935 -0.224556 -0.109828
160052917 2.071993 1.575555 7.910485 -2.999071 -0.190341 -0.256175
180059687 1.952219 2.346899 7.709265 -2.985886 -0.286965 -0.248017
200066771 1.190457 2.586447 7.944022 -3.106321 -0.311506 -0.148749
220073854 0.826344 2.744548 8.082960 3.069694 -0.325753 -0.101879
240080937 1.588107 2.298989 8.480609 -3.039446 -0.260406 -0.185119
260088021 2.124694 2.045069 9.208835 -2.977052 -0.213106 -0.226755
280095104 1.894728 2.155260 10.363456 -3.058726 -0.201792 -0.180831
300102552 1.698299 1.676165 11.240201 -3.114937 -0.146394 -0.149957
320110000 1.334186 2.088187 10.598212 3.128444 -0.193054 -0.125229
340117448 0.601169 2.409181 10.444901 3.005088 -0.226330 -0.057493
360124896 -0.745089 2.351690 11.901353 2.822533 -0.194714 0.062524
380132344 -1.468524 2.394808 13.391340 2.767340 -0.175929 0.109226
400140156 -0.572615 2.035486 12.955363 2.762898 -0.155692 0.044170
420147969 0.265802 2.097769 11.015026 2.888422 -0.188139 -0.024126
440155781 0.764062 2.279825 9.711885 3.009388 -0.229886 -0.078511
460163594 1.171293 2.840367 8.801603 -3.104474 -0.309603 -0.132300
480171406 1.947428 3.060751 8.150033 -2.639277 -0.350211 -0.234549
500179583 1.885146 3.391327 7.623028 -2.427806 -0.407675 -0.242432
520187760 0.912582 4.234536 7.215796 2.837549 -0.527232 -0.125802
540195937 -0.088728 5.523304 6.966667 1.518887 -0.670307 0.012735
560204115 -1.252931 7.645698 7.167887 1.151393 -0.810130 0.173049
580212292 -1.933247 10.041176 7.824248 1.049833 -0.894442 0.242232
600220781 -3.073495 11.727592 8.796812 1.173080 -0.899381 0.336129
620229271 -3.705901 13.351727 8.039841 1.142538 -0.985303 0.431916
640237760 -2.944139 15.042935 6.798984 0.932327 -1.113145 0.408649
660246250 -1.760772 16.240675 7.052904 0.665497 -1.149938 0.244651
680254740 -2.522535 16.413149 8.461446 0.814185 -1.077252 0.289732
700263490 -3.897539 14.784224 9.323818 1.120239 -0.971201 0.395943
720272240 -3.892748 12.690576 7.570327 1.059059 -0.979954 0.474952
740280990 -4.079596 10.707119 5.299414 1.235853 -1.012475 0.656066
760289740 -6.575684 6.222783 4.734081 1.997591 -0.654924 0.946815
780298490 -3.763392 -3.454950 3.263257 2.575675 0.606420 0.856455
800307500 -0.165384 -15.762918 1.792433 3.092612 1.457093 0.092007
820316510 -2.321314 -28.775158 3.665698 2.673181 1.421138 0.564512
840325521 2.081575 -37.537819 7.752384 -2.884809 1.360132 -0.262320
860334531 7.869051 -27.040833 18.996759 -2.826791 0.920667 -0.392714
880343542 4.889076 -6.521163 40.364429 -2.994797 0.159031 -0.120536
900352708 18.164818 1.882176 33.949337 -2.379222 -0.048844 -0.491298
920361875 17.877361 -0.513303 22.800779 -2.283740 0.017714 -0.664950
940371042 7.370792 -9.175353 8.892632 -2.561808 0.671310 -0.692096
960380208 -7.567412 -8.140506 -3.736331 1.536233 0.767364 2.029423
980389375 -12.468561 -2.420104 -6.261166 1.972843 0.171746 2.036167
1000398646 -7.289537 -2.027245 0.551575 1.984538 0.270513 1.495274
1020407917 -3.078286 -1.643969 7.096023 2.496492 0.209422 0.409304
1040417187 -1.789518 -0.120444 11.834279 2.678666 0.010063 0.150078
1060426458 -0.682807 0.440098 14.315995 2.840061 -0.030697 0.047659
1080435729 0.859881 0.435307 13.860854 3.085800 -0.031335 -0.061957
1100445052 0.974864 1.129996 12.064245 2.825550 -0.093091 -0.080631
1120454375 1.612061 1.379125 11.580359 3.006480 -0.117412 -0.138318
1140463698 2.857710 0.593408 11.771996 -2.946719 -0.048947 -0.238148
1160473021 3.015812 -0.010252 11.891770 -2.945943 0.000836 -0.248369
1180482344 2.493598 -0.321664 11.077308 -3.023643 0.028322 -0.221418
1200491510 1.923474 -0.465393 9.544202 -3.081578 0.047764 -0.198869
1220500677 1.109011 -0.513303 8.715366 3.034482 0.058359 -0.126568
1240509844 0.251430 0.028075 8.586010 2.775127 -0.003268 -0.029275
1260519010 0.064582 0.229296 9.012405 2.702412 -0.025436 -0.007166
1280528177 -0.189338 0.032866 9.342981 2.666314 -0.003517 0.020263
1300536667 -0.112683 0.171804 9.721467 2.631876 -0.017670 0.011591
1320545156 0.299339 0.478425 9.932269 2.679925 -0.048110 -0.030129
1340553646 0.941327 0.430516 9.735840 2.827211 -0.043986 -0.096387
1360562135 1.525824 0.296369 9.386100 2.988000 -0.031156 -0.161152
1380570625 1.832445 0.258041 9.237580 3.073530 -0.027393 -0.195826
1400579062 1.803700 0.373024 9.175298 3.067011 -0.039871 -0.194107
1420587500 1.928265 0.406561 8.820767 3.120188 -0.044998 -0.215219
1440595937 2.153440 0.037657 8.504564 -3.084742 -0.004292 -0.247997
1460604375 1.616852 0.052030 8.475819 3.059914 -0.006030 -0.188496
1480612812 0.859881 0.281996 8.974078 2.834669 -0.031270 -0.095527
