0 1.410841 1.743238 9.817286 -3.032213 -0.173985 -0.142733
20007916 1.238367 1.561182 9.227999 -3.053303 -0.166130 -0.133400
40015833 1.367723 1.657001 10.396992 -3.060380 -0.156716 -0.130799
60023750 1.286276 1.867803 11.292901 -3.094912 -0.162878 -0.113413
80031666 1.271903 2.016323 11.182709 -3.093686 -0.177272 -0.113252
100039583 1.516242 1.748029 10.267636 -3.026030 -0.166854 -0.146612
120047500 1.535406 1.709701 9.074688 -2.977179 -0.183670 -0.167609
140055416 1.219203 1.839057 8.327299 -3.014602 -0.215135 -0.145377
160063333 0.922164 1.997159 8.317717 -3.093180 -0.234265 -0.110416
180071250 0.941327 2.088187 8.686621 -3.099218 -0.234592 -0.107944
200079218 0.869463 2.078605 8.768066 -2.973327 -0.231673 -0.098839
220087187 0.677825 2.160051 8.983660 -3.032324 -0.235319 -0.075308
240095156 0.883836 1.930085 9.204043 -2.992235 -0.205785 -0.095733
260103125 1.017983 2.102560 9.625648 -2.965760 -0.213899 -0.105366
280111093 1.166502 1.915713 9.654394 -2.940764 -0.194506 -0.120243
300119166 1.195248 1.901340 9.184880 -2.915770 -0.202464 -0.129405
320127239 0.874254 2.083396 8.983660 -2.980186 -0.226846 -0.097011
340135312 0.299339 2.658311 8.562056 -3.137829 -0.300867 -0.034947
360143385 0.342458 3.252390 7.862576 -3.092748 -0.391887 -0.043528
380151458 0.146029 4.996298 5.960566 0.057923 -0.697471 -0.024494
400159687 0.160401 7.961901 3.406986 -0.051030 -1.166062 -0.047045
420167916 0.069373 10.457990 3.579460 -0.008722 -1.240967 -0.019378
440176146 0.720943 10.443617 6.051594 -0.193582 -1.042559 -0.118574
460184375 1.880355 9.959730 9.285490 -0.597498 -0.810389 -0.199803
480192604 1.238367 11.909649 10.928788 -0.322041 -0.825141 -0.112831
500200989 -0.045610 14.008088 12.802052 0.053402 -0.830349 0.003563
520209375 -2.488998 12.748067 14.943610 0.879728 -0.699530 0.165044
540217760 -3.638828 11.799458 12.025918 1.012963 -0.754013 0.293824
560226146 -2.747710 8.613471 8.068586 0.985157 -0.790642 0.328226
580234531 -4.213742 5.853879 5.256295 1.530339 -0.715389 0.675750
600243021 -6.633176 4.541157 7.330780 1.583546 -0.430592 0.735482
620251510 -6.752950 -6.540327 11.278528 2.653652 0.461669 0.539495
640260000 -5.785176 -21.545605 10.358665 2.785167 1.067434 0.509336
660268489 -4.707211 -38.591831 8.830349 2.802299 1.317089 0.489754
680276979 -0.194129 -32.339630 4.331641 -3.061524 1.437514 0.044787
700285573 8.932644 -15.628772 12.351703 -2.427788 0.797885 -0.626122
720294166 18.557676 -11.173182 26.470652 -2.302580 0.332769 -0.611441
740302760 21.552025 -2.424895 26.168821 -2.106693 0.071406 -0.688952
760311354 14.432663 -4.005910 18.081686 -2.176977 0.171450 -0.673638
780319948 3.236196 -10.176662 6.521108 -2.588874 0.949837 -0.460655
800328593 -6.029515 -8.974133 -2.356536 1.385007 0.945872 1.943376
820337239 -9.296947 -3.325594 -2.653575 1.722565 0.331294 1.848828
840345885 -7.538667 -2.305121 4.077720 1.958429 0.262732 1.074961
860354531 -5.023414 -1.955381 9.970597 2.270218 0.173383 0.466701
880363177 -3.849630 -0.886997 12.222347 2.337266 0.069109 0.305130
900371875 -3.126195 -0.776805 10.741941 2.369945 0.069323 0.283204
920380573 -1.933247 -0.910952 8.729739 2.522753 0.101532 0.217938
940389271 0.169983 -0.752851 8.379999 3.086117 0.089580 -0.020282
960397968 3.092467 -0.992398 8.801603 -2.458143 0.105978 -0.337879
980406666 4.227924 -1.351720 8.974078 -2.347233 0.135426 -0.440283
1000415416 3.859020 -1.112172 9.817286 -2.606472 0.105046 -0.374530
1020424166 3.121213 -1.073845 10.856924 -2.774687 0.094774 -0.279937
1040432916 2.052830 -1.136127 11.010235 -2.986322 0.101094 -0.184331
1060441666 0.802390 -1.040308 10.785060 3.040776 0.095897 -0.074261
1080450416 -0.721135 -0.978026 10.267636 2.725425 0.094735 0.070119
1100459218 -1.497270 -0.824715 9.975388 2.568225 0.081578 0.148984
1120468021 -1.238558 -0.800760 9.970597 2.610487 0.079531 0.123588
1140476823 -0.213293 -0.834297 10.195772 2.817308 0.081628 0.020917
1160485625 0.950909 -0.661822 10.320337 3.077334 0.063771 -0.091880
1180494427 2.129485 -0.240218 10.435320 -2.907337 0.022551 -0.201301
1200503281 3.504489 -0.096489 10.583839 -2.391774 0.008654 -0.319755
1220512135 4.079404 -0.647449 11.177918 -2.409875 0.054358 -0.349933
1240520989 1.957010 -1.040308 10.952744 -2.800302 0.093230 -0.176812
1260529843 -0.701971 -0.580376 10.085580 2.825081 0.057343 0.069489
1280538698 -1.961993 -0.508512 10.128698 2.533143 0.049249 0.191337
1300547604 -1.741609 -0.307292 10.502393 2.561200 0.028857 0.164334
1320556510 -0.979846 -0.043789 10.444901 2.702918 0.004174 0.093537
1340565416 -0.419304 -0.206681 9.989760 2.871903 0.020668 0.041949
1360574323 -0.323485 -0.235427 9.213626 2.896475 0.025531 0.035095
1380583229 -0.227666 -0.062953 8.619547 2.909837 0.007301 0.026407
1400592187 -0.064774 0.128686 8.753694 -3.037111 -0.014699 0.007399
1420601146 -0.031237 0.200550 9.213626 -3.022268 -0.021763 0.003390
1440610104 -0.179757 0.262832 9.328609 -3.070572 -0.028162 0.019267
1460619062 -0.232457 0.425725 9.156135 -3.086988 -0.046448 0.025383
1480628021 -0.160593 0.440098 9.410055 -3.058479 -0.046728 0.017064
1500636979 0.174774 0.521544 9.759795 -2.936312 -0.053379 -0.017906
1520645937 0.356831 0.540708 9.563366 -2.869266 -0.056440 -0.037295
1540654896 0.788017 0.492798 9.007615 -2.716807 -0.054447 -0.087261
1560663854 1.406050 0.272414 9.117806 -2.582803 -0.029520 -0.153004
1580672812 1.750999 0.071194 9.630439 -2.556064 -0.007273 -0.179855
