0 2.915202 1.906131 10.411366 -2.846487 -0.174508 -0.273010
20009948 2.512761 1.709701 9.424428 -2.824421 -0.173525 -0.260561
40019895 1.377305 1.848639 9.079479 -3.049284 -0.198648 -0.150546
60029843 1.449169 1.724074 9.132179 -3.037203 -0.184341 -0.157376
80039791 1.789327 1.800730 10.430529 -3.014141 -0.168541 -0.169893
100050052 1.803700 2.092978 12.380448 -3.069185 -0.165754 -0.144672
120060312 1.722253 2.107351 12.025918 -3.073467 -0.171755 -0.142245
140070573 1.041938 1.939667 10.694032 3.109722 -0.178600 -0.097125
160080833 1.473124 1.719283 9.194462 -3.034319 -0.182580 -0.158868
180091093 1.765372 1.786357 7.795503 -2.871325 -0.219880 -0.222704
200101562 1.267112 1.977995 7.325989 -2.974547 -0.260024 -0.171267
220112031 0.342458 2.457091 7.239751 3.009440 -0.326851 -0.047267
240122500 -0.107892 2.591238 6.890012 2.764761 -0.359682 0.015658
260132968 0.304130 2.308571 6.698373 3.000534 -0.331581 -0.045372
280143437 0.936536 1.877385 6.827729 -3.005018 -0.265960 -0.136316
300154062 1.195248 1.403080 7.191842 -2.968910 -0.190129 -0.164690
320164687 1.089847 1.647419 8.183570 -3.037514 -0.196959 -0.132396
340175312 1.612061 1.565973 9.759795 -2.983571 -0.157004 -0.163696
360185937 2.115112 1.321634 11.048562 -2.949739 -0.116951 -0.189149
380196562 2.551089 1.120414 11.589940 -2.910709 -0.094132 -0.216657
400207291 2.589417 1.029386 12.011545 -2.922296 -0.083580 -0.212328
420218020 2.182185 1.144368 11.930099 -2.927981 -0.094079 -0.180914
440228750 1.856400 1.575555 11.359975 -2.946958 -0.136033 -0.161984
460239479 1.525824 1.982786 11.206664 -2.989573 -0.173548 -0.135321
480250208 1.238367 2.557701 11.345602 -3.039067 -0.220462 -0.108719
500260989 1.540197 3.491937 10.028089 -2.821337 -0.331480 -0.152397
520271770 2.354660 5.901789 7.038531 -1.089688 -0.671795 -0.322835
540282552 4.223133 7.837336 5.318578 -1.186870 -0.856781 -0.671093
560293333 4.524963 10.184905 5.524589 -1.062221 -0.959297 -0.686255
580304114 3.379925 12.791185 7.852994 -0.632594 -0.981603 -0.406435
600314739 1.755790 14.343455 10.995862 -0.207255 -0.910660 -0.158341
620325364 -0.347440 16.825171 13.123047 -0.241872 -0.908222 0.026469
640335989 -1.957202 20.135723 14.785509 0.056493 -0.933275 0.131608
660346614 -3.428025 21.558638 15.087339 0.284476 -0.948313 0.223419
680357239 -1.856592 19.278141 12.021127 0.092786 -1.007926 0.153233
700365364 -2.809992 14.032043 4.369968 0.647110 -1.216191 0.571455
720373489 -6.063052 10.850848 -4.967607 2.371791 -0.945221 2.257210
740381614 -10.854010 0.574245 -9.571717 2.309977 -0.039660 2.293499
760389739 -11.999048 -17.195415 -8.924938 1.679477 0.854994 2.210320
780397864 -11.558279 -41.092709 3.215348 2.114213 1.286738 1.299471
800405781 -11.098349 -62.469959 20.002861 2.808590 1.219777 0.506550
820413698 -3.552590 -37.053932 27.721092 3.127881 0.924583 0.127460
840421614 33.050320 -22.407976 41.154934 -2.496899 0.401472 -0.676610
860429531 75.167625 4.474084 54.718136 -2.248617 -0.048085 -0.941558
880437448 15.400436 -14.775982 35.851345 -2.676986 0.361998 -0.405730
900445364 -28.906334 -34.811764 2.702715 1.835809 0.875675 1.477568
920453281 -40.950802 -13.813000 -21.918015 1.733772 0.289060 2.062227
940461198 -21.226431 -0.642659 -22.449810 1.943234 0.020798 2.384197
960469114 -6.288227 -4.576034 -5.988081 1.488958 0.485010 2.331750
980477031 -1.784727 -4.207130 4.930510 2.764465 0.676165 0.347304
1000484948 0.970073 -3.076465 12.505013 -2.959850 0.240533 -0.077420
1020492864 2.987066 -1.356511 17.133078 -2.661971 0.077841 -0.172610
1040500781 3.006230 0.234087 19.082996 -2.581932 -0.012117 -0.156250
1060508698 1.693508 0.401770 16.582117 -2.717751 -0.024099 -0.101776
1080516614 -0.596570 -0.249800 12.864335 3.048980 0.019395 0.046341
1100524583 -2.388388 -1.126545 9.319027 2.638019 0.116571 0.250891
1120532552 -2.934557 -1.021144 6.717537 2.396218 0.138409 0.411865
1140540520 -2.287778 -0.623495 6.171368 2.425710 0.094449 0.355003
1160548489 -1.492479 -0.633077 6.621718 2.674500 0.092997 0.221687
1180556458 -1.185858 -0.484557 7.311616 2.794116 0.065324 0.160788
1200564531 -0.788208 -0.331246 8.322508 2.967411 0.039603 0.094426
1220572604 -0.265994 -0.254591 9.668767 -3.097454 0.026315 0.027504
1240580677 0.213102 -0.374365 11.010235 -2.945511 0.033982 -0.019352
1260588750 0.088537 -0.451020 11.518076 -2.985615 0.039136 -0.007687
1280596823 -0.083937 -0.374365 11.259364 -3.032119 0.033236 0.007455
1300605052 -0.505542 -0.273755 10.655704 3.123440 0.025656 0.047408
1320613281 -1.018174 -0.417484 10.104744 2.959904 0.041084 0.100423
1340621510 -1.003801 -0.369574 9.663976 2.948798 0.038019 0.103499
1360629739 -0.687598 -0.292919 9.620857 3.046236 0.030359 0.071348
1380637968 -0.395350 -0.546839 9.601693 -3.139339 0.056843 0.041152
1400646354 -0.107892 -0.460602 9.956224 -3.054903 0.046227 0.010836
1420654739 -0.313903 -0.407902 10.406574 -3.121786 0.039159 0.030155
1440663125 -0.524705 -0.383947 10.186190 3.084726 0.037625 0.051466
1460671510 -0.390559 -0.551630 9.347773 3.121220 0.058892 0.041757
1480679895 -0.548660 -0.288128 9.180089 3.053228 0.031320 0.059695
1500688437 -0.582197 -0.158772 9.299863 3.037483 0.017037 0.062521
1520696979 -0.433677 -0.134817 9.170507 3.096141 0.014684 0.047255
1540705520 -0.294740 -0.197100 8.911796 -3.131600 0.022101 0.033061
1560714062 -0.452841 -0.494139 8.710575 3.086718 0.056592 0.051941
1580722604 -0.951101 -0.245009 8.538101 2.868268 0.028512 0.110937
