0 2.373824 2.964932 6.291142 -2.680121 -0.415295 -0.360810
20006615 1.933056 2.552910 7.393062 -2.924379 -0.322423 -0.255743
40013230 1.300649 2.830785 10.128698 3.138832 -0.270415 -0.127713
60019844 0.926955 2.873904 11.925307 3.064799 -0.235798 -0.077574
80026459 1.521033 2.591238 11.393511 -3.136875 -0.221725 -0.132715
100033230 2.033666 2.289407 9.592112 -3.025727 -0.229377 -0.208921
120040000 1.918683 1.930085 8.662665 -3.015989 -0.214196 -0.217970
140046771 1.813282 1.666583 8.126079 -3.017196 -0.197557 -0.219547
160053542 1.473124 1.690538 8.212316 -3.074649 -0.199913 -0.177492
180060313 1.142548 1.379125 8.930960 3.138716 -0.151991 -0.127240
200067292 1.564152 0.243669 9.659184 -3.040159 -0.024897 -0.160541
220074271 1.727044 -0.795969 10.028089 -3.040441 0.078063 -0.170548
240081250 1.760581 -2.156601 10.909625 -3.062001 0.192732 -0.159999
260088230 0.898209 -1.993708 12.399612 3.129375 0.159014 -0.072312
280095209 -0.682807 -0.015043 12.514595 2.967029 0.001200 0.054507
300102396 -1.502061 1.221024 11.000652 2.826838 -0.109535 0.135704
320109584 -0.975055 2.279825 8.964496 2.786963 -0.247637 0.108343
340116771 0.543678 3.559011 9.036361 3.076225 -0.374582 -0.060093
360123959 1.377305 5.015462 9.831659 -2.919454 -0.467799 -0.139183
380131146 1.818073 5.887416 10.492811 -2.728698 -0.505031 -0.171565
400138542 1.477915 7.118692 10.794641 0.247457 -0.578741 -0.136066
420145938 0.855090 8.800318 11.565986 0.541340 -0.649115 -0.073797
440153334 -0.495960 9.408770 12.040291 0.972289 -0.662910 0.041168
460160730 0.064582 8.493697 10.650913 0.771365 -0.673182 -0.006063
480168125 1.204830 7.032455 8.164406 -0.002431 -0.705728 -0.146514
500175730 0.974864 6.974964 5.716227 -0.059876 -0.877219 -0.168918
520183334 0.198729 7.976274 4.628680 0.183215 -1.044584 -0.042908
540190938 -0.869654 10.247188 5.606035 0.498935 -1.065175 0.153902
560198542 -4.510782 14.386574 6.751074 1.092033 -1.056986 0.589034
580206146 -6.963752 20.595654 6.894803 1.242043 -1.126688 0.790373
600213907 -4.836567 22.478500 8.231480 0.785391 -1.169157 0.531229
620221667 -3.931076 21.050795 10.909625 0.625075 -1.067285 0.345849
640229427 -3.404071 17.222820 10.516767 0.651601 -1.000193 0.313038
660237188 -3.543008 12.628293 5.864747 0.910458 -1.073667 0.543443
680244948 -4.438918 5.211891 2.324229 1.767665 -0.805087 1.088445
700252813 -1.549970 -8.427963 1.045044 2.277090 1.352525 0.977573
720260677 4.802839 -26.470709 -2.112197 -1.301536 1.375122 -1.985120
740268542 7.979243 -43.770855 -1.834321 -1.483076 1.385882 -1.796757
760276407 7.318091 -52.830555 -1.053395 -1.530381 1.431751 -1.713758
780284271 -1.061293 -30.111835 17.755901 3.094366 1.037230 0.059700
800292188 -5.047369 -4.149639 42.625759 3.083198 0.096376 0.117862
820300105 9.196146 5.959280 49.601395 -2.045978 -0.117585 -0.183319
840308021 6.508420 2.672684 37.408409 -2.187215 -0.070273 -0.172259
860315938 1.961801 -11.997227 17.142658 -2.875482 0.607570 -0.113944
880323855 -3.102240 -17.511618 -0.502435 1.553913 1.393225 1.731361
900331823 -5.972023 -9.788595 -10.534699 1.070771 0.679798 2.625874
920339792 -5.009041 -2.391358 -10.697592 1.728679 0.199748 2.703674
940347761 -3.423234 -0.939698 -3.918387 1.748897 0.178677 2.423537
960355730 -2.431506 -1.816443 3.114738 2.400959 0.430885 0.662828
980363698 -2.182377 -3.234566 10.224518 2.935420 0.300044 0.210290
1000371719 -1.506852 -3.560351 17.430117 2.910442 0.200764 0.086237
1020379740 -0.654061 -1.993708 17.444489 2.980588 0.113716 0.037476
1040387761 -0.208502 0.032866 14.569916 2.996307 -0.002256 0.014309
1060395782 0.040627 -0.915743 13.573397 3.071428 0.067364 -0.002993
1080403802 1.200039 -2.017663 11.949263 -2.985066 0.166453 -0.100092
1100411875 1.722253 -2.563832 9.893942 -2.876621 0.249954 -0.172345
1120419948 1.271903 -2.386567 8.801603 -2.932125 0.262186 -0.143515
1140428021 0.423904 -2.046409 8.705785 -3.102015 0.230608 -0.048654
1160436094 -0.112683 -2.142228 9.036361 3.062763 0.232753 0.012469
1180444167 -0.625316 -1.653551 9.069897 2.936719 0.179914 0.068835
1200452240 -0.759462 -1.136127 8.820767 2.848312 0.127629 0.085888
1220460313 -0.864863 -1.303811 9.065106 2.835831 0.142211 0.095118
1240468386 -0.999010 -1.160082 9.151343 2.788185 0.125357 0.108735
1260476459 -0.390559 -0.872624 9.323818 2.948135 0.093238 0.041864
1280484532 0.117283 -0.767223 9.486711 3.113881 0.080692 -0.012362
1300492605 0.553260 -0.795969 9.865196 -3.027990 0.080384 -0.056023
1320500677 1.214412 -0.522885 10.339500 -2.809397 0.050184 -0.116918
1340508750 1.822863 -0.484557 10.626958 -2.642714 0.044910 -0.169879
1360516823 2.239677 -0.623495 10.521557 -2.558686 0.057895 -0.209735
1380524896 2.680445 -0.709732 10.607795 -2.483870 0.064777 -0.247505
1400532344 2.852919 -0.743269 11.062935 -2.566353 0.064966 -0.252382
1420539792 2.800219 -1.246319 10.847342 -2.623154 0.110794 -0.252632
1440547240 2.776264 -1.322974 9.390891 -2.580831 0.134285 -0.287446
1460554688 1.722253 -1.107381 8.063796 -2.736622 0.133500 -0.210417
1480562136 -0.131847 -0.474975 7.920067 2.945076 0.059891 0.016646
1500568698 -0.903191 -0.091698 8.586010 2.625182 0.010621 0.104808
1520575261 -0.754671 0.004121 9.740631 2.690263 -0.000422 0.077322
1540581823 -0.658852 0.162222 10.938371 2.725092 -0.014803 0.060160
1560588386 -0.265994 0.047239 11.288110 2.870979 -0.004184 0.023560
1580594948 0.567633 -0.316873 11.216246 -3.124226 0.028208 -0.050565
