0 2.982275 2.011532 9.750213 -2.985110 -0.194783 -0.296831
20007917 3.116422 1.915713 8.260225 -2.834997 -0.213678 -0.360769
40015833 2.057621 1.733656 9.788541 3.098032 -0.171618 -0.207190
60023750 2.244468 1.460572 10.028089 3.127023 -0.141186 -0.220189
80031667 3.015812 1.666583 10.123908 -3.013406 -0.156478 -0.289520
100039583 3.303269 1.872594 9.707094 -2.924663 -0.180635 -0.328002
120047500 3.030185 1.910922 9.759795 -2.979776 -0.184855 -0.301040
140055417 2.733145 1.776775 9.640021 -3.035980 -0.175499 -0.276270
160063333 2.206140 2.179215 9.227999 -3.123734 -0.225765 -0.234666
180071250 1.444378 2.562492 8.945333 2.951033 -0.275602 -0.160086
200079219 1.377305 2.548119 8.595592 3.120604 -0.284756 -0.158883
220087188 1.564152 2.500209 8.327299 -3.098879 -0.286939 -0.185671
240095156 1.942637 2.375644 8.485400 -3.013192 -0.266420 -0.225060
260103125 2.297168 2.275034 8.978868 -2.968888 -0.240711 -0.250469
280111094 2.436106 2.461882 9.525038 -2.967128 -0.245359 -0.250391
300119115 2.498389 2.461882 9.946642 -2.979779 -0.235594 -0.246088
320127136 2.287586 2.533746 9.616066 -3.000104 -0.250934 -0.233551
340135156 2.182185 2.576865 8.954914 -2.979944 -0.272618 -0.239027
360143177 2.206140 2.619983 8.691411 -2.953163 -0.284267 -0.248580
380151198 2.086366 2.931396 9.089061 -2.997684 -0.304564 -0.225638
400159323 1.947428 3.223644 9.357354 -3.041986 -0.325296 -0.205188
420167396 1.889937 3.434446 8.672248 -2.997463 -0.369202 -0.214574
440175521 2.086366 3.731485 7.412226 -2.700556 -0.451245 -0.274377
460183646 2.718772 4.354310 6.765447 -2.111810 -0.538353 -0.382110
480191771 2.718772 5.096908 8.260225 -2.293166 -0.530144 -0.317972
500200000 2.565462 5.868252 10.703613 -2.379980 -0.489814 -0.235244
520208229 2.359451 7.018082 12.447522 -2.659683 -0.505871 -0.187329
540216459 1.909101 7.928364 12.188810 -0.237400 -0.571175 -0.155365
560224688 0.883836 8.795527 9.357354 0.256845 -0.752242 -0.094174
580232917 -0.400141 10.491526 6.707955 0.410717 -1.001125 0.059581
600241302 -1.612253 13.346936 7.043322 0.400247 -1.074611 0.225028
620249688 -1.899710 15.881352 9.223207 0.391547 -1.035578 0.203130
640258073 -1.324795 16.585623 10.569467 0.261855 -0.999886 0.124691
660266459 -2.594399 15.488494 11.498912 0.559665 -0.920243 0.221906
680274844 -0.543869 12.259389 10.789850 0.165958 -0.848439 0.050363
700283438 2.033666 7.784635 9.213626 -1.254977 -0.689827 -0.217240
720292031 0.720943 3.650039 7.977559 -2.762604 -0.427568 -0.090127
740300625 -0.946310 -2.003290 6.846893 3.003650 0.282099 0.137340
760309219 -1.066084 -10.617431 6.674418 3.015541 1.003901 0.158389
780317813 -3.073495 -17.540363 6.822938 2.792607 1.167546 0.423241
800326615 -2.225495 -17.827822 9.735840 2.960772 1.060164 0.224727
820335417 -2.215913 -12.835644 15.422707 3.024633 0.689084 0.142702
840344219 1.597689 -8.289026 26.029884 -3.075489 0.307746 -0.061302
860353021 7.131244 -4.992847 24.094337 -2.827719 0.196146 -0.287757
880361823 7.294137 -1.275065 16.074276 -2.648821 0.072109 -0.425990
900370834 8.290655 -3.962792 11.498912 -2.455472 0.272584 -0.624678
920379844 7.591176 -3.886137 7.004994 -2.353723 0.359842 -0.825537
940388854 3.868602 -3.732826 3.100364 -2.355487 0.645381 -0.895192
960397865 0.294548 -2.626115 -0.535972 -0.522137 1.341992 -2.639088
980406875 -1.348750 -0.307292 -2.552965 2.328138 0.106028 2.655556
1000416094 -0.797790 1.355171 -1.106096 2.794186 -0.782229 2.516736
1020425313 0.730525 0.923984 2.741043 -2.988725 -0.314885 -0.260460
1040434531 1.425214 0.492798 6.664836 3.136757 -0.072180 -0.210668
1060443750 1.592898 0.459262 10.991071 3.027190 -0.041329 -0.143924
1080452969 2.091157 0.756301 14.359114 3.026229 -0.052074 -0.144616
1100462344 2.819383 1.542018 14.704062 3.097227 -0.102632 -0.189442
1120471719 2.196558 1.685747 13.252402 3.046759 -0.124838 -0.164255
1140481094 1.281485 1.278515 11.158754 2.956895 -0.113339 -0.114340
1160490469 1.281485 0.694018 8.830349 3.020022 -0.077624 -0.144117
1180499844 1.200039 0.602990 7.211006 3.055479 -0.082300 -0.164906
1200509323 0.907791 0.670064 6.621718 3.000660 -0.099920 -0.136244
1220518802 0.615542 0.828165 7.043322 3.052117 -0.116604 -0.087172
1240528281 0.419113 0.866493 8.241061 2.944602 -0.104624 -0.050813
1260537761 0.265802 1.120414 9.477128 2.866528 -0.117631 -0.028039
1280547240 0.740107 0.832956 10.114326 3.020768 -0.081951 -0.073044
1300556823 0.811972 0.842538 10.813806 3.027713 -0.077539 -0.074946
1320566406 1.382095 1.043758 11.091681 -3.113908 -0.093111 -0.123968
1340575990 2.426524 0.564663 10.464066 -2.848593 -0.052519 -0.227864
1360585573 3.020603 0.665273 9.045942 -2.619026 -0.069645 -0.322277
1380595156 3.078094 0.650900 8.279389 -2.548449 -0.073556 -0.355943
1400604792 2.733145 0.468844 8.638711 -2.672174 -0.051698 -0.306419
1420614427 1.851609 0.722764 9.362145 -2.916008 -0.075589 -0.195256
1440624063 0.898209 0.794629 9.989760 3.069288 -0.079060 -0.089672
1460633698 0.414322 0.823374 10.325128 2.929394 -0.079513 -0.040106
1480643334 0.304130 0.823374 10.612585 2.899608 -0.077398 -0.028650
1500653073 0.337667 0.622154 10.684449 2.948099 -0.058135 -0.031593
1520662813 0.438277 0.430516 10.521557 2.983976 -0.040859 -0.041631
1540672552 0.811972 0.387397 10.205354 3.086967 -0.037823 -0.079396
1560682292 0.926955 0.468844 9.774168 3.127888 -0.047717 -0.094554
1580692031 1.041938 0.564663 9.419637 -3.110466 -0.059512 -0.110166
