0 2.105530 1.412662 9.400473 -2.857753 -0.145605 -0.220345
20008906 1.109011 1.954040 11.733669 -3.100068 -0.164299 -0.094235
40017812 0.979655 1.958831 12.984109 -3.139820 -0.149316 -0.075308
60026719 1.276694 1.733656 11.671387 -3.072105 -0.146599 -0.108954
80035625 1.688717 1.149159 10.219727 -2.976381 -0.110489 -0.163761
100044583 1.746208 0.880866 8.926168 -3.006418 -0.096547 -0.193188
120053542 1.655180 1.307261 8.140451 -2.973762 -0.156088 -0.200593
140062500 1.305440 1.580346 8.336881 -3.061105 -0.185134 -0.155325
160071458 1.080265 1.623464 8.878259 -3.137469 -0.179564 -0.121080
180080417 1.017983 1.752820 9.093852 3.124141 -0.189259 -0.111478
200089479 0.759271 1.872594 9.376518 3.053569 -0.196491 -0.080800
220098542 0.706571 1.800730 9.232790 3.044596 -0.192070 -0.076380
240107604 0.979655 1.791148 9.055524 3.115442 -0.194171 -0.107764
260116667 1.281485 1.738447 9.103434 -3.095309 -0.186895 -0.139851
280125729 1.209621 1.580346 9.453174 -3.124462 -0.164329 -0.127268
300134896 0.433486 1.652210 9.707094 2.983141 -0.168426 -0.044627
320144062 -0.079146 1.609091 9.755004 2.879100 -0.163473 0.008113
340153229 0.352040 1.393498 9.932269 2.975106 -0.139304 -0.035429
360162396 0.625124 1.388707 10.670076 3.022902 -0.129203 -0.058520
380171562 0.874254 1.589927 10.876088 3.062476 -0.144697 -0.080211
400180885 1.271903 1.561182 10.722777 -3.122856 -0.143586 -0.118065
420190208 1.564152 1.618673 9.984970 -3.037574 -0.158809 -0.155388
440199531 1.731835 1.666583 9.213626 -2.962484 -0.175931 -0.185797
460208854 1.818073 1.992368 8.796812 -2.895500 -0.218267 -0.203805
480218177 1.904310 2.543328 8.897423 -2.830474 -0.272563 -0.210848
500227708 2.134276 3.554220 9.146552 -2.632884 -0.361766 -0.229240
520237239 2.210931 5.111281 8.897423 -1.706934 -0.508593 -0.243558
540246771 1.966592 6.313811 9.084270 -0.383168 -0.596692 -0.213193
560256302 1.760581 7.018082 9.505874 -0.056531 -0.627926 -0.183135
580265833 2.503179 7.276794 9.898732 -0.549232 -0.619192 -0.247686
600275521 3.188286 7.363031 10.746732 -1.002332 -0.581172 -0.288404
620285208 3.538026 7.645698 11.518076 -1.159455 -0.565429 -0.298023
640294896 2.991857 8.972793 11.336020 -0.485603 -0.653236 -0.258041
660304583 1.794118 11.387435 9.640021 -0.021026 -0.859902 -0.184006
680314271 0.447859 12.968451 8.859095 0.245522 -0.970890 -0.050511
700324114 -3.020794 13.524201 10.540721 0.911175 -0.889522 0.279103
720333958 -4.036477 12.743276 12.035500 0.594212 -0.787322 0.323592
740343802 -1.597880 11.698847 10.809014 0.087719 -0.819522 0.146766
760353646 -1.478106 10.534644 10.143071 0.087399 -0.799082 0.144707
780363489 -3.432817 6.783325 10.128698 1.291294 -0.565241 0.326770
800373542 -4.453290 1.633046 8.394372 2.382212 -0.170192 0.487756
820383594 -3.830466 -6.377434 5.912656 2.727351 0.735704 0.574857
840393646 -2.009902 -16.433653 5.112566 2.910885 1.248193 0.374570
860403698 -0.275576 -27.184561 5.960566 -3.078300 1.354726 0.046200
880413750 1.592898 -33.101391 5.467097 -2.771453 1.400434 -0.283512
900424010 2.148649 -17.267279 7.119977 -2.782990 1.164103 -0.293087
920434271 0.500559 2.859531 24.899218 -3.081121 -0.114320 -0.020101
940444531 17.527622 -8.001569 24.084755 -2.500207 0.262427 -0.629107
960454792 24.230171 -0.939698 9.093852 -2.156466 0.036293 -1.211753
980465052 10.518450 -0.359992 1.864298 -2.129395 0.033687 -1.395377
1000475521 -0.457632 -4.571243 1.083372 2.793671 1.318983 0.399679
1020485989 -6.072634 -2.032036 4.513697 2.324048 0.262370 0.931607
1040496458 -6.537356 -0.187518 11.565986 2.481982 0.014113 0.514455
1060506927 -4.510782 -0.316873 16.222795 2.751880 0.018816 0.271201
1080517396 -2.958512 1.278515 14.052492 2.781569 -0.088796 0.207503
1100528073 -2.829156 1.369543 11.316856 2.700544 -0.116870 0.244974
1120538750 -1.899710 0.914402 9.386100 2.790297 -0.095196 0.199698
1140549427 0.069373 0.583826 7.805084 -3.106739 -0.074659 -0.008888
1160560104 1.588107 0.598199 7.541582 -2.757745 -0.077463 -0.207548
1180570781 1.885146 0.535917 8.293762 -2.742972 -0.062927 -0.223500
1200581667 1.851609 0.363442 8.945333 -3.066153 -0.039765 -0.204109
1220592552 1.645598 0.377815 9.136971 -3.133708 -0.040673 -0.178193
1240603437 1.176084 0.607781 9.850823 2.986761 -0.061187 -0.118827
1260614323 1.286276 0.329906 11.197082 2.988303 -0.029263 -0.114375
1280625208 1.813282 0.373024 11.771996 3.084528 -0.031308 -0.152832
1300636250 2.158231 0.238878 11.345602 -3.109768 -0.020681 -0.187980
1320647292 1.588107 0.267623 10.588631 3.075525 -0.024990 -0.148873
1340658333 1.271903 0.071194 9.764585 3.032185 -0.007230 -0.129528
1360669375 0.831135 0.056821 9.021988 2.944359 -0.006271 -0.091864
1380680417 0.203520 0.349070 8.681829 2.765392 -0.040174 -0.023438
1400691562 0.390367 0.535917 9.247163 2.747893 -0.057839 -0.042190
1420702708 1.827654 -0.369574 10.440111 -3.084219 0.034855 -0.173305
1440713854 2.991857 -0.671404 10.727569 -2.840210 0.060213 -0.271983
1460725000 2.967902 -0.369574 10.085580 -2.785886 0.035139 -0.286193
1480736146 2.364242 -0.221054 9.644812 -2.893523 0.022257 -0.240391
