0 0.634706 1.312052 4.120838 -2.587595 -0.304873 -0.152823
20010156 0.562842 0.713182 8.748903 -2.969436 -0.081170 -0.064244
40020312 0.040627 1.283306 11.273737 -3.077357 -0.113343 -0.003604
60030468 -0.218084 1.479735 12.859544 -3.118485 -0.114549 0.016957
80040625 0.361622 1.168323 13.079928 -3.034994 -0.089052 -0.027640
100051197 1.171293 0.387397 11.273737 -2.918806 -0.034166 -0.103524
120061770 1.032356 0.775465 7.867367 -2.844060 -0.097420 -0.130474
140072343 0.385576 1.446199 7.230170 -2.944088 -0.197145 -0.053278
160082916 0.198729 1.733656 8.691411 -3.016523 -0.196834 -0.022861
180093489 0.270593 2.030696 10.109535 -3.006673 -0.198162 -0.026760
200104479 -0.021655 2.289407 9.927479 -2.933875 -0.226650 0.002181
220115468 0.016673 2.160051 9.376518 -2.922179 -0.226418 -0.001778
240126458 0.261011 1.762402 9.400473 -2.881057 -0.185259 -0.027759
260137447 0.582006 1.489317 9.021988 -2.810299 -0.163268 -0.064420
280148437 0.898209 1.364753 8.336881 -2.718781 -0.161344 -0.107325
300159791 1.128175 1.427035 8.274598 -2.653344 -0.169244 -0.135506
320171145 1.338977 1.695328 8.907004 -2.606313 -0.186045 -0.149211
340182500 1.444378 2.112142 9.625648 -2.569162 -0.213686 -0.148944
360193854 1.406050 2.768503 10.018507 -2.500485 -0.267117 -0.139435
380205208 1.722253 3.070333 10.416156 -2.418392 -0.283012 -0.163862
400216875 0.543678 4.445338 9.831659 -2.497040 -0.424064 -0.055242
420228541 -1.473315 8.163121 7.896112 0.480681 -0.793470 0.184466
440240208 -1.933247 12.719321 6.540272 0.420216 -1.078615 0.287407
460251875 -1.066084 15.545985 8.653084 0.165737 -1.059684 0.122585
480263541 0.155610 16.820381 11.407884 -0.072603 -0.974796 -0.013640
500275468 -1.856592 18.353487 11.709715 0.248349 -0.997252 0.157243
520287395 -2.354851 18.698435 9.984970 0.338970 -1.068990 0.231607
540299322 -1.640998 20.595654 6.343843 0.292251 -1.262766 0.253127
560311250 -2.881856 19.163158 4.513697 0.657143 -1.298294 0.568226
580323177 -7.883615 14.856088 4.935301 1.373670 -1.011426 1.011464
600335208 -11.285194 4.402219 4.662217 2.095005 -0.346027 1.179025
620347239 -15.386255 -8.351308 1.528931 2.239868 0.495224 1.471752
640359270 -15.664129 -26.729420 2.381721 2.170779 1.035716 1.419903
660371302 -5.492928 -50.933334 11.254574 2.905228 1.329699 0.454052
680383333 2.670863 -49.199009 23.682316 -2.896901 1.119699 -0.112304
700395416 9.651287 -13.271621 43.056946 -2.747139 0.292164 -0.220507
720407500 36.657909 -3.354340 32.104820 -2.284551 0.068728 -0.851516
740419583 36.231514 -5.045548 9.357354 -2.192316 0.134026 -1.318053
760431666 4.908240 -10.943216 0.230581 -1.737376 1.148763 -1.523852
780443750 -13.896267 -9.184935 1.797224 2.247452 0.580235 1.442179
800454166 -18.107517 -3.110001 7.579909 1.969390 0.157125 1.174354
820464583 -12.985985 -0.791178 11.762415 2.021842 0.045125 0.834798
840475000 -5.574374 -0.364783 11.398302 2.219478 0.028741 0.454852
860485416 -0.563033 -0.733687 7.862576 2.843778 0.092808 0.071487
880495833 1.386886 -0.906161 6.468407 -2.847481 0.136130 -0.211211
900505052 -0.265994 0.061612 6.842102 2.848923 -0.008998 0.038856
920514270 -1.090038 0.976685 7.651774 2.405890 -0.125700 0.141504
940523489 0.385576 0.852120 8.883050 3.058646 -0.095544 -0.043379
960532708 0.970073 1.158741 10.344292 -3.020771 -0.111069 -0.093505
980541927 0.467023 1.038967 10.832970 3.057505 -0.095527 -0.043085
1000551145 1.123384 0.325115 9.951433 -3.076454 -0.032453 -0.112411
1020560364 1.564152 0.181386 9.472338 -2.954161 -0.018891 -0.163652
1040569583 1.094638 0.277205 9.563366 -3.073138 -0.028790 -0.113966
1060578802 0.126865 0.281996 9.510665 2.956685 -0.029639 -0.013338
1080588020 0.471814 0.765883 9.826868 3.028840 -0.077691 -0.047976
1100597239 1.156920 0.828165 10.708405 -3.081759 -0.076739 -0.107621
1120606458 1.679135 0.545499 11.259364 -2.980063 -0.047882 -0.148041
1140615677 1.961801 0.430516 10.971907 -2.911820 -0.038606 -0.176933
1160624895 2.186976 0.607781 10.200562 -2.813859 -0.058193 -0.211200
1180634114 1.693508 0.876075 9.496292 -2.877859 -0.090573 -0.176478
1200643333 0.802390 0.842538 8.700994 3.055318 -0.096126 -0.091958
1220652552 0.299339 0.626945 7.833830 2.899692 -0.079802 -0.038193
1240661770 0.375994 0.842538 7.517627 2.911525 -0.111471 -0.049973
1260670989 1.789327 0.574245 8.207524 -2.865065 -0.068254 -0.214652
1280680208 2.905620 0.286787 9.208835 -2.683709 -0.029691 -0.305639
1300689427 2.622953 0.425725 10.200562 -2.794091 -0.040399 -0.251686
1320698645 2.033666 0.765883 10.713196 -2.939192 -0.070120 -0.187596
1340707864 1.741417 0.880866 10.785060 -3.014834 -0.080456 -0.160084
1360717083 1.674344 0.856911 10.550303 -3.023148 -0.080046 -0.157388
1380726302 1.147339 0.785047 9.908315 3.131250 -0.078543 -0.115282
1400735520 0.859881 0.636527 8.897423 3.091891 -0.071089 -0.096345
1420744739 0.850299 0.516753 8.475819 3.103594 -0.060589 -0.099986
1440753958 0.778435 0.579036 8.768066 3.070549 -0.065686 -0.088549
1460763177 0.668243 0.617363 9.146552 3.025962 -0.067216 -0.072930
1480772395 0.811972 0.708391 9.496292 3.059303 -0.074189 -0.085297
1500781614 0.898209 0.823374 10.095161 3.067781 -0.081062 -0.088741
1520790833 0.960491 0.923984 10.258055 3.079911 -0.089442 -0.093361
1540800052 0.974864 0.785047 10.066416 3.091512 -0.077468 -0.096542
1560809270 1.410841 0.631736 10.004133 -3.066732 -0.062447 -0.140102
1580818489 1.875564 0.794629 10.282009 -2.947805 -0.075883 -0.180428
