0 0.433486 2.116933 12.217556 -2.768516 -0.171461 -0.035466
20005989 0.773644 1.805521 12.481058 -2.745726 -0.143393 -0.061906
40011979 0.879045 1.810311 11.455793 -2.712879 -0.156278 -0.076584
60017968 0.261011 1.652210 9.491501 -2.781714 -0.172282 -0.027493
80023958 -0.721135 1.858221 8.265017 -2.981030 -0.220342 0.087031
100030156 -1.487688 2.399599 9.017197 3.125005 -0.256768 0.163510
120036354 -1.746400 2.428345 10.008924 3.103792 -0.234606 0.172745
140042552 -1.320004 2.289407 9.232790 -3.104815 -0.240709 0.142007
160048750 -0.821745 1.906131 8.322508 -3.005411 -0.224097 0.098419
180054948 -0.012073 1.647419 8.245852 -2.816407 -0.197191 0.001464
200061198 0.165192 1.891758 9.342981 -3.071443 -0.199748 -0.017679
220067448 -0.103101 2.030696 10.540721 -3.134955 -0.190312 0.009781
240073698 -0.141429 2.322944 10.603004 3.140105 -0.215657 0.013338
260079948 0.476605 2.241498 10.195772 -2.999302 -0.216174 -0.046711
280086198 1.032356 2.001950 9.539411 -2.867362 -0.205692 -0.107801
300092604 0.912582 2.787667 9.362145 -2.825003 -0.288109 -0.097169
320099010 0.256221 4.057271 10.277218 -2.980710 -0.375895 -0.024926
340105416 -0.074355 4.857360 10.727569 -3.108319 -0.425165 0.006931
360111823 0.529305 4.224954 10.032880 -2.835048 -0.398075 -0.052708
380118229 0.864672 3.755440 8.442282 -2.591197 -0.416618 -0.102066
400124739 0.558051 4.306400 7.785921 -2.195554 -0.504137 -0.071552
420131250 0.768853 4.737586 8.538101 -2.081529 -0.504868 -0.089807
440137760 0.543678 5.173563 9.501083 -2.386533 -0.497943 -0.057160
460144270 -0.586988 6.476704 9.505874 0.836946 -0.597205 0.061672
480150781 0.759271 8.052929 9.893942 -0.411443 -0.681737 -0.076591
500174010 1.794118 9.624363 11.470166 -0.726378 -0.692174 -0.155159
520197239 1.267112 12.019841 11.331229 -0.328646 -0.811777 -0.111362
540220468 1.286276 14.736314 8.576428 -0.253297 -1.038874 -0.148869
560243698 1.046728 17.548605 3.675279 -0.317677 -1.356381 -0.277456
580241927 0.605960 18.348696 2.525450 -0.213484 -1.430187 -0.235490
600240156 1.219203 16.753307 5.328160 -0.239196 -1.255429 -0.224950
620238385 1.123384 15.110008 5.994102 -0.204048 -1.187187 -0.185266
640236614 -2.603981 9.538125 3.517178 0.947320 -1.140638 0.637303
660234843 -10.681534 -4.178385 5.294623 2.232282 0.337106 1.110611
680233437 -13.316561 -22.934982 5.879120 2.169986 1.005259 1.155042
700232031 -11.270823 -42.539577 3.866918 1.999981 1.297687 1.240290
720230625 -4.534737 -51.493877 14.339950 2.833653 1.286629 0.306280
740229218 17.977972 -23.921919 14.545961 -2.447040 0.802323 -0.890532
760227812 41.583015 -5.745028 30.988525 -2.288512 0.110330 -0.930361
780226979 33.069485 -0.321664 44.992493 -2.406162 0.005761 -0.633832
800226823 -2.215913 -17.262489 26.211941 -2.778666 0.580744 0.084338
820226666 -26.060507 -20.534712 5.021538 2.048079 0.658516 1.380442
840226510 -28.029589 -9.026834 -8.704554 1.743942 0.298376 1.871903
860226354 -19.880171 -5.606090 -7.846972 1.725675 0.256522 1.946737
880226198 -7.423684 -2.295539 -4.129189 1.693177 0.263926 2.078401
900226198 -3.854421 -3.172284 2.894353 2.398904 0.582069 0.926708
920226198 -1.497270 -4.039447 7.862576 -2.889400 0.467390 0.188177
940226198 1.281485 -3.421414 9.707094 -2.353685 0.336170 -0.131256
960226198 1.343768 -2.774634 10.914415 -2.278243 0.247154 -0.122502
980226198 -0.174966 -1.682296 11.680968 -2.326533 0.143021 0.014978
1000227395 -1.358332 -1.193619 12.069036 3.027141 0.097964 0.112075
1020228593 -1.564343 -1.466703 12.255883 2.982088 0.118157 0.126954
1040229791 -1.631417 -1.768533 11.834279 2.964275 0.146974 0.136992
1060230989 -2.076976 -1.931426 11.034189 2.833738 0.170352 0.186054
1080232187 -2.230286 -2.175765 9.525038 2.763091 0.218848 0.230006
1100250156 -3.222014 -2.429686 8.068586 2.520973 0.272690 0.379927
1120268125 -3.346579 -2.118273 7.062486 2.416507 0.264684 0.442512
1140286093 -2.498580 -1.816443 7.249333 2.562457 0.232603 0.331913
1160304062 -1.454151 -2.046409 7.886531 2.897457 0.249848 0.182336
1180322395 -1.018174 -1.955381 9.012405 3.125450 0.212344 0.112498
1200340729 -1.022965 -1.734997 10.032880 -3.122285 0.170371 0.101610
1220359062 -0.960683 -1.457121 10.689240 -3.072704 0.134944 0.089633
1240377395 -0.256412 -1.792488 10.847342 -2.853653 0.163722 0.023634
1260395729 0.299339 -1.758952 10.971907 -2.689808 0.158903 -0.027276
1280412291 0.514932 -1.778115 11.316856 -2.633024 0.155688 -0.045470
1300428854 0.270593 -1.725415 10.396992 -2.700831 0.164400 -0.026020
1320445416 -0.486378 -1.557731 8.835140 -2.964971 0.174259 0.054995
1340461979 -1.602671 -0.944489 8.073378 2.779038 0.114249 0.195965
1360478541 -1.779936 -0.877415 8.830349 2.742110 0.097098 0.198905
