0 0.280175 1.580346 10.325128 2.580882 -0.151824 -0.027129
20007969 0.074164 1.781566 12.016335 2.547822 -0.147187 -0.006172
40015938 -0.012073 1.839057 12.893081 2.542411 -0.141683 0.000936
60023906 0.419113 1.321634 10.717986 2.639921 -0.122598 -0.039084
80031875 0.308921 0.789838 9.113016 2.668352 -0.086406 -0.033886
100040104 0.399949 1.115623 8.514146 2.646685 -0.130148 -0.046940
120048334 0.467023 1.412662 9.290281 2.584736 -0.150715 -0.050228
140056563 0.251430 1.570764 9.917896 2.531389 -0.157022 -0.025346
160064792 -0.275576 1.690538 9.625648 2.420529 -0.173786 0.028621
180073021 -0.687598 1.618673 9.045942 2.352009 -0.176566 0.075866
200080312 -0.289949 1.465363 8.552474 2.418937 -0.169595 0.033889
220088749 0.169983 1.532436 8.782439 2.499003 -0.172718 -0.019352
240097187 0.213102 1.776775 9.606484 2.488971 -0.182845 -0.022179
260105624 0.342458 2.059441 9.884359 2.476030 -0.205295 -0.034633
280114062 0.251430 2.557701 9.592112 2.356797 -0.260498 -0.026206
300122707 0.035837 3.156570 9.041151 1.977534 -0.335900 -0.003964
320131353 -0.222875 3.760231 8.700994 1.744751 -0.407801 0.025609
340139999 -0.534287 4.229745 8.461446 1.587490 -0.462760 0.063060
360148645 -0.749880 4.517202 8.724948 1.560427 -0.476233 0.085736
380157291 -0.189338 4.354310 9.199253 1.636433 -0.442005 0.020579
400166145 0.869463 4.200999 9.491501 1.740412 -0.415144 -0.091349
420174999 1.794118 4.320773 9.989760 1.896538 -0.402471 -0.177701
440183853 1.813282 5.269383 10.210145 1.361350 -0.470140 -0.175763
460192707 1.137757 7.497178 8.993241 0.612728 -0.691021 -0.125844
480201562 0.639497 10.994576 7.234961 0.381193 -0.986996 -0.088161
500210572 0.385576 15.948426 6.434871 0.169852 -1.186671 -0.059848
520219582 1.161711 21.127451 7.522418 0.043189 -1.225001 -0.153223
540228593 1.990547 25.947153 10.344292 -0.004490 -1.185144 -0.190106
560237603 1.679135 27.317368 12.720607 0.079374 -1.131682 -0.131242
580246614 -0.443259 23.455856 10.478438 0.317369 -1.150332 0.042277
600255728 -5.004251 15.617850 5.289832 1.187730 -1.134512 0.757663
620264843 -7.711141 4.426174 -0.871339 2.106415 -0.518346 1.683316
640273957 -9.603569 -5.788146 -5.480239 1.738334 0.482249 2.089352
660283072 -8.233355 -19.878351 -1.954095 1.370746 1.168339 1.803824
680292187 -3.428025 -42.644978 9.438801 2.648238 1.339530 0.348372
700301301 4.213551 -49.103188 19.648329 3.126080 1.182349 -0.211249
720310416 3.312851 -19.164499 43.861828 2.955951 0.410888 -0.075386
740319530 13.321161 -0.939698 45.744671 -3.025818 0.019720 -0.283370
760328645 29.548132 -6.626564 27.414471 -2.375583 0.162945 -0.822838
780337759 20.244095 -16.352207 7.484090 -2.264118 0.648370 -1.216687
800345884 -5.689357 -15.346106 -10.510744 0.502235 0.909108 2.645461
820354009 -16.828333 -6.152259 -12.527738 1.900089 0.285254 2.210732
840362134 -12.387115 -2.324285 0.134762 1.965159 0.185470 1.559918
860370259 -6.915842 -2.027245 10.238891 2.221740 0.162624 0.594058
880378384 -4.074805 -0.676195 13.956674 2.359968 0.046474 0.284065
900385884 -1.521224 0.214923 14.488469 2.502735 -0.014752 0.104612
920393384 0.304130 0.464053 13.817736 2.522260 -0.033563 -0.022007
940400884 0.936536 0.281996 11.839070 2.625540 -0.023740 -0.078941
960408384 1.703090 0.320324 9.113016 2.823009 -0.034538 -0.184754
980415884 2.392987 -0.034207 7.733220 3.096139 0.004226 -0.300097
1000423384 2.359451 -0.465393 8.164406 3.063196 0.054707 -0.281328
1020430884 1.669553 -0.604331 9.002824 2.879231 0.065906 -0.183365
1040438384 1.070683 -0.949280 9.788541 2.768582 0.096107 -0.108948
1060445884 0.730525 -0.700150 10.344292 2.689225 0.067414 -0.070504
1080453384 -0.342649 -0.197100 10.502393 2.499401 0.018755 0.032614
1100460937 -0.773835 -0.307292 10.622168 2.458969 0.028845 0.072723
1120468489 -0.893609 -0.326455 11.130009 2.505256 0.029229 0.080116
1140476041 -0.912773 -0.230636 11.010235 2.491825 0.020873 0.082713
1160483593 -1.133157 0.176595 10.253263 2.404500 -0.017117 0.110070
1180491145 -0.443259 0.147849 9.865196 2.509912 -0.014971 0.044901
1200498801 0.615542 -0.024625 10.133490 2.737695 0.002426 -0.060669
1220506457 1.152130 -0.187518 9.970597 2.874388 0.018681 -0.115042
1240514114 1.645598 -0.130026 9.520247 3.008353 0.013457 -0.171161
1260521770 2.177394 0.023285 10.358665 3.098078 -0.002200 -0.207184
1280529426 2.484016 -0.451020 11.331229 3.123072 0.038860 -0.215805
1300537187 2.354660 -1.112172 10.823387 -3.073701 0.100072 -0.214215
1320544947 1.377305 -0.791178 9.831659 3.049953 0.079526 -0.139183
1340552707 -0.151011 -0.043789 9.683140 2.673092 0.004522 0.015594
1360560468 -1.300840 -0.163563 9.568156 2.478420 0.016937 0.135127
1380568228 -1.300840 -0.767223 8.562056 2.529305 0.088360 0.150778
1400576093 -1.497270 -0.422275 7.910485 2.445188 0.052402 0.187064
1420583957 -1.832637 0.583826 7.694892 2.232381 -0.073674 0.233807
1440591822 -0.735508 0.818583 7.881740 2.374993 -0.103043 0.093048
1460599687 1.683926 0.090358 8.806395 -3.121730 -0.010078 -0.188936
1480607551 2.828964 -0.058162 9.477128 -2.869589 0.005881 -0.290084
