0 0.163850 0.389115 0.148822 0.014301 1.166512 9.737013 -1.222281 -0.119233 -0.001469
19978282 -0.030924 0.405522 -0.158778 0.040214 1.158991 9.737840 -1.298464 -0.118461 -0.004130
39956563 0.068967 0.442397 0.170075 0.121779 1.162796 9.736707 -1.270522 -0.118852 -0.012507
59934844 0.176839 0.410694 0.106649 0.153246 1.155989 9.737073 -1.191237 -0.118153 -0.015737
79913125 0.023036 0.358387 -0.186928 0.168320 1.136257 9.739146 -1.253185 -0.116127 -0.017281
99891407 -0.161019 0.357173 0.020733 0.160602 1.127542 9.740289 -1.206195 -0.115232 -0.016487
119869688 -0.149429 0.281655 0.269354 0.148703 1.130046 9.740188 -1.213333 -0.115489 -0.015266
139847969 -0.256312 0.261924 0.125599 0.135584 1.134858 9.739820 -1.220070 -0.115983 -0.013920
159826250 -0.144738 0.179637 -0.181173 0.139112 1.126663 9.740722 -1.204649 -0.115142 -0.014281
179804532 0.030936 0.131978 0.256019 0.139112 1.126663 9.740722 -1.191461 -0.115142 -0.014281
199782813 0.039071 -0.076455 1.214960 0.169652 1.130172 9.739832 -1.270473 -0.115502 -0.017417
219761094 -0.076048 -0.323186 1.687782 0.247565 1.185702 9.731557 -1.230198 -0.121205 -0.025434
239739375 0.375947 -0.236723 0.820209 0.501066 1.470635 9.682796 -1.279170 -0.150531 -0.051702
259717657 1.480948 0.659152 -0.793006 0.501066 1.470635 9.682796 -1.220317 -0.150531 -0.051702
279695938 1.832924 1.661441 -1.814513 0.414258 1.615905 9.663729 -1.210436 -0.165531 -0.042841
299674219 0.816038 1.921927 -1.199582 0.309506 1.624467 9.666214 -1.190123 -0.166417 -0.032008
319652500 0.057856 2.186737 -0.315206 0.309506 1.624467 9.666214 -1.206577 -0.166417 -0.032008
339630782 -0.507269 2.918926 -0.067639 0.315263 1.700759 9.652898 -1.272820 -0.174310 -0.032648
359609063 -0.718520 4.206885 -1.737014 0.315263 1.700759 9.652898 -1.214327 -0.174310 -0.032648
379587344 -0.521740 5.231951 -2.803663 0.330356 1.712107 9.650386 -1.145583 -0.175486 -0.034219
399565625 -0.748865 6.086821 -1.123263 0.364143 1.660853 9.658124 -1.221529 -0.170180 -0.037685
419543907 -0.710744 7.280497 0.055043 0.477251 1.620234 9.660097 -1.167488 -0.165979 -0.049364
439522188 0.357574 8.653843 -0.566930 0.660631 1.618502 9.649581 -1.154248 -0.165800 -0.068356
459500469 1.008645 10.206042 0.247472 0.800067 1.555248 9.649428 -1.226808 -0.159264 -0.082724
479478750 0.883854 11.020272 2.663333 0.880243 1.566368 9.640646 -1.212717 -0.160412 -0.091053
499457032 1.545850 10.401704 4.034942 0.919920 1.667712 9.619921 -1.233259 -0.170890 -0.095337
519435313 2.000411 7.569773 1.220880 0.593590 1.713832 9.637469 -1.150054 -0.175664 -0.061514
539413594 4.126027 3.248909 0.179467 0.593590 1.713832 9.637469 -1.241372 -0.175664 -0.061514
559391875 4.537344 -0.744246 6.488411 0.020436 1.636022 9.669199 -1.199046 -0.167612 -0.002114
579370157 5.027152 -5.417267 6.258606 -0.365755 2.135814 9.564252 -1.115628 -0.219552 0.038223
599348438 8.429953 -11.008774 -5.365176 -0.365755 2.135814 9.564252 -1.190768 -0.219552 0.038223
619326719 7.577456 -16.613405 -15.792327 -0.205933 2.331509 9.523236 -1.140068 -0.240046 0.021621
639305000 -3.605414 -19.734978 -12.197621 -0.130988 1.812654 9.636779 -0.989513 -0.185908 0.013592
659283282 -11.034434 -19.075541 3.394017 0.381760 -0.187182 9.797428 -1.067971 0.019088 -0.038946
679261563 -10.400569 -9.817280 12.013322 1.159782 -0.569446 9.721165 -1.195129 0.058100 -0.118744
699239844 -5.691616 -1.951653 7.019396 1.984305 -0.821575 9.568591 -1.132619 0.083876 -0.204479
719218125 2.605912 -3.618251 6.655156 2.341497 -0.737664 9.494400 -1.088676 0.075292 -0.241794
739196407 5.759215 -3.064037 2.862488 2.341497 -0.737664 9.494400 -1.181528 0.075292 -0.241794
759174688 3.177077 -3.010558 -4.981207 1.430073 -0.113875 9.701149 -1.000882 0.011612 -0.146359
779152969 -1.996728 -2.085512 -4.942505 1.430073 -0.113875 9.701149 -1.161966 0.011612 -0.146359
799131250 -3.370569 -0.812468 -3.956420 0.722511 0.233329 9.777214 -1.091206 -0.023795 -0.073763
819109532 -2.540899 -0.444635 -2.687093 0.722511 0.233329 9.777214 -1.121738 -0.023795 -0.073763
839087813 -0.590819 -0.219546 -2.353463 0.786268 0.389682 9.767308 -1.117512 -0.039747 -0.080327
859066094 1.402944 0.603207 -2.303837 0.786268 0.389682 9.767308 -1.131594 -0.039747 -0.080327
879044375 2.252586 0.992504 -2.298927 0.766242 0.288955 9.772398 -1.133705 -0.029470 -0.078249
899022657 1.368048 0.133397 -1.040815 0.766242 0.288955 9.772398 -1.164006 -0.029470 -0.078249
919000938 -0.783068 -0.959790 1.969052 0.711537 0.184100 9.779070 -1.107159 -0.018774 -0.072633
938979219 -1.252600 -1.009575 2.754801 0.642223 0.181583 9.783914 -1.101625 -0.018517 -0.065547
958957500 -0.305176 -0.812077 1.789917 0.642223 0.181583 9.783914 -1.126483 -0.018517 -0.065547
978935782 0.469789 -0.529968 0.616349 0.647667 0.257574 9.781849 -1.119547 -0.026268 -0.066115
998914063 0.994039 -0.099770 -0.318893 0.663111 0.335257 9.778460 -1.164472 -0.034193 -0.067710
1018892344 1.355879 0.337787 -1.270999 0.670800 0.389383 9.775930 -1.156666 -0.039716 -0.068510
1038870625 1.526043 0.388174 -1.182474 0.729335 0.332590 9.773834 -1.111528 -0.033921 -0.074483
1058848907 1.039396 -0.143851 0.420507 0.729335 0.332590 9.773834 -1.125201 -0.033921 -0.074483
1078827188 0.289799 -0.510525 0.869937 0.809214 0.303753 9.768485 -1.108015 -0.030979 -0.082650
1098805469 -0.063755 -0.658334 0.776314 0.862864 0.305363 9.763842 -1.161216 -0.031143 -0.088144
1118783750 -0.592221 -0.587492 1.307827 0.897551 0.383370 9.757961 -1.162444 -0.039103 -0.091723
1138762032 -0.948410 -0.084034 0.237361 0.897551 0.383370 9.757961 -1.132156 -0.039103 -0.091723
1158740313 0.458685 0.210727 -2.081727 0.942561 0.474565 9.749704 -1.135814 -0.048411 -0.096376
1178718594 1.242494 0.069401 -1.754902 0.925688 0.491839 9.750465 -1.139662 -0.050175 -0.094654
1198696875 1.081400 -0.077859 0.185621 0.800840 0.502986 9.760944 -1.149513 -0.051313 -0.081862
1218675157 0.749477 -0.076387 -0.174093 0.800840 0.502986 9.760944 -1.091452 -0.051313 -0.081862
1238653438 0.429056 0.212726 -1.306168 0.729671 0.534030 9.764874 -1.106859 -0.054483 -0.074585
1258631719 0.934154 0.437149 -1.039791 0.729671 0.534030 9.764874 -1.227204 -0.054483 -0.074585
1278610000 1.407111 0.311423 0.048273 0.727960 0.501191 9.766744 -1.074525 -0.051130 -0.074397
1298588282 1.232477 0.283587 0.194833 0.758276 0.482973 9.765354 -1.189616 -0.049269 -0.077494
1318566563 0.851809 0.340251 -0.069852 0.765173 0.462636 9.765800 -1.145625 -0.047193 -0.078193
1338544844 0.451573 -0.000862 0.360492 0.624783 0.353138 9.780354 -1.123342 -0.036018 -0.063795
1358523125 -0.108122 0.049186 0.199443 0.551350 0.278429 9.787179 -1.168430 -0.028396 -0.056274
1378501407 -0.804146 -0.132065 -0.056140 0.551350 0.278429 9.787179 -1.096501 -0.028396 -0.056274
1398479688 -1.012656 -0.115054 0.169854 0.547893 0.195443 9.789382 -1.194139 -0.019931 -0.055910
1418457969 -0.413111 -0.113487 -0.457475 0.589059 0.134758 9.788014 -1.180493 -0.013742 -0.060109
1438436250 -0.201894 0.184097 -1.033422 0.694864 -0.002738 9.782001 -1.136893 0.000279 -0.070916
1458414532 0.250142 0.124129 -0.910490 0.737044 -0.092205 9.778479 -1.121395 0.009402 -0.075232
1478392813 0.688207 -0.084358 0.025473 0.754266 -0.157463 9.776333 -1.147467 0.016057 -0.077000
1498371094 0.658986 -0.312464 0.716034 0.754266 -0.157463 9.776333 -1.149333 0.016057 -0.077000
