0 0.007876 0.020367 0.144578 0.454510 0.154372 9.794895 -2.712798 -0.015742 -0.046369
19978802 -0.326498 -0.043077 -0.047704 0.425557 0.157987 9.796139 -2.708678 -0.016111 -0.043414
39957604 -0.362600 -0.025784 -0.162010 0.383796 0.166008 9.797731 -2.689725 -0.016929 -0.039152
59936406 -0.071647 0.251187 -0.281375 0.383796 0.166008 9.797731 -2.673729 -0.016929 -0.039152
79915208 0.378011 0.519407 -0.253713 0.390344 0.171943 9.797370 -2.706940 -0.017534 -0.039821
99894010 0.602401 0.772191 -0.487633 0.401078 0.181872 9.796757 -2.635278 -0.018547 -0.040917
119872812 0.222605 0.710618 -0.347684 0.379970 0.173070 9.797758 -2.626553 -0.017649 -0.038762
139851615 0.018395 0.675062 0.127074 0.379970 0.173070 9.797758 -2.694028 -0.017649 -0.038762
159830417 0.377698 0.694340 0.336535 0.392556 0.170168 9.797313 -2.677298 -0.017353 -0.040046
179809219 0.565831 0.962258 0.283749 0.438860 0.237995 9.793934 -2.603431 -0.024271 -0.044779
199788021 0.308070 1.279970 -0.241448 0.433083 0.280197 9.793075 -2.624943 -0.028576 -0.044195
219766823 -0.417812 1.474307 -1.035646 0.433083 0.280197 9.793075 -2.620848 -0.028576 -0.044195
239745625 -0.923602 2.116059 -1.477670 0.430933 0.311619 9.792220 -2.619517 -0.031782 -0.043979
259724427 -1.243293 3.188238 -0.668139 0.463216 0.297508 9.791185 -2.660074 -0.030342 -0.047274
279703229 -1.440755 4.783205 0.947273 0.510691 0.264569 9.789769 -2.685819 -0.026982 -0.052119
299682031 -0.877513 7.284576 1.331101 0.521198 0.284306 9.788663 -2.600086 -0.028995 -0.053195
319660833 1.775974 10.245798 -0.255779 0.450033 0.351591 9.790007 -2.623117 -0.035860 -0.045936
339639635 4.598787 11.654716 -0.609649 0.285555 0.380289 9.795112 -2.632915 -0.038788 -0.029145
359618437 3.075669 12.049652 0.513610 0.143752 0.321651 9.800319 -2.656139 -0.032805 -0.014667
379597240 1.572436 10.883997 -0.234499 0.041306 0.227153 9.803932 -2.517640 -0.023165 -0.004213
399576042 0.545710 8.930134 -0.780953 -0.181822 0.033543 9.804907 -2.654466 -0.003420 0.018542
419554844 0.352453 6.194790 -1.463679 -0.181822 0.033543 9.804907 -2.631342 -0.003420 0.018542
439533646 6.183053 -2.243004 -4.230381 -0.141425 -0.068836 9.805388 -2.628413 0.007019 0.014422
459512448 8.558067 -9.687539 1.747638 -0.015044 -0.482232 9.794775 -2.648050 0.049194 0.001536
479491250 3.529844 -11.512930 10.055137 0.375523 -0.915130 9.756635 -2.665458 0.093453 -0.038470
499470052 1.816534 -14.550418 3.539120 1.405649 -0.685554 9.681144 -2.507981 0.069964 -0.144187
519448854 2.483525 -17.336746 -6.524676 1.405649 -0.685554 9.681144 -2.507981 0.069964 -0.144187
539427656 2.199105 -17.714455 -10.228461 1.871537 -1.280142 9.540910 -2.443933 0.130912 -0.193700
559406458 -5.192846 -9.405177 -2.833020 1.824280 -1.905271 9.445229 -2.466132 0.195527 -0.190794
579385260 -10.216521 -4.183766 8.617072 1.931675 -2.367155 9.318562 -2.434169 0.243790 -0.204398
599364062 -7.496729 -6.806549 19.397552 1.931675 -2.367155 9.318562 -2.434169 0.243790 -0.204398
619342865 -1.205538 -6.939001 11.776227 1.912036 -1.195469 9.543865 -2.544505 0.122208 -0.197724
639321667 2.274391 -5.489003 -4.874603 1.912036 -1.195469 9.543865 -2.544505 0.122208 -0.197724
659300469 3.277843 -2.756125 -13.248182 1.651701 -0.422482 9.657317 -2.517205 0.043095 -0.169392
679279219 2.777336 0.461035 -11.304331 1.304515 -0.061850 9.719300 -2.525569 0.006307 -0.133422
699257969 1.531851 1.044725 -6.458958 0.983548 -0.000979 9.757204 -2.518426 0.000100 -0.100463
719236719 -0.091645 0.383049 -3.933285 1.028658 -0.107394 9.751960 -2.486268 0.010951 -0.105094
739215469 -0.780603 -0.625275 -2.381370 1.028658 -0.107394 9.751960 -2.486268 0.010951 -0.105094
759194219 -1.056501 -1.053084 0.148469 1.197317 -0.395861 9.725231 -2.524614 0.040378 -0.122498
779172969 -1.046539 -0.916995 1.654571 1.254326 -0.451009 9.715639 -2.508587 0.046006 -0.128394
799151719 0.140022 -0.603143 1.376305 1.254326 -0.451009 9.715639 -2.517024 0.046006 -0.128394
819130469 1.126395 0.101660 0.793555 1.322993 -0.434045 9.707301 -2.609106 0.044275 -0.135454
839109219 1.251168 0.030571 0.265777 1.322993 -0.434045 9.707301 -2.539854 0.044275 -0.135454
859087969 0.836412 -0.258849 -0.127987 1.330111 -0.423031 9.706814 -2.506932 0.043151 -0.136180
879066719 0.586441 -0.096767 -0.050761 1.330111 -0.423031 9.706814 -2.522183 0.043151 -0.136180
899045469 0.608730 0.111833 0.784791 1.230111 -0.439202 9.719275 -2.495384 0.044801 -0.125895
919024219 0.418211 -0.064079 1.157260 1.230111 -0.439202 9.719275 -2.534001 0.044801 -0.125895
939002969 0.147325 -0.068542 0.551909 1.237912 -0.416043 9.719304 -2.530563 0.042437 -0.126684
958981719 -0.141869 -0.022941 0.317082 1.254719 -0.392005 9.718148 -2.488649 0.039984 -0.128401
978960469 -0.146884 -0.284292 0.728641 1.270830 -0.375062 9.716722 -2.575376 0.038255 -0.130050
998939219 -0.023026 -0.303298 0.860891 1.304517 -0.338324 9.713607 -2.514376 0.034506 -0.133499
1018917969 -0.105287 -0.244495 -0.255444 1.407410 -0.208877 9.702884 -2.557136 0.021301 -0.144046
1038896719 -0.113519 -0.142176 -1.377733 1.387653 -0.186511 9.706185 -2.395007 0.019020 -0.142004
1058875469 0.155983 0.165625 -1.102163 1.387653 -0.186511 9.706185 -2.546122 0.019020 -0.142004
1078854219 0.570288 0.352405 -0.483154 1.360919 -0.178076 9.710128 -2.495165 0.018160 -0.139248
1098832969 0.559525 0.154680 -0.740676 1.343164 -0.196241 9.712250 -2.484338 0.020012 -0.137424
1118811719 0.341021 0.186313 -0.710003 1.343164 -0.196241 9.712250 -2.536122 0.020012 -0.137424
1138790469 0.061107 -0.086477 0.074869 1.319448 -0.257794 9.714061 -2.477108 0.026291 -0.135002
1158769219 -0.156356 -0.331831 0.512576 1.316149 -0.251845 9.714664 -2.482699 0.025684 -0.134661
1178747969 -0.145059 -0.431990 0.255202 1.316149 -0.251845 9.714664 -2.482699 0.025684 -0.134661
1198726719 -0.446591 -0.400298 -0.247319 1.338515 -0.232854 9.712083 -2.469508 0.023747 -0.136957
1218705469 -0.553600 -0.570753 -0.493034 1.335575 -0.237991 9.712362 -2.495048 0.024271 -0.136656
1238684271 -0.551188 -0.599725 -0.486810 1.212065 -0.252399 9.728185 -2.542255 0.025740 -0.123954
1258663073 -0.251528 0.012676 -0.133946 1.107495 -0.261283 9.740409 -2.427536 0.026647 -0.113215
1278641875 0.395881 0.326317 0.064071 1.082512 -0.263529 9.743156 -2.494809 0.026876 -0.110651
1298620729 0.671923 0.286327 -0.160804 1.082512 -0.263529 9.743156 -2.494809 0.026876 -0.110651
1318599583 0.421563 0.021825 -0.266342 1.192674 -0.275447 9.729956 -2.554216 0.028091 -0.121969
1338578437 0.107375 -0.027066 -0.115647 1.192674 -0.275447 9.729956 -2.554216 0.028091 -0.121969
1358557292 0.257586 -0.277512 0.205802 1.295702 -0.273096 9.716840 -2.525920 0.027852 -0.132564
1378536146 0.851742 -0.305255 0.615526 1.382538 -0.240015 9.705739 -2.508027 0.024477 -0.141494
1398515000 1.059799 -0.024169 0.426792 1.462579 -0.194649 9.695017 -2.527228 0.019850 -0.149730
1418493854 0.659447 0.086945 -0.154451 1.484778 -0.176170 9.691996 -2.514279 0.017965 -0.152014
1438472708 0.661758 0.169400 0.344284 1.501514 -0.182005 9.689309 -2.512323 0.018560 -0.153743
1458451562 1.439039 0.134383 1.662282 1.503754 -0.170634 9.689169 -2.484775 0.017401 -0.153971
1478430417 1.380228 -0.799260 2.144075 1.343454 -0.112910 9.713535 -2.520559 0.011514 -0.137436
1498409271 0.181303 -1.942239 1.462801 1.343454 -0.112910 9.713535 -2.394838 0.011514 -0.137436
