0 0.065942 -0.318839 0.782823 -0.001376 -0.223395 9.804106 0.741976 0.022782 0.000140
19983646 -0.314888 -0.017747 0.164227 0.005842 -0.234745 9.803839 0.920535 0.023940 -0.000596
39967292 -0.688238 0.397621 0.883744 0.005842 -0.234745 9.803839 0.901588 0.023940 -0.000596
59950938 -0.645604 0.334019 1.234424 0.022447 -0.252556 9.803371 0.994201 0.025756 -0.002290
79934583 -0.265646 0.107079 0.724891 0.051970 -0.243801 9.803482 1.050622 0.024863 -0.005301
99918229 -0.059898 0.065622 0.098979 0.086759 -0.212889 9.803954 0.855591 0.021710 -0.008849
119901875 -0.017523 0.144214 0.131869 0.116057 -0.187942 9.804162 0.949629 0.019166 -0.011837
139885521 -0.139160 0.287954 0.202779 0.169473 -0.143912 9.804130 0.869676 0.014675 -0.017284
159869167 -0.196208 0.508348 0.273368 0.169473 -0.143912 9.804130 0.965827 0.014675 -0.017284
179852813 -0.162624 1.082347 0.267493 0.195610 -0.110038 9.804082 0.922441 0.011221 -0.019949
199836458 -0.674123 2.330733 -0.403229 0.224559 -0.063147 9.803875 0.888096 0.006439 -0.022901
219820104 -0.526376 3.468560 -0.634971 0.242817 -0.024800 9.803613 0.885668 0.002529 -0.024763
239803750 0.227044 3.608542 -0.356709 0.160177 0.058869 9.805165 1.021931 -0.006003 -0.016335
259787396 0.019360 4.289065 0.094873 0.160177 0.058869 9.805165 0.789604 -0.006003 -0.016335
279771042 -1.749213 6.732883 -0.017402 -0.193173 0.232452 9.801991 0.833295 -0.023706 0.019705
299754688 -2.537213 9.574287 0.404026 -0.410914 0.302139 9.793378 0.871236 -0.030814 0.041934
319738333 -2.235606 11.426751 2.559077 -0.583911 0.404733 9.780881 0.912248 -0.041283 0.059628
339721979 -0.745740 13.367686 4.691907 -0.583911 0.404733 9.780881 0.883442 -0.041283 0.059628
359705625 0.104460 14.241327 3.162539 -0.606215 0.605275 9.769162 0.832883 -0.061760 0.061975
379689271 -0.952896 13.578064 -1.009968 -0.408973 1.103840 9.735741 0.675335 -0.112799 0.041983
399672917 -2.268369 9.785837 -1.741387 -0.524008 1.310827 9.704511 0.737112 -0.134068 0.053944
419656563 -1.883148 2.203174 1.219749 -0.524008 1.310827 9.704511 0.580334 -0.134068 0.053944
439640208 1.570641 -4.420094 2.213350 -0.712742 1.548320 9.657385 0.508748 -0.158548 0.073669
459623854 3.675106 -7.682335 -2.531676 -0.471742 1.874558 9.614254 0.377172 -0.192335 0.049028
479607500 -0.063527 -9.523318 -8.652076 -0.471742 1.874558 9.614254 0.521162 -0.192335 0.049028
499591146 -3.858933 -10.370318 -4.380603 0.237222 1.005374 9.752094 0.336389 -0.102700 -0.024320
519574792 -8.007705 -12.437551 -3.727117 0.237222 1.005374 9.752094 0.398911 -0.102700 -0.024320
539558438 -7.724824 -15.670201 -7.505899 -0.090965 0.225159 9.803643 0.406174 -0.022962 0.009278
559542083 -3.646464 -15.608822 -2.977818 -0.090965 0.225159 9.803643 0.262600 -0.022962 0.009278
579525729 2.024547 -12.803809 4.831327 -0.624799 -0.354952 9.780287 0.209578 0.036203 0.063797
599509375 4.913732 -8.981749 10.195856 -0.869961 -1.340976 9.675502 0.418055 0.137171 0.089673
619493021 3.443590 -5.192275 10.101982 -0.805794 -1.261392 9.691748 0.384047 0.128984 0.082952
639476667 1.144921 -2.570712 2.583634 -0.805794 -1.261392 9.691748 0.459529 0.128984 0.082952
659460313 -1.459959 -1.458900 -2.074605 -0.827311 -0.926249 9.727692 0.544434 0.094592 0.084843
679443958 -2.866078 -0.493850 -2.879465 -0.925795 -0.580783 9.745563 0.417638 0.059258 0.094712
699427604 -2.501715 0.251567 -2.902810 -0.907772 -0.342585 9.758533 0.456690 0.034941 0.092756
719411250 -2.191985 1.111458 -3.074463 -0.737909 -0.217969 9.776419 0.511052 0.022229 0.075336
739394896 -1.318098 1.364877 -3.111043 -0.399048 -0.162364 9.797183 0.384200 0.016557 0.040708
759378542 -0.358977 1.247682 -2.352676 -0.356838 -0.201540 9.798082 0.568621 0.020553 0.036403
779362188 -0.030784 0.194981 -0.852432 -0.356838 -0.201540 9.798082 0.479247 0.020553 0.036403
799345833 0.306789 -0.617909 0.436485 -0.521633 -0.245726 9.789684 0.535270 0.025060 0.053234
819329479 0.672099 -0.251306 0.560069 -0.521633 -0.245726 9.789684 0.395690 0.025060 0.053234
839313125 -0.151218 0.102441 0.534723 -0.661440 -0.220657 9.781830 0.539851 0.022503 0.067516
859296823 -1.092421 0.677589 0.330976 -0.661440 -0.220657 9.781830 0.599848 0.022503 0.067516
879280573 -1.383659 1.173767 0.020616 -0.790927 -0.155731 9.773462 0.520312 0.015881 0.080750
899264323 -1.123833 1.197645 -0.096140 -0.790927 -0.155731 9.773462 0.433191 0.015881 0.080750
919248073 -1.192496 0.628995 0.609853 -0.802281 -0.157089 9.772515 0.526611 0.016019 0.081912
939231823 -0.578150 0.210722 0.658422 -0.694150 -0.177349 9.780445 0.484791 0.018086 0.070854
959215573 -0.081380 0.016917 0.041521 -0.694150 -0.177349 9.780445 0.603608 0.018086 0.070854
979199323 0.016661 -0.271260 0.012197 -0.552199 -0.213894 9.788754 0.453703 0.021813 0.056352
999183073 0.153205 -0.583899 0.247582 -0.426116 -0.254325 9.794086 0.589648 0.025937 0.043480
1019166823 0.457081 -0.511954 0.556351 -0.331648 -0.282101 9.796980 0.526576 0.028770 0.033839
1039150573 0.314526 -0.546391 0.527595 -0.187122 -0.261757 9.801370 0.519699 0.026695 0.019089
1059134323 0.038820 -0.571170 0.177781 -0.140910 -0.231868 9.802896 0.439489 0.023646 0.014373
1079118073 0.026142 -0.635774 0.180586 -0.140910 -0.231868 9.802896 0.400716 0.023646 0.014373
1099101823 -0.029961 -0.474881 0.295604 -0.095614 -0.166980 9.804762 0.476168 0.017028 0.009752
1119085573 -0.532245 -0.726237 0.126608 -0.098800 -0.123607 9.805373 0.480015 0.012605 0.010076
1139069323 -1.102999 -1.204423 -0.544051 -0.100610 -0.110044 9.805516 0.513791 0.011222 0.010260
1159053073 0.439121 -1.420932 -1.379475 -0.075898 -0.189082 9.804534 0.569104 0.019282 0.007741
1179036719 1.673304 -1.803967 -2.966996 -0.154113 -0.410239 9.796853 0.472057 0.041845 0.015730
1199020365 0.533822 -2.549638 -0.821079 -0.368366 -0.710428 9.773945 0.522381 0.072507 0.037671
1219004010 -0.484044 -1.091415 6.149460 -0.459255 -0.869477 9.757228 0.519232 0.088778 0.047033
1238987656 -0.945647 -0.841861 6.663342 -0.369253 -0.818702 9.765437 0.526488 0.083582 0.037794
1258971302 -1.336760 -1.005744 3.399207 -0.369253 -0.818702 9.765437 0.531944 0.083582 0.037794
1278954948 -1.493549 -0.761380 0.282218 -0.087886 -0.441050 9.796332 0.582256 0.044990 0.008971
1298938594 -0.917903 -0.613875 -1.117229 0.041237 -0.286317 9.802382 0.592517 0.029200 -0.004207
1318922240 -0.173438 -0.579974 -1.235044 0.157342 -0.152059 9.804208 0.456327 0.015506 -0.016047
1338905885 0.006986 -0.643675 -1.438269 0.157342 -0.152059 9.804208 0.592133 0.015506 -0.016047
1358889531 -0.297551 -0.690020 -1.460284 0.233779 -0.018250 9.803847 0.513098 0.001861 -0.023841
1378873177 -0.681437 -0.594018 -1.609179 0.268022 0.129634 9.802130 0.413473 -0.013219 -0.027336
1398856823 -0.564480 -0.032736 -1.584653 0.261625 0.293636 9.798760 0.551646 -0.029947 -0.026693
1418840469 -0.176400 -0.186819 -2.168268 0.218797 0.493566 9.791777 0.676461 -0.050351 -0.022341
1438824115 0.356122 -0.708752 -2.675690 0.049136 0.906889 9.764503 0.589821 -0.092609 -0.005032
1458807760 0.691402 -1.076656 -3.075147 -0.057394 1.064997 9.748481 0.566062 -0.108814 0.005887
1478791406 0.669843 -0.528263 -3.215296 -0.144940 1.156856 9.737098 0.529059 -0.118242 0.014884
