0 0.055824 -0.237957 -0.228438 1.161032 0.662734 9.715100 -2.702215 -0.067632 -0.118944
19978698 0.517633 0.066317 -1.507305 1.390602 0.801135 9.674440 -2.623333 -0.081784 -0.142762
39957396 0.475152 0.399469 -1.286902 1.390602 0.801135 9.674440 -2.726139 -0.081784 -0.142762
59936094 0.314276 0.431298 -0.725565 1.262878 0.732979 9.697333 -2.717713 -0.074813 -0.129501
79914792 0.351087 0.256064 -0.039804 1.262878 0.732979 9.697333 -2.728020 -0.074813 -0.129501
99893490 0.350217 0.264875 0.212597 1.109630 0.663570 9.721047 -2.721713 -0.067717 -0.113655
119872188 0.460639 0.381598 -0.391804 1.026968 0.618178 9.733118 -2.668696 -0.063078 -0.105124
139850886 0.256266 0.364517 -0.278255 1.026968 0.618178 9.733118 -2.696189 -0.063078 -0.105124
159829584 -0.024308 0.342885 0.420462 0.937948 0.562679 9.745461 -2.714410 -0.057409 -0.095949
179808282 -0.340627 0.272638 0.732686 0.804240 0.534062 9.759014 -2.658554 -0.054486 -0.082224
199786980 -0.214092 0.119214 0.227799 0.804240 0.534062 9.759014 -2.670679 -0.054486 -0.082224
219765677 0.631403 -0.051362 0.192120 0.729303 0.538973 9.764630 -2.725828 -0.054988 -0.074550
239744375 1.820125 -0.082150 0.280881 0.639489 0.546697 9.770494 -2.668818 -0.055776 -0.065358
259723073 1.692106 0.133125 -0.021422 0.541691 0.558370 9.775744 -2.701154 -0.056969 -0.055355
279701771 0.552053 0.318824 -0.329955 0.331410 0.574491 9.784198 -2.695816 -0.058615 -0.033859
299680469 0.196721 0.651940 -0.381886 0.331410 0.574491 9.784198 -2.684345 -0.058615 -0.033859
319659167 0.649770 1.182640 -0.480819 0.295608 0.573244 9.785418 -2.649924 -0.058488 -0.030200
339637865 0.826476 2.102295 -0.775578 0.295608 0.573244 9.785418 -2.680107 -0.058488 -0.030200
359616563 -0.627274 2.920142 0.018829 0.395546 0.487572 9.786531 -2.743883 -0.049739 -0.040395
379595261 -1.677606 3.915267 1.333600 0.498338 0.483768 9.782025 -2.646446 -0.049351 -0.050900
399573959 -1.124058 5.403326 2.461849 0.548356 0.552922 9.775682 -2.653892 -0.056412 -0.056035
419552657 -0.453244 6.878698 0.783702 0.489798 0.601287 9.775937 -2.697201 -0.061353 -0.050061
439531355 -0.448484 7.694664 0.239811 0.412158 0.594715 9.779919 -2.660835 -0.060681 -0.042118
459510105 -0.190729 8.525043 1.451951 0.311096 0.578047 9.784655 -2.703826 -0.058979 -0.031784
479488855 -1.557219 10.258672 2.878315 0.311096 0.578047 9.784655 -2.664109 -0.058979 -0.031784
499467605 -1.740087 10.944319 4.068283 0.070749 0.623966 9.786523 -2.634773 -0.063670 -0.007229
519446355 -0.307707 8.053926 6.420598 0.195446 0.757610 9.775388 -2.664110 -0.077332 -0.019991
539425105 1.689169 3.773912 8.692386 0.467889 1.009056 9.743370 -2.646939 -0.103077 -0.047984
559403855 -1.996225 3.369949 6.396950 0.415040 1.407175 9.696288 -2.651172 -0.143989 -0.042778
579382605 -4.073598 1.600233 -0.526135 0.415040 1.407175 9.696288 -2.613518 -0.143989 -0.042778
599361355 6.445697 -4.427489 -9.624340 -0.574266 1.977920 9.587933 -2.631732 -0.203085 0.059823
619340105 16.875582 -13.184135 -11.696631 -0.574266 1.977920 9.587933 -2.591942 -0.203085 0.059823
639318855 14.956621 -21.322271 -9.159713 -0.171753 1.148049 9.737703 -2.586389 -0.117337 0.017636
659297605 2.668390 -28.640680 -12.416084 -0.171753 1.148049 9.737703 -2.386296 -0.117337 0.017636
679276355 -15.640755 -12.785243 3.867517 0.902649 -1.621365 9.629475 -2.523862 0.166096 -0.093465
699255105 -21.599155 -10.435278 43.685108 1.886223 -1.261409 9.540513 -2.493913 0.128985 -0.195189
719233855 -6.265544 -12.147388 28.846550 1.886223 -1.261409 9.540513 -2.722110 0.128985 -0.195189
739212605 11.794933 -7.471922 -21.614443 1.045714 0.726065 9.723666 -2.647717 -0.074106 -0.107131
759191355 9.696017 -2.329483 -16.954388 1.045714 0.726065 9.723666 -2.554884 -0.074106 -0.107131
779170105 4.628064 1.401979 -12.727075 0.267406 1.172574 9.732623 -2.620031 -0.119856 -0.027468
799148855 -2.647024 1.164531 -17.505276 0.009680 1.081988 9.746773 -2.635422 -0.110557 -0.000993
819127605 -5.089188 -1.636904 -6.544763 0.307107 0.751631 9.772980 -2.662668 -0.076720 -0.031414
839106355 -3.518547 -1.899474 3.262059 0.307107 0.751631 9.772980 -2.646241 -0.076720 -0.031414
859085105 -0.513470 -1.468107 2.867513 1.003924 0.596985 9.736844 -2.613153 -0.060913 -0.102743
879063855 1.974550 0.196391 0.599701 1.003924 0.596985 9.736844 -2.669502 -0.060913 -0.102743
899042605 3.947023 1.352957 -0.752438 1.031233 0.589779 9.734429 -2.587806 -0.060177 -0.105543
919021355 2.386959 1.130292 -1.932045 0.929304 0.468603 9.751266 -2.617769 -0.047802 -0.095014
939000105 -0.169916 0.066146 -0.726584 0.929304 0.468603 9.751266 -2.663906 -0.047802 -0.095014
958978855 -1.222902 -0.862956 2.292855 0.923249 0.347190 9.756918 -2.589864 -0.035411 -0.094344
978957605 -0.631103 -0.606215 2.671734 1.000249 0.299251 9.750916 -2.632390 -0.030520 -0.102222
998936355 0.630666 -0.175108 0.978065 1.022293 0.313786 9.748172 -2.631828 -0.032003 -0.104488
1018915105 1.508771 0.145273 0.274313 1.022293 0.313786 9.748172 -2.667508 -0.032003 -0.104488
1038893855 1.378890 0.331279 -0.345521 1.070019 0.305480 9.743312 -2.705830 -0.031155 -0.109383
1058872605 1.125365 0.256338 -0.364720 1.069747 0.264801 9.744532 -2.653677 -0.027005 -0.109341
1078851355 1.004435 0.001851 0.566313 1.031590 0.240934 9.749265 -2.609581 -0.024571 -0.105420
1098830105 0.139132 -0.136738 1.183869 1.031590 0.240934 9.749265 -2.679027 -0.024571 -0.105420
1118808855 -0.464152 -0.141059 1.053054 0.990127 0.245299 9.753454 -2.614032 -0.025016 -0.101169
1138787605 0.260394 0.108634 0.247182 0.963643 0.307316 9.754350 -2.651051 -0.031343 -0.098472
1158766355 0.814801 0.206203 -0.821918 0.965374 0.315386 9.753921 -2.596458 -0.032166 -0.098652
1178745105 0.711398 0.227106 -0.856264 0.965374 0.315386 9.753921 -2.602293 -0.032166 -0.098652
1198723855 0.796029 0.168209 -0.522916 0.980190 0.290902 9.753204 -2.636240 -0.029668 -0.100163
1218702605 0.501878 0.122239 -0.131807 1.011375 0.274337 9.750500 -2.610358 -0.027978 -0.103356
1238681355 -0.037754 0.097417 0.351236 1.067833 0.265432 9.744725 -2.653940 -0.027070 -0.109145
1258660105 0.024729 -0.030319 0.173473 1.067833 0.265432 9.744725 -2.620358 -0.027070 -0.109145
1278638855 0.124213 -0.184988 0.269714 1.131791 0.260238 9.737644 -2.631706 -0.026540 -0.115709
1298617605 0.353982 -0.003801 0.383430 1.136608 0.270795 9.736794 -2.615219 -0.027617 -0.116207
1318596355 0.483889 0.215899 0.526390 1.150296 0.290863 9.734609 -2.636797 -0.029664 -0.117620
1338575105 0.391021 0.070300 0.494811 1.150296 0.290863 9.734609 -2.620868 -0.029664 -0.117620
1358553855 0.026512 -0.149358 0.603328 1.142115 0.316995 9.734756 -2.684105 -0.032330 -0.116789
1378532605 -0.273001 -0.037997 0.653285 1.168606 0.407210 9.728254 -2.600669 -0.041536 -0.119552
1398511355 -0.280274 -0.067176 0.894073 1.224043 0.485193 9.717854 -2.514600 -0.049496 -0.125298
1418490105 0.129535 -0.215435 0.858608 1.274299 0.586680 9.705790 -2.647830 -0.059860 -0.130546
1438468855 0.583492 -0.325909 -0.376435 1.265998 0.669620 9.701507 -2.588908 -0.068335 -0.129762
1458447605 0.196437 -0.125467 -1.679289 1.188287 0.695287 9.709528 -2.622681 -0.070959 -0.121778
1478426355 -0.282619 0.334671 -1.614494 1.188287 0.695287 9.709528 -2.579625 -0.070959 -0.121778
1498405105 -0.300338 0.314542 -0.728193 1.212563 0.657975 9.709127 -2.523401 -0.067145 -0.124246
