0 -0.181583 -0.331678 1.175879 -0.629083 1.057634 9.729135 -1.289008 -0.108059 0.064570
19985104 0.128011 -0.476414 0.908066 -0.572691 1.020503 9.736580 -1.217654 -0.104251 0.058751
39970208 0.076534 -0.310751 0.327629 -0.509755 1.006476 9.741536 -1.251676 -0.102813 0.052280
59955313 0.132134 -0.132247 0.006996 -0.465208 1.014424 9.742942 -1.291464 -0.103628 0.047712
79940417 0.290281 -0.178127 0.049143 -0.474982 1.024520 9.741414 -1.274666 -0.104663 0.048720
99925521 0.396859 -0.120526 0.193729 -0.483437 1.036488 9.739732 -1.238856 -0.105890 0.049595
119910625 0.342095 -0.032866 0.153131 -0.483437 1.036488 9.739732 -1.218253 -0.105890 0.049595
139895729 0.291711 0.073037 -0.009916 -0.476442 1.047135 9.738937 -1.224224 -0.106982 0.048882
159880833 0.334050 0.176483 0.191502 -0.461770 1.051500 9.739174 -1.273851 -0.107430 0.047378
179865938 0.421020 0.217750 0.295016 -0.448769 1.067973 9.737989 -1.378545 -0.109119 0.046052
199851042 0.404186 0.338315 0.292147 -0.447012 1.108601 9.733528 -1.183706 -0.113288 0.045893
219836146 0.174567 0.162429 -0.228219 -0.451735 1.178138 9.725139 -1.215274 -0.120428 0.046417
239821250 0.129170 0.279358 -0.725658 -0.508374 1.294524 9.707531 -1.199523 -0.132391 0.052321
259806354 -0.219117 0.856316 -0.546157 -0.508374 1.294524 9.707531 -1.163978 -0.132391 0.052321
279791458 -0.362067 1.034482 -0.143878 -0.522127 1.290296 9.707363 -1.222260 -0.131956 0.053735
299776563 -0.038549 1.232503 0.207865 -0.479116 1.250442 9.714794 -1.210337 -0.127858 0.049278
319761667 0.274118 2.000243 0.051924 -0.237105 1.166929 9.734087 -1.206091 -0.119276 0.024353
339746771 0.192743 3.223736 -0.464605 -0.149612 1.165154 9.736037 -1.184807 -0.119094 0.015366
359731875 0.092483 4.535885 -0.397676 -0.159684 1.228879 9.728039 -1.147083 -0.125641 0.016413
379716979 -0.371335 6.202359 -0.254215 -0.159684 1.228879 9.728039 -1.232401 -0.125641 0.016413
399702083 -1.400232 8.148526 -1.137955 -0.331917 1.517462 9.682848 -1.235178 -0.155362 0.034265
419687188 -1.646390 10.299688 -1.955308 -0.331917 1.517462 9.682848 -1.227180 -0.155362 0.034265
439672292 -0.420252 12.962320 -0.596147 -0.407922 1.595424 9.667399 -1.173431 -0.163414 0.042171
459657396 -0.379272 17.302137 3.801841 -0.468003 1.585630 9.666288 -1.165296 -0.162402 0.048378
479642448 -2.617720 20.177181 5.911255 -0.183810 1.671911 9.661331 -1.150549 -0.171324 0.019023
499627448 -2.848344 18.504295 3.072290 -0.183810 1.671911 9.661331 -1.133405 -0.171324 0.019023
519612448 -4.421542 12.299944 -3.896711 0.242665 1.809100 9.635282 -1.253629 -0.185540 -0.025180
539597448 -7.030538 0.144464 -13.670677 0.497071 2.043785 9.578425 -1.074803 -0.209947 -0.051848
559582448 -10.994696 -17.595802 -20.216185 0.464592 2.083285 9.571545 -0.991400 -0.214067 -0.048501
579567448 -3.302767 -37.777027 -11.472919 0.048343 1.494969 9.691910 -1.014265 -0.153041 -0.004988
599552448 9.985733 -43.938374 5.647636 -0.489027 0.192018 9.792566 -1.019547 -0.019582 0.049897
619537448 12.195457 -26.296583 24.176521 -1.046881 -1.232036 9.672462 -1.168404 0.125966 0.107813
639522448 3.674804 -10.981352 22.036222 -1.529891 -1.870246 9.504315 -1.233718 0.191887 0.159599
659507448 -6.994642 -3.590350 11.107988 -2.225443 -0.980600 9.500327 -1.231493 0.100161 0.230100
679492448 -11.866377 -0.908591 0.130274 -2.225443 -0.980600 9.500327 -1.544011 0.100161 0.230100
699477448 -9.362449 -1.926467 -6.985461 -2.087789 -0.303857 9.577014 -1.199027 0.030990 0.214642
719462448 -3.182204 -3.882845 -7.941458 -1.708437 0.223607 9.654099 -1.236360 -0.022804 0.175152
739447448 1.827664 -4.242177 -6.965947 -0.621349 0.730806 9.759622 -1.208350 -0.074591 0.063579
759432448 3.399975 -2.052889 -7.708824 -0.273089 0.847197 9.766170 -1.215186 -0.086498 0.027955
779417448 2.218704 -0.064571 -6.140259 -0.213244 0.915072 9.761535 -1.218366 -0.093447 0.021842
799402448 1.264483 0.346240 -3.488889 -0.290266 0.959096 9.755321 -1.196785 -0.097957 0.029746
819387448 0.463814 0.346831 -1.886326 -0.415965 1.012732 9.745344 -1.233885 -0.103454 0.042658
839372552 -0.403184 0.466621 -1.878251 -0.415965 1.012732 9.745344 -1.233885 -0.103454 0.042658
859357656 -0.877934 0.617809 -1.591623 -0.642119 1.062692 9.727731 -1.236696 -0.108578 0.065914
879342761 -0.920558 0.517705 -1.339518 -0.696457 1.021558 9.728400 -1.181138 -0.104359 0.071468
899327865 -0.185749 -0.304452 -0.575281 -0.710635 0.959217 9.733719 -1.198382 -0.097970 0.072878
919312969 0.084424 -0.558834 -0.174936 -0.710635 0.959217 9.733719 -1.130744 -0.097970 0.072878
939298073 -0.344935 -0.335137 -0.379011 -0.702471 0.852125 9.744271 -1.248828 -0.087002 0.071966
959283177 -0.478565 -0.369502 -0.904587 -0.715479 0.804734 9.747352 -1.261891 -0.082152 0.073271
979268281 0.244203 -0.540219 -0.724505 -0.715479 0.804734 9.747352 -1.190974 -0.082152 0.073271
999253386 0.355097 -0.843039 -0.178190 -0.796187 0.726545 9.747236 -1.204762 -0.074155 0.081502
1019238490 0.506056 -1.145850 0.195992 -0.796187 0.726545 9.747236 -1.110337 -0.074155 0.081502
1039223594 0.121811 -0.857518 -0.140521 -0.899926 0.716977 9.738915 -1.188935 -0.073177 0.092143
1059208698 -0.108993 -0.243071 -0.417073 -0.964976 0.720777 9.732404 -1.208955 -0.073565 0.098828
1079193802 -0.871620 0.216940 -0.627988 -1.064155 0.708719 9.722946 -1.187166 -0.072332 0.109014
1099178906 -1.436044 0.405796 0.006949 -1.169620 0.691998 9.712029 -1.312901 -0.070623 0.119853
1119164011 -1.542660 0.396013 0.476367 -1.245820 0.674921 9.703752 -1.070364 -0.068877 0.127687
1139149115 -1.190355 0.476071 0.716615 -1.277026 0.656561 9.700953 -1.228832 -0.067001 0.130887
1159134219 -0.867304 0.293147 1.144506 -1.251541 0.642429 9.705221 -1.147753 -0.065556 0.128248
1179119323 -0.319986 -0.118799 1.048802 -1.176714 0.646853 9.714283 -1.325060 -0.066009 0.120545
1199104427 0.126351 -0.248540 -0.172412 -1.099894 0.664315 9.722105 -1.326245 -0.067793 0.112654
1219089531 0.229022 0.093022 -1.582271 -1.099894 0.664315 9.722105 -1.373708 -0.067793 0.112654
1239074636 0.204707 0.331681 -1.425563 -1.083444 0.661008 9.724176 -1.231236 -0.067455 0.110960
1259059740 0.042438 0.129093 -0.613020 -1.211405 0.593418 9.713431 -1.085344 -0.060549 0.124074
1279044844 0.131557 -0.044227 0.131586 -1.211405 0.593418 9.713431 -1.106114 -0.060549 0.124074
1299029948 -0.067700 -0.158104 0.570766 -1.322947 0.534555 9.702291 -1.106456 -0.054536 0.135518
1319015000 -0.302922 -0.261957 0.752640 -1.321944 0.515745 9.703446 -1.294775 -0.052616 0.135401
1339000000 -0.406690 -0.173181 0.698961 -1.289060 0.512971 9.708016 -1.160280 -0.052332 0.132011
1358985000 -0.258747 -0.120185 -0.002039 -1.256857 0.519958 9.711866 -1.344446 -0.053046 0.128699
1378970000 -0.068568 -0.086813 -0.463650 -1.243515 0.522679 9.713438 -1.371840 -0.053324 0.127328
1398955000 0.094878 -0.041054 -0.414219 -1.241920 0.515250 9.714038 -1.239156 -0.052565 0.127158
1418940000 0.108211 -0.062704 -0.393382 -1.245992 0.498424 9.714395 -1.237187 -0.050847 0.127566
1438925000 0.128524 -0.138915 -0.568427 -1.245992 0.498424 9.714395 -1.105512 -0.050847 0.127566
1458910000 -0.014081 -0.016110 -0.614112 -1.267006 0.478658 9.712670 -1.108341 -0.048829 0.129716
1478895000 0.313359 -0.102794 -0.578818 -1.363165 0.413031 9.702658 -1.081821 -0.042130 0.139580
1498880000 0.292587 -0.266208 0.054457 -1.432141 0.369733 9.694466 -1.215676 -0.037711 0.146667
