0 0.135304 -0.306618 0.098414 -0.489013 0.694340 9.769808 -1.176888 -0.070862 0.050012
19985729 -0.285602 0.015407 -0.397160 -0.492261 0.703185 9.769012 -1.256498 -0.071767 0.050347
39971458 -0.498785 0.082682 -0.307229 -0.492261 0.703185 9.769012 -1.224547 -0.071767 0.050347
59957187 -0.249011 -0.070625 0.382261 -0.504544 0.693322 9.769091 -1.182550 -0.070758 0.051601
79942916 -0.005957 -0.268178 0.391019 -0.464675 0.689312 9.771352 -1.252523 -0.070348 0.047519
99928645 0.107533 -0.325604 0.253746 -0.464675 0.689312 9.771352 -1.136232 -0.070348 0.047519
119914375 -0.045820 -0.157633 0.040770 -0.411897 0.694040 9.773384 -1.240988 -0.070832 0.042120
139900104 -0.240295 0.130877 -0.024967 -0.350891 0.698613 9.775438 -1.137077 -0.071299 0.035880
159885833 -0.161631 0.184345 -0.072124 -0.304117 0.704859 9.776558 -1.132540 -0.071938 0.031097
179871562 0.081246 0.065868 -0.383537 -0.255966 0.737059 9.775561 -1.102168 -0.075230 0.026178
199857291 0.153527 0.044687 -0.479243 -0.255966 0.737059 9.775561 -1.253780 -0.075230 0.026178
219843020 0.087142 0.236742 -0.837438 -0.246698 0.741737 9.775447 -1.296917 -0.075708 0.025231
239828750 -0.422986 0.568151 -1.179735 -0.274349 0.756272 9.773596 -1.194779 -0.077195 0.028063
259814479 -1.100397 0.821641 -0.868106 -0.390063 0.712634 9.772943 -1.193102 -0.072733 0.039891
279800208 -1.400797 1.226334 0.162931 -0.390063 0.712634 9.772943 -1.144954 -0.072733 0.039891
299785937 -1.087974 1.426005 0.314292 -0.182809 0.496766 9.792354 -1.210105 -0.050678 0.018666
319771666 -0.754809 1.773555 -0.165567 -0.182809 0.496766 9.792354 -1.113679 -0.050678 0.018666
339757395 -0.651394 2.825864 0.115095 0.051424 0.328080 9.801025 -1.199901 -0.033461 -0.005247
359743073 -0.574336 4.001042 0.938719 0.231173 0.164677 9.802542 -1.267000 -0.016793 -0.023579
379728698 -0.459541 5.260070 1.384079 0.060472 0.287492 9.802248 -1.145695 -0.029320 -0.006169
399714323 -1.926112 8.707664 1.285143 -0.280131 0.564459 9.786384 -1.100349 -0.057591 0.028617
419699948 -0.596747 11.344701 0.851775 -0.681315 0.943967 9.737305 -1.006649 -0.096407 0.069856
439685573 2.882011 11.555834 0.074727 -0.987868 1.290828 9.671001 -0.875588 -0.132011 0.101794
459671198 3.729906 12.343104 -0.934385 -1.041007 1.468866 9.639976 -0.910783 -0.150348 0.107572
479656823 0.845482 15.092291 -1.837067 -1.041007 1.468866 9.639976 -0.920354 -0.150348 0.107572
499642448 -0.899696 15.544207 0.421601 -0.921398 1.515598 9.644914 -1.058615 -0.155170 0.095243
519628073 -5.575425 12.473816 -1.870777 -0.447800 1.968906 9.596524 -0.973090 -0.202146 0.046629
539613698 -11.372161 3.239718 -11.717000 -0.421232 2.330099 9.516491 -0.894460 -0.239898 0.044234
559599323 -12.534776 -16.057180 -20.071407 -0.684462 2.129308 9.548191 -0.799405 -0.218872 0.071563
579584948 -3.329153 -36.820633 -16.322115 -0.915700 0.829271 9.728524 -0.912396 -0.084663 0.093849
599570573 7.492795 -45.497578 1.791933 -0.915700 0.829271 9.728524 -0.791233 -0.084663 0.093849
619556198 12.005743 -31.275726 28.519230 -1.743525 -1.944702 9.452441 -1.158069 0.199628 0.182402
639541823 12.837489 -12.490694 30.015348 -2.179216 -1.769231 9.396340 -1.136880 0.181405 0.227893
659527448 2.470393 -5.925352 17.267765 -2.237482 -1.182226 9.474513 -1.221309 0.120847 0.231909
679513073 -9.443643 -2.750360 4.259282 -1.990892 -0.469598 9.590944 -1.128001 0.047904 0.204674
699498698 -13.458696 -0.938977 -4.992863 -1.990892 -0.469598 9.590944 -1.366630 0.047904 0.204674
719484323 -9.160583 -2.005703 -8.194702 -1.103638 0.699180 9.719234 -1.087096 -0.071357 0.113068
739469948 -3.194897 -2.595074 -8.011610 -1.103638 0.699180 9.719234 -0.981178 -0.071357 0.113068
759455573 -0.457528 -0.531229 -7.642963 -0.455188 0.935386 9.751320 -1.040782 -0.095528 0.046646
779441198 0.701304 2.001073 -7.648241 0.531137 0.902275 9.750599 -1.149117 -0.092137 -0.054418
799426823 1.834044 2.733219 -5.266986 0.531137 0.902275 9.750599 -1.175271 -0.092137 -0.054418
819412448 1.711031 1.568712 -2.242636 0.564402 0.791288 9.758365 -1.073309 -0.080777 -0.057773
839398073 1.185908 0.313637 0.347828 0.368880 0.697602 9.774849 -1.151641 -0.071196 -0.037720
859383698 0.046000 -0.302680 1.319813 -0.071053 0.641640 9.785378 -1.152145 -0.065476 0.007261
879369323 -0.619547 -0.513248 1.678464 -0.071053 0.641640 9.785378 -1.177910 -0.065476 0.007261
899354948 -0.881118 -0.674449 1.434875 -0.170334 0.638672 9.784348 -1.238532 -0.065173 0.017407
919340573 -0.920615 -0.833410 1.546903 -0.142355 0.677831 9.782160 -1.216140 -0.069175 0.014551
939326198 -0.138088 -1.063416 1.024382 -0.063950 0.750226 9.777702 -1.158281 -0.076577 0.006540
959311823 0.190676 -0.608131 -0.535934 0.010571 0.825439 9.771843 -1.146338 -0.084271 -0.001082
979297448 -0.005849 0.014508 -1.566162 0.061613 0.869954 9.767793 -1.131386 -0.088827 -0.006308
999283073 -0.052230 0.141219 -2.139817 0.061613 0.869954 9.767793 -1.090811 -0.088827 -0.006308
1019268698 -0.047123 0.174417 -2.241926 0.047724 0.838479 9.770622 -1.142171 -0.085606 -0.004884
1039254323 -0.137974 0.087572 -1.935145 0.047724 0.838479 9.770622 -1.120021 -0.085606 -0.004884
1059239948 -0.013195 -0.182626 -1.073584 -0.042445 0.781532 9.775367 -1.079124 -0.079779 0.004342
1079225573 -0.234488 -0.292835 -0.615278 -0.154688 0.715735 9.779273 -1.077357 -0.073050 0.015817
1099211198 -0.079609 -0.299909 -0.067407 -0.263417 0.647788 9.781686 -1.157951 -0.066104 0.026923
1119196823 -0.244993 -0.531049 0.198129 -0.350273 0.586809 9.782809 -1.129059 -0.059874 0.035790
1139182448 -0.391307 -0.558702 0.809465 -0.435385 0.536803 9.782263 -1.043103 -0.054766 0.044478
1159168073 -0.165659 -0.785882 0.943903 -0.554518 0.510485 9.777643 -1.189216 -0.052079 0.056652
1179153593 0.049980 -0.893678 0.777805 -0.554518 0.510485 9.777643 -1.144359 -0.052079 0.056652
1199139114 -0.055349 -0.621886 0.379612 -0.585978 0.529752 9.774782 -1.127292 -0.054046 0.059876
1219124635 -0.317909 -0.138724 0.026914 -0.617562 0.560152 9.771144 -1.243730 -0.057151 0.063119
1239110156 -0.682532 0.470940 -0.380344 -0.654984 0.594924 9.766650 -1.201896 -0.060703 0.066963
1259095677 -0.995126 0.770461 -0.721059 -0.705647 0.630269 9.760902 -1.180671 -0.064314 0.072168
1279081198 -0.960748 0.726118 -0.362607 -0.807803 0.646296 9.751931 -1.084569 -0.065952 0.082647
1299066718 -0.622664 0.229879 -0.030256 -0.807803 0.646296 9.751931 -1.106574 -0.065952 0.082647
1319052239 -0.103807 -0.284982 0.340739 -0.793515 0.619898 9.754817 -1.105273 -0.063254 0.081167
1339037760 0.051323 -0.319217 0.150478 -0.741311 0.590428 9.760750 -1.070346 -0.060243 0.075803
1359023281 0.054558 -0.174838 -0.152426 -0.684725 0.571636 9.766002 -1.057197 -0.058324 0.069999
1379008802 0.209464 -0.060751 -0.331300 -0.661307 0.566159 9.767934 -1.112661 -0.057764 0.067599
1398994323 0.213767 -0.147162 -0.321952 -0.677648 0.572039 9.766471 -1.121878 -0.058365 0.069274
1418979843 0.174927 -0.165317 -0.192145 -0.713781 0.577186 9.763594 -1.134793 -0.058891 0.072977
1438965364 -0.014182 -0.095502 0.035483 -0.742549 0.571357 9.761790 -1.158779 -0.058295 0.075921
1458950885 -0.222240 0.026726 0.159276 -0.759995 0.553847 9.761457 -1.079680 -0.056507 0.077700
1478936406 -0.171084 0.047660 -0.024334 -0.759995 0.553847 9.761457 -1.120987 -0.056507 0.077700
1498921927 -0.003816 -0.043477 -0.216752 -0.768165 0.556919 9.760643 -1.000684 -0.056820 0.078538
