0 0.165469 -0.053717 0.602668 -0.432781 1.076742 9.737746 -2.320200 -0.110019 0.044414
19982188 0.023359 -0.292417 -0.543261 -0.423138 1.068345 9.739095 -2.323256 -0.109157 0.043420
39964375 -0.149722 -0.123134 -0.306642 -0.423138 1.068345 9.739095 -2.328505 -0.109157 0.043420
59946563 -0.230344 -0.033344 0.291846 -0.442859 1.024205 9.742959 -2.395327 -0.104631 0.045423
79928750 0.029967 -0.002538 0.653982 -0.428883 1.017318 9.744308 -2.343177 -0.103925 0.043985
99910938 0.261765 -0.103158 0.341500 -0.428883 1.017318 9.744308 -2.361615 -0.103925 0.043985
119893125 0.341674 -0.075559 0.077882 -0.404352 1.046253 9.742292 -2.331036 -0.106892 0.041481
139875313 0.164588 -0.006311 -0.249685 -0.404903 1.059571 9.740829 -2.356739 -0.108257 0.041544
159857500 0.075626 0.190328 -0.074346 -0.404903 1.059571 9.740829 -2.282831 -0.108257 0.041544
179839688 0.044792 0.292780 -0.032734 -0.387963 1.081999 9.739054 -2.373150 -0.110558 0.039815
199821875 0.054702 0.243336 -0.295882 -0.371651 1.094318 9.738313 -2.311503 -0.111822 0.038145
219804063 0.116770 0.160821 -0.453094 -0.364707 1.099546 9.737986 -2.350108 -0.112359 0.037435
239786250 -0.062122 0.140508 -0.323180 -0.364707 1.099546 9.737986 -2.327634 -0.112359 0.037435
259768438 -0.248530 0.263618 0.208855 -0.368446 1.087806 9.739164 -2.300013 -0.111154 0.037813
279750625 -0.553687 0.416115 0.134987 -0.338036 1.075695 9.741611 -2.309099 -0.109912 0.034686
299732813 -0.664568 0.404242 -0.239912 -0.298585 1.042175 9.746543 -2.355860 -0.106473 0.030625
319715000 -0.924393 0.632613 -0.099196 -0.298585 1.042175 9.746543 -2.279665 -0.106473 0.030625
339697188 -1.049130 0.820538 0.216641 -0.253633 0.997573 9.752481 -2.412902 -0.101900 0.026001
359679375 -1.278690 1.130441 1.113436 -0.177935 0.928138 9.761008 -2.344733 -0.094786 0.018227
379661563 -0.919021 1.109357 1.143225 -0.078468 0.887715 9.766073 -2.326730 -0.090646 0.008035
399643750 0.018748 0.466914 0.599920 0.064705 0.889096 9.766048 -2.355506 -0.090787 -0.006625
419625938 0.661070 0.435260 0.255886 0.221543 0.930587 9.759883 -2.353265 -0.095036 -0.022695
439608125 0.188389 1.458302 0.222184 0.335403 1.020882 9.747599 -2.304816 -0.104290 -0.034395
459590313 -0.430283 3.326002 -1.186758 0.468171 1.301247 9.708653 -2.324491 -0.133083 -0.048185
479572500 0.496981 4.452143 -2.299590 0.468171 1.301247 9.708653 -2.354642 -0.133083 -0.048185
499554688 0.522336 5.982191 -1.662966 0.475651 1.370209 9.698797 -2.329889 -0.140181 -0.049003
519536875 -1.741689 8.908029 -0.505754 0.408881 1.311653 9.709932 -2.340367 -0.134153 -0.042085
539519063 -1.339577 11.299097 1.155251 0.408881 1.311653 9.709932 -2.371322 -0.134153 -0.042085
559501250 -0.114983 12.697615 2.127225 0.401389 1.270665 9.715693 -2.329784 -0.129937 -0.041290
579483438 -2.284172 13.986188 1.479850 0.390400 1.283210 9.714492 -2.407309 -0.131227 -0.040166
599465625 -1.460378 12.792561 1.526073 0.656680 1.222031 9.708028 -2.373716 -0.124937 -0.067540
619447813 1.169587 10.431314 7.237638 0.733417 1.468545 9.668292 -2.362610 -0.150315 -0.075713
639430000 -4.922114 6.067295 7.476081 0.962900 2.042017 9.543238 -2.353523 -0.209763 -0.100558
659412188 -13.419379 -3.497957 -4.533543 0.962900 2.042017 9.543238 -2.528258 -0.209763 -0.100558
679394375 -13.071522 -17.392418 -17.660927 1.365209 2.510860 9.380947 -2.526207 -0.258920 -0.144515
699376563 -7.640064 -25.834492 -12.862497 1.313471 1.724184 9.564118 -2.610183 -0.176736 -0.136479
719358750 2.103155 -29.977291 -1.294564 1.383616 0.565850 9.692049 -2.749887 -0.057733 -0.141800
739340938 8.045961 -22.086748 5.070662 1.153433 -0.380508 9.731146 -2.774118 0.038811 -0.117980
759323125 10.715690 -9.650038 10.224836 0.406457 -0.780034 9.767125 -2.852452 0.079625 -0.041591
779305313 6.563586 -4.255108 12.821752 0.406457 -0.780034 9.767125 -2.681273 0.079625 -0.041591
799287500 -1.725360 -3.212093 14.802374 -0.443416 -0.784867 9.765130 -2.702377 0.080120 0.045377
819269688 -6.366633 -0.848798 6.755109 -0.616193 0.009709 9.787267 -2.725492 -0.000990 0.062876
839251875 -4.165255 -1.013575 -3.922141 -0.223769 0.414798 9.795318 -2.646075 -0.042310 0.022840
859234063 -0.592957 -1.297686 -8.232363 0.121693 0.639763 9.785004 -2.705933 -0.065284 -0.012436
879216250 1.401146 -1.164640 -7.844851 0.324391 0.723337 9.774555 -2.744872 -0.073827 -0.033175
899198438 2.095643 -1.372479 -5.342813 0.374020 0.741757 9.771402 -2.807051 -0.075711 -0.038258
919180625 1.718675 -0.949752 -3.645564 0.280802 0.746892 9.774134 -2.716904 -0.076236 -0.028721
939162813 1.146471 -0.199807 -2.910199 0.078801 0.728380 9.779245 -2.780656 -0.074343 -0.008058
959145000 -0.158615 0.345243 -1.532814 -0.184780 0.669167 9.782047 -2.772568 -0.068289 0.018887
979127188 -0.994407 0.383616 1.322630 -0.386997 0.612630 9.779841 -2.815655 -0.062512 0.039550
999109427 -0.934389 0.080889 2.600003 -0.454689 0.595676 9.777976 -2.718296 -0.060780 0.046468
1019091719 -0.281267 -0.334614 1.556851 -0.424310 0.608449 9.778555 -2.753179 -0.062084 0.043365
1039074011 0.060351 -0.479296 0.013877 -0.424310 0.608449 9.778555 -2.797668 -0.062084 0.043365
1059056302 0.257315 -0.540871 -0.845207 -0.375485 0.652743 9.777696 -2.721807 -0.066611 0.038383
1079038594 0.525299 -0.521227 -0.830237 -0.426418 0.672014 9.774301 -2.685783 -0.068580 0.043599
1099020886 0.409345 -0.485836 -0.348165 -0.508230 0.699463 9.768462 -2.745361 -0.071386 0.051981
1119003177 0.138477 -0.208260 -0.324237 -0.508230 0.699463 9.768462 -2.714382 -0.071386 0.051981
1138985469 -0.077871 -0.024912 -0.439087 -0.581132 0.719359 9.762950 -2.756854 -0.073420 0.059454
1158967761 -0.051845 -0.009450 0.388987 -0.641337 0.706040 9.760153 -2.687625 -0.072058 0.065615
1178950052 0.130076 -0.284086 1.577593 -0.630501 0.642589 9.765241 -2.748957 -0.065573 0.064476
1198932344 0.143951 -0.354828 1.466340 -0.630501 0.642589 9.765241 -2.694114 -0.065573 0.064476
1218914636 -0.414325 0.013624 0.637081 -0.573325 0.718925 9.763443 -2.693811 -0.073376 0.058654
1238896927 -0.616005 0.283868 0.105907 -0.573325 0.718925 9.763443 -2.721742 -0.073376 0.058654
1258879167 -0.717475 0.372001 0.043658 -0.567047 0.812049 9.756507 -2.741786 -0.082901 0.058055
1278861354 -0.650903 0.322986 0.252447 -0.542169 0.851882 9.754524 -2.715661 -0.086977 0.055524
1298843542 -0.377123 0.345145 -0.035430 -0.491887 0.877973 9.754875 -2.707068 -0.089648 0.050382
1318825729 0.200344 0.472199 -0.109755 -0.450791 0.894908 9.755322 -2.721282 -0.091382 0.046177
1338807917 0.527693 0.170729 0.024416 -0.450791 0.894908 9.755322 -2.735620 -0.091382 0.046177
1358790104 0.589990 -0.189671 0.120522 -0.578615 1.007274 9.737607 -2.755188 -0.102895 0.059351
1378772292 0.277882 -0.113338 -0.181490 -0.578615 1.007274 9.737607 -2.705389 -0.102895 0.059351
1398754479 -0.127645 0.097803 -0.552288 -0.687235 1.087837 9.721867 -2.731847 -0.111157 0.070572
1418736667 -0.232815 0.076774 0.118557 -0.764617 1.152741 9.708601 -2.729366 -0.117819 0.078594
1438718854 -0.399966 0.028901 0.056042 -0.764617 1.152741 9.708601 -2.718853 -0.117819 0.078594
1458701042 -0.107204 0.146580 -0.616498 -0.733553 1.174506 9.708388 -2.702180 -0.120055 0.075415
1478683229 0.245132 0.201098 -1.313976 -0.680855 1.186704 9.710745 -2.702394 -0.121307 0.069999
1498665417 0.645013 -0.186288 -0.408991 -0.642625 1.171074 9.715246 -2.722625 -0.119702 0.066050
