0 0.370069 0.809814 0.119997 0.931936 0.466167 9.751132 -1.186194 -0.047554 -0.095283
19978125 0.374508 0.973466 -0.575644 0.886230 0.460971 9.755639 -1.214714 -0.047023 -0.090594
39956250 -0.062498 1.055288 -0.041477 0.955208 0.397401 9.751925 -1.177438 -0.040535 -0.097639
59934375 1.138311 1.587961 -0.409419 1.062914 0.353258 9.742474 -1.313792 -0.036030 -0.108671
79912500 1.680706 2.049030 -0.971011 1.062914 0.353258 9.742474 -1.235178 -0.036030 -0.108671
99890625 0.307981 2.535941 -1.127682 1.124862 0.294478 9.737472 -1.239322 -0.030033 -0.115009
119868750 -0.020329 2.680536 -1.326414 1.044518 0.131869 9.749973 -1.244738 -0.013447 -0.106723
139846875 0.308897 3.241629 -1.841866 0.935896 0.010835 9.761884 -1.224321 -0.001105 -0.095580
159825000 0.332798 4.171171 -1.222178 0.935896 0.010835 9.761884 -1.246801 -0.001105 -0.095580
179803125 -0.161569 5.025854 0.188134 0.878623 -0.119589 9.766479 -1.199629 0.012195 -0.089722
199781250 -1.150704 5.918331 2.961327 0.927781 -0.242169 9.759660 -1.272819 0.024697 -0.094778
219759375 -0.915846 7.621432 3.575718 1.087806 -0.272131 9.742331 -1.203855 0.027753 -0.111197
239737500 0.211206 10.936391 2.621374 1.415123 -0.273295 9.700161 -1.200260 0.027872 -0.144865
259715625 -0.170473 13.737874 4.293154 1.415123 -0.273295 9.700161 -1.179929 0.027872 -0.144865
279693750 0.183815 14.892282 5.702542 1.477928 -0.261938 9.691104 -1.160288 0.026713 -0.151338
299671875 2.460129 14.421288 1.745723 1.615398 -0.063308 9.672480 -1.133497 0.006456 -0.165482
319650000 1.904574 11.949930 -4.392231 1.615398 -0.063308 9.672480 -1.095138 0.006456 -0.165482
339628177 2.028145 6.515267 -10.156043 1.623493 -0.145649 9.670235 -1.068983 0.014853 -0.166334
359606354 7.716817 -5.528569 -11.847269 1.392215 -0.544311 9.692050 -1.014864 0.055533 -0.142669
379584531 16.424438 -21.153349 -10.082993 1.252264 -2.031032 9.511948 -1.053899 0.208618 -0.130899
399562708 8.633900 -31.203377 -10.780931 1.325161 -3.045196 9.227194 -1.075721 0.315744 -0.142639
419540885 -7.037279 -27.655485 -0.969924 1.325161 -3.045196 9.227194 -0.863107 0.315744 -0.142639
439519062 -14.764182 -16.859938 11.895638 1.497712 -3.854493 8.892138 -0.791537 0.403945 -0.166865
459497240 -6.637262 -7.017778 15.285911 2.419210 -4.037983 8.603051 -0.830694 0.424384 -0.274125
479475417 1.774172 -3.119953 9.812104 2.419210 -4.037983 8.603051 -0.914599 0.424384 -0.274125
499453594 4.783076 -2.144602 0.856208 2.347986 -2.954339 9.051477 -0.981913 0.306012 -0.253809
519431771 4.305375 -2.307826 -6.827109 2.314483 -2.430964 9.214335 -0.887590 0.250501 -0.246092
539409948 2.516908 -0.968684 -9.674440 2.314483 -2.430964 9.214335 -0.995725 0.250501 -0.246092
559388125 -0.458100 0.503556 -9.179017 2.446003 -1.969065 9.290331 -0.943271 0.202163 -0.257442
579366302 -1.789352 -0.129435 -4.675981 2.513704 -1.930285 9.280392 -0.987849 0.198128 -0.264515
599344479 -0.132286 -0.989557 0.062408 2.648098 -1.846146 9.260115 -0.899279 0.189385 -0.278534
619322656 1.346106 -1.033034 0.049452 2.749800 -1.739916 9.251037 -0.963225 0.178366 -0.288925
639300833 -1.069935 -0.827094 -0.608507 2.749800 -1.739916 9.251037 -0.960600 0.178366 -0.288925
659279010 -0.676701 -0.737476 -0.240057 2.733133 -1.509497 9.296332 -1.023780 0.154540 -0.285944
679257187 0.646765 -0.592055 -0.615279 2.733133 -1.509497 9.296332 -1.035983 0.154540 -0.285944
699235365 1.796980 0.358742 -2.589985 2.722846 -1.353380 9.323350 -1.053887 0.138448 -0.284144
719213542 1.690786 1.109909 -4.157096 2.768409 -1.251478 9.324168 -1.040247 0.127964 -0.288617
739191719 1.358482 0.802586 -3.909204 2.788753 -1.252785 9.317927 -1.029189 0.128099 -0.290804
759169896 0.537774 0.177655 -1.397733 2.716769 -1.474450 9.306748 -1.047424 0.150924 -0.284022
779148073 0.562768 -0.264481 0.548788 2.685843 -1.559169 9.301915 -1.019000 0.159669 -0.281096
799126250 0.279894 -0.207741 1.081270 2.679673 -1.605609 9.295793 -0.997094 0.164467 -0.280658
819104427 0.997167 -0.151739 0.625298 2.708667 -1.632225 9.282744 -1.032590 0.167219 -0.283913
839082604 0.358902 -0.047365 0.419280 2.709038 -1.645193 9.280348 -1.025404 0.168560 -0.284019
859060781 0.752585 0.137676 -0.161583 2.688941 -1.672197 9.281365 -1.017628 0.171354 -0.281993
879038958 1.313121 0.273617 0.023328 2.654848 -1.697743 9.286540 -1.051466 0.173998 -0.278454
899017135 1.234928 0.195578 0.555462 2.631247 -1.705245 9.291882 -1.065055 0.174775 -0.275952
918995312 0.785807 0.006698 0.579329 2.614585 -1.697742 9.297957 -1.015263 0.173998 -0.274121
938973490 0.229664 -0.016423 0.165694 2.614585 -1.697742 9.297957 -1.037513 0.173998 -0.274121
958951667 0.054704 0.043233 -0.273087 2.566666 -1.688783 9.312927 -1.068852 0.173071 -0.268926
978929844 -0.087113 0.168253 0.084897 2.511864 -1.695974 9.326553 -1.032988 0.173815 -0.263082
998908021 -0.023333 0.068798 0.511141 2.503004 -1.687552 9.330462 -1.066644 0.172943 -0.262091
1018886250 0.514916 -0.000624 0.370037 2.503004 -1.687552 9.330462 -1.104887 0.172943 -0.262091
1038864479 0.782243 0.056118 -0.248879 2.539115 -1.660780 9.325508 -1.051399 0.170173 -0.265832
1058842708 0.297917 0.018732 -0.358165 2.507325 -1.646836 9.336575 -1.060616 0.168730 -0.262359
1078820937 -0.319773 -0.000690 -0.010541 2.507325 -1.646836 9.336575 -1.014898 0.168730 -0.262359
1098799167 -0.093719 -0.067696 0.268530 2.457901 -1.665716 9.346363 -1.075610 0.170683 -0.257157
1118777396 0.769055 -0.234423 0.359464 2.437580 -1.656587 9.353306 -0.966132 0.169739 -0.254941
1138755625 0.556930 -0.592697 0.556071 2.385183 -1.618610 9.373441 -1.069187 0.165811 -0.249174
1158733854 -0.442558 -0.508066 0.246711 2.385183 -1.618610 9.373441 -1.063874 0.165811 -0.249174
1178712083 -0.344624 -0.372603 -0.242444 2.218190 -1.527209 9.429615 -1.080366 0.156368 -0.231036
1198690312 0.305610 -0.579598 -0.193073 2.218190 -1.527209 9.429615 -0.999739 0.156368 -0.231036
1218668542 0.514869 -0.701370 0.006849 2.129724 -1.418552 9.466909 -1.105384 0.145161 -0.221281
1238646771 0.036941 -0.779767 -0.240760 2.071122 -1.349739 9.489944 -1.117737 0.138073 -0.214875
1258625000 -0.479231 -0.833650 -0.580924 2.071122 -1.349739 9.489944 -1.072960 0.138073 -0.214875
1278603229 -0.257718 -0.768941 -0.629278 1.882740 -1.241368 9.543830 -1.016557 0.126925 -0.194772
1298581458 0.450753 -0.820447 -0.654466 1.792560 -1.199650 9.566503 -1.090397 0.122637 -0.185231
1318559687 0.807796 -1.044678 -0.511469 1.708639 -1.152729 9.587605 -1.095537 0.117818 -0.176362
1338537917 0.327961 -1.352649 -0.566257 1.608841 -1.103561 9.610627 -1.127271 0.112771 -0.165864
1358516146 0.387498 -1.963459 -0.857793 1.477569 -1.058290 9.636764 -1.148886 0.108126 -0.152141
1378494375 0.269886 -2.518212 -0.853274 1.477569 -1.058290 9.636764 -1.088883 0.108126 -0.152141
1398472604 -0.244116 -2.696297 -0.587199 1.102612 -0.914790 9.701432 -1.161081 0.093418 -0.113169
1418450833 0.826542 -3.155659 -1.083483 0.946903 -0.809940 9.727166 -1.101008 0.082685 -0.097040
1438429062 1.645713 -3.441494 -1.505385 0.875371 -0.696582 9.742632 -1.115882 0.071091 -0.089609
1458407292 1.070357 -3.128284 -1.648993 0.828292 -0.583349 9.754179 -1.089276 0.059520 -0.084713
1478385521 0.004164 -2.368653 -2.186692 0.828292 -0.583349 9.754179 -1.216459 0.059520 -0.084713
1498363750 -1.585698 -0.915273 -1.638520 0.619558 -0.444195 9.776975 -1.260078 0.045311 -0.063284
