0 0.616233 -0.599997 -0.029286 -1.038930 1.566317 9.624846 -2.249030 -0.160407 0.107526
19982187 0.272938 -0.475627 -0.816097 -1.067858 1.586714 9.618337 -2.267454 -0.162514 0.110570
39964375 -0.380937 0.007589 -1.000284 -1.104977 1.563832 9.617891 -2.244054 -0.160150 0.114386
59946562 -0.424551 0.290261 -0.429080 -1.153346 1.525145 9.618425 -2.268437 -0.156155 0.119340
79928750 -0.060390 0.219842 0.385065 -1.218852 1.516043 9.611784 -2.271127 -0.155216 0.126135
99910937 -0.143172 0.347233 0.504524 -1.236600 1.517592 9.609272 -2.218899 -0.155376 0.127985
119893125 -0.245554 -0.093138 -0.211991 -1.236600 1.517592 9.609272 -2.294283 -0.155376 0.127985
139875312 -0.097299 -0.090750 -0.444210 -1.166791 1.442247 9.629585 -2.286311 -0.147604 0.120580
159857500 -0.121564 0.084305 -0.052326 -1.103214 1.369066 9.647744 -2.287724 -0.140063 0.113855
179839687 -0.264827 0.195192 0.382835 -1.103214 1.369066 9.647744 -2.304704 -0.140063 0.113855
199821875 -0.140303 0.151420 0.976175 -1.010410 1.307206 9.666471 -2.306406 -0.133696 0.104149
219804062 -0.092949 -0.006176 0.387199 -1.010410 1.307206 9.666471 -2.236700 -0.133696 0.104149
239786250 0.038926 0.003647 -0.422986 -0.895684 1.316197 9.676558 -2.286596 -0.134621 0.092299
259768437 0.309286 0.274722 -0.567134 -0.808029 1.277259 9.689483 -2.259469 -0.130615 0.083200
279750625 0.438866 0.544389 -0.366852 -0.808029 1.277259 9.689483 -2.273351 -0.130615 0.083200
299732812 0.258560 1.021079 -0.273268 -0.678840 1.215366 9.707340 -2.296342 -0.124252 0.069817
319715000 -0.696436 2.110746 -1.181815 -0.678840 1.215366 9.707340 -2.296384 -0.124252 0.069817
339697187 -0.640589 3.337430 -1.454098 -0.670221 1.199154 9.709954 -2.278636 -0.122586 0.068915
359679375 0.472049 4.139818 0.425678 -0.685954 1.133821 9.716702 -2.331844 -0.115877 0.070478
379661562 1.136677 5.745182 2.616292 -0.772021 1.087165 9.715577 -2.247182 -0.111088 0.079296
399643750 1.134005 7.980922 3.228091 -1.153157 1.326884 9.647797 -2.299179 -0.135721 0.118961
419625937 2.737598 9.389258 2.329547 -1.153157 1.326884 9.647797 -2.250775 -0.135721 0.118961
439608125 4.953921 11.912026 4.532411 -1.651488 1.772048 9.502780 -2.262406 -0.181697 0.172071
459590312 -1.072219 15.733543 2.117117 -1.907717 2.055205 9.397187 -2.261435 -0.211138 0.200287
479572604 -10.549147 18.149179 -5.619797 -2.046289 2.101697 9.357669 -2.213850 -0.215989 0.215286
499554896 -12.860618 16.676882 -6.348474 -2.046289 2.101697 9.357669 -2.209225 -0.215989 0.215286
519537187 -6.196306 12.000735 -0.759402 -2.260391 2.011497 9.328178 -2.296367 -0.206582 0.237736
539519479 -2.707484 5.564563 -6.848880 -2.619193 2.084972 9.217544 -2.410743 -0.214243 0.276856
559501771 -8.116581 -7.616563 -24.218609 -2.508421 2.091833 9.246754 -2.525255 -0.214959 0.264901
579484062 -13.925450 -34.408688 -35.040356 -1.778390 1.496991 9.527158 -2.503600 -0.153250 0.184541
599466354 -3.521546 -58.878353 -30.359188 -0.996944 0.076254 9.755546 -2.171156 -0.007776 0.101839
619448646 13.035834 -47.864689 2.700484 -1.284766 -2.057112 9.502003 -2.058204 0.211337 0.134395
639430937 -10.737825 -13.423466 54.994507 -3.171520 -3.713299 8.504310 -2.444869 0.388338 0.356955
659413229 -29.415859 10.780479 74.162376 -4.510952 -4.274502 7.586194 3.140656 0.451013 0.536459
679395521 -15.517374 -11.416980 1.094781 -3.808226 -3.049810 8.506847 -3.117790 0.316239 0.420911
699377812 7.188746 -16.896915 -35.974407 -2.091483 -0.441006 9.570872 -2.783185 0.044985 0.215144
719360104 10.922356 -8.442081 -25.455536 -1.472117 -0.488876 9.683195 -2.758499 0.049872 0.150873
739342396 3.148415 -2.332672 -10.414874 -1.096571 -0.709202 9.719308 -2.672851 0.072382 0.112349
759324687 -3.523823 3.313717 -2.147240 -1.094448 -0.719817 9.718767 -2.690143 0.073467 0.112139
779306979 -3.199380 4.042628 -1.378233 -1.325327 -0.600343 9.698117 -2.649954 0.061256 0.135817
799289271 -1.109831 2.315940 -0.927780 -1.551035 -0.487644 9.670929 -2.696005 0.049746 0.159027
819271562 0.657024 -0.477380 -0.650944 -1.550598 -0.492461 9.670755 -2.736693 0.050238 0.158986
839253854 2.231867 -1.954550 0.034240 -1.550598 -0.492461 9.670755 -2.718224 0.050238 0.158986
859236146 2.055980 -1.160111 0.537222 -1.414149 -0.551296 9.688479 -2.714948 0.056246 0.144938
879218437 0.200846 -0.117495 -0.658462 -1.359221 -0.423139 9.702776 -2.691902 0.043162 0.139180
899200677 -1.272719 0.756704 -1.927538 -1.359221 -0.423139 9.702776 -2.665465 0.043162 0.139180
919182864 -1.824228 1.154799 -2.243346 -1.479492 -0.320218 9.689116 -2.693922 0.032659 0.151526
939165052 -1.736969 0.582126 -1.800092 -1.513176 -0.368744 9.682185 -2.724458 0.037610 0.155031
959147239 0.020626 -0.095437 -0.375631 -1.513176 -0.368744 9.682185 -2.651762 0.037610 0.155031
979129427 0.995440 -0.556839 0.036518 -1.536917 -0.488803 9.673125 -2.672628 0.049865 0.157568
999111614 1.101435 -0.554197 0.367371 -1.612421 -0.510794 9.659688 -2.765695 0.052110 0.165398
1019093802 0.122000 -0.209148 0.815026 -1.658071 -0.525209 9.651183 -2.742793 0.053582 0.170139
1039075989 -0.276179 0.164849 0.814128 -1.656816 -0.544644 9.650322 -2.762091 0.055567 0.170027
1059058177 -0.359688 0.080178 1.194051 -1.677859 -0.528951 9.647558 -2.743074 0.053964 0.172193
1079040364 -0.106236 -0.112614 1.300011 -1.741500 -0.445273 9.640503 -2.725654 0.045421 0.178717
1099022552 0.053756 -0.139142 0.528296 -1.800924 -0.350759 9.633486 -2.753069 0.035775 0.184811
1119004739 -0.262751 0.073611 0.062687 -1.822257 -0.292315 9.631424 -2.696145 0.029812 0.186989
1138986927 -0.843680 0.228346 0.369042 -1.815711 -0.245374 9.633969 -2.693360 0.025024 0.186285
1158969114 -1.026342 0.446449 0.255837 -1.815711 -0.245374 9.633969 -2.658285 0.025024 0.186285
1178951302 -0.500601 0.410399 -0.576983 -1.778481 -0.192316 9.642116 -2.692594 0.019612 0.182399
1198933489 0.140797 0.028560 -1.034043 -1.649949 -0.169636 9.665365 -2.698275 0.017299 0.169078
1218915677 0.407570 -0.163829 -1.057254 -1.649949 -0.169636 9.665365 -2.699212 0.017299 0.169078
1238897864 0.341281 -0.236580 -1.071380 -1.556745 -0.293973 9.677835 -2.664214 0.029981 0.159491
1258880052 0.477075 -0.099708 -0.648029 -1.556745 -0.293973 9.677835 -2.717688 0.029981 0.159491
1278862239 0.309106 0.032876 -0.095353 -1.558983 -0.371855 9.674795 -2.715390 0.037928 0.159765
1298844427 0.038949 0.108541 -0.132327 -1.580594 -0.428389 9.668949 -2.707944 0.043697 0.162038
1318826614 -0.119851 0.247575 -0.149019 -1.619974 -0.458885 9.661030 -2.698589 0.046810 0.166136
1338808802 0.002535 0.146729 -0.305795 -1.665860 -0.480639 9.652165 -2.731622 0.049031 0.170906
1358790989 0.463972 0.003706 -0.373203 -1.660502 -0.495993 9.652311 -2.728246 0.050599 0.170364
1378773177 0.090541 -0.075324 -0.191258 -1.648831 -0.513017 9.653421 -2.724213 0.052337 0.169170
1398755364 -0.253428 0.106337 -0.162319 -1.642661 -0.524760 9.653843 -2.720103 0.053536 0.168542
1418737552 -0.285510 0.222525 -0.092326 -1.642661 -0.524760 9.653843 -2.659225 0.053536 0.168542
1438719739 -0.123022 0.164486 -0.070461 -1.675304 -0.515767 9.648717 -2.660019 0.052618 0.171916
1458701927 -0.135697 0.098216 -0.418013 -1.675304 -0.515767 9.648717 -2.698625 0.052618 0.171916
1478684166 -0.185429 0.115938 -0.852616 -1.674940 -0.521530 9.648469 -2.701253 0.053206 0.171884
1498666458 -0.170955 0.197298 -0.539242 -1.693192 -0.546950 9.643876 -2.699799 0.055802 0.173800
