0 0.325746 -0.125653 -0.334873 0.823460 0.523914 9.757962 -2.673839 -0.053450 -0.084189
19978802 0.797003 -0.191273 -0.681245 0.831605 0.529001 9.756996 -2.677486 -0.053969 -0.085026
39957605 0.679102 0.138230 -0.144455 0.844659 0.513146 9.756721 -2.625905 -0.052350 -0.086357
59936407 0.146904 0.397251 -0.007113 0.847648 0.504552 9.756910 -2.695675 -0.051473 -0.086659
79915209 -0.252930 0.492244 -0.152768 0.833491 0.499381 9.758396 -2.639861 -0.050945 -0.085206
99894011 -0.382624 0.555580 0.080163 0.792415 0.484615 9.762562 -2.681965 -0.049437 -0.080991
119872813 0.053459 0.730585 0.140780 0.787383 0.477157 9.763336 -2.668046 -0.048676 -0.080473
139851615 -0.022275 1.191794 0.439599 0.781400 0.475743 9.763885 -2.672302 -0.048531 -0.079859
159830417 -0.386830 1.570804 0.880312 0.781400 0.475743 9.763885 -2.709856 -0.048531 -0.079859
179809219 -0.552348 2.191524 1.183089 0.764243 0.544620 9.761645 -2.703928 -0.055564 -0.078131
199788021 -0.649134 3.415195 1.304159 0.740437 0.639015 9.757756 -2.691669 -0.065208 -0.075737
219766823 -0.629782 4.892591 0.434705 0.652864 0.748250 9.756243 -2.684629 -0.076375 -0.066818
239745625 -1.424421 6.107846 -0.308487 0.497329 0.861134 9.756101 -2.710164 -0.087924 -0.050932
259724427 -2.234068 7.910420 -0.997509 0.308670 0.937515 9.756852 -2.700644 -0.095746 -0.031626
279703230 -0.710979 10.131625 -2.808361 0.308670 0.937515 9.756852 -2.704710 -0.095746 -0.031626
299682032 2.369816 10.228428 -4.058418 0.038169 0.886982 9.766381 -2.597847 -0.090571 -0.003908
319660834 1.397777 8.986072 -1.486762 -0.506297 0.384692 9.786014 -2.760259 -0.039238 0.051691
339639636 0.552261 7.815329 3.514172 -0.347919 0.250034 9.797286 -2.633697 -0.025499 0.035497
359618438 -0.057533 8.444160 3.318642 -0.079872 0.267699 9.802670 -2.598360 -0.027301 0.008148
379597240 -3.052327 6.587020 1.489324 0.055975 0.410684 9.797887 -2.710081 -0.041890 -0.005713
399576042 -1.555152 2.008082 0.986424 -0.018927 0.689372 9.782372 -2.657120 -0.070354 0.001935
419554844 13.549983 -6.136712 -6.569615 0.049633 0.658093 9.784418 -2.646199 -0.067157 -0.005073
439533646 10.456807 -15.132911 -6.297150 0.388422 0.177516 9.797347 -2.656965 -0.018103 -0.039625
459512448 -0.626111 -19.763618 2.225057 0.432988 -0.417361 9.788193 -2.675394 0.042572 -0.044207
479491250 -6.171465 -15.634274 11.136087 0.181602 -0.607378 9.786138 -2.674226 0.061975 -0.018555
499470052 -5.190118 -11.251148 12.637073 0.425751 -0.295961 9.792933 -2.550696 0.030184 -0.043448
519448855 -3.913396 -7.972165 0.762381 0.902723 0.008930 9.765009 -2.515397 -0.000911 -0.092183
539427657 -1.203927 -3.743093 -9.536568 1.145483 0.005507 9.739519 -2.607177 -0.000562 -0.117074
559406459 2.778447 -2.385803 -3.124487 1.145483 0.005507 9.739519 -2.617923 -0.000562 -0.117074
579385261 3.022512 -2.112070 0.800950 1.454725 0.008879 9.698149 -2.641135 -0.000905 -0.148890
599364063 0.533068 -2.434419 -1.468088 1.617256 0.159152 9.671068 -2.617377 -0.016230 -0.165693
619342865 -0.949523 -2.085140 -0.761071 1.494759 0.294849 9.687576 -2.578652 -0.030071 -0.153089
639321667 0.329367 -1.538279 -2.131813 1.491862 0.400783 9.684219 -2.655167 -0.040880 -0.152849
659300469 -0.385242 -0.742557 -4.055270 1.491862 0.400783 9.684219 -2.625292 -0.040880 -0.152849
679279271 -0.939545 -0.452255 -2.411331 1.520542 0.384309 9.680425 -2.625635 -0.039199 -0.155801
699258073 -0.128989 -0.355060 -0.840280 1.578540 0.397641 9.670598 -2.637813 -0.040559 -0.161804
719236875 0.629075 -0.146619 -1.695842 1.578725 0.371230 9.671618 -2.568138 -0.037864 -0.161806
739215677 0.902676 0.348134 -2.272203 1.521597 0.287705 9.683613 -2.594319 -0.029342 -0.155857
759194480 0.850767 0.132502 -0.651293 1.496890 0.210037 9.689458 -2.616539 -0.021419 -0.153275
779173282 0.472021 -0.337649 0.118420 1.467845 0.147468 9.695054 -2.589976 -0.015038 -0.150260
799152084 0.272372 -0.305660 -0.010233 1.467845 0.147468 9.695054 -2.594345 -0.015038 -0.150260
819130886 0.552706 -0.061469 0.124198 1.390676 0.032518 9.707489 -2.617120 -0.003316 -0.142290
839109688 0.483805 -0.078562 0.507573 1.411551 -0.023041 9.704503 -2.658239 0.002350 -0.144440
859088490 0.049642 -0.609060 1.129455 1.442880 -0.053481 9.699774 -2.640693 0.005454 -0.147671
879067292 -1.374887 -0.738401 1.825997 1.477284 -0.029191 9.694698 -2.642219 0.002977 -0.151217
899046094 -0.886199 -0.463508 1.087808 1.505653 0.012641 9.690368 -2.621273 -0.001289 -0.154144
919024896 0.817727 0.352571 0.022784 1.531457 0.049800 9.686204 -2.575415 -0.005078 -0.156809
939003698 0.917609 0.535091 -0.164062 1.531457 0.049800 9.686204 -2.578546 -0.005078 -0.156809
958982500 0.748324 0.376740 -0.508353 1.582628 0.078695 9.677783 -2.618977 -0.008025 -0.162097
978961302 0.943026 0.487409 -0.908027 1.582628 0.078695 9.677783 -2.630805 -0.008025 -0.162097
998940105 0.546041 0.306372 -0.065491 1.482406 0.038392 9.693884 -2.593119 -0.003915 -0.151746
1018918907 -0.259860 0.197638 0.031237 1.488298 0.032063 9.693004 -2.559662 -0.003270 -0.152354
1038897709 -0.140677 0.107767 -0.368774 1.523167 0.011484 9.687632 -2.621134 -0.001171 -0.155951
1058876511 -0.018002 -0.085498 0.383112 1.523167 0.011484 9.687632 -2.659781 -0.001171 -0.155951
1078855313 -0.043857 -0.241960 0.545961 1.579649 0.021167 9.678567 -2.625578 -0.002158 -0.161785
1098834115 -0.272236 0.032562 -0.128036 1.553924 0.024566 9.682721 -2.631976 -0.002505 -0.159127
1118812917 -0.161253 0.001664 0.105700 1.553924 0.024566 9.682721 -2.554073 -0.002505 -0.159127
1138791719 0.076313 -0.079823 0.252574 1.516052 0.060735 9.688564 -2.615506 -0.006193 -0.155220
1158770521 0.382472 0.003167 -0.457684 1.526531 0.064036 9.686898 -2.628383 -0.006530 -0.156302
1178749323 0.254385 -0.013111 -0.421451 1.526531 0.064036 9.686898 -2.598269 -0.006530 -0.156302
1198728125 -0.028401 -0.146721 0.226514 1.452714 0.050871 9.698320 -2.626162 -0.005187 -0.148685
1218706927 -0.400599 -0.326451 0.605508 1.441092 0.067904 9.699949 -2.549586 -0.006924 -0.147488
1238685730 -0.376689 -0.539225 0.609963 1.441092 0.067904 9.699949 -2.599361 -0.006924 -0.147488
1258664532 0.005889 -0.881394 0.238885 1.446119 0.125243 9.698631 -2.690805 -0.012772 -0.148015
1278643334 -0.071212 -1.209929 0.276317 1.446119 0.125243 9.698631 -2.560320 -0.012772 -0.148015
1298622136 -0.540715 -1.350113 0.898682 1.290711 0.211602 9.719037 -2.641044 -0.021579 -0.132030
1318600938 -0.273604 -1.920076 0.771027 1.165499 0.274341 9.733280 -2.578158 -0.027979 -0.119176
1338579740 0.284331 -2.908218 -0.119325 1.165499 0.274341 9.733280 -2.576322 -0.027979 -0.119176
1358558542 0.009081 -3.989069 -0.919531 0.734777 0.186547 9.777306 -2.695038 -0.019024 -0.075010
1378537344 -0.161135 -4.401470 -1.740629 0.417796 -0.006967 9.797744 -2.691440 0.000710 -0.042616
1398516146 0.434266 -4.549220 -1.595107 0.042908 -0.245670 9.803479 -2.698677 0.025054 -0.004377
1418494948 0.324315 -4.172076 0.507773 -0.238870 -0.399546 9.795595 -2.701937 0.040754 0.024381
1438473750 0.256836 -3.786893 1.994473 -0.238870 -0.399546 9.795595 -2.692989 0.040754 0.024381
1458452552 0.863363 -3.481892 1.174037 -0.344860 -0.386490 9.792961 -2.700793 0.039421 0.035201
1478431355 0.876748 -2.556190 -1.044708 -0.390370 0.011659 9.798871 -2.714940 -0.001189 0.039817
