0 0.431139 -0.190080 0.835560 1.525295 0.972050 9.638412 -1.341193 -0.099285 -0.156950
19978281 0.547718 -0.038568 -0.058936 1.505291 0.982119 9.640535 -1.262475 -0.100316 -0.154891
39956563 0.158299 0.093143 -0.050735 1.489270 0.974308 9.643816 -1.307317 -0.099516 -0.153217
59934844 0.538968 0.247856 0.104614 1.490637 0.957550 9.645283 -1.242011 -0.097799 -0.153333
79913125 0.611578 0.354738 -0.201690 1.458791 0.940190 9.651857 -1.240626 -0.096020 -0.150006
99891406 0.228942 0.337480 -0.319147 1.415118 0.919193 9.660379 -1.280741 -0.093869 -0.145452
119869688 0.148204 0.504160 -0.098179 1.366408 0.896203 9.669546 -1.240698 -0.091515 -0.140381
139847969 0.110931 0.760934 0.003422 1.322075 0.874096 9.677730 -1.298829 -0.089251 -0.135770
159826250 -0.320021 1.272657 0.138650 1.322075 0.874096 9.677730 -1.271621 -0.089251 -0.135770
179804531 -0.527113 1.863139 0.244265 1.278488 0.855709 9.685227 -1.285079 -0.087369 -0.131245
199782813 -0.496131 2.994532 1.340306 1.420035 0.833794 9.667402 -1.335382 -0.085126 -0.145846
219761094 -0.420513 5.252771 3.941240 1.829595 0.930790 9.589400 -1.258584 -0.095057 -0.188528
239739375 0.142273 7.783710 5.441019 2.446634 1.160343 9.425390 -1.345697 -0.118600 -0.253974
259717656 1.472003 9.298751 4.090631 3.112529 1.465143 9.183458 -1.309023 -0.149965 -0.326777
279695938 1.529282 10.634158 0.760343 3.597063 1.739583 8.955746 -1.275609 -0.178332 -0.381927
299674219 -0.446409 11.425419 -1.620469 3.854347 1.876092 8.820128 -1.271637 -0.192495 -0.411986
319652500 -3.134617 11.537851 -1.223814 3.945417 1.878794 8.779192 -1.321435 -0.192775 -0.422359
339630781 -2.863716 10.787132 -1.696385 3.945417 1.878794 8.779192 -1.267291 -0.192775 -0.422359
359609063 -0.319124 9.342821 0.679994 4.039448 1.655312 8.781412 -1.277743 -0.169607 -0.431139
379587344 -1.586436 8.728688 4.683726 4.039448 1.655312 8.781412 -1.215853 -0.169607 -0.431139
399565625 -3.759341 6.707841 -0.572783 4.438900 1.822460 8.552497 -1.248452 -0.186926 -0.478746
419543906 -2.483961 3.672761 -14.822115 4.884125 2.063982 8.249588 -1.289412 -0.212053 -0.534549
439522188 4.193538 -6.476359 -24.406084 5.176949 1.423538 8.206285 -1.248040 -0.145675 -0.562796
459500469 9.843460 -23.322287 -22.623615 5.668704 0.372651 7.993579 -1.257115 -0.038009 -0.616845
479478750 2.444318 -36.382313 -13.330356 6.065143 -1.099864 7.627236 -1.216231 0.112391 -0.671804
499457031 -10.620461 -33.597263 7.678027 6.349039 -2.459166 7.057804 -1.068561 0.253471 -0.732581
519435313 -9.899845 -15.463465 31.620838 6.830523 -3.118025 6.308112 -1.004677 0.323567 -0.825139
539413594 7.504092 -7.963068 34.547829 6.855859 -2.775274 6.439366 -0.883129 0.286920 -0.816714
559391875 14.827682 -3.036610 10.730286 6.392488 -1.870684 7.197709 -0.912977 0.191933 -0.726217
579370156 8.119576 -5.860024 -12.744177 6.026817 -1.159614 7.648736 -1.044041 0.118525 -0.667350
599348438 -0.985169 -1.760192 -20.199516 5.866233 -0.846200 7.812915 -1.128594 0.086396 -0.644037
619326719 -6.172838 0.693260 -16.531199 5.973086 -0.911264 7.724133 -1.136925 0.093057 -0.658248
639305000 -4.092672 0.368521 -8.393077 6.196645 -1.156406 7.512304 -1.193658 0.118196 -0.689720
659283281 0.294249 -0.429434 -0.351302 6.380573 -1.355235 7.322705 -1.165551 0.138639 -0.716754
679261563 1.930634 -1.228459 5.376509 6.441530 -1.395594 7.261501 -1.116468 0.142796 -0.725631
699239844 1.617949 -1.868481 6.871130 6.441530 -1.395594 7.261501 -1.139389 0.142796 -0.725631
719218125 0.592104 -1.473074 3.467102 6.154634 -1.088553 7.556846 -1.120885 0.111231 -0.683487
739196406 0.053947 -1.104797 0.385959 6.154634 -1.088553 7.556846 -1.236303 0.111231 -0.683487
759174688 -0.354360 -0.723945 -1.801512 5.965565 -0.767024 7.745586 -1.174282 0.078295 -0.656297
779152969 -0.306416 -0.155749 -3.447368 5.965565 -0.767024 7.745586 -1.271529 0.078295 -0.656297
799131250 0.301378 -0.020027 -3.655202 5.840131 -0.678130 7.848784 -1.216000 0.069205 -0.639702
819109531 1.032592 0.304647 -3.096273 5.840131 -0.678130 7.848784 -1.221857 0.069205 -0.639702
839087813 1.208734 0.381877 -1.704287 5.766350 -0.701591 7.901099 -1.187564 0.071604 -0.630458
859066094 0.622637 0.131095 -0.650222 5.719023 -0.753449 7.930668 -1.236591 0.076906 -0.624765
879044375 0.208556 -0.202444 -0.334171 5.719023 -0.753449 7.930668 -1.268922 0.076906 -0.624765
899022656 0.699812 -0.152418 -0.278359 5.637029 -0.747800 7.989686 -1.178126 0.076328 -0.614433
919000938 1.202752 0.265935 -1.158312 5.599675 -0.725524 8.017958 -1.269549 0.074051 -0.609646
938979219 0.832481 0.430539 -1.823788 5.599675 -0.725524 8.017958 -1.245802 0.074051 -0.609646
958957500 0.367701 0.379194 -1.523002 5.580124 -0.727624 8.031386 -1.215330 0.074265 -0.607221
978935781 0.381961 0.250383 -0.910146 5.560968 -0.782827 8.039477 -1.229590 0.079911 -0.605139
998914063 0.734840 0.293730 -0.428587 5.560968 -0.782827 8.039477 -1.218612 0.079911 -0.605139
1018892344 0.676146 0.250395 -0.375560 5.525238 -0.821128 8.060265 -1.247144 0.083830 -0.600922
1038870677 0.215155 0.094300 -0.123030 5.525238 -0.821128 8.060265 -1.180573 0.083830 -0.600922
1058849011 0.021627 0.008105 0.214140 5.492731 -0.837501 8.080772 -1.178585 0.085505 -0.596991
1078827344 0.003192 0.075918 0.120529 5.392506 -0.842951 8.147435 -1.247260 0.086063 -0.584671
1098805677 0.050172 0.126050 0.009925 5.392506 -0.842951 8.147435 -1.153916 0.086063 -0.584671
1118784011 -0.005822 0.163514 0.024477 5.296065 -0.849087 8.209820 -1.182101 0.086691 -0.572915
1138762344 -0.188492 -0.014605 0.421507 5.252886 -0.843334 8.238104 -1.176206 0.086103 -0.567632
1158740677 -0.090891 0.008698 0.287786 5.188330 -0.833021 8.279958 -1.222994 0.085047 -0.559758
1178719011 0.263927 0.101125 -0.135130 5.101809 -0.829625 8.333886 -1.155190 0.084699 -0.549325
1198697344 0.351455 0.012825 -0.274650 5.004891 -0.832375 8.392175 -1.156248 0.084981 -0.537750
1218675677 -0.297836 -0.082240 0.016174 4.911949 -0.833185 8.446831 -1.284270 0.085064 -0.526716
1238654011 -0.285587 -0.180732 -0.053798 4.823503 -0.825796 8.498368 -1.227855 0.084308 -0.516240
1258632344 -0.142118 -0.084667 -0.235531 4.738197 -0.816575 8.547109 -1.243618 0.083364 -0.506186
1278610677 0.259097 0.058546 -0.567492 4.663686 -0.811426 8.588481 -1.195575 0.082837 -0.497466
1298589011 0.537062 0.047112 -0.684863 4.663686 -0.811426 8.588481 -1.257948 0.082837 -0.497466
1318567344 0.257858 -0.173122 -0.270107 4.503089 -0.833877 8.671634 -1.191548 0.085135 -0.478960
1338545677 0.097779 -0.353007 0.383433 4.503089 -0.833877 8.671634 -1.211259 0.085135 -0.478960
1358524011 0.236956 -0.663078 0.531654 4.398702 -0.831080 8.725314 -1.188326 0.084848 -0.466947
1378502344 0.246941 -1.286483 0.466698 4.198904 -0.778633 8.827986 -1.308025 0.079482 -0.443967
1398480677 -0.177646 -2.170739 0.668903 4.075954 -0.713417 8.890895 -1.257411 0.072813 -0.429852
1418459011 -1.171732 -2.875523 1.235891 3.937832 -0.588207 8.962024 -1.229951 0.060016 -0.413996
1438437344 -1.334725 -2.909584 0.557405 3.775023 -0.424985 9.040961 -1.183026 0.043350 -0.395541
1458415677 -0.461987 -2.368022 -1.049158 3.608794 -0.267441 9.114574 -1.232415 0.027275 -0.376999
1478394011 -0.261733 -1.444192 -1.383633 3.516485 -0.127890 9.153598 -1.308177 0.013041 -0.366781
1498372344 0.568753 -1.967046 -2.046916 3.479557 -0.031475 9.168537 -1.282478 0.003210 -0.362719
