0 -0.189626 -0.125302 0.322345 -0.320453 2.036306 9.587552 -2.046498 -0.209167 0.033411
19982291 -0.402909 -0.151751 -0.190700 -0.300959 2.043914 9.586565 -2.131824 -0.209960 0.031384
39964583 -0.407666 0.028855 -0.331610 -0.286458 2.040849 9.587662 -2.142665 -0.209641 0.029869
59946228 -0.311909 0.041990 -0.073924 -0.286458 2.040849 9.587662 -2.074898 -0.209641 0.029869
79928570 -0.168408 0.152993 -0.259711 -0.266959 2.037303 9.588980 -2.081123 -0.209271 0.027833
99910862 -0.076393 0.151435 -0.619780 -0.252172 2.039142 9.588988 -2.131126 -0.209463 0.026292
119893154 -0.034327 0.299716 -0.610702 -0.248386 2.034036 9.590172 -2.072729 -0.208931 0.025894
139875445 -0.065452 0.364922 -0.311898 -0.242522 2.008090 9.595789 -2.123106 -0.206227 0.025268
159857737 0.214401 0.452863 -0.029389 -0.193453 1.942428 9.610408 -2.089112 -0.199391 0.020127
179840029 0.092027 0.542581 -0.307214 -0.171477 1.923223 9.614687 -2.171681 -0.197394 0.017833
199822424 0.051672 0.906662 -0.414765 -0.150073 1.898069 9.620042 -2.135943 -0.194778 0.015599
219804820 0.101441 1.077646 -0.290758 -0.150073 1.898069 9.620042 -2.085848 -0.194778 0.015599
239787216 -0.102875 1.655476 0.531722 -0.134184 1.779479 9.642917 -2.145211 -0.182467 0.013914
259769612 -0.233353 2.615669 1.761617 -0.134184 1.779479 9.642917 -2.085232 -0.182467 0.013914
279752008 -0.157789 3.209569 2.285565 -0.113429 1.726758 9.652763 -2.041873 -0.177003 0.011750
299734404 0.486599 3.059437 1.887643 -0.041710 1.709844 9.656350 -2.089476 -0.175251 0.004319
319716799 1.105638 3.634273 0.960020 0.148859 1.848570 9.629694 -2.083321 -0.189636 -0.015457
339699195 0.262285 4.796322 -0.697165 0.148982 2.015272 9.596190 -2.108080 -0.206975 -0.015524
359681591 -2.197414 6.640743 -3.324940 0.148982 2.015272 9.596190 -2.095806 -0.206975 -0.015524
379663987 -3.443351 7.308929 -3.241045 0.136533 2.097389 9.578764 -2.017759 -0.215539 -0.014253
399646383 -1.894899 7.323226 -0.296212 0.124806 2.036278 9.592099 -2.067848 -0.209164 -0.013011
419628779 -0.015577 7.030359 2.350779 0.044722 1.835781 9.633187 -2.091869 -0.188309 -0.004642
439611174 -0.979257 7.970682 1.372423 0.067133 1.691609 9.659417 -2.154447 -0.173363 -0.006950
459593570 -0.565106 8.192738 1.430146 0.120456 1.458158 9.696889 -2.246853 -0.149244 -0.012421
479575966 1.768136 6.968510 3.487513 0.059884 1.271845 9.723642 -2.283976 -0.130058 -0.006159
499558362 1.703888 6.345084 3.574278 0.059884 1.271845 9.723642 -2.210362 -0.130058 -0.006159
519540758 -3.666713 7.496797 -1.961011 0.056891 0.924470 9.762813 -2.286312 -0.094410 -0.005827
539523154 -4.609261 4.465207 -4.219091 0.056891 0.924470 9.762813 -2.286312 -0.094410 -0.005827
559505549 -9.602635 -4.335665 -9.102094 0.017145 0.797421 9.774160 -2.392332 -0.081404 -0.001754
579487945 -16.167572 -21.592667 -22.407764 -0.436016 0.403679 9.788632 -2.575173 -0.041175 0.044514
599470341 -4.907119 -37.849861 -27.176825 -0.436016 0.403679 9.788632 -2.483278 -0.041175 0.044514
619452737 10.132189 -29.503094 -2.114168 -1.143504 -0.741742 9.711468 -2.447096 0.075709 0.117208
639437841 3.301943 -12.871154 28.056799 -2.649589 -2.883482 8.990862 -2.714893 0.298444 0.286585
659414820 -7.136032 1.044063 48.463715 -2.649589 -2.883482 8.990862 -2.714893 0.298444 0.286585
679392581 -8.648996 -3.468325 17.714676 -1.404224 -1.607191 9.571598 -2.493275 0.164631 0.145668
699371747 -2.444687 -8.470785 -14.920897 -1.404224 -1.607191 9.571598 -2.708302 0.164631 0.145668
719352737 2.978137 -4.861324 -22.011585 -1.107363 -0.644971 9.722558 -2.656028 0.065816 0.113408
739335549 2.214791 -2.780035 -17.152803 -0.967651 -0.111050 9.758162 -2.610011 0.011324 0.098840
759321904 -0.623583 -0.306396 -9.066177 -0.823677 -0.361870 9.765296 -2.610251 0.036909 0.084148
779307529 -0.519176 0.532368 -1.857681 -0.823677 -0.361870 9.765296 -2.601966 0.036909 0.084148
799293727 -0.292336 0.660000 1.985650 -0.894246 -0.560310 9.749706 -2.559999 0.057167 0.091464
819278050 0.151582 0.085847 3.575107 -1.197431 -0.606756 9.714339 -2.643387 0.061911 0.122646
839260394 0.666881 -0.704154 3.482163 -1.391010 -0.622879 9.687492 -2.639014 0.063559 0.142613
859242686 0.653479 -0.598819 1.824344 -1.300899 -0.612533 9.700663 -2.620507 0.062502 0.133309
879224977 0.028531 0.011724 0.361071 -1.269379 -0.556284 9.708223 -2.600106 0.056756 0.130015
899207269 -0.718815 0.256783 -0.787576 -1.296594 -0.491654 9.708115 -2.584893 0.050156 0.132772
919189561 -0.599384 0.109771 -1.016333 -1.321168 -0.452121 9.706724 -2.586983 0.046120 0.135277
939171852 -0.535732 0.189856 -1.358251 -1.335591 -0.441316 9.705246 -2.617965 0.045017 0.136756
959154144 -0.523584 0.196795 -2.164799 -1.393182 -0.475612 9.695526 -2.621446 0.048518 0.142716
979136436 -0.066213 -0.138315 -1.255401 -1.481567 -0.554102 9.678240 -2.647944 0.056533 0.151903
999118727 0.771608 -0.519205 0.643995 -1.481567 -0.554102 9.678240 -2.616213 0.056533 0.151903
1019101019 0.887124 -0.661346 1.360168 -1.540941 -0.696297 9.659764 -2.670067 0.071062 0.158189
1039083311 0.546062 -0.506907 1.460057 -1.540941 -0.696297 9.659764 -2.582877 0.071062 0.158189
1059065602 0.215437 -0.359452 1.050439 -1.563224 -0.699372 9.655962 -2.657664 0.071377 0.160500
1079047894 0.111393 -0.245377 0.486826 -1.579352 -0.666331 9.655674 -2.659607 0.067999 0.162131
1099030186 -0.339338 -0.063141 -0.067436 -1.575477 -0.628806 9.658823 -2.645107 0.064164 0.161689
1119012477 -0.235224 0.017860 -0.243450 -1.583677 -0.555720 9.661963 -2.582951 0.056698 0.162464
1138994769 -0.163427 0.032055 -0.225595 -1.583677 -0.555720 9.661963 -2.609178 0.056698 0.162464
1158977061 -0.225320 0.001744 -0.610379 -1.582201 -0.527436 9.663791 -2.539476 0.053809 0.162285
1178959352 -0.317845 0.020501 -0.554880 -1.582201 -0.527436 9.663791 -2.596940 0.053809 0.162285
1198941644 0.015595 -0.002704 0.445841 -1.637110 -0.571551 9.652129 -2.590874 0.058315 0.168012
1218923936 0.095198 0.045203 0.919735 -1.707372 -0.556709 9.640817 -2.602604 0.056799 0.175281
1238906227 -0.389152 0.049365 0.711619 -1.779076 -0.529136 9.629397 -2.571448 0.053983 0.182695
1258888519 -0.648913 0.068383 0.423113 -1.845498 -0.506991 9.618081 -2.564346 0.051722 0.189574
1278870811 -0.455216 -0.050339 0.904680 -1.890327 -0.481107 9.610702 -2.599625 0.049079 0.194211
1298853102 0.158017 -0.201611 1.561601 -1.890327 -0.481107 9.610702 -2.657213 0.049079 0.194211
1318835394 0.876637 -0.322056 1.145101 -1.867014 -0.441575 9.617154 -2.661432 0.045043 0.191749
1338817686 0.305565 -0.354321 -0.349622 -1.712750 -0.332970 9.650182 -2.605245 0.033960 0.175655
1358799977 -0.307841 -0.016819 -0.972985 -1.712750 -0.332970 9.650182 -2.550980 0.033960 0.175655
1378782269 -0.283483 0.296462 -0.783916 -1.673204 -0.269379 9.659100 -2.587594 0.027472 0.171524
1398764665 -0.287541 0.348976 -0.947345 -1.673204 -0.269379 9.659100 -2.551014 0.027472 0.171524
1418747061 -0.384876 0.416656 -0.607779 -1.649386 -0.289429 9.662616 -2.639374 0.029518 0.169068
1438729457 -0.334165 0.410435 -0.064465 -1.649386 -0.289429 9.662616 -2.554857 0.029518 0.169068
1458711852 -0.276589 0.346376 -0.360011 -1.608896 -0.329938 9.668142 -2.584152 0.033651 0.164901
1478694248 -0.266050 0.414100 -0.628564 -1.612788 -0.357418 9.666517 -2.551637 0.036455 0.165320
1498676644 -0.430754 0.594527 -0.956315 -1.612788 -0.357418 9.666517 -2.592295 0.036455 0.165320
