0 0.286476 -0.022393 -0.296712 -0.362757 1.047489 9.743796 0.707970 -0.107018 0.037212
19983646 0.327134 -0.239936 -0.443616 -0.355506 0.996373 9.749422 0.863408 -0.101777 0.036448
39967291 0.048749 -0.090920 0.443933 -0.364609 0.954433 9.753282 0.856871 -0.097479 0.037366
59950937 -0.210021 -0.069619 1.070640 -0.374042 0.946898 9.753659 0.896757 -0.096707 0.038330
79934583 -0.477829 -0.142788 0.790560 -0.374379 0.964784 9.751893 0.856844 -0.098540 0.038372
99918229 -0.644129 -0.036450 0.392323 -0.358747 0.985426 9.750416 0.849796 -0.100655 0.036776
119901875 -0.678076 0.025600 0.004969 -0.334111 1.002596 9.749541 0.821206 -0.102415 0.034256
139885521 -0.657858 0.146141 -0.308811 -0.315849 1.018915 9.748458 0.793891 -0.104088 0.032389
159869166 -0.737005 0.314992 -0.597586 -0.315849 1.018915 9.748458 0.839177 -0.104088 0.032389
179852812 -0.690071 0.392794 -0.704989 -0.303727 1.030131 9.747665 0.822477 -0.105238 0.031149
199836458 -0.364951 0.355689 -0.655351 -0.293147 1.029313 9.748075 0.830291 -0.105154 0.030063
219820104 -0.094196 0.386943 -0.837709 -0.263652 1.006879 9.751261 0.797719 -0.102854 0.027031
239803750 -0.003415 0.513020 -1.115650 -0.263652 1.006879 9.751261 0.859221 -0.102854 0.027031
259787396 0.027135 0.417024 -0.879619 -0.309184 0.933693 9.757203 0.784617 -0.095355 0.031677
279771041 0.192637 0.222386 0.115901 -0.309184 0.933693 9.757203 0.864869 -0.095355 0.031677
299754687 0.283361 0.265449 0.845854 -0.387055 0.900260 9.757567 0.924706 -0.091930 0.039646
319738333 0.487152 0.534670 1.144474 -0.452084 0.882934 9.756353 0.753170 -0.090156 0.046304
339721979 0.588611 1.051005 0.779709 -0.425989 0.884601 9.757376 0.867697 -0.090327 0.043630
359705625 0.440614 2.164910 0.249175 -0.358573 0.898937 9.758777 0.776421 -0.091795 0.036727
379689271 1.252801 3.856084 -0.111029 -0.358573 0.898937 9.758777 0.776421 -0.091795 0.036727
399672916 3.315397 6.544974 -0.783566 -0.101928 0.880844 9.766479 0.614731 -0.089942 0.010436
419656562 4.303314 10.487852 0.502595 -0.101928 0.880844 9.766479 0.764332 -0.089942 0.010436
439640208 -0.460654 17.973286 7.968782 -0.015672 0.759262 9.777201 0.836390 -0.077501 0.001603
459623854 -8.433228 23.279125 12.186152 0.659406 0.746404 9.755944 0.670501 -0.076186 -0.067488
479607500 -8.875570 21.703651 6.414787 0.659406 0.746404 9.755944 0.890293 -0.076186 -0.067488
499591146 -4.865564 17.213181 0.050471 1.063852 1.043268 9.692791 0.725803 -0.106585 -0.109319
519574791 -3.050402 10.918543 -5.690058 1.098708 2.051880 9.526437 0.458988 -0.210791 -0.114825
539558437 -1.465793 -3.424537 -14.845485 1.098708 2.051880 9.526437 0.450959 -0.210791 -0.114825
559542083 -6.110950 -17.130108 -22.258194 1.186796 1.449360 9.626072 0.443347 -0.148337 -0.122671
579525729 -12.432541 -26.828144 -19.618797 1.186796 1.449360 9.626072 0.188094 -0.148337 -0.122671
599509375 -9.479051 -35.058025 -8.797180 0.675111 0.214912 9.781023 0.181327 -0.021917 -0.068913
619493021 -0.423344 -31.720060 5.952533 -0.150621 -1.265119 9.723537 0.130178 0.129367 0.015489
639476666 5.597969 -17.866796 16.921167 -1.710639 -2.991440 9.181252 0.558231 0.309983 0.184207
659460312 4.187303 -7.367752 18.533430 -2.201880 -2.890649 9.108582 0.502364 0.299209 0.237187
679443958 0.082676 -2.363233 12.551523 -2.201880 -2.890649 9.108582 0.566157 0.299209 0.237187
699427604 -3.482680 -0.897468 2.136532 -2.058616 -1.938046 9.390232 0.457749 0.198935 0.215815
719411250 -3.467126 -1.765435 -5.241086 -2.058616 -1.938046 9.390232 0.637351 0.198935 0.215815
739394896 -0.641068 -1.624010 -7.392991 -1.452142 -1.255240 9.616966 0.430136 0.128351 0.149866
759378541 1.022963 -1.256186 -6.976430 -1.452142 -1.255240 9.616966 0.671882 0.128351 0.149866
779362187 1.577685 -0.419613 -5.841845 -1.165189 -1.138235 9.670426 0.609485 0.116330 0.119912
799345833 0.808253 0.291620 -3.248225 -1.030079 -1.113281 9.688649 0.681448 0.113768 0.105920
819329479 -0.573010 0.902540 -0.641480 -1.048294 -1.134319 9.684256 0.526583 0.115928 0.107827
839313125 -2.316961 1.358919 0.982209 -1.158465 -1.146883 9.670213 0.643709 0.117218 0.119229
859296771 -2.342714 1.162586 1.663232 -1.305246 -1.113618 9.655391 0.695511 0.113803 0.134369
879280416 -1.488119 0.406757 1.518766 -1.396398 -1.045015 9.650306 0.703547 0.106765 0.143702
899264062 -0.295514 -0.327229 0.986578 -1.392188 -0.984928 9.657231 0.580904 0.100604 0.143174
919247708 0.102267 -0.548728 0.460523 -1.337819 -0.846999 9.677976 0.709264 0.086478 0.137363
939231354 0.001652 -0.172540 0.251136 -1.337819 -0.846999 9.677976 0.619943 0.086478 0.137363
959215000 -0.738557 0.232830 -0.058640 -1.405122 -0.693185 9.680677 0.578794 0.070744 0.144140
979198646 -1.130820 0.340555 0.012060 -1.405122 -0.693185 9.680677 0.652500 0.070744 0.144140
999182291 -0.992592 0.373689 0.112069 -1.439364 -0.649658 9.678665 0.586880 0.066295 0.147633
1019165937 -0.684211 0.219063 -0.296586 -1.373390 -0.656410 9.687792 0.601320 0.066985 0.140827
1039149583 -0.378126 0.015730 -0.364841 -1.097686 -0.766483 9.714832 0.635107 0.078239 0.112514
1059133229 -0.258996 -0.101306 -0.759159 -1.020248 -0.808122 9.719899 0.638861 0.082499 0.104582
1079116875 -0.084065 -0.051252 -0.691711 -1.020248 -0.808122 9.719899 0.644638 0.082499 0.104582
1099100521 0.359946 -0.364774 0.365401 -1.018250 -0.832282 9.718069 0.663794 0.084971 0.104398
1119084166 0.445952 -0.750454 0.976356 -1.045458 -0.827592 9.715581 0.662471 0.084491 0.107194
1139067812 0.239554 -0.605394 0.577242 -1.056754 -0.786170 9.717798 0.745557 0.080253 0.108319
1159051458 -0.099757 -0.272955 -0.103358 -1.044882 -0.651752 9.729019 0.527930 0.066509 0.106988
1179035104 0.021946 -0.165818 -0.234481 -1.030066 -0.593295 9.734339 0.595569 0.060536 0.105425
1199018750 0.377074 -0.439348 -0.232761 -1.025975 -0.525400 9.738671 0.624084 0.053602 0.104963
1219002396 0.550818 -0.364616 -0.657933 -1.039684 -0.451281 9.740934 0.592007 0.046034 0.106331
1238986041 0.254217 -0.285916 -1.110174 -1.039684 -0.451281 9.740934 0.603416 0.046034 0.106331
1258969687 -0.135267 -0.115073 -1.197958 -1.057622 -0.400499 9.741223 0.617495 0.040851 0.108148
1278953333 -0.459741 0.041980 -0.479889 -1.118782 -0.398127 9.734486 0.699070 0.040609 0.114428
1298936979 -0.682979 0.121560 0.503404 -1.159042 -0.381636 9.730435 0.813911 0.038926 0.118557
1318920625 -0.621663 -0.086695 0.640904 -1.159042 -0.381636 9.730435 0.774100 0.038926 0.118557
1338904271 -0.834766 -0.582695 0.258230 -1.225094 -0.280064 9.725796 0.676924 0.028562 0.125303
1358887916 -0.633985 -0.940596 0.610352 -1.225094 -0.280064 9.725796 0.641998 0.028562 0.125303
1378871562 -0.396095 -1.403993 0.540434 -1.224205 -0.235549 9.727087 0.579989 0.024022 0.125197
1398855208 0.090351 -1.883237 0.054699 -1.104081 -0.169117 9.742833 0.634924 0.017246 0.112841
1418838854 0.724823 -2.004176 0.142180 -1.036166 -0.138994 9.750766 0.646194 0.014174 0.105868
1438822500 -0.006337 -1.633504 0.037020 -1.036166 -0.138994 9.750766 0.709115 0.014174 0.105868
1458806146 -0.729648 -0.746898 -0.673360 -0.951183 -0.099771 9.759902 0.776690 0.010174 0.097151
1478789791 -0.465968 0.332946 -0.815485 -0.855103 -0.063895 9.769089 0.829994 0.006516 0.087309
1498773437 -0.098386 0.587616 -1.013659 -0.746074 -0.011065 9.778222 0.745710 0.001128 0.076152
