0 0.010593 0.014770 0.526727 0.462890 0.441291 9.785774 -2.670830 -0.045014 -0.047267
19978802 -0.128701 0.137583 0.391826 0.472769 0.457383 9.784563 -2.630832 -0.046657 -0.048280
39957604 0.074501 0.332160 0.444994 0.489893 0.497582 9.781758 -2.655113 -0.050761 -0.050040
59936406 0.525822 0.458407 0.188972 0.512886 0.548694 9.777845 -2.574883 -0.055980 -0.052406
79915208 0.499615 0.645360 -0.371972 0.524838 0.587125 9.774980 -2.675083 -0.059906 -0.053640
99894010 -0.233127 0.873879 -0.348903 0.534260 0.617512 9.772595 -2.641337 -0.063010 -0.054615
119872813 -0.409463 1.188493 -0.374758 0.533414 0.638439 9.771298 -2.607413 -0.065149 -0.054536
139851615 -0.517089 1.934490 -0.205065 0.535675 0.659103 9.769802 -2.647930 -0.067260 -0.054775
159830417 -0.804150 2.678911 0.084993 0.568870 0.686044 9.766069 -2.638969 -0.070014 -0.058184
179809219 -1.152964 3.765725 0.399054 0.615827 0.725017 9.760405 -2.619771 -0.073999 -0.063011
199788021 -1.660115 5.286742 0.706027 0.634030 0.779995 9.754999 -2.609214 -0.079621 -0.064904
219766823 -2.202572 6.717291 1.502212 0.615285 0.862752 9.749229 -2.646377 -0.088090 -0.063028
239745625 -0.829185 7.862322 2.257848 0.596807 0.966869 9.740604 -2.654164 -0.098754 -0.061193
259724427 1.807018 9.755424 2.564713 0.596807 0.966869 9.740604 -2.567658 -0.098754 -0.061193
279703229 2.406456 12.077898 2.454032 0.397037 1.226028 9.721604 -2.748200 -0.125348 -0.040818
299682031 -0.213404 12.417860 2.820980 0.397037 1.226028 9.721604 -2.705438 -0.125348 -0.040818
319660833 -2.784729 11.802065 1.303929 0.264942 1.580591 9.674809 -2.677990 -0.161882 -0.027378
339639635 0.047820 11.577746 -5.381732 0.264942 1.580591 9.674809 -2.622708 -0.161882 -0.027378
359618438 2.951642 6.626044 -7.808699 -0.030964 1.539721 9.684973 -2.559872 -0.157660 0.003197
379597240 6.515343 -1.785247 -1.810942 -0.380507 1.299305 9.712744 -2.680451 -0.132883 0.039156
399576042 13.549159 -12.133704 -3.097991 -0.327533 1.146033 9.733947 -2.659484 -0.117130 0.033636
419554844 13.467951 -23.355213 -11.265727 -0.026805 0.817600 9.772472 -2.398338 -0.083469 0.002743
439533594 -4.416496 -26.334782 -0.223565 -0.903857 -1.138354 9.698329 -2.615206 0.116342 0.092929
459512344 -20.109100 -17.740528 14.051721 -0.903857 -1.138354 9.698329 -2.579724 0.116342 0.092929
479491094 -9.992206 -9.898652 11.814040 -1.226878 -1.446309 9.621505 -2.813696 0.148022 0.126830
499469844 1.424133 -2.714796 4.642500 -0.653118 -1.340654 9.692599 -2.766139 0.137138 0.067281
519448594 6.608132 -2.891067 -1.888286 -0.032218 -0.769418 9.776366 -2.668965 0.078539 0.003295
539427344 5.326680 -1.891712 -5.494177 -0.324100 -0.508819 9.788077 -2.650750 0.051908 0.033100
559406094 0.862077 -2.079773 -6.795308 -0.324100 -0.508819 9.788077 -2.655735 0.051908 0.033100
579384844 -2.123752 -1.336274 -7.851254 -0.544687 -0.314254 9.786468 -2.640078 0.032050 0.055600
599363594 -1.092704 -0.347631 -6.024921 -0.545767 -0.235169 9.788627 -2.708896 0.023983 0.055698
619342344 -0.134944 -0.369950 -3.692665 -0.078517 -0.234882 9.803522 -2.583398 0.023954 0.008009
639321094 -0.074024 -0.520972 -2.953586 0.071795 -0.271193 9.802637 -2.628160 0.027658 -0.007324
659299844 0.478993 -0.322421 -1.898009 0.108303 -0.316906 9.800930 -2.709797 0.032321 -0.011050
679278594 0.988783 0.135304 -1.190879 0.108303 -0.316906 9.800930 -2.576141 0.032321 -0.011050
699257344 0.250220 0.215780 -0.453399 0.101594 -0.367857 9.799221 -2.619402 0.037520 -0.010367
719236094 -0.795820 -0.064121 0.081215 0.234054 -0.441993 9.793888 -2.689639 0.045086 -0.023893
739214844 -0.562248 -0.316261 -0.100415 0.234054 -0.441993 9.793888 -2.660001 0.045086 -0.023893
759193594 0.541393 -0.274987 0.161035 0.331604 -0.482346 9.789166 -2.645512 0.049205 -0.033862
779172344 0.513852 -0.238943 0.572496 0.382825 -0.518976 9.785423 -2.699133 0.052946 -0.039102
799151094 0.094877 0.032624 0.702452 0.415202 -0.540595 9.782931 -2.661618 0.055153 -0.042416
819129844 0.642663 0.007998 0.938302 0.489427 -0.553316 9.778788 -2.639241 0.056453 -0.050008
839108594 1.506388 -0.005373 0.370378 0.664051 -0.558047 9.768213 -2.577751 0.056936 -0.067876
859087344 1.584839 -0.105889 0.235485 0.664051 -0.558047 9.768213 -2.606208 0.056936 -0.067876
879066094 1.353267 -0.172283 0.631876 0.734263 -0.572466 9.762353 -2.625027 0.058408 -0.075072
899044844 1.079847 -0.298041 0.646688 0.822121 -0.577733 9.755036 -2.622112 0.058947 -0.084078
919023594 0.249585 -0.453946 0.756669 0.880870 -0.544653 9.751810 -2.594122 0.055568 -0.090084
939002344 -0.741642 -0.276547 0.607126 0.875317 -0.496613 9.754874 -2.611816 0.050662 -0.089492
958981094 -1.029283 -0.251471 0.021545 0.885132 -0.449730 9.756263 -2.608135 0.045876 -0.090477
978959844 -0.700804 -0.002587 -0.426767 0.885132 -0.449730 9.756263 -2.601861 0.045876 -0.090477
998938594 -0.257003 0.246392 -0.453014 0.897064 -0.415973 9.756672 -2.625340 0.042430 -0.091686
1018917396 -0.542085 0.219958 -0.343753 0.935298 -0.375080 9.754738 -2.556898 0.038257 -0.095589
1038896198 -0.755663 0.179103 -0.046978 0.981398 -0.358152 9.750845 -2.602859 0.036529 -0.100310
1058875000 -0.237548 0.089979 -0.067541 0.981398 -0.358152 9.750845 -2.656023 0.036529 -0.100310
1078853802 0.180740 0.096263 0.088777 1.008055 -0.327917 9.749188 -2.630415 0.033444 -0.103033
1098832604 0.049565 -0.245172 -0.087066 0.976276 -0.312230 9.752937 -2.624200 0.031844 -0.099768
1118811406 -1.121880 -0.142131 -0.284677 0.945281 -0.309924 9.756063 -2.594064 0.031609 -0.096590
1138790208 -2.022630 -0.248696 -0.253276 0.945281 -0.309924 9.756063 -2.583655 0.031609 -0.096590
1158769010 -1.844266 -0.194293 0.083979 1.002191 -0.339401 9.749400 -2.627570 0.034616 -0.102435
1178747813 -1.040863 -0.038052 0.309031 1.056460 -0.337500 9.743735 -2.616782 0.034422 -0.108003
1198726615 0.161687 0.275300 0.297846 1.061081 -0.320164 9.743818 -2.591184 0.032653 -0.108470
1218705417 1.097337 0.589439 -0.106787 1.045245 -0.303673 9.746057 -2.590759 0.030971 -0.106840
1238684219 1.017210 0.493790 -0.121593 1.043937 -0.289427 9.746632 -2.564561 0.029518 -0.106701
1258663021 0.224972 0.174044 -0.338538 1.043937 -0.289427 9.746632 -2.572701 0.029518 -0.106701
1278641823 -0.478436 -0.185376 0.239805 1.016996 -0.285919 9.749582 -2.613399 0.029160 -0.103936
1298620625 -0.442121 -0.281491 0.445324 0.950544 -0.218144 9.758036 -2.671991 0.022246 -0.097105
1318599427 -0.047380 -0.277806 0.003467 0.948654 -0.173776 9.759111 -2.576210 0.017721 -0.096903
1338578229 0.313656 -0.491226 0.007103 0.948654 -0.173776 9.759111 -2.597141 0.017721 -0.096903
1358557031 0.284396 -0.689804 -0.044425 0.913790 -0.068056 9.763746 -2.571190 0.006940 -0.093318
1378535833 -0.014324 -0.934442 -0.125738 0.857855 -0.000466 9.769057 -2.641572 0.000048 -0.087589
1398514635 -0.852871 -1.333307 -0.075759 0.867671 0.087281 9.767799 -2.649043 -0.008900 -0.088597
1418493438 -2.136029 -1.520602 -0.020275 0.867671 0.087281 9.767799 -2.668197 -0.008900 -0.088597
1438472240 -2.138446 -1.695185 -0.349065 1.191925 0.296695 9.729424 -2.603990 -0.030259 -0.121900
1458451042 -1.073815 -1.913661 -0.309007 1.191925 0.296695 9.729424 -2.695662 -0.030259 -0.121900
1478429844 0.802471 -3.321889 0.446881 1.311472 0.381452 9.711072 -2.677334 -0.038907 -0.134237
1498408646 0.256863 -3.233656 1.782414 1.311371 0.691139 9.693968 -2.626354 -0.070535 -0.134461
