0 -0.086445 -0.175928 0.306337 -0.245600 0.550210 9.788122 -2.302335 -0.056135 0.025086
19982188 0.190467 -0.306017 0.312769 -0.245600 0.550210 9.788122 -2.343795 -0.056135 0.025086
39964375 0.174385 -0.158733 -0.072852 -0.247572 0.576118 9.786582 -2.228557 -0.058782 0.025292
59946563 0.082829 0.065797 -0.226279 -0.278862 0.591833 9.784802 -2.302279 -0.060387 0.028492
79928750 0.064265 0.119097 0.216612 -0.281682 0.593187 9.784639 -2.292178 -0.060525 0.028780
99910938 0.127671 -0.086874 0.275928 -0.263123 0.585296 9.785631 -2.313876 -0.059719 0.026882
119893125 0.171934 -0.233458 0.194895 -0.263123 0.585296 9.785631 -2.310944 -0.059719 0.026882
139875313 0.052095 -0.021362 0.256499 -0.261388 0.588408 9.785491 -2.316233 -0.060037 0.026705
159857500 -0.109011 0.140344 0.084694 -0.284925 0.603952 9.783887 -2.272150 -0.061625 0.029114
179839688 -0.066754 0.076302 -0.032630 -0.284925 0.603952 9.783887 -2.384542 -0.061625 0.029114
199821875 0.059862 -0.012923 0.000255 -0.356467 0.618516 9.780632 -2.306849 -0.063113 0.036430
219804063 0.104169 -0.045255 -0.016499 -0.356467 0.618516 9.780632 -2.301255 -0.063113 0.036430
239786250 0.187339 0.074228 0.054402 -0.396494 0.619773 9.779011 -2.285653 -0.063241 0.040523
259768438 0.031116 0.143253 0.149558 -0.441035 0.600676 9.778296 -2.340177 -0.061290 0.045073
279750625 -0.058733 0.249701 0.501922 -0.441035 0.600676 9.778296 -2.294303 -0.061290 0.045073
299732813 0.029401 0.058692 0.462868 -0.431740 0.588841 9.779430 -2.278408 -0.060081 0.044119
319715000 0.265295 0.121243 0.567434 -0.411213 0.577580 9.780987 -2.289170 -0.058931 0.042017
339697188 0.154524 0.556543 0.878513 -0.445671 0.687891 9.772337 -2.334036 -0.070203 0.045574
359679375 -0.005546 1.022412 0.577075 -0.469031 0.816952 9.761300 -2.273608 -0.083403 0.048013
379661563 -0.798228 1.790516 -0.848886 -0.469031 0.816952 9.761300 -2.327069 -0.083403 0.048013
399643750 -0.227089 2.640829 -1.754648 -0.648297 0.996282 9.734347 -2.307843 -0.101768 0.066501
419625938 0.644480 3.542033 -0.621620 -0.648297 0.996282 9.734347 -2.305802 -0.101768 0.066501
439608125 0.891508 4.418876 -0.456745 -1.250528 1.238158 9.647462 -2.383212 -0.126595 0.128904
459590313 0.997996 4.537558 -1.817850 -1.250528 1.238158 9.647462 -2.229376 -0.126595 0.128904
479572500 -1.408621 4.303278 1.653134 -1.321457 0.979217 9.667744 -2.312226 -0.100019 0.135845
499554688 -3.849335 7.777286 5.332242 -1.185864 1.018414 9.681268 -2.308783 -0.104037 0.121883
519536875 -4.319978 8.873501 1.232847 -1.242648 1.292287 9.641379 -2.174030 -0.132161 0.128180
539519063 -5.102942 9.549464 -3.973405 -1.242648 1.292287 9.641379 -2.308890 -0.132161 0.128180
559501250 -2.268815 9.196823 -2.900326 -1.279998 1.472227 9.610647 -2.368310 -0.150695 0.132406
579483438 1.904678 9.784041 1.986751 -0.959791 1.385059 9.660787 -2.433028 -0.141711 0.099024
599465625 -0.993795 12.533960 3.510260 -0.959791 1.385059 9.660787 -2.469223 -0.141711 0.099024
619447813 -5.084183 12.970815 -0.830843 -0.500310 1.264907 9.711853 -2.589019 -0.129345 0.051470
639430000 -3.748235 9.222151 -3.649744 0.254208 1.076920 9.744024 -2.454255 -0.110037 -0.026083
659412188 -11.093013 4.634643 -12.381865 0.380753 1.019129 9.746117 -2.499865 -0.104110 -0.039047
679394375 -13.308252 -12.295691 -24.299442 0.479980 0.429107 9.785493 -2.566302 -0.043771 -0.049011
699376563 -7.470241 -36.326736 -27.210941 0.353046 -0.853031 9.763099 -2.697521 0.087095 -0.036146
719358750 9.044479 -47.844406 -14.942402 0.353046 -0.853031 9.763099 -2.267709 0.087095 -0.036146
739340938 12.698187 -34.002949 11.375652 -1.794530 -3.166070 9.106375 -2.715894 0.328738 0.194570
759323125 -10.660814 -3.149686 33.780254 -1.794530 -3.166070 9.106375 -2.515060 0.328738 0.194570
779305313 -20.008556 8.446550 35.820595 -3.074304 -2.203395 9.047877 -2.803140 0.226619 0.327543
799287500 -10.482200 -1.683012 6.405235 -3.074304 -2.203395 9.047877 -3.092184 0.226619 0.327543
819269688 1.249545 -10.726167 -13.578493 -0.975444 -0.897491 9.716657 -2.758401 0.091647 0.100054
839251927 7.504569 -7.745196 -12.069737 -0.975444 -0.897491 9.716657 -2.909955 0.091647 0.100054
859234219 5.736639 -3.876921 -9.410120 0.062402 -0.304707 9.801717 -2.813659 0.031077 -0.006366
879216511 1.305186 0.000931 -9.733829 0.084087 -0.135734 9.805350 -2.655575 0.013842 -0.008575
899198802 -1.764457 2.900980 -6.634537 0.084087 -0.135734 9.805350 -2.650019 0.013842 -0.008575
919181094 -2.097494 3.072865 -2.882471 -0.333207 -0.132521 9.800092 -2.644672 0.013514 0.033987
939163386 -1.377697 1.746145 -0.885116 -0.515115 -0.229276 9.790428 -2.677765 0.023382 0.052566
959145677 -0.208836 0.105808 0.519423 -0.515115 -0.229276 9.790428 -2.603454 0.023382 0.052566
979127969 0.189367 -0.704435 2.540380 -0.615951 -0.383855 9.779757 -2.676294 0.039152 0.062899
999110261 0.859256 -1.304475 4.148973 -0.668590 -0.517412 9.770142 -2.712914 0.052786 0.068325
1019092552 0.403905 -1.340667 3.102717 -0.697511 -0.531934 9.767339 -2.695461 0.054269 0.071292
1039074844 -0.396032 -0.792333 0.933978 -0.722534 -0.435014 9.770317 -2.697435 0.044374 0.073818
1059057136 -0.925217 -0.197950 -0.741336 -0.712746 -0.310073 9.775799 -2.658009 0.031624 0.072780
1079039427 -1.085960 0.138503 -1.394651 -0.694270 -0.129646 9.781185 -2.645493 0.013221 0.070861
1099021719 -0.450980 0.086651 -1.256028 -0.714067 -0.061035 9.780428 -2.688209 0.006224 0.072881
1119004011 0.125208 -0.114822 -1.810480 -0.740010 -0.032036 9.778637 -2.692597 0.003267 0.075532
1138986198 0.611883 -0.293656 -1.456779 -0.740010 -0.032036 9.778637 -2.690120 0.003267 0.075532
1158968386 0.524232 -0.102305 -1.141452 -0.755386 -0.049704 9.777388 -2.758432 0.005068 0.077105
1178950573 0.169613 -0.079734 -0.797469 -0.788075 -0.083096 9.774580 -2.706398 0.008474 0.080451
1198932761 -0.116985 0.129830 -0.573054 -0.867663 -0.108190 9.767591 -2.791426 0.011033 0.088598
1218914948 -0.564468 0.101373 -0.138446 -1.071331 -0.169812 9.746476 -2.730404 0.017317 0.109480
1238897136 -0.705043 0.116006 0.463857 -1.117484 -0.218118 9.740331 -2.676809 0.022244 0.114228
1258879323 -0.865090 0.139256 1.153575 -1.117484 -0.218118 9.740331 -2.646732 0.022244 0.114228
1278861511 -0.427104 0.101477 0.780001 -1.125972 -0.203318 9.739675 -2.680914 0.020734 0.115096
1298843698 -0.038349 0.022668 -0.349885 -1.125972 -0.203318 9.739675 -2.701694 0.020734 0.115096
1318825886 0.215324 0.046411 -1.059130 -1.146080 -0.155546 9.738209 -2.750948 0.015862 0.117150
1338808073 0.577134 0.212170 -0.982842 -1.182524 -0.133785 9.734173 -2.709664 0.013643 0.120889
1358790261 0.817616 0.302690 -0.720578 -1.408479 -0.112222 9.704328 -2.788573 0.011444 0.144133
1378772448 1.379522 -0.249169 -0.328377 -1.662976 -0.058400 9.664444 -2.720971 0.005955 0.170403
1398754636 1.538231 -0.886524 0.442580 -1.959508 0.021185 9.608865 -2.729914 -0.002160 0.201169
1418736823 0.526038 -0.578155 1.018319 -1.959508 0.021185 9.608865 -2.659549 -0.002160 0.201169
1438719011 -0.337107 0.025339 1.092683 -2.236695 0.113342 9.547499 -2.747694 -0.011558 0.230120
1458701198 -1.227405 0.661418 0.683842 -2.236695 0.113342 9.547499 -2.702372 -0.011558 0.230120
1478683386 -1.452076 1.032822 0.338352 -2.197977 0.114408 9.556474 -2.798720 -0.011667 0.226067
1498665573 -0.983272 0.865232 -0.435066 -2.043507 0.126196 9.590544 -2.720141 -0.012869 0.209936
