0 0.261677 -0.349845 0.654457 -0.164146 1.154561 9.737065 -2.266268 -0.118006 0.016856
19982292 0.037200 -0.550027 -0.544353 -0.076840 1.120451 9.742128 -2.226942 -0.114504 0.007887
39964584 -0.248361 -0.144052 -0.089858 -0.047127 1.068237 9.748181 -2.178976 -0.109146 0.004834
59946875 -0.185778 0.129681 0.602246 -0.049850 1.050203 9.750127 -2.211266 -0.107297 0.005113
79929167 -0.191548 0.122908 0.594723 -0.049850 1.050203 9.750127 -2.235262 -0.107297 0.005113
99911459 -0.265426 0.059764 0.078286 -0.102741 1.106227 9.743516 -2.158159 -0.113044 0.010544
119893750 -0.227668 0.096096 -0.115659 -0.102741 1.106227 9.743516 -2.163533 -0.113044 0.010544
139876042 -0.337964 0.304669 -0.087186 -0.089902 1.120333 9.742030 -2.221096 -0.114492 0.009228
159858334 -0.410261 0.444878 -0.152208 -0.072438 1.114234 9.742875 -2.169924 -0.113866 0.007435
179840625 -0.560821 0.527527 0.040436 -0.072438 1.114234 9.742875 -2.205045 -0.113866 0.007435
199822917 -0.507971 0.487025 -0.243169 -0.075226 1.127548 9.741323 -2.174920 -0.115233 0.007722
219805209 -0.324840 0.368316 -0.467144 -0.112994 1.163092 9.736777 -2.223060 -0.118882 0.011604
239787500 -0.058136 0.505457 -0.313364 -0.123563 1.155335 9.737573 -2.153565 -0.118086 0.012689
259769792 0.077026 0.801937 0.277859 -0.123563 1.155335 9.737573 -2.192947 -0.118086 0.012689
279752084 0.230481 0.806980 0.500166 -0.129437 1.145948 9.738605 -2.206382 -0.117122 0.013290
299734375 0.227895 0.668370 0.494102 -0.139275 1.145342 9.738542 -2.197793 -0.117060 0.014300
319716667 0.156860 0.947670 0.474924 -0.171444 1.198794 9.731592 -2.174762 -0.122549 0.017615
339698959 0.241770 1.424053 -0.284269 -0.171444 1.198794 9.731592 -2.168199 -0.122549 0.017615
359681250 -0.024465 2.422109 -1.403674 -0.199048 1.332072 9.713719 -2.159823 -0.136255 0.020489
379663542 -0.406203 3.501369 -2.371938 -0.199048 1.332072 9.713719 -2.221743 -0.136255 0.020489
399645834 -0.428079 4.219788 -2.903222 -0.142217 1.309506 9.717785 -2.168728 -0.133933 0.014634
419628125 -0.392362 5.349215 -2.168425 -0.110392 1.211759 9.730870 -2.213141 -0.123882 0.011344
439610417 -0.833586 6.870599 -1.374530 -0.110392 1.211759 9.730870 -2.195563 -0.123882 0.011344
459592709 -1.950535 8.470931 -0.103570 -0.122165 1.089856 9.745136 -2.171590 -0.111364 0.012535
479575000 -1.526743 10.885443 3.040439 -0.308436 0.880197 9.762198 -2.192565 -0.089876 0.031584
499557292 0.786347 12.189361 5.832786 -0.364601 0.912656 9.757280 -2.344524 -0.093200 0.037350
519539584 5.110793 12.074076 6.849078 -0.450694 1.126659 9.731284 -2.216448 -0.115142 0.046281
539521875 3.701447 12.125933 3.581635 -0.405329 1.411281 9.696101 -2.250775 -0.144412 0.041779
559504167 -4.554582 12.267712 -3.826174 -0.011373 1.508716 9.689894 -2.259262 -0.154460 0.001174
579486459 -11.947633 6.528002 -8.199603 -0.011373 1.508716 9.689894 -2.412757 -0.154460 0.001174
599468750 -9.828625 -10.660482 -11.680757 0.466234 1.519720 9.676955 -2.387777 -0.155595 -0.048143
619451042 -11.665533 -26.099062 -24.851807 -0.022833 1.034050 9.751954 -2.463506 -0.105640 0.002341
639433438 -7.516835 -30.577858 -8.872833 -0.022833 1.034050 9.751954 -2.258198 -0.105640 0.002341
659415834 5.882745 -25.239397 19.542477 -0.701143 -0.152743 9.780361 -2.486130 0.015576 0.071566
679398229 9.228044 -14.462766 26.232708 -1.672558 -0.615707 9.643332 -2.650563 0.062826 0.171734
699380625 5.035686 -6.850883 12.613018 -1.672558 -0.615707 9.643332 -2.705766 0.062826 0.171734
719363021 -2.138699 -4.062222 4.095866 -1.723821 0.355019 9.647424 -2.650517 -0.036210 0.176816
739345417 -5.587173 -1.971967 -1.150843 -1.393062 0.734075 9.679406 -2.646098 -0.074925 0.142939
759327813 -2.321940 -2.258020 -4.039803 -1.393062 0.734075 9.679406 -2.673303 -0.074925 0.142939
779310209 0.139299 -2.021724 -5.500236 -0.481936 1.042055 9.739212 -2.535667 -0.106461 0.049444
799292604 -0.358648 0.285260 -5.856378 -0.481936 1.042055 9.739212 -2.598663 -0.106461 0.049444
819275000 -0.499717 0.963111 -3.002870 0.015965 0.903302 9.764946 -2.515406 -0.092242 -0.001635
839257396 0.490205 0.168539 -0.713142 -0.052704 0.885874 9.766413 -2.608063 -0.090457 0.005396
859239792 0.791516 -0.567364 0.097996 -0.052704 0.885874 9.766413 -2.544825 -0.090457 0.005396
879222188 0.462943 -0.398765 1.198313 -0.253420 0.833873 9.767846 -2.612659 -0.085134 0.025939
899204584 -0.653883 0.054638 1.510049 -0.313376 0.822833 9.767043 -2.584703 -0.084004 0.032074
919186979 -1.004067 0.172818 1.418535 -0.341801 0.835953 9.764976 -2.590020 -0.085347 0.034988
939169375 -1.037053 0.261302 0.954079 -0.341801 0.835953 9.764976 -2.565748 -0.085347 0.034988
959151771 -0.681906 0.213333 -0.103020 -0.337964 0.913347 9.758173 -2.579997 -0.093271 0.034620
979134063 -0.548439 -0.007379 -0.613276 -0.337964 0.913347 9.758173 -2.534476 -0.093271 0.034620
999116354 -0.349666 0.111508 -0.981977 -0.393309 0.988112 9.748812 -2.538697 -0.100931 0.040322
1019098646 -0.620129 0.206215 -1.462468 -0.449682 0.999675 9.745195 -2.649733 -0.102116 0.046111
1039080938 -0.578639 0.158971 -1.438099 -0.494529 0.960834 9.746929 -2.536404 -0.098135 0.050693
1059063229 -0.260099 -0.145981 -0.211948 -0.494529 0.960834 9.746929 -2.502451 -0.098135 0.050693
1079045521 0.187663 -0.279812 0.425063 -0.496954 0.893621 9.753198 -2.591292 -0.091251 0.050909
1099027813 0.300723 -0.320027 -0.242924 -0.469928 0.846948 9.758700 -2.585305 -0.086472 0.048118
1119010104 0.358363 -0.280725 -0.394296 -0.541232 0.816588 9.757593 -2.503392 -0.083365 0.055411
1138992396 0.618507 -0.470640 -0.072917 -0.625388 0.810042 9.753108 -2.535129 -0.082696 0.064034
1158974688 0.369370 -0.385726 0.740393 -0.625388 0.810042 9.753108 -2.639077 -0.082696 0.064034
1178956979 -0.053450 -0.472866 1.283522 -0.834830 0.913503 9.728256 -2.601050 -0.093287 0.085605
1198939271 -0.275202 -0.170349 0.580531 -0.918171 1.026647 9.709446 -2.603788 -0.104881 0.094284
1218921563 -0.740643 0.218838 -0.464293 -0.918171 1.026647 9.709446 -2.585984 -0.104881 0.094284
1238903854 -0.736634 0.589183 -1.045136 -0.997754 1.132556 9.689798 -2.559712 -0.115747 0.102608
1258886146 0.132658 0.315318 -1.122200 -1.080020 1.214217 9.671072 -2.563458 -0.124134 0.111215
1278868438 0.815237 -0.375271 -0.728239 -1.165440 1.261879 9.655041 -2.569337 -0.129034 0.120127
1298850729 0.743849 -0.557446 -0.111209 -1.221768 1.258285 9.648543 -2.544762 -0.128664 0.125957
1318833021 0.349559 -0.311762 0.067654 -1.241884 1.219666 9.650933 -2.578115 -0.124694 0.127977
1338815313 -0.016135 0.047646 0.003141 -1.252603 1.181824 9.654257 -2.581371 -0.120806 0.129025
1358797604 -0.399480 0.158800 -0.069693 -1.394426 1.175884 9.635521 -2.558401 -0.120196 0.143719
1378779896 -0.506363 0.365102 -0.261532 -1.468430 1.178105 9.624249 -2.577376 -0.120424 0.151408
1398762188 -0.524090 0.604280 -0.597835 -1.468430 1.178105 9.624249 -2.538059 -0.120424 0.151408
1418744479 -0.668419 0.233521 0.245919 -1.569062 1.141478 9.612777 -2.586467 -0.116663 0.161800
1438726771 -1.113912 0.453543 1.185436 -1.569062 1.141478 9.612777 -2.594473 -0.116663 0.161800
1458709063 -1.158175 0.655768 0.395469 -1.549291 1.200365 9.608809 -2.572977 -0.122711 0.159861
1478691354 -1.222727 0.631213 -0.340736 -1.549291 1.200365 9.608809 -2.629305 -0.122711 0.159861
1498673646 -1.027937 0.491555 -0.408084 -1.530029 1.235035 9.607502 -2.627106 -0.126274 0.157927
