0 0.645228 -0.642039 0.865693 0.361884 -0.151610 9.798799 -1.275842 0.015461 -0.036915
19985208 0.282285 -0.347562 -0.178271 0.360726 -0.129535 9.799157 -1.574118 0.013209 -0.036795
39970416 -0.084771 -0.076406 -0.347923 0.360726 -0.129535 9.799157 -1.405232 0.013209 -0.036795
59955625 -0.264105 0.089252 -0.042342 0.327248 -0.115418 9.800508 -1.283824 0.011770 -0.033378
79940833 -0.299942 0.172759 0.114433 0.290385 -0.101182 9.801827 -1.376348 0.010318 -0.029617
99926041 -0.077113 0.062194 -0.027026 0.268351 -0.081350 9.802640 -1.282695 0.008296 -0.027369
119911250 0.068734 0.035113 -0.258225 0.263433 -0.061487 9.802918 -1.295324 0.006270 -0.026866
139896458 -0.181277 0.238621 -0.354720 0.257386 -0.050907 9.803140 -1.249071 0.005191 -0.026249
159881666 -0.285337 0.288489 -0.059867 0.257386 -0.050907 9.803140 -1.365605 0.005191 -0.026249
179866875 -0.178692 0.191756 0.421821 0.248721 -0.065084 9.803279 -1.459909 0.006637 -0.025366
199852083 -0.003260 0.043064 0.479237 0.242531 -0.071449 9.803391 -1.296726 0.007286 -0.024734
219837291 0.176229 -0.085696 0.109606 0.241898 -0.063949 9.803458 -1.436253 0.006521 -0.024670
239822500 0.148387 0.108398 0.111058 0.237188 -0.057245 9.803615 -1.340686 0.005837 -0.024189
259807708 -0.117388 0.536583 0.226558 0.221644 -0.054868 9.803991 -1.328427 0.005595 -0.022604
279792916 -0.399851 1.074253 0.250912 0.187404 -0.042071 9.804770 -1.346085 0.004290 -0.019111
299778125 -0.245960 1.624616 0.418650 0.145785 -0.013951 9.805556 -1.373038 0.001423 -0.014866
319763333 -0.059584 2.288163 0.125972 0.125690 0.032907 9.805789 -1.331732 -0.003356 -0.012817
339748437 -0.534846 3.482838 -0.591825 0.118857 0.093753 9.805481 -1.312589 -0.009560 -0.012121
359733541 -0.485845 4.433469 -0.573777 0.078475 0.165063 9.804948 -1.301120 -0.016832 -0.008003
379718645 -0.135152 5.229620 0.429240 -0.024893 0.243410 9.803597 -1.437867 -0.024823 0.002539
399703750 -0.677295 6.905968 0.387304 -0.157313 0.361752 9.798714 -1.363281 -0.036897 0.016053
419688854 -1.211975 11.457272 -1.531139 -0.329246 0.539742 9.786248 -1.269730 -0.055066 0.033631
439673958 -0.711679 16.634899 -2.849632 -0.540642 0.725035 9.764856 -1.144379 -0.074000 0.055310
459659062 -2.267121 18.823997 2.414874 -1.066208 0.876510 9.709033 -1.037021 -0.089499 0.109378
479644166 -2.868710 19.196392 6.040687 -1.329690 1.253800 9.634848 -0.897528 -0.128203 0.137142
499629270 -3.191447 15.698092 -0.523879 -1.329690 1.253800 9.634848 -1.145364 -0.128203 0.137142
519614375 -1.561203 4.258191 -6.814559 -1.594190 1.808622 9.505673 -0.967403 -0.185490 0.166163
539599479 -6.107330 -9.726883 -10.583280 -1.724379 2.225771 9.393765 -0.856780 -0.228961 0.181545
559584583 -16.599783 -18.220156 -16.374163 -1.751171 1.744712 9.489983 -0.783659 -0.178863 0.182476
579569687 -12.321081 -31.634598 -11.336859 -1.606286 0.590228 9.656183 -0.851845 -0.060223 0.164839
599554791 4.754881 -42.201374 2.405993 -1.606286 0.590228 9.656183 -0.573229 -0.060223 0.164839
619539895 17.150816 -28.427002 18.287292 -1.020401 -1.097316 9.691494 -0.827557 0.112130 0.104902
639525000 15.482266 -12.293231 19.075325 -0.392935 -2.471928 9.481854 -1.230972 0.254815 0.041417
659510104 6.251880 -4.374243 12.279841 -1.040871 -1.817100 9.580455 -1.250701 0.186370 0.108221
679495208 -2.368907 -2.097750 2.452989 -1.646781 -0.942876 9.621304 -1.205311 0.096295 0.169517
699480312 -7.578077 -0.989609 -4.591130 -1.646781 -0.942876 9.621304 -1.367736 0.096295 0.169517
719465416 -9.078294 0.297820 -7.453579 -1.949459 -0.206218 9.608718 -1.297186 0.021030 0.200168
739450520 -5.452620 0.917686 -6.971145 -1.875206 0.274567 9.621778 -1.033549 -0.028002 0.192479
759435625 -0.747327 -0.030819 -6.315292 -1.400860 0.478238 9.694290 -1.090607 -0.048786 0.143510
779420781 2.385269 -0.164317 -6.380045 -0.159413 0.332782 9.799705 -1.091633 -0.033941 0.016266
799405989 4.544913 -0.523165 -4.915902 0.098819 0.172789 9.804629 -1.148071 -0.017621 -0.010078
819391197 5.798877 -1.953799 -2.907677 0.098819 0.172789 9.804629 -1.156211 -0.017621 -0.010078
839376406 5.414440 -2.972822 -0.508192 -0.154111 -0.044460 9.805338 -1.063774 0.004534 0.015716
859361614 3.457737 -2.603328 1.378518 -0.417128 -0.074221 9.797494 -1.094939 0.007568 0.042549
879346822 1.112242 -1.514337 1.597806 -0.417128 -0.074221 9.797494 -1.273488 0.007568 0.042549
899332031 -0.930289 -0.256637 0.940539 -0.905355 0.033655 9.764710 -1.166896 -0.003432 0.092453
919317239 -2.253480 0.744353 0.495540 -0.905355 0.033655 9.764710 -1.096278 -0.003432 0.092453
939302447 -2.310692 1.075798 -0.484394 -1.064376 0.097103 9.748233 -1.043531 -0.009902 0.108756
959287656 -1.534007 0.968291 -0.627789 -1.137628 0.118089 9.739724 -1.120891 -0.012042 0.116276
979272864 -1.134565 0.753315 -0.328738 -1.145732 0.078956 9.739171 -1.132811 -0.008051 0.117103
999258072 -0.751081 0.463710 0.757239 -1.157381 0.015175 9.738102 -1.169984 -0.001547 0.118296
1019243281 0.784230 -0.072442 0.993739 -1.276068 0.017345 9.723258 -1.177105 -0.001769 0.130493
1039228489 1.257559 -0.267851 -0.186031 -1.469479 0.111558 9.695287 -1.071650 -0.011376 0.150421
1059213697 0.089433 0.110140 -0.177464 -1.692150 0.210084 9.657271 -0.971023 -0.021424 0.173459
1079198906 -0.875129 -0.592033 1.474697 -1.981297 0.256825 9.600985 -1.051126 -0.026192 0.203507
1099184114 0.095610 -1.252279 3.181707 -1.981297 0.256825 9.600985 -1.013147 -0.026192 0.203507
1119169322 0.925872 -1.192672 3.017332 -1.930287 0.272456 9.610938 -0.996912 -0.027786 0.198206
1139154531 0.289951 -0.573217 1.371158 -1.808048 0.337653 9.632618 -0.992402 -0.034438 0.185542
1159139739 0.032833 0.068068 -0.399883 -1.592545 0.503586 9.663363 -0.919733 -0.051374 0.163334
1179124947 0.127399 0.291446 -1.839175 -1.592545 0.503586 9.663363 -0.929313 -0.051374 0.163334
1199110156 -0.440848 0.469304 -2.369991 -1.505665 0.510714 9.676908 -0.938991 -0.052102 0.154356
1219095364 -1.126932 0.744924 -1.224969 -1.419688 0.413807 9.694516 -1.089377 -0.042209 0.145409
1239080572 -1.182013 0.577739 0.187088 -1.431320 0.219425 9.699153 -1.023578 -0.022377 0.146514
1259065781 -1.159621 0.593672 0.427018 -1.431320 0.219425 9.699153 -1.106663 -0.022377 0.146514
1279050989 -0.751325 0.116912 0.322190 -1.574640 0.246848 9.676258 -1.161136 -0.025174 0.161318
1299036197 -0.045107 -0.366026 0.002216 -1.723097 0.307405 9.649187 -1.011425 -0.031352 0.176712
1319021406 0.031281 -0.300450 -0.081262 -1.792707 0.317664 9.636166 -0.985234 -0.032398 0.183937
1339006614 -0.110328 -0.018152 -0.026394 -1.731877 0.276859 9.648540 -1.097492 -0.028236 0.177605
1358991822 -0.010883 -0.239881 0.190782 -1.731877 0.276859 9.648540 -0.992159 -0.028236 0.177605
1378977031 -0.112547 -0.158354 -0.079515 -1.667562 0.251550 9.660557 -1.072281 -0.025654 0.170931
1398962239 -0.067322 -0.096042 -0.306522 -1.625375 0.251478 9.667746 -1.070447 -0.025646 0.166566
1418947447 -0.089904 -0.063224 -0.442305 -1.603529 0.263598 9.671071 -1.008828 -0.026883 0.164312
1438932656 0.308164 -0.146671 -0.652999 -1.593154 0.276498 9.672425 -1.118080 -0.028199 0.163245
1458917864 0.656226 -0.193603 -0.727825 -1.586882 0.278622 9.673394 -1.082736 -0.028415 0.162598
1478903072 0.464466 -0.275858 -0.289136 -1.670938 0.239819 9.660271 -1.058787 -0.024457 0.171275
1498888281 0.274223 -0.455564 0.444654 -1.670938 0.239819 9.660271 -1.069805 -0.024457 0.171275
