0 0.214762 0.050076 0.036262 0.888066 0.930631 9.721917 -1.190196 -0.095041 -0.091094
19978229 0.378360 0.133748 0.419296 0.888066 0.930631 9.721917 -1.161769 -0.095041 -0.091094
39956458 0.363079 0.143184 0.335669 0.905303 0.926841 9.720689 -1.176507 -0.094653 -0.092864
59934688 0.146006 0.183505 0.053926 0.914694 0.930583 9.719451 -1.223469 -0.095036 -0.093833
79912917 -0.003219 0.161809 0.072955 0.877589 0.935404 9.722409 -1.175464 -0.095530 -0.090021
99891146 -0.038040 0.166993 0.263924 0.877589 0.935404 9.722409 -1.135101 -0.095530 -0.090021
119869375 -0.007487 0.295509 0.194901 0.846501 0.963225 9.722450 -1.191982 -0.098380 -0.086848
139847552 -0.055020 0.448132 -0.122937 0.827017 0.983549 9.722092 -1.187011 -0.100463 -0.084861
159825729 -0.178581 0.608837 -0.311825 0.827017 0.983549 9.722092 -1.197812 -0.100463 -0.084861
179803906 -0.306491 0.782706 -0.235838 0.738622 1.019800 9.725473 -1.235678 -0.104179 -0.075802
199782083 -0.792548 1.064757 0.198869 0.738622 1.019800 9.725473 -1.173685 -0.104179 -0.075802
219760260 -1.201992 1.578968 0.471346 0.711110 1.063075 9.722890 -1.131634 -0.108617 -0.073008
239738438 -0.565127 2.816633 0.036929 0.756695 1.095052 9.715897 -1.152887 -0.111898 -0.077725
259716615 0.073166 4.318701 0.553499 0.810132 1.127131 9.707916 -1.185039 -0.115190 -0.083258
279694792 -0.095974 5.696834 1.403111 0.890784 1.186849 9.693724 -1.185969 -0.121322 -0.091636
299672969 0.092130 7.256111 1.059034 1.016869 1.298326 9.666991 -1.156834 -0.132782 -0.104804
319651146 0.853950 8.218562 0.698349 1.307338 1.616727 9.583708 -1.248744 -0.165616 -0.135576
339629323 0.578823 9.403811 0.436401 1.307338 1.616727 9.583708 -1.122133 -0.165616 -0.135576
359607500 2.125822 10.330628 -2.864511 1.905661 1.933681 9.423360 -1.149984 -0.198481 -0.199536
379585677 3.106857 10.762118 -3.892796 2.033024 1.929558 9.397553 -1.097900 -0.198052 -0.213052
399563854 0.394812 9.230950 -3.174086 2.000968 1.837272 9.422894 -1.101683 -0.188463 -0.209244
419542031 -3.055662 7.367707 -3.426091 1.826116 1.626965 9.496772 -1.033639 -0.166675 -0.189969
439520208 -0.868356 4.770830 -5.145402 1.460026 1.258401 9.615359 -1.075433 -0.128676 -0.150692
459498385 4.768391 1.190376 -4.532619 1.203329 0.821307 9.697826 -1.022278 -0.083848 -0.123451
479476563 4.034382 -1.866408 0.966737 1.203329 0.821307 9.697826 -0.956086 -0.083848 -0.123451
499454740 5.839785 -8.731456 -5.445849 1.581192 0.293093 9.673899 -1.053673 -0.029892 -0.162017
519432917 8.088404 -21.855896 -17.283722 1.870178 -0.593197 9.608378 -1.053860 0.060526 -0.192237
539411094 0.993090 -30.017805 -10.739702 1.870178 -0.593197 9.608378 -0.753895 0.060526 -0.192237
559389271 -10.951436 -22.722290 9.898170 3.590191 -2.863989 8.664784 -0.992252 0.296365 -0.392809
579367448 -7.084402 -7.689035 24.667030 4.004854 -3.305612 8.318921 -0.889145 0.343812 -0.448669
599345625 6.450510 -5.908171 38.213341 3.335526 -2.507001 8.874660 -0.807928 0.258513 -0.359514
619323802 7.751711 -7.441451 4.829676 3.335526 -2.507001 8.874660 -1.087355 0.258513 -0.359514
639301979 -0.968025 -6.269650 -16.420277 2.315279 -1.047136 9.471715 -0.956998 0.106982 -0.239740
659280156 0.371890 0.395481 -22.643715 2.419552 -1.069358 9.443127 -1.010555 0.109261 -0.250828
679258333 4.965985 2.314346 -14.816921 2.736031 -1.383640 9.315045 -1.042102 0.141564 -0.285687
699236510 3.998889 -0.367636 -1.421684 2.924024 -1.621563 9.219057 -1.055770 0.166116 -0.307135
719214688 -0.069556 -1.960687 7.848931 2.836306 -1.574143 9.254611 -1.001926 0.161215 -0.297386
739192865 -1.074809 -1.819007 5.689652 2.721994 -1.385268 9.318913 -0.945902 0.141732 -0.284187
759173259 0.909061 -0.487400 -0.133780 2.721323 -1.202392 9.344466 -1.033067 0.122919 -0.283385
779151436 1.639152 0.275570 -3.200419 2.771197 -1.094633 9.343052 -0.974681 0.111855 -0.288339
799129613 1.247398 0.167799 -2.976877 2.826602 -1.040699 9.332612 -0.995685 0.106322 -0.294091
819107790 0.768691 -0.209471 -1.575791 2.856941 -1.008871 9.326867 -1.063694 0.103059 -0.297238
839085967 0.012620 -0.551553 -0.136013 2.846507 -0.968431 9.334341 -1.013098 0.098914 -0.295992
859064144 -0.369372 -0.545385 0.335546 2.846507 -0.968431 9.334341 -0.998239 0.098914 -0.295992
879042321 0.197937 -0.339557 -0.028169 2.811108 -0.916696 9.350280 -1.061712 0.093614 -0.292048
899020498 0.513639 -0.366073 -0.204920 2.775852 -0.779046 9.373266 -1.051819 0.079524 -0.287917
918998675 0.621310 -0.261142 -1.111635 2.775852 -0.779046 9.373266 -1.006599 0.079524 -0.287917
938976852 0.958058 -0.092078 -1.566412 2.726959 -0.698828 9.393919 -0.989314 0.071321 -0.282525
958955030 1.024282 -0.069659 -1.151437 2.709667 -0.687928 9.399726 -1.065781 0.070207 -0.280662
978933207 0.452032 -0.005925 -0.728885 2.709667 -0.687928 9.399726 -1.087320 0.070207 -0.280662
998911384 0.355425 -0.001919 -0.424232 2.680055 -0.664782 9.409876 -1.024604 0.067841 -0.277466
1018889561 0.369569 0.052966 -0.602859 2.680055 -0.664782 9.409876 -1.062380 0.067841 -0.277466
1038867738 0.696734 0.159566 -0.754656 2.685779 -0.657493 9.408755 -1.062696 0.067096 -0.278060
1058845915 0.758137 0.143643 -0.608974 2.643102 -0.676777 9.419468 -1.033530 0.069067 -0.273565
1078824092 0.369030 -0.153536 0.264381 2.643102 -0.676777 9.419468 -1.136183 0.069067 -0.273565
1098802269 0.089651 -0.242135 0.207230 2.605023 -0.666851 9.430777 -1.003684 0.068052 -0.269505
1118780446 -0.195282 -0.076409 -0.404647 2.582075 -0.640247 9.438929 -0.998213 0.065333 -0.267023
1138758623 0.199002 0.011251 -0.695575 2.560175 -0.620732 9.446194 -1.017603 0.063339 -0.264669
1158736800 0.486171 0.050576 -0.387820 2.560175 -0.620732 9.446194 -1.116671 0.063339 -0.264669
1178714977 0.266872 -0.034512 -0.338206 2.560797 -0.616987 9.446272 -1.072763 0.062957 -0.264728
1198693155 -0.081172 -0.164544 -0.292173 2.545542 -0.613395 9.450627 -0.996485 0.062590 -0.263107
1218671332 -0.035733 -0.102058 -0.267431 2.493881 -0.617927 9.464097 -0.982533 0.063053 -0.257653
1238649509 -0.079829 -0.032395 -0.202973 2.493881 -0.617927 9.464097 -1.062423 0.063053 -0.257653
1258627686 -0.201399 -0.070412 -0.055921 2.495144 -0.630276 9.462949 -0.972307 0.064315 -0.257807
1278605863 -0.033323 -0.169669 0.291920 2.418980 -0.670565 9.479939 -1.096279 0.068432 -0.249837
1298584040 0.328737 -0.289242 0.608912 2.275231 -0.685025 9.514434 -1.054283 0.069910 -0.234727
1318562217 0.845370 -0.324644 0.261754 2.275231 -0.685025 9.514434 -1.054304 0.069910 -0.234727
1338540394 1.122954 -0.230044 -0.266298 1.652650 -0.759071 9.636542 -0.980985 0.077481 -0.169846
1358518571 0.989057 -0.080439 -0.037048 1.652650 -0.759071 9.636542 -1.064577 0.077481 -0.169846
1378496748 0.624011 -0.731067 0.253076 0.991240 -0.905822 9.714285 -1.043620 0.092500 -0.101687
1398474925 -0.595868 -1.839264 0.820920 0.733071 -0.918366 9.735995 -1.070583 0.093785 -0.075153
1418453102 -2.697758 -2.033647 1.921721 0.733071 -0.918366 9.735995 -1.012708 0.093785 -0.075153
1438431280 -2.689610 -2.104799 1.204271 0.586317 -0.798952 9.756449 -1.030726 0.081561 -0.060023
1458409457 -1.045568 -1.919914 -1.245489 0.722082 -0.402248 9.771754 -1.046455 0.041029 -0.073761
1478387634 1.260553 -2.161884 -3.026705 0.722082 -0.402248 9.771754 -1.088553 0.041029 -0.073761
1498365811 1.632203 -1.676189 -1.928754 0.632336 -0.223717 9.783685 -1.056370 0.022815 -0.064542
