0 -0.235504 0.048006 0.365708 -0.648544 1.265906 9.702950 -2.090242 -0.129448 0.066741
19982500 -0.250040 -0.056632 0.254578 -0.647772 1.234685 9.707025 -2.118480 -0.126238 0.066634
39965000 -0.162180 -0.053750 0.368988 -0.643696 1.198468 9.711834 -2.129865 -0.122516 0.066183
59947500 0.063004 -0.031015 0.780444 -0.643696 1.198468 9.711834 -2.083189 -0.122516 0.066183
79930000 0.048408 0.044306 0.392043 -0.665083 1.208251 9.709180 -2.122621 -0.123521 0.068394
99912500 0.105296 0.214831 0.351796 -0.665083 1.208251 9.709180 -2.157353 -0.123521 0.068394
119895000 0.153253 0.350103 0.102268 -0.670869 1.232861 9.705688 -2.073584 -0.126050 0.069011
139877500 0.173337 0.547157 -0.151307 -0.651226 1.257758 9.703832 -2.120979 -0.128610 0.067010
159860000 0.113972 0.664353 -0.321782 -0.625727 1.286586 9.701729 -2.094925 -0.131575 0.064407
179842500 0.245872 0.669468 -0.338358 -0.612241 1.319361 9.698187 -2.131912 -0.134947 0.063046
199825000 0.309553 0.592780 -0.399384 -0.634524 1.399553 9.685506 -2.035414 -0.143204 0.065419
219807500 0.316276 0.641942 -0.615908 -0.640136 1.430162 9.680664 -2.104744 -0.146358 0.066029
239790000 0.419995 0.894239 -0.909026 -0.641126 1.412929 9.683128 -2.037134 -0.144582 0.066114
259772500 0.381612 1.501701 -1.058439 -0.626745 1.365862 9.690821 -2.078339 -0.139733 0.064584
279755000 0.320082 2.360295 -1.399618 -0.591317 1.280325 9.704715 -2.095678 -0.130931 0.060856
299737500 0.938606 2.599108 -1.049768 -0.591317 1.280325 9.704715 -2.042569 -0.130931 0.060856
319720000 1.639103 1.830916 -0.413988 -0.506734 1.171891 9.723183 -2.044008 -0.119786 0.052069
339702500 2.072129 1.961265 -0.985224 -0.226981 1.173198 9.733575 -2.028154 -0.119920 0.023315
359685000 2.997860 2.594464 -4.666044 -0.297048 1.353526 9.708250 -2.023240 -0.138463 0.030588
379667500 3.539531 3.296322 -7.354136 -0.605154 1.429679 9.682984 -2.035939 -0.146308 0.062415
399650000 -0.070410 5.959863 -4.634355 -0.605154 1.429679 9.682984 -2.030519 -0.146308 0.062415
419632500 -4.122076 10.479367 2.039669 -0.911277 1.285255 9.679260 -1.994663 -0.131438 0.093871
439615000 -3.303205 14.449396 7.036042 -1.021517 1.084853 9.692780 -2.041245 -0.110851 0.105002
459597500 -2.438867 18.090311 5.727180 -0.960255 1.052268 9.702630 -2.031764 -0.107508 0.098647
479580000 -4.277533 19.855059 8.801048 -0.880472 1.118724 9.702764 -2.030662 -0.114327 0.090497
499562500 -3.432747 18.565742 6.817867 -0.748106 1.308619 9.690110 -2.017969 -0.133841 0.077050
519545000 1.140930 10.048738 -1.564405 -0.449966 1.629713 9.659811 -2.063573 -0.166959 0.046548
539527500 2.200671 -0.205588 -7.657236 0.073791 1.760489 9.647053 -2.101475 -0.180498 -0.007649
559510000 -7.809877 -11.297225 -22.610880 0.490891 1.761712 9.634614 -2.102873 -0.180625 -0.050907
579492500 -11.320356 -34.793964 -21.388847 -0.050258 -0.099989 9.806012 -2.396262 0.010196 0.005125
599475000 3.393344 -50.650116 9.166339 -0.616822 -1.625961 9.651227 -2.453616 0.166571 0.063824
619457500 13.857585 -32.233597 29.034664 -1.207042 -2.154813 9.490534 -2.390438 0.221537 0.126505
639440000 3.220430 -10.443977 24.750294 -1.207042 -2.154813 9.490534 -2.258988 0.221537 0.126505
659422500 -16.093750 -0.210750 15.422526 -2.400314 -0.924404 9.463316 -2.234459 0.094403 0.248405
679405000 -18.209810 0.346396 -6.593518 -2.074754 -0.120063 9.583912 -2.321278 0.012243 0.213193
699387500 -7.580256 -2.640481 -17.301296 -1.433606 0.249777 9.698081 -2.275855 -0.025473 0.146761
719370000 1.557823 -3.989681 -15.140497 -1.082194 0.400946 9.738504 -2.275462 -0.040897 0.110671
739352396 5.957969 -3.972761 -8.781318 -1.140225 0.542537 9.725015 -2.304700 -0.055352 0.116714
759334792 4.954896 -2.879922 -4.889397 -1.140225 0.542537 9.725015 -2.262514 -0.055352 0.116714
779317188 1.482373 -1.176495 -2.258551 -1.686329 0.718349 9.633829 -2.281579 -0.073317 0.173287
799299583 -0.806182 0.074477 -0.464568 -1.855125 0.763907 9.599236 -2.283390 -0.077976 0.190904
819281979 -1.592897 0.306714 -0.893960 -1.963567 0.815081 9.573423 -2.277767 -0.083211 0.202300
839264375 -1.462216 0.518362 -1.126253 -2.040745 0.865401 9.552844 -2.303762 -0.088361 0.210463
859246771 -0.922079 0.123617 -0.792173 -2.071580 0.906324 9.542406 -2.237496 -0.092551 0.213775
879229167 -0.508322 -0.403246 -0.827435 -2.037775 0.925914 9.547802 -2.272876 -0.094558 0.210274
899211563 -0.124448 -0.478925 -1.643174 -1.969755 0.901450 9.564405 -2.295891 -0.092052 0.203107
919193958 0.307804 -0.133965 -1.669036 -1.921594 0.841543 9.579649 -2.299273 -0.085919 0.197964
939176354 0.211604 -0.220063 -1.426636 -1.921594 0.841543 9.579649 -2.221791 -0.085919 0.197964
959158750 0.000548 -0.469429 -0.350651 -1.954243 0.769152 9.579129 -2.305226 -0.078512 0.201249
979141198 0.013026 -0.646325 0.838402 -2.019977 0.699072 9.570861 -2.326104 -0.071346 0.208002
999123698 -0.057729 -0.556369 0.832181 -2.053964 0.628805 9.568501 -2.271733 -0.064164 0.211450
1019106198 0.010485 -0.539732 0.237270 -2.047628 0.614308 9.570801 -2.227515 -0.062683 0.210768
1039088698 -0.080271 -0.290149 0.209982 -2.062253 0.604074 9.568312 -2.296522 -0.061637 0.212282
1059071198 -0.205186 -0.032026 0.396205 -2.071148 0.597255 9.566819 -2.311526 -0.060941 0.213203
1079053698 -0.285391 0.119619 0.330141 -2.064707 0.589115 9.568716 -2.327898 -0.060109 0.212518
1099036198 -0.514103 0.235367 0.202654 -2.064707 0.589115 9.568716 -2.275275 -0.060109 0.212518
1119018698 -0.669518 0.299307 -0.147043 -2.017396 0.574430 9.579693 -2.277357 -0.058609 0.207558
1139001198 -0.380309 0.258027 -0.671273 -1.959094 0.531481 9.594262 -2.318296 -0.054223 0.201425
1158983698 0.067340 0.024242 -0.156893 -1.869155 0.474722 9.615159 -2.353384 -0.048427 0.192002
1178966198 0.569378 0.058986 -0.015727 -1.783292 0.444401 9.632900 -2.271136 -0.045332 0.183053
1198948698 0.775259 0.109839 -0.437161 -1.742408 0.443975 9.640400 -2.304852 -0.045288 0.178810
1218931198 0.843231 -0.114675 -1.128286 -1.768760 0.438739 9.635839 -2.311846 -0.044754 0.181540
1238913698 0.707355 -0.292777 -0.912626 -1.768760 0.438739 9.635839 -2.345522 -0.044754 0.181540
1258896198 0.606737 -0.231988 -0.189399 -1.840884 0.400933 9.623970 -2.313060 -0.040895 0.188998
1278878698 0.069186 -0.413397 0.586576 -2.026819 0.253483 9.591565 -2.392731 -0.025851 0.208249
1298861198 -0.065542 -0.311307 1.689594 -2.090049 0.174057 9.579759 -2.341153 -0.017750 0.214807
1318843698 -0.347503 -0.318814 2.002687 -2.103121 0.123256 9.577686 -2.294799 -0.012569 0.216155
1338826198 -0.511300 -0.261535 1.203695 -2.093534 0.113693 9.579906 -2.234605 -0.011594 0.215151
1358808698 -0.715458 0.460509 0.071416 -2.124247 0.115085 9.573125 -2.267701 -0.011736 0.218359
1378791198 -0.779834 0.524586 0.132479 -2.189648 0.122946 9.558279 -2.291921 -0.012537 0.225198
1398773698 -0.420145 0.093015 1.065768 -2.268659 0.171705 9.539082 -2.278859 -0.017510 0.233490
1418756198 0.195639 -0.370247 1.596576 -2.313037 0.293527 9.525445 -2.302782 -0.029936 0.238216
1438738698 0.544744 -0.905037 0.271494 -2.321963 0.429644 9.518103 -2.407424 -0.043825 0.239279
1458721198 0.518191 -1.194259 -0.658934 -2.321963 0.429644 9.518103 -2.288348 -0.043825 0.239279
1478703698 0.440543 -0.868835 -0.915403 -2.281590 0.523615 9.523159 -2.353142 -0.053419 0.235151
1498686198 0.338859 -0.382708 -0.258593 -2.216410 0.572711 9.535718 -2.330842 -0.058433 0.228377
