0 -0.640095 0.125917 0.574630 -0.547369 1.088340 9.730688 -1.899541 -0.111209 0.056193
19982604 -0.367692 -0.198029 -0.268414 -0.529678 1.097207 9.730671 -1.877843 -0.112119 0.054380
39965208 -0.274999 -0.157594 0.511063 -0.535499 1.049081 9.735659 -1.886765 -0.107182 0.054949
59947812 -0.137473 -0.045930 1.484467 -0.535499 1.049081 9.735659 -1.887163 -0.107182 0.054949
79930416 -0.145429 -0.022421 1.307839 -0.519005 1.044333 9.737062 -1.899975 -0.106695 0.053252
99913021 0.219829 -0.166213 0.426183 -0.488600 1.080661 9.734672 -1.892217 -0.110421 0.050150
119895625 0.351499 -0.207649 -0.276931 -0.457965 1.131711 9.730360 -1.941415 -0.115660 0.047031
139878229 0.347784 0.046191 -0.077503 -0.444441 1.215683 9.720853 -1.839306 -0.124285 0.045689
159860833 0.099854 0.193523 -0.129893 -0.440809 1.253548 9.716208 -1.948909 -0.128177 0.045337
179843437 -0.002762 0.324146 -0.250873 -0.440809 1.253548 9.716208 -1.948909 -0.128177 0.045337
199826041 -0.119595 0.309581 -0.634782 -0.424178 1.279226 9.713601 -1.898741 -0.130818 0.043641
219808646 -0.022203 0.133043 -0.359553 -0.410222 1.274931 9.714765 -1.898854 -0.130376 0.042202
239791250 0.345998 0.342102 0.596174 -0.404574 1.242688 9.719179 -1.961880 -0.127060 0.041602
259773854 0.447939 -0.059388 0.485767 -0.243999 1.150103 9.735919 -1.919739 -0.117548 0.025057
279756458 -0.144873 -0.411080 -0.603436 -0.091651 1.042676 9.750631 -1.894903 -0.106525 0.009399
299739062 -0.343275 -0.497386 -1.029192 -0.091651 1.042676 9.750631 -1.848878 -0.106525 0.009399
319721666 0.899632 -0.322367 -0.403029 0.049465 0.899290 9.765204 -1.868696 -0.091831 -0.005065
339704271 1.584668 0.243346 -0.578403 0.135296 0.791890 9.773689 -1.899824 -0.080838 -0.013842
359686875 0.637048 2.169991 -1.436186 0.137848 0.750200 9.776941 -1.906675 -0.076574 -0.014098
379669479 -0.853037 5.305637 -1.627531 0.078269 0.735337 9.778728 -1.938429 -0.075054 -0.008004
399652083 -0.621849 7.680790 -0.956765 0.046624 0.686943 9.782450 -1.923028 -0.070106 -0.004766
419634687 0.192049 9.917640 0.235600 0.069853 0.610023 9.787410 -1.942335 -0.062245 -0.007137
439617291 1.454992 12.276274 1.358465 -0.103643 0.705800 9.780669 -1.879116 -0.072034 0.010596
459599896 3.346393 14.538807 1.821932 -0.103643 0.705800 9.780669 -1.886110 -0.072034 0.010596
479582500 -0.523226 19.289156 1.589069 -0.721926 1.181401 9.708425 -1.814416 -0.120763 0.074224
499565104 -1.363530 19.123178 3.164679 -0.737335 1.256328 9.697854 -1.802405 -0.128463 0.075885
519547708 0.774973 15.465151 3.887312 -0.598945 1.342173 9.695888 -1.860184 -0.137294 0.061695
539530312 4.272546 9.316968 2.716050 -0.443350 1.666713 9.653803 -1.847035 -0.170786 0.045893
559512916 -6.470820 2.483300 -6.755556 -0.443350 1.666713 9.653803 -1.938757 -0.170786 0.045893
579495521 -19.623964 -11.173069 -20.093203 0.323599 1.749651 9.643879 -1.961425 -0.179375 -0.033542
599478125 -12.334860 -35.096058 -17.051163 0.156564 0.958126 9.758476 -2.081820 -0.097858 -0.016043
619460729 6.718589 -49.202873 -3.143466 0.196610 -0.333335 9.799011 -2.118967 0.033997 -0.020062
639443333 24.378696 -34.911194 15.585137 -0.120327 -1.243696 9.726724 -2.115114 0.127164 0.012370
659425937 12.318512 -11.847733 30.588097 -0.120327 -1.243696 9.726724 -2.110238 0.127164 0.012370
679408541 -8.107497 -2.138370 20.989273 -1.409288 -0.161622 9.703513 -2.113167 0.016482 0.144226
699391146 -18.944614 2.905090 1.623209 -0.815133 0.388966 9.764971 -2.123226 -0.039674 0.083282
719373750 -13.432303 0.899765 -11.153565 -0.066440 0.669885 9.783519 -2.064355 -0.068362 0.006791
739356354 4.220335 -2.798561 -13.199807 -0.066440 0.669885 9.783519 -2.112062 -0.068362 0.006791
759338958 7.571281 -2.601696 -8.116970 0.570893 0.669157 9.767123 -2.063363 -0.068288 -0.058384
779321562 1.908412 0.197527 -4.531585 0.170927 0.756935 9.775900 -2.075734 -0.077263 -0.017483
799304166 -1.413125 0.790390 -2.215771 -0.202372 0.759006 9.775140 -2.053652 -0.077475 0.020700
819286771 -2.010074 0.506980 1.110631 -0.313680 0.691161 9.777233 -2.044188 -0.070537 0.032072
839269375 -2.188542 0.765810 1.628404 -0.304884 0.687983 9.777736 -2.033726 -0.070212 0.031171
859251979 -2.008577 0.656460 -1.176294 -0.312657 0.716694 9.775428 -2.096684 -0.073148 0.031973
879234583 0.213038 -0.094097 -1.213217 -0.367419 0.756874 9.770493 -2.095212 -0.077256 0.037587
899217187 0.981928 -0.748380 -1.510653 -0.455353 0.755395 9.766905 -2.039282 -0.077105 0.046588
919199896 0.589227 -0.695847 -0.394133 -0.553079 0.724082 9.764231 -2.025397 -0.073903 0.056583
939182604 -0.072006 -0.571981 0.967946 -0.620913 0.719572 9.760486 -2.021928 -0.073442 0.063529
959165312 0.368952 -1.083791 0.571650 -0.628260 0.730735 9.759186 -2.014288 -0.074583 0.064288
979148021 -0.019024 -0.749629 -0.185782 -0.628260 0.730735 9.759186 -2.036864 -0.074583 0.064288
999130729 -0.590319 0.193277 -1.467465 -0.547295 0.740829 9.763300 -2.001131 -0.075616 0.055998
1019113437 -0.773404 0.652714 -1.954589 -0.547295 0.740829 9.763300 -2.001131 -0.075616 0.055998
1039096146 -1.012128 0.521590 -1.300681 -0.535759 0.617413 9.772520 -2.063569 -0.063000 0.054768
1059078854 -0.969624 0.505981 -0.663073 -0.508442 0.513885 9.779969 -2.002160 -0.052426 0.051941
1079061562 -0.921474 0.583486 -0.025716 -0.508442 0.513885 9.779969 -2.002160 -0.052426 0.051941
1099044271 -0.684549 0.575547 0.580503 -0.527798 0.357415 9.785913 -2.057544 -0.036454 0.053882
1119026979 -0.288581 -0.076455 2.084869 -0.515759 0.333087 9.787412 -2.049564 -0.033972 0.052647
1139009687 0.429919 -0.752152 3.173539 -0.515759 0.333087 9.787412 -2.049564 -0.033972 0.052647
1158992396 0.539025 -0.913875 1.326770 -0.313895 0.513731 9.788153 -2.021449 -0.052410 0.032058
1178975104 0.239583 -0.101374 -1.609584 -0.275204 0.611094 9.783722 -2.006828 -0.062355 0.028121
1198957760 -0.299343 0.741797 -2.340652 -0.317020 0.631354 9.781170 -2.055109 -0.064425 0.032400
1218940364 -0.330140 0.502897 -0.799387 -0.358942 0.601686 9.781591 -2.046226 -0.061393 0.036679
1238922968 -0.344893 0.183625 0.119896 -0.358529 0.563319 9.783890 -2.053249 -0.057474 0.036628
1258905573 -0.852358 0.565187 -0.752082 -0.349286 0.504298 9.787444 -2.044615 -0.051447 0.035672
1278888177 -1.332513 0.941940 -0.686562 -0.328801 0.420836 9.792097 -2.053793 -0.042926 0.033566
1298870781 -0.421415 0.437934 -0.055860 -0.328801 0.420836 9.792097 -2.095007 -0.042926 0.033566
1318853385 0.862532 -0.405340 0.341600 -0.439322 0.358399 9.790246 -2.091776 -0.036555 0.044843
1338835989 1.577017 -0.967473 0.560243 -0.532536 0.377007 9.784920 -2.078108 -0.038453 0.054371
1358818593 1.116491 -0.872545 0.253184 -0.532536 0.377007 9.784920 -2.037211 -0.038453 0.054371
1378801198 -0.028070 -0.146315 0.686993 -0.600440 0.379781 9.780881 -2.082315 -0.038737 0.061312
1398783802 -0.526276 0.042257 1.170372 -0.592810 0.409459 9.780148 -2.078124 -0.041765 0.060540
1418766406 -0.375512 -0.034211 0.505644 -0.551093 0.443252 9.781116 -2.086768 -0.045215 0.056283
1438749010 0.081393 -0.143868 -0.212073 -0.551093 0.443252 9.781116 -2.082334 -0.045215 0.056283
1458731614 0.326515 -0.157293 -0.553959 -0.424781 0.473602 9.785993 -2.094862 -0.048313 0.043380
1478714218 -0.119774 0.039161 -1.326469 -0.404824 0.478778 9.786587 -2.092984 -0.048841 0.041342
1498696823 -0.917726 0.382138 -1.173120 -0.404824 0.478778 9.786587 -2.072474 -0.048841 0.041342
