0 0.049590 -0.167251 0.382449 -0.682286 0.650500 9.761236 -2.177529 -0.066381 0.069784
19982292 0.088549 -0.213687 0.440381 -0.649490 0.627483 9.764979 -2.134809 -0.064029 0.066414
39964583 0.153582 -0.213392 0.265960 -0.629921 0.633912 9.765845 -2.131661 -0.064686 0.064413
59946875 -0.006711 -0.112715 -0.046646 -0.629921 0.633912 9.765845 -2.149747 -0.064686 0.064413
79929167 -0.292459 -0.038623 -0.172709 -0.635091 0.655761 9.764069 -2.250171 -0.066919 0.064952
99911458 -0.409868 0.036404 -0.176145 -0.659289 0.689797 9.760118 -2.185740 -0.070398 0.067447
119893750 -0.259971 0.092339 -0.105090 -0.659289 0.689797 9.760118 -2.185740 -0.070398 0.067447
139876042 0.006855 0.131931 0.039936 -0.639049 0.691574 9.761339 -2.222320 -0.070579 0.065374
159858333 0.117439 0.082686 -0.216562 -0.582531 0.709044 9.763621 -2.227018 -0.072366 0.059593
179840625 0.058526 0.051756 -0.321824 -0.582531 0.709044 9.763621 -2.227018 -0.072366 0.059593
199822917 0.015963 0.090839 0.022624 -0.591975 0.723377 9.762002 -2.193861 -0.073831 0.060567
219805208 0.214462 0.043004 0.376678 -0.591975 0.723377 9.762002 -2.181067 -0.073831 0.060567
239787500 0.358748 -0.119139 0.408561 -0.503425 0.718203 9.767350 -2.159853 -0.073302 0.051496
259769792 0.035150 -0.139022 0.004459 -0.466887 0.716527 9.769288 -2.194068 -0.073131 0.047755
279751979 -0.378721 -0.011075 -0.107155 -0.448203 0.698795 9.771448 -2.154459 -0.071318 0.045836
299734167 -0.387007 0.227883 0.423307 -0.414915 0.683747 9.773982 -2.148462 -0.069779 0.042425
319716354 -0.101142 0.148765 0.364820 -0.414915 0.683747 9.773982 -2.148462 -0.069779 0.042425
339698542 0.032902 0.012796 -0.132969 -0.325815 0.672972 9.778105 -2.182864 -0.068678 0.033309
359680729 0.026900 -0.101290 -0.326454 -0.325815 0.672972 9.778105 -2.198195 -0.068678 0.033309
379662917 -0.050502 -0.039545 0.033814 -0.315295 0.658341 9.779446 -2.209125 -0.067183 0.032229
399645104 -0.204574 0.043881 0.373766 -0.324184 0.649126 9.779772 -2.138142 -0.066241 0.033136
419627292 -0.218300 0.369659 0.943413 -0.335060 0.658332 9.778790 -2.137712 -0.067182 0.034251
439609479 -0.551592 0.591068 1.015250 -0.332963 0.854087 9.763711 -2.274343 -0.087203 0.034089
459591667 -0.677414 1.531938 -0.146130 -0.332963 0.854087 9.763711 -2.270925 -0.087203 0.034089
479573854 -0.734069 2.665459 -1.007767 -0.326899 1.012976 9.748713 -2.246142 -0.103479 0.033520
499556042 -1.348338 5.520864 -0.991154 -0.485256 1.380167 9.696910 -2.194432 -0.141207 0.050001
519538229 -0.858567 10.714243 1.720220 -0.485256 1.380167 9.696910 -2.194432 -0.141207 0.050001
539520417 -1.288327 15.451782 4.243692 -0.653194 1.626886 9.648677 -2.221387 -0.166667 0.067595
559502604 -2.088334 18.706196 3.239081 -0.785191 2.405467 9.474577 -2.229079 -0.247818 0.082685
579484792 -7.328136 20.987324 -5.028591 -0.785191 2.405467 9.474577 -2.274315 -0.247818 0.082685
599466979 -11.169599 20.061977 -10.883249 -0.522194 2.588352 9.444477 -2.209949 -0.267103 0.055235
619449167 -8.745937 15.331961 -4.581834 -0.357411 2.306984 9.524730 -2.320241 -0.237473 0.037507
639431406 -3.133927 8.781864 0.578694 -0.357411 2.306984 9.524730 -2.347389 -0.237473 0.037507
659413698 -0.764663 1.697241 -1.591959 -0.208840 2.135941 9.568936 -2.423109 -0.219565 0.021821
679395990 -8.473225 -8.738684 -11.520593 -0.030543 2.171736 9.563107 -2.501441 -0.223307 0.003194
699378281 -16.816113 -26.449003 -20.641848 0.862381 1.608469 9.635325 -2.631065 -0.164763 -0.089264
719360573 -17.836857 -54.685455 -20.771523 0.862381 1.608469 9.635325 -2.580419 -0.164763 -0.089264
739342865 16.739489 -46.800777 -4.990260 1.398678 0.261839 9.702862 -2.669614 -0.026703 -0.143165
759325156 37.999615 -23.863640 13.323723 2.304099 -1.713086 9.376932 -2.321448 0.175587 -0.240946
779307448 14.430943 -22.556654 46.315758 0.399984 -2.104429 9.569837 -2.824218 0.216274 -0.041772
799289740 -14.700623 4.098177 13.614913 -1.606910 -0.269081 9.670358 -2.789742 0.027442 0.164664
819272031 -17.811871 5.165443 -7.024485 -2.084884 0.815743 9.547681 -2.540329 -0.083279 0.214991
839254323 -16.427059 3.110502 -11.330894 -1.346291 1.251569 9.632833 -2.379479 -0.127974 0.138861
859236615 -6.042058 -0.588358 -10.373424 -0.268900 1.418985 9.699719 -2.445434 -0.145206 0.027715
879218906 6.573343 -7.194524 -9.232728 0.586502 1.511040 9.671771 -2.518987 -0.154700 -0.060566
899201198 13.130434 -7.356839 -10.108942 0.586502 1.511040 9.671771 -2.737554 -0.154700 -0.060566
919183490 9.910068 -3.262304 -12.455234 1.063820 1.556164 9.623774 -2.647971 -0.159358 -0.110094
939165781 4.362393 -0.422395 -9.039146 0.226481 1.399563 9.703624 -2.739258 -0.143205 -0.023336
959148073 0.475929 -0.316623 -4.294959 -0.695767 1.225788 9.704831 -2.844274 -0.125323 0.071570
979130365 -2.156079 -0.437520 0.759913 -1.363119 0.967669 9.663121 -2.771791 -0.098836 0.140139
999112656 -3.064296 -0.293785 3.489441 -1.659121 0.697962 9.640049 -2.686548 -0.071233 0.170437
1019094948 -2.327634 -0.030884 4.505502 -1.659121 0.697962 9.640049 -2.686548 -0.071233 0.170437
1039077240 -1.180292 0.001851 3.576877 -1.738053 0.521186 9.637320 -2.745486 -0.053171 0.178428
1059059531 -0.481362 -0.056353 1.034531 -1.805105 0.514211 9.625360 -2.657770 -0.052459 0.185383
1079041823 -0.154771 -0.013034 -0.672413 -1.805105 0.514211 9.625360 -2.654529 -0.052459 0.185383
1099024115 -0.368022 0.097714 -0.865311 -2.018512 0.571464 9.579636 -2.684157 -0.058306 0.207671
1119006406 -0.910630 0.541140 -0.704892 -2.082626 0.542509 9.567588 -2.727011 -0.055349 0.214332
1138988698 -0.524690 0.764564 0.543591 -2.082626 0.542509 9.567588 -2.669124 -0.055349 0.214332
1158970990 0.592101 -0.264322 2.596708 -2.108582 0.508050 9.563794 -2.691689 -0.051830 0.217004
1178953281 1.175380 -0.705803 2.024373 -2.051319 0.515848 9.575823 -2.702871 -0.052626 0.211029
1198935521 0.715696 -0.394841 0.618085 -1.930875 0.559247 9.598404 -2.656989 -0.057058 0.198517
1218917708 -0.143243 0.141637 0.022868 -1.756761 0.686643 9.623549 -2.685171 -0.070075 0.180560
1238899896 -0.471126 0.467009 -0.704739 -1.756761 0.686643 9.623549 -2.685171 -0.070075 0.180560
1258882083 -0.739943 0.347237 -0.344337 -1.704485 0.783192 9.625577 -2.705384 -0.079949 0.175262
1278864271 -1.026101 0.401547 0.131255 -1.704485 0.783192 9.625577 -2.688920 -0.079949 0.175262
1298846458 -1.036672 0.496085 -0.022407 -1.618070 0.885685 9.631604 -2.722044 -0.090438 0.166442
1318828646 -0.903363 0.477229 -0.577003 -1.540854 0.935878 9.639516 -2.672477 -0.095579 0.158507
1338810833 -0.582166 0.648027 -0.927104 -1.448156 0.966694 9.650841 -2.697574 -0.098736 0.148944
1358793021 -0.328091 0.703013 -1.156452 -1.362714 0.974509 9.662491 -2.591188 -0.099537 0.140107
1378775208 0.149824 0.461146 -1.087038 -1.362714 0.974509 9.662491 -2.698225 -0.099537 0.140107
1398757396 0.552760 0.134478 -0.936255 -1.285460 0.955755 9.674942 -2.643918 -0.097615 0.132091
1418739583 0.579396 -0.185610 -0.191015 -1.224171 0.911497 9.687155 -2.728245 -0.093081 0.125704
1438721771 0.918238 -0.475424 -0.163200 -1.137031 0.829153 9.705156 -2.650913 -0.084651 0.116626
1458703958 1.345088 -0.591081 -0.400869 -1.135436 0.789238 9.708671 -2.671865 -0.080567 0.116422
1478686146 0.735497 -0.381572 0.047194 -1.175183 0.756924 9.706513 -2.675711 -0.077262 0.120485
