0 0.118300 0.257303 -1.329812 0.659623 -0.473607 9.772972 -1.236610 0.048313 -0.067392
19978073 -0.234927 0.056382 -0.548839 0.587514 -0.584602 9.771564 -1.251887 0.059648 -0.060053
39956146 -0.195416 0.075763 0.369335 0.587514 -0.584602 9.771564 -1.326610 0.059648 -0.060053
59934219 0.325932 0.049293 0.299870 0.500708 -0.649217 9.772318 -1.319879 0.066250 -0.051193
79912292 0.319947 -0.065578 0.411960 0.473036 -0.658771 9.773057 -1.328876 0.067227 -0.048364
99890365 0.067948 -0.134696 0.528149 0.473036 -0.658771 9.773057 -1.279299 0.067227 -0.048364
119868438 -0.165019 -0.046569 0.552416 0.483432 -0.610349 9.775692 -1.271807 0.062279 -0.049412
139846511 -0.102899 0.080652 0.274737 0.483432 -0.610349 9.775692 -1.247791 0.062279 -0.049412
159824583 0.250326 0.008319 0.373273 0.484739 -0.459101 9.783897 -1.264458 0.046832 -0.049504
179802656 0.731913 -0.113726 0.644187 0.484739 -0.459101 9.783897 -1.258404 0.046832 -0.049504
199780729 0.680189 -0.428965 0.108734 0.624658 -0.156053 9.785491 -1.272964 0.015914 -0.063749
219758802 0.158058 -0.274089 0.108297 0.777692 0.014692 9.775754 -1.175792 -0.001498 -0.079386
239736927 -0.509112 0.309683 -0.683676 0.874963 0.144695 9.766468 -1.228588 -0.014755 -0.089350
259715052 -1.175587 1.288783 -1.808794 0.823620 0.181429 9.770318 -1.177485 -0.018502 -0.084099
279693177 -0.883948 1.864506 -1.662567 0.823620 0.181429 9.770318 -1.207631 -0.018502 -0.084099
299671302 -0.354001 2.720356 -0.242904 0.695437 0.128015 9.781123 -1.263350 -0.013054 -0.070980
319649427 0.305302 4.285741 1.568211 0.689079 -0.008090 9.782407 -1.221511 0.000825 -0.070324
339627552 0.621869 6.110669 2.427925 0.689079 -0.008090 9.782407 -1.200698 0.000825 -0.070324
359605677 -0.155968 8.487556 4.006704 1.132444 0.096898 9.740563 -1.255298 -0.009881 -0.115741
379583802 -2.053118 12.700967 5.160669 1.415212 0.394665 9.695969 -1.196842 -0.040256 -0.144935
399561927 -4.768407 17.715651 2.149341 1.415212 0.394665 9.695969 -1.249984 -0.040256 -0.144935
419540052 -2.927481 20.179880 -3.685350 1.645444 0.681133 9.643597 -1.136302 -0.069512 -0.168998
439518177 1.115223 20.005850 -7.400178 1.222438 0.488146 9.717909 -1.173579 -0.049798 -0.125135
459496302 0.365420 17.448057 2.645525 1.246456 0.567796 9.710527 -1.155325 -0.057932 -0.127663
479474427 4.553799 11.444407 -2.727906 1.542214 0.659458 9.662148 -1.079093 -0.067297 -0.158279
499452552 8.926971 0.472616 -17.729313 1.681020 0.333199 9.655751 -1.096461 -0.033983 -0.172368
519430677 15.026127 -17.235310 -16.841398 1.866619 -0.429774 9.617765 -1.066477 0.043839 -0.191697
539408802 20.994608 -38.027237 -7.236565 2.397935 -1.199798 9.432961 -0.938590 0.122653 -0.248935
559386927 2.718784 -45.174549 -5.349401 2.397935 -1.199798 9.432961 -0.938590 0.122653 -0.248935
579365052 -27.301882 -22.514385 9.705179 3.023069 -3.641423 8.589032 -0.897785 0.380432 -0.338427
599343177 -27.053837 -14.043140 38.717812 3.023069 -3.641423 8.589032 -0.897785 0.380432 -0.338427
619321302 5.235886 -10.255595 34.959846 2.105834 -2.509317 9.243332 -1.187546 0.258757 -0.223999
639299427 26.736399 -13.290202 -1.768440 2.004934 -0.862037 9.560728 -1.180242 0.088017 -0.206710
659277552 14.413441 -9.088614 -22.197048 2.155355 0.303402 9.562049 -1.193006 -0.030943 -0.221702
679255677 -8.505678 0.146051 -32.977421 1.915934 0.406050 9.609095 -1.195838 -0.041417 -0.196807
699233802 -8.975462 3.254307 -26.369272 1.915934 0.406050 9.609095 -1.036334 -0.041417 -0.196807
719211927 0.657365 0.321512 -3.752658 2.306491 -0.904907 9.488499 -1.280804 0.092406 -0.238458
739190052 3.291654 -2.868108 5.651955 2.306491 -0.904907 9.488499 -1.122648 0.092406 -0.238458
759168177 1.402972 -1.952291 5.011382 2.843508 -1.249713 9.301778 -1.095792 0.127783 -0.296674
779146302 -0.608498 -1.649364 4.184010 2.951893 -1.405462 9.245614 -1.086106 0.143812 -0.309045
799124427 -1.494151 -0.842972 4.374292 2.743752 -1.456366 9.301678 -1.131165 0.149059 -0.286839
819102552 -0.670031 -0.321408 2.613669 2.638694 -1.251923 9.361645 -1.068280 0.128010 -0.274735
839080677 -0.019027 -0.162587 -0.892833 2.638694 -1.251923 9.361645 -1.025307 0.128010 -0.274735
859058802 1.580268 -0.000287 -3.025692 2.731196 -1.167147 9.346053 -1.019287 0.119299 -0.284313
879036927 2.186536 0.161242 -1.547193 2.745062 -1.187155 9.339468 -1.136429 0.121354 -0.285870
899015052 1.685568 0.433878 -0.019775 2.635803 -1.276607 9.359123 -1.159682 0.130548 -0.274519
918993177 0.890630 0.159662 0.857995 2.635803 -1.276607 9.359123 -1.159682 0.130548 -0.274519
938971302 0.155975 0.030091 1.188306 2.629261 -1.298722 9.357922 -1.137763 0.132823 -0.273905
958949427 0.085158 0.016101 0.785731 2.636799 -1.278481 9.358587 -1.086293 0.130741 -0.274632
978927552 0.220010 0.041662 0.702744 2.639896 -1.250944 9.361435 -1.153148 0.127909 -0.274859
998905677 0.656357 0.091880 0.586859 2.639896 -1.250944 9.361435 -1.142662 0.127909 -0.274859
1018883802 0.956680 0.311932 -0.315534 2.619447 -1.205024 9.373197 -1.150937 0.123190 -0.272509
1038861927 0.845300 0.483895 -0.555259 2.517660 -1.166252 9.405935 -1.136934 0.119207 -0.261536
1058840052 0.283212 0.238051 0.189915 2.471146 -1.140735 9.421388 -1.102578 0.116587 -0.256513
1078818177 0.079371 -0.059951 0.176351 2.459183 -1.101453 9.429189 -1.092231 0.112554 -0.255122
1098796302 -0.219954 0.084257 -0.440543 2.466853 -1.073543 9.430405 -1.118105 0.109691 -0.255852
1118774427 -0.407597 0.056269 -0.604159 2.466853 -1.073543 9.430405 -1.118105 0.109691 -0.255852
1138752552 -0.109567 -0.042355 -0.292273 2.472692 -1.057709 9.430665 -1.124384 0.108066 -0.256425
1158730677 0.072773 0.071660 -0.152311 2.472692 -1.057709 9.430665 -1.124384 0.108066 -0.256425
1178708802 0.312755 0.181163 -0.319376 2.429438 -1.027580 9.445227 -1.132864 0.104977 -0.251756
1198686927 0.102798 0.137912 -0.232926 2.429438 -1.027580 9.445227 -1.132864 0.104977 -0.251756
1218665052 -0.576733 0.133457 -0.432124 2.471832 -0.999503 9.437237 -1.101722 0.102098 -0.256169
1238643177 -0.750265 0.040050 -0.708882 2.471832 -0.999503 9.437237 -1.139827 0.102098 -0.256169
1258621302 -0.401425 0.015152 -0.187389 2.454856 -1.011928 9.440343 -1.140784 0.103372 -0.254404
1278599427 0.187564 -0.146002 0.211401 2.422611 -1.025488 9.447207 -1.184337 0.104762 -0.251028
1298577552 -0.065610 -0.178574 0.159718 2.393873 -1.027085 9.454356 -1.150659 0.104926 -0.247991
1318555677 -1.048244 -0.133345 0.020594 2.197496 -1.030179 9.501586 -1.194404 0.105243 -0.227281
1338533802 -1.179249 -0.254711 0.335674 2.065062 -1.033319 9.530906 -1.118716 0.105565 -0.213372
1358511927 -0.574629 -0.310764 1.083111 2.065062 -1.033319 9.530906 -1.118716 0.105565 -0.213372
1378490052 0.253619 -0.141075 0.996577 1.971763 -0.897089 9.564401 -1.166095 0.091606 -0.203308
1398468177 0.609829 0.228746 -0.337256 1.951196 -0.802507 9.577015 -1.091736 0.081925 -0.200987
1418446302 0.709294 0.319652 -1.326427 1.934386 -0.745473 9.585031 -1.187900 0.076091 -0.199138
1438424427 0.614617 0.520732 -1.414408 1.924961 -0.726686 9.588369 -1.196650 0.074169 -0.198126
1458402552 0.599203 0.510689 -0.930870 1.924961 -0.726686 9.588369 -1.196650 0.074169 -0.198126
1478380677 0.412091 0.252083 -0.098041 1.951059 -0.712286 9.584174 -1.166127 0.072697 -0.200827
1498358802 0.077998 0.067707 0.256590 2.016550 -0.676359 9.573215 -1.164317 0.069024 -0.207610
