0 0.175052 -0.288617 0.139783 -0.257224 1.311872 9.715102 -2.325563 -0.134176 0.026471
19982084 0.039154 -0.272698 0.021172 -0.257890 1.298262 9.716913 -2.331072 -0.132776 0.026534
39964167 -0.185824 -0.132914 0.354053 -0.262622 1.293425 9.717432 -2.386358 -0.132278 0.027019
59946250 -0.035982 0.014328 0.406924 -0.258742 1.309775 9.715344 -2.330938 -0.133960 0.026626
79928334 0.096811 0.131260 -0.130606 -0.258742 1.309775 9.715344 -2.339868 -0.133960 0.026626
99910417 0.095739 0.141332 -0.475409 -0.259900 1.344618 9.710553 -2.315274 -0.137546 0.026758
119892500 0.069033 0.189470 -0.306027 -0.266406 1.383767 9.704875 -2.370035 -0.141577 0.027444
139874584 0.122148 0.192929 -0.196580 -0.252428 1.390809 9.704242 -2.369816 -0.142303 0.026006
159856667 0.072346 0.165058 -0.215360 -0.252428 1.390809 9.704242 -2.320637 -0.142303 0.026006
179838750 -0.099483 0.138262 -0.487982 -0.242021 1.410635 9.701646 -2.288798 -0.144345 0.024941
199820834 -0.176221 0.145416 -0.405909 -0.242021 1.410635 9.701646 -2.355483 -0.144345 0.024941
219802917 -0.214776 -0.075594 -0.042493 -0.283480 1.435360 9.696895 -2.278247 -0.146894 0.029226
239785105 -0.084217 -0.385071 0.045043 -0.289585 1.440749 9.695915 -2.342718 -0.147449 0.029858
259767292 0.188056 -0.569746 0.040426 -0.271757 1.433921 9.697443 -2.387827 -0.146745 0.028016
279749480 0.194678 -0.404447 -0.237229 -0.271757 1.433921 9.697443 -2.337478 -0.146745 0.028016
299731667 -0.058257 -0.084120 -0.158951 -0.251962 1.418369 9.700264 -2.336359 -0.145142 0.025969
319713855 -0.060735 0.056634 0.216750 -0.235761 1.358393 9.709251 -2.336552 -0.138964 0.024277
339696042 0.193856 0.061688 0.567337 -0.218931 1.333478 9.713099 -2.325055 -0.136399 0.022536
359678230 0.264199 0.145577 0.787201 -0.218931 1.333478 9.713099 -2.326304 -0.136399 0.022536
379660417 0.032638 0.283544 0.574366 -0.205133 1.325581 9.714480 -2.351191 -0.135587 0.021113
399642605 -0.085706 0.363824 0.566445 -0.139201 1.305032 9.718431 -2.399912 -0.133472 0.014322
419624792 0.042003 0.511104 0.914336 -0.103444 1.312919 9.717815 -2.287230 -0.134284 0.010644
439606980 0.167016 0.838778 0.734681 -0.103444 1.312919 9.717815 -2.326892 -0.134284 0.010644
459589167 0.195160 1.251097 -0.062197 -0.084207 1.384589 9.708049 -2.343401 -0.141662 0.008674
479571355 0.009911 1.947544 -0.813273 -0.102972 1.459292 9.696919 -2.359990 -0.149361 0.010619
499553542 -0.040063 3.000204 -0.958369 -0.151022 1.546865 9.682706 -2.392133 -0.158398 0.015596
519535730 0.124211 3.925602 -0.215606 -0.151022 1.546865 9.682706 -2.369399 -0.158398 0.015596
539517917 0.322778 5.409128 0.837009 -0.067584 1.504614 9.690302 -2.352304 -0.154036 0.006974
559500105 -0.741599 7.740965 0.759474 0.104625 1.434834 9.700551 -2.362971 -0.146839 -0.010785
579482292 -1.944345 9.945219 0.001839 0.269790 1.403409 9.701961 -2.334923 -0.143601 -0.027801
599464480 -1.746976 11.109719 -0.586687 0.337494 1.431008 9.695807 -2.367480 -0.146445 -0.034794
619446667 -0.498112 12.151843 0.010899 0.204897 1.529867 9.684417 -2.370979 -0.156643 -0.021154
639428855 -0.612854 13.421892 0.669868 0.204897 1.529867 9.684417 -2.395910 -0.156643 -0.021154
659411042 -1.859274 13.850595 0.714128 0.284296 1.414612 9.699919 -2.423759 -0.144755 -0.029301
679393230 -0.733742 12.045059 1.272050 0.284296 1.414612 9.699919 -2.405757 -0.144755 -0.029301
699375417 1.322627 7.847545 -0.242406 0.551028 1.253347 9.710607 -2.478974 -0.128156 -0.056684
719357605 -6.850647 1.279630 -2.274059 0.887277 0.961261 9.719007 -2.403053 -0.098179 -0.091041
739339792 -20.721380 -9.155958 -5.191877 0.887277 0.961261 9.719007 -2.443888 -0.098179 -0.091041
759321980 -16.296867 -19.472258 -7.068752 1.005350 0.507074 9.741793 -2.582971 -0.051730 -0.102836
779304167 5.017947 -40.190041 -19.636698 0.895915 0.161337 9.764308 -2.473076 -0.016453 -0.091498
799286355 27.512825 -38.486355 -12.707996 0.820527 -0.773089 9.741634 -2.439192 0.078915 -0.084031
819268490 13.235693 -19.714359 17.080360 0.582582 -2.176984 9.544198 -2.457786 0.223856 -0.060965
839250573 -9.114879 -1.102756 27.171883 -0.342616 -2.726117 9.413888 -2.557169 0.281697 0.036379
859232657 -19.483004 5.638894 18.950354 -1.283550 -2.356570 9.432363 -2.700123 0.242678 0.135249
879214740 -11.290260 0.182659 -2.204472 -1.078847 -0.654408 9.725134 -2.687989 0.066781 0.110482
899196823 1.555882 -6.341482 -14.847491 -1.078847 -0.654408 9.725134 -2.899510 0.066781 0.110482
919178907 7.329064 -5.992237 -15.662916 -0.385174 -0.264674 9.795508 -2.783373 0.026992 0.039301
939160990 6.953230 -3.439364 -10.959007 0.082720 -0.162948 9.804947 -2.668018 0.016617 -0.008436
959143073 4.874447 -1.874706 -7.115182 0.143344 -0.097894 9.805114 -2.643945 0.009983 -0.014618
979125157 0.204456 0.284935 -4.764309 -0.465417 -0.051619 9.795464 -2.677025 0.005264 0.047478
999107240 -3.357110 2.444176 -2.477888 -0.465417 -0.051619 9.795464 -2.558414 0.005264 0.047478
1019089323 -4.338190 2.798161 0.657761 -1.134000 -0.275880 9.736956 -2.592699 0.028136 0.115941
1039071407 -3.050142 1.571428 2.865021 -1.134000 -0.275880 9.736956 -2.668062 0.028136 0.115941
1059053490 -0.581544 -0.221546 3.160751 -1.249623 -0.431183 9.717145 -2.665140 0.043983 0.127898
1079035573 0.745894 -1.094203 2.883221 -1.216668 -0.415314 9.722017 -2.682156 0.042363 0.124498
1099017657 0.487982 -0.904780 1.274697 -1.197336 -0.359568 9.726638 -2.653174 0.036674 0.122482
1118999740 -0.472308 -0.588796 0.264880 -1.197336 -0.359568 9.726638 -2.664072 0.036674 0.122482
1138981823 -0.861868 -0.118076 0.665814 -1.236140 -0.298791 9.723841 -2.661767 0.030473 0.126446
1158963907 -0.674270 -0.086525 0.095989 -1.270418 -0.222492 9.721467 -2.669379 0.022690 0.129945
1178945990 -0.538758 -0.085661 -0.671794 -1.251708 -0.162423 9.725082 -2.678459 0.016563 0.128005
1198928073 -0.324870 -0.039597 -0.966272 -1.202672 -0.129477 9.731763 -2.630395 0.013203 0.122959
1218910209 0.047538 0.063770 -0.975431 -1.167637 -0.113152 9.736232 -2.608122 0.011539 0.119357
1238892396 0.274505 0.130052 -0.234331 -1.166477 -0.117634 9.736318 -2.666327 0.011996 0.119238
1258874584 0.377252 -0.034188 0.567440 -1.224015 -0.084764 9.729593 -2.645517 0.008644 0.125146
1278856771 0.601710 -0.312051 0.717992 -1.322130 -0.016975 9.717102 -2.646250 0.001731 0.135232
1298838959 0.612194 -0.524186 0.597636 -1.436434 0.064231 9.700665 -2.672853 -0.006550 0.147008
1318821146 -0.054894 -0.420683 0.618342 -1.436434 0.064231 9.700665 -2.609246 -0.006550 0.147008
1338803334 -1.190052 0.054451 0.464040 -1.516868 0.200692 9.686548 -2.639757 -0.020466 0.155334
1358785521 -1.613555 0.435202 -0.097801 -1.516868 0.200692 9.686548 -2.657271 -0.020466 0.155334
1378767709 -1.132490 0.605271 -0.927018 -1.488227 0.263677 9.689481 -2.667450 -0.026891 0.152401
1398749896 -0.644947 0.544797 -1.427581 -1.454323 0.327494 9.692681 -2.630912 -0.033401 0.148932
1418732084 -0.348933 0.337966 -0.758303 -1.470755 0.323596 9.690333 -2.656564 -0.033004 0.150626
1438714271 -0.200709 0.165967 -0.454594 -1.470755 0.323596 9.690333 -2.599562 -0.033004 0.150626
1458696459 0.024030 0.200748 -0.728015 -1.434533 0.288125 9.696880 -2.589793 -0.029385 0.146872
1478678646 -0.034564 0.185346 -0.767273 -1.441247 0.257769 9.696739 -2.704393 -0.026288 0.147552
1498660834 0.073453 0.138337 -0.164944 -1.448869 0.220520 9.696523 -2.615609 -0.022489 0.148324
