0 0.054669 -0.176836 0.523999 -0.939058 0.584697 9.744060 -1.988570 -0.059658 0.096076
19982709 -0.261704 -0.117431 0.012224 -0.912215 0.573182 9.747293 -1.972336 -0.058482 0.093315
39965417 -0.415518 -0.083868 0.261025 -0.821356 0.493258 9.759736 -1.922563 -0.050320 0.083960
59948125 -0.160890 -0.089496 0.720632 -0.821356 0.493258 9.759736 -1.940059 -0.050320 0.083960
79930834 0.257956 -0.267059 0.878323 -0.767553 0.481853 9.764686 -1.973798 -0.049155 0.078444
99913542 0.381149 -0.214120 0.550522 -0.748945 0.520370 9.764153 -1.950982 -0.053088 0.076554
119896250 0.264574 -0.116552 -0.262759 -0.725564 0.547843 9.764415 -1.975428 -0.055894 0.074171
139878959 0.088197 0.168979 -0.439448 -0.699885 0.552354 9.766036 -1.912033 -0.056354 0.071543
159861667 -0.062247 0.384829 -0.119652 -0.699885 0.552354 9.766036 -1.880751 -0.056354 0.071543
179844375 0.054147 0.404333 0.173888 -0.657997 0.571169 9.767865 -1.980935 -0.058276 0.067262
199827084 0.050627 0.227399 -0.281274 -0.652084 0.595228 9.766825 -1.926439 -0.060734 0.066666
219809792 -0.082551 0.243988 -0.562303 -0.662981 0.605306 9.765473 -1.889090 -0.061763 0.067786
239792500 -0.187435 0.392719 -0.344945 -0.670909 0.600323 9.765239 -1.896002 -0.061254 0.068596
259775209 -0.087961 0.311719 -0.037797 -0.670909 0.600323 9.765239 -1.887249 -0.061254 0.068596
279757917 -0.144839 0.397023 0.151793 -0.657596 0.582845 9.767202 -1.909705 -0.059469 0.067226
299740573 -0.077261 0.645976 0.149818 -0.580774 0.544944 9.774258 -1.920537 -0.055598 0.059349
319723178 -0.101541 1.091932 -0.103431 -0.568294 0.522662 9.776208 -1.920126 -0.053322 0.058065
339705782 -0.094269 1.643870 0.174080 -0.578033 0.482689 9.777693 -1.922305 -0.049240 0.059049
359688386 -0.335929 2.564582 1.099406 -0.578033 0.482689 9.777693 -1.918346 -0.049240 0.059049
379670990 -0.153152 3.475428 2.105023 -0.548874 0.434260 9.781643 -1.919790 -0.044297 0.056054
399653594 -0.503358 5.564767 1.637531 -0.548874 0.434260 9.781643 -1.970883 -0.044297 0.056054
419636198 -1.258428 8.185130 0.403566 -0.651291 0.624888 9.765025 -1.915207 -0.063764 0.066598
439618803 -0.700221 10.287557 0.296711 -0.759989 0.744043 9.748805 -2.008134 -0.075944 0.077800
459601407 1.571310 12.753741 1.252437 -0.846837 0.906463 9.727877 -1.905970 -0.092566 0.086834
479584011 3.682997 15.465373 -0.597651 -0.898622 1.053747 9.708371 -1.887895 -0.107660 0.092299
499566615 2.971655 14.810862 -3.340358 -0.898622 1.053747 9.708371 -1.896341 -0.107660 0.092299
519549219 1.312555 12.694413 -2.911455 -0.916110 0.888062 9.723295 -1.998022 -0.090681 0.093941
539531823 0.517153 9.218371 1.785702 -0.968070 0.860487 9.720740 -2.019468 -0.087858 0.099261
559514428 -3.150455 2.895626 -0.815997 -0.968070 0.860487 9.720740 -2.052015 -0.087858 0.099261
579497032 -11.313931 -7.512891 -9.681894 -1.152880 0.972886 9.689931 -2.115598 -0.099370 0.118420
599479636 -15.381720 -17.250576 -13.485857 -1.152880 0.972886 9.689931 -2.144322 -0.099370 0.118420
619462240 -11.106241 -24.247168 -4.699277 -1.866545 -0.191687 9.625469 -2.396443 0.019548 0.191540
639444844 -1.958618 -23.441090 11.392477 -1.977023 -0.797526 9.572133 -2.398267 0.081415 0.203676
659427448 3.049301 -16.265146 16.216324 -1.977023 -0.797526 9.572133 -2.455626 0.081415 0.203676
679410053 3.229318 -10.956707 8.099264 -1.768641 -0.627971 9.625380 -2.484043 0.064079 0.181721
699392657 2.704718 -9.255402 1.075132 -1.633372 -0.303997 9.664888 -2.440897 0.031004 0.167419
719375261 0.325144 -8.039349 -1.605165 -1.633372 -0.303997 9.664888 -2.487402 0.031004 0.167419
739357865 -0.950857 -5.676112 -3.390230 -1.021106 0.135387 9.752404 -2.362469 -0.013806 0.104323
759340469 -1.320758 -1.665225 -3.579453 -0.746986 0.395277 9.770167 -2.357082 -0.040318 0.076307
779323073 -2.573910 1.809909 -6.595545 -0.746986 0.395277 9.770167 -2.348144 -0.040318 0.076307
799305678 -3.350555 4.876698 -8.820467 -0.693426 0.714273 9.755992 -2.344309 -0.072900 0.070958
819288282 -2.465456 5.106930 -7.301819 -0.856167 0.947502 9.723148 -2.273359 -0.096769 0.087828
839270886 -0.430063 2.550795 -3.709641 -1.045542 0.969933 9.702395 -2.272741 -0.099068 0.107347
859253490 1.138912 -0.036652 0.923725 -1.154099 0.793524 9.706120 -2.327145 -0.081006 0.118349
879236094 1.084252 -1.045669 3.650441 -1.151123 0.544505 9.723621 -2.284655 -0.055553 0.117836
899218698 0.478100 -0.689358 2.965723 -1.059314 0.378328 9.741926 -2.349949 -0.038588 0.108312
919201303 0.201912 -0.145467 0.778911 -0.960291 0.337018 9.753699 -2.342957 -0.034373 0.098138
939183907 0.045539 -0.038652 -0.707778 -0.917846 0.361092 9.756924 -2.369622 -0.036829 0.093795
959166511 0.386422 -0.255841 -0.600133 -0.959933 0.349360 9.753300 -2.377146 -0.035632 0.098105
979149115 0.677837 -0.652039 -0.113928 -0.966489 0.296798 9.754394 -2.357914 -0.030270 0.098760
999131719 0.567119 -0.724940 0.052824 -0.966489 0.296798 9.754394 -2.344483 -0.030270 0.098760
1019114323 0.301433 -0.504601 0.327151 -1.046367 0.232136 9.747903 -2.346480 -0.023673 0.106933
1039096928 0.303376 -0.323769 0.326777 -1.121201 0.233346 9.739551 -2.364339 -0.023797 0.114614
1059079532 0.216244 -0.260898 0.113009 -1.121201 0.233346 9.739551 -2.285351 -0.023797 0.114614
1079062136 -0.000336 -0.389203 0.664721 -1.306193 0.243757 9.716215 -2.402613 -0.024859 0.133633
1099044740 -0.169152 -0.120777 0.837155 -1.306193 0.243757 9.716215 -2.250413 -0.024859 0.133633
1119027344 -0.367950 0.089780 0.788284 -1.370124 0.255673 9.707099 -2.333687 -0.026074 0.140220
1139009948 -0.551259 0.078624 0.525869 -1.406017 0.275257 9.701430 -2.328110 -0.028072 0.143927
1158992553 -0.947440 0.288824 0.238146 -1.428606 0.303497 9.697287 -2.289389 -0.030953 0.146268
1178975157 -0.668347 0.452594 -0.316567 -1.446815 0.345347 9.693185 -2.332308 -0.035223 0.148167
1198957761 -0.438201 0.448807 -0.470899 -1.494839 0.397006 9.683916 -2.357002 -0.040494 0.153154
1218940469 -0.326768 0.292052 0.060592 -1.494839 0.397006 9.683916 -2.331972 -0.040494 0.153154
1238923178 -0.085137 -0.053043 0.435954 -1.478338 0.383526 9.686992 -2.336427 -0.039119 0.151442
1258905886 0.015486 -0.120164 0.364544 -1.461077 0.383504 9.689610 -2.299141 -0.039117 0.149660
1278888594 0.017372 -0.001695 0.263031 -1.445792 0.389633 9.691659 -2.295822 -0.039742 0.148087
1298871303 0.239689 -0.246445 0.154315 -1.440385 0.399742 9.692052 -2.322261 -0.040774 0.147535
1318854011 0.282591 -0.321949 0.234476 -1.447320 0.422823 9.690041 -2.348244 -0.043129 0.148266
1338836719 0.321029 -0.229600 0.224921 -1.447320 0.422823 9.690041 -2.308550 -0.043129 0.148266
1358819428 -0.097369 0.064615 -0.417969 -1.457021 0.462726 9.686762 -2.321578 -0.047202 0.149294
1378802136 -0.699070 0.381799 -0.502858 -1.487285 0.506971 9.679946 -2.281989 -0.051720 0.152454
1398784844 -0.841605 0.496884 -0.301545 -1.533279 0.544938 9.670703 -2.304503 -0.055597 0.157240
1418767553 -1.035227 0.598730 -0.272095 -1.563747 0.576454 9.663994 -2.312711 -0.058816 0.160421
1438750261 -0.455257 0.166440 -0.393397 -1.571506 0.601943 9.661181 -2.301621 -0.061420 0.161250
1458732969 -0.046201 -0.076712 -0.313935 -1.537673 0.621492 9.665385 -2.319315 -0.063417 0.157769
1478715678 0.195923 -0.176979 -0.349340 -1.537673 0.621492 9.665385 -2.285657 -0.063417 0.157769
1498698386 0.595833 -0.312880 -0.485890 -1.496845 0.623699 9.671651 -2.329242 -0.063643 0.153548
