0 0.240818 0.210446 -0.135896 -0.269707 0.927955 9.758921 -1.299929 -0.094767 0.027630
19978281 0.184823 0.263193 -0.125422 -0.266398 0.932794 9.758551 -1.257990 -0.095263 0.027292
39956563 0.204233 0.217141 -0.243890 -0.266398 0.932794 9.758551 -1.322898 -0.095263 0.027292
59934844 0.247436 0.142022 -0.396795 -0.261841 0.935864 9.758380 -1.258714 -0.095577 0.026826
79913125 0.036767 0.133768 -0.167636 -0.218602 0.913888 9.761527 -1.310953 -0.093326 0.022390
99891406 -0.092522 0.179439 -0.093634 -0.209051 0.911553 9.761955 -1.218886 -0.093087 0.021412
119869688 -0.201622 0.372978 -0.342167 -0.209051 0.911553 9.761955 -1.275321 -0.093087 0.021412
139847969 -0.197196 0.487040 -0.458498 -0.249118 0.888612 9.763129 -1.308283 -0.090738 0.025511
159826250 -0.352518 0.501375 -0.284936 -0.249118 0.888612 9.763129 -1.270840 -0.090738 0.025511
179804531 -0.497977 0.476286 -0.080156 -0.266703 0.860254 9.765204 -1.239766 -0.087834 0.027305
199782813 -0.613392 0.642566 0.165238 -0.215963 0.819116 9.769995 -1.166520 -0.083624 0.022101
219761094 -0.324707 1.268029 -0.238626 -0.215963 0.819116 9.769995 -1.225879 -0.083624 0.022101
239739375 -0.573632 1.962583 -0.302180 -0.159184 0.782706 9.774069 -1.116269 -0.079899 0.016285
259717656 -0.647862 2.505575 0.115729 -0.159184 0.782706 9.774069 -1.234418 -0.079899 0.016285
279695938 -0.578245 3.452271 1.120848 0.010550 0.787167 9.775001 -1.201483 -0.080355 -0.001079
299674219 -0.781954 4.969590 1.671797 0.010550 0.787167 9.775001 -1.216820 -0.080355 -0.001079
319652500 0.243693 6.489378 0.845456 0.085738 0.850739 9.769303 -1.224029 -0.086860 -0.008776
339630781 1.243934 7.684969 1.775089 0.114339 0.902302 9.764382 -1.207179 -0.092140 -0.011709
359609063 1.543745 10.066159 2.301496 0.158788 0.980654 9.756202 -1.235673 -0.100166 -0.016274
379587344 2.826591 12.609199 0.450411 0.277269 1.046400 9.746720 -1.225217 -0.106907 -0.028440
399565625 5.698839 12.010872 -1.739794 0.086747 0.776110 9.775505 -1.332320 -0.079224 -0.008874
419543906 4.950120 9.262639 0.575123 -0.235048 0.426782 9.794538 -1.241143 -0.043533 0.023993
439522188 1.656723 7.833917 4.615440 -0.468190 0.195861 9.793509 -1.065451 -0.019974 0.047770
459500469 0.433600 6.377072 4.499991 -0.468190 0.195861 9.793509 -1.065451 -0.019974 0.047770
479478750 -0.695422 3.438305 -0.007693 -0.552061 0.119009 9.790375 -1.101221 -0.012136 0.056328
499457031 0.888949 -2.627166 -5.381859 -0.919555 -0.138514 9.762460 -1.115157 0.014125 0.093916
519435313 7.661829 -7.782474 -5.441800 -0.819390 -0.375216 9.765153 -1.112748 0.038271 0.083714
539413594 8.084151 -13.038276 -3.087197 -0.424926 -0.448170 9.787184 -0.968304 0.045717 0.043389
559391875 5.805218 -19.641146 -10.226531 -0.025367 -0.726121 9.779698 -0.931139 0.074112 0.002594
579370156 1.345715 -20.917933 -15.262721 0.169085 -1.388180 9.706429 -0.922894 0.142032 -0.017418
599348438 -5.141749 -16.062634 -4.718972 0.169085 -1.388180 9.706429 -0.833616 0.142032 -0.017418
619326719 -3.884048 -9.072428 6.702816 1.462559 -2.185105 9.447573 -0.950415 0.224705 -0.153589
639305000 -4.309692 -2.253775 5.688724 2.133494 -2.418703 9.261127 -0.919915 0.249211 -0.226421
659283281 -0.707134 -2.428752 12.517284 2.133494 -2.418703 9.261127 -1.002898 0.249211 -0.226421
679261563 3.170909 -2.578828 12.957217 1.897105 -1.509859 9.502195 -0.891129 0.154578 -0.197058
699239844 1.600601 -3.049634 -2.365267 1.897105 -1.509859 9.502195 -1.086606 0.154578 -0.197058
719218125 -0.029757 -1.919943 -10.159212 1.628930 -0.914796 9.627051 -1.094213 0.093419 -0.167616
739196406 1.028812 -0.014626 -9.372277 1.695065 -0.577173 9.641784 -1.018850 0.058889 -0.174026
759174688 1.132959 -0.020704 -5.441516 1.695065 -0.577173 9.641784 -1.086314 0.058889 -0.174026
779152969 1.283679 -0.167136 -2.417286 1.841775 -0.625999 9.611783 -1.024937 0.063878 -0.189322
799131250 1.492624 0.465492 -0.132446 1.914529 -0.706642 9.591956 -0.988386 0.072120 -0.197008
819109531 0.727347 0.552227 1.412024 2.107932 -0.803990 9.543616 -1.043795 0.082076 -0.217383
839087813 -1.015083 -0.073416 1.379304 2.134346 -0.810378 9.537203 -1.067761 0.082730 -0.220164
859066094 -1.094571 -0.424520 2.241114 2.110761 -0.749929 9.547392 -1.003891 0.076546 -0.217583
879044375 0.714006 -0.236654 1.678809 2.091825 -0.638745 9.559637 -1.054771 0.065180 -0.215423
899022656 1.294297 0.140851 -0.359383 2.062236 -0.545658 9.571824 -1.015154 0.055670 -0.212205
919000938 0.601782 0.213396 -1.555797 2.022723 -0.507928 9.582327 -0.994484 0.051817 -0.208035
938979219 0.741630 0.144857 -1.072802 1.998480 -0.501828 9.587734 -1.094195 0.051195 -0.205499
958957500 1.201520 0.230729 -0.628998 1.979500 -0.506414 9.591430 -1.009158 0.051663 -0.203525
978935781 0.661689 -0.081800 -0.338642 1.939286 -0.515045 9.599181 -1.082980 0.052544 -0.199343
998914063 0.171745 -0.070946 -0.122697 1.939286 -0.515045 9.599181 -0.996628 0.052544 -0.199343
1018892344 0.022224 0.063720 -0.057130 1.887237 -0.526069 9.608953 -0.952516 0.053670 -0.193936
1038870625 0.316546 0.201075 0.328407 1.873737 -0.541180 9.610756 -1.085844 0.055213 -0.192547
1058848906 0.542330 0.168200 0.088653 1.919827 -0.539470 9.601751 -1.057717 0.055038 -0.197343
1078827188 0.729062 0.130284 -0.438241 1.963130 -0.545443 9.592653 -1.119797 0.055648 -0.201862
1098805469 1.044944 0.095716 -0.233262 1.929495 -0.558972 9.598697 -1.004108 0.057030 -0.198373
1118783750 0.850433 0.292817 0.248260 1.927157 -0.559540 9.599133 -1.020137 0.057088 -0.198130
1138762031 0.342415 0.314138 -0.064250 1.927157 -0.559540 9.599133 -1.051264 0.057088 -0.198130
1158740313 0.082170 0.038993 -0.249909 1.933991 -0.598551 9.595407 -1.106158 0.061073 -0.198889
1178718594 -0.023939 -0.339612 0.406993 1.895457 -0.608008 9.602497 -1.045152 0.062039 -0.194887
1198696875 -0.360619 -0.359949 0.728885 1.847604 -0.592052 9.612815 -1.011901 0.060409 -0.189887
1218675156 -0.246024 -0.111060 0.195710 1.823590 -0.577205 9.618301 -1.045953 0.058893 -0.187372
1238653438 -0.360956 -0.007252 -0.117590 1.809153 -0.575646 9.621121 -1.045040 0.058733 -0.185869
1258631719 -0.191110 -0.272864 -0.141260 1.777992 -0.583263 9.626471 -1.022608 0.059511 -0.182640
1278610000 -0.220685 -0.528223 0.129560 1.777992 -0.583263 9.626471 -1.072279 0.059511 -0.182640
1298588281 -0.612024 -0.447230 0.661328 1.715636 -0.581769 9.637869 -1.116475 0.059359 -0.176165
1318566563 -0.541356 -0.371955 1.021223 1.655784 -0.477632 9.654047 -1.016252 0.048724 -0.169859
1338544844 0.134113 -0.206089 0.498167 1.684478 -0.407798 9.652285 -0.994605 0.041596 -0.172776
1358523125 0.167340 -0.239315 0.036025 1.684727 -0.359622 9.654158 -0.986171 0.036679 -0.172768
1378501406 -0.079259 -0.579700 0.440265 1.633321 -0.310848 9.664680 -1.060575 0.031703 -0.167417
1398479688 -0.344978 -0.847282 1.375433 1.633321 -0.310848 9.664680 -1.072023 0.031703 -0.167417
1418457969 -0.245744 -1.182049 1.561813 1.450659 -0.084274 9.698395 -1.097814 0.008594 -0.148476
1438436250 0.353398 -1.471843 0.759382 1.362721 0.063236 9.711302 -1.142133 -0.006448 -0.139413
1458414531 0.698152 -1.752495 0.396148 1.362721 0.063236 9.711302 -1.073812 -0.006448 -0.139413
1478392813 -0.214578 -1.502502 1.305414 1.299734 0.211107 9.717845 -1.147798 -0.021529 -0.132958
1498371094 -0.497798 -1.955330 1.223394 1.310931 0.623089 9.698640 -1.056401 -0.063580 -0.134352
