0 -0.239095 -0.017914 -0.102231 -0.794032 1.916019 9.584820 -2.059793 -0.196644 0.082654
19982292 -0.401556 0.189315 -0.267918 -0.826195 1.895499 9.586182 -1.992506 -0.194511 0.085974
39964583 -0.896869 0.607561 -0.201953 -0.870571 1.869703 9.587319 -1.979621 -0.191831 0.090556
59946875 -1.005296 0.843951 0.237055 -0.901349 1.845672 9.589132 -2.058355 -0.189335 0.093722
79929167 -0.622306 0.580722 0.316523 -0.920299 1.825473 9.591199 -2.102119 -0.187239 0.095660
99911458 0.100222 0.168755 0.360843 -0.920299 1.825473 9.591199 -2.128556 -0.187239 0.095660
119893750 0.417975 -0.104315 0.108146 -0.931361 1.810465 9.592976 -1.990764 -0.185681 0.096784
139876042 0.296712 -0.113878 0.082861 -0.960575 1.783601 9.595126 -2.082740 -0.182895 0.099778
159858333 0.224039 0.012805 0.331497 -0.964465 1.773872 9.596539 -2.023068 -0.181886 0.100165
179840625 0.038966 0.041176 0.217123 -0.961294 1.771621 9.597273 -2.118086 -0.181652 0.099830
199822917 -0.041100 0.071092 0.070207 -0.961294 1.771621 9.597273 -2.124982 -0.181652 0.099830
219805208 -0.109052 0.089596 0.026583 -0.955359 1.772786 9.597651 -2.056584 -0.181773 0.099214
239787500 -0.113312 0.110245 0.000127 -0.920923 1.776735 9.600286 -2.010030 -0.182183 0.095634
259769792 -0.164274 0.030113 -0.328045 -0.883921 1.761087 9.606647 -2.069000 -0.180560 0.091753
279752083 -0.143538 0.084845 -0.152494 -0.883921 1.761087 9.606647 -2.018834 -0.180560 0.091753
299734375 -0.174303 0.145305 0.096698 -0.839363 1.729952 9.616295 -2.058425 -0.177334 0.087065
319716667 -0.087289 0.242444 -0.011287 -0.791048 1.702497 9.625286 -2.076204 -0.174491 0.082000
339698958 -0.196542 0.390510 -0.210096 -0.760207 1.688965 9.630154 -2.049703 -0.173090 0.078777
359681250 -0.296427 0.646746 -0.174680 -0.741753 1.679807 9.633194 -2.116056 -0.172142 0.076848
379663542 -0.418092 0.852041 -0.339719 -0.715839 1.680130 9.635099 -2.034738 -0.172175 0.074159
399645833 0.030233 0.894308 -0.024353 -0.663302 1.677076 9.639390 -2.079495 -0.171859 0.068703
419628125 0.302224 1.765702 0.640222 -0.727527 1.737633 9.624019 -2.108615 -0.178130 0.075451
439610417 0.751230 2.975362 0.543785 -0.727527 1.737633 9.624019 -2.063981 -0.178130 0.075451
459592708 1.210372 4.305655 -0.496844 -0.818121 1.865559 9.592745 -2.043053 -0.191401 0.085080
479575104 1.479448 5.389850 -1.473519 -0.902246 2.010266 9.555898 -2.065494 -0.206454 0.094139
499557500 0.830204 6.410949 -1.997933 -0.946984 2.118612 9.528121 -2.022870 -0.217755 0.099063
519539896 -0.689490 8.109102 -2.357034 -0.927769 2.157558 9.521269 -2.048340 -0.221824 0.097135
539522292 -1.477859 9.903618 -2.044726 -0.656822 1.975609 9.583107 -2.092641 -0.202844 0.068433
559504688 -1.367753 10.620407 -1.396008 -0.471784 1.755688 9.636667 -2.037415 -0.180001 0.048918
579487083 -0.379985 10.952924 0.960723 -0.471784 1.755688 9.636667 -1.980858 -0.180001 0.048918
599469479 0.353638 10.565819 3.065505 -0.389121 1.479753 9.686552 -2.106496 -0.151471 0.040150
619451875 0.955067 8.313041 4.360501 -0.389121 1.479753 9.686552 -2.061897 -0.151471 0.040150
639434271 -3.816222 6.270765 0.669740 -0.455831 1.744159 9.639528 -2.103700 -0.178806 0.047253
659416667 -7.676233 3.562211 -3.781076 -0.325127 1.840176 9.626964 -2.096657 -0.188765 0.033760
679399063 -8.653940 -4.125607 -5.903740 -0.257979 1.992471 9.598640 -2.196790 -0.204600 0.026870
699381458 -13.693091 -15.807932 -14.744171 -0.097391 1.782624 9.642776 -2.190402 -0.182793 0.010100
719363854 -9.220051 -31.759573 -13.917509 0.207062 0.836289 9.768733 -2.383363 -0.085381 -0.021193
739346250 7.377387 -30.958944 -0.983489 0.681787 -0.223039 9.780378 -2.432190 0.022746 -0.069597
759328646 16.690563 -19.582273 0.264655 0.400334 -0.928173 9.754416 -2.482695 0.094789 -0.041018
779311042 15.810990 -7.443401 9.912875 -0.837320 -1.106189 9.708019 -2.540237 0.113040 0.086037
799293386 -3.642498 -3.430475 19.536739 -0.837320 -1.106189 9.708019 -2.337036 0.113040 0.086037
819275677 -14.744841 2.485577 11.384131 -1.899148 -0.789343 9.588564 -2.426806 0.080578 0.195533
839257969 -11.118383 2.405761 0.484245 -1.873377 0.191102 9.624153 -2.374590 -0.019488 0.192250
859240261 -2.095953 -1.450649 -4.677914 -1.232453 0.396202 9.720827 -2.353518 -0.040412 0.126112
879222552 4.296793 -3.579506 -6.752225 -1.232453 0.396202 9.720827 -2.494472 -0.040412 0.126112
899204844 5.596340 -1.933766 -6.065419 -0.661213 0.454111 9.773790 -2.352832 -0.046323 0.067549
919187136 3.297701 -0.611497 -4.000958 -0.661213 0.454111 9.773790 -2.418793 -0.046323 0.067549
939169427 0.694440 -0.138772 -1.371868 -0.885241 0.428389 9.757215 -2.421352 -0.043697 0.090479
959151719 -1.519777 0.482289 0.459552 -1.264126 0.388909 9.717053 -2.395964 -0.039668 0.129367
979134011 -2.107943 0.446229 1.580711 -1.656815 0.207847 9.663444 -2.466143 -0.021196 0.169801
999116302 -0.943839 -0.175839 3.009470 -1.656815 0.207847 9.663444 -2.475736 -0.021196 0.169801
1019098594 0.032355 -0.625154 1.632265 -1.505878 0.130295 9.689466 -2.436718 -0.013287 0.154180
1039080886 0.898143 -0.928825 -0.441536 -1.505878 0.130295 9.689466 -2.499876 -0.013287 0.154180
1059063177 0.808075 -0.851389 -1.415991 -1.504690 0.158237 9.689234 -2.405538 -0.016136 0.154064
1079045469 0.085794 -0.208608 -1.410962 -1.570173 0.142962 9.679076 -2.466022 -0.014579 0.160822
1099027761 -0.424877 -0.084530 -0.345238 -1.621016 0.121593 9.670982 -2.501251 -0.012399 0.166073
1119010052 0.090724 -0.388414 0.144472 -1.645807 0.113945 9.666888 -2.462166 -0.011619 0.168635
1138992344 0.375017 -0.439307 -0.059490 -1.645807 0.113945 9.666888 -2.485947 -0.011619 0.168635
1158974636 0.361543 -0.166850 -0.267941 -1.654861 0.104823 9.665446 -2.472863 -0.010689 0.169570
1178956927 0.235234 -0.092664 -0.017809 -1.646327 0.081158 9.667130 -2.505387 -0.008276 0.168683
1198939219 -0.006634 -0.157919 0.250433 -1.644470 0.052631 9.667644 -2.463408 -0.005367 0.168488
1218921511 0.048436 -0.381874 0.271512 -1.649087 0.056249 9.666837 -2.469027 -0.005736 0.168966
1238903802 0.050110 -0.319306 0.201679 -1.649087 0.056249 9.666837 -2.505162 -0.005736 0.168966
1258886094 -0.218591 -0.066906 -0.250520 -1.592039 0.035620 9.676494 -2.499070 -0.003632 0.163066
1278868386 -0.463154 0.103503 -0.170972 -1.562712 0.013404 9.681329 -2.380981 -0.001367 0.160035
1298850677 -0.476340 0.032138 0.057569 -1.527340 -0.006554 9.686980 -2.412999 0.000668 0.156382
1318832969 -0.251391 -0.062568 0.236912 -1.470982 -0.029562 9.695655 -2.469035 0.003015 0.150567
1338815261 -0.037608 -0.118784 0.460231 -1.391020 -0.050292 9.707364 -2.492824 0.005128 0.142326
1358797552 0.072658 -0.121563 0.674578 -1.391020 -0.050292 9.707364 -2.463235 0.005128 0.142326
1378779844 0.139876 -0.016123 0.107478 -1.300723 -0.049886 9.719877 -2.510717 0.005087 0.133031
1398762136 0.240804 0.089766 -0.289478 -1.209013 -0.004259 9.731837 -2.432692 0.000434 0.123599
1418744427 0.145825 0.146433 -0.144224 -1.209013 -0.004259 9.731837 -2.453809 0.000434 0.123599
1438726719 -0.003746 0.045641 0.105217 -1.240422 0.033211 9.727828 -2.506737 -0.003387 0.126828
1458709011 -0.286567 0.115306 0.213954 -1.257112 0.050015 9.725613 -2.458744 -0.005100 0.128545
1478691302 -0.379446 0.061954 0.128940 -1.235685 0.053100 9.728342 -2.445769 -0.005415 0.126343
1498673594 -0.473069 0.262326 -0.160785 -1.235685 0.053100 9.728342 -2.432851 -0.005415 0.126343
