0 0.146258 -0.105580 -0.387999 1.279340 0.349802 9.716548 -1.248130 -0.035677 -0.130913
19978177 0.486609 -0.076281 0.170507 1.279340 0.349802 9.716548 -1.234984 -0.035677 -0.130913
39956354 0.640952 0.177665 0.776689 1.321599 0.309088 9.712273 -1.307734 -0.031523 -0.135244
59934531 0.660459 0.436810 0.417875 1.343008 0.337107 9.708403 -1.231413 -0.034382 -0.137462
79912708 0.638257 0.739860 -0.439809 1.343008 0.337107 9.708403 -1.284036 -0.034382 -0.137462
99890885 0.643358 0.961039 -0.449175 1.362144 0.355631 9.705075 -1.243589 -0.036272 -0.139443
119869062 0.695565 1.420381 -0.085732 1.357214 0.335512 9.706482 -1.174200 -0.034219 -0.138925
139847239 0.162169 1.682666 0.648194 1.320052 0.322678 9.712040 -1.197194 -0.032910 -0.135091
159825416 -0.527224 2.315628 1.141082 1.320052 0.322678 9.712040 -1.176071 -0.032910 -0.135091
179803593 -0.947412 3.899849 1.165044 1.347797 0.360639 9.706892 -1.229735 -0.036783 -0.137967
199781770 -1.144938 5.323356 1.660917 1.393758 0.491554 9.694649 -1.222616 -0.050146 -0.142787
219759947 -0.847744 6.890924 2.169841 1.393758 0.491554 9.694649 -1.204479 -0.050146 -0.142787
239738125 -0.753016 9.459474 1.860511 1.401495 0.620294 9.686147 -1.212611 -0.063295 -0.143693
259716302 -1.516926 13.238323 0.742448 1.309228 0.797220 9.686110 -1.191383 -0.081384 -0.134351
279694479 -4.630738 16.705740 2.875164 1.105307 1.099976 9.681877 -1.180106 -0.112403 -0.113670
299672656 -8.030106 16.557999 8.774749 1.105307 1.099976 9.681877 -1.240493 -0.112403 -0.113670
319650833 -4.392415 14.081329 2.262218 1.130720 1.623916 9.604934 -1.330014 -0.166360 -0.117183
339629010 9.764844 11.509573 -11.824700 0.878602 2.244076 9.505922 -1.246636 -0.230878 -0.092165
359607187 14.633750 5.319777 -17.120995 0.350905 2.520591 9.470685 -1.126661 -0.259946 -0.037035
379585364 12.698637 -8.920694 -21.180622 -0.434942 1.381290 9.699137 -1.107679 -0.141322 0.044813
399563541 2.661083 -25.471771 -13.395679 -0.434942 1.381290 9.699137 -0.897514 -0.141322 0.044813
419541718 -6.769713 -37.205059 -3.484472 -0.658927 0.017194 9.784472 -0.872904 -0.001753 0.067243
439519895 -15.578257 -35.690781 4.904011 -0.562781 -1.294907 9.704477 -0.876413 0.132430 0.057927
459498072 -14.842536 -18.825413 18.657490 0.307944 -2.458274 9.488544 -0.891780 0.253377 -0.032443
479476250 4.621417 -6.473130 18.994074 1.601187 -2.979003 9.205005 -1.095754 0.308651 -0.172224
499454427 21.732933 -2.101605 7.680608 2.431952 -2.891505 9.049597 -1.193552 0.299300 -0.262533
519432604 17.806381 -1.089489 -3.359513 1.428922 -1.713546 9.549467 -1.158365 0.175635 -0.148532
539410781 0.719172 -2.424259 -9.561643 1.428922 -1.713546 9.549467 -1.197412 0.175635 -0.148532
559388958 -9.235105 -1.816902 -10.663597 0.922774 -1.327269 9.672499 -1.219292 0.135760 -0.095114
579367135 -5.510238 -0.673368 -7.592698 0.969963 -1.194644 9.685163 -1.158295 0.122123 -0.099817
599345312 2.163131 0.205804 -5.353431 1.787694 -1.256762 9.560078 -1.196931 0.128507 -0.184861
619323489 3.598788 1.234788 -2.429286 1.787694 -1.256762 9.560078 -1.177851 0.128507 -0.184861
639301666 3.096330 0.625744 -0.124084 1.984462 -1.343907 9.509271 -1.191531 0.137473 -0.205734
659279843 0.108450 -0.520032 1.515166 1.881928 -1.405905 9.521143 -1.106802 0.143858 -0.195142
679258020 -2.538236 -1.061027 1.895761 1.647553 -1.398440 9.565580 -1.170819 0.143089 -0.170564
699236197 -2.992606 -0.845662 0.633680 1.647553 -1.398440 9.565580 -1.118598 0.143089 -0.170564
719214375 -1.276963 -0.361898 -1.230747 1.743147 -1.373929 9.552180 -1.176157 0.140564 -0.180501
739192552 0.465189 -0.354964 -0.884912 1.828479 -1.425784 9.528598 -1.213585 0.145907 -0.189589
759170729 1.014720 -0.331317 -0.333034 1.828479 -1.425784 9.528598 -1.110325 0.145907 -0.189589
779148906 0.484919 -0.302953 0.096295 1.786513 -1.449703 9.532949 -1.140836 0.148372 -0.185255
799127083 -0.196502 -0.560491 1.013803 1.726310 -1.453983 9.543384 -1.166353 0.148814 -0.178956
819105312 -0.418034 -0.369571 0.670787 1.664330 -1.351803 9.569379 -1.171902 0.138286 -0.172200
839083541 0.381783 0.042488 -0.455908 1.664330 -1.351803 9.569379 -1.151834 0.138286 -0.172200
859061770 1.165958 0.589667 -1.165585 1.655280 -1.308650 9.576944 -1.214152 0.133844 -0.171149
879040000 1.116379 0.604710 -0.982860 1.652877 -1.305528 9.577786 -1.160691 0.133523 -0.170891
899018229 0.745199 0.406515 -0.359692 1.635959 -1.335783 9.576518 -1.174834 0.136637 -0.169197
918996458 0.625343 0.046920 0.404428 1.590157 -1.382542 9.577597 -1.200936 0.141451 -0.164528
938974687 0.322549 -0.153857 0.966176 1.556162 -1.429943 9.576221 -1.168010 0.146335 -0.161095
958952916 -0.037055 -0.366291 0.745682 1.555824 -1.422898 9.577326 -1.248160 0.145609 -0.161042
978931145 0.145019 -0.263407 0.219666 1.555824 -1.422898 9.577326 -1.248160 0.145609 -0.161042
998909375 0.270949 -0.099291 0.063883 1.521790 -1.410504 9.584624 -1.109757 0.144332 -0.157460
1018887604 0.510610 0.112033 0.319159 1.476475 -1.368465 9.597797 -1.124332 0.140001 -0.152638
1038865833 0.589665 0.090911 0.041212 1.445012 -1.337453 9.606953 -1.183077 0.136809 -0.149294
1058844062 -0.031932 0.083971 -0.353846 1.445012 -1.337453 9.606953 -1.167009 0.136809 -0.149294
1078822291 -0.789042 0.177737 -0.237270 1.396179 -1.324067 9.616025 -1.210103 0.135431 -0.144185
1098800520 -1.105401 0.228458 0.229831 1.430110 -1.341362 9.608639 -1.189595 0.137211 -0.147751
1118778750 -0.856720 -0.045916 0.613971 1.430110 -1.341362 9.608639 -1.193548 0.137211 -0.147751
1138756979 -0.644852 -0.418663 1.068600 1.399439 -1.325511 9.615351 -1.216262 0.135580 -0.144527
1158735208 -0.009640 -0.346132 0.819606 1.399439 -1.325511 9.615351 -1.183291 0.135580 -0.144527
1178713437 0.743177 -0.073666 -0.238906 1.323669 -1.258090 9.635118 -1.217559 0.128644 -0.136525
1198691666 0.637082 0.345949 -0.849829 1.054196 -1.159587 9.680620 -1.197438 0.118522 -0.108470
1218669895 -0.012044 0.430945 -0.505201 1.054196 -1.159587 9.680620 -1.197313 0.118522 -0.108470
1238648125 -0.381079 0.228551 -0.444127 0.960340 -1.134536 9.693346 -1.253168 0.115950 -0.098750
1258626354 -0.034565 0.193348 -0.974694 0.946239 -1.114339 9.697075 -1.164598 0.113877 -0.097272
1278604583 1.047223 0.481044 -1.349385 0.964464 -1.108399 9.695960 -1.125904 0.113267 -0.099145
1298582812 1.474312 0.450238 -0.845311 1.047936 -1.194740 9.677024 -1.188536 0.122133 -0.107871
1318561041 0.655684 -0.012756 0.374346 1.085734 -1.239713 9.667196 -1.168422 0.126755 -0.111842
1338539270 -0.291943 -0.497466 0.966914 1.084190 -1.267239 9.663799 -1.212155 0.129585 -0.111724
1358517500 -0.623990 -0.850782 1.445068 1.026920 -1.253020 9.671906 -1.177803 0.128123 -0.105779
1378495729 -0.454951 -0.767506 1.468698 1.026920 -1.253020 9.671906 -1.230071 0.128123 -0.105779
1398473958 0.007102 -0.343097 0.402145 0.942757 -1.186360 9.688867 -1.105638 0.121272 -0.096998
1418452187 -0.291389 0.021780 -0.316537 0.797330 -1.069305 9.715515 -1.162119 0.109256 -0.081884
1438430416 -0.373548 -0.032314 -0.176004 0.797330 -1.069305 9.715515 -1.151768 0.109256 -0.081884
1458408645 -0.406223 -0.065114 0.262885 0.730593 -1.034244 9.724554 -1.168644 0.105660 -0.074988
1478386875 -0.296484 -0.189548 0.056556 0.662108 -0.981801 9.734888 -1.153574 0.100284 -0.067909
1498365104 -0.073350 0.012336 -0.489683 0.599842 -0.924025 9.744576 -1.159994 0.094364 -0.061479
