0 -0.635811 -0.189473 1.009012 -0.395727 0.557438 9.782793 -1.177367 -0.056874 0.040429
19985833 -0.591633 -0.286823 0.592562 -0.280324 0.520044 9.788838 -1.058582 -0.053055 0.028629
39971666 -0.469120 -0.151114 0.500833 -0.292778 0.547547 9.786974 -1.197264 -0.055863 0.029906
59957500 -0.308483 -0.134088 0.289571 -0.322100 0.591037 9.783522 -1.086544 -0.060306 0.032911
79943437 0.002581 -0.363620 0.004363 -0.338796 0.617390 9.781330 -1.111175 -0.062998 0.034623
99929375 0.228914 -0.442989 0.364999 -0.338796 0.617390 9.781330 -1.097970 -0.062998 0.034623
119915312 0.125036 -0.394099 0.273847 -0.309770 0.657922 9.779651 -1.100847 -0.067140 0.031664
139901250 -0.024932 -0.263044 0.146272 -0.337491 0.714579 9.774756 -1.102706 -0.072931 0.034513
159887187 -0.526725 0.113506 0.079412 -0.337491 0.714579 9.774756 -1.121240 -0.072931 0.034513
179873125 -0.968937 0.612158 -0.440558 -0.409345 0.813877 9.764242 -1.172882 -0.083088 0.041898
199859062 -0.966163 0.475953 -1.177450 -0.518185 1.003744 9.741374 -1.066990 -0.102533 0.053144
219845000 -1.160017 0.203091 -1.571768 -0.518185 1.003744 9.741374 -1.068891 -0.102533 0.053144
239830937 -1.190253 0.502728 -0.743493 -0.539366 0.987339 9.741900 -1.010053 -0.100851 0.055309
259816875 -0.947927 0.862665 -0.135724 -0.539366 0.987339 9.741900 -1.060660 -0.100851 0.055309
279802812 -0.507029 1.158305 -0.181359 -0.366749 0.880862 9.760120 -1.008155 -0.089944 0.037559
299788750 0.144638 1.746204 -0.143145 -0.366749 0.880862 9.760120 -1.185000 -0.089944 0.037559
319774687 1.040911 3.183311 0.330403 -0.242468 0.811551 9.770004 -1.143820 -0.082850 0.024813
339760625 2.051016 6.216717 0.871213 -0.120862 0.743232 9.777699 -1.088451 -0.075861 0.012360
359746562 2.593572 9.855371 1.579858 -0.020084 0.703003 9.781400 -1.145872 -0.071748 0.002053
379732500 1.259729 16.252563 2.457726 -0.035858 0.755779 9.777417 -1.029441 -0.077145 0.003667
399718437 -2.259013 24.180897 -0.244176 -0.380742 1.264215 9.717365 -0.947038 -0.129274 0.039162
419704375 -5.374546 22.099003 -0.171174 -0.681216 1.499405 9.667374 -0.835860 -0.153499 0.070349
439690312 -0.061709 13.491623 2.262207 -0.681216 1.499405 9.667374 -0.947677 -0.153499 0.070349
459676250 6.270784 4.052697 -1.184869 -1.034184 1.853557 9.574194 -0.861210 -0.190154 0.107601
479662187 6.139438 -2.933208 -8.061749 -1.362216 2.200883 9.458904 -0.900743 -0.226356 0.143031
499648020 -5.719922 -7.704268 -16.509274 -1.450469 1.951681 9.500393 -0.883798 -0.200354 0.151505
519633854 -16.124041 -20.776888 -21.042873 -1.596910 1.124252 9.610220 -0.895059 -0.114894 0.164663
539619687 -13.751320 -33.902634 -14.735041 -1.596910 1.124252 9.610220 -0.879450 -0.114894 0.164663
559605520 -5.805643 -31.803444 6.660223 -2.215037 -0.207975 9.550955 -0.801904 0.021209 0.227889
579591354 -2.116736 -16.819319 24.107914 -3.279417 -1.305953 9.149334 -0.875275 0.133567 0.344167
599577187 1.212140 -7.295968 21.301445 -4.210919 -1.543324 8.721049 -1.022737 0.158032 0.449830
619563020 4.360444 -5.355193 19.790468 -4.992430 -1.172019 8.358972 -0.870138 0.119799 0.538398
639548854 4.352965 -8.511055 8.064307 -5.224483 -0.505898 8.283672 -0.628212 0.051610 0.562685
659534687 -0.302397 -8.725824 -6.736744 -3.610160 0.296305 9.113141 -0.936971 -0.030219 0.377182
679520520 -2.698888 -3.828419 -9.816640 -3.610160 0.296305 9.113141 -0.768422 -0.030219 0.377182
699506354 -2.004895 0.190394 -8.422332 -2.947352 0.508943 9.339404 -0.774647 -0.051921 0.305691
719492187 -0.650987 1.487179 -5.500004 -2.208642 0.786733 9.522255 -0.826522 -0.080311 0.227915
739478020 -1.347646 2.257483 -3.833446 -2.208642 0.786733 9.522255 -0.814216 -0.080311 0.227915
759463854 -2.779386 3.085028 -2.513969 -1.531407 0.664574 9.663515 -0.927551 -0.067820 0.157166
779449687 -2.184293 2.431880 -0.489674 -1.531407 0.664574 9.663515 -0.916269 -0.067820 0.157166
799435520 -0.278214 0.697404 1.102713 -1.153530 0.529633 9.724158 -1.040381 -0.054034 0.118073
819421354 1.086701 -0.093336 0.945506 -1.081966 0.549111 9.731300 -1.024749 -0.056023 0.110729
839407187 0.484487 0.091581 0.069249 -1.081966 0.549111 9.731300 -1.025102 -0.056023 0.110729
859393020 -0.269286 -0.258657 -0.490012 -1.073691 0.575395 9.730699 -0.981696 -0.058708 0.109896
879378854 -1.044593 -0.260308 0.183728 -1.128310 0.576042 9.724479 -1.001027 -0.058774 0.115511
899364687 -1.285437 0.151391 1.109591 -1.282540 0.582439 9.704960 -1.036199 -0.059427 0.131392
919350520 -1.229300 0.315418 0.749991 -1.282540 0.582439 9.704960 -1.014053 -0.059427 0.131392
939336354 -1.133832 0.512545 0.076853 -1.334018 0.619895 9.695696 -0.902105 -0.063254 0.136730
959322187 -1.268371 0.752522 0.165890 -1.352247 0.637978 9.691997 -1.049835 -0.065102 0.138627
979308020 -1.185150 0.662449 0.182549 -1.288193 0.612593 9.702354 -0.929959 -0.062508 0.131999
999293854 -0.592116 0.366979 0.089352 -1.216572 0.584225 9.713343 -0.992079 -0.059610 0.124599
1019279687 -0.008923 0.243992 -0.105693 -1.174012 0.565648 9.719677 -1.013465 -0.057712 0.120205
1039265520 0.219531 0.003425 0.021458 -1.174911 0.566683 9.719508 -1.006398 -0.057818 0.120298
1059251354 0.187135 -0.374103 0.432545 -1.174911 0.566683 9.719508 -0.966543 -0.057818 0.120298
1079237187 0.125856 -0.374297 0.256739 -1.191290 0.631297 9.713531 -0.846869 -0.064419 0.122033
1099223020 0.052999 -0.289631 -0.265097 -1.185604 0.662130 9.712173 -0.902824 -0.067570 0.121473
1119208854 -0.229874 -0.284632 -0.310033 -1.185604 0.662130 9.712173 -0.986306 -0.067570 0.121473
1139194583 -0.321125 -0.260134 0.083067 -1.156143 0.710015 9.712342 -0.988156 -0.072465 0.118481
1159180312 0.009445 -0.300853 -0.325847 -1.107758 0.739292 9.715796 -0.911430 -0.075458 0.113526
1179166041 0.033138 -0.163178 -0.829673 -1.066657 0.765199 9.718390 -0.913262 -0.078108 0.109319
1199151770 -0.060907 -0.112672 -1.197821 -1.066657 0.765199 9.718390 -0.982403 -0.078108 0.109319
1219137500 0.017263 -0.102212 -0.943171 -1.007922 0.757654 9.725248 -0.931727 -0.077336 0.103271
1239123229 0.378750 -0.066855 -0.363952 -0.971394 0.741363 9.730219 -1.026362 -0.075670 0.099503
1259108958 0.334388 -0.056978 -0.543458 -0.950948 0.731547 9.732982 -1.032465 -0.074666 0.097394
1279094687 -0.038317 0.032350 -0.585432 -0.950948 0.731547 9.732982 -0.936775 -0.074666 0.097394
1299080416 -0.184382 -0.019795 -0.160626 -0.961979 0.726189 9.732299 -0.995334 -0.074119 0.098524
1319066145 -0.007745 -0.194554 0.296356 -0.966981 0.720808 9.732203 -0.947247 -0.073568 0.099034
1339051875 0.122734 -0.340501 0.214728 -0.860125 0.713039 9.742800 -1.055758 -0.072774 0.088055
1359037604 0.131187 -0.480405 -0.210024 -0.781170 0.709246 9.749725 -1.082813 -0.072386 0.079952
1379023333 0.433021 -0.653902 -0.450274 -0.713189 0.700737 9.755548 -0.963281 -0.071516 0.072976
1399009062 0.558781 -0.528326 -0.149514 -0.713189 0.700737 9.755548 -0.994563 -0.071516 0.072976
1418994791 0.114522 -0.265530 0.192434 -0.680384 0.702227 9.757784 -0.979158 -0.071669 0.069615
1438980520 -0.393142 0.062878 -0.107815 -0.681648 0.736987 9.755132 -1.065573 -0.075223 0.069762
1458966250 -0.338733 0.089199 -0.496082 -0.737358 0.822266 9.744259 -0.986672 -0.083946 0.075527
1478951979 -0.190317 0.000891 -0.314604 -0.744678 0.819627 9.743924 -0.954265 -0.083676 0.076277
1498937708 -0.192555 -0.021143 0.057181 -0.744678 0.819627 9.743924 -1.053430 -0.083676 0.076277
