0 -0.100444 0.275952 -0.350272 0.559046 0.582370 9.773367 -2.682659 -0.059420 -0.057139
19978906 -0.533798 0.147079 -0.060411 0.559046 0.582370 9.773367 -2.726871 -0.059420 -0.057139
39957812 -0.291310 -0.054920 -0.052941 0.456608 0.582713 9.778668 -2.616895 -0.059455 -0.046660
59936718 -0.033994 -0.137378 0.004043 0.443492 0.583738 9.779211 -2.648470 -0.059560 -0.045319
79915625 0.058437 -0.065549 0.124597 0.443492 0.583738 9.779211 -2.684012 -0.059560 -0.045319
99894531 -0.201508 0.187433 0.101877 0.461415 0.593421 9.777798 -2.699561 -0.060549 -0.047155
119873437 -0.481027 0.378491 -0.252027 0.472322 0.613708 9.776026 -2.592946 -0.062622 -0.048277
139852343 -0.342097 0.575192 -0.520094 0.444987 0.624059 9.776652 -2.686091 -0.063679 -0.045484
159831250 -0.047617 0.593926 -0.266356 0.391823 0.623945 9.778934 -2.703779 -0.063668 -0.040047
179810156 0.147469 0.671559 0.045670 0.355699 0.624453 9.780282 -2.670397 -0.063720 -0.036353
199789062 -0.232132 0.645433 0.841695 0.361884 0.637968 9.779184 -2.671609 -0.065101 -0.036989
219767968 -0.473317 0.405797 0.924875 0.406429 0.688297 9.774018 -2.685604 -0.070245 -0.041559
239746875 0.241027 0.209084 0.145185 0.432087 0.760655 9.767553 -2.687628 -0.077643 -0.044208
259725781 0.632814 0.195830 0.452551 0.368638 0.818949 9.765440 -2.645081 -0.083607 -0.037731
279704687 0.642105 0.390934 0.968630 0.316531 0.968428 9.753581 -2.665206 -0.098913 -0.032441
299683593 1.072314 1.068241 0.243739 0.316531 0.968428 9.753581 -2.689821 -0.098913 -0.032441
319662500 1.017358 2.136327 -0.349419 0.397098 1.131151 9.733098 -2.693243 -0.115603 -0.040776
339641406 0.490491 3.471955 -0.123403 0.483907 1.199700 9.720954 -2.682170 -0.122643 -0.049739
359620312 -0.616942 5.553030 0.399489 0.483907 1.199700 9.720954 -2.647588 -0.122643 -0.049739
379599218 -1.317652 7.980475 1.484298 0.726252 1.385456 9.681087 -2.681562 -0.141751 -0.074877
399578125 -0.392179 10.417348 1.461001 0.726252 1.385456 9.681087 -2.676375 -0.141751 -0.074877
419557031 0.746836 11.939669 -0.464179 0.667232 1.568162 9.657434 -2.641273 -0.160597 -0.068980
439535937 0.546219 12.474493 -0.719788 0.613268 1.559287 9.662449 -2.641840 -0.159681 -0.063384
459514843 -0.725233 10.937008 0.523314 0.613268 1.559287 9.662449 -2.648270 -0.159681 -0.063384
479493750 -0.833571 9.787131 -0.686443 0.818877 1.585340 9.642952 -2.631948 -0.162372 -0.084716
499472656 -0.157654 7.125278 -3.267855 0.867450 1.589923 9.637949 -2.614171 -0.162846 -0.089762
519451562 0.588990 0.857682 -3.410552 0.802181 1.593547 9.643003 -2.620239 -0.163220 -0.082997
539430468 6.782611 -10.613994 -5.926214 0.810903 1.296731 9.686657 -2.595827 -0.132618 -0.083519
559409375 7.728156 -18.946043 -5.354818 0.927839 0.452761 9.752154 -2.633079 -0.046185 -0.094856
579388281 -4.559722 -21.500004 9.672943 0.936756 -0.267778 9.758134 -2.670039 0.027309 -0.095704
599367187 -16.429478 -12.456465 23.984707 0.551783 0.037447 9.791043 -2.534975 -0.003818 -0.056296
619346093 -4.058845 -10.094349 7.088074 0.402348 0.631158 9.778044 -2.645542 -0.064405 -0.041125
639325000 6.345343 -6.362657 -8.689113 0.644600 0.925648 9.741563 -2.649153 -0.094531 -0.066074
659303906 4.724491 0.050303 -14.840425 0.881673 0.775918 9.736066 -2.621741 -0.079204 -0.090311
679282812 2.831071 -2.011912 -10.418865 1.259433 0.342214 9.719419 -2.656516 -0.034903 -0.128861
699261718 1.135009 -3.262473 -2.339324 1.686667 -0.083107 9.660157 -2.578883 0.008475 -0.172858
719240625 -0.782997 -3.237394 2.395460 1.937629 -0.296797 9.608740 -2.569047 0.030269 -0.198984
739219531 -1.250019 -2.339788 3.881601 2.071419 -0.312426 9.580293 -2.620792 0.031864 -0.212939
759198437 -0.235519 -2.261421 2.240252 2.099190 -0.202967 9.577191 -2.606622 0.020698 -0.215774
779177343 0.270119 -2.009900 -0.385976 2.053553 -0.031907 9.589175 -2.499098 0.003254 -0.210967
799156250 -0.052762 -0.833841 -2.687345 2.053553 -0.031907 9.589175 -2.578866 0.003254 -0.210967
819135156 0.034543 -0.465869 -4.715621 2.048610 0.120191 9.589533 -2.599343 -0.012256 -0.210466
839114062 0.161203 -0.265581 -4.739918 2.066931 0.155281 9.585097 -2.578869 -0.015835 -0.212388
859092968 -0.184917 -0.488421 -1.695776 2.135837 -0.039766 9.571155 -2.554515 0.004055 -0.219556
879071875 -1.423219 -0.632803 1.116483 2.151789 -0.082750 9.567307 -2.646636 0.008438 -0.221229
899050781 -1.003363 -0.672596 1.464523 2.151789 -0.082750 9.567307 -2.610272 0.008438 -0.221229
919029687 0.305978 -0.171584 0.522155 2.082275 -0.050048 9.582902 -2.644699 0.005103 -0.213965
939008593 1.056954 0.067250 0.199798 2.082275 -0.050048 9.582902 -2.609769 0.005103 -0.213965
958987500 0.990077 0.256487 -0.239159 2.063659 -0.010548 9.587053 -2.578257 0.001076 -0.212020
978966406 0.625407 0.256461 -0.983679 1.997077 -0.003249 9.601150 -2.567641 0.000331 -0.205080
998945312 0.761557 -0.037358 -0.262176 1.997077 -0.003249 9.601150 -2.596844 0.000331 -0.205080
1018924218 0.528077 -0.031481 0.759471 1.963910 -0.041526 9.607899 -2.565193 0.004235 -0.201628
1038903125 0.077885 -0.110415 0.645041 1.982469 -0.034364 9.604115 -2.595731 0.003504 -0.203560
1058882031 0.134328 -0.178544 0.330213 1.997700 -0.028446 9.600978 -2.597166 0.002901 -0.205145
1078860937 0.293001 -0.052647 0.075477 1.997700 -0.028446 9.600978 -2.597673 0.002901 -0.205145
1098839843 0.692215 -0.017820 0.140778 1.995113 -0.016564 9.601543 -2.584719 0.001689 -0.204875
1118818750 0.574645 0.079301 -0.190892 1.995113 -0.016564 9.601543 -2.529863 0.001689 -0.204875
1138797656 0.581795 0.086995 -0.306417 1.988116 -0.013037 9.603000 -2.609850 0.001329 -0.204147
1158776562 0.339226 0.070128 -0.251188 1.989157 -0.013453 9.602784 -2.567666 0.001372 -0.204255
1178755468 0.174158 0.042581 -0.274283 1.989157 -0.013453 9.602784 -2.570416 0.001372 -0.204255
1198734375 -0.052058 -0.053549 -0.240707 2.010973 -0.019511 9.598228 -2.596182 0.001990 -0.206528
1218713281 0.111673 -0.192718 -0.094336 2.084181 -0.038346 9.582542 -2.589239 0.003910 -0.214162
1238692187 0.110757 -0.204541 -0.219770 2.075621 -0.045775 9.584368 -2.630962 0.004668 -0.213270
1258671093 0.188334 -0.162884 -0.098854 2.075621 -0.045775 9.584368 -2.650671 0.004668 -0.213270
1278650000 -0.179560 -0.015177 -0.051302 2.079595 -0.049142 9.583488 -2.644153 0.005011 -0.213685
1298628906 -0.341608 -0.091971 -0.254105 2.083006 -0.067577 9.582636 -2.638943 0.006891 -0.214043
1318607812 -0.090211 -0.070879 0.072728 2.083006 -0.067577 9.582636 -2.628835 0.006891 -0.214043
1338586718 -0.172096 0.134691 0.972934 2.084960 -0.078735 9.582126 -2.601684 0.008029 -0.214249
1358565625 -0.211489 0.007824 1.198208 2.089663 -0.052157 9.581282 -2.607933 0.005319 -0.214736
1378544531 0.333617 -0.075261 0.657319 2.089663 -0.052157 9.581282 -2.586723 0.005319 -0.214736
1398523437 0.888518 0.117418 0.459200 1.978868 0.030730 9.604870 -2.632942 -0.003134 -0.203185
1418502343 0.844835 0.126428 0.492685 1.978868 0.030730 9.604870 -2.592204 -0.003134 -0.203185
1438481250 0.706336 0.144784 -0.268184 1.843032 0.167544 9.630448 -2.601482 -0.017086 -0.189089
1458460156 0.369819 0.170350 -0.916292 1.843032 0.167544 9.630448 -2.700391 -0.017086 -0.189089
1478439062 0.101995 0.129289 -0.823475 1.816217 0.270474 9.633203 -2.570601 -0.027584 -0.186350
1498417968 -0.136431 0.289155 -1.167794 1.816217 0.270474 9.633203 -2.600384 -0.027584 -0.186350
