0 0.069029 0.022854 -0.118410 0.673611 0.027610 9.783449 -2.715209 -0.002815 -0.068744
19978854 0.150083 -0.164826 -0.598055 0.650787 0.044122 9.784933 -2.675973 -0.004499 -0.066411
39957708 0.146515 -0.137565 -0.067836 0.670805 0.035269 9.783617 -2.657179 -0.003596 -0.068457
59936562 0.046475 0.072929 0.520221 0.731932 0.032222 9.779244 -2.620296 -0.003286 -0.074706
79915416 0.058178 0.287049 0.397641 0.731932 0.032222 9.779244 -2.651571 -0.003286 -0.074706
99894271 0.029440 0.392459 0.142749 0.715008 0.072519 9.780281 -2.630081 -0.007395 -0.072977
119873125 -0.041317 0.578273 0.315495 0.738029 0.092963 9.778398 -2.598034 -0.009480 -0.075333
139851979 -0.020285 0.937518 0.713031 0.779515 0.122108 9.774858 -2.588373 -0.012452 -0.079579
159830833 -0.379156 1.779061 1.062827 0.836804 0.167355 9.769449 -2.633473 -0.017066 -0.085447
179809687 -0.786319 3.069408 1.586779 0.879645 0.223746 9.764556 -2.673390 -0.022818 -0.089843
199788541 -0.402709 5.333678 2.222444 0.863733 0.297915 9.763995 -2.659803 -0.030384 -0.088231
219767396 1.632970 8.509738 2.180554 0.713286 0.365503 9.773844 -2.693445 -0.037280 -0.072850
239746250 2.474311 12.045613 2.656640 0.496918 0.432263 9.784508 -2.675080 -0.044093 -0.050743
259725104 2.397735 13.192827 5.068564 0.336642 0.616296 9.781475 -2.699029 -0.062886 -0.034403
279703958 3.354435 13.128064 3.553520 0.255777 0.823568 9.768659 -2.684537 -0.084080 -0.026177
299682812 1.637849 12.752237 1.301409 0.299976 0.997066 9.751219 -2.663372 -0.101848 -0.030753
319661666 -1.599892 11.871978 3.403346 0.494214 1.323048 9.704415 -2.615999 -0.135326 -0.050883
339640521 -2.776183 10.192719 0.579640 0.494214 1.323048 9.704415 -2.674610 -0.135326 -0.050883
359619375 0.915440 4.719236 -7.346693 0.572532 1.744038 9.633324 -2.590906 -0.178793 -0.059363
379598229 10.590138 -3.711662 -9.159925 0.289250 1.938585 9.608777 -2.630440 -0.198991 -0.030094
399577083 16.964025 -14.449868 -3.152036 0.207095 1.845818 9.629146 -2.666118 -0.189351 -0.021504
419555937 11.206421 -25.557266 -6.771066 0.731318 1.610488 9.645823 -2.454644 -0.164971 -0.075672
439534791 0.946793 -31.914053 -12.496606 0.891180 -0.189238 9.764239 -2.510816 0.019298 -0.091018
459513646 -10.415612 -23.482985 2.815145 0.678131 -1.228054 9.705792 -2.465000 0.125556 -0.069755
479492500 -18.449318 -9.409067 22.532799 0.678131 -1.228054 9.705792 -2.558232 0.125556 -0.069755
499471354 -14.193884 -5.762290 22.265501 1.362700 -1.472714 9.599195 -2.658329 0.150745 -0.141018
519450208 1.915756 -8.052779 6.363838 2.186215 -0.172344 9.558303 -2.510694 0.017575 -0.224856
539429062 11.386898 -4.490405 -9.118662 1.851681 0.457890 9.619356 -2.607162 -0.046709 -0.190169
559407916 10.230675 -1.314594 -13.542259 1.294459 0.825617 9.685718 -2.542168 -0.084289 -0.132859
579386771 2.717813 -0.217515 -14.100466 1.294459 0.825617 9.685718 -2.470051 -0.084289 -0.132859
599365625 -3.460339 0.113662 -9.335271 0.838016 0.718634 9.744316 -2.528064 -0.073346 -0.085789
619344479 -4.744379 -0.853952 -3.813927 1.214406 0.545080 9.715889 -2.497685 -0.055611 -0.124347
639323333 -3.784499 -1.045015 -1.718494 1.637729 0.345565 9.662754 -2.513814 -0.035245 -0.167893
659302187 -0.382509 -0.793161 0.806618 1.918975 0.191809 9.615151 -2.578727 -0.019560 -0.196990
679281041 2.308754 0.026281 2.467269 1.985401 0.137879 9.602580 -2.549339 -0.014060 -0.203884
699259896 2.777398 0.227710 1.592561 1.853071 0.142372 9.628927 -2.563488 -0.014518 -0.190124
719238750 1.650968 0.050456 0.004854 1.634966 0.147193 9.668279 -2.624797 -0.015010 -0.167521
739217604 0.041600 -0.256975 -0.275067 1.494031 0.143180 9.691117 -2.562055 -0.014601 -0.152961
759196458 -0.871831 -0.283246 -0.479264 1.487985 0.121295 9.692347 -2.588627 -0.012369 -0.152332
779175312 -0.734998 -0.409759 -0.067701 1.487985 0.121295 9.692347 -2.560580 -0.012369 -0.152332
799154166 0.282508 -0.366680 -0.181735 1.572816 0.099001 9.679196 -2.617025 -0.010096 -0.161086
819133021 0.930614 -0.026126 -0.308074 1.705835 0.016092 9.657135 -2.577871 -0.001641 -0.174836
839111875 1.276447 0.018867 0.673641 1.728424 -0.014942 9.653119 -2.576201 0.001524 -0.177176
859090781 1.050690 0.037562 0.929112 1.713474 -0.029013 9.655753 -2.594434 0.002959 -0.175628
879069687 0.806526 0.053529 0.763689 1.668861 -0.030614 9.663557 -2.502407 0.003122 -0.171010
899048594 0.885857 0.072534 0.881640 1.668861 -0.030614 9.663557 -2.543725 0.003122 -0.171010
919027500 0.790244 0.263374 0.379189 1.631348 -0.011049 9.670004 -2.624276 0.001127 -0.167128
939006406 0.677692 0.239377 -0.338379 1.531525 0.004341 9.686319 -2.565199 -0.000443 -0.156814
958985312 0.513320 0.098345 -0.069956 1.531525 0.004341 9.686319 -2.600482 -0.000443 -0.156814
978964219 0.221267 -0.013255 0.441452 1.445235 -0.006653 9.699569 -2.582202 0.000678 -0.147912
998943125 -0.207897 -0.125108 0.459594 1.452561 0.009559 9.698472 -2.570304 -0.000975 -0.148667
1018922031 -0.206508 -0.125163 -0.037086 1.452561 0.009559 9.698472 -2.615650 -0.000975 -0.148667
1038900937 0.184966 0.062123 -0.316653 1.472202 -0.000516 9.695515 -2.574854 0.000053 -0.150692
1058879844 0.552571 0.018142 0.144524 1.472202 -0.000516 9.695515 -2.588992 0.000053 -0.150692
1078858750 0.128739 -0.092087 0.571996 1.487874 -0.009333 9.693118 -2.550513 0.000952 -0.152309
1098837656 -0.370239 -0.197055 0.126973 1.513889 0.005236 9.689092 -2.579169 -0.000534 -0.154994
1118816562 -0.191824 -0.197572 -0.302393 1.489441 0.019851 9.692862 -2.686550 -0.002024 -0.152471
1138795469 0.359606 -0.079124 0.242679 1.489441 0.019851 9.692862 -2.546978 -0.002024 -0.152471
1158774375 0.156994 0.005177 0.235323 1.459684 0.035717 9.697342 -2.595841 -0.003642 -0.149402
1178753281 -0.160119 -0.122394 0.050039 1.417319 0.061879 9.703493 -2.551805 -0.006310 -0.145037
1198732187 -0.156262 -0.160211 0.186262 1.360115 0.089126 9.711464 -2.510040 -0.009088 -0.139147
1218711094 0.094688 -0.293883 0.068037 1.307688 0.127335 9.718237 -2.625303 -0.012985 -0.133757
1238690000 -0.136926 -0.346618 0.034044 1.273568 0.199505 9.721554 -2.620532 -0.020345 -0.130263
1258668906 -0.379999 -0.626241 0.237936 1.257653 0.235139 9.722830 -2.581932 -0.023980 -0.128636
1278647812 -0.889167 -0.410609 0.554221 1.224837 0.293126 9.725443 -2.589569 -0.029895 -0.125282
1298626719 -0.652822 -0.461916 0.417903 1.203675 0.354579 9.726039 -2.617933 -0.036165 -0.123132
1318605625 -0.222549 -0.496673 0.001969 1.194948 0.399373 9.725379 -2.563163 -0.040736 -0.122256
1338584531 0.227543 -0.373352 0.221608 1.180550 0.448967 9.724974 -2.634147 -0.045798 -0.120803
1358563437 0.241468 -0.333843 0.798725 1.156329 0.534647 9.723552 -2.596993 -0.054546 -0.118365
1378542344 0.589556 -0.535266 0.604883 1.109268 0.641047 9.722601 -2.647995 -0.065415 -0.113601
1398521250 0.898486 -0.612794 0.122601 1.024654 0.738563 9.724968 -2.646826 -0.075384 -0.104976
1418500156 1.193625 -0.805755 -0.156525 0.939912 0.783713 9.729992 -2.626295 -0.080002 -0.096301
1438479062 0.499498 -1.137952 0.392112 0.939912 0.783713 9.729992 -2.598560 -0.080002 -0.096301
1458457969 0.059823 -2.055429 0.801126 0.793316 0.818240 9.740201 -2.552953 -0.083534 -0.081268
1478436875 -0.368456 -2.147648 0.090878 0.431702 0.990704 9.746924 -2.643513 -0.101196 -0.044262
