0 -0.057196 -0.063946 0.530692 1.282601 1.563257 9.595913 -2.690487 -0.160091 -0.132874
19978854 -0.158741 0.082393 0.985079 1.301565 1.504201 9.602796 -2.683977 -0.153994 -0.134719
39957708 0.055412 0.205235 0.439058 1.288471 1.463429 9.610858 -2.668286 -0.149788 -0.133269
59936563 0.139110 0.517886 -0.035102 1.203784 1.442751 9.624955 -2.699232 -0.147656 -0.124423
79915417 0.200137 0.821735 -0.130011 1.203784 1.442751 9.624955 -2.652417 -0.147656 -0.124423
99894271 -0.101725 1.114676 0.293932 1.074010 1.420295 9.643633 -2.666595 -0.145341 -0.110913
119873125 0.217195 1.196474 0.845177 1.065850 1.462754 9.638189 -2.650605 -0.149718 -0.110139
139851979 0.568117 1.148212 1.081762 1.039747 1.534699 9.629850 -2.622730 -0.157142 -0.107555
159830833 -0.124602 1.613200 0.716830 1.039747 1.534699 9.629850 -2.740124 -0.157142 -0.107555
179809688 -1.584738 2.063517 1.751029 1.083428 1.696468 9.597842 -2.661048 -0.173866 -0.112407
199788542 -1.206615 2.761590 2.167916 1.145123 1.854926 9.561293 -2.679255 -0.190296 -0.119199
219767396 -0.043574 3.712527 0.472960 1.150399 2.005728 9.530164 -2.706562 -0.205981 -0.120130
239746250 -0.267309 5.474074 -1.227982 1.150399 2.005728 9.530164 -2.732072 -0.205981 -0.120130
259725104 -1.701502 7.025242 -0.279713 1.178938 2.248227 9.472380 -2.681544 -0.231313 -0.123824
279703958 -1.203177 8.616629 -0.473334 1.173136 2.428668 9.428452 -2.692386 -0.250259 -0.123789
299682813 0.414344 11.445693 -2.936604 1.150760 2.584880 9.389597 -2.683236 -0.266736 -0.121949
319661667 2.910474 13.340745 -3.911773 1.150760 2.584880 9.389597 -2.744129 -0.266736 -0.121949
339640521 2.750684 11.746626 -2.007403 1.251674 2.687830 9.347688 -2.735006 -0.277635 -0.133110
359619375 -2.414237 8.633286 1.456151 1.502349 2.746636 9.293509 -2.704430 -0.283876 -0.160269
379598229 -3.442036 7.203708 -1.728387 1.523941 2.836971 9.262806 -2.660950 -0.293486 -0.163062
399577083 -0.311696 2.722421 -2.425064 1.089502 2.901129 9.304130 -2.642708 -0.300327 -0.116568
419555938 10.907695 -5.611839 -7.118099 0.535924 3.054021 9.303555 -2.616245 -0.316691 -0.057541
439534792 8.028174 -14.874563 -12.974318 -0.200519 2.036547 9.590759 -2.745542 -0.209192 0.020904
459513646 -4.926120 -22.430359 -0.402560 -0.200519 2.036547 9.590759 -2.606347 -0.209192 0.020904
479492500 -6.491313 -22.985697 13.534739 -0.922743 0.666050 9.740396 -2.678502 -0.067971 0.094452
499471354 -7.877290 -16.059576 8.506426 -0.440230 0.390094 9.788995 -2.575380 -0.039789 0.044942
519450208 -13.800528 -7.983386 3.108801 -0.440230 0.390094 9.788995 -2.788136 -0.039789 0.044942
539429063 -5.407093 -5.945316 5.129222 0.913004 0.171980 9.762542 -2.790788 -0.017538 -0.093250
559407917 5.319393 -3.728705 2.982158 0.913004 0.171980 9.762542 -2.790788 -0.017538 -0.093250
579386771 10.011802 -1.907472 -2.110095 1.236405 0.647582 9.706820 -2.768041 -0.066083 -0.126693
599365625 8.881369 -1.323432 -5.381566 0.849678 0.885228 9.729585 -2.688419 -0.090391 -0.087108
619344479 3.386805 -0.628002 -6.436337 0.849678 0.885228 9.729585 -2.735153 -0.090391 -0.087108
639323333 -1.696118 0.021312 -7.586584 0.670795 0.994833 9.732971 -2.736811 -0.101620 -0.068811
659302188 -2.738576 -0.457071 -4.141206 0.951880 0.879889 9.720602 -2.675302 -0.089845 -0.097613
679281042 -0.798459 -1.009865 -0.380717 1.306845 0.814028 9.685035 -2.637250 -0.083103 -0.134124
699259896 0.873961 -0.665585 -0.946419 1.306845 0.814028 9.685035 -2.762962 -0.083103 -0.134124
719238750 2.671887 -0.086500 -1.189704 1.549925 0.732481 9.655650 -2.752874 -0.074762 -0.159162
739217604 2.784487 0.118936 0.669752 1.583210 0.616763 9.658336 -2.703096 -0.062934 -0.162477
759196458 1.150093 0.162180 0.418371 1.492449 0.553857 9.676581 -2.696348 -0.056508 -0.153027
779175313 0.208597 0.089005 -0.706922 1.456837 0.428796 9.688352 -2.657219 -0.043739 -0.149252
799154167 -0.107959 -0.067958 -0.405016 1.456837 0.428796 9.688352 -2.727614 -0.043739 -0.149252
819133021 -0.294598 -0.325652 1.254318 1.472086 0.315997 9.690382 -2.694984 -0.032228 -0.150759
839111875 -0.401597 -0.492244 2.114785 1.558353 0.226036 9.679402 -2.724401 -0.023051 -0.159627
859090729 0.229208 -0.159880 0.616488 1.558353 0.226036 9.679402 -2.787308 -0.023051 -0.159627
879069583 1.133279 0.277425 -0.004504 1.617637 0.209606 9.670042 -2.643554 -0.021375 -0.165749
899048438 1.334796 0.299930 0.802777 1.667391 0.169458 9.662375 -2.732657 -0.017281 -0.170882
919027292 1.182151 -0.165116 1.208400 1.659493 0.151669 9.664030 -2.685766 -0.015467 -0.170060
939006146 1.054725 -0.275037 0.120610 1.659493 0.151669 9.664030 -2.708726 -0.015467 -0.170060
958985000 0.888777 -0.119590 -0.347718 1.579839 0.151374 9.677374 -2.725320 -0.015436 -0.161823
978963854 -0.048020 0.136063 0.226684 1.491107 0.129864 9.691755 -2.716951 -0.013243 -0.152656
998942708 -0.653982 -0.235370 0.372299 1.464478 0.113575 9.696019 -2.720923 -0.011582 -0.149906
1018921563 -0.418594 -0.647461 -0.267764 1.456534 0.101680 9.697349 -2.673888 -0.010369 -0.149085
1038900417 -0.096701 0.036334 -0.209569 1.388005 0.098176 9.707430 -2.633273 -0.010011 -0.142021
1058879271 0.139235 0.551313 0.242819 1.388005 0.098176 9.707430 -2.639987 -0.010011 -0.142021
1078858125 0.062449 0.474277 -0.315516 1.376940 0.110315 9.708875 -2.725086 -0.011249 -0.140883
1098836979 -0.062458 0.168924 -0.362267 1.416020 0.105875 9.703301 -2.721448 -0.010796 -0.144909
1118815833 -0.105464 0.004594 0.402970 1.445693 0.085241 9.699129 -2.704588 -0.008692 -0.147965
1138794688 0.246366 -0.072676 0.703560 1.432953 0.092105 9.700956 -2.675263 -0.009392 -0.146652
1158773542 0.558896 0.060339 0.430628 1.416931 0.112580 9.703094 -2.741628 -0.011480 -0.145004
1178752396 0.165121 0.029088 0.075768 1.416931 0.112580 9.703094 -2.726526 -0.011480 -0.145004
1198731250 -0.225491 0.018461 0.289294 1.383915 0.119942 9.707769 -2.672776 -0.012231 -0.141603
1218710104 -0.104080 0.000334 0.438534 1.326304 0.148931 9.715406 -2.696560 -0.015187 -0.135677
1238688958 0.154873 0.055264 0.111586 1.321132 0.161180 9.715916 -2.705359 -0.016437 -0.135147
1258667813 0.127526 -0.041438 0.060612 1.321132 0.161180 9.715916 -2.700772 -0.016437 -0.135147
1278646667 0.115034 -0.028458 0.299607 1.300323 0.166900 9.718626 -2.721940 -0.017020 -0.133007
1298625521 0.170382 -0.033574 0.462733 1.269201 0.182786 9.722453 -2.678869 -0.018640 -0.129809
1318604375 0.087185 -0.145341 0.062635 1.224428 0.247497 9.726763 -2.654612 -0.025240 -0.125224
1338583229 0.152415 -0.270790 -0.060747 1.187644 0.272567 9.730653 -2.767962 -0.027798 -0.121451
1358562083 0.248425 -0.273654 0.023981 1.129414 0.299622 9.736788 -2.681304 -0.030558 -0.115478
1378540938 -0.154711 -0.270158 0.042046 1.067261 0.334765 9.742653 -2.665514 -0.034143 -0.109110
1398519792 -0.133726 -0.628759 -0.086530 1.067261 0.334765 9.742653 -2.686024 -0.034143 -0.109110
1418498646 0.163777 -1.027012 -0.172451 0.949655 0.363929 9.753775 -2.713330 -0.037119 -0.097057
1438477500 0.430655 -1.683747 -0.289627 0.849628 0.378882 9.762425 -2.724044 -0.038645 -0.086812
1458456354 0.716188 -2.307835 -0.218029 0.696828 0.399567 9.773697 -2.736799 -0.040756 -0.071176
1478435208 1.532149 -2.966577 -0.227365 0.496975 0.431071 9.784558 -2.736400 -0.043971 -0.050748
1498414063 1.246330 -4.123824 -0.811016 0.238918 0.448470 9.793476 -2.686105 -0.045747 -0.024391
