0 -0.297900 0.137019 0.280483 -0.752945 1.032498 9.723035 -2.310277 -0.105481 0.077285
19982292 -0.251972 -0.218909 0.030858 -0.733623 1.014755 9.726379 -2.250653 -0.103662 0.075284
39964583 -0.135153 -0.117866 0.278711 -0.704660 0.984345 9.731645 -2.242265 -0.100545 0.072283
59946875 -0.247044 -0.014857 0.409605 -0.704543 0.973751 9.732718 -2.209032 -0.099459 0.072263
79929167 -0.158836 0.097034 0.228480 -0.704543 0.973751 9.732718 -2.229982 -0.099459 0.072263
99911458 -0.115425 0.091764 -0.010720 -0.711654 0.994396 9.730114 -2.241281 -0.101575 0.073009
119893750 -0.087353 0.113163 -0.143300 -0.701225 0.987284 9.731595 -2.199279 -0.100846 0.071932
139876042 0.075968 0.211867 -0.035430 -0.684541 0.974559 9.734065 -2.248288 -0.099542 0.070209
159858333 0.107743 0.191022 -0.123156 -0.663429 0.959530 9.737020 -2.306494 -0.098002 0.068030
179840625 0.268404 0.233847 0.133463 -0.663429 0.959530 9.737020 -2.207772 -0.098002 0.068030
199822917 0.240746 0.120341 0.068042 -0.632429 0.947844 9.740226 -2.312032 -0.096804 0.064839
219805208 0.294362 0.310638 0.232314 -0.625482 0.953279 9.740146 -2.199305 -0.097361 0.064129
239787500 0.201560 0.418478 0.245364 -0.625482 0.953279 9.740146 -2.202854 -0.097361 0.064129
259769792 0.332652 0.646173 0.236268 -0.601091 0.952306 9.741776 -2.252106 -0.097261 0.061624
279752083 0.423857 1.010775 0.356613 -0.551038 0.936600 9.746257 -2.213452 -0.095652 0.056478
299734375 0.938955 0.800121 1.136661 -0.508976 0.917630 9.750347 -2.203140 -0.093709 0.052154
319716667 1.175181 0.636593 1.823095 -0.508742 0.892587 9.752685 -2.187893 -0.091145 0.052117
339698958 0.380233 0.967201 1.870660 -0.546232 0.931302 9.747035 -2.169945 -0.095110 0.055982
359681250 -0.687573 1.910811 0.618999 -0.565802 1.131665 9.724689 -2.194936 -0.115655 0.058116
379663542 -0.838292 2.786120 -0.722407 -0.565802 1.131665 9.724689 -2.257575 -0.115655 0.058116
399645833 -0.482026 3.856938 -1.480137 -0.470948 1.233468 9.717363 -2.189154 -0.126113 0.048427
419628125 -0.670830 5.344921 -1.511517 -0.470948 1.233468 9.717363 -2.125637 -0.126113 0.048427
439610417 -1.665134 6.906580 -1.742952 -0.301386 1.144374 9.734986 -2.186126 -0.116960 0.030949
459592708 -1.734519 7.862996 -1.171610 -0.301386 1.144374 9.734986 -2.154233 -0.116960 0.030949
479575000 -0.947904 9.042681 0.505353 -0.207419 0.959684 9.757375 -2.198624 -0.098017 0.021254
499557292 -0.756256 10.728819 2.105723 -0.207419 0.959684 9.757375 -2.172130 -0.098017 0.021254
519539583 0.507626 12.060966 2.018969 -0.249427 0.946906 9.757641 -2.273592 -0.096708 0.025557
539521875 1.959960 12.283444 2.120114 -0.261785 0.967397 9.755306 -2.236240 -0.098808 0.026829
559504167 0.813356 11.149630 -0.208219 -0.261785 0.967397 9.755306 -2.324169 -0.098808 0.026829
579486458 -3.147085 9.695437 -4.514823 -0.139209 0.909739 9.763370 -2.307052 -0.092901 0.014257
599468750 -7.518536 4.063461 -5.413953 0.069579 0.683978 9.782521 -2.346486 -0.069803 -0.007112
619451042 -13.512258 -6.675817 -10.402409 0.132632 0.491734 9.793415 -2.430390 -0.050164 -0.013542
639433333 -19.423912 -25.734564 -21.387678 -0.103341 0.355566 9.799657 -2.424189 -0.036266 0.010545
659415625 -9.877291 -39.235481 -15.900789 -1.497693 -1.251042 9.610525 -2.660742 0.127919 0.154595
679397917 10.630521 -27.815424 5.522614 -1.497693 -1.251042 9.610525 -2.578118 0.127919 0.154595
699380208 14.013595 -13.484154 24.674023 -1.944167 -2.425061 9.301059 -2.565502 0.249880 0.206060
719362500 2.861877 -5.550556 38.532192 -2.364788 -3.086902 9.002733 -2.721670 0.320221 0.256872
739344792 -10.750505 -2.003967 10.988605 -2.422629 -2.698787 9.111411 -2.776417 0.278797 0.259877
759327083 -6.038105 -4.007293 -12.706594 -2.234516 -0.727205 9.520950 -2.640014 0.074222 0.230523
779309375 2.276708 -4.157977 -19.496006 -1.924020 -0.413822 9.607147 -2.662895 0.042211 0.197655
799291667 3.861721 -2.428561 -14.949118 -1.726906 -0.521553 9.639303 -2.673172 0.053209 0.177272
819273958 2.443855 -1.390110 -5.282269 -1.726906 -0.521553 9.639303 -2.655746 0.053209 0.177272
839256250 1.562793 -0.992375 1.124366 -1.778488 -0.685251 9.619657 -2.612086 0.069933 0.182816
859238542 -0.672596 -0.226263 3.086288 -2.173962 -0.693189 9.537493 -2.735812 0.070745 0.224110
879220833 -2.271976 0.931206 2.605118 -2.258870 -0.626961 9.522332 -2.649224 0.063976 0.232913
899203125 -2.232793 0.965836 1.829145 -2.206158 -0.576376 9.537875 -2.617386 0.058808 0.227307
919185417 -1.487294 0.437600 1.275967 -2.105474 -0.516464 9.564028 -2.639467 0.052689 0.216689
939167708 -0.191920 -0.410115 0.914526 -2.105474 -0.516464 9.564028 -2.679201 0.052689 0.216689
959150000 0.461906 -0.915888 -0.644722 -1.937148 -0.312663 9.608334 -2.628914 0.031888 0.198944
979132292 -0.040648 -0.590040 -2.030057 -1.917785 -0.249935 9.614054 -2.678170 0.025489 0.196893
999114583 -0.562148 0.124527 -2.150260 -1.927793 -0.238770 9.612336 -2.617365 0.024350 0.197928
1019096875 -1.155000 0.309038 -1.901266 -1.967162 -0.265785 9.603647 -2.669067 0.027106 0.202040
1039079167 -0.825312 0.360349 -0.985077 -1.967162 -0.265785 9.603647 -2.535858 0.027106 0.202040
1059061458 -0.179408 0.026237 -0.314605 -2.061371 -0.343663 9.581390 -2.661262 0.035051 0.211913
1079043750 0.360955 -0.364539 0.012985 -2.106628 -0.382289 9.570076 -2.584998 0.038992 0.216671
1099026042 0.370758 -0.433075 0.337819 -2.157656 -0.409946 9.557555 -2.645334 0.041815 0.222032
1119008333 0.327768 -0.340048 0.328695 -2.157656 -0.409946 9.557555 -2.560737 0.041815 0.222032
1138990625 0.410664 -0.235485 0.290077 -2.228044 -0.414354 9.541201 -2.612174 0.042265 0.229407
1158972917 0.053589 -0.106629 0.224092 -2.404016 -0.388587 9.499478 -2.563079 0.039635 0.247864
1178955313 -0.421236 0.118504 0.167314 -2.490705 -0.366603 9.477994 -2.647049 0.037392 0.256978
1198937708 -0.864380 0.268727 0.161792 -2.543735 -0.343948 9.464750 -2.688547 0.035080 0.262555
1218920104 -0.691101 0.345930 -0.333087 -2.564207 -0.332373 9.459639 -2.659308 0.033899 0.264707
1238902500 0.043393 0.283869 -0.883966 -2.564207 -0.332373 9.459639 -2.618527 0.033899 0.264707
1258884896 0.822914 0.123914 -1.149686 -2.749811 -0.343269 9.406971 -2.704629 0.035011 0.284393
1278867292 0.593983 0.017975 -0.263930 -2.938970 -0.364714 9.348787 -2.640228 0.037199 0.304587
1298849688 -0.783913 0.397884 1.500545 -3.079474 -0.380442 9.302822 -2.684735 0.038804 0.319672
1318832083 -1.538023 0.545727 2.778440 -3.079474 -0.380442 9.302822 -2.669875 0.038804 0.319672
1338814479 -0.670981 -0.064664 1.413867 -3.021419 -0.308918 9.324484 -2.654443 0.031506 0.313355
1358796875 0.115855 -0.182817 0.391222 -2.939512 -0.274107 9.351712 -2.664100 0.027955 0.304550
1378779271 0.016024 -0.044552 0.761373 -2.939512 -0.274107 9.351712 -2.657434 0.027955 0.304550
1398761667 -0.105724 -0.155344 0.618575 -2.856724 -0.232087 9.378467 -2.685899 0.023669 0.295676
1418744063 -0.040047 -0.133047 -0.316572 -2.802879 -0.153810 9.396308 -2.683838 0.015685 0.289893
1438726458 -0.002352 0.118179 -0.770110 -2.806738 -0.059996 9.396223 -2.703355 0.006118 0.290272
1458708854 0.552813 -0.330231 -0.276708 -2.865440 0.057211 9.378506 -2.624859 -0.005834 0.296525
1478691146 0.679433 -0.531870 0.223624 -2.848091 0.079475 9.383627 -2.634055 -0.008104 0.294680
1498673438 0.199199 -0.063832 -0.060834 -2.848091 0.079475 9.383627 -2.623061 -0.008104 0.294680
