0 -0.533092 -0.129129 -0.307988 -0.065920 0.056372 9.806267 -2.142847 -0.005748 0.006722
19982396 -0.242119 -0.077233 -0.019986 -0.100931 0.069621 9.805883 -2.132251 -0.007099 0.010293
39964792 0.089977 -0.112438 0.426126 -0.138551 0.070438 9.805419 -2.147807 -0.007183 0.014129
59947187 0.121239 -0.185756 0.436009 -0.154653 0.076979 9.805128 -2.120482 -0.007850 0.015771
79929583 0.065896 -0.169000 0.426691 -0.152310 0.090592 9.805049 -2.227158 -0.009238 0.015533
99911979 -0.095867 -0.181950 -0.104383 -0.121582 0.142621 9.804859 -2.136175 -0.014544 0.012399
119894375 -0.124944 -0.071002 -0.039037 -0.121582 0.142621 9.804859 -2.175346 -0.014544 0.012399
139876771 -0.050962 -0.101033 -0.076426 -0.123679 0.171025 9.804379 -2.165755 -0.017441 0.012614
159859167 0.159994 -0.190980 0.000831 -0.125832 0.199075 9.803822 -2.191290 -0.020301 0.012834
179841562 0.190608 -0.252349 0.173354 -0.118151 0.265092 9.802355 -2.188991 -0.027035 0.012053
199823958 -0.055093 -0.257179 -0.171732 -0.118151 0.265092 9.802355 -2.145015 -0.027035 0.012053
219806302 -0.267931 -0.055050 -0.554443 -0.116843 0.296918 9.801458 -2.094542 -0.030282 0.011920
239788594 -0.133340 0.011399 -0.255870 -0.124751 0.316077 9.800761 -2.204967 -0.032236 0.012728
259770885 0.195323 0.056141 0.210535 -0.120439 0.317000 9.800785 -2.188622 -0.032331 0.012288
279753177 0.006788 0.161112 -0.061513 -0.076966 0.310235 9.801439 -2.146050 -0.031640 0.007852
299735469 -0.122924 0.330509 -0.000314 -0.019195 0.288794 9.802378 -2.098329 -0.029453 0.001958
319717760 -0.147105 0.323393 0.274320 0.066653 0.218495 9.803989 -2.140325 -0.022282 -0.006798
339700052 -0.148924 0.507255 0.688222 0.087767 0.186970 9.804476 -2.186624 -0.019067 -0.008951
359682344 -0.342160 0.870024 0.694854 0.087767 0.186970 9.804476 -2.193389 -0.019067 -0.008951
379664635 -0.036767 1.261052 0.841207 0.080677 0.167828 9.804882 -2.132293 -0.017115 -0.008228
399646927 0.127209 1.835253 0.746570 0.045653 0.197534 9.804554 -2.163010 -0.020144 -0.004656
419629219 0.434087 2.591710 0.923000 0.045653 0.197534 9.804554 -2.178895 -0.020144 -0.004656
439611510 -0.093620 3.241118 0.907195 -0.031340 0.386260 9.798990 -2.201293 -0.039398 0.003198
459593802 -0.758566 4.046046 -0.366440 -0.031340 0.386260 9.798990 -2.242077 -0.039398 0.003198
479576094 -1.427084 5.546605 -1.188975 -0.053961 0.571749 9.789820 -2.236058 -0.058335 0.005512
499558385 -1.977405 8.210563 -0.961131 -0.053961 0.571749 9.789820 -2.151963 -0.058335 0.005512
519540677 -1.164421 9.451865 -0.483085 -0.222521 0.762344 9.774442 -2.173542 -0.077816 0.022762
539522969 0.080984 9.884517 0.010807 -0.222521 0.762344 9.774442 -2.227481 -0.077816 0.022762
559505260 1.226999 11.155571 1.333082 -0.534532 1.050423 9.735567 -2.224106 -0.107319 0.054850
579487552 2.486238 13.448977 2.451015 -0.534532 1.050423 9.735567 -2.242846 -0.107319 0.054850
599469844 3.568345 13.545134 3.449480 -0.569166 1.270486 9.707332 -2.215773 -0.129919 0.058566
619452135 1.388328 10.127306 3.956464 -0.569166 1.270486 9.707332 -2.353587 -0.129919 0.058566
639434427 -3.338685 7.246229 2.030352 -0.388608 1.625253 9.663225 -2.248875 -0.166498 0.040194
659416719 -7.365212 0.240294 -0.911177 -0.388608 1.625253 9.663225 -2.354180 -0.166498 0.040194
679399010 -12.922575 -7.884565 -8.574070 -0.501543 1.981674 9.591236 -2.350302 -0.203476 0.052244
699381302 -16.022285 -22.209478 -18.036520 -0.958756 2.353534 9.471645 -2.342859 -0.242359 0.100880
719363594 -5.164216 -33.795410 -15.002716 -1.442867 2.127605 9.463711 -2.335612 -0.218694 0.151298
739345885 8.205720 -30.227047 3.671335 -1.487194 0.872660 9.653864 -2.383926 -0.089104 0.152850
759328177 11.982007 -16.142218 14.112370 -1.095176 -0.748576 9.716512 -2.471175 0.076408 0.112239
779310469 8.014303 -7.364221 18.084568 -1.796566 -1.961215 9.439088 -2.722457 0.201346 0.188083
799292760 -0.157789 -4.769930 18.707497 -1.796566 -1.961215 9.439088 -2.675058 0.201346 0.188083
819275156 -7.358035 -3.369532 9.997945 -1.931838 -1.098488 9.551530 -2.735313 0.112250 0.199562
839257552 -6.020918 -3.873800 -3.228622 -1.931838 -1.098488 9.551530 -2.863587 0.112250 0.199562
859239948 -1.045267 -3.522675 -10.734758 -0.888697 -0.082811 9.765947 -2.637308 0.008444 0.090750
879222344 3.106506 -3.369270 -11.790900 -0.888697 -0.082811 9.765947 -2.733118 0.008444 0.090750
899204740 3.583553 -2.763611 -8.702042 -0.565881 0.101325 9.789785 -2.605994 -0.010332 0.057739
919187135 1.797561 -1.118001 -4.725235 -0.414568 0.102188 9.797351 -2.633687 -0.010420 0.042289
939169531 -0.090702 0.312395 -1.692399 -0.428722 0.037290 9.797203 -2.576210 -0.003802 0.043732
959151927 -1.674630 1.122195 -0.471179 -0.933508 0.099786 9.761608 -2.618199 -0.010175 0.095341
979134323 -2.287874 1.834850 0.195654 -1.141225 0.146912 9.738912 -2.625703 -0.014981 0.116650
999116719 -1.892376 1.341336 0.670130 -1.182021 0.139638 9.734153 -2.638705 -0.014240 0.120839
1019099115 -0.942535 0.862327 0.922335 -1.182021 0.139638 9.734153 -2.565180 -0.014240 0.120839
1039081510 -0.546072 0.266202 0.748059 -1.131903 0.122566 9.740336 -2.590042 -0.012499 0.115689
1059063906 -0.286259 -0.131828 0.076038 -1.065041 0.131822 9.747754 -2.594885 -0.013443 0.108828
1079046302 -0.514475 -0.312524 -0.788120 -1.008146 0.161173 9.753361 -2.596237 -0.016436 0.102998
1099028698 -0.264051 -0.154793 -1.177585 -0.971649 0.193678 9.756474 -2.629742 -0.019751 0.099263
1119011094 0.244899 -0.165338 -1.580275 -0.942114 0.218335 9.758849 -2.603042 -0.022266 0.096241
1138993490 0.545164 -0.498103 -1.493956 -0.929499 0.224327 9.759924 -2.584664 -0.022877 0.094950
1158975885 0.265857 -0.549746 -1.032709 -0.952872 0.209774 9.757993 -2.543100 -0.021393 0.097342
1178958281 -0.297439 -0.194979 -0.694894 -1.056101 0.155347 9.748380 -2.514347 -0.015842 0.107915
1198940677 -0.675862 0.183288 -0.208306 -1.160426 0.150732 9.736585 -2.583794 -0.015371 0.118623
1218923073 -1.005979 0.517301 0.159828 -1.160426 0.150732 9.736585 -2.601211 -0.015371 0.118623
1238905469 -1.619331 0.766950 -0.131411 -1.279425 0.171460 9.721319 -2.575869 -0.017485 0.130858
1258887865 -1.275138 0.621122 0.210905 -1.393101 0.197573 9.705185 -2.556893 -0.020148 0.142568
1278870260 -0.687101 -0.076686 0.990888 -1.523132 0.253529 9.684327 -2.605255 -0.025856 0.156000
1298852656 -0.193216 -0.596152 0.640243 -1.484325 0.291806 9.689273 -2.559622 -0.029760 0.152011
1318834948 -0.210892 -0.539214 -0.642841 -1.420949 0.292460 9.698750 -2.592005 -0.029827 0.145473
1338817240 -0.064232 0.027121 -0.550965 -1.420949 0.292460 9.698750 -2.624391 -0.029827 0.145473
1358799531 0.778076 -0.159197 0.093275 -1.157048 0.145711 9.737063 -2.552325 -0.014859 0.118275
1378781823 1.015201 -0.322105 0.627134 -1.011468 0.060963 9.754158 -2.575395 -0.006217 0.103327
1398764115 0.730784 -0.149286 0.878427 -0.929428 0.038812 9.762429 -2.560782 -0.003958 0.094918
1418746406 0.405388 0.057838 0.593060 -0.927136 0.083639 9.762366 -2.582515 -0.008529 0.094686
1438728698 -0.203649 0.189125 -0.247425 -0.927136 0.083639 9.762366 -2.608328 -0.008529 0.094686
1458710990 -0.703619 0.602455 -0.370198 -0.984715 0.151858 9.755905 -2.616008 -0.015486 0.100595
1478693281 -0.984003 0.554006 -0.396131 -1.026684 0.201371 9.750680 -2.597235 -0.020536 0.104907
