0 -0.077719 -0.037524 0.716844 -0.216392 -0.069891 9.804013 -1.217345 0.007127 0.022068
19986250 0.128916 -0.060752 0.710603 -0.216392 -0.069891 9.804013 -1.231372 0.007127 0.022068
39972396 0.219827 -0.154361 0.813519 -0.165316 -0.070453 9.805003 -1.195659 0.007184 0.016859
59958542 0.054408 -0.085806 0.408517 -0.067319 -0.044778 9.806316 -1.118649 0.004566 0.006865
79944688 -0.159053 0.057875 0.017321 -0.067048 -0.005919 9.806419 -1.160742 0.000604 0.006837
99930833 -0.053014 0.029298 -0.430003 -0.067048 -0.005919 9.806419 -1.198155 0.000604 0.006837
119916979 0.185188 -0.059128 -0.690988 -0.084802 0.035199 9.806221 -1.175860 -0.003589 0.008648
139903125 0.240250 -0.100803 -0.568548 -0.066699 0.050759 9.806292 -1.120725 -0.005176 0.006802
159889271 0.411266 -0.071018 -0.503581 -0.066699 0.050759 9.806292 -1.126243 -0.005176 0.006802
179875417 0.454244 0.185203 -0.498206 -0.001770 0.022898 9.806623 -1.045447 -0.002335 0.000181
199861563 0.141886 0.992156 -0.121064 0.076738 -0.011249 9.806343 -1.204797 0.001147 -0.007825
219847708 -1.121366 2.836988 0.442019 0.093238 -0.050416 9.806077 -1.139041 0.005141 -0.009508
239833854 -1.002228 5.110646 0.503750 0.005736 -0.026279 9.806613 -1.263010 0.002680 -0.000585
259820000 1.152520 7.898793 1.149409 0.005736 -0.026279 9.806613 -1.145261 0.002680 -0.000585
279806146 1.709824 12.839406 1.551513 -0.657061 0.261225 9.781125 -1.027057 -0.026641 0.067076
299792292 -1.999233 19.403877 -1.206495 -0.657061 0.261225 9.781125 -1.251993 -0.026641 0.067076
319778438 -8.125299 26.769333 -2.989371 -1.335700 0.521887 9.701234 -1.144537 -0.053243 0.136823
339764583 -9.618114 28.245634 -2.762159 -1.865215 0.603183 9.608722 -0.996180 -0.061546 0.191732
359750729 -6.090119 22.104559 3.535185 -2.040512 0.404453 9.583482 -0.841817 -0.041254 0.209787
379736875 -2.143111 9.891379 1.932807 -1.963814 0.258616 9.604527 -1.020776 -0.026375 0.201688
399723021 -3.944541 -8.044934 -10.735256 -2.140146 0.612147 9.550677 -0.899314 -0.062462 0.220442
419709167 -19.759138 -31.792418 -33.746315 -2.413478 1.138017 9.436653 -0.785684 -0.116308 0.250388
439695313 -13.782759 -60.871098 -26.979540 -2.467229 0.590540 9.472826 -0.661061 -0.060255 0.254793
459681458 10.766355 -48.452381 21.370590 -2.387098 -1.626104 9.371655 -0.838481 0.166586 0.249411
479667604 20.006876 -18.468777 51.380844 -2.734213 -3.702752 8.659336 -1.133736 0.387177 0.305846
499653750 8.527396 -11.108000 39.662029 -2.734213 -3.702752 8.659336 -1.499228 0.387177 0.305846
519639896 -9.649161 -9.944901 -0.496152 -2.758241 -2.575388 9.051513 -1.416862 0.265733 0.295788
539626042 -11.022864 -7.947675 -19.144264 -2.244281 -0.216952 9.543925 -0.922107 0.022125 0.230957
559612188 -9.671801 -2.584914 -18.732307 -2.244281 -0.216952 9.543925 -0.921627 0.022125 0.230957
579598333 -4.168689 -1.738867 -14.678836 -0.915040 0.358048 9.757299 -1.087520 -0.036519 0.093507
599584479 0.110805 -0.377201 -12.158697 -0.277101 0.257434 9.799353 -1.018561 -0.026254 0.028270
619570625 0.886797 1.373958 -11.110654 -0.090799 0.039399 9.806151 -1.006604 -0.004018 0.009259
639556771 2.414256 0.537888 -6.134216 -0.090799 0.039399 9.806151 -0.971651 -0.004018 0.009259
659542917 2.539931 -1.374908 0.597682 -0.244343 -0.256438 9.800251 -0.997305 0.026152 0.024927
679529063 1.351301 -1.046065 5.711733 -0.763610 -0.596455 9.758664 -1.055033 0.060859 0.078090
699515208 0.602082 -1.000006 5.045314 -0.830290 -0.512757 9.757977 -1.092480 0.052310 0.084884
719501354 0.560377 -0.664287 2.262372 -0.830290 -0.512757 9.757977 -1.128378 0.052310 0.084884
739487500 -0.148290 -0.174525 0.124934 -0.813756 -0.378905 9.765482 -0.959850 0.038647 0.083138
759473646 -0.581863 -0.085248 -1.233784 -0.775715 -0.174260 9.774369 -1.026410 0.017770 0.079196
779459792 -0.200878 0.052298 -0.838715 -0.775715 -0.174260 9.774369 -1.088520 0.017770 0.079196
799445938 0.073626 -0.086460 -0.265967 -0.790742 -0.129151 9.773865 -0.931892 0.013170 0.080728
819432083 0.183839 -0.340637 0.096488 -0.767961 -0.073151 9.776261 -1.016047 0.007459 0.078393
839418229 -0.293484 0.033749 -0.414636 -0.767961 -0.073151 9.776261 -1.043689 0.007459 0.078393
859404375 -0.125378 0.204460 -1.410634 -0.765052 -0.030085 9.776715 -0.986590 0.003068 0.078093
879390521 -0.007644 0.287595 -1.644195 -0.804985 -0.001539 9.773555 -1.042464 0.000157 0.082178
899376667 -0.018316 0.141191 -0.916518 -0.891302 -0.008130 9.766058 -1.036856 0.000829 0.091013
919362813 -0.159892 -0.007367 -0.138987 -1.061056 -0.105314 9.748510 -1.155934 0.010739 0.108416
939348958 -0.208423 -0.295201 0.831711 -1.061056 -0.105314 9.748510 -1.037475 0.010739 0.108416
959335104 0.046767 -0.543105 1.478894 -1.098935 -0.156050 9.743632 -1.017883 0.015913 0.112310
979321250 0.280538 -0.981082 1.254827 -1.104251 -0.154741 9.743052 -0.912530 0.015780 0.112856
999307396 -0.050797 -0.409262 0.066472 -1.044151 -0.108817 9.750298 -1.111670 0.011096 0.106683
1019293542 -0.552431 0.415287 -0.655068 -0.945321 0.010604 9.760976 -1.041524 -0.001081 0.096546
1039279688 -0.707486 0.426575 -1.383760 -0.970980 0.047843 9.758345 -1.019723 -0.004879 0.099176
1059265833 -0.212227 0.251308 -0.813953 -0.970980 0.047843 9.758345 -0.912602 -0.004879 0.099176
1079251979 0.006912 0.043268 -0.551428 -0.999999 0.058013 9.755359 -1.049139 -0.005916 0.102151
1099238125 -0.038848 -0.020771 -0.175696 -1.023230 0.032638 9.753067 -1.048319 -0.003328 0.104531
1119224271 -0.220929 0.118841 -0.126854 -1.023230 0.032638 9.753067 -0.964345 -0.003328 0.104531
1139210417 -0.511326 0.341906 -0.380804 -1.100887 0.048734 9.744540 -1.011780 -0.004969 0.112498
1159196563 -0.638522 0.396527 -0.768704 -1.100887 0.048734 9.744540 -0.992445 -0.004969 0.112498
1179182708 -0.585431 0.367416 -0.563790 -1.176640 0.054112 9.735656 -1.093815 -0.005518 0.120275
1199168854 -0.576362 0.344112 -0.107843 -1.265148 0.047180 9.724585 -1.049830 -0.004811 0.129371
1219155000 -0.787379 0.096268 0.354056 -1.339725 0.011054 9.714701 -0.917186 -0.001127 0.137043
1239141146 -0.520191 -0.058693 0.613559 -1.299120 -0.006773 9.720218 -0.981573 0.000691 0.132864
1259127292 -0.246713 -0.027498 0.955089 -1.299120 -0.006773 9.720218 -0.979776 0.000691 0.132864
1279113438 0.064093 -0.170734 0.567020 -1.051833 -0.034119 9.750019 -0.952405 0.003479 0.107464
1299099583 0.430737 -0.084225 -0.150974 -0.927830 -0.053889 9.762511 -1.011026 0.005495 0.094756
1319085729 0.420356 0.129278 0.142406 -0.866066 -0.061504 9.768139 -0.975280 0.006272 0.088431
1339071875 0.268392 -0.090051 0.326675 -0.866066 -0.061504 9.768139 -1.049161 0.006272 0.088431
1359058021 0.487025 -0.123121 0.072356 -0.855120 -0.038211 9.769221 -1.106506 0.003896 0.087310
1379044167 0.275961 -0.122234 0.212998 -0.906912 0.010029 9.764620 -1.055487 -0.001023 0.092612
1399030313 0.149916 -0.144047 0.069000 -0.982057 0.072446 9.757085 -0.976444 -0.007388 0.100313
1419016458 0.253201 -0.100522 0.002786 -1.046281 0.131151 9.749794 -0.990711 -0.013374 0.106904
1439002604 0.089196 -0.047875 -0.285632 -1.106502 0.208759 9.741790 -1.039584 -0.021289 0.113098
1458988750 -0.018224 0.175731 -0.498245 -1.106502 0.208759 9.741790 -0.993578 -0.021289 0.113098
1478974896 -0.204010 0.102857 -0.276076 -1.113265 0.223645 9.740689 -0.933088 -0.022807 0.113796
1498961042 -0.275247 -0.094061 -0.286180 -1.113265 0.223645 9.740689 -1.003508 -0.022807 0.113796
