0 -0.012576 -0.429710 0.464515 -0.177253 0.497017 9.792442 -1.942965 -0.050703 0.018099
19982708 0.064100 -0.483826 0.158488 -0.169956 0.476507 9.793591 -1.985880 -0.048609 0.017352
39965417 -0.037244 -0.290108 0.545317 -0.159426 0.459656 9.794574 -1.892803 -0.046889 0.016276
59948125 -0.013658 -0.144874 0.663996 -0.159426 0.459656 9.794574 -1.929910 -0.046889 0.016276
79930833 0.128580 -0.092365 0.263232 -0.144397 0.460403 9.794773 -1.928135 -0.046965 0.014741
99913542 0.176528 -0.080232 -0.092799 -0.130743 0.484734 9.793791 -1.976250 -0.049449 0.013349
119896250 0.083622 -0.003840 0.031658 -0.130743 0.484734 9.793791 -1.897807 -0.049449 0.013349
139878854 0.291918 -0.177206 0.699909 -0.123968 0.487427 9.793744 -1.963779 -0.049724 0.012657
159861458 0.475129 -0.203377 0.905273 -0.109217 0.510049 9.792768 -1.898299 -0.052034 0.011152
179844062 0.188648 0.400889 0.933361 -0.117632 0.577706 9.788913 -1.950946 -0.058944 0.012016
199826667 -1.266384 2.544083 0.426022 -0.076238 0.769293 9.776132 -1.868336 -0.078527 0.007798
219809271 -1.467817 3.557803 -0.017738 0.057576 0.810040 9.772968 -1.958498 -0.082695 -0.005891
239791875 -1.493855 3.857336 -0.472713 0.156858 0.817303 9.771275 -1.919063 -0.083439 -0.016052
259774479 -0.985874 4.891923 0.944832 0.156858 0.817303 9.771275 -1.911061 -0.083439 -0.016052
279757083 -0.016826 7.186460 1.862356 0.249654 0.978671 9.754499 -1.941795 -0.099963 -0.025588
299739687 1.749876 8.915947 1.490783 0.281961 1.214646 9.727051 -1.866732 -0.124178 -0.028979
319722292 1.826246 12.699766 -1.253766 0.281961 1.214646 9.727051 -1.896785 -0.124178 -0.028979
339704896 0.524439 17.866236 -4.155398 0.366855 1.452441 9.691554 -1.849682 -0.148655 -0.037835
359687500 0.081590 18.292603 -2.001333 0.482007 1.543643 9.672395 -1.929075 -0.158065 -0.049792
379670104 0.475153 16.451084 -2.156279 0.583140 1.569604 9.662642 -1.865030 -0.160746 -0.060277
399652708 -3.330768 13.373901 -7.677219 0.700840 1.616943 9.647005 -1.908066 -0.165639 -0.072521
419635312 -6.191060 3.422537 -15.886492 1.006983 1.262827 9.672728 -2.022570 -0.129131 -0.103732
439617917 -15.731709 -11.114035 -21.784595 1.006983 1.262827 9.672728 -1.946592 -0.129131 -0.103732
459600521 -21.337963 -31.906921 -15.502679 0.565430 0.498776 9.777622 -2.071127 -0.050883 -0.057765
479583125 0.797069 -42.115463 13.690986 -0.454951 -0.839467 9.760056 -2.080927 0.085707 0.046580
499565729 16.406981 -32.156937 32.557381 -0.908956 -2.670594 9.392131 -2.338129 0.275808 0.096478
519548333 4.845476 -16.098196 27.511730 -0.601451 -2.315021 9.510485 -2.201504 0.238316 0.063157
539530937 -7.762901 -6.548992 7.401309 -0.601451 -2.315021 9.510485 -2.326606 0.238316 0.063157
559513542 -5.497826 -2.368676 -9.595911 -0.562307 -1.452906 9.682110 -2.310200 0.148703 0.058012
579496146 -0.208348 -1.463220 -17.638365 -0.418726 -0.717413 9.771406 -2.294623 0.073221 0.042826
599478750 0.953308 0.057327 -13.113454 -0.221064 -0.411693 9.795510 -2.291762 0.041993 0.022564
619461354 2.261522 -0.243813 -4.741584 -0.217577 -0.380055 9.796866 -2.257035 0.038765 0.022205
639443958 2.004727 -0.178310 0.059711 -0.276567 -0.449554 9.792436 -2.214882 0.045858 0.028235
659426562 -0.302170 0.171636 0.061701 -0.346363 -0.469777 9.789266 -2.228555 0.047922 0.035367
679409167 -0.435862 -0.102681 -0.397005 -0.450505 -0.428772 9.786908 -2.280585 0.043737 0.045999
699391823 0.016859 0.204561 0.702283 -0.480139 -0.437303 9.785123 -2.248307 0.044607 0.049029
719374531 0.113820 0.358137 -0.710743 -0.431482 -0.452312 9.786706 -2.146552 0.046139 0.044060
739357240 -0.597079 -0.026009 -0.822111 -0.410986 -0.450328 9.787681 -2.241437 0.045937 0.041966
759339948 0.081300 -0.512715 0.970188 -0.448328 -0.473211 9.784962 -2.241977 0.048273 0.045786
779322656 0.406929 -0.733649 1.103756 -0.401886 -0.469958 9.787135 -2.196357 0.047941 0.041040
799305365 -0.395094 -0.124075 0.395079 -0.401886 -0.469958 9.787135 -2.231697 0.047941 0.041040
819288073 -0.398029 -0.125716 -0.196480 -0.350898 -0.445156 9.790256 -2.168763 0.045409 0.035826
839270781 0.074599 -0.378001 -0.452183 -0.350898 -0.445156 9.790256 -2.227445 0.045409 0.035826
859253490 0.063901 -0.426876 0.054432 -0.371084 -0.446910 9.789431 -2.205135 0.045588 0.037888
879236198 -0.096366 0.009716 0.555300 -0.406393 -0.463362 9.787263 -2.245028 0.047267 0.041499
899218906 -0.507534 0.151347 0.064438 -0.406393 -0.463362 9.787263 -2.236328 0.047267 0.041499
919201615 -0.936603 0.148805 -0.232026 -0.438722 -0.446693 9.786642 -2.245620 0.045566 0.044799
939184323 -0.950137 0.191433 -0.021717 -0.553152 -0.407337 9.782560 -2.204407 0.041549 0.056485
959167031 -0.394772 0.207997 0.174193 -0.553152 -0.407337 9.782560 -2.258455 0.041549 0.056485
979149740 0.177849 -0.150070 -0.296066 -0.579345 -0.380454 9.782126 -2.214390 0.038805 0.059156
999132448 0.171060 -0.204033 -0.529236 -0.608602 -0.335764 9.781986 -2.239946 0.034245 0.062137
1019115156 -0.159640 -0.076238 -0.392335 -0.650357 -0.293395 9.780662 -2.279789 0.029922 0.066396
1039097865 -0.121177 -0.098451 -0.189795 -0.672167 -0.272489 9.779792 -2.168207 0.027790 0.068622
1059080573 -0.039819 -0.270818 0.126027 -0.679636 -0.269429 9.779361 -2.198248 0.027478 0.069385
1079063281 0.197485 -0.429482 0.204029 -0.686769 -0.262250 9.779058 -2.145948 0.026745 0.070113
1099045990 0.168409 -0.270355 -0.045075 -0.691697 -0.247116 9.779104 -2.199748 0.025201 0.070614
1119028698 0.121626 0.129028 0.151720 -0.688957 -0.245737 9.779332 -2.179732 0.025061 0.070334
1139011406 -0.032866 0.192146 -0.014192 -0.645248 -0.279817 9.781398 -2.196382 0.028537 0.065871
1158994115 -0.309712 0.257240 -0.165363 -0.658455 -0.297221 9.780004 -2.193710 0.030313 0.067225
1178976823 -0.687418 0.345528 0.194751 -0.678546 -0.316218 9.778034 -2.217679 0.032251 0.069284
1198959531 -0.706101 0.362555 0.368270 -0.678546 -0.316218 9.778034 -2.227537 0.032251 0.069284
1218942240 -0.480012 0.206913 0.096786 -0.670083 -0.347945 9.777541 -2.208414 0.035488 0.068426
1238924948 -0.022151 -0.097341 0.137338 -0.670362 -0.362423 9.776997 -2.191501 0.036965 0.068458
1258907656 0.656579 -0.166273 0.250699 -0.670362 -0.362423 9.776997 -2.202391 0.036965 0.068458
1278890365 1.450275 -0.300209 -0.080124 -0.700168 -0.355661 9.775156 -2.233793 0.036275 0.071505
1298873073 1.805892 -0.492477 -0.451612 -0.761582 -0.329268 9.771488 -2.255613 0.033582 0.077782
1318855781 0.980012 -0.485241 0.271005 -0.911168 -0.287570 9.759994 -2.198768 0.029328 0.093088
1338838490 -0.257786 0.169055 0.729788 -0.911168 -0.287570 9.759994 -2.252058 0.029328 0.093088
1358821198 -0.455603 0.418828 0.198672 -0.834924 -0.256934 9.767665 -2.184169 0.026203 0.085271
1378803906 -0.517320 0.166451 -0.357153 -0.787202 -0.251272 9.771773 -2.219459 0.025625 0.080385
1398786615 -0.303886 0.251209 -0.522495 -0.787202 -0.251272 9.771773 -2.215380 0.025625 0.080385
1418769323 0.035305 0.204259 -0.611380 -0.731193 -0.279968 9.775345 -2.221876 0.028553 0.074661
1438752031 0.061538 0.094655 -0.651802 -0.731193 -0.279968 9.775345 -2.174793 0.028553 0.074661
1458734740 -0.273094 0.026417 -0.436789 -0.743443 -0.309744 9.773523 -2.173427 0.031590 0.075921
1478717448 -0.520963 0.055030 -0.182025 -0.835382 -0.371555 9.763937 -2.242522 0.037897 0.085350
1498700156 -0.597968 -0.036899 0.089135 -0.835382 -0.371555 9.763937 -2.222677 0.037897 0.085350
