0 -0.593733 0.246753 0.209230 -0.087936 0.543672 9.791173 -2.112687 -0.055468 0.008981
19982604 -0.276873 0.028765 -0.219712 -0.035141 0.526719 9.792432 -2.148234 -0.053736 0.003589
39965208 -0.071484 -0.055835 -0.049244 -0.035141 0.526719 9.792432 -2.145644 -0.053736 0.003589
59947812 0.147806 -0.132941 -0.099975 -0.019928 0.529933 9.792301 -2.145471 -0.054064 0.002035
79930416 -0.205830 0.099226 -0.260537 -0.058625 0.572015 9.789778 -2.111683 -0.058362 0.005988
99913020 -0.423822 0.353383 -0.214436 -0.041609 0.566969 9.790158 -2.097931 -0.057847 0.004250
119895625 -0.290401 0.400833 -0.305046 -0.018993 0.550498 9.791169 -2.149297 -0.056165 0.001940
139878229 0.073221 0.311379 -0.182808 -0.011201 0.536788 9.791942 -2.067470 -0.054764 0.001144
159860833 0.244457 0.148572 0.056314 -0.011201 0.536788 9.791942 -2.131888 -0.054764 0.001144
179843437 0.172115 0.159939 0.483801 -0.045924 0.554184 9.790871 -2.099940 -0.056541 0.004690
199826041 0.067611 0.266135 0.380469 -0.054116 0.582431 9.789189 -2.123369 -0.059426 0.005528
219808645 0.020823 0.403923 0.180149 -0.045527 0.615130 9.787233 -2.119272 -0.062767 0.004652
239791250 -0.170108 0.833688 -0.363037 -0.045527 0.615130 9.787233 -2.043368 -0.062767 0.004652
259773854 -0.069815 1.225155 -0.412866 -0.036529 0.638547 9.785770 -2.098631 -0.065160 0.003733
279756458 -0.221980 1.844994 -0.460463 -0.042246 0.672389 9.783481 -2.104484 -0.068618 0.004318
299739062 -0.511693 3.111346 -0.699538 -0.052127 0.678292 9.783026 -1.986503 -0.069222 0.005328
319721666 0.341790 4.822345 -0.567887 -0.052127 0.678292 9.783026 -2.087650 -0.069222 0.005328
339704270 1.840708 6.776218 0.201440 -0.094189 0.689901 9.781899 -2.038628 -0.070408 0.009629
359686875 2.996418 10.375096 1.218613 -0.171310 0.726990 9.778166 -2.020555 -0.074200 0.017518
379669479 2.465358 14.986115 2.851756 -0.288838 0.837103 9.766586 -2.036931 -0.085465 0.029565
399652083 1.796306 18.087877 3.411207 -0.410622 1.340951 9.705855 -2.000022 -0.137169 0.042281
419634687 3.639426 18.691999 -0.030001 -0.304840 1.640115 9.663720 -1.927229 -0.168035 0.031534
439617291 3.747479 16.441271 -4.068945 -0.225588 1.862083 9.625599 -1.982138 -0.191039 0.023432
459599895 -3.427597 14.703825 -9.313409 -0.065838 1.842375 9.631807 -1.958032 -0.188993 0.006835
479582500 -7.363596 6.910645 -13.556030 -0.065838 1.842375 9.631807 -1.992071 -0.188993 0.006835
499565104 -10.287807 -8.249289 -16.000307 -0.036772 1.591566 9.676567 -1.980482 -0.163016 0.003800
519547708 -12.421814 -28.810059 -14.365191 -0.379569 1.063277 9.741446 -2.025272 -0.108638 0.038945
539530312 -7.365034 -42.483326 -1.080674 -1.033907 0.036078 9.751928 -2.023909 -0.003679 0.105626
559512916 2.253589 -34.573227 26.125778 -1.929740 -1.255614 9.532572 -2.226717 0.128389 0.199737
579495520 5.487500 -16.944668 31.177711 -2.611882 -1.916319 9.256143 -2.359071 0.196676 0.275027
599478125 -0.449510 -8.968683 15.235318 -2.599044 -1.809539 9.281214 -2.440298 0.185585 0.273039
619460729 -7.687146 -4.241580 1.024372 -2.211642 -1.336096 9.460120 -2.444537 0.136669 0.229661
639443333 -4.655784 -2.575056 -9.322673 -1.757688 -0.716843 9.621178 -2.400681 0.073163 0.180697
659425937 0.940561 -3.578136 -9.733520 -1.364335 -0.202971 9.709160 -2.317626 0.020699 0.139606
679408541 2.679242 -2.413651 -6.586684 -0.819416 0.363057 9.765610 -2.203245 -0.037030 0.083712
699391145 0.926726 1.191047 -9.646315 -0.715948 0.524507 9.766407 -2.173549 -0.053510 0.073176
719373750 -0.625969 3.098655 -7.248637 -0.824585 0.600607 9.753447 -2.215534 -0.061283 0.084342
739356354 -2.278161 3.486160 -4.697636 -0.824585 0.600607 9.753447 -2.210104 -0.061283 0.084342
759338906 -1.732660 1.948582 -2.318014 -1.150173 0.549376 9.723460 -2.153180 -0.056050 0.117741
779321406 0.053140 0.051608 0.424629 -1.211792 0.490753 9.719111 -2.218428 -0.050064 0.124041
799303906 1.118637 -1.076764 1.315095 -1.220300 0.471166 9.719016 -2.185035 -0.048064 0.124904
819286406 0.110956 -0.921290 0.560145 -1.211110 0.488256 9.719321 -2.150192 -0.049809 0.123969
839268906 -0.822933 -0.153415 -0.626945 -1.211110 0.488256 9.719321 -2.169452 -0.049809 0.123969
859251406 -1.299243 0.325974 -0.746523 -1.209368 0.508886 9.718480 -2.215001 -0.051915 0.123804
879233906 -0.813175 -0.052109 -0.663700 -1.188407 0.479349 9.722567 -2.242892 -0.048899 0.121628
899216406 0.193729 -0.620418 -0.209263 -1.188407 0.479349 9.722567 -2.190355 -0.048899 0.121628
919198906 0.483453 -0.840207 0.016438 -1.160162 0.406583 9.729291 -2.216903 -0.041472 0.118684
939181406 -0.028264 -0.517819 -0.009249 -1.160162 0.406583 9.729291 -2.196723 -0.041472 0.118684
959163906 -0.303375 -0.135655 -0.179290 -1.156713 0.350489 9.731884 -2.184978 -0.035748 0.118303
979146406 -0.679611 0.101980 -0.089415 -1.173564 0.328148 9.730645 -2.176193 -0.033468 0.120025
999128906 -0.792236 0.337913 0.375086 -1.192653 0.324447 9.728447 -2.218399 -0.033090 0.121986
1019111406 -1.110256 0.548444 0.327141 -1.209930 0.331921 9.726063 -2.167636 -0.033853 0.123765
1039093906 -0.888130 0.490399 0.466678 -1.209930 0.331921 9.726063 -2.127533 -0.033853 0.123765
1059076406 -0.752081 0.240868 0.025398 -1.157377 0.342470 9.732090 -2.145751 -0.034929 0.118368
1079058906 -0.523611 0.054575 -0.126778 -1.126789 0.329789 9.736116 -2.184219 -0.033636 0.115220
1099041406 -0.010030 -0.344780 0.372373 -1.126789 0.329789 9.736116 -2.184388 -0.033636 0.115220
1119024010 0.390075 -0.545114 0.379572 -1.110560 0.321753 9.738251 -2.192174 -0.032816 0.113550
1139006614 0.376692 -0.403044 -0.163924 -1.100739 0.330504 9.739073 -2.163327 -0.033708 0.112545
1158989218 0.069364 -0.261258 -0.369687 -1.092164 0.334646 9.739897 -2.136648 -0.034131 0.111667
1178971823 0.023417 0.182922 0.250122 -1.084387 0.309995 9.741581 -2.129451 -0.031616 0.110859
1198954427 -0.235387 0.049596 1.133734 -1.076531 0.279817 9.743365 -2.130325 -0.028537 0.110042
1218937031 -0.632064 -0.085454 0.846845 -1.078217 0.295789 9.742707 -2.168449 -0.030167 0.110221
1238919635 -0.745649 0.009395 0.080376 -1.070326 0.418661 9.739072 -2.177316 -0.042705 0.109461
1258902239 -0.494503 0.391719 -0.207848 -1.070326 0.418661 9.739072 -2.158534 -0.042705 0.109461
1278884843 -0.431075 0.467658 -0.076144 -1.004599 0.434193 9.745391 -2.201844 -0.044290 0.102722
1298867448 -0.272604 -0.070161 -0.277234 -0.640349 0.315059 9.780648 -2.201665 -0.032133 0.065378
1318850052 -0.371539 0.108942 -0.096811 -0.382761 0.194463 9.797248 -2.146941 -0.019831 0.039048
1338832656 -0.052936 0.069773 0.637991 -0.382761 0.194463 9.797248 -2.186760 -0.019831 0.039048
1358815260 0.326067 -0.256157 1.232551 -0.094805 0.161377 9.804864 -2.163504 -0.016457 0.009669
1378797864 0.435642 -0.601591 0.364100 -0.111110 0.280452 9.802009 -2.135041 -0.028602 0.011335
1398780468 0.394307 -0.769328 -0.215943 -0.111110 0.280452 9.802009 -2.158103 -0.028602 0.011335
1418763073 0.156444 -0.339093 -0.401101 -0.173453 0.413699 9.796385 -2.189834 -0.042198 0.017704
1438745677 -0.147661 0.124220 -0.644464 -0.272055 0.555201 9.787141 -2.171171 -0.056645 0.027790
1458728281 -0.396251 -0.185297 0.120015 -0.650652 0.860045 9.747172 -2.185180 -0.087813 0.066654
1478710885 -0.371924 -0.226802 0.498621 -0.762249 0.981690 9.727571 -2.148365 -0.100272 0.078200
1498693489 0.175141 -0.396504 0.387979 -0.762249 0.981690 9.727571 -2.174745 -0.100272 0.078200
