0 0.012167 -0.008079 0.857202 -0.492784 1.759136 9.634989 -1.877010 -0.180358 0.051101
19982708 -0.027248 -0.112781 -0.636494 -0.387491 1.720186 9.646824 -1.856013 -0.176322 0.040146
39965417 -0.329817 -0.076655 -0.618820 -0.360161 1.686549 9.653819 -1.799959 -0.172839 0.037290
59948125 -0.814330 0.309359 -0.078342 -0.393511 1.674056 9.654692 -1.860938 -0.171546 0.040736
79930833 -0.703995 0.417021 0.400533 -0.393511 1.674056 9.654692 -1.877201 -0.171546 0.040736
99913542 -0.045918 0.141864 0.245546 -0.444523 1.688322 9.649992 -1.838410 -0.173023 0.046032
119896250 0.466532 -0.141998 0.053946 -0.523667 1.732648 9.638159 -1.806146 -0.177613 0.054279
139878958 0.380401 -0.157989 -0.012260 -0.523667 1.732648 9.638159 -1.857605 -0.177613 0.054279
159861667 -0.169577 0.146075 -0.130841 -0.528645 1.734341 9.637582 -1.909761 -0.177789 0.054797
179844375 -0.450912 0.412884 -0.244396 -0.497076 1.697394 9.645837 -1.805835 -0.173962 0.051487
199827083 0.009482 0.314961 0.194675 -0.519322 1.701735 9.643900 -1.863201 -0.174412 0.053798
219809792 0.326830 0.109604 0.154317 -0.519322 1.701735 9.643900 -1.850867 -0.174412 0.053798
239792500 -0.085150 0.282131 -0.345870 -0.551985 1.725203 9.637914 -1.798075 -0.176842 0.057210
259775313 -0.541653 0.382277 -0.648316 -0.576879 1.746334 9.632648 -1.826509 -0.179031 0.059816
279758125 -0.300224 0.265970 -0.291883 -0.588772 1.730692 9.634751 -1.878084 -0.177411 0.061033
299740938 0.182940 0.376578 0.823154 -0.569238 1.662796 9.647873 -1.896334 -0.170381 0.058933
319723750 0.506075 0.370503 1.276217 -0.402168 1.491506 9.684217 -1.879900 -0.152684 0.041504
339706563 0.636959 0.372243 0.665730 -0.320885 1.440562 9.694958 -1.906958 -0.147430 0.033086
359689375 0.427943 0.622470 0.226510 -0.320885 1.440562 9.694958 -1.882485 -0.147430 0.033086
379672188 0.096755 1.001283 -0.133824 -0.326887 1.453470 9.692830 -1.854776 -0.148761 0.033712
399655000 0.336626 1.251337 -0.707523 -0.344330 1.472386 9.689370 -1.856384 -0.150711 0.035522
419637813 0.584711 1.710288 -1.052171 -0.344330 1.472386 9.689370 -1.910511 -0.150711 0.035522
439620625 0.889819 3.054908 -0.877542 -0.331247 1.466699 9.690689 -1.927079 -0.150125 0.034169
459603438 0.844240 5.229252 -1.199852 -0.268939 1.446799 9.695608 -1.853898 -0.148073 0.027731
479586250 -0.771239 7.753155 -2.620050 -0.169124 1.421122 9.701659 -1.850279 -0.145426 0.017431
499569063 -3.297481 10.297263 -3.962688 -0.174423 1.302980 9.718138 -1.829314 -0.133261 0.017946
519551875 -3.688436 12.112190 -1.703820 -0.364226 1.220951 9.723529 -1.861344 -0.124826 0.037441
539534688 -3.570271 13.100644 2.289030 -0.364226 1.220951 9.723529 -1.864280 -0.124826 0.037441
559517500 -2.212643 11.571362 1.066458 -0.610131 1.246011 9.708017 -1.881611 -0.127402 0.062766
579500313 -1.079433 10.530340 -0.371094 -0.861462 1.310842 9.680390 -1.939312 -0.134070 0.088757
599483125 -1.756222 9.943258 -0.656647 -0.954265 1.153367 9.691724 -1.969538 -0.117884 0.098145
619465938 -7.446232 8.491533 -3.980559 -0.954265 1.153367 9.691724 -1.930536 -0.117884 0.098145
639448750 -8.074889 -1.652564 -4.469871 -0.927955 0.987087 9.712619 -2.024400 -0.100826 0.095252
659431563 -11.028247 -16.208918 -9.696547 -1.376438 0.541464 9.694464 -2.186705 -0.055242 0.141039
679414375 -6.058907 -29.207590 -10.460346 -1.376438 0.541464 9.694464 -2.081345 -0.055242 0.141039
699397188 8.778715 -31.840811 3.074257 -1.607672 -0.291368 9.669585 -2.201752 0.029716 0.164754
719380000 14.350092 -23.523987 14.612742 -1.900536 -1.146182 9.552205 -2.324749 0.117146 0.196398
739362813 5.864556 -11.134403 21.618275 -2.640872 -1.498900 9.324671 -2.398665 0.153447 0.275986
759345625 -6.762461 -2.991980 14.540628 -2.597269 -1.030440 9.400146 -2.352940 0.105270 0.269575
779328438 -8.825325 -1.776336 4.861396 -2.111801 -0.475619 9.564751 -2.225024 0.048519 0.217304
799311250 -1.763683 -5.621517 -4.651920 -1.464764 0.008210 9.696637 -2.237712 -0.000837 0.149925
819294063 3.546627 -4.810602 -10.553637 -0.992595 0.328603 9.750752 -2.171717 -0.033514 0.101447
839276875 3.047114 -1.110896 -9.624154 -0.762411 0.543868 9.761830 -2.158900 -0.055488 0.077943
859259688 0.180112 2.111343 -8.496873 -0.762411 0.543868 9.761830 -2.236971 -0.055488 0.077943
879242500 -1.586939 3.036531 -6.604696 -0.749130 0.683976 9.754044 -2.188900 -0.069803 0.076652
899225313 -1.075376 1.895201 -3.177570 -1.049374 0.690208 9.725884 -2.196340 -0.070440 0.107479
919208125 -0.774268 0.874609 -1.514585 -1.127328 0.610437 9.722494 -2.209815 -0.062288 0.115435
939190938 -0.010293 -0.386907 -0.310348 -1.127328 0.610437 9.722494 -2.203447 -0.062288 0.115435
959173750 1.046127 -1.152704 1.088395 -1.137080 0.507303 9.727285 -2.183334 -0.051754 0.116368
979156563 0.961970 -0.970829 0.854926 -1.153604 0.457595 9.727805 -2.259070 -0.046679 0.118037
999139375 -0.133297 -0.303588 -0.668283 -1.189386 0.467354 9.723031 -2.247557 -0.047675 0.121722
1019122188 -0.677382 0.220554 -1.581777 -1.211783 0.425603 9.722182 -2.239501 -0.043413 0.124002
1039105000 -0.171398 0.340138 -1.173503 -1.217922 0.350458 9.724414 -2.291283 -0.035744 0.124595
1059087813 0.551802 -0.130145 -0.395048 -1.220416 0.263524 9.726846 -2.253685 -0.026875 0.124817
1079070625 1.290613 -0.646834 0.224225 -1.220416 0.263524 9.726846 -2.239554 -0.026875 0.124817
1099053438 1.049934 -0.677360 0.210024 -1.226286 0.192043 9.727781 -2.222744 -0.019584 0.125399
1119036250 0.397575 -0.209553 0.393340 -1.302103 0.088265 9.719419 -2.252523 -0.009001 0.133176
1139019063 -0.134097 0.126303 0.418635 -1.302103 0.088265 9.719419 -2.282588 -0.009001 0.133176
1159001875 -0.329912 0.154176 0.395271 -1.365318 0.056056 9.710980 -2.193419 -0.005716 0.139680
1178984688 -0.428972 -0.085235 0.463035 -1.491101 0.008045 9.692623 -2.268099 -0.000820 0.152642
1198967500 -0.196385 -0.308202 0.804248 -1.491101 0.008045 9.692623 -2.263076 -0.000820 0.152642
1218950313 0.390686 -0.377005 1.098498 -1.524786 -0.006381 9.687382 -2.262920 0.000651 0.156118
1238933125 0.456528 -0.424083 0.622834 -1.485967 0.006705 9.693412 -2.271237 -0.000684 0.152112
1258915938 0.179161 -0.118366 -0.020563 -1.442715 -0.002111 9.699946 -2.253902 0.000215 0.147652
1278898750 -0.218786 0.316915 -0.141935 -1.442715 -0.002111 9.699946 -2.190231 0.000215 0.147652
1298881563 -0.173125 0.359290 -0.020977 -1.452376 -0.027420 9.698466 -2.242596 0.002796 0.148649
1318864375 -0.223597 0.289264 0.094397 -1.452376 -0.027420 9.698466 -2.232982 0.002796 0.148649
1338847136 -0.127375 0.305743 0.480642 -1.491048 -0.036587 9.692565 -2.209009 0.003731 0.152638
1358829844 -0.241858 0.289696 0.535213 -1.510538 -0.048448 9.689495 -2.201831 0.004940 0.154650
1378812552 -0.317596 0.090001 0.374959 -1.525195 -0.051598 9.687182 -2.290313 0.005262 0.156163
1398795261 -0.341590 0.184583 0.174567 -1.537731 -0.034853 9.685274 -2.271317 0.003554 0.157456
1418777969 -0.384391 0.342501 -0.188691 -1.523567 -0.041964 9.687485 -2.226828 0.004279 0.155994
1438760677 0.083394 0.166662 0.020348 -1.523567 -0.041964 9.687485 -2.230936 0.004279 0.155994
1458743386 0.392660 -0.068745 0.200061 -1.517089 -0.042748 9.688498 -2.208251 0.004359 0.155325
1478726094 0.097909 -0.070784 0.031706 -1.529124 -0.026091 9.686666 -2.225444 0.002661 0.156567
1498708802 -0.274436 0.137214 -0.274923 -1.552561 -0.013521 9.682962 -2.235128 0.001379 0.158986
