0 -0.142508 -0.458879 0.745880 -0.370575 0.766705 9.769608 -1.252491 -0.078262 0.037913
19978229 -0.263852 -0.613164 0.198741 -0.402018 0.765252 9.768477 -1.180394 -0.078113 0.041131
39956458 0.294336 -0.382418 0.636936 -0.404345 0.769051 9.768083 -1.150158 -0.078502 0.041371
59934687 0.729620 -0.111717 0.806852 -0.404345 0.769051 9.768083 -1.213779 -0.078502 0.041371
79912917 0.460978 0.115807 0.322974 -0.393861 0.790401 9.766808 -1.165846 -0.080686 0.040305
99891146 0.145198 0.225690 -0.144942 -0.379007 0.816794 9.765224 -1.185328 -0.083386 0.038792
119869375 0.186264 0.429324 -0.205735 -0.360202 0.836414 9.764275 -1.173108 -0.085394 0.036873
139847604 0.317881 0.571161 -0.190108 -0.346028 0.855288 9.763152 -1.194963 -0.087326 0.035427
159825833 0.047459 0.775070 -0.012163 -0.346028 0.855288 9.763152 -1.149327 -0.087326 0.035427
179804062 -0.110093 1.067273 -0.030858 -0.329977 0.881463 9.761379 -1.156610 -0.090006 0.033792
199782292 -0.237544 1.609100 -0.145920 -0.329977 0.881463 9.761379 -1.178463 -0.090006 0.033792
219760521 -0.207844 1.981162 0.111479 -0.288561 0.895452 9.761418 -1.168462 -0.091438 0.029553
239738750 -0.235393 2.599175 0.929232 -0.222086 0.916208 9.761230 -1.264558 -0.093564 0.022748
259716979 -0.679705 4.037433 2.097205 -0.022328 1.139301 9.740220 -1.247567 -0.116439 0.002292
279695208 -0.405477 5.607596 1.291945 -0.022328 1.139301 9.740220 -1.247567 -0.116439 0.002292
299673437 1.477482 7.017225 -1.208339 0.240409 1.507905 9.687043 -1.179120 -0.154376 -0.024812
319651667 2.102726 8.304993 -1.408532 0.333978 1.556916 9.676511 -1.141592 -0.159436 -0.034501
339629896 -0.037426 9.655780 1.479248 0.333978 1.556916 9.676511 -1.109146 -0.159436 -0.034501
359608125 -3.867018 11.759412 4.528721 0.394355 1.597908 9.667552 -1.210000 -0.163671 -0.040769
379586406 -4.115066 12.867300 4.288094 0.404243 1.735630 9.643370 -1.162354 -0.177922 -0.041895
399564687 -1.953001 13.151001 3.010308 0.335163 1.961903 9.602551 -1.194464 -0.201418 -0.034889
419542969 1.467428 12.655338 -1.588125 0.285364 2.296727 9.529638 -1.098148 -0.236397 -0.029936
439521250 2.635815 8.587553 -8.286817 0.294876 2.694918 9.424481 -1.137504 -0.278387 -0.031278
459499531 8.927203 -4.147171 -18.810637 -0.301857 2.969785 9.341288 -1.018462 -0.307665 0.032303
479477812 18.145004 -20.722164 -19.789974 -0.301857 2.969785 9.341288 -0.865662 -0.307665 0.032303
499456094 2.444059 -37.970955 -17.002598 -0.459799 0.188548 9.794050 -0.944399 -0.019228 0.046912
519434375 -18.276165 -38.448261 5.358697 -0.164952 -1.556688 9.680903 -0.981129 0.159412 0.017037
539412656 -17.464249 -15.762909 43.770096 1.239661 -1.770732 9.565466 -0.979972 0.181560 -0.128879
559390937 -7.771585 -9.561080 34.862576 2.039829 -0.917506 9.548177 -1.022589 0.093697 -0.210472
579369219 14.235093 -7.078281 2.066748 2.039829 -0.917506 9.548177 -1.291735 0.093697 -0.210472
599347500 22.902401 -4.592331 -11.363717 0.763243 0.853908 9.739543 -1.000301 -0.087185 -0.078206
619325781 8.442677 -2.645369 -14.724216 -0.088844 1.290238 9.720998 -1.025287 -0.131950 0.009139
639304062 -2.801604 -0.509969 -17.576485 -0.587387 1.255176 9.708239 -1.067767 -0.128344 0.060430
659282344 -3.827128 1.595726 -10.032084 -0.587387 1.255176 9.708239 -1.060621 -0.128344 0.060430
679260625 -1.055642 0.005080 -4.090028 -0.498660 1.042505 9.738322 -1.007150 -0.106507 0.051161
699238906 3.129620 -1.234545 -1.520512 -0.164706 0.808608 9.771869 -1.007323 -0.082549 0.016854
719217187 5.213061 -0.713883 0.706182 0.087993 0.600642 9.787843 -1.040281 -0.061287 -0.008990
739195469 0.388864 0.250713 2.100236 0.194647 0.442876 9.794712 -1.067519 -0.045176 -0.019870
759173750 -1.633166 -0.586204 2.347534 0.170058 0.358907 9.798605 -1.109611 -0.036606 -0.017354
779152031 -0.826058 -0.356781 1.521605 0.316735 0.410120 9.792950 -1.044985 -0.041833 -0.032332
799130312 -0.853127 0.015949 -1.245447 0.454736 0.406549 9.787662 -1.116885 -0.041468 -0.046427
819108594 -0.361705 0.004584 -2.397543 0.515142 0.326984 9.787651 -1.115205 -0.033349 -0.052583
839086875 0.380832 0.003024 -0.762962 0.515142 0.326984 9.787651 -1.106860 -0.033349 -0.052583
859065156 -0.246410 -0.313476 0.982263 0.707367 0.174736 9.779545 -1.113853 -0.017819 -0.072206
879043437 -1.009139 -0.682552 1.453799 0.707367 0.174736 9.779545 -1.139706 -0.017819 -0.072206
899021719 -0.202979 -0.483017 1.024518 0.765582 0.155541 9.775484 -1.087351 -0.015861 -0.078157
919000000 0.678240 -0.254197 0.469369 0.831327 0.153454 9.770145 -1.174216 -0.015649 -0.084884
938978281 0.717142 -0.146243 -0.040257 0.831327 0.153454 9.770145 -1.118493 -0.015649 -0.084884
958956615 0.822191 0.103878 0.217833 0.758870 0.164294 9.775864 -1.041608 -0.016754 -0.077472
978934948 1.013639 0.395732 0.429117 0.730027 0.188676 9.777619 -1.162509 -0.019241 -0.074525
998913281 1.127683 0.388912 0.116452 0.721281 0.209912 9.777836 -1.046629 -0.021407 -0.073634
1018891615 0.876849 0.286876 -0.204655 0.708623 0.216162 9.778625 -1.085539 -0.022044 -0.072340
1038869948 0.439266 0.198256 -0.171638 0.691060 0.218568 9.779828 -1.114700 -0.022290 -0.070545
1058848281 0.241726 0.073464 -0.013707 0.687367 0.223601 9.779975 -1.151324 -0.022803 -0.070168
1078826615 0.417153 -0.000104 0.014990 0.684390 0.239722 9.779802 -1.182875 -0.024447 -0.069866
1098804948 0.662923 0.037634 -0.261860 0.678223 0.254759 9.779852 -1.135718 -0.025981 -0.069238
1118783281 0.611663 0.179885 -0.700706 0.657773 0.256328 9.781207 -1.073691 -0.026141 -0.067148
1138761615 0.497114 0.183251 -0.761593 0.628724 0.243424 9.783447 -1.095583 -0.024825 -0.064176
1158739948 0.229079 -0.002654 -0.468953 0.604557 0.228102 9.785339 -1.153652 -0.023262 -0.061703
1178718281 -0.170572 -0.123394 -0.037477 0.604557 0.228102 9.785339 -1.035177 -0.023262 -0.061703
1198696615 -0.378860 -0.145341 0.054639 0.623294 0.231869 9.784076 -1.104901 -0.023646 -0.063619
1218674948 -0.062533 -0.126862 -0.083298 0.623294 0.231869 9.784076 -1.154038 -0.023646 -0.063619
1238653281 0.442383 -0.027110 -0.269391 0.616590 0.252706 9.783984 -1.111580 -0.025772 -0.062937
1258631615 0.328638 0.148062 -0.173023 0.616590 0.252706 9.783984 -1.089820 -0.025772 -0.062937
1278609948 0.093259 0.015687 0.079960 0.610582 0.259641 9.784179 -1.090750 -0.026479 -0.062324
1298588281 -0.059831 -0.197363 0.358942 0.596744 0.272284 9.784690 -1.064094 -0.027769 -0.060912
1318566615 -0.141268 -0.228054 0.726421 0.471148 0.343676 9.789295 -1.122504 -0.035052 -0.048092
1338544948 -0.127139 0.018098 0.574757 0.408751 0.409066 9.789585 -1.093025 -0.041725 -0.041729
1358523281 0.303701 0.195577 0.039328 0.375432 0.471338 9.788119 -1.120858 -0.048082 -0.038337
1378501615 0.412255 -0.058452 -0.633277 0.375432 0.471338 9.788119 -1.048375 -0.048082 -0.038337
1398479948 0.422836 0.082694 -0.712425 0.217566 0.536903 9.789525 -1.112197 -0.054776 -0.022221
1418458281 0.372466 0.298612 -0.480203 0.143095 0.560764 9.789558 -1.133186 -0.057213 -0.014616
1438436615 0.107343 0.462626 -0.462992 0.135129 0.574202 9.788893 -1.067717 -0.058586 -0.013803
1458414948 -0.118550 0.297390 -0.751510 0.135129 0.574202 9.788893 -1.048428 -0.058586 -0.013803
1478393281 -0.585652 -0.038431 -0.490675 0.186491 0.553299 9.789252 -1.105347 -0.056451 -0.019048
1498371615 -1.124999 -0.484246 -0.422656 0.186491 0.553299 9.789252 -1.077021 -0.056451 -0.019048
