0 -0.553100 -0.015107 0.650787 -0.150798 1.220590 9.729225 -2.036855 -0.124789 0.015498
19982396 -0.724928 -0.184776 -0.641312 -0.150798 1.220590 9.729225 -2.085308 -0.124789 0.015498
39964792 -0.576237 -0.010789 -0.406980 -0.236682 1.192593 9.730987 -2.093111 -0.121912 0.024318
59947188 -0.454296 0.220707 0.166250 -0.236682 1.192593 9.730987 -2.062139 -0.121912 0.024318
79929584 -0.292136 0.237734 0.357086 -0.255846 1.142367 9.736526 -2.073670 -0.116754 0.026271
99911979 -0.258363 0.180443 0.532951 -0.257479 1.088478 9.742654 -2.050038 -0.111223 0.026422
119894375 -0.297187 0.260596 0.659368 -0.269775 1.053993 9.746113 -2.030326 -0.107685 0.027673
139876771 -0.339257 0.319145 0.163642 -0.293431 1.052498 9.745590 -2.099898 -0.107532 0.030100
159859167 -0.122547 0.394025 0.133759 -0.329514 1.050588 9.744643 -2.117722 -0.107336 0.033802
179841563 -0.114059 0.550874 0.209495 -0.329514 1.050588 9.744643 -2.120197 -0.107336 0.033802
199823959 -0.047364 0.507842 0.631017 -0.328360 1.032312 9.746635 -2.054874 -0.105462 0.033677
219806354 -0.346639 0.599797 0.486323 -0.315743 1.022164 9.748121 -2.099706 -0.104421 0.032379
239788750 -0.628205 1.062233 0.488279 -0.285335 1.027764 9.748470 -2.151643 -0.104996 0.029261
259771146 -0.517461 1.608377 0.532220 -0.276102 1.049202 9.746451 -2.112978 -0.107194 0.028321
279753542 -0.354496 2.022790 0.551119 -0.285745 1.102030 9.740341 -2.079755 -0.112614 0.029328
299735938 -0.037127 2.775583 0.372490 -0.313432 1.195372 9.728476 -2.140742 -0.122198 0.032207
319718334 -0.007273 3.884880 -0.446860 -0.313432 1.195372 9.728476 -2.124530 -0.122198 0.032207
339700729 0.351351 5.113894 -1.951649 -0.459285 1.462035 9.686171 -2.052895 -0.149644 0.047381
359683125 0.449189 6.092894 -3.730674 -0.568668 1.496427 9.675108 -2.074300 -0.153192 0.058709
379665521 0.573092 7.473560 -3.257340 -0.687594 1.361355 9.687327 -2.039263 -0.139269 0.070860
399647917 -0.735677 10.888556 1.938974 -0.746183 1.137121 9.711877 -2.045200 -0.116215 0.076681
419630313 -3.930345 15.740221 6.881110 -0.748557 1.032272 9.723398 -2.004943 -0.105458 0.076834
439612709 -6.292992 18.351406 6.022621 -0.946313 1.102084 9.698468 -1.943410 -0.112619 0.097266
459595104 -6.338779 17.968924 7.756764 -0.946313 1.102084 9.698468 -2.049933 -0.112619 0.097266
479577500 -2.257597 15.843576 8.323064 -1.308598 1.360284 9.623284 -2.242547 -0.139159 0.135153
499559896 1.495028 9.899084 2.306605 -1.632730 1.889585 9.483356 -2.257286 -0.193897 0.170496
519542292 -3.353405 -1.599377 -9.628672 -1.791374 2.613858 9.280577 -2.254352 -0.269801 0.190679
539524688 -17.713730 -18.096788 -28.708462 -1.561571 3.244714 9.121607 -2.240804 -0.337224 0.169551
559507084 -18.201300 -42.997711 -31.010681 -0.367318 1.962442 9.601266 -2.418036 -0.201474 0.038239
579489479 24.705862 -61.055088 -7.793306 0.340473 -0.083357 9.800384 -2.512454 0.008500 -0.034727
599471875 59.275330 -44.351597 19.803427 -0.124130 -1.213042 9.730545 -2.447014 0.124013 0.012756
619454271 8.868537 -18.641306 34.560974 -0.124130 -1.213042 9.730545 -2.180817 0.124013 0.012756
639436667 -34.278934 5.557415 23.406042 -2.335062 -0.737430 9.496003 -2.270263 0.075268 0.241116
659419063 -36.020493 10.063680 -1.289742 -3.215932 0.309386 9.259181 -2.481037 -0.031554 0.334289
679401459 -20.314819 0.887810 -13.780344 -2.246487 1.029014 9.490248 -2.466263 -0.105124 0.232437
699383854 6.308310 -9.534367 -14.341888 0.245050 1.553114 9.679782 -2.314854 -0.159043 -0.025310
719366250 12.348177 -6.786120 -12.843230 0.681265 1.627789 9.646585 -2.356904 -0.166760 -0.070505
739348646 2.580070 1.008618 -11.261937 0.435229 1.666072 9.654282 -2.271323 -0.170720 -0.045051
759331042 -3.070542 3.504421 -6.187301 0.435229 1.666072 9.654282 -2.322717 -0.170720 -0.045051
779313438 -3.286823 1.515599 -0.374815 -0.053941 1.578951 9.678554 -2.291286 -0.161712 0.005573
799295834 -1.625835 -0.707715 3.335291 -0.284194 1.172715 9.732130 -2.304183 -0.119871 0.029193
819278229 -0.078988 -0.716497 2.024095 -0.222778 1.117501 9.740223 -2.336932 -0.114202 0.022868
839260625 0.904161 -0.652734 -0.596338 -0.250498 1.104301 9.741055 -2.354965 -0.112847 0.025710
859243021 0.861514 -0.808990 -0.959013 -0.360102 1.103050 9.737761 -2.348425 -0.112718 0.036963
879225417 0.366888 -1.099187 0.186112 -0.360102 1.103050 9.737761 -2.323526 -0.112718 0.036963
899207813 -0.076905 -1.009274 0.304786 -0.443691 1.117906 9.732616 -2.385309 -0.114243 0.045556
919190209 -0.470070 -0.230085 -1.560832 -0.476915 1.164936 9.725526 -2.366091 -0.119072 0.048998
939172604 -0.505983 0.395365 -2.601460 -0.501226 1.213680 9.718341 -2.289714 -0.124079 0.051530
959155000 -0.178341 0.681056 -2.707069 -0.538297 1.224730 9.714971 -2.312994 -0.125215 0.055352
979137396 0.342520 0.205794 -1.815862 -0.594365 1.189289 9.716106 -2.257056 -0.121573 0.061097
999119792 0.475815 0.020261 -0.721925 -0.683544 1.125702 9.717815 -2.362555 -0.115043 0.070224
1019102240 -0.049476 0.232823 -0.057375 -0.792443 1.054243 9.717561 -2.329428 -0.107711 0.081368
1039084740 -0.712851 0.493546 -0.022010 -0.910995 0.986772 9.714255 -2.352932 -0.100793 0.093506
1059067240 -0.901010 0.381366 0.693120 -1.027916 0.916548 9.709465 -2.342700 -0.093599 0.105474
1079049740 -0.751699 0.151342 1.891166 -1.133158 0.847643 9.704012 -2.345324 -0.086544 0.116246
1099032240 -0.782272 -0.002432 1.152968 -1.164214 0.822479 9.702500 -2.370539 -0.083968 0.119420
1119014740 -0.911094 0.579117 -1.097946 -1.136168 0.816150 9.706359 -2.364860 -0.083321 0.116524
1138997240 -0.390140 1.015474 -2.103545 -1.136168 0.816150 9.706359 -2.344903 -0.083321 0.116524
1158979740 -0.269117 0.508063 -0.645890 -1.254412 0.636399 9.705249 -2.357282 -0.064940 0.128538
1178962240 -0.364042 0.150871 0.459392 -1.325508 0.539227 9.701682 -2.383888 -0.055014 0.135786
1198944740 -0.324270 0.300929 0.309231 -1.325508 0.539227 9.701682 -2.401850 -0.055014 0.135786
1218927240 -0.719391 0.420716 -0.255900 -1.314568 0.425722 9.708814 -2.406984 -0.043425 0.134581
1238909740 0.158658 -0.057795 1.901579 -1.198250 0.123517 9.732386 -2.463243 -0.012596 0.122503
1258892240 0.708314 -0.766225 2.387581 -1.198250 0.123517 9.732386 -2.412815 -0.012596 0.122503
1278874740 1.175439 -0.791797 1.040045 -1.151839 0.110600 9.738143 -2.475051 -0.011278 0.117734
1298857188 0.824682 -0.263107 -0.168193 -1.128617 0.188112 9.739673 -2.436617 -0.019183 0.115364
1318839584 0.019511 0.245946 -0.181313 -1.128617 0.188112 9.739673 -2.441396 -0.019183 0.115364
1338821979 -0.603990 0.633931 -0.135753 -1.150259 0.201458 9.736873 -2.391574 -0.020544 0.117589
1358804375 -0.796110 0.740979 -0.713601 -1.185990 0.218527 9.732218 -2.418690 -0.022285 0.121264
1378786771 -0.339174 0.549913 -0.548957 -1.217412 0.212073 9.728480 -2.401164 -0.021627 0.124492
1398769167 -0.011281 0.228137 -0.079359 -1.219543 0.160576 9.729199 -2.478194 -0.016375 0.124698
1418751563 0.121236 0.089402 0.166386 -1.186001 0.039802 9.734589 -2.420935 -0.004059 0.121236
1438733959 0.261059 -0.017805 0.143131 -1.186001 0.039802 9.734589 -2.424556 -0.004059 0.121236
1458716354 -0.015167 -0.078624 0.233756 -1.177122 0.005225 9.735745 -2.472431 -0.000533 0.120323
1478698750 -0.077211 -0.092747 0.181298 -1.183503 -0.003538 9.734973 -2.488084 0.000361 0.120979
1498681146 -0.053198 0.006976 0.227202 -1.193334 0.008341 9.733769 -2.488054 -0.000851 0.121989
