0 0.315535 -0.617084 0.914279 -0.930585 1.187234 9.689937 -1.851852 -0.121362 0.095743
19982813 -0.141643 -0.407738 0.351605 -0.887044 1.195812 9.692965 -1.877101 -0.122243 0.091260
39965625 -0.338065 -0.162256 0.387714 -0.862565 1.211421 9.693236 -1.926353 -0.123847 0.088753
59948438 -0.315252 -0.129252 0.364453 -0.862565 1.211421 9.693236 -1.857587 -0.123847 0.088753
79931250 -0.149434 -0.137715 0.291471 -0.839373 1.228737 9.693092 -1.851241 -0.125626 0.086379
99913959 -0.135491 -0.082307 -0.073779 -0.808203 1.251717 9.692801 -1.829264 -0.127989 0.083189
119896667 -0.398639 0.130831 -0.495811 -0.781072 1.275744 9.691894 -1.870935 -0.130459 0.080416
139879375 -0.397628 0.368388 -0.401902 -0.757309 1.288249 9.692124 -1.908312 -0.131746 0.077978
159862084 -0.288429 0.490234 -0.135277 -0.739016 1.290482 9.693239 -1.888773 -0.131975 0.076093
179844792 -0.118658 0.611262 -0.010732 -0.723442 1.302995 9.692740 -1.859284 -0.133263 0.074499
199827500 -0.193498 0.978423 -0.210707 -0.701224 1.335695 9.689922 -1.932529 -0.136628 0.072240
219810209 -0.261047 1.555870 -0.702661 -0.659006 1.459232 9.675057 -1.866254 -0.149355 0.068009
239792917 -0.485484 2.384504 -1.157332 -0.659006 1.459232 9.675057 -1.874555 -0.149355 0.068009
259775625 -0.072023 2.825341 -1.279689 -0.630824 1.513507 9.668596 -1.868087 -0.154954 0.065152
279758334 0.350488 2.438192 -1.697904 -0.579023 1.553008 9.665572 -1.863525 -0.159032 0.059834
299741042 -0.186729 3.418432 -1.018779 -0.657758 1.616298 9.650146 -1.890646 -0.165572 0.068055
319723750 -0.856686 4.985426 -0.398881 -0.755756 1.686104 9.631005 -1.864309 -0.172793 0.078311
339706459 -0.736947 5.865149 -0.735909 -0.857807 1.748468 9.611318 -1.925722 -0.179252 0.089014
359689167 -0.145187 6.158843 -0.287964 -0.857807 1.748468 9.611318 -1.832420 -0.179252 0.089014
379671875 0.727273 8.063960 0.134813 -1.018078 1.831363 9.580189 -1.916382 -0.187850 0.105872
399654584 0.211649 11.974100 0.286649 -1.307007 1.982225 9.514878 -1.870121 -0.203533 0.136510
419637292 -0.010005 14.368148 -0.091329 -1.591912 2.219186 9.418674 -1.836888 -0.228271 0.167434
439620000 -0.811610 16.143753 -1.179130 -1.389787 2.232594 9.447455 -1.908433 -0.229675 0.146059
459602709 -4.229346 15.295713 -6.945177 -1.070203 2.114966 9.515880 -1.855595 -0.217374 0.111994
479585417 -6.670793 7.712208 -10.668302 -0.879650 1.865553 9.587300 -1.972287 -0.191400 0.091495
499568125 -7.115344 -7.660528 -13.711638 -0.879650 1.865553 9.587300 -1.950822 -0.191400 0.091495
519550834 -7.319921 -28.560707 -10.791881 -0.860141 1.291574 9.683098 -1.938574 -0.132088 0.088597
539533542 -0.489812 -34.341412 3.950590 -1.230025 -0.983768 9.679340 -2.251815 0.100485 0.126400
559516250 8.435201 -26.288273 16.490219 -1.230025 -0.983768 9.679340 -2.223369 0.100485 0.126400
579498959 7.509011 -14.001710 15.742893 -1.972982 -1.766737 9.442265 -2.341504 0.181146 0.205988
599481667 -1.935187 -3.505719 11.995923 -2.294734 -1.514671 9.413307 -2.293847 0.155074 0.239112
619464375 -7.405214 -0.149348 4.737678 -2.300513 -1.103847 9.468872 -2.285789 0.112800 0.238337
639447084 -3.998564 -2.387021 -1.952387 -2.141642 -0.666549 9.546700 -2.244364 0.068022 0.220680
659429792 1.540662 -4.616630 -7.004706 -2.141642 -0.666549 9.546700 -2.313117 0.068022 0.220680
679412500 3.430293 -3.481463 -8.384893 -2.001501 -0.290446 9.595834 -2.273976 0.029622 0.205632
699395209 1.343248 -1.015272 -4.070372 -1.846317 -0.137220 9.630301 -2.218038 0.013993 0.189421
719377917 0.434357 0.000541 -0.997866 -1.576657 0.039864 9.678995 -2.233085 -0.004065 0.161476
739360625 0.705994 -0.015966 -3.389410 -1.585281 0.209153 9.675408 -2.191821 -0.021329 0.162403
759343334 -0.267078 0.668843 -5.091858 -1.664092 0.268250 9.660706 -2.258705 -0.027357 0.170580
779326042 -1.351696 0.988168 -3.409272 -1.664092 0.268250 9.660706 -2.269237 -0.027357 0.170580
799308750 -1.036807 0.174110 -0.382609 -1.901975 0.167865 9.618977 -2.222433 -0.017118 0.195213
819291459 -0.118906 -0.709331 2.111019 -1.944076 0.135611 9.611066 -2.241593 -0.013829 0.199582
839274167 0.148791 -0.928331 1.739449 -1.900535 0.117104 9.620012 -2.254062 -0.011942 0.195049
859256875 -0.224142 -0.629136 0.890115 -1.842195 0.114865 9.631382 -2.286782 -0.011713 0.188987
879239584 -0.457759 -0.246687 -0.385056 -1.842195 0.114865 9.631382 -2.209256 -0.011713 0.188987
899222292 -0.164760 -0.055511 -1.112961 -1.816947 0.122999 9.636076 -2.271409 -0.012543 0.186369
919205000 0.170939 -0.479694 -0.768225 -1.756657 0.082490 9.647680 -2.248129 -0.008412 0.180108
939187709 0.204931 -0.690204 -2.595543 -1.742468 0.038537 9.650529 -2.217851 -0.003930 0.178632
959170417 0.177832 0.039075 -3.481910 -1.742468 0.038537 9.650529 -2.165124 -0.003930 0.178632
979153125 0.043642 0.295143 -1.160530 -1.844718 -0.059905 9.631397 -2.195719 0.006109 0.189240
999135834 -0.266654 0.051417 1.079398 -2.201509 -0.240544 9.553318 -2.221852 0.024531 0.226490
1019118542 -0.522965 -0.007524 2.275456 -2.269399 -0.287442 9.536120 -2.269402 0.029315 0.233633
1039101250 -1.025186 0.189975 2.331188 -2.240566 -0.300304 9.542540 -2.218025 0.030627 0.230620
1059083959 -1.152385 0.348398 1.635879 -2.240566 -0.300304 9.542540 -2.267083 0.030627 0.230620
1079066667 -0.612051 0.205802 0.361127 -2.165357 -0.271211 9.560757 -2.345410 0.027659 0.222726
1099049375 -0.062177 0.095678 -0.701669 -2.081243 -0.226178 9.580587 -2.224397 0.023066 0.213912
1119032084 0.248197 -0.054916 -0.803093 -2.027460 -0.192337 9.592852 -2.301502 0.019614 0.208286
1139014792 0.472642 0.164719 -0.655456 -2.005427 -0.173314 9.597844 -2.294380 0.017674 0.205982
1158997500 0.371576 0.016442 -0.378630 -1.995739 -0.165332 9.600004 -2.246546 0.016860 0.204970
1178980209 0.220179 -0.320051 0.669502 -1.965456 -0.169280 9.606181 -2.261984 0.017263 0.201818
1198962917 0.748675 -0.549808 0.711544 -1.965456 -0.169280 9.606181 -2.284567 0.017263 0.201818
1218945625 1.090693 -0.674475 -0.303934 -1.852230 -0.164585 9.628735 -2.295803 0.016784 0.190043
1238928334 0.770020 -0.292354 -0.452258 -1.678049 -0.180411 9.660331 -2.313261 0.018398 0.171989
1258911042 0.043614 0.158475 -0.002718 -1.672616 -0.183328 9.661219 -2.297674 0.018695 0.171428
1278893750 -0.271510 0.290195 0.350461 -1.672616 -0.183328 9.661219 -2.230508 0.018695 0.171428
1298876459 -0.221743 -0.021645 0.704188 -1.704960 -0.171111 9.655787 -2.327928 0.017449 0.174772
1318859167 -0.009223 -0.542575 0.845993 -1.764487 -0.136608 9.645638 -2.225014 0.013931 0.180931
1338841875 0.419922 -0.408504 0.667935 -1.869654 -0.023660 9.626745 -2.244123 0.002413 0.191827
1358824584 0.191657 -0.044072 0.820005 -1.907024 0.048808 9.619317 -2.236940 -0.004977 0.195712
1378807188 -0.397247 0.256714 1.356398 -1.907024 0.048808 9.619317 -2.236556 -0.004977 0.195712
1398789792 -0.599130 0.354043 1.201935 -1.889047 0.124983 9.622175 -2.266106 -0.012745 0.193857
1418772396 -0.608455 0.251874 0.684138 -1.821693 0.203321 9.633820 -2.255464 -0.020735 0.186887
1438755000 -0.484240 0.097632 0.142204 -1.750979 0.287151 9.644792 -2.226369 -0.029285 0.179591
1458737604 -0.309466 -0.065111 -0.525649 -1.697148 0.372809 9.651481 -2.235316 -0.038025 0.174064
1478720209 -0.070599 -0.047897 -0.716519 -1.670820 0.438142 9.653329 -2.248216 -0.044693 0.171384
1498702813 0.066845 -0.124728 -1.071963 -1.658620 0.476615 9.653611 -2.230386 -0.048620 0.170152
