0 -0.411789 -0.341590 0.519929 -0.356775 1.348944 9.706876 -2.097395 -0.137992 0.036738
19982396 -0.429103 -0.236079 -0.026044 -0.356775 1.348944 9.706876 -2.073767 -0.137992 0.036738
39964792 -0.638520 0.168875 0.990272 -0.363505 1.329465 9.709314 -2.041879 -0.135986 0.037421
59947188 -0.587602 0.281870 0.912985 -0.365150 1.366318 9.704135 -2.060211 -0.139780 0.037611
79929583 -0.296089 0.091838 -0.030212 -0.359563 1.405877 9.698691 -2.098461 -0.143855 0.037056
99911979 -0.054017 0.091037 -0.358985 -0.359563 1.405877 9.698691 -2.005993 -0.143855 0.037056
119894375 -0.009891 0.127266 -0.442003 -0.372970 1.460250 9.690146 -2.088322 -0.149460 0.038471
139876771 0.016310 0.146681 -0.302191 -0.372970 1.460250 9.690146 -2.094692 -0.149460 0.038471
159859167 0.172772 -0.132916 -0.293561 -0.375295 1.472324 9.688231 -2.085498 -0.150705 0.038718
179841563 0.194878 -0.351509 -0.425467 -0.364001 1.474308 9.688359 -2.016899 -0.150910 0.037553
199823958 0.133408 -0.365015 0.015792 -0.326681 1.435647 9.695493 -2.075914 -0.146923 0.033681
219806458 0.169966 -0.097434 0.399524 -0.281191 1.411846 9.700413 -2.074193 -0.144470 0.028979
239788958 0.337908 0.117077 0.281053 -0.281191 1.411846 9.700413 -2.157825 -0.144470 0.028979
259771458 0.190915 0.355656 -0.118324 -0.237781 1.405459 9.702501 -2.109953 -0.143812 0.024502
279753958 0.036998 0.580129 -0.269871 -0.199957 1.419456 9.701317 -2.072004 -0.145255 0.020608
299736458 -0.254037 0.780310 -0.437634 -0.176973 1.411042 9.702991 -2.064963 -0.144387 0.018237
319718958 -0.349834 1.280297 -0.311669 -0.176973 1.411042 9.702991 -2.054322 -0.144387 0.018237
339701458 -0.193725 1.901969 -0.163308 -0.135786 1.387562 9.707040 -2.069864 -0.141968 0.013988
359683958 -0.043865 2.649165 0.191295 -0.023581 1.330283 9.715976 -2.089724 -0.136071 0.002427
379666458 0.824007 3.288174 0.532272 0.096849 1.315665 9.717511 -2.067350 -0.134566 -0.009966
399648958 1.658718 4.087170 0.406387 0.240987 1.359671 9.708944 -2.044715 -0.139096 -0.024816
419631458 1.038241 7.408155 -0.916655 0.454075 1.409520 9.694197 -2.028040 -0.144231 -0.046806
439613958 -0.799693 10.381378 -3.847404 0.612843 1.338156 9.695575 -1.992451 -0.136881 -0.063125
459596458 -4.491182 14.365915 -1.791730 0.612843 1.338156 9.695575 -1.924827 -0.136881 -0.063125
479578958 -7.040771 18.503016 5.341781 0.482057 1.221093 9.718382 -1.920449 -0.124841 -0.049562
499561458 -7.421831 19.664696 9.277307 -0.241861 1.472748 9.692415 -2.024568 -0.150749 0.024948
519543958 -6.228677 18.348330 6.305745 -0.477295 1.758044 9.635967 -2.039778 -0.180245 0.049492
539526458 -5.249561 14.802350 0.846658 -0.477295 1.758044 9.635967 -2.110891 -0.180245 0.049492
559508958 -1.586686 10.318825 -0.461049 -0.865754 2.292727 9.495486 -2.190257 -0.235977 0.090924
579491406 -3.389025 0.626811 -4.556772 -0.865754 2.292727 9.495486 -2.307825 -0.235977 0.090924
599473802 -14.317300 -16.908175 -22.201641 -0.930930 2.705044 9.380112 -2.306496 -0.279461 0.098921
619456198 -18.138800 -45.191574 -27.928600 -1.012673 2.724909 9.365882 -2.327992 -0.281569 0.107705
639438594 1.720960 -49.614117 -8.822757 -1.598000 0.200937 9.673491 -2.688363 -0.020491 0.163715
659420990 18.524862 -33.684113 16.657961 -1.755398 -1.121759 9.582830 -2.708617 0.114639 0.181173
679403386 17.777994 -13.873940 27.202759 -2.421825 -1.620716 9.363676 -2.677059 0.166029 0.253094
699385781 -2.987592 -5.834364 32.785885 -2.953730 -1.168071 9.278010 -2.606186 0.119394 0.308213
719368177 -18.394670 1.216702 12.861656 -2.953730 -1.168071 9.278010 -2.605834 0.119394 0.308213
739350573 -16.687349 -0.615589 -8.127265 -2.422493 0.642229 9.481005 -2.430195 -0.065536 0.250158
759332969 -5.516256 -2.359919 -13.972610 -1.728030 1.068032 9.593936 -2.452803 -0.109125 0.178206
779315365 5.523896 -5.777656 -11.344854 -1.096748 1.189210 9.672297 -2.453449 -0.121565 0.112908
799297761 9.456243 -5.026513 -8.146539 -0.761755 1.169551 9.706816 -2.464756 -0.119546 0.078316
819280156 6.237525 -1.562819 -5.151220 -0.779322 1.124945 9.710692 -2.488437 -0.114965 0.080082
839262552 2.690136 -0.516783 -2.267666 -1.032010 1.095826 9.690434 -2.458869 -0.111977 0.106098
859244948 -0.522909 0.613803 -0.299603 -1.343148 1.083911 9.653573 -2.495070 -0.110754 0.138247
879227344 -3.069241 1.905063 0.672677 -1.591020 1.085464 9.615654 -2.447837 -0.110914 0.163976
899209740 -3.342588 1.691889 1.255038 -1.591020 1.085464 9.615654 -2.436919 -0.110914 0.163976
919192136 -1.626228 0.439370 1.122796 -1.673536 1.088030 9.601346 -2.459266 -0.111177 0.172569
939174531 -0.291854 -0.443546 0.637086 -1.673536 1.088030 9.601346 -2.490472 -0.111177 0.172569
959156927 -0.114039 -0.377961 -0.326478 -1.547767 1.072198 9.624198 -2.440652 -0.109553 0.159455
979139323 0.000340 -0.128216 -1.604813 -1.411197 1.066656 9.645784 -2.393796 -0.108984 0.145271
999121719 -0.072697 0.017984 -2.436806 -1.286707 1.022261 9.667976 -2.449905 -0.104431 0.132312
1019104115 -0.473868 0.172587 -2.143232 -1.286707 1.022261 9.667976 -2.425548 -0.104431 0.132312
1039086511 -0.212321 -0.092486 -0.820882 -1.299990 0.874058 9.680725 -2.478637 -0.089248 0.133488
1059068906 0.325809 -0.297241 -0.328989 -1.299990 0.874058 9.680725 -2.495852 -0.089248 0.133488
1079051302 0.463781 -0.189460 -0.761276 -1.323182 0.791060 9.684720 -2.418700 -0.080753 0.135785
1099033698 0.251160 0.093596 -0.959582 -1.323182 0.791060 9.684720 -2.404687 -0.080753 0.135785
1119016094 0.202107 -0.021609 -0.200895 -1.372868 0.740208 9.681824 -2.488500 -0.075552 0.140859
1138998490 -0.166610 -0.197131 0.209629 -1.495419 0.658756 9.669548 -2.445671 -0.067225 0.153437
1158980886 -0.853567 0.081896 0.227420 -1.495419 0.658756 9.669548 -2.387673 -0.067225 0.153437
1178963281 -1.081515 0.420487 0.046132 -1.555645 0.625074 9.662279 -2.495765 -0.063783 0.159632
1198945677 -0.688650 0.227530 0.341839 -1.555645 0.625074 9.662279 -2.455043 -0.063783 0.159632
1218928073 -0.040486 -0.166931 0.775660 -1.564962 0.616576 9.661321 -2.446677 -0.062915 0.160587
1238910469 0.253906 -0.467169 0.210913 -1.521832 0.655010 9.665680 -2.484721 -0.066842 0.156165
1258892865 0.428393 -0.439370 -0.764986 -1.521832 0.655010 9.665680 -2.460842 -0.066842 0.156165
1278875261 0.550555 -0.188622 -0.662243 -1.500331 0.663515 9.668461 -2.456452 -0.067711 0.153950
1298857656 0.093467 -0.007497 0.399814 -1.522699 0.659716 9.665224 -2.463455 -0.067323 0.156260
1318840052 -0.657127 -0.056151 0.887204 -1.468040 0.663368 9.673428 -2.500224 -0.067696 0.150611
1338822448 -0.637031 0.142856 0.097274 -1.468040 0.663368 9.673428 -2.439276 -0.067696 0.150611
1358804896 0.127558 0.501652 -0.998578 -1.297061 0.653441 9.698507 -2.469846 -0.066682 0.132949
1378787396 0.276861 0.621984 -0.954079 -1.069505 0.559607 9.732080 -2.407150 -0.057095 0.109456
1398769896 -0.300905 0.653517 -0.300087 -1.098236 0.525368 9.730788 -2.433557 -0.053598 0.112386
1418752396 -0.564280 0.234086 0.486883 -1.161001 0.510912 9.724270 -2.412024 -0.052122 0.118830
1438734896 -0.453405 0.059350 0.965364 -1.161001 0.510912 9.724270 -2.433888 -0.052122 0.118830
1458717396 -0.214402 0.181833 0.430894 -1.180443 0.505668 9.722203 -2.363718 -0.051587 0.120826
1478699896 -1.096826 0.167434 -0.120377 -1.222248 0.488313 9.717925 -2.445481 -0.049815 0.125116
1498682396 -1.913346 -0.070601 -0.334761 -1.222248 0.488313 9.717925 -2.434536 -0.049815 0.125116
