0 0.128681 0.372145 1.432420 1.587135 -0.147092 9.676247 -1.219519 0.015000 -0.162576
19978177 0.816597 -0.075982 1.182343 1.527632 -0.153994 9.685712 -1.268377 0.015704 -0.156432
39956354 0.455858 -0.219100 0.683493 1.558459 -0.055157 9.681868 -1.234497 0.005624 -0.159598
59934531 -0.076603 -0.317791 0.966262 1.558459 -0.055157 9.681868 -1.267890 0.005624 -0.159598
79912708 -0.029582 -0.058599 0.387156 1.674357 0.039587 9.662575 -1.316828 -0.004037 -0.171579
99890886 0.247811 0.427772 -0.579600 1.737741 0.140560 9.650434 -1.323723 -0.014334 -0.178159
119869063 -0.083412 0.420959 -0.394978 1.695197 0.205753 9.656830 -1.229936 -0.020983 -0.173773
139847240 -0.622275 0.431614 0.679081 1.533671 0.298508 9.681381 -1.261939 -0.030444 -0.157109
159825417 0.200235 0.517304 0.366456 1.533671 0.298508 9.681381 -1.284450 -0.030444 -0.157109
179803594 0.345950 1.178111 0.367543 1.467253 0.342480 9.690215 -1.309574 -0.034930 -0.150274
199781771 -0.620862 1.952770 1.376692 1.416599 0.376559 9.696486 -1.248952 -0.038408 -0.145068
219759948 -1.450815 2.871644 1.913658 1.433947 0.435706 9.691458 -1.291449 -0.044444 -0.146894
239738125 -1.387174 4.106649 1.393525 1.496417 0.532742 9.677154 -1.248472 -0.054351 -0.153419
259716302 -1.112991 6.361668 1.505846 1.551791 0.620164 9.663215 -1.247416 -0.063281 -0.159228
279694479 -0.531525 9.335916 2.840614 1.482249 0.856441 9.656078 -1.234633 -0.087444 -0.152315
299672656 0.731280 12.653084 3.137608 1.482249 0.856441 9.656078 -1.348500 -0.087444 -0.152315
319650833 1.596126 17.196920 1.704624 1.284190 1.121092 9.657350 -1.387444 -0.114570 -0.132200
339629011 0.507963 18.038166 -2.108760 0.896139 1.494502 9.650584 -1.299185 -0.152993 -0.092593
359607188 -3.886799 14.845670 -4.530788 0.728905 1.753794 9.620982 -1.159228 -0.179804 -0.075618
379585365 -5.688814 12.546402 -5.204682 0.802912 1.833921 9.600128 -1.167989 -0.188115 -0.083441
399563542 3.828071 7.987737 -14.277239 0.584291 1.870000 9.608959 -1.143228 -0.191862 -0.060732
419541719 12.225107 1.545605 -14.533741 0.137330 1.561533 9.680554 -1.024541 -0.159913 -0.014185
439519896 14.717173 -8.465952 -10.941163 0.164377 0.473980 9.793810 -1.084630 -0.048351 -0.016782
459498073 12.405969 -24.253147 -12.658542 0.164377 0.473980 9.793810 -0.938570 -0.048351 -0.016782
479476250 0.933928 -43.886696 -20.365484 1.007893 -1.831242 9.581288 -1.085395 0.187837 -0.104808
499454427 -11.010857 -37.505447 -3.510159 1.846985 -3.774210 8.860834 -1.465630 0.395059 -0.205501
519432604 -9.131535 -14.801481 40.436005 1.846985 -3.774210 8.860834 -0.759086 0.395059 -0.205501
539410781 8.017697 -14.907745 49.378830 3.868657 -3.451732 8.324028 -1.088256 0.359684 -0.435059
559388958 18.995701 -3.578130 3.212001 3.868657 -3.451732 8.324028 -1.327659 0.359684 -0.435059
579367136 9.642181 -9.142170 -14.845905 3.093002 -2.191306 9.044440 -1.348773 0.225354 -0.329511
599345313 -10.711839 -3.801211 -14.736389 1.627423 -0.754588 9.641187 -1.115255 0.077023 -0.167223
619323490 -13.571284 3.037239 -16.137527 1.997523 -0.667616 9.577816 -1.253174 0.068131 -0.205610
639301667 -5.218269 3.161016 -13.600805 1.997523 -0.667616 9.577816 -1.130859 0.068131 -0.205610
659279844 5.030495 1.127330 -7.241440 2.663286 -0.976611 9.387413 -1.138353 0.099752 -0.276444
679258021 7.162778 -1.251371 1.175546 3.119589 -1.684384 9.143380 -1.201451 0.172615 -0.328801
699236198 1.658351 -2.387043 7.802700 2.874583 -1.681837 9.223805 -1.188495 0.172352 -0.302109
719214375 0.001316 -2.146044 8.924440 2.669019 -1.411772 9.330253 -1.166075 0.144463 -0.278620
739192552 0.780771 -1.335447 2.795502 2.532193 -1.075122 9.412890 -1.120033 0.109853 -0.262792
759170729 -1.048207 -0.016755 -2.868095 2.532193 -1.075122 9.412890 -1.200842 0.109853 -0.262792
779148906 -1.057942 0.107525 -4.251472 2.410960 -0.796358 9.472248 -1.224024 0.081295 -0.249237
799127083 -0.302822 0.023334 -3.024342 2.410960 -0.796358 9.472248 -1.236244 0.081295 -0.249237
819105261 0.878846 -0.026287 -1.656201 2.411727 -0.799645 9.471775 -1.181671 0.081632 -0.249325
839083438 1.547009 0.576508 -0.819738 2.405514 -0.827415 9.470969 -1.206102 0.084473 -0.248729
859061615 0.629274 0.172494 -0.451488 2.413496 -0.865312 9.465550 -1.124019 0.088352 -0.249657
879039792 0.016098 -0.384189 0.012497 2.406902 -0.912082 9.462838 -1.196781 0.093141 -0.249071
899017969 0.044949 -0.388960 0.790743 2.392303 -0.944873 9.463323 -1.201269 0.096500 -0.247610
918996146 0.869938 0.028014 0.339178 2.457041 -0.901028 9.451005 -1.235209 0.092009 -0.254346
938974323 1.200586 0.315033 -0.541938 2.457041 -0.901028 9.451005 -1.189568 0.092009 -0.254346
958952500 0.867898 0.402607 -0.959649 2.436251 -0.849363 9.461165 -1.218156 0.086720 -0.252025
978930677 -0.231740 0.377297 -0.706841 2.436251 -0.849363 9.461165 -1.218156 0.086720 -0.252025
998908854 -0.627974 0.232370 -0.520387 2.473510 -0.848338 9.451586 -1.186875 0.086615 -0.255963
1018887031 0.045183 0.009794 -0.586264 2.543613 -0.903377 9.427850 -1.225040 0.092250 -0.263523
1038865208 0.644719 0.089337 -0.351849 2.523873 -0.944983 9.429075 -1.183792 0.096511 -0.261538
1058843386 0.435926 0.181401 -0.172055 2.478503 -0.989504 9.436540 -1.189402 0.101073 -0.256848
1078821563 0.187814 0.186165 -0.131726 2.429336 -1.032971 9.444665 -1.191895 0.105529 -0.251760
1098799740 0.206375 0.285545 -0.074121 2.391392 -1.075203 9.449634 -1.239118 0.109861 -0.247863
1118777917 -0.020592 0.215181 -0.021558 2.369123 -1.120189 9.450017 -1.180400 0.114477 -0.245638
1138756094 -0.345495 -0.022730 0.383978 2.367881 -1.160284 9.445489 -1.133365 0.118594 -0.245627
1158734271 -0.483031 -0.048994 0.419524 2.367881 -1.160284 9.445489 -1.202558 0.118594 -0.245627
1178712448 -0.008171 0.104975 -0.033240 2.346806 -1.191562 9.446855 -1.154112 0.121806 -0.243493
1198690625 0.330375 0.223330 -0.850095 2.293218 -1.235687 9.454344 -1.147625 0.126341 -0.237961
1218668802 -0.094660 -0.200201 -0.113861 2.135182 -1.406688 9.467450 -1.118525 0.143939 -0.221818
1238646979 -0.435246 -0.242319 0.976244 2.135182 -1.406688 9.467450 -1.207982 0.143939 -0.221818
1258625156 0.201676 0.191748 0.761106 2.052595 -1.445659 9.479837 -1.136847 0.147955 -0.213231
1278603333 0.492862 0.308277 0.377156 1.999013 -1.452824 9.490186 -1.134651 0.148694 -0.207605
1298581511 0.250518 0.189253 0.506154 1.982649 -1.435150 9.496306 -1.141695 0.146872 -0.205824
1318559688 0.172995 0.067565 0.362108 1.982649 -1.435150 9.496306 -1.164587 0.146872 -0.205824
1338537865 -0.194605 -0.196188 0.566931 1.923441 -1.374462 9.517438 -1.105494 0.140619 -0.199411
1358516042 -0.280103 -0.090567 0.486204 1.923441 -1.374462 9.517438 -1.209348 0.140619 -0.199411
1378494219 -0.107190 0.168767 -0.133934 1.893089 -1.278751 9.536844 -1.184630 0.130769 -0.195955
1398472396 -0.001635 0.211408 -0.487200 1.878963 -1.254500 9.542857 -1.179395 0.128275 -0.194410
1418450573 -0.023872 0.002167 -0.309016 1.863068 -1.236985 9.548258 -1.173270 0.126474 -0.192700
1438428750 -0.237208 -0.145229 0.120335 1.863068 -1.236985 9.548258 -1.124850 0.126474 -0.192700
1458406927 -0.089541 -0.289504 0.263207 1.817925 -1.184314 9.563625 -1.161119 0.121062 -0.187846
1478385104 0.192883 -0.118291 0.268480 1.817925 -1.184314 9.563625 -1.238436 0.121062 -0.187846
1498363281 0.240639 -0.081599 0.095860 1.774505 -1.149122 9.576066 -1.192308 0.117448 -0.183228
