0 -0.288250 -0.580706 0.487734 -0.092245 -0.227162 9.803585 -1.312704 0.023166 0.009409
19985261 -0.181867 -0.513061 -0.179635 -0.019862 -0.249783 9.803449 -1.358572 0.025474 0.002026
39970469 -0.041691 -0.490023 -0.025979 0.015569 -0.261080 9.803162 -1.279241 0.026626 -0.001588
59955677 -0.201745 -0.337674 0.023700 0.005331 -0.242969 9.803638 -1.327363 0.024778 -0.000544
79940886 -0.447870 -0.189743 0.180253 0.012047 -0.215436 9.804276 -1.308358 0.021970 -0.001229
99926094 -0.247529 -0.018823 -0.788343 0.012047 -0.215436 9.804276 -1.206637 0.021970 -0.001229
119911302 -0.143979 0.051255 -0.688758 0.030080 -0.213938 9.804270 -1.332465 0.021817 -0.003068
139896511 -0.204269 0.153959 -0.367891 0.034849 -0.243754 9.803558 -1.370620 0.024859 -0.003555
159881719 -0.265523 0.047814 -0.262457 0.019125 -0.265282 9.803042 -1.286273 0.027055 -0.001951
179866927 -0.309697 -0.089826 0.279622 0.019125 -0.265282 9.803042 -1.274149 0.027055 -0.001951
199852136 0.104602 -0.155720 0.648284 0.005494 -0.295721 9.802189 -1.352069 0.030160 -0.000561
219837344 0.675021 -0.374317 0.334792 0.020259 -0.318214 9.801465 -1.292968 0.032455 -0.002067
239822552 0.329626 -0.163380 0.113537 -0.009352 -0.307768 9.801815 -1.261161 0.031389 0.000954
259807761 -0.191204 0.339943 0.315409 -0.133442 -0.266372 9.802124 -1.374925 0.027166 0.013613
279792969 -0.547466 0.739969 0.719770 -0.291098 -0.220215 9.799855 -1.274149 0.022458 0.029696
299778177 0.219525 0.439510 0.274487 -0.396617 -0.198145 9.796623 -1.217386 0.020207 0.040463
319763386 0.475049 0.311945 0.644479 -0.386317 -0.257387 9.795657 -1.311364 0.026249 0.039417
339748594 0.347369 1.400048 1.280559 -0.386317 -0.257387 9.795657 -1.213722 0.026249 0.039417
359733802 -0.224475 2.833422 0.553485 -0.309757 -0.277292 9.797834 -1.212734 0.028280 0.031604
379719011 -1.054557 4.785520 -0.104786 -0.281117 -0.263491 9.799078 -1.227495 0.026872 0.028680
399704219 -0.857338 6.772600 0.713317 -0.372507 -0.221854 9.797061 -1.268749 0.022625 0.038004
419689479 0.048022 8.519509 1.687899 -0.492599 -0.179167 9.792631 -1.033295 0.018271 0.050261
439674792 -0.256686 10.315189 2.057108 -0.501814 -0.157726 9.792533 -1.065549 0.016084 0.051200
459660104 -0.093022 12.389983 4.104949 -0.393803 -0.166360 9.797328 -1.219138 0.016965 0.040173
479645417 0.355959 14.863904 2.138757 -0.206849 -0.078937 9.804151 -1.154919 0.008049 0.021095
499630729 0.636978 16.942654 -0.810581 -0.302949 0.538154 9.787186 -1.080472 -0.054904 0.030944
519616042 0.889825 14.810563 -1.164030 -0.302949 0.538154 9.787186 -1.291976 -0.054904 0.030944
539601354 0.481099 7.121664 -1.270945 -0.476420 0.865568 9.756751 -1.112657 -0.088378 0.048791
559586667 -3.981872 -1.707302 -4.591450 -0.495404 1.476618 9.682178 -1.024082 -0.151148 0.051122
579571979 -14.484860 -9.965025 -15.929322 -0.495404 1.476618 9.682178 -0.936888 -0.151148 0.051122
599557292 -17.243484 -21.716501 -21.263222 -1.203691 0.637768 9.711578 -0.866437 -0.065080 0.123315
619542604 -3.410151 -36.417698 -4.655974 -1.203691 0.637768 9.711578 -0.672693 -0.065080 0.123315
639527917 6.896528 -36.178497 19.690262 -0.664382 -2.707309 9.402100 -1.142396 0.279701 0.070546
659513229 12.350871 -18.191565 27.074814 0.314836 -3.231599 9.253542 -1.178924 0.335807 -0.034010
679498542 9.613234 -9.773139 12.404218 0.314836 -3.231599 9.253542 -1.514563 0.335807 -0.034010
699483854 3.155415 -6.214243 -0.446147 0.548018 -2.732995 9.402170 -1.558833 0.282428 -0.058220
719469167 -1.346927 -3.799229 -7.475295 0.056532 -1.730403 9.652612 -1.524491 0.177381 -0.005857
739454479 -4.354033 -1.547747 -10.858719 -0.467557 -0.389964 9.787733 -1.146297 0.039776 0.047733
759439792 -4.361048 1.152561 -9.065011 -0.467557 -0.389964 9.787733 -1.157977 0.039776 0.047733
779425104 -2.896140 3.060766 -6.789523 -0.136516 -0.329581 9.800159 -1.126230 0.033614 0.013929
799410417 -1.439210 3.203215 -5.708903 0.261776 -0.407363 9.794688 -1.121339 0.041551 -0.026720
819395729 -0.045232 2.072859 -5.049895 0.427482 -0.477850 9.785668 -1.112439 0.048746 -0.043657
839380990 1.757927 -0.096396 -3.195665 0.326401 -0.564807 9.784930 -1.104931 0.057626 -0.033345
859366198 2.452356 -1.721147 -0.132730 0.095531 -0.696275 9.781435 -1.165849 0.071060 -0.009766
879351406 1.529541 -1.976525 2.483054 -0.153366 -0.830008 9.770259 -1.160099 0.084739 0.015696
899336615 0.538489 -1.476037 2.740447 -0.333112 -0.900582 9.759527 -1.266846 0.091963 0.034119
919321823 0.048644 -1.158313 1.658755 -0.438048 -0.891774 9.756189 -1.230757 0.091061 0.044869
939307031 -0.293716 -0.701607 0.319694 -0.502172 -0.831668 9.758409 -1.173499 0.084908 0.051415
959292240 -0.039499 -0.402543 -0.503191 -0.553363 -0.762527 9.761288 -1.157279 0.077835 0.056629
979277448 0.298445 -0.223574 -0.894797 -0.627288 -0.708421 9.760894 -1.250854 0.072302 0.064177
999262656 0.442229 -0.322831 -1.011142 -0.627288 -0.708421 9.760894 -1.121198 0.072302 0.064177
1019247865 0.117285 -0.023977 -0.391783 -0.666653 -0.749149 9.755241 -1.075518 0.076466 0.068232
1039233073 -0.556970 0.419890 -0.071315 -0.726126 -0.809629 9.746160 -1.129961 0.082653 0.074366
1059218281 -1.377152 0.590502 -0.070305 -0.841967 -0.861541 9.732380 -1.167567 0.087966 0.086297
1079203490 -1.407276 0.990085 0.632626 -1.040824 -0.903498 9.709313 -1.191667 0.092262 0.106791
1099188698 -0.758097 0.331573 1.632674 -1.371545 -0.977597 9.660930 -1.000033 0.099853 0.141026
1119173906 0.095350 -0.463905 1.694305 -1.319932 -1.051924 9.660312 -1.090683 0.107473 0.135794
1139159115 0.313707 -0.816509 1.198833 -1.319932 -1.051924 9.660312 -1.028761 0.107473 0.135794
1159144323 0.390404 -0.509821 1.064861 -1.166369 -1.155258 9.668265 -1.057215 0.118078 0.120059
1179129531 0.361883 -0.291568 0.738325 -0.986044 -1.244537 9.677255 -1.121807 0.127251 0.101542
1199114740 0.256289 -0.288213 0.407065 -0.869367 -1.278317 9.684033 -1.121442 0.130724 0.089533
1219099948 0.068153 -0.117958 -0.107021 -0.851993 -1.245033 9.689911 -1.130273 0.127302 0.087700
1239085156 -0.025595 0.008458 -0.681062 -0.906558 -1.170030 9.694306 -1.101740 0.119595 0.093243
1259070365 -0.470405 0.231453 -0.445256 -1.021647 -1.082928 9.692982 -1.234087 0.110654 0.105013
1279055573 -0.591150 0.228287 -0.048489 -1.021647 -1.082928 9.692982 -1.162750 0.110654 0.105013
1299040781 -0.340368 0.005047 0.008873 -0.985892 -1.086520 9.696281 -1.115777 0.111022 0.101329
1319025990 -0.257865 -0.169815 -0.024489 -0.985892 -1.086520 9.696281 -1.146901 0.111022 0.101329
1339011198 -0.035662 -0.261025 0.099092 -0.969304 -1.057118 9.701203 -1.118602 0.108006 0.099585
1358996406 0.152249 -0.331885 -0.125841 -0.985007 -1.016909 9.703919 -1.144846 0.103883 0.101160
1378981615 0.034832 -0.348464 -0.508426 -1.009500 -0.976055 9.705597 -1.263551 0.099695 0.103640
1398966823 0.092388 -0.178996 -0.727941 -1.009500 -0.976055 9.705597 -1.205635 0.099695 0.103640
1418952031 0.014109 -0.059693 -0.695201 -1.059700 -0.924618 9.705282 -1.117325 0.094425 0.108757
1438937240 -0.079510 -0.065592 -0.638106 -1.059700 -0.924618 9.705282 -1.141142 0.094425 0.108757
1458922448 -0.094767 -0.069342 -0.359302 -1.090748 -0.920145 9.702267 -1.135444 0.093967 0.111952
1478907656 -0.083524 -0.116374 -0.146015 -1.104667 -0.923527 9.700371 -1.080960 0.094313 0.113390
1498892865 -0.195516 -0.210455 0.210061 -1.104667 -0.923527 9.700371 -1.036537 0.094313 0.113390
