0 0.292710 -0.083227 -0.384066 1.058708 0.609173 9.730284 -2.692067 -0.062158 -0.108379
19978802 0.530560 -0.273649 0.005328 1.108650 0.622410 9.723883 -2.721765 -0.063511 -0.113523
39957604 -0.048059 -0.244862 0.253094 1.170151 0.656071 9.714458 -2.645585 -0.066951 -0.119877
59936406 -0.876113 -0.159126 -0.214513 1.203345 0.671166 9.709372 -2.723282 -0.068493 -0.123308
79915208 -0.838398 0.087639 -0.616940 1.146467 0.649654 9.717713 -2.605587 -0.066295 -0.117434
99894011 -0.221096 0.257652 -0.497286 1.146467 0.649654 9.717713 -2.629573 -0.066295 -0.117434
119872813 0.440269 0.409108 0.042566 1.021948 0.599184 9.734834 -2.707489 -0.061138 -0.104595
139851615 0.262534 0.452061 0.651044 0.900959 0.538248 9.750330 -2.695292 -0.054914 -0.092141
159830417 0.097718 0.585520 1.106514 0.704729 0.475885 9.769711 -2.685663 -0.048546 -0.072009
179809219 0.144542 0.917677 0.831700 0.594596 0.483721 9.776649 -2.733806 -0.049346 -0.060743
199788021 -0.079932 1.673134 0.394357 0.594596 0.483721 9.776649 -2.662585 -0.049346 -0.060743
219766823 0.142025 3.052000 0.740043 0.531076 0.480307 9.780473 -2.656044 -0.048997 -0.054246
239745625 0.265399 5.731520 2.747409 0.702821 0.478892 9.769703 -2.726445 -0.048853 -0.071815
259724427 -0.213015 8.852203 4.554111 0.935463 0.591054 9.744022 -2.691530 -0.060307 -0.095710
279703229 0.011032 10.851130 4.509524 1.178125 0.774998 9.704730 -2.651129 -0.079110 -0.120806
299682031 -0.006931 12.236574 2.966401 1.236544 0.968321 9.680067 -2.671055 -0.098902 -0.127053
319660833 0.048279 12.470041 -1.256955 1.033477 0.988721 9.701791 -2.584736 -0.100993 -0.106124
339639636 -0.796416 12.622420 -1.111319 0.848732 0.894164 9.728849 -2.667373 -0.091306 -0.087018
359618438 -2.425100 13.329647 3.836658 0.889284 0.946195 9.720303 -2.655831 -0.096635 -0.091233
379597240 -4.578811 13.660013 3.404826 1.056196 1.162924 9.680002 -2.643318 -0.118865 -0.108681
399576042 -1.313520 8.598225 -4.833763 1.055585 1.329596 9.658587 -2.677892 -0.136000 -0.108858
419554844 10.305080 0.049551 -8.534924 1.135425 1.527297 9.620216 -2.740627 -0.156377 -0.117481
439533646 21.867949 -16.568872 -3.909515 1.135425 1.527297 9.620216 -2.757305 -0.156377 -0.117481
459512448 24.785765 -37.912380 -15.835226 2.095760 1.536361 9.456097 -2.559023 -0.157313 -0.218105
479491250 -1.564576 -41.364475 -28.435116 0.509682 -0.305055 9.788645 -2.723366 0.031112 -0.052022
499470052 -35.310966 -18.384857 14.482780 0.509682 -0.305055 9.788645 -2.240392 0.031112 -0.052022
519448854 -33.578907 -10.733674 62.745003 -0.824981 -1.724441 9.618528 -2.698318 0.176763 0.085561
539427656 -9.063783 -19.382328 25.674232 -0.519235 -0.706960 9.767343 -2.850708 0.072152 0.053110
559406458 2.231562 -10.739761 -23.867237 0.126725 1.114911 9.742244 -2.741729 -0.113936 -0.013007
579385261 13.086593 -5.402032 -23.480988 -0.242662 2.265024 9.538405 -2.683945 -0.233073 0.025435
599364063 12.224726 2.867711 -10.126760 -0.311227 2.480898 9.482545 -2.708425 -0.255760 0.032809
619342865 6.343863 3.589772 -13.662212 -0.311227 2.480898 9.482545 -2.624393 -0.255760 0.032809
639321667 0.403746 0.887537 -12.217693 -0.342500 1.773677 9.638836 -2.659767 -0.181866 0.035518
659300469 -1.916972 -1.974429 0.056935 -0.342500 1.773677 9.638836 -2.638929 -0.181866 0.035518
679279271 -4.404979 -2.504387 5.557514 0.076805 1.189959 9.733884 -2.619195 -0.121642 -0.007890
699258073 -3.316900 -1.201937 2.704192 0.076805 1.189959 9.733884 -2.689326 -0.121642 -0.007890
719236875 0.048746 0.033672 0.713732 0.384631 1.126519 9.734136 -2.654685 -0.115127 -0.039493
739215677 2.260703 0.268608 -0.951841 0.764455 1.093076 9.715513 -2.722172 -0.111695 -0.078522
759194479 2.038317 0.367030 -2.827724 0.825409 0.990569 9.721516 -2.644986 -0.101182 -0.084702
779173281 1.094027 0.117654 -2.162051 0.825409 0.990569 9.721516 -2.577544 -0.101182 -0.084702
799152083 0.344365 -0.077041 0.157770 0.860573 0.846925 9.732036 -2.662382 -0.086470 -0.088197
819130886 -0.739599 0.013744 1.135151 0.940075 0.719496 9.734935 -2.563609 -0.073434 -0.096269
839109688 -1.162130 -0.075853 1.283513 1.225869 0.543782 9.714521 -2.687911 -0.055479 -0.125526
859088490 -0.199597 -0.629798 1.523931 1.225869 0.543782 9.714521 -2.677023 -0.055479 -0.125526
879067292 0.637592 -0.623992 1.840126 1.374880 0.502984 9.696757 -2.625544 -0.051313 -0.140849
899046094 1.321030 0.032779 0.822711 1.403689 0.511111 9.692204 -2.615073 -0.052142 -0.143827
919024896 1.776180 0.587882 0.229709 1.303197 0.539838 9.704672 -2.676344 -0.055076 -0.133487
939003698 1.151108 0.538922 -0.105124 1.238023 0.536061 9.713409 -2.644286 -0.054690 -0.126772
958982500 0.616769 0.198320 0.263627 1.172983 0.536412 9.721459 -2.644465 -0.054726 -0.120079
978961302 0.260912 0.346437 0.648894 1.172983 0.536412 9.721459 -2.666489 -0.054726 -0.120079
998940104 0.250931 0.280113 0.719123 1.173897 0.546245 9.720801 -2.679179 -0.055730 -0.120179
1018918906 0.060754 0.009104 0.285102 1.221926 0.564516 9.713836 -2.675239 -0.057596 -0.125135
1038897708 -0.058243 -0.367119 0.218934 1.277973 0.581581 9.705614 -2.676551 -0.059340 -0.130920
1058876511 0.171412 -0.312672 -0.072171 1.306275 0.640022 9.698164 -2.656638 -0.065311 -0.133887
1078855313 0.050878 0.120901 -0.738343 1.306275 0.640022 9.698164 -2.669699 -0.065311 -0.133887
1098834115 -0.199562 0.403957 -1.116512 1.269044 0.657100 9.701965 -2.619935 -0.067056 -0.130064
1118812917 -0.447276 0.506780 -1.076476 1.366673 0.611894 9.691655 -2.663842 -0.062436 -0.140092
1138791719 -0.116018 0.339518 -0.713065 1.366673 0.611894 9.691655 -2.631956 -0.062436 -0.140092
1158770521 0.222879 0.048645 -0.369836 1.541411 0.528514 9.670321 -2.630495 -0.053920 -0.158066
1178749323 0.673237 0.049476 0.206955 1.541155 0.503509 9.671696 -2.619300 -0.051366 -0.158018
1198728125 0.957632 0.238290 0.586329 1.541155 0.503509 9.671696 -2.653667 -0.051366 -0.158018
1218706875 1.027830 0.291737 0.024485 1.535530 0.510168 9.672241 -2.634170 -0.052046 -0.157442
1238685625 0.715883 0.180452 -0.629042 1.478680 0.501768 9.681536 -2.646964 -0.051188 -0.151561
1258664375 0.735718 0.048853 -0.400096 1.478680 0.501768 9.681536 -2.647477 -0.051188 -0.151561
1278643125 0.443215 0.042475 -0.325874 1.396346 0.504097 9.693631 -2.669234 -0.051426 -0.143064
1298621875 0.173041 0.091181 -0.751540 1.329351 0.520212 9.702195 -2.637552 -0.053072 -0.136168
1318600625 -0.121658 0.137648 -1.021883 1.302820 0.534059 9.705041 -2.663692 -0.054486 -0.133444
1338579375 -0.346163 0.137222 -0.869168 1.320435 0.535792 9.702566 -2.696509 -0.054663 -0.135260
1358558125 -0.308426 0.111140 -0.534895 1.392728 0.521999 9.693204 -2.686637 -0.053254 -0.142704
1378536875 0.054534 0.182376 -0.230229 1.588065 0.457427 9.666395 -2.631970 -0.046662 -0.162833
1398515625 0.271459 0.216127 -0.002928 1.615634 0.408945 9.663999 -2.653082 -0.041713 -0.165649
1418494375 0.145815 0.178531 0.595391 1.615634 0.408945 9.663999 -2.644235 -0.041713 -0.165649
1438473125 -0.274367 0.106995 1.114801 1.599429 0.359313 9.668667 -2.571952 -0.036648 -0.163939
1458451875 -0.552842 0.026001 0.850343 1.584956 0.368358 9.670709 -2.634491 -0.037571 -0.162448
1478430625 -0.482494 -0.031599 0.495327 1.590964 0.382844 9.669160 -2.571953 -0.039049 -0.163079
1498409375 -0.197494 -0.132441 0.266198 1.590964 0.382844 9.669160 -2.592639 -0.039049 -0.163079
