0 0.104837 0.422376 0.011357 0.292398 0.592051 9.784393 -2.731879 -0.060409 -0.029875
19978750 0.007878 0.928208 -0.507613 0.279514 0.633681 9.782163 -2.690096 -0.064663 -0.028566
39957500 0.236039 1.508580 -0.407928 0.279514 0.633681 9.782163 -2.722468 -0.064663 -0.028566
59936250 0.334683 1.970622 -0.162987 0.288460 0.684775 9.778459 -2.734781 -0.069885 -0.029491
79915000 0.068481 2.069605 0.192754 0.354018 0.695972 9.775514 -2.757823 -0.071029 -0.036199
99893750 -0.253276 2.204615 0.627544 0.461022 0.738338 9.767942 -2.726260 -0.075361 -0.047162
119872500 -0.001415 2.629197 0.787687 0.588514 0.802613 9.756017 -2.656068 -0.081935 -0.060250
139851250 0.241550 3.801585 0.868359 0.588514 0.802613 9.756017 -2.665115 -0.081935 -0.060250
159830000 0.298765 5.421519 1.471214 0.729593 0.866304 9.741028 -2.741900 -0.088454 -0.074759
179808750 0.116911 7.601681 2.982305 0.883513 0.932366 9.722165 -2.727146 -0.095219 -0.090627
199787500 0.103164 10.223606 3.312345 1.006794 1.065108 9.696510 -2.724259 -0.108825 -0.103460
219766250 1.681521 11.797684 0.807804 0.979776 1.272706 9.674225 -2.727608 -0.130147 -0.100933
239745000 3.464881 12.079386 -2.934767 0.760427 1.445850 9.669626 -2.585742 -0.147975 -0.078479
259723750 2.957914 10.639725 -5.006445 0.317773 1.308249 9.713799 -2.607605 -0.133803 -0.032702
279702500 -0.195547 7.819880 -5.401244 0.184584 1.005650 9.753204 -2.700907 -0.102728 -0.018923
299681250 -2.285512 3.514221 -5.365551 0.079872 0.620283 9.786688 -2.668495 -0.063294 -0.008161
319660000 -0.426705 -1.325977 -2.152821 0.079872 0.620283 9.786688 -2.649765 -0.063294 -0.008161
339638750 7.034735 -8.233006 -2.354359 0.225199 0.419129 9.795101 -2.693386 -0.042752 -0.022987
359617552 16.187473 -17.086571 -7.514179 0.717582 0.388994 9.772623 -2.671477 -0.039677 -0.073296
379596354 12.835742 -26.539625 -9.755993 1.659708 0.210212 9.662897 -2.639598 -0.021437 -0.170101
399575157 -0.468651 -26.681017 -7.103957 3.137666 -1.375944 9.188701 -2.438525 0.140772 -0.329056
419553959 -10.043756 -12.024370 7.913350 3.137666 -1.375944 9.188701 -2.438525 0.140772 -0.329056
439532761 -19.324982 -4.401510 38.279163 3.135452 -2.036138 9.066061 -2.420584 0.209150 -0.332969
459511563 -2.215996 -9.059493 30.894241 3.135452 -2.036138 9.066061 -2.420584 0.209150 -0.332969
479490365 7.448780 -5.946461 -12.083538 2.928223 -0.741150 9.329877 -2.555648 0.075648 -0.304118
499469167 4.111582 -3.445241 -20.443680 2.637972 0.061810 9.444981 -2.527954 -0.006303 -0.272358
519447969 3.105514 0.670588 -12.136868 2.130654 0.339604 9.566366 -2.514735 -0.034637 -0.219147
539426771 0.624138 1.236572 -7.744128 1.972084 0.288681 9.601976 -2.573353 -0.029442 -0.202566
559405573 -2.269573 -0.598416 -3.164713 1.995058 0.095665 9.601092 -2.523688 -0.009755 -0.204879
579384375 -2.028036 -1.719033 3.547687 1.995058 0.095665 9.601092 -2.523688 -0.009755 -0.204879
599363177 -0.570054 -1.564744 4.505377 2.022578 0.180643 9.594109 -2.579627 -0.018421 -0.207772
619341979 0.280194 -0.567984 0.131303 2.022578 0.180643 9.594109 -2.579627 -0.018421 -0.207772
639320782 1.733033 0.394940 -2.510183 1.847408 0.349575 9.624722 -2.580562 -0.035654 -0.189638
659299584 2.095196 0.403414 -2.323568 1.847408 0.349575 9.624722 -2.580562 -0.035654 -0.189638
679278386 1.302370 0.352771 -2.223103 1.695795 0.310621 9.653920 -2.615536 -0.031680 -0.173885
699257188 0.445374 -0.068448 -0.938643 1.695795 0.310621 9.653920 -2.615536 -0.031680 -0.173885
719235990 0.062105 -0.135881 0.593752 1.589012 0.209062 9.674798 -2.555271 -0.021320 -0.162789
739214792 0.031337 -0.213300 1.065284 1.589012 0.209062 9.674798 -2.602885 -0.021320 -0.162789
759193594 -0.218177 -0.306848 0.116182 1.547008 0.183249 9.682126 -2.509722 -0.018687 -0.158440
779172396 0.180436 -0.460738 -0.004871 1.547008 0.183249 9.682126 -2.572526 -0.018687 -0.158440
799151198 0.798492 -0.232681 0.366135 1.410303 0.180880 9.703026 -2.551817 -0.018446 -0.144336
819130000 0.696304 0.085313 -0.042999 1.329699 0.183901 9.714344 -2.564066 -0.018754 -0.136035
839108802 0.388556 0.213725 -0.466243 1.329699 0.183901 9.714344 -2.519749 -0.018754 -0.136035
859087604 0.206211 0.237826 0.112000 1.268277 0.165557 9.722882 -2.530582 -0.016883 -0.129710
879066407 0.141973 0.269239 0.446292 1.308801 0.162667 9.717560 -2.590727 -0.016588 -0.133878
899045209 0.368512 -0.006094 0.081892 1.345992 0.169756 9.712357 -2.547954 -0.017311 -0.137708
919024011 0.603879 -0.076014 -0.322336 1.360039 0.162983 9.710516 -2.524148 -0.016620 -0.139153
939002813 0.735442 -0.144748 -0.283603 1.357940 0.150174 9.711016 -2.615761 -0.015314 -0.138934
958981615 0.403945 -0.123485 -0.061099 1.339541 0.138392 9.713746 -2.528049 -0.014113 -0.137037
978960417 0.171938 -0.075171 -0.188731 1.339541 0.138392 9.713746 -2.528049 -0.014113 -0.137037
998939219 -0.052868 -0.176623 -0.110827 1.283421 0.095350 9.721838 -2.574070 -0.009723 -0.131255
1018917969 -0.043301 -0.082475 0.271637 1.288094 0.082523 9.721337 -2.526394 -0.008415 -0.131734
1038896719 0.049567 -0.064941 0.303055 1.319861 0.079322 9.717101 -2.572003 -0.008089 -0.135002
1058875469 -0.059396 -0.160277 -0.030396 1.333145 0.069171 9.715366 -2.570856 -0.007054 -0.136369
1078854219 -0.067772 -0.403493 -0.024123 1.307791 0.058375 9.718882 -2.499401 -0.005953 -0.133758
1098832969 -0.009596 -0.479176 0.271254 1.307791 0.058375 9.718882 -2.499401 -0.005953 -0.133758
1118811719 0.132840 -0.395190 -0.005891 1.235743 0.083816 9.728119 -2.486754 -0.008547 -0.126351
1138790469 -0.251574 -0.139803 -0.787989 1.193906 0.077538 9.733395 -2.487153 -0.007907 -0.122051
1158769219 -0.411361 -0.131144 -0.783048 1.162268 0.049487 9.737406 -2.495160 -0.005046 -0.118799
1178747969 -0.385272 -0.167993 -0.199370 1.145749 0.023818 9.739460 -2.547768 -0.002429 -0.117102
1198726719 -0.539589 -0.073965 -0.164793 1.103365 -0.008230 9.744378 -2.530596 0.000839 -0.112751
1218705469 -0.333551 0.050621 -0.240695 1.006740 -0.056630 9.754674 -2.535736 0.005775 -0.102842
1238684219 0.065539 0.135567 0.387864 0.884162 -0.094009 9.766258 -2.560203 0.009586 -0.090286
1258662969 0.578321 0.118191 1.160796 0.884162 -0.094009 9.766258 -2.563720 0.009586 -0.090286
1278641719 0.188150 0.111023 0.844203 0.798223 -0.049830 9.773983 -2.589456 0.005081 -0.081487
1298620469 -0.706400 0.040224 -0.122354 0.859745 -0.026749 9.768853 -2.578337 0.002728 -0.087783
1318599219 -0.496709 -0.013910 -0.171154 0.943117 -0.010808 9.761189 -2.563503 0.001102 -0.096320
1338577969 0.198552 -0.122901 0.322458 0.943117 -0.010808 9.761189 -2.536193 0.001102 -0.096320
1358556719 0.691801 -0.207864 0.423205 1.010019 0.012141 9.754491 -2.596374 -0.001238 -0.103176
1378535469 0.876136 -0.168613 0.413922 1.012255 0.087189 9.753878 -2.551720 -0.008891 -0.103410
1398514219 0.592062 -0.228344 0.029277 0.950851 0.123246 9.759665 -2.521106 -0.012568 -0.097120
1418492969 -0.087380 -0.321284 -0.202125 0.867972 0.149335 9.767021 -2.530825 -0.015229 -0.088635
1438471719 -0.417551 -0.541940 0.061689 0.809601 0.183415 9.771453 -2.534159 -0.018704 -0.082665
1458450469 -0.473708 -0.639885 0.221339 0.764724 0.238663 9.773874 -2.509311 -0.024339 -0.078083
1478429219 0.046446 -0.603474 -0.575534 0.764724 0.238663 9.773874 -2.509311 -0.024339 -0.078083
