0 0.448512 0.729644 0.915549 0.672956 1.332767 9.692329 -2.746357 -0.136326 -0.069321
19978854 0.175799 0.577138 -0.486734 0.699323 1.412340 9.679186 -2.669446 -0.144521 -0.072125
39957708 0.384343 0.631691 -0.815620 0.798210 1.444245 9.666820 -2.706782 -0.147810 -0.082385
59936562 0.460790 0.698984 -0.219770 0.832264 1.434420 9.665410 -2.727597 -0.146797 -0.085896
79915416 -0.149416 0.954423 0.284517 0.832264 1.434420 9.665410 -2.727597 -0.146797 -0.085896
99894270 -0.729025 1.299053 -0.037964 0.857864 1.466644 9.658335 -2.783404 -0.150119 -0.088589
119873125 -0.616309 1.957940 -0.406660 0.884368 1.478708 9.654102 -2.719441 -0.151364 -0.091350
139851979 0.160189 2.858980 -0.665848 0.884368 1.478708 9.654102 -2.746143 -0.151364 -0.091350
159830833 0.691302 4.105771 -0.827265 0.966969 1.453333 9.650035 -2.738569 -0.148747 -0.099870
179809687 1.492611 5.188166 -1.275473 1.038389 1.405657 9.649677 -2.666973 -0.143833 -0.107196
199788541 1.367234 5.820803 -0.312679 1.251355 1.351820 9.632086 -2.677934 -0.138288 -0.129192
219767395 1.097475 6.675863 1.353070 1.560008 1.309286 9.592837 -2.693033 -0.133910 -0.161211
239746250 0.001587 7.738391 2.844853 1.743477 1.298176 9.562710 -2.659075 -0.132767 -0.180340
259725104 -2.119143 8.906088 2.921057 1.647255 1.268223 9.583765 -2.740573 -0.129686 -0.170217
279703958 -3.314859 10.929758 2.811681 1.368794 1.192048 9.637210 -2.715472 -0.121856 -0.141089
299682812 -0.458957 12.047850 3.606515 1.368794 1.192048 9.637210 -2.629916 -0.121856 -0.141089
319661666 3.727591 10.427039 3.445634 1.149586 1.149000 9.671021 -2.694105 -0.117435 -0.118314
339640520 4.814239 7.362532 1.575224 1.446414 1.443954 9.591312 -2.608997 -0.147780 -0.149677
359619375 6.014693 -0.038742 -3.598082 1.574385 1.659735 9.536089 -2.605777 -0.170064 -0.163622
379598229 9.717811 -10.951514 -12.740264 1.460076 1.410227 9.594260 -2.601784 -0.144303 -0.151023
399577083 8.481338 -19.085171 -7.482319 1.460076 1.410227 9.594260 -2.514985 -0.144303 -0.151023
419555937 1.268244 -20.994858 3.814055 1.447232 0.918104 9.655724 -2.486804 -0.093758 -0.148776
439534791 -6.187973 -18.379202 2.731540 1.587785 0.669489 9.654072 -2.498477 -0.068322 -0.163009
459513645 -7.171132 -10.800258 2.550701 2.133255 0.342452 9.565686 -2.490161 -0.034927 -0.219421
479492500 -3.464564 -5.173695 4.309419 2.299650 0.479256 9.521151 -2.476056 -0.048890 -0.236992
499471354 -1.410593 -3.973230 2.347098 2.390331 0.792981 9.477757 -2.564987 -0.080950 -0.247052
519450208 1.156086 -2.760870 -3.624778 2.390331 0.792981 9.477757 -2.564987 -0.080950 -0.247052
539429062 3.202837 -1.999048 -7.543677 2.400734 1.058682 9.449129 -2.514935 -0.108166 -0.248805
559407916 1.561935 -0.918763 -6.166362 2.359800 1.115389 9.452917 -2.514367 -0.113985 -0.244637
579386770 0.164119 -1.543853 -2.231012 2.230271 0.901866 9.506992 -2.522509 -0.092095 -0.230426
599365625 -0.495287 -1.825646 -0.322852 2.230271 0.901866 9.506992 -2.522509 -0.092095 -0.230426
619344479 -0.335758 -0.869136 -1.437050 2.248922 0.772692 9.513974 -2.482644 -0.078874 -0.232120
639323333 -0.151240 -0.176615 -1.949122 2.297253 0.625121 9.513267 -2.515337 -0.063788 -0.236943
659302187 0.123638 -0.288070 -0.292888 2.383179 0.461352 9.501473 -2.533655 -0.047062 -0.245752
679281041 0.357523 -0.840427 1.803518 2.464323 0.365287 9.484940 -2.531850 -0.037258 -0.254194
699259895 0.446971 -1.003091 1.983492 2.497304 0.340441 9.477234 -2.473128 -0.034722 -0.257649
719238750 0.204702 -0.485284 0.620531 2.504078 0.310866 9.476462 -2.582885 -0.031705 -0.258337
739217604 0.394498 -0.086539 0.035488 2.504078 0.310866 9.476462 -2.501576 -0.031705 -0.258337
759196458 0.162395 -0.064835 0.864664 2.510614 0.256436 9.476363 -2.510223 -0.026152 -0.258984
779175312 0.209768 -0.231316 1.603627 2.602049 0.199096 9.453047 -2.531911 -0.020304 -0.268608
799154166 1.263716 -0.228154 1.358647 2.609575 0.219912 9.450511 -2.528200 -0.022427 -0.269417
819133020 1.385014 -0.084282 0.793223 2.609575 0.219912 9.450511 -2.500221 -0.022427 -0.269417
839111875 0.880560 0.041617 0.534013 2.592018 0.243801 9.454755 -2.534171 -0.024863 -0.267576
859090729 1.113958 0.173142 0.498535 2.481719 0.269051 9.483622 -2.516521 -0.027439 -0.255945
879069583 1.538425 0.202186 0.609394 2.405196 0.302398 9.502314 -2.489865 -0.030841 -0.247910
899048437 1.344432 0.142034 0.307867 2.315130 0.348401 9.523087 -2.486003 -0.035534 -0.238481
919027291 0.600091 0.279079 -0.182237 2.315130 0.348401 9.523087 -2.486003 -0.035534 -0.238481
939006145 -0.027371 0.103545 -0.407017 2.244855 0.445154 9.535872 -2.505848 -0.045409 -0.231202
958985000 -0.083157 -0.087030 -0.824325 2.302024 0.468410 9.521116 -2.491372 -0.047783 -0.237228
978963854 0.194130 0.063766 -0.963431 2.302024 0.468410 9.521116 -2.574165 -0.047783 -0.237228
998942708 0.563146 0.294354 -0.604365 2.371709 0.470638 9.503887 -2.564147 -0.048010 -0.244556
1018921562 0.800317 0.082491 -0.235129 2.371709 0.470638 9.503887 -2.544770 -0.048010 -0.244556
1038900416 0.647886 0.088014 -0.648096 2.373827 0.495252 9.502109 -2.559159 -0.050523 -0.244810
1058879270 0.064444 0.171239 -1.087430 2.345020 0.469546 9.510563 -2.471088 -0.047899 -0.241748
1078858125 -0.482627 0.030606 -0.400052 2.351375 0.432691 9.510741 -2.570493 -0.044137 -0.242373
1098836979 -0.792646 -0.266308 0.473148 2.383508 0.418002 9.503397 -2.558244 -0.042637 -0.245737
1118815833 -0.526066 -0.444927 0.478423 2.389683 0.428968 9.501357 -2.485251 -0.043757 -0.246399
1138794687 -0.171170 -0.158180 0.192494 2.389683 0.428968 9.501357 -2.531275 -0.043757 -0.246399
1158773541 -0.156976 -0.108451 -0.023533 2.365235 0.485847 9.504737 -2.529118 -0.049563 -0.243894
1178752395 0.102233 0.105668 -0.421608 2.365235 0.485847 9.504737 -2.540168 -0.049563 -0.243894
1198731250 0.459460 0.334892 -0.712257 2.370030 0.511607 9.502190 -2.557324 -0.052193 -0.244432
1218710104 0.399663 0.371680 -0.440492 2.390052 0.523816 9.496508 -2.578919 -0.053440 -0.246556
1238688958 0.556772 0.158769 -0.158873 2.366881 0.521110 9.502458 -2.606359 -0.053164 -0.244113
1258667812 0.768387 0.124953 -0.001675 2.366881 0.521110 9.502458 -2.582382 -0.053164 -0.244113
1278646666 0.781743 0.004007 0.135711 2.307787 0.521342 9.516970 -2.469362 -0.053187 -0.237900
1298625520 0.749898 -0.308164 -0.160726 2.245569 0.527278 9.531515 -2.477445 -0.053793 -0.231375
1318604375 0.362748 -0.729207 -0.362137 2.059495 0.474356 9.576213 -2.468325 -0.048390 -0.211837
1338583229 -0.904242 -1.037146 0.607710 2.059495 0.474356 9.576213 -2.503875 -0.048390 -0.211837
1358562083 -1.580363 -1.733387 1.351861 1.950066 0.427234 9.601307 -2.573018 -0.043580 -0.200379
1378540937 -0.855398 -2.782670 1.068758 1.889402 0.370499 9.615783 -2.507549 -0.037789 -0.194018
1398519791 -0.112967 -2.930829 0.526460 1.889402 0.370499 9.615783 -2.563276 -0.037789 -0.194018
1418498645 -0.366924 -1.897067 -0.136292 1.725221 0.366376 9.646749 -2.548811 -0.037369 -0.176969
1438477500 -0.042182 -2.065574 0.571468 1.638906 0.405761 9.660214 -2.583312 -0.041388 -0.168055
1458456354 0.659086 -3.027524 0.743808 1.607547 0.486665 9.661745 -2.544694 -0.049646 -0.164872
1478435208 1.410469 -3.213609 -0.757032 1.607547 0.486665 9.661745 -2.565387 -0.049646 -0.164872
1498414062 1.602850 -3.068482 -1.318781 1.521996 0.563365 9.671429 -2.624334 -0.057479 -0.156090
