0 -0.175915 -0.121287 -0.075982 -0.475556 0.720496 9.768578 -2.030327 -0.073536 0.048644
19982500 -0.039804 -0.254960 -0.666381 -0.492310 0.712974 9.768300 -2.089052 -0.072767 0.050356
39965000 -0.183778 -0.229863 -0.414569 -0.492310 0.712974 9.768300 -2.010484 -0.072767 0.050356
59947500 -0.247859 -0.099820 0.672125 -0.509624 0.640501 9.772431 -2.079737 -0.065359 0.052102
79930000 -0.153880 -0.201075 0.748579 -0.492976 0.633615 9.773736 -2.022717 -0.064656 0.050396
99912500 0.031885 -0.265451 0.282292 -0.482088 0.638084 9.773988 -2.073610 -0.065112 0.049284
119895000 0.070262 -0.128119 0.011361 -0.474847 0.639713 9.774235 -2.062314 -0.065279 0.048543
139877500 -0.024377 0.069693 0.012630 -0.474847 0.639713 9.774235 -2.048126 -0.065279 0.048543
159859948 -0.062275 0.214299 0.065819 -0.461457 0.633444 9.775286 -2.011449 -0.064638 0.047171
179842344 0.008082 0.209947 0.111406 -0.439999 0.625236 9.776802 -2.049216 -0.063800 0.044974
199824740 0.170424 0.243494 0.049368 -0.372257 0.612570 9.780418 -2.060475 -0.062505 0.038043
219807135 0.162651 0.589139 -0.147055 -0.308497 0.599749 9.783431 -2.089453 -0.061196 0.031522
239789531 -0.015628 0.831267 -0.598797 -0.308497 0.599749 9.783431 -2.044667 -0.061196 0.031522
259771927 0.286385 0.672685 0.218683 -0.237214 0.507779 9.790623 -2.075188 -0.051802 0.024224
279754323 0.639813 0.373992 1.356509 -0.243215 0.496953 9.791031 -2.031717 -0.050697 0.024835
299736719 0.633584 0.098687 1.578108 -0.243215 0.496953 9.791031 -2.067400 -0.050697 0.024835
319719115 0.237365 0.180872 1.066276 -0.247727 0.597225 9.785313 -1.945361 -0.060938 0.025311
339701510 -0.678798 0.782651 0.359176 -0.265968 0.654774 9.781152 -2.017608 -0.066818 0.027185
359683906 -1.229905 1.694746 0.289702 -0.265968 0.654774 9.781152 -2.077533 -0.066818 0.027185
379666302 -1.397463 2.335270 0.102801 -0.260910 0.689158 9.778925 -2.073378 -0.070332 0.026675
399648698 -2.337517 3.874096 0.240396 -0.224634 0.688109 9.779900 -2.035532 -0.070225 0.022965
419631094 -1.824438 5.586333 1.897892 -0.170216 0.653050 9.783401 -2.061754 -0.066642 0.017397
439613490 0.313067 6.088314 2.371084 -0.320814 0.834198 9.765837 -1.948511 -0.085167 0.032839
459595885 1.763799 7.458040 4.048758 -0.320814 0.834198 9.765837 -2.067776 -0.085167 0.032839
479578281 2.292299 10.942652 3.665118 -0.651622 1.478173 9.672683 -1.969337 -0.151308 0.067266
499560781 2.590307 14.521660 0.224537 -0.663705 1.814586 9.614426 -1.990838 -0.186109 0.068923
519543281 -0.469978 20.150097 -2.237968 -0.565831 2.024883 9.578626 -2.017687 -0.207977 0.059004
539525781 -3.041350 23.339361 -0.962860 -0.565831 2.024883 9.578626 -2.078839 -0.207977 0.059004
559508281 -2.661805 20.222631 -2.308277 -0.281104 2.168107 9.559848 -2.085193 -0.222927 0.029396
579490781 -7.557587 10.877401 -12.072630 0.167716 2.282924 9.535750 -2.102066 -0.234949 -0.017586
599473281 -5.344885 -8.873526 -11.380428 0.615091 1.662351 9.645135 -2.180988 -0.170335 -0.063686
619455781 0.685466 -29.685801 -7.847178 0.315968 1.127345 9.736511 -2.228501 -0.115212 -0.032440
639438281 2.759775 -44.847412 -12.180742 0.315968 1.127345 9.736511 -2.193492 -0.115212 -0.032440
659420781 5.648876 -38.352188 4.140760 -0.130173 0.062277 9.805589 -2.215928 -0.006351 0.013275
679403281 -2.881862 -14.790778 21.129414 -1.035843 -0.942700 9.706118 -2.279021 0.096277 0.106318
699385781 -10.982305 -1.287826 14.508685 -2.003033 -1.100037 9.536674 -2.398863 0.112409 0.207026
719368281 -11.798418 1.618327 7.988267 -2.357698 -0.454179 9.508174 -2.363615 0.046330 0.243063
739350781 -5.287772 -1.926350 -1.718001 -2.357698 -0.454179 9.508174 -2.436062 0.046330 0.243063
759333281 1.549358 -5.507823 -9.785228 -1.960661 0.009239 9.608648 -2.450439 -0.000942 0.201288
779315781 3.369471 -4.454178 -10.429906 -1.373157 0.524901 9.695840 -2.362314 -0.053551 0.140688
799298281 2.041341 -1.663568 -6.479496 -1.314146 0.659681 9.695785 -2.388068 -0.067320 0.134717
819280781 0.530521 -0.611735 -4.764163 -1.289114 0.709525 9.695624 -2.310757 -0.072415 0.132183
839263281 -0.374382 0.479030 -2.504454 -1.271918 0.719269 9.697179 -2.302185 -0.073411 0.130419
859245781 -0.448788 0.996796 -1.812973 -1.306828 0.729244 9.691790 -2.274776 -0.074431 0.134030
879228281 -0.320916 0.847288 -1.070091 -1.306828 0.729244 9.691790 -2.352587 -0.074431 0.134030
899210781 -0.169935 0.459227 0.049738 -1.398187 0.715997 9.680021 -2.344923 -0.073076 0.143448
919193281 -0.670883 0.257739 0.254361 -1.373362 0.704000 9.684454 -2.273461 -0.071850 0.140872
939175781 -0.825187 0.434944 -0.188866 -1.321429 0.699224 9.692022 -2.300641 -0.071362 0.135506
959158281 -0.688016 0.406320 -0.723719 -1.321429 0.699224 9.692022 -2.359311 -0.071362 0.135506
979140781 -0.492090 0.377582 -0.847959 -1.237493 0.651018 9.706450 -2.354134 -0.066434 0.126808
999123281 -0.312057 0.007599 -1.287790 -1.250813 0.618512 9.706868 -2.325590 -0.063113 0.128152
1019105781 -0.009641 -0.338285 -0.899549 -1.278740 0.566272 9.706418 -2.331925 -0.057776 0.130987
1039088281 0.544553 -0.404599 -0.240529 -1.308989 0.512107 9.705395 -2.324781 -0.052244 0.134063
1059070781 0.459980 -0.573836 0.432699 -1.308989 0.512107 9.705395 -2.372248 -0.052244 0.134063
1079053281 0.097611 -0.415005 0.507161 -1.349345 0.486854 9.701166 -2.389571 -0.049666 0.138204
1099035781 -0.018142 -0.195797 0.274967 -1.399395 0.493286 9.693748 -2.386492 -0.050322 0.143370
1119018281 -0.120198 -0.034325 -0.203811 -1.448125 0.512914 9.685569 -2.347218 -0.052327 0.148414
1139000781 -0.519915 0.308515 -0.757545 -1.463539 0.490917 9.684392 -2.356212 -0.050081 0.149989
1158983281 -0.942403 0.417984 -0.471396 -1.463539 0.490917 9.684392 -2.368475 -0.050081 0.149989
1178965781 -0.730737 0.185402 0.289407 -1.492614 0.409194 9.683752 -2.303691 -0.041738 0.152932
1198948281 -0.174914 0.077728 0.296857 -1.465700 0.377404 9.689153 -2.353483 -0.038494 0.150134
1218930781 -0.121637 0.054342 -0.143641 -1.437209 0.352543 9.694355 -2.328947 -0.035957 0.147180
1238913281 -0.749300 0.310329 -0.448009 -1.432540 0.321332 9.696132 -2.404468 -0.032773 0.146682
1258895781 -1.544175 0.961932 -0.020969 -1.469257 0.282365 9.691849 -2.371083 -0.028797 0.150452
1278878281 -0.551303 0.118047 1.540295 -1.469257 0.282365 9.691849 -2.397935 -0.028797 0.150452
1298860729 0.788053 -0.980617 2.884648 -1.498947 0.283973 9.687255 -2.355507 -0.028961 0.153516
1318843125 1.034217 -1.398589 1.464945 -1.400445 0.357677 9.699546 -2.395927 -0.036481 0.143392
1338825521 0.572468 -0.823022 -0.952094 -1.312064 0.412991 9.709702 -2.373637 -0.042126 0.134316
1358807917 0.075672 0.163928 -1.711098 -1.312064 0.412991 9.709702 -2.384470 -0.042126 0.134316
1378790312 -0.027457 0.550613 -1.232346 -1.276534 0.410143 9.714558 -2.324579 -0.041835 0.130656
1398772708 -0.339686 0.364751 -0.455702 -1.319692 0.411656 9.708725 -2.365532 -0.041990 0.135100
1418755104 -0.436840 0.584263 -0.458734 -1.338031 0.407760 9.706379 -2.323649 -0.041592 0.136987
1438737500 -0.296367 0.948381 -1.123890 -1.367050 0.378801 9.703508 -2.418064 -0.038637 0.139961
1458719896 -0.110974 0.725691 -1.037290 -1.367050 0.378801 9.703508 -2.330652 -0.038637 0.139961
1478702292 0.227542 -0.101264 -0.267633 -1.478160 0.339987 9.688644 -2.336916 -0.034676 0.151399
1498684687 0.498259 -0.436191 0.595016 -1.870394 0.325440 9.621128 -2.402520 -0.033192 0.192010
