0 -0.126287 0.012994 -0.234764 0.099621 1.275628 9.722820 -1.144841 -0.130447 -0.010246
19978333 -0.253339 -0.137479 -0.059827 0.113132 1.232871 9.728187 -1.159047 -0.126051 -0.011629
39956666 -0.216796 -0.101573 0.109434 0.110087 1.211044 9.730963 -1.200010 -0.123808 -0.011313
59935000 -0.093643 -0.021968 0.187023 0.092082 1.192762 9.733408 -1.219410 -0.121930 -0.009460
79913333 0.118841 -0.087669 0.113841 0.092082 1.192762 9.733408 -1.171311 -0.121930 -0.009460
99891666 -0.020321 0.051469 0.196852 0.090350 1.171585 9.735995 -1.217776 -0.119754 -0.009280
119870000 0.064434 0.173719 0.004399 0.105016 1.160876 9.737132 -1.159067 -0.118655 -0.010785
139848333 0.064561 0.324859 -0.293881 0.135507 1.158272 9.737065 -1.225242 -0.118387 -0.013916
159826666 0.325467 0.371110 -0.403108 0.186741 1.135566 9.738892 -1.181591 -0.116056 -0.019172
179805000 0.472905 0.524565 -0.212688 0.202472 1.121454 9.740212 -1.196482 -0.114607 -0.020784
199783333 0.346231 0.704846 -0.353629 0.202472 1.121454 9.740212 -1.191080 -0.114607 -0.020784
219761666 0.135391 0.822885 -0.063306 0.219352 1.104905 9.741737 -1.245176 -0.112909 -0.022513
239740000 0.072234 0.977773 0.506390 0.243622 1.091987 9.742618 -1.197453 -0.111583 -0.025001
259718333 -0.137406 1.196014 0.957657 0.300720 1.104084 9.739659 -1.259772 -0.112824 -0.030866
279696666 -0.491113 1.529425 1.139569 0.300720 1.104084 9.739659 -1.141436 -0.112824 -0.030866
299675000 -0.774548 2.041348 1.203844 0.435513 1.230836 9.719351 -1.169431 -0.125842 -0.044779
319653333 -0.319040 2.369505 0.562663 0.541185 1.338962 9.699726 -1.210957 -0.136964 -0.055736
339631666 0.617738 2.538009 -0.240420 0.673771 1.434583 9.677727 -1.248298 -0.146814 -0.069509
359610000 0.597224 2.355019 0.068082 0.863226 1.522057 9.649279 -1.311814 -0.155837 -0.089223
379588333 -0.521266 2.393718 1.209406 1.081812 1.645893 9.606826 -1.186016 -0.168632 -0.112136
399566666 -1.441005 2.749016 1.272409 1.220584 1.788385 9.564635 -1.147032 -0.183391 -0.126928
419545000 -2.101910 3.981846 0.494415 1.267889 1.920794 9.532754 -1.226806 -0.197141 -0.132227
439523333 -1.046172 5.388752 -0.167882 1.246366 2.017945 9.515507 -1.179282 -0.207254 -0.130241
459501666 1.170962 6.849401 -0.161926 1.246366 2.017945 9.515507 -1.268278 -0.207254 -0.130241
479480000 1.646641 7.982988 1.845161 1.198416 2.084416 9.507335 -1.186721 -0.214185 -0.125390
499458333 1.411380 8.511623 1.518560 1.180310 2.216716 9.479632 -1.234141 -0.228013 -0.123873
519436666 0.685730 8.499466 -1.505361 1.135448 2.388247 9.443380 -1.159064 -0.246007 -0.119663
539415000 0.571687 6.726824 -5.171403 0.931198 2.485732 9.440572 -1.160702 -0.256270 -0.098320
559393333 1.525021 2.808659 -3.622222 0.533493 2.389207 9.496181 -1.147836 -0.246108 -0.056121
579371666 2.480995 -0.145085 0.309189 0.298818 2.180390 9.556516 -1.116531 -0.224212 -0.031258
599350000 2.018177 -1.481604 -0.284017 0.498015 2.033490 9.580568 -1.112620 -0.208874 -0.051935
619328333 2.558562 -4.333702 -5.429320 0.938412 1.985668 9.557557 -1.064609 -0.203892 -0.097872
639306666 6.531918 -10.890099 -6.695625 1.438735 1.896611 9.513322 -1.099373 -0.194627 -0.150096
659285000 7.152451 -17.066690 -4.251658 3.052332 1.261183 9.233800 -1.164300 -0.128962 -0.319253
679263333 3.134773 -19.758667 -2.647393 3.671334 0.679816 9.068050 -1.079056 -0.069378 -0.384693
699241666 -2.383800 -14.630428 -0.796082 3.635081 0.012727 9.108042 -1.108218 -0.001298 -0.379736
719220000 -7.220239 -4.284996 8.638763 3.525036 -0.575352 9.133098 -1.064789 0.058703 -0.368347
739198333 -8.821305 -2.164095 20.689575 3.462837 -0.506586 9.160924 -0.998709 0.051680 -0.361399
759176666 -4.472267 -9.302308 15.757190 3.273364 -0.040566 9.244124 -0.973799 0.004137 -0.340325
779155000 0.882708 -4.780832 -4.307045 2.784148 0.343081 9.396872 -1.045491 -0.034992 -0.288045
799133333 4.444471 -2.326252 -6.530298 2.784148 0.343081 9.396872 -1.184202 -0.034992 -0.288045
819111666 3.642106 0.894606 -6.694660 2.257621 0.673308 9.519464 -1.171585 -0.068712 -0.232856
839090000 0.965138 2.632055 -7.690230 1.929913 0.895191 9.573112 -1.103606 -0.091411 -0.198931
859068333 -1.020525 1.390870 -5.083082 1.836632 0.767332 9.602519 -1.099523 -0.078326 -0.188983
879046666 -1.649930 -1.073217 -0.594030 1.863570 0.628845 9.607395 -1.180482 -0.064168 -0.191593
899025000 -1.244609 -1.564892 1.880816 1.863570 0.628845 9.607395 -1.095384 -0.064168 -0.191593
919003333 0.075516 -0.739423 1.547681 1.864037 0.558803 9.611633 -1.064056 -0.057013 -0.191558
938981666 0.704554 0.067989 0.375333 1.771047 0.510737 9.631870 -1.062652 -0.052104 -0.181842
958960000 1.007753 0.163934 -0.257190 1.750392 0.481626 9.637144 -1.105196 -0.049132 -0.179671
978938333 0.921738 -0.219825 -0.270204 1.750392 0.481626 9.637144 -1.124992 -0.049132 -0.179671
998916666 0.539470 -0.560899 0.059213 1.735768 0.453138 9.641170 -1.071244 -0.046224 -0.178129
1018895000 0.635694 -0.322737 -0.000501 1.676145 0.421575 9.653144 -1.087084 -0.043002 -0.171923
1038873333 0.720053 -0.051028 -0.045004 1.676145 0.421575 9.653144 -1.045366 -0.043002 -0.171923
1058851666 0.719864 -0.038089 0.064148 1.644180 0.409856 9.659145 -1.065082 -0.041806 -0.168604
1078830000 0.786339 -0.110219 0.199119 1.630014 0.410056 9.661537 -1.045238 -0.041826 -0.167138
1098808333 0.868947 -0.165288 0.086908 1.630014 0.410056 9.661537 -1.133003 -0.041826 -0.167138
1118786666 0.669942 0.055676 0.475886 1.640423 0.435837 9.658646 -1.182163 -0.044458 -0.168234
1138765000 0.001767 0.163299 0.447645 1.640423 0.435837 9.658646 -1.082705 -0.044458 -0.168234
1158743333 -0.398465 -0.110420 -0.121652 1.782325 0.472127 9.631761 -1.178618 -0.048162 -0.182977
1178721666 0.175998 -0.065705 -0.370018 1.901014 0.496962 9.607787 -1.139891 -0.050698 -0.195339
1198700000 0.987621 0.163275 -0.115403 1.988734 0.509927 9.589333 -1.128056 -0.052022 -0.204491
1218678333 1.312708 0.190015 -0.507582 2.059108 0.525383 9.573632 -1.200039 -0.053600 -0.211854
1238656666 1.377918 0.032291 -0.615989 2.079353 0.527461 9.569142 -1.105235 -0.053812 -0.213971
1258635000 0.958570 -0.052005 0.068103 2.038090 0.517504 9.578557 -1.119396 -0.052795 -0.209650
1278613333 0.585465 -0.149429 0.329038 1.967920 0.525139 9.592805 -1.187624 -0.053575 -0.202338
1298591666 0.734164 -0.151068 -0.144025 1.884793 0.555617 9.607769 -1.102810 -0.056688 -0.193714
1318570000 0.868152 -0.123134 -0.285887 1.662759 0.630580 9.644065 -1.109312 -0.064346 -0.170734
1338548333 0.449057 -0.148676 -0.116082 1.662759 0.630580 9.644065 -1.162056 -0.064346 -0.170734
1358526666 -0.297818 -0.040992 -0.411895 1.573336 0.666006 9.656679 -1.111969 -0.067966 -0.161508
1378505000 -0.919440 0.006192 -0.584718 1.500721 0.678354 9.667371 -1.081185 -0.069228 -0.154006
1398483333 -1.056968 -0.003690 -0.191157 1.451733 0.660005 9.676117 -1.063226 -0.067353 -0.148922
1418461666 -1.033064 -0.136008 0.134379 1.586004 0.610258 9.658290 -1.118854 -0.062269 -0.162759
1438440000 -0.633608 -0.543074 0.370692 1.586004 0.610258 9.658290 -1.026061 -0.062269 -0.162759
1458418333 0.051124 -0.335443 0.225523 1.661329 0.605188 9.645938 -1.074930 -0.061751 -0.170558
1478396666 0.223932 0.166967 0.142560 1.680358 0.613740 9.642101 -1.060734 -0.062625 -0.172540
1498375000 -0.086325 0.128960 0.111707 1.680358 0.613740 9.642101 -1.040457 -0.062625 -0.172540
