0 0.433773 -0.269175 -0.851322 0.553518 -0.500157 9.778234 -2.644020 0.051024 -0.056547
19978750 -0.108882 0.044340 0.773439 0.553518 -0.500157 9.778234 -2.642142 0.051024 -0.056547
39957500 -0.396522 0.436793 1.527788 0.665957 -0.447920 9.773754 -2.675157 0.045691 -0.068032
59936250 -0.134995 0.397191 0.119844 0.638813 -0.402938 9.777522 -2.714852 0.041100 -0.065242
79915000 0.558964 0.280631 -1.465944 0.576906 -0.435632 9.779969 -2.674426 0.044437 -0.058920
99893750 0.275069 0.403717 -0.452691 0.576906 -0.435632 9.779969 -2.682302 0.044437 -0.058920
119872500 -0.414674 0.590578 0.798237 0.539433 -0.482805 9.779893 -2.658459 0.049252 -0.055102
139851250 -0.180535 0.408652 0.444965 0.505600 -0.477807 9.781945 -2.678751 0.048742 -0.051641
159830000 1.011797 0.227685 -0.948077 0.482182 -0.527699 9.780563 -2.698425 0.053836 -0.049260
179808750 1.140725 0.349017 -0.682525 0.448774 -0.616898 9.776934 -2.724317 0.062948 -0.045869
199787500 0.662081 0.802386 0.329002 0.370532 -0.697579 9.774788 -2.658733 0.071193 -0.037889
219766250 0.793870 0.924988 0.981109 0.280502 -0.743800 9.774378 -2.762049 0.075919 -0.028690
239745000 0.622070 0.891090 1.655888 0.235929 -0.728265 9.776725 -2.729965 0.074331 -0.024127
259723750 0.471778 1.040704 1.896149 0.235929 -0.728265 9.776725 -2.696735 0.074331 -0.024127
279702500 -0.296162 2.302887 1.991775 0.354867 -0.517138 9.786573 -2.655163 0.052758 -0.036245
299681250 -0.941787 4.025301 1.283447 0.354867 -0.517138 9.786573 -2.712612 0.052758 -0.036245
319660000 -2.193902 6.140117 1.381036 0.430924 -0.374169 9.790030 -2.657939 0.038164 -0.043988
339638750 -2.929871 8.333669 1.591826 0.473697 -0.065712 9.794983 -2.672959 0.006701 -0.048324
359617500 -1.996143 10.029832 0.919529 0.430525 0.059741 9.797013 -2.717256 -0.006092 -0.043916
379596250 0.184922 10.714567 -0.852824 0.332866 0.064973 9.800784 -2.664531 -0.006625 -0.033950
399575000 0.946260 10.934215 -2.309115 0.203079 -0.142260 9.803514 -2.666314 0.014507 -0.020712
419553750 -0.798658 12.402012 0.826887 -0.071691 -0.376233 9.799168 -2.789128 0.038375 0.007316
439532500 -2.454823 12.207748 5.348081 -0.352896 -0.329194 9.794768 -2.650561 0.033575 0.036013
459511250 -0.487424 6.002457 5.084513 -0.513909 0.019193 9.793157 -2.787948 -0.001957 0.052428
479490000 13.234149 -6.265802 -2.183522 -0.293223 0.292553 9.797898 -2.702762 -0.029837 0.029918
499468750 15.205768 -10.473121 -2.187755 0.200917 0.520617 9.790760 -2.633738 -0.053113 -0.020518
519447500 7.606146 -16.608294 -10.174497 0.200917 0.520617 9.790760 -2.594891 -0.053113 -0.020518
539426250 -4.147998 -21.307436 -8.870939 0.528218 0.235069 9.789593 -2.466898 -0.023973 -0.053905
559405000 -9.096139 -19.074713 5.691550 0.524692 -0.979329 9.743511 -2.625281 0.100031 -0.053798
579383750 -7.029705 -12.395016 10.746282 0.524692 -0.979329 9.743511 -2.679345 0.100031 -0.053798
599362500 -6.060464 -5.676270 5.468751 0.968953 -1.056814 9.701272 -2.730161 0.107975 -0.099549
619341250 0.108177 -2.488420 -0.534616 1.480060 -0.974086 9.645256 -2.642388 0.099493 -0.152262
639320000 5.539215 -1.420241 -1.851739 1.684603 -0.908694 9.618044 -2.595994 0.092794 -0.173391
659298750 3.879686 -1.113294 0.564238 1.553197 -0.634233 9.662076 -2.622731 0.064719 -0.159388
679277500 0.207136 -1.872019 -1.942884 1.427253 -0.449982 9.691792 -2.595160 0.045902 -0.146213
699256250 -1.509720 -1.265255 -4.271118 1.427253 -0.449982 9.691792 -2.559635 0.045902 -0.146213
719235000 -1.310884 -0.596995 -2.690463 1.436698 -0.355582 9.694321 -2.590154 0.036267 -0.147129
739213750 -1.412037 -0.748958 -0.570352 1.563595 -0.308706 9.676273 -2.553875 0.031484 -0.160206
759192500 -1.187639 -1.262139 -0.954481 1.618516 -0.279285 9.668133 -2.603021 0.028483 -0.165869
779171250 -0.402810 -0.906403 -1.465473 1.610971 -0.290407 9.669065 -2.561931 0.029618 -0.165094
799150000 -0.320419 -0.403738 -0.717811 1.586409 -0.309514 9.672533 -2.624197 0.031567 -0.162564
819128750 -0.833681 -0.498795 -0.347983 1.572883 -0.334595 9.673906 -2.642210 0.034126 -0.161180
839107500 -0.853373 -0.712745 -0.411619 1.544747 -0.350893 9.677861 -2.588174 0.035789 -0.158281
859086250 -0.771544 -0.556137 -0.172330 1.534879 -0.349430 9.679486 -2.531733 0.035640 -0.157261
879065000 -0.403262 -0.255374 -0.262224 1.564858 -0.338707 9.675066 -2.601413 0.034545 -0.160353
899043750 0.068209 -0.071893 -0.499881 1.564858 -0.338707 9.675066 -2.565814 0.034545 -0.160353
919022500 0.232307 0.035972 -0.425956 1.621479 -0.335383 9.665854 -2.551751 0.034206 -0.166206
939001302 0.269589 0.037963 -0.177043 1.678805 -0.337945 9.655972 -2.587955 0.034468 -0.172141
958980104 0.356021 0.039505 -0.049937 1.742849 -0.341542 9.644492 -2.557338 0.034835 -0.178780
978958906 0.650065 0.178029 -0.026574 1.742849 -0.341542 9.644492 -2.641508 0.034835 -0.178780
998937708 0.357571 0.199392 0.411350 1.740955 -0.345961 9.644676 -2.563957 0.035286 -0.178586
1018916510 -0.176476 0.017435 0.375629 1.765043 -0.343254 9.640393 -2.625150 0.035009 -0.181083
1038895313 -0.203842 -0.037087 0.234958 1.731488 -0.341416 9.646542 -2.628935 0.034822 -0.177602
1058874115 -0.022549 -0.037213 0.448150 1.707624 -0.316967 9.651628 -2.625331 0.032327 -0.175114
1078852917 -0.020768 0.006036 -0.061971 1.707624 -0.316967 9.651628 -2.577319 0.032327 -0.175114
1098831719 0.070790 0.203780 -0.557722 1.667022 -0.299130 9.659293 -2.610543 0.030507 -0.170899
1118810521 0.055447 0.271166 -0.156644 1.667022 -0.299130 9.659293 -2.607899 0.030507 -0.170899
1138789323 -0.317479 0.081015 0.402599 1.653584 -0.304320 9.661441 -2.570545 0.031037 -0.169511
1158768125 -0.298733 -0.005611 0.303503 1.657364 -0.296073 9.661050 -2.552056 0.030196 -0.169897
1178746927 0.144421 0.021054 0.249974 1.625837 -0.259556 9.667455 -2.592316 0.026470 -0.166617
1198725729 0.402635 0.110542 0.009607 1.597190 -0.238595 9.672768 -2.578705 0.024332 -0.163646
1218704531 -0.004570 0.154950 -0.089314 1.597190 -0.238595 9.672768 -2.566844 0.024332 -0.163646
1238683333 -0.052920 0.057461 -0.279675 1.578526 -0.209162 9.676514 -2.508225 0.021330 -0.161705
1258662135 -0.018182 0.127131 -0.496891 1.582566 -0.211844 9.675794 -2.620808 0.021604 -0.162124
1278640938 0.331797 0.177671 -0.355509 1.587423 -0.219391 9.674830 -2.523481 0.022374 -0.162629
1298619740 0.373335 0.116109 -0.017703 1.603542 -0.220116 9.672155 -2.606522 0.022447 -0.164295
1318598542 -0.162038 -0.212730 0.332059 1.603542 -0.220116 9.672155 -2.598919 0.022447 -0.164295
1338577344 -0.481949 -0.283943 0.153051 1.610265 -0.207097 9.671326 -2.645200 0.021120 -0.164985
1358556146 0.029664 -0.162958 -0.209062 1.591503 -0.165440 9.675233 -2.611760 0.016871 -0.163033
1378534948 0.414438 0.094901 -0.160275 1.609905 -0.135534 9.672653 -2.572327 0.013821 -0.164927
1398513750 0.191200 -0.004125 -0.245392 1.609905 -0.135534 9.672653 -2.569502 0.013821 -0.164927
1418492552 0.158476 -0.135863 -0.589521 1.582338 -0.096193 9.677672 -2.518869 0.009809 -0.162070
1438471354 -0.107254 -0.014012 -0.477013 1.553263 -0.088730 9.682453 -2.592687 0.009048 -0.159065
1458450104 0.041696 -0.185045 -0.447287 1.525964 -0.095215 9.686731 -2.583800 0.009709 -0.156247
1478428854 0.363152 -0.344636 -0.169354 1.501684 -0.103495 9.690439 -2.520793 0.010554 -0.153743
1498407604 0.400260 -1.063426 0.179877 1.457706 -0.117884 9.696989 -2.568722 0.012021 -0.149208
