0 -0.022670 -0.311100 0.331235 -0.208299 -0.020471 9.804417 -1.240832 0.002087 0.021242
19978177 0.183146 -0.334193 0.268705 -0.208299 -0.020471 9.804417 -1.234539 0.002087 0.021242
39956354 0.296513 -0.180993 0.106439 -0.173859 -0.016462 9.805096 -1.186874 0.001679 0.017730
59934531 0.255063 -0.003665 0.019354 -0.133261 -0.011482 9.805737 -1.189638 0.001171 0.013589
79912708 -0.018256 0.026214 -0.171074 -0.110640 -0.001822 9.806026 -1.169977 0.000186 0.011282
99890885 -0.167289 -0.040447 -0.086541 -0.120197 0.001890 9.805913 -1.222512 -0.000193 0.012257
119869062 -0.132019 -0.182802 0.305170 -0.134310 0.001472 9.805730 -1.216067 -0.000150 0.013696
139847240 -0.122321 -0.063359 0.215957 -0.121340 0.009797 9.805894 -1.263448 -0.000999 0.012374
159825417 -0.044549 0.116079 -0.134153 -0.092223 0.024696 9.806185 -1.242617 -0.002518 0.009404
179803594 -0.259094 0.222415 -0.162173 -0.055621 0.050740 9.806360 -1.204391 -0.005174 0.005672
199781771 -0.467923 0.256962 -0.064110 -0.062499 0.074040 9.806171 -1.211021 -0.007550 0.006373
219759948 -0.263879 0.517712 -0.149807 -0.065398 0.115796 9.805748 -1.217906 -0.011808 0.006669
239738125 0.073778 0.790865 -0.362198 -0.065398 0.115796 9.805748 -1.199458 -0.011808 0.006669
259716302 0.636774 1.240665 -0.803277 -0.043451 0.174330 9.805004 -1.270727 -0.017778 0.004431
279694479 0.457624 1.571342 -0.951021 0.082702 0.238324 9.803405 -1.186967 -0.024305 -0.008436
299672656 -0.026445 1.823735 -1.035167 0.082702 0.238324 9.803405 -1.186967 -0.024305 -0.008436
319650833 0.073741 2.213763 -0.895170 0.303020 0.203950 9.799846 -1.248794 -0.020799 -0.030911
339629010 0.244243 2.833555 -0.209621 0.324578 0.143604 9.800225 -1.190151 -0.014644 -0.033107
359607187 -0.397014 3.641943 1.296205 0.294346 0.096038 9.801762 -1.254606 -0.009793 -0.030021
379585365 -0.087683 4.330750 2.364937 0.223023 0.077542 9.803806 -1.156514 -0.007907 -0.022745
399563542 0.392423 5.737350 3.242805 0.223023 0.077542 9.803806 -1.120171 -0.007907 -0.022745
419541719 0.474347 6.956347 3.703705 0.119490 0.113421 9.805265 -1.181587 -0.011566 -0.012186
439519896 0.041378 8.010227 3.766096 0.016847 0.222700 9.804106 -1.127136 -0.022711 -0.001718
459498073 0.653104 8.704070 1.594925 -0.029817 0.416083 9.797774 -1.174476 -0.042441 0.003043
479476250 -0.122324 9.235349 -0.001760 0.116125 0.765052 9.776073 -1.071387 -0.078093 -0.011878
499454427 -2.560207 9.134598 -0.610654 0.289483 0.895709 9.761368 -1.186606 -0.091464 -0.029647
519432604 -3.654617 8.081084 -1.516867 0.378781 1.011703 9.746966 -1.173788 -0.103349 -0.038842
539410781 -3.742233 5.463259 -3.895783 0.322693 1.025184 9.747577 -1.087535 -0.104731 -0.033093
559388958 -0.001674 1.759250 -6.951138 0.086715 0.771644 9.775860 -1.108680 -0.078767 -0.008870
579367135 0.665080 -1.212613 -3.007397 0.086715 0.771644 9.775860 -1.151808 -0.078767 -0.008870
599345312 -0.019411 -3.943594 5.470928 -0.060112 0.462605 9.795548 -1.117962 -0.047190 0.006137
619323490 3.092751 -7.243834 4.155145 0.085169 0.476050 9.794719 -1.095478 -0.048563 -0.008695
639301667 6.415884 -12.590666 -4.589839 0.470026 0.716818 9.769116 -1.075226 -0.073160 -0.048076
659279844 4.753599 -18.469730 -11.728472 0.915435 0.777144 9.732853 -1.132203 -0.079330 -0.093780
679258021 -0.489477 -18.515528 -5.602739 1.282724 0.268909 9.718678 -1.153486 -0.027425 -0.131227
699236198 -6.104909 -12.508017 7.838047 1.868839 -1.080984 9.566050 -1.238585 0.110454 -0.192932
719214375 -13.603158 -0.703324 19.745682 2.081065 -1.202378 9.507568 -1.200157 0.122918 -0.215487
739192552 -12.595116 -13.787869 26.804356 2.081065 -1.202378 9.507568 -1.241758 0.122918 -0.215487
759170729 -2.145180 -10.401413 -0.814943 2.481261 0.349092 9.481133 -1.247781 -0.035605 -0.255965
779148958 5.682140 -1.487586 -21.921875 2.498156 0.499948 9.469934 -1.221595 -0.051003 -0.257923
799127187 10.426015 3.213947 -17.286816 2.498156 0.499948 9.469934 -1.188963 -0.051003 -0.257923
819105417 10.307612 3.950866 -9.216215 2.564108 0.370390 9.458253 -1.225497 -0.037778 -0.264734
839083646 3.227770 -0.904001 -4.832136 2.496476 -0.261769 9.479951 -1.195004 0.026696 -0.257497
859061875 -4.157395 -3.930936 3.291583 2.255962 -0.541195 9.528280 -1.182786 0.055215 -0.232484
879040104 -4.350121 -3.673375 8.245616 2.255962 -0.541195 9.528280 -1.182786 0.055215 -0.232484
899018333 -2.085134 -1.795355 3.685480 2.146207 -0.508741 9.555384 -1.212698 0.051900 -0.220940
918996562 -0.549740 -0.084488 -1.579979 2.240700 -0.309187 9.542225 -1.177495 0.031533 -0.230641
938974792 2.164907 0.348232 -2.232131 2.307857 -0.291524 9.526762 -1.179085 0.029732 -0.237671
958953021 3.750243 0.489119 -1.999709 2.307857 -0.291524 9.526762 -1.265762 0.029732 -0.237671
978931250 3.158027 0.465575 -1.720488 2.308859 -0.386916 9.523122 -1.224820 0.039465 -0.237858
998909479 1.550577 -0.269139 0.112759 2.308859 -0.386916 9.523122 -1.224820 0.039465 -0.237858
1018887708 0.301378 -0.702872 1.937797 2.193773 -0.463123 9.546898 -1.244544 0.047243 -0.225868
1038865937 -0.028726 -0.606463 2.074802 2.078185 -0.489284 9.571423 -1.246337 0.049914 -0.213805
1058844167 0.130102 -0.432092 0.903217 1.976460 -0.442407 9.595222 -1.229402 0.045128 -0.203143
1078822396 0.411887 -0.100335 0.110250 1.996608 -0.424106 9.591876 -1.227388 0.043260 -0.205226
1098800625 0.924632 0.032041 -0.063701 1.996608 -0.424106 9.591876 -1.143738 0.043260 -0.205226
1118778854 1.060455 0.057483 0.088896 2.067280 -0.413996 9.577335 -1.239386 0.042228 -0.212590
1138757083 1.335378 -0.057282 0.321497 2.067280 -0.413996 9.577335 -1.239386 0.042228 -0.212590
1158735312 1.297907 0.111204 0.421775 2.000011 -0.380743 9.592985 -1.202005 0.038835 -0.205542
1178713542 1.049797 0.086608 0.380591 2.000011 -0.380743 9.592985 -1.202005 0.038835 -0.205542
1198691771 0.858120 -0.013518 0.030945 1.935224 -0.345972 9.607580 -1.282060 0.035287 -0.198767
1218670000 0.282816 -0.148644 0.069800 1.755625 -0.277413 9.644232 -1.240486 0.028292 -0.180067
1238648229 0.019047 -0.286518 0.154050 1.673182 -0.234757 9.660007 -1.215328 0.023941 -0.171505
1258626458 0.064987 -0.143439 -0.163732 1.673182 -0.234757 9.660007 -1.152606 0.023941 -0.171505
1278604687 0.105643 0.002108 -0.456924 1.607307 -0.195260 9.672064 -1.245049 0.019912 -0.164675
1298582917 0.049591 -0.134282 -0.331121 1.561584 -0.167998 9.680062 -1.199671 0.017132 -0.159942
1318561146 -0.040628 -0.317934 -0.142927 1.506225 -0.125269 9.689478 -1.188341 0.012774 -0.154215
1338539375 0.353570 -0.200781 -0.272688 1.466154 -0.108045 9.695829 -1.181207 0.011018 -0.150078
1358517604 0.874276 0.088794 -0.351794 1.409528 -0.100484 9.704305 -1.147303 0.010247 -0.144239
1378495833 1.368442 0.286107 -0.469949 1.306945 -0.096535 9.718691 -1.263099 0.009844 -0.133675
1398474062 0.307341 0.255877 -0.171803 1.306945 -0.096535 9.718691 -1.229908 0.009844 -0.133675
1418452292 -0.863668 -0.439467 0.166089 1.141219 -0.084645 9.739653 -1.249527 0.008631 -0.116641
1438430521 -0.966918 -0.605366 0.269211 1.141219 -0.084645 9.739653 -1.176701 0.008631 -0.116641
1458408750 -0.587002 -0.340571 -0.115891 1.147321 -0.068322 9.739064 -1.202355 0.006967 -0.117266
1478386979 -0.495719 -0.252718 -0.571500 1.147321 -0.068322 9.739064 -1.214870 0.006967 -0.117266
1498365208 -0.693295 -1.032765 -0.263160 1.196066 -0.094299 9.732982 -1.167622 0.009616 -0.122275
