0 0.368108 -0.286575 0.153732 3.129056 -0.946706 1.798782
19979635 0.335589 -0.121510 0.504827 3.073983 -0.946706 1.798782
39959271 0.504957 -0.086450 0.564768 3.112393 -0.968742 1.832132
59938906 0.609471 0.011983 0.397209 3.100357 -0.968742 1.832132
79918542 0.330979 0.083534 0.009174 2.981630 -0.935868 1.887681
99898177 0.148031 0.108832 -0.357832 3.119247 -0.907915 1.938783
119877812 -0.036386 0.074681 -0.546363 3.052993 -0.857667 1.939619
139857448 -0.337234 0.066785 -0.520346 3.119909 -0.857667 1.939619
159837083 -0.342465 -0.064296 -0.220243 3.089688 -0.853757 1.896155
179816719 -0.022890 -0.146266 0.177082 3.099595 -0.878010 1.848895
199796406 0.259727 -0.277665 0.239490 3.076195 -0.888959 1.846937
219776094 0.257629 -0.407166 0.229815 3.105405 -0.875932 1.843386
239755781 -0.081974 -0.403665 0.258207 3.090255 -0.847657 1.820280
259735469 -0.253053 -0.172404 0.400366 -3.121221 -0.852115 1.789450
279715156 0.341777 -0.428701 -0.239684 3.063850 -0.877357 1.969571
299694844 0.712133 -0.531653 -0.442407 -3.129989 -0.877357 1.969571
319674531 0.092386 -0.444991 0.263839 -3.113401 -0.809720 1.751890
339654219 -0.415209 -0.488832 0.636560 -3.092087 -0.809720 1.751890
359633906 -0.731470 -0.720589 0.223083 3.122778 -0.691324 1.888829
379613594 -1.032289 -1.159503 -0.584524 3.132474 -0.691324 1.888829
399593281 -1.316623 -1.790776 -1.411526 -3.140445 -0.501316 1.955865
419572969 -1.896835 -2.696303 -1.559753 3.132474 -0.391913 1.844996
439552656 -3.163929 -3.535454 -0.928096 -3.085652 -0.391913 1.844996
459532344 -4.025967 -4.783039 -1.067885 -3.134019 -0.264848 1.835577
479512031 -4.691500 -6.828165 -2.663216 3.127428 -0.079320 1.954174
499491719 -6.979794 -9.705879 -3.447394 3.129571 0.128294 1.944964
519471406 -10.933291 -14.158749 -2.570462 -3.063701 0.339199 1.816747
539451094 -13.347034 -21.780521 -5.212148 -2.946270 0.730278 2.161701
559430781 -15.616041 -29.090855 -10.786869 -2.871475 0.730278 2.161701
579410469 -13.530215 -36.027893 -13.705403 -2.528577 0.907084 2.371577
599390156 -7.894155 -40.401108 -7.003394 -1.547493 1.252024 2.417054
619369844 -2.019520 -42.112991 1.653986 2.142986 1.528019 -0.753114
639349531 -0.587770 -41.620747 2.944708 2.497088 1.437045 -1.132048
659329219 -0.923099 -43.267868 -1.814749 -2.854758 1.404471 -2.107654
679308906 0.332201 -48.065014 -3.498089 -2.842591 1.360672 -2.136400
699288594 5.173571 -53.416508 0.073471 2.555829 1.203152 -1.444322
719268281 13.655036 -56.835075 4.939206 2.410472 1.097694 -1.549650
739247969 22.906631 -56.750988 3.065372 2.206168 0.971421 -1.773138
759227656 29.340769 -49.006962 -5.138502 1.483184 0.971421 -1.773138
779207344 29.551176 -39.253307 -5.563444 0.958080 0.900433 -1.785428
799187031 30.961517 -34.094120 9.132324 0.714644 0.850270 -1.377395
819166719 31.020329 -28.496590 10.952560 0.475799 0.793501 -1.314931
839146406 27.969673 -25.155350 0.124450 0.444485 0.829105 -1.608097
859126094 26.679935 -20.162804 -4.181761 0.424239 0.785415 -1.745834
879105781 27.565720 -13.301428 -1.559806 0.353743 0.665650 -1.651717
899085469 27.282660 -6.052541 0.096760 0.320557 0.413818 -1.624565
919065156 25.332422 -1.371086 -0.864091 0.320557 0.413818 -1.624565
939044844 22.887287 1.484815 -1.475610 0.325742 0.304090 -1.640954
959024531 20.542326 3.587639 -1.006232 0.301369 0.280206 -1.601528
979004219 18.434582 4.744735 -0.115240 0.301369 0.280206 -1.601528
998983906 16.677727 5.162220 0.457809 0.301356 0.313862 -1.581800
1018963594 15.241623 4.881870 0.210463 0.301356 0.313862 -1.581800
1038943281 13.599250 4.117254 -0.483798 0.367147 0.480689 -1.668236
1058922969 11.491318 2.975384 -0.964396 0.397077 0.633081 -1.645279
1078902656 9.252016 1.230171 -0.498902 0.388981 0.633081 -1.645279
1098882344 6.700828 -0.504667 0.669854 0.413000 0.805516 -1.543642
1118862031 3.819148 -2.013997 1.381434 0.527299 0.986833 -1.439359
1138841719 0.525964 -2.792661 1.957110 0.722312 1.169427 -1.237349
1158821406 -2.299209 -3.544209 1.591366 1.063736 1.488463 -0.896998
1178801094 -4.428864 -3.339653 0.577278 1.171151 1.488463 -0.896998
1198780781 -4.709996 -3.184304 0.069985 1.726451 1.498710 -1.300173
1218760469 -4.165119 -2.601689 0.205239 1.627621 1.360047 -1.467987
1238740156 -3.892821 -2.148276 0.007330 1.691591 1.360047 -1.467987
1258719844 -3.917618 -1.720714 -0.567302 2.112987 1.321493 -1.716100
1278699531 -3.914408 -1.600537 -1.125748 2.347692 1.285656 -1.904384
1298679219 -4.319348 -1.503120 -1.005448 2.347692 1.285656 -1.904384
1318658906 -4.702182 -1.468757 -0.826466 2.442921 1.306267 -1.864745
1338638594 -4.721586 -1.059021 -0.641647 2.176544 1.285141 -1.773801
1358618281 -4.313822 -0.734469 -0.436246 2.047775 1.220178 -1.665004
1378597969 -3.833074 -0.443106 0.002502 1.596477 1.145935 -1.526540
1398577656 -3.135149 -0.353446 0.386676 1.302954 1.057903 -1.454200
1418557344 -2.180580 -0.495773 0.273256 1.270639 0.970607 -1.511949
1438537031 -1.469162 -0.405239 -0.216589 0.911150 0.838967 -1.640195
1458516719 -1.005139 -0.179390 -0.284272 0.846890 0.838967 -1.640195
1478496406 -0.577238 -0.056372 0.011197 0.829685 0.752755 -1.543947
1498476094 -0.226798 0.062135 0.470488 0.829685 0.752755 -1.543947
