0 0.338872 0.083305 0.783809 -1.835351 -0.936648 1.542305
19979635 0.155330 0.053984 0.325650 -1.829287 -0.917074 1.619061
39959271 0.051767 0.129201 0.049379 -1.815035 -0.909718 1.664526
59938906 -0.147827 0.066087 -0.175150 -1.805694 -0.886720 1.698391
79918542 -0.266767 0.026106 -0.338124 -1.878284 -0.872771 1.720927
99898177 -0.268727 0.021666 -0.264221 -1.838525 -0.872993 1.708349
119877812 -0.258081 -0.013418 -0.099577 -1.905164 -0.873287 1.680493
139857448 -0.368458 -0.086995 -0.199388 -1.895977 -0.860275 1.691105
159837083 -0.420962 -0.144340 0.002724 -1.894875 -0.855593 1.657693
179816719 -0.561710 -0.259149 0.201755 -2.044110 -0.825794 1.632297
199796354 -0.605133 -0.475252 0.145546 -2.105649 -0.788583 1.581056
219775990 -0.916946 -0.782533 0.460125 -2.290302 -0.701402 1.435714
239755625 -2.095463 -0.984455 1.581334 -2.261028 -0.701402 1.435714
259735260 -2.875934 -1.215688 1.800951 -2.277492 -0.650765 1.418493
279714896 -1.916530 -2.007250 0.985276 -2.284103 -0.665147 1.502420
299694531 -1.776268 -2.472555 0.253803 -2.413290 -0.551314 1.623527
319674167 -3.204216 -2.904384 0.085825 -2.390189 -0.551314 1.623527
339653802 -5.522170 -3.800615 -0.511546 -2.543596 -0.405504 1.677609
359633437 -5.168354 -5.177574 -0.483851 -2.560223 -0.332299 1.690574
379613073 -5.027181 -7.024580 -0.000195 -2.609956 0.023939 1.529305
399592708 -6.169876 -9.264791 1.265464 -2.609266 0.338112 1.485604
419572344 -7.414294 -12.885396 1.793765 -2.579466 0.338112 1.485604
439551979 -8.758783 -16.305544 2.874845 -2.571311 0.556145 1.400016
459531615 -10.432823 -19.695868 3.672845 -2.480805 0.704035 1.357434
479511250 -11.891195 -22.775089 3.007281 -2.329537 0.827074 1.430141
499490885 -12.096847 -26.634689 1.791940 -2.121004 1.004706 1.536235
519470469 -9.464257 -30.852074 1.474399 -0.853675 1.433522 1.246626
539450052 -7.362803 -34.532887 2.694228 -0.691759 1.433522 1.246626
559429635 -7.677225 -37.581093 3.996166 -0.001453 1.461047 0.774786
579409219 -6.957903 -42.730270 4.804494 0.823089 1.485366 0.105630
599388802 -3.099555 -47.554184 6.471004 1.720502 1.423222 -0.764444
619368385 4.362470 -51.328201 5.540105 2.257913 1.314968 -1.282733
639347969 14.981048 -53.420078 0.760605 2.495660 1.165749 -1.608082
659327552 20.731693 -51.312153 -3.141243 2.588812 1.077958 -1.719784
679307135 22.640495 -47.635391 -2.837187 2.468032 1.044780 -1.682277
699286719 24.696384 -44.779980 1.147575 1.612699 1.012127 -1.293321
719266302 25.715605 -44.864784 8.661009 1.612699 1.012127 -1.293321
739245885 26.714766 -42.954758 9.712334 1.332058 1.005716 -1.268264
759225469 36.699886 -40.747684 8.852598 0.984208 0.887412 -1.361951
779205052 39.733124 -32.936916 11.600725 0.803502 0.780646 -1.318919
799184635 38.007927 -20.525284 15.313299 0.732902 0.633583 -1.225056
819164219 33.848133 -9.414802 17.556068 0.574945 0.476546 -1.129682
839143802 30.309708 -1.770013 14.122377 0.531965 0.349248 -1.173090
859123385 27.003872 3.644013 8.378656 0.590335 0.232404 -1.316852
879102969 24.209101 5.990923 6.512813 0.568526 0.168369 -1.364760
899082552 18.750950 7.329188 5.605577 0.578895 0.144620 -1.357865
919062135 15.047048 8.152166 5.131326 0.608134 0.122113 -1.344104
939041719 12.370027 7.612811 3.522375 0.610532 0.181245 -1.426638
959021302 10.816281 6.682452 4.146040 0.655443 0.456602 -1.219015
979000885 8.849287 4.550307 5.406240 0.649605 0.456602 -1.219015
998980469 5.020295 3.257731 5.289680 0.722033 0.712260 -1.061409
1018960052 1.880507 1.220732 3.886302 0.827073 1.094646 -0.989225
1038939635 -0.555934 -0.133050 3.106293 0.777128 1.347937 -0.647956
1058919219 -1.728017 -1.107992 3.036540 0.377323 1.397773 -0.118697
1078898802 -2.050811 -1.095384 2.401302 -0.550886 1.506851 0.953342
1098878385 -2.627183 -1.602963 1.136939 -0.558129 1.506851 0.953342
1118857969 -3.200281 -0.774365 0.185555 -1.318867 1.462999 1.812729
1138837552 -2.468125 -0.987804 -0.854301 -2.411928 1.468864 2.882842
1158817135 -3.120615 -1.186533 -1.442741 -1.937974 1.419472 2.633303
1178796719 -4.056279 -1.366985 -1.877832 -1.509601 1.356969 2.371951
1198776302 -5.409492 -2.536118 -2.476006 -0.904057 1.316697 1.790073
1218755885 -4.576013 0.660315 -0.883037 -0.887466 1.316697 1.790073
1238735469 -1.443485 -0.606704 0.034741 1.289917 1.483996 -0.999623
1258715052 0.430894 0.028700 -0.107174 1.134893 1.060172 -1.695557
1278694635 2.630382 0.697184 -1.289609 1.186282 1.060172 -1.695557
1298674219 4.541401 0.668180 -2.865918 0.761911 0.864218 -1.866306
1318653802 4.157904 0.045960 -3.207525 0.946692 0.866958 -1.923353
1338633385 1.610221 -0.109657 -1.737900 1.656728 1.018721 -1.846513
1358612969 -0.690185 -0.829199 -0.077393 1.920732 1.209587 -1.601178
1378592552 -2.612741 -0.791125 0.882369 1.844068 1.334271 -1.190410
1398572187 -3.115524 -0.074409 0.696353 1.869903 1.341592 -1.167281
1418551823 -1.555297 0.307675 0.274112 1.966294 1.155517 -1.449888
1438531458 0.831425 0.328286 0.682709 1.622429 0.910588 -1.444059
1458511094 2.159076 -0.153711 0.963125 1.544977 0.812498 -1.449952
1478490729 1.530598 -0.821203 0.967138 1.586767 0.858239 -1.448093
1498470365 1.251034 -0.409633 2.159507 1.491598 0.803622 -1.295550
