0 -0.092304 -0.175416 0.604115 -2.471267 -1.043480 -1.472991
19979428 0.052120 -0.048753 0.692491 -2.482048 -1.046767 -1.545786
39958855 -0.018520 0.072966 0.264105 -2.460830 -1.046767 -1.545786
59938282 -0.000264 0.117337 -0.321253 -2.479978 -1.042835 -1.667197
79917709 0.191987 0.005355 -0.376511 -2.468673 -1.032265 -1.640172
99897136 0.052284 0.111880 -0.168853 -2.468029 -1.021702 -1.641058
119876563 0.143420 0.156115 -0.181397 -2.468029 -1.021702 -1.641058
139855990 0.342086 0.132882 -0.105759 -2.434300 -0.998225 -1.624061
159835417 0.470796 0.040561 -0.022368 -2.507123 -0.943187 -1.628921
179814844 0.737736 -0.053488 -0.157377 -2.507123 -0.943187 -1.628921
199794271 0.938203 -0.030326 -0.564104 -2.587263 -0.919916 -1.690087
219773698 0.828591 0.178993 -0.237254 -2.584916 -0.934725 -1.638048
239753125 0.825920 0.225843 0.128483 -2.679909 -0.828775 -1.601257
259732553 1.534291 -0.412930 -0.028059 -2.679909 -0.828775 -1.601257
279711980 2.530434 -1.505850 -0.887740 -2.758691 -0.534704 -1.695374
299691355 3.414489 -2.649255 -1.005648 -2.822773 -0.534704 -1.695374
319670730 4.434430 -4.006720 -0.542191 -2.870786 -0.382408 -1.633953
339650105 5.132528 -5.909624 -0.003900 -2.927848 -0.206221 -1.575127
359629480 5.481811 -6.780907 0.174404 -2.985938 -0.124304 -1.618135
379608855 3.990669 -7.162603 -0.566486 -2.948092 -0.124304 -1.618135
399588230 4.916351 -9.158812 -1.826656 -2.946405 0.072658 -1.723214
419567605 8.981133 -13.413824 -1.790248 -2.915894 0.534152 -1.446691
439546980 12.901371 -19.162188 1.507743 -2.915894 0.534152 -1.446691
459526355 14.621917 -24.765255 5.391089 -2.910480 0.680018 -1.245102
479505730 12.443604 -30.165993 7.352363 -2.513630 1.089218 -0.835957
499485105 8.548114 -34.952133 8.143395 -2.265430 1.089218 -0.835957
519464480 7.507918 -41.497150 9.097688 -2.178980 1.218900 -0.651000
539443855 7.582383 -50.966728 8.768328 -1.632243 1.346281 -0.571504
559423230 4.920315 -63.258457 5.294460 -1.602450 1.507874 -0.105436
579402605 -3.056573 -72.400879 0.249923 2.925142 1.426024 1.812227
599381980 -12.464029 -75.068176 -4.050247 2.868195 1.285975 1.896878
619361355 -21.311302 -66.877441 -4.316548 2.928059 1.148633 1.799534
639340730 -22.965961 -57.902725 -0.479202 3.037680 1.099370 1.654692
659320105 -18.826914 -58.094994 1.214463 3.088545 1.181735 1.585877
679299480 -25.150948 -59.253651 -3.360826 2.464365 1.129467 1.709750
699278855 -32.419849 -55.138779 -7.590985 1.395832 1.034782 1.788021
719258230 -37.203926 -49.444275 -3.748732 0.620451 0.968462 1.671044
739237605 -37.149960 -40.517048 0.712842 0.386753 0.914124 1.552233
759216980 -37.416656 -27.575024 5.044611 0.325920 0.726649 1.494534
779196355 -34.279331 -20.170403 1.649517 0.374256 0.726649 1.494534
799175730 -32.625595 -13.929998 -5.923806 0.291572 0.645595 1.716594
819155105 -31.609772 -9.350531 -8.746604 0.270296 0.562835 1.807403
839134480 -31.614832 -5.061550 -11.990536 0.223981 0.451361 1.909118
859113855 -36.240803 3.634418 -9.443895 0.333831 0.047104 1.731384
879093282 -34.349220 8.719825 -6.708866 0.333831 0.047104 1.731384
899072709 -27.207571 5.456306 -2.788900 0.383185 0.405543 1.437312
919052136 -20.251270 1.519148 2.051711 0.383185 0.405543 1.437312
939031563 -14.644651 -0.602481 4.331676 0.421297 0.774244 1.180916
959010990 -10.224569 -2.932500 4.611235 0.421297 0.774244 1.180916
978990417 -5.861680 -6.109931 4.889099 0.501167 0.989331 1.031147
998969844 -0.947848 -8.649122 6.328783 0.501580 1.216704 0.382299
1018949271 2.375386 -8.565651 5.112233 0.501580 1.216704 0.382299
1038928698 4.027540 -7.727719 1.915904 2.264951 1.361502 0.428537
1058908125 4.519693 -6.277564 -0.595949 2.102818 1.448221 1.054638
1078887553 5.354161 -5.603708 -1.839360 1.774749 1.474491 1.922291
1098866980 5.988603 -5.566355 -1.910338 1.774749 1.474491 1.922291
1118846407 6.106757 -5.057294 -1.441448 2.247857 1.442629 1.694946
1138825834 6.698579 -4.845279 -0.588440 2.664986 1.447079 1.342727
1158805261 7.281738 -4.636932 0.266234 -3.108568 1.441507 0.962918
1178784688 8.023941 -4.527843 1.017329 -2.479666 1.436753 0.507440
1198764115 8.843555 -4.426639 1.251389 -1.906570 1.450253 0.029467
1218743542 9.264502 -3.915091 1.442055 -1.565237 1.433641 -0.225926
1238722969 8.725452 -3.125803 1.484620 -2.457267 1.385822 0.637400
1258702396 8.166679 -2.574420 1.391172 -2.457267 1.385822 0.637400
1278681823 7.769358 -2.177892 0.824044 -3.003394 1.382129 1.057601
1298661250 7.038304 -1.502954 0.055483 2.126932 1.105516 1.713240
1318640678 5.658758 -0.938787 -0.514491 2.067712 1.105516 1.713240
1338620105 4.453036 -0.516084 -0.739802 1.705263 0.957023 1.719239
1358599532 3.401251 -0.287418 -0.769901 1.187437 0.784616 1.646567
1378578959 2.512368 0.024137 -0.567338 1.187437 0.784616 1.646567
1398558386 1.586681 0.140791 -0.023400 1.082751 0.730225 1.557129
1418537813 0.897558 0.070192 0.611852 0.716971 0.710101 1.468591
1438517240 0.370866 -0.109205 0.842449 0.651996 0.711808 1.438826
1458496667 -0.210365 -0.058300 0.918793 0.487619 0.694149 1.428784
1478476094 -0.716243 0.234339 0.793506 0.543833 0.645789 1.452751
1498455521 -1.107093 0.470717 0.637573 0.543833 0.645789 1.452751
