0 -0.371875 -0.209681 -0.340517 -2.452034 -1.043386 -1.785993
19979375 0.105821 -0.202558 -0.510423 -2.483289 -0.997552 -1.798832
39958750 0.262679 -0.137020 -0.362228 -2.451130 -0.988527 -1.767671
59938125 0.118542 -0.002163 -0.290982 -2.500086 -1.005477 -1.760826
79917500 -0.039684 0.114444 -0.253541 -2.420942 -1.001538 -1.757865
99896875 0.108495 0.061502 -0.270691 -2.432128 -1.001538 -1.757865
119876250 0.138329 0.063213 -0.310098 -2.413188 -0.993878 -1.763007
139855625 0.076981 -0.096516 -0.210254 -2.441231 -0.986851 -1.746874
159835000 -0.421000 -0.225885 -0.254728 -2.237811 -1.014530 -1.772167
179814375 -1.343511 -0.368746 -0.472624 -2.281582 -1.075114 -1.861551
199793750 -1.821122 -0.402946 -1.151527 -2.250263 -1.080290 -2.034575
219773125 -1.068622 -0.521892 -0.832863 -2.410677 -1.005387 -1.890143
239752500 -0.049443 -0.660012 0.111792 -2.507768 -0.910069 -1.670079
259731875 0.972295 -0.763491 0.412936 -2.629796 -0.810772 -1.609637
279711250 1.662107 -0.746506 -0.063930 -2.629843 -0.750706 -1.664890
299690625 2.159683 -0.673326 -0.564245 -2.632965 -0.710657 -1.680361
319670000 2.183158 -0.615067 -0.340835 -2.624436 -0.710657 -1.680361
339649375 1.864594 -0.671000 -0.300131 -2.601035 -0.719881 -1.672842
359628750 1.777023 -1.069440 -0.407416 -2.702805 -0.619755 -1.666580
379608125 2.065143 -1.751976 -0.420340 -2.656750 -0.619755 -1.666580
399587500 2.358462 -2.394516 0.167489 -2.783263 -0.472551 -1.535392
419566875 2.745506 -3.133217 0.590463 -2.768151 -0.472551 -1.535392
439546250 3.215984 -4.271727 0.803149 -2.863671 -0.222425 -1.497812
459525625 4.247962 -5.497620 0.955848 -2.827075 -0.222425 -1.497812
479505000 4.234816 -6.785601 0.875438 -2.867414 -0.111255 -1.501615
499484375 4.857289 -8.635588 -0.083600 -2.865828 0.053152 -1.587293
519463750 3.387321 -10.027117 -0.713168 -2.787327 0.394883 -1.853458
539443125 0.406190 -10.889497 -1.930161 -2.782872 0.394883 -1.853458
559422500 0.075312 -13.603365 -1.470413 -2.838732 0.894313 -1.520952
579401875 2.651699 -18.432964 0.019455 -2.763438 0.894313 -1.520952
599381250 5.117407 -23.441776 0.727148 -2.708451 0.973027 -1.453161
619360625 5.187381 -27.800404 0.225943 -2.358253 1.321643 -1.665947
639340000 3.288129 -33.096794 -1.070431 -1.763586 1.509021 -1.591591
659319375 0.794484 -38.633629 -0.394778 0.230128 1.557331 -2.865052
679298750 1.400541 -47.443462 -0.699106 1.557034 1.503435 2.639593
699278125 2.352578 -60.204609 -3.101282 2.628306 1.262972 1.773373
719257500 -13.662493 -70.580643 -3.558505 2.785078 1.099230 1.689102
739236875 -27.762917 -73.607620 -2.970710 2.810326 1.099230 1.689102
759216250 -33.425579 -77.277481 -5.145121 2.821098 1.071033 1.722501
779195625 -44.365879 -77.015678 -9.303822 2.535174 0.987621 1.762015
799175000 -55.395618 -59.450802 -12.445557 1.084036 0.638020 1.707453
819154375 -57.252617 -39.488869 -7.963000 0.214163 0.765994 1.594088
839133750 -42.787014 -36.917015 -0.057139 0.073236 0.760765 1.470542
859113125 -39.834812 -31.913174 5.567558 0.095755 0.597592 1.414730
879092500 -41.422958 -20.233131 8.055891 0.109654 0.597592 1.414730
899071875 -38.238041 -11.648175 4.595998 0.069939 0.353650 1.554618
919051250 -35.996780 -3.316111 1.695139 0.039381 0.353650 1.554618
939030625 -31.296032 2.609518 1.000561 0.035533 0.239328 1.576040
959010000 -24.962748 5.202384 1.745312 0.059039 0.180159 1.444707
978989375 -19.808493 6.662687 3.990111 0.082865 0.133422 1.333145
998968750 -16.934013 7.959643 5.779241 0.069046 0.126626 1.278161
1018948125 -15.213696 8.174364 6.407493 0.081026 0.126626 1.278161
1038927448 -13.258429 7.037181 6.682116 0.046081 0.198308 1.230550
1058906771 -10.998600 5.510771 6.081499 0.037870 0.310011 1.221179
1078886094 -8.987158 3.370638 5.424412 0.061265 0.466539 1.218239
1098865417 -6.085164 1.339972 4.163130 0.028174 0.665755 1.235424
1118844740 -3.563322 -0.482265 2.305585 0.028709 0.867267 1.339347
1138824063 -1.285173 -1.703821 0.268325 0.088670 1.035685 1.544963
1158803386 1.115501 -2.279939 -2.938391 0.237158 1.059247 2.180586
1178782709 0.717098 -2.216613 -3.699855 0.279589 1.059247 2.180586
1198762032 -1.748858 -1.736300 -1.773106 -0.110991 0.838438 1.473852
1218741355 -2.377944 -1.528892 0.290511 -0.324334 0.983220 1.223534
1238720677 0.075387 -2.726124 1.436207 -0.259120 0.983220 1.223534
1258700000 2.165813 -4.121113 1.064857 -1.113246 1.198219 1.106358
1278679323 3.138775 -4.491991 0.126954 -1.252328 1.198219 1.106358
1298658646 3.797595 -4.080739 -1.880885 2.310282 1.251788 1.430820
1318637969 3.455285 -3.183146 -4.003304 0.770386 0.985145 1.918072
1338617292 2.200636 -2.148012 -5.107020 0.781267 0.857495 1.865042
1358596615 1.148600 -1.549756 -5.471197 0.844280 0.869431 1.931052
1378575938 1.639836 -1.526259 -6.088840 0.848297 0.869431 1.931052
1398555261 2.689310 -1.309964 -5.996141 1.064739 0.977137 1.705589
1418534584 3.015198 -1.146107 -4.785777 1.154653 0.977137 1.705589
1438513907 3.570394 -0.861866 -3.495954 2.305545 1.158104 1.282887
1458493230 4.834321 -1.402497 -3.320224 -2.878378 1.292771 0.815147
1478472552 6.269177 -1.987701 -2.607310 -2.900236 1.292771 0.815147
1498451875 6.995909 -2.336669 -0.915818 -1.783324 1.194617 0.273875
