0 0.154097 -0.334810 0.945513 2.854578 -0.783033 1.530605
19979948 0.456974 -0.440755 0.710330 2.760126 -0.789794 1.662490
39959896 0.416059 -0.364890 0.116111 2.724413 -0.792105 1.724058
59939844 0.522892 -0.332489 -0.263512 2.799627 -0.799285 1.719052
79919792 0.479842 -0.138804 -0.206657 2.726452 -0.799285 1.719052
99899740 0.502895 -0.064734 0.005656 2.888460 -0.803399 1.693696
119879688 0.347001 -0.031716 -0.274846 2.829648 -0.786303 1.735349
139859636 0.169473 -0.112929 -0.419082 2.813298 -0.761029 1.753471
159839584 0.041594 -0.094240 -0.145700 2.888707 -0.751595 1.713485
179819532 -0.068697 0.003778 0.152051 2.871285 -0.748874 1.671886
199799480 -0.107127 -0.016234 0.257088 2.886726 -0.741159 1.659553
219779427 0.112021 -0.185085 0.340530 2.994798 -0.738289 1.650672
239759375 0.497470 -0.441599 1.256263 3.007435 -0.737776 1.521900
259739323 1.044877 -0.317778 2.786481 -3.075072 -0.754579 1.288717
279719271 2.040228 -0.071083 3.640687 -2.595166 -0.864882 1.104880
299699219 2.979700 0.061737 3.473559 -2.702179 -0.775841 1.191924
319679167 2.237277 0.071999 3.482105 -3.062055 -0.660293 1.422005
339659115 1.061260 -0.116850 2.385302 3.089790 -0.522925 1.757283
359639063 0.396400 -0.742831 -0.050688 2.940079 -0.356226 1.911374
379619011 -0.986319 -1.408336 -1.735666 3.008960 -0.198632 1.857961
399598959 -3.815584 -2.383664 -1.830620 -3.127022 -0.070976 1.747283
419578907 -7.267130 -3.802150 -0.794384 -3.068721 0.053571 1.636787
439558855 -11.546727 -6.162306 0.754270 -3.068376 0.053571 1.636787
459538802 -14.146614 -9.449842 -0.208488 -3.044811 0.175477 1.667498
479518750 -14.179936 -13.061222 -4.639958 -3.112894 0.295714 1.857774
499498698 -10.490817 -17.266026 -6.509192 3.100176 0.490258 2.007488
519478646 -8.331892 -21.784670 -2.166548 -2.967356 0.927968 1.449616
539458594 -7.918974 -26.416328 3.452123 -2.954027 0.927968 1.449616
559438542 -8.925223 -31.411884 4.437294 -2.907656 1.027631 1.381101
579418490 -9.342196 -36.600857 2.685721 -2.775681 1.142689 1.507890
599398438 -8.036200 -42.163391 2.240589 -0.985277 1.287824 1.546219
619378386 -5.141493 -47.921333 3.720483 -0.026676 1.444121 1.268058
639358334 -1.838259 -53.176796 3.090180 2.861919 1.394911 -1.528379
659338282 4.658715 -58.606987 3.306225 2.887355 1.281335 -1.563452
679318230 10.917650 -62.353752 3.536929 3.057825 1.224854 -1.731065
699298177 14.541918 -64.139435 0.180104 -3.080053 1.114336 -1.935047
719278125 21.703941 -64.784523 -7.756266 -3.005276 1.007080 -1.965038
739258073 29.015171 -61.290085 -12.286084 -2.867141 1.007080 -1.965038
759238021 29.614265 -53.004158 -8.384164 2.488204 0.898730 -1.663896
779217969 35.420631 -47.516045 -1.152234 1.096974 0.856290 -1.678919
799197917 37.284531 -43.015953 -1.866366 0.598740 0.856290 -1.678919
819177865 34.444477 -37.238728 -5.245794 0.320425 0.824022 -1.729858
839157813 32.498917 -31.267069 -3.022945 0.337451 0.824022 -1.729858
859137761 32.414177 -25.109116 3.027601 0.314610 0.652730 -1.503016
879117709 32.148411 -16.789337 5.073589 0.297576 0.652730 -1.503016
899097657 29.247604 -8.470892 0.274264 0.301789 0.533336 -1.650241
919077552 26.663589 -2.812394 -0.841699 0.296854 0.321596 -1.596319
939057448 25.328981 1.114247 2.690997 0.323047 0.321596 -1.596319
959037344 21.590216 3.654324 5.886052 0.361158 0.254652 -1.387800
979017240 18.169054 4.591155 7.589481 0.362657 0.253828 -1.301032
998997136 15.722075 5.032196 8.893192 0.415630 0.253828 -1.301032
1018977032 14.221064 5.564859 9.779661 0.410652 0.235240 -1.230546
1038956927 13.744963 5.184097 9.369950 0.413543 0.320899 -1.290025
1058936823 13.154787 4.319361 8.422094 0.407997 0.320899 -1.290025
1078916719 12.101425 2.994498 7.424538 0.461745 0.418491 -1.330222
1098896615 10.235431 1.979192 7.147229 0.452879 0.520354 -1.306190
1118876511 8.986237 1.038526 6.875640 0.408108 0.600943 -1.286162
1138856407 7.447293 0.222923 5.715205 0.475579 0.825413 -1.382693
1158836302 5.973070 -1.384360 4.621714 0.492005 0.914658 -1.375990
1178816198 4.563721 -2.488864 4.176404 0.635743 1.102838 -1.446021
1198796094 1.516201 -3.686450 2.805467 0.620888 1.102838 -1.446021
1218775990 -4.392488 -4.200262 0.303208 2.484779 1.453177 -2.486743
1238755886 -7.195543 -4.207269 -2.098871 -0.826571 1.223845 2.945496
1258735782 -6.725465 -3.908889 -3.535027 -0.920918 1.223845 2.945496
1278715677 -5.457072 -3.385450 -3.023857 -0.920373 1.255108 -2.991240
1298695573 -4.450719 -3.193392 -2.263101 -1.195964 1.273732 -2.606335
1318675469 -4.245310 -3.117445 -2.715303 -1.046350 1.221560 -2.559830
1338655365 -5.825575 -3.129793 -4.155660 -0.668316 1.128055 2.801552
1358635261 -8.589202 -3.087681 -4.392959 -0.641667 1.153321 2.660442
1378615157 -8.960582 -2.414512 -3.575623 -0.935475 1.261007 2.920704
1398595052 -7.441231 -1.578593 -2.452343 -0.949348 1.261007 2.920704
1418574948 -5.572035 -0.901183 -1.537590 -0.349977 1.148254 -2.027090
1438554844 -2.685822 -1.510141 -1.107087 0.044120 1.053122 -1.949565
1458534740 -1.401112 -1.426533 -1.077017 0.058318 1.041048 -1.878994
1478514636 -1.137502 -1.158804 -0.608749 0.182434 1.041048 -1.878994
1498494584 -0.581755 -1.082485 -0.150190 0.339443 1.014196 -1.795546
