0 0.085606 -0.038619 0.892757 -3.116598 -0.827761 1.519798
19979896 0.196146 0.009528 0.975628 3.004368 -0.837231 1.596477
39959792 0.188925 0.164984 0.461770 3.006063 -0.837231 1.596477
59939688 0.181252 0.315207 -0.043631 3.018446 -0.851785 1.705656
79919584 0.353523 0.267897 -0.238548 2.980407 -0.851785 1.705656
99899480 0.687097 0.152794 -0.039523 2.910789 -0.869661 1.680634
119879375 0.827949 0.117897 0.388542 3.060032 -0.876562 1.611537
139859271 0.465132 0.109421 0.394795 2.983553 -0.841802 1.606808
159839167 0.010459 0.094553 0.219689 2.928866 -0.801828 1.629604
179819063 -0.072711 -0.017547 -0.133114 3.013181 -0.782245 1.678958
199798959 0.141504 -0.232646 -0.001253 3.001041 -0.778847 1.663335
219778855 0.359488 -0.326862 0.357420 3.009385 -0.784709 1.613429
239758750 0.343310 -0.490027 0.389202 2.973070 -0.766016 1.611009
259738646 0.049310 -0.838096 -0.019342 2.966125 -0.710015 1.670946
279718542 -0.608881 -1.268612 0.025484 2.938771 -0.626755 1.660295
299698438 -1.325470 -1.626739 0.562455 3.081571 -0.506607 1.621398
319678334 -1.685551 -1.974463 0.305347 3.048343 -0.506607 1.621398
339658230 -2.320134 -2.728033 -1.062462 3.048457 -0.413482 1.761743
359638125 -3.620251 -3.946375 -2.558231 3.056604 -0.272495 1.870155
379617969 -5.029792 -5.757998 -3.648869 3.015201 -0.115583 1.917806
399597813 -6.955747 -7.703293 -4.347765 3.045041 0.016634 1.917739
419577657 -8.854948 -10.615017 -6.161938 3.097667 0.169363 1.984046
439557500 -10.166616 -14.124702 -7.674592 3.109022 0.321672 2.040544
459537344 -10.454594 -18.017006 -8.177994 -3.132323 0.493374 2.076363
479517188 -9.707411 -23.014885 -8.909614 -3.043484 0.716448 2.168641
499497032 -8.876573 -28.501951 -8.593257 -2.486181 1.104804 2.098923
519476875 -10.114660 -33.320290 -6.103567 -2.099895 1.104804 2.098923
539456719 -12.359081 -39.463104 -5.263296 -1.225458 1.196836 2.047802
559436563 -10.649366 -45.763062 -6.728839 -1.324322 1.310386 2.397598
579416407 -5.628544 -50.384621 -7.650750 -1.952569 1.372185 -3.131527
599396250 1.239719 -51.975426 -5.733181 -2.706489 1.337449 -2.305847
619376094 6.844453 -50.723034 -4.704586 -2.918126 1.194835 -2.145046
639355938 8.087280 -49.578243 -7.507968 -3.010577 1.194835 -2.145046
659335782 11.212988 -51.525375 -6.548028 3.106831 1.184732 -2.047952
679315625 17.597643 -49.794903 -1.798009 2.549858 1.124910 -1.785985
699295469 20.993418 -47.684265 -0.372424 2.120591 1.090390 -1.719165
719275313 23.422895 -47.043434 -8.007866 1.886180 1.049586 -1.954700
739255157 24.880577 -45.491379 -12.395473 1.310171 1.017336 -2.070324
759235000 25.034435 -40.861805 -7.991655 0.877283 1.027538 -1.949394
779214844 26.833624 -34.311962 -6.634714 0.570726 0.971249 -1.886604
799194688 28.564056 -27.139547 -7.986711 0.486251 0.876933 -1.909994
819174532 30.004541 -18.702616 -8.405102 0.419590 0.743927 -1.907500
839154375 28.901939 -11.949376 -11.033791 0.434041 0.627036 -2.006248
859134219 25.988024 -6.585731 -9.560654 0.445958 0.436699 -1.856993
879114063 28.202288 -2.525607 -5.626618 0.414868 0.436699 -1.856993
899093907 29.594482 0.402510 -5.115041 0.441732 0.328623 -1.829278
919073750 28.666531 0.842480 -5.388519 0.497184 0.321125 -1.851535
939053594 25.039919 1.456341 -3.121037 0.476041 0.347380 -1.801598
959033438 18.783073 0.297194 -3.375156 0.567078 0.499876 -1.905581
979013334 13.161049 -0.892061 -1.877414 0.629242 1.097914 -1.792286
998993230 6.940252 -1.295204 1.568347 0.674804 1.097914 -1.792286
1018973125 1.560549 -0.831331 3.951830 -0.254542 1.457061 -0.519558
1038953021 -1.727290 -0.350994 4.250152 -1.429273 1.309337 1.046262
1058932917 -2.766294 -0.254543 3.216527 -1.695073 1.265026 1.464165
1078912813 -3.068229 -0.017797 3.160433 -1.741438 1.247847 1.489573
1098892709 -2.990453 0.081795 3.521890 -1.551987 1.263852 1.374877
1118872605 -3.318924 -0.283209 3.698445 -1.598420 1.240070 1.389455
1138852500 -3.792890 -0.518441 3.573733 -1.548111 1.240070 1.389455
1158832396 -4.234372 -0.603139 3.475665 -1.491265 1.216238 1.417994
1178812292 -3.941465 -0.219762 3.217548 -1.534831 1.238858 1.447890
1198792188 -2.754249 -0.042037 2.598691 -1.813337 1.353566 1.596682
1218772084 -1.898051 0.519740 1.538522 -2.842465 1.404313 2.223934
1238751980 -1.332024 0.518040 0.473587 2.596406 1.365958 2.835512
1258731875 -1.356943 0.558740 -0.287756 2.276787 1.307460 2.937648
1278711771 -1.314083 0.383012 -0.738669 2.151562 1.283237 3.007367
1298691667 -1.245890 0.322980 -0.801956 2.108000 1.290372 3.056547
1318671563 -0.902235 0.322547 -0.704796 1.753781 1.322400 -2.954380
1338651459 -0.675764 0.044152 -0.693293 1.667817 1.322400 -2.954380
1358631355 -0.411165 0.077155 -0.528757 1.530365 1.329880 -2.655493
1378611250 -0.149915 0.311681 -0.523283 1.471418 1.329880 -2.655493
1398591146 -0.158166 0.518581 -0.960025 1.398658 1.293389 -2.696009
1418571042 0.009641 0.461785 -1.415193 1.274480 1.252780 -2.680597
1438550938 0.149685 0.438777 -1.311335 1.074735 1.257004 -2.595440
1458530834 0.312395 0.440084 -1.149366 1.069671 1.259455 -2.493970
1478510730 0.491680 0.518008 -0.856595 0.945043 1.262684 -2.355514
