0 0.090353 -0.165771 0.336789 -2.413038 -1.022997 -1.582854
19979323 0.007746 0.032273 0.043073 -2.449105 -1.020562 -1.640071
39958646 0.215563 0.005841 0.043817 -2.442143 -1.020562 -1.640071
59937969 0.471039 -0.068180 0.011582 -2.462045 -0.975469 -1.671495
79917292 0.596596 -0.193125 -0.151006 -2.433441 -0.975469 -1.671495
99896615 0.870121 -0.383790 -0.109115 -2.482497 -0.942069 -1.660296
119875938 1.108814 -0.570250 -0.172874 -2.493220 -0.905708 -1.782628
139855261 1.046164 -0.600618 -0.884147 -2.572282 -0.898297 -1.805209
159834584 1.082438 -0.713059 -1.075675 -2.571110 -0.887720 -1.798435
179813907 1.243547 -0.796097 -1.133132 -2.515961 -0.899007 -1.891142
199793229 1.108768 -0.700416 -1.813880 -2.521117 -0.913186 -1.877703
219772552 0.905930 -0.919425 -1.803082 -2.521117 -0.913186 -1.877703
239751875 0.764511 -1.015707 -1.481775 -2.476587 -0.935151 -1.653570
259731198 0.790944 -1.414990 -0.796288 -2.504496 -0.935151 -1.653570
279710521 1.549755 -1.846458 0.273311 -2.554163 -0.852369 -1.452029
299689844 2.413221 -2.863554 0.822723 -2.712303 -0.517485 -1.534681
319669167 3.209674 -4.712842 -0.168656 -2.753505 -0.264118 -1.560149
339648490 4.591087 -6.703925 -0.265860 -2.802618 0.012943 -1.572218
359627813 5.941062 -9.247100 -0.224237 -2.778767 0.276869 -1.690333
379607136 7.680513 -12.377004 -1.331024 -2.763099 0.474198 -1.985833
399586459 11.460904 -17.368027 -6.173160 -2.728800 0.640011 -1.980303
419565782 15.527427 -23.772463 -7.393116 -2.734025 0.809403 -1.901345
439545104 18.876635 -31.509346 -6.460602 -2.735981 0.809403 -1.901345
459524427 18.895832 -40.012497 -7.123615 -2.412606 1.000661 -1.958858
479503750 14.118826 -48.943050 -6.917534 0.033186 1.249451 -2.122416
499483073 6.582153 -55.976036 -2.605860 0.528744 1.506007 -2.525053
519462396 2.256260 -62.563354 4.382123 -2.793029 1.467723 0.820633
539441719 3.602736 -69.451271 10.707234 -2.258035 1.415536 0.419025
559421042 -5.351154 -70.088043 10.514834 -2.638624 1.342928 0.992314
579400365 -17.963100 -62.679184 6.998044 -3.099105 1.184260 1.358392
599379688 -20.468721 -57.267815 3.341179 2.818625 1.147966 1.482700
619359011 -19.360155 -59.033173 4.586240 2.761087 1.194512 1.414810
639338334 -22.504358 -66.245651 8.704355 2.285086 1.203522 1.272881
659317657 -25.674614 -69.764664 17.180988 0.530494 1.168536 1.028959
679296979 -34.846157 -67.111237 16.966404 0.581269 1.089371 1.116354
699276302 -41.514095 -55.783409 11.862911 0.483893 0.991870 1.266066
719255625 -42.370335 -39.138508 8.274037 0.444875 0.869584 1.341081
739234948 -40.473705 -24.658772 6.762522 0.383509 0.735206 1.361735
759214271 -36.798779 -13.559019 3.584578 0.297912 0.611821 1.430278
779193594 -32.838509 -5.753594 0.905937 0.265495 0.495545 1.509578
799172917 -29.541620 0.004333 0.371459 0.201418 0.367094 1.536567
819152240 -27.240005 3.320054 1.207849 0.155058 0.268665 1.513011
839131615 -23.538410 3.724105 3.918701 0.226756 0.290143 1.378948
859110990 -20.757164 4.067054 5.587836 0.290573 0.305610 1.264305
879090365 -19.956785 5.068464 4.871898 0.270129 0.264869 1.297615
899069740 -19.341103 5.608341 3.396863 0.172821 0.247153 1.382538
919049115 -17.355803 4.809315 3.395274 0.167688 0.328227 1.365609
939028490 -13.942774 3.313479 4.504398 0.253041 0.495140 1.232629
959007865 -9.670546 0.715340 4.274252 0.250341 0.809603 1.125719
978987240 -4.953385 -1.195614 2.859203 0.380182 1.174543 1.027425
998966615 -0.588234 -2.562759 0.028993 -0.704586 1.535613 2.275936
1018945990 1.809032 -4.279144 -1.714684 -1.720721 1.402857 -2.478123
1038925365 2.420934 -4.386357 -0.358860 -2.489342 1.455648 -1.896251
1058904740 4.592080 -4.346083 0.410712 -1.664313 1.259212 -1.578688
1078884115 6.488732 -4.676250 0.169367 -0.833348 1.259212 -1.578688
1098863490 7.816729 -4.461452 0.315607 -0.544810 1.191411 -1.551739
1118842865 8.545505 -4.433045 1.644974 -0.256822 1.146958 -1.336265
1138822240 6.830253 -3.427416 1.263707 -0.203741 1.235562 -1.295441
1158801615 4.797666 -1.022506 0.757494 -2.772038 1.471599 -1.072797
1178780990 3.574874 0.079167 0.095209 -2.818323 1.471599 -1.072797
1198760365 3.222550 -0.483253 -0.753756 -1.301518 1.537036 -2.340633
1218739740 4.105959 -0.684111 -1.672505 -0.793480 1.436408 -2.438413
1238719115 4.169343 -0.842217 -2.461649 -0.518229 1.383168 -2.725828
1258698490 3.892816 -1.081634 -1.682723 -0.513157 1.467528 -2.752604
1278677865 3.261146 -1.199885 -0.407923 1.322829 1.442809 0.799024
1298657240 2.597554 -0.758175 0.127418 0.714910 1.389020 1.278908
1318636615 1.804945 -0.329507 -0.383480 0.356097 1.313811 1.623383
1338615990 0.934149 -0.375189 -1.115856 0.400498 1.313811 1.623383
1358595365 -0.468707 -0.338667 -1.422060 0.348612 1.181769 1.193998
1378574740 -0.012544 0.002166 0.373557 0.480584 1.181769 1.193998
1398554115 0.345096 0.843104 0.252228 0.384476 1.175363 1.173277
1418533490 0.404223 0.450030 -0.404127 0.388402 1.259109 1.780296
1438512865 0.864591 0.141568 -1.886846 0.402392 1.254512 1.864829
1458492240 0.924176 0.146005 -2.117679 0.350136 1.174751 1.664121
1478471615 0.326565 0.871950 -1.514553 0.425126 1.082293 1.489719
1498450990 -0.606036 0.730448 -0.743898 0.351781 1.019301 1.351727
