0 0.108978 -0.167253 -0.408403 3.139237 -0.908284 2.005609
19979740 0.043406 -0.224276 -0.640269 3.085416 -0.892364 2.031803
39959479 -0.012211 -0.271355 -0.451898 3.107120 -0.892665 1.997613
59939219 -0.108708 -0.236792 -0.203353 -3.138740 -0.897322 1.930406
79918959 -0.208124 -0.198129 -0.106987 -3.134623 -0.897322 1.930406
99898698 -0.181950 -0.206888 -0.015902 -3.097165 -0.919959 1.885276
119878438 -0.063335 -0.184782 0.183872 -3.062810 -0.942471 1.846177
139858177 0.030900 -0.052287 0.424307 -3.059392 -0.942471 1.846177
159837917 0.278550 0.065817 0.375640 -3.093295 -0.968821 1.863411
179817656 0.285510 0.129521 0.117063 3.113054 -0.940350 1.953406
199797396 0.044694 0.191797 -0.291387 3.120107 -0.940350 1.953406
219777136 -0.042815 0.212432 -0.141841 -3.096568 -0.939878 1.887569
239756875 -0.077316 0.172756 0.044491 3.097714 -0.919399 1.845921
259736615 -0.275018 0.018131 0.210611 -3.125379 -0.919399 1.845921
279716354 -0.531435 -0.230302 0.346083 -3.099750 -0.851098 1.803454
299696094 -0.675628 -0.566023 0.277360 -3.085550 -0.851098 1.803454
319675834 -1.161096 -1.077042 0.139443 -3.096369 -0.779832 1.799908
339655573 -2.030313 -1.721154 0.110450 -3.116081 -0.674623 1.774655
359635313 -4.056302 -2.655242 -0.139348 -3.044299 -0.175420 1.674124
379615052 -7.886301 -5.633739 -0.002778 -3.074733 -0.175420 1.674124
399594792 -10.553701 -11.921981 -0.435130 -3.082919 0.475986 1.790052
419574531 -14.214163 -18.779739 -3.661799 -3.064389 0.540955 1.826556
439554271 -20.993750 -24.730478 -6.065479 -2.987844 0.540955 1.826556
459534011 -23.126139 -32.431686 -4.279686 -2.810231 0.712336 1.760150
479513750 -21.459623 -39.690388 -2.935692 -1.981654 1.186530 1.773180
499493490 -16.254742 -46.930882 -1.934118 -1.329714 1.186530 1.773180
519473229 -9.612741 -52.162323 0.129392 -0.564528 1.433064 1.769867
539452969 -2.652282 -53.954082 2.154315 2.681547 1.510249 -1.459643
559432709 -1.160403 -54.774532 -1.253904 -2.946661 1.435052 -2.161466
579412448 -2.877551 -56.907272 -3.821616 -2.627371 1.416216 -2.541523
599392188 1.463126 -60.089340 -2.352202 -3.075871 1.387503 -2.129422
619371927 5.900949 -61.212959 -0.539971 2.943574 1.299827 -1.999900
639351667 9.840910 -61.124664 -3.998295 2.688762 1.299827 -1.999900
659331406 16.203318 -60.257317 -7.093418 1.881734 1.183696 -1.906206
679311146 21.389801 -58.132343 -5.585835 1.881734 1.183696 -1.906206
699290886 23.216526 -53.400558 -7.485979 0.691161 1.150922 -1.952911
719270625 24.991800 -50.129475 -6.902257 0.490268 1.098414 -1.766400
739250365 27.553122 -44.313736 -3.615251 0.265835 0.908768 -1.777937
759230104 34.832539 -33.575459 -5.727655 0.294483 0.908768 -1.777937
779209844 39.177261 -23.487602 -8.547884 0.235997 0.608105 -1.591261
799189584 37.421520 -14.056436 0.525864 0.259317 0.608105 -1.591261
819169323 35.876278 -5.740966 3.322563 0.255769 0.446961 -1.500742
839149063 31.704380 0.204094 -3.748087 0.433299 0.268536 -1.830844
859128802 28.358870 2.767205 -5.785977 0.405236 0.351289 -1.725330
879108542 22.967640 2.449834 -2.021819 0.432991 0.351289 -1.725330
899088281 15.835714 1.981327 0.177118 0.505710 0.795624 -1.829542
919068021 10.289363 0.913828 -0.991477 0.713929 0.909538 -2.020114
939047761 8.182332 0.127179 -2.056283 0.677135 0.909538 -2.020114
959027500 6.866623 -0.460471 -1.886128 0.749072 0.993914 -2.050742
979007240 4.581289 -0.642286 -1.689529 1.318514 1.186247 -2.618150
998986979 1.933905 -0.214059 -2.431549 1.196086 1.186247 -2.618150
1018966719 0.323111 -0.382863 -3.124661 1.381377 1.171421 -2.934936
1038946459 -1.053104 -0.190898 -3.138374 1.688035 1.163177 3.126210
1058926198 -1.842771 -0.344119 -2.804440 2.450848 1.164541 2.797548
1078905938 -3.169392 -0.069146 -2.469861 -2.668398 1.192041 2.705056
1098885677 -3.734843 -0.426494 -1.924200 -2.941876 1.192041 2.705056
1118865417 -3.440360 -1.149084 -0.949433 -2.785125 1.515978 2.506672
1138845156 -2.739676 -1.367649 1.779372 -2.673419 1.515978 2.506672
1158824896 -1.535849 -1.325423 4.264355 0.788277 1.424584 -1.215474
1178804636 -1.288571 -0.594716 2.834245 2.128340 1.246770 -2.899962
1198784375 -2.107333 -0.544544 -1.051638 2.030826 1.246770 -2.899962
1218764063 -3.351387 -0.546741 -2.733549 0.934729 1.104678 3.092588
1238743750 -2.870548 -0.486288 -0.686815 1.101678 1.395549 -1.490483
1258723438 -1.653839 0.056407 2.670381 1.053059 1.395549 -1.490483
1278703125 -0.270465 0.295429 3.938227 0.664839 1.207675 -1.142808
1298682813 0.299533 0.248932 3.318384 0.941984 1.154658 -1.663486
1318662500 0.276892 0.181642 1.908123 1.012681 1.149559 -1.909303
1338642188 -0.131110 0.251822 0.834511 1.084686 1.166257 -2.024045
1358621875 -0.690027 0.281126 0.410323 1.237306 1.185781 -2.165511
1378601563 -1.247363 0.127403 -0.021763 1.281146 1.185781 -2.165511
1398581250 -1.328530 0.411530 0.152987 1.199606 1.179665 -2.116421
1418560938 -0.775734 0.467714 0.589418 0.889912 1.068260 -1.810305
1438540625 0.076540 0.156549 0.915331 0.804516 1.037711 -1.734527
1458520313 0.260512 0.248790 1.272085 0.807982 1.016286 -1.803950
1478500000 0.206584 0.301368 0.924568 0.767247 0.972080 -1.899406
