0 -1.035771 -0.129113 1.208117 -0.618203 -1.389167 -0.006524
19979323 -1.333986 0.200936 0.923383 -0.437873 -1.422214 0.177468
39958646 -1.199355 0.310578 0.805044 -0.592668 -1.442956 0.073910
59937969 -0.779304 0.287951 0.299444 -1.083256 -1.489335 -0.455601
79917292 -0.681219 0.387709 -0.123802 -1.683780 -1.512635 -1.058521
99896615 -0.817518 0.433338 -0.284103 -1.856324 -1.524519 -1.299367
119875938 -0.976207 0.507058 -0.218191 -1.700004 -1.527665 -1.098771
139855261 -1.203786 0.691339 -0.055275 -0.814846 -1.508923 -0.286261
159834584 -1.482733 0.830463 0.176327 -0.860729 -1.508923 -0.286261
179813907 -1.563660 0.710627 0.407261 -1.046323 -1.458031 -0.530668
199793229 -1.492355 0.500072 0.523857 -1.332724 -1.446292 -0.702437
219772552 -1.503108 0.487893 0.503761 -1.312713 -1.446292 -0.702437
239751875 -1.182612 0.552234 0.350883 -2.052099 -1.364698 -1.348175
259731198 -0.864536 0.492344 0.041037 -2.260353 -1.255685 -1.452271
279710521 -0.104449 0.252002 -0.013785 -2.202769 -1.255685 -1.452271
299689844 1.094472 -0.080642 -0.263218 -2.583967 -0.935850 -1.620530
319669167 2.447471 -0.571851 -0.652578 -2.578192 -0.935850 -1.620530
339648490 3.487149 -1.612489 -1.064497 -2.695223 -0.769356 -1.662794
359627813 4.135359 -2.834488 -1.101665 -2.708223 -0.619040 -1.650469
379607136 4.534041 -4.164755 -0.782736 -2.719989 -0.471520 -1.599522
399586459 4.871182 -5.765806 -0.613571 -2.785789 -0.132549 -1.445915
419565782 5.611680 -7.249949 0.465686 -2.838346 0.027123 -1.307802
439545104 6.851526 -8.964764 2.190527 -2.845983 0.027123 -1.307802
459524427 8.552925 -10.861353 2.653677 -2.872445 0.157459 -1.300559
479503750 11.858444 -14.456210 1.162305 -2.823986 0.329262 -1.430569
499483073 13.892899 -18.585632 0.788355 -2.789615 0.486296 -1.457303
519462396 13.523262 -22.632748 2.343354 -2.712098 0.655950 -1.359525
539441719 13.811863 -28.551325 3.098793 -2.578030 0.979376 -1.263172
559421042 15.708773 -35.844627 4.295109 -2.472775 0.979376 -1.263172
579400365 16.236757 -47.480568 6.194786 -2.154777 1.158669 -1.152245
599379688 17.454788 -67.391579 6.274728 -1.417936 1.518166 -0.572669
619359011 8.886168 -85.941582 4.262117 -1.225409 1.518166 -0.572669
639338334 -13.049229 -82.536629 3.218984 3.033198 1.310711 1.479283
659317657 -16.196909 -76.904305 -5.331674 2.738490 1.206828 1.790374
679296979 -19.029739 -69.820877 -5.103560 2.568609 1.206828 1.790374
699276302 -21.428940 -58.988449 2.128798 2.929434 1.159116 1.369583
719255625 -22.106081 -57.978516 5.571063 2.627407 1.159116 1.369583
739234948 -28.119730 -59.285141 5.331914 1.159431 1.065316 1.521955
759214271 -32.650803 -54.072334 1.102049 0.697187 1.065316 1.521955
779193594 -37.509022 -42.026825 2.148147 0.434682 0.932266 1.498669
799172917 -38.926304 -28.692392 4.474066 0.379185 0.652893 1.439512
819152240 -37.312698 -17.751938 3.922605 0.398698 0.652893 1.439512
839131563 -33.127422 -11.713600 1.659799 0.343885 0.606278 1.488585
859110886 -29.282051 -7.654053 -2.494864 0.268630 0.578029 1.624817
879090209 -26.681683 -3.761851 -5.479335 0.194731 0.417759 1.804164
899069532 -24.814526 -0.093136 -6.267752 0.177375 0.417759 1.804164
919048854 -22.714979 4.043283 -4.856659 0.158252 0.287911 1.768357
939028177 -17.594378 4.178981 -2.543561 0.199554 0.360431 1.696615
959007500 -13.379542 2.084935 1.359447 0.298956 0.573612 1.446418
978986823 -11.369277 1.339928 3.645491 0.387495 0.731243 1.176564
998966094 -9.535293 0.422452 4.399670 0.383260 0.731243 1.176564
1018945365 -7.127042 -0.522312 5.202533 0.481503 0.933569 1.001990
1038924636 -5.011343 -1.334804 4.953483 0.400898 0.933569 1.001990
1058903907 -2.381002 -2.554392 4.628520 0.490299 1.079748 0.902488
1078883177 -0.046324 -2.767856 4.842553 0.486660 1.148882 0.695327
1098862448 1.894077 -2.563626 4.365964 0.468535 1.305706 0.611364
1118841719 2.856805 -2.516790 3.047769 0.055037 1.305706 0.611364
1138820990 2.845012 -2.009979 2.038152 1.388494 1.319899 0.952227
1158800261 2.439083 -1.672803 1.985352 0.654574 1.246669 1.108504
1178779532 2.972037 -1.709019 2.591101 1.131329 1.222841 0.958028
1198758802 3.860096 -2.741497 2.823656 -2.271653 1.267454 0.821627
1218738073 3.877897 -3.041731 2.557575 -2.672609 1.265180 0.939488
1238717344 3.483322 -2.957737 2.362528 2.993221 1.218493 1.083741
1258696615 3.718168 -2.953969 2.045803 2.506197 1.232180 1.285009
1278675886 4.139813 -2.475135 1.431082 2.560278 1.232180 1.285009
1298655157 4.556396 -2.188050 0.335507 1.759601 1.236769 1.921834
1318634427 4.870102 -2.014593 -0.783535 1.808437 1.236769 1.921834
1338613698 5.050926 -1.665172 -1.142647 1.645437 1.215130 2.020556
1358592969 4.675693 -1.260927 -0.815949 1.798855 1.167235 1.860291
1378572240 4.056719 -1.057900 -0.667178 1.752163 1.095598 1.749120
1398551511 3.242613 -0.766080 -1.070324 1.403317 0.994139 1.765288
1418530782 2.001340 -0.367679 -1.580668 0.951059 0.740101 1.722059
1438510052 0.888458 0.060902 -1.627310 0.986351 0.740101 1.722059
1458489323 0.194067 0.199573 -1.354708 0.893374 0.682095 1.648624
1478468594 -0.214122 -0.120976 -1.076843 0.818220 0.674648 1.587326
