0 0.801054 0.254476 -0.396340 -3.046475 -1.217324 1.587741
19979791 1.191799 0.315582 0.453485 3.102223 -1.217324 1.587741
39959583 1.294621 0.389829 0.624187 3.122555 -1.224988 1.529906
59939375 0.904915 0.445199 0.277669 -3.135911 -1.123080 1.696567
79919166 0.361038 0.439037 -0.101120 -3.136054 -1.093732 1.701797
99898958 0.128493 0.408615 -0.196695 -3.074716 -1.093732 1.701797
119878750 -0.120118 0.474953 0.072161 -3.049521 -1.026553 1.485932
139858489 -0.651914 0.544063 0.835665 -3.110800 -1.026553 1.485932
159838229 -0.975754 1.024260 2.198037 -3.119914 -1.036618 1.134307
179817968 -0.206755 1.059671 2.875173 -2.974058 -1.094866 1.169862
199797708 0.872472 0.333563 2.394019 -2.910873 -1.094866 1.169862
219777448 0.946273 0.394556 1.033436 -2.868497 -1.063075 1.805256
239757187 0.624303 0.450088 -0.170191 -2.821909 -1.063075 1.805256
259736927 0.879792 -0.038414 -1.144509 -2.736637 -1.007936 2.014497
279716666 0.641313 -0.000033 -1.359771 -2.901547 -0.941443 1.979766
299696406 0.618371 -0.233301 -1.172424 -2.766469 -0.941443 1.979766
319676145 0.513259 -0.517005 -0.773389 -2.886307 -0.913923 1.890440
339655885 0.325516 -1.060512 -1.056996 -2.899565 -0.761772 1.853771
359635625 -0.113999 -1.563655 -1.025714 -2.831425 -0.696006 1.658886
379615364 -0.668571 -1.906552 -0.040216 -2.902789 -0.579824 1.526495
399595104 -1.358606 -2.552551 0.656934 -2.896881 -0.579824 1.526495
419574843 -2.990556 -2.720944 1.473600 -2.882584 -0.465529 1.425885
439554583 -5.949056 -3.716889 1.366211 -2.949778 -0.293513 1.459265
459534323 -8.572357 -5.445045 1.080190 -2.982604 -0.007497 1.532449
479514062 -9.806248 -7.701180 0.490913 -2.953165 -0.007497 1.532449
499493802 -9.900484 -10.579986 0.197534 -2.941374 0.156713 1.550084
519473541 -9.993699 -14.340055 -0.506531 -2.919672 0.372340 1.599177
539453281 -11.871723 -17.803143 -0.789785 -2.838594 0.508389 1.621979
559433020 -11.552639 -20.749599 -0.998794 -2.717221 0.933237 1.713482
579412760 -9.321813 -24.076565 -1.043370 -2.485862 0.933237 1.713482
599392500 -7.673179 -27.149132 -0.769000 -1.826280 1.172338 1.774341
619372239 -6.438153 -29.936195 -1.269130 -1.348438 1.348193 2.037257
639351979 -5.027991 -32.835621 0.441821 -0.976382 1.523929 2.038562
659331718 -3.711706 -34.837513 3.126777 1.953287 1.474643 -0.766942
679311458 -2.677944 -37.334789 2.918628 2.456213 1.433703 -1.255611
699291198 -3.571440 -40.839767 2.507298 2.612982 1.457633 -1.461051
719270937 -1.911539 -44.570972 3.825406 2.785147 1.388328 -1.721126
739250677 0.836813 -47.698009 1.654087 2.723902 1.388328 -1.721126
759230416 5.114649 -48.939873 -3.332212 2.970598 1.309369 -2.046946
779210156 10.195256 -45.818882 -6.565180 2.978907 1.164357 -2.150527
799189895 12.688278 -42.093578 -9.005640 2.674088 1.164357 -2.150527
819169635 13.713710 -39.566345 -4.830167 1.752217 1.197534 -1.954065
839149375 16.154259 -39.640533 -5.206460 0.987792 1.186715 -1.923909
859129114 17.292061 -39.957504 -11.267031 0.596239 1.150935 -2.162248
879108854 18.323246 -36.122971 -12.209023 0.503126 1.119548 -2.185840
899088593 20.274500 -28.745350 -9.231606 0.347138 1.068068 -2.031167
919068333 22.229986 -21.170061 -8.867783 0.305346 0.837804 -2.134053
939048073 21.618250 -14.785407 -12.170519 0.348265 0.837804 -2.134053
959027812 24.813568 -9.056680 -10.000306 0.320537 0.674952 -1.991781
979007552 24.948355 -3.844154 -10.077638 0.361895 0.522969 -1.995741
998987291 21.239138 -0.893554 -11.271184 0.477158 0.468976 -2.130312
1018967031 17.949238 0.931790 -8.588495 0.358627 0.552672 -1.962231
1038946770 15.397184 1.622572 -4.665486 0.381508 0.552672 -1.962231
1058926510 12.844660 1.302692 -1.789561 0.272166 0.850900 -1.696153
1078906250 10.647614 0.670721 -0.223332 0.201261 1.008476 -1.543392
1098885989 8.789334 -0.426512 1.157634 0.260062 1.008476 -1.543392
1118865729 6.627295 -1.227938 2.025403 0.185802 1.160246 -1.392488
1138845468 3.710555 -1.028257 2.693499 0.068348 1.327843 -1.039926
1158825208 1.061376 -0.913675 3.202719 -0.739484 1.406684 -0.101682
1178804948 -0.388188 -0.846974 3.290571 -1.418616 1.389410 0.782580
1198784687 -1.385350 -0.446426 2.763854 -1.280401 1.389410 0.782580
1218764427 -2.807523 -0.150575 1.724365 -1.741268 1.340819 1.418051
1238744166 -3.641353 -0.259365 1.170625 -1.921730 1.331698 1.636789
1258723906 -3.558626 -0.050047 1.112796 -1.686420 1.331698 1.636789
1278703645 -3.152232 0.038811 0.940178 -1.868518 1.392985 1.728788
1298683385 -2.589489 -0.113686 0.418509 -2.627672 1.452698 2.249461
1318663125 -3.164990 -0.434760 -0.173009 -2.650964 1.397682 2.368057
1338642864 -3.346286 -0.337060 -0.272172 -2.460414 1.392452 2.395396
1358622604 -3.086103 -0.466627 -0.011747 -2.783280 1.440881 2.465127
1378602343 -2.698028 -0.355546 0.357705 -2.906452 1.500487 2.644645
1398582083 -2.072147 -0.233604 0.100447 2.302736 1.480047 -2.701141
1418561823 -2.249143 -0.133380 -1.042073 2.454504 1.377263 -2.987355
1438541562 -2.370381 -0.191382 -1.697798 1.978010 1.317696 -3.051536
1458521302 -1.588818 -0.241989 -1.079760 1.301341 1.363787 -2.180053
1478501041 -1.018164 0.045041 -0.285300 1.256993 1.363787 -2.180053
1498480781 -1.067569 0.296394 -0.420061 1.573062 1.363617 -2.502234
