0 0.387550 -0.181350 0.070496 -2.690084 -0.939291 -1.986406
19979636 0.248416 0.015855 -0.239187 -2.753318 -0.895596 -2.043007
39959271 0.814453 -0.144883 -0.466415 -2.770131 -0.895596 -2.043007
59938907 0.988339 -0.278815 -0.572902 -2.704555 -0.931195 -2.017048
79918542 0.550489 -0.159694 -0.131842 -2.711612 -0.931195 -2.017048
99898125 -0.194549 0.215304 0.192439 -2.602564 -1.007783 -2.018253
119877709 -0.120598 0.146855 0.170238 -2.653347 -1.007783 -2.018253
139857292 0.459560 -0.122408 0.117126 -2.764304 -0.948111 -1.984019
159836875 0.593839 -0.034434 0.007059 -2.763372 -0.940269 -1.991006
179816459 0.669032 0.018830 0.108328 -2.773563 -0.940766 -1.971656
199796042 1.115766 0.019485 -0.302235 -2.762832 -0.897936 -2.002279
219775625 1.205896 0.012841 -0.886372 -2.776517 -0.867367 -2.022770
239755209 1.601210 0.160677 -0.722338 -2.856877 -0.805446 -2.018861
259734792 2.235150 -0.217467 -1.019951 -2.920141 -0.753193 -1.978802
279714375 3.050211 -0.459746 -1.068349 -2.900697 -0.753193 -1.978802
299693959 3.109966 -0.781659 -1.370229 -2.847604 -0.731897 -1.999071
319673542 2.877445 -1.735479 -1.129695 -2.927105 -0.695130 -1.971269
339653125 3.066660 -2.787721 0.000092 -2.957727 -0.633644 -1.820827
359632709 4.344513 -4.663797 0.062927 -2.980830 -0.417348 -1.771956
379612292 6.370505 -7.882887 -1.353284 -3.005623 -0.082505 -1.850496
399591875 8.221632 -11.645769 -1.833405 -3.008377 0.205078 -1.839649
419571459 9.725683 -15.425092 -0.461531 -2.947763 0.431754 -1.708166
439551042 10.272952 -18.952663 1.324196 -2.948171 0.768153 -1.502236
459530625 12.120263 -23.551834 2.232405 -2.823961 0.929519 -1.597297
479510209 12.781275 -28.585262 0.937441 -2.888382 0.929519 -1.597297
499489792 11.899294 -34.066776 0.066421 -0.865844 1.323705 -1.719495
519469375 8.644185 -38.562775 0.500624 0.737157 1.534913 -2.557320
539448959 3.509484 -41.286591 0.660517 2.969730 1.499083 1.568808
559428542 1.715401 -45.424309 1.610139 -2.874734 1.395525 1.132649
579408125 -1.051131 -49.553341 4.887106 -2.773730 1.267108 1.015854
599387709 -5.580844 -52.202728 9.619786 -2.793997 1.225768 1.062974
619367292 -8.608048 -55.293945 11.103588 -2.970641 1.196715 1.302067
639346875 -13.817472 -58.704308 8.021778 -3.063203 1.119437 1.467066
659326459 -22.781311 -61.891548 5.081248 -3.001026 1.046480 1.413368
679306042 -31.082733 -62.902695 7.581384 -3.089331 1.009748 1.486007
699285625 -38.602108 -64.929375 4.644926 2.957786 1.009748 1.486007
719265209 -54.033958 -58.418591 -0.042401 0.410604 0.847767 1.575331
739244792 -61.908432 -41.746933 -0.288015 0.323234 0.660986 1.571297
759224375 -55.112373 -31.149223 3.948563 0.302593 0.627730 1.475086
779203959 -47.148060 -25.460581 3.529178 0.358260 0.627730 1.475086
799183542 -40.677334 -13.094141 -3.505666 0.315045 0.512730 1.618885
819163125 -35.335808 -1.845465 -3.180526 0.277473 0.330620 1.612108
839142709 -29.648432 4.381337 -3.321542 0.286078 0.201028 1.624743
859122292 -23.474623 7.123775 -2.174445 0.246249 0.141321 1.596857
879101875 -18.936346 7.764780 0.983809 0.286806 0.140081 1.443803
899081459 -14.839375 6.936522 2.364030 0.340390 0.224650 1.322465
919061042 -11.914943 6.938895 2.137184 0.279875 0.336681 1.405954
939040625 -9.415686 6.989528 0.286459 0.274189 0.489437 1.404042
959020209 -7.657563 6.100037 0.144423 0.296539 0.641835 1.289823
978999792 -6.496177 5.024226 0.929489 0.293555 0.641835 1.289823
998979375 -5.851131 4.335793 1.811860 0.306656 0.714709 1.166603
1018958959 -5.523638 3.517708 2.579659 0.418002 0.909385 1.005256
1038938594 -4.344696 2.250209 2.626886 0.502946 1.062357 0.811417
1058918229 -2.581903 1.053132 2.813683 0.480053 1.062357 0.811417
1078897865 -1.039678 0.310198 2.368162 0.675008 1.194894 0.645139
1098877500 -1.303462 0.477839 1.735629 0.446040 1.255685 1.176012
1118857136 -1.072808 0.657625 0.198351 0.333374 1.252912 1.535093
1138836771 -1.010690 0.631228 -0.995283 0.333093 1.252912 1.535093
1158816407 -1.314465 0.861763 -2.799773 0.137292 1.142931 1.981377
1178796042 0.035497 -0.229312 -3.626738 0.016100 1.207809 2.298133
1198775677 1.758688 -1.681935 -2.532529 0.072042 1.384015 2.377106
1218755313 2.037208 -1.776081 -0.793486 0.521221 1.436161 1.499207
1238734948 1.572814 -1.420097 0.599113 0.436011 1.321907 0.991694
1258714584 1.258313 -1.321585 0.590718 0.368855 1.266327 1.075503
1278694219 1.383743 -1.510008 -0.832550 0.401888 1.287271 1.488033
1298673854 1.302403 -1.372130 -0.807788 0.360081 1.250496 1.465819
1318653490 1.343560 -1.240739 1.020373 0.102012 1.128834 0.851838
1338633125 1.437917 -1.422279 1.533170 0.237825 1.083910 1.494769
1358612761 0.374708 -0.457183 -1.584948 0.376099 1.083910 1.494769
1378592396 -0.502883 0.583520 -5.096299 0.329614 0.914213 1.930058
1398572032 -0.189816 0.455403 -4.138841 0.320641 0.914213 1.930058
1418551667 -0.614119 0.062608 -0.083596 0.068672 0.861632 0.988638
1438531302 -0.167398 -0.481427 2.064135 0.190230 0.861632 0.988638
1458510938 0.850159 -0.948128 0.204673 0.260492 0.991350 1.163612
1478490573 1.693362 -1.185434 -1.525951 0.856738 1.094713 1.365939
1498470209 2.116169 -1.112814 -1.218234 0.678695 1.094713 1.365939
