0 -0.069557 -0.169390 0.092381 -2.520589 -1.072438 -1.841382
19979531 -0.108051 -0.082150 -0.225329 -2.452157 -1.065965 -1.879822
39959062 -0.077052 -0.025685 -0.418629 -2.510761 -1.065965 -1.879822
59938594 -0.066458 -0.058774 -0.324265 -2.566701 -1.064109 -1.861430
79918125 -0.084746 0.104331 -0.350560 -2.464206 -1.070200 -1.867736
99897656 0.243305 0.031315 -0.348800 -2.544180 -1.036186 -1.848233
119877187 0.556158 -0.121833 -0.556268 -2.608619 -0.985363 -1.844173
139856719 0.652747 -0.130984 -0.467122 -2.561970 -0.985363 -1.844173
159836250 0.581860 -0.219357 -0.098982 -2.508900 -0.990438 -1.780083
179815781 0.659567 -0.203254 -0.086398 -2.608774 -0.932990 -1.830712
199795312 1.017719 -0.325656 -0.554547 -2.627346 -0.886389 -1.806934
219774844 1.365489 -0.660471 -0.524688 -2.699311 -0.844579 -1.780803
239754375 1.653127 -0.998501 -0.449583 -2.747097 -0.773337 -1.775555
259733906 2.309286 -1.373545 -0.587524 -2.714035 -0.773337 -1.775555
279713437 3.166605 -2.036064 -0.812235 -2.789345 -0.598735 -1.769760
299692916 3.761586 -2.671896 -0.940941 -2.743567 -0.598735 -1.769760
319672396 4.579596 -3.516392 -0.667352 -2.819868 -0.505171 -1.720453
339651875 5.712326 -4.500135 -0.509678 -2.858180 -0.395215 -1.687609
359631354 6.845232 -5.969915 -1.138923 -2.903743 -0.257525 -1.728116
379610833 6.842522 -7.410853 -1.731727 -2.924128 -0.086266 -1.672760
399590312 6.074536 -8.370342 -0.470737 -2.948045 0.107613 -1.414035
419569791 5.610301 -10.299825 2.161729 -2.953972 0.494548 -1.383229
439549271 8.854315 -15.988652 3.409499 -3.034611 0.662815 -1.845376
459528750 16.348091 -24.803806 -3.927491 -3.088892 0.662815 -1.845376
479508229 18.994450 -30.942390 -6.790464 3.115715 0.769570 -1.957578
499487708 11.944737 -34.644714 0.724402 -1.214903 1.129539 -1.636337
519467187 4.009349 -38.999966 5.245948 -1.417328 1.422279 -0.513819
539446666 0.667540 -42.508347 5.600955 -2.418236 1.423613 0.596733
559426146 -0.506080 -45.622086 8.059635 -2.459303 1.351832 0.719423
579405625 -2.013271 -49.000141 10.234888 -2.569036 1.269018 0.899729
599385104 -4.264218 -52.889618 11.181869 -2.554576 1.269018 0.899729
619364583 -7.486633 -55.647160 10.269579 -2.919423 1.242957 1.214367
639344062 -10.622165 -58.852119 8.277460 -2.880306 1.242957 1.214367
659323541 -13.582669 -63.589203 6.738943 -3.087402 1.204365 1.321527
679303021 -20.934223 -67.616745 7.387800 2.946197 1.204365 1.321527
699282500 -33.210812 -66.206284 4.591305 1.228385 1.093780 1.442959
719261979 -38.732761 -64.928871 2.438494 0.599291 1.057422 1.493051
739241458 -40.006542 -57.215218 2.668878 0.445934 0.906920 1.420531
759220937 -42.180248 -43.694008 5.267686 0.404069 0.906920 1.420531
779200416 -41.777992 -32.380527 9.618272 0.440887 0.726467 1.327454
799179896 -41.028881 -25.040833 7.709444 0.487774 0.726467 1.327454
819159375 -40.719154 -14.037509 -0.107616 0.377528 0.569937 1.520100
839138854 -37.796803 -4.038937 -8.894862 0.034985 0.255908 1.960924
859118333 -30.090002 2.364021 -12.592636 -0.007786 0.255908 1.960924
879097812 -23.323553 4.990755 -9.119318 0.182592 0.307082 1.726323
899077291 -19.136642 4.844909 -3.369393 0.061486 0.307082 1.726323
919056771 -16.817379 3.624769 0.918719 0.318635 0.481303 1.343728
939036250 -15.939791 2.984124 2.593314 0.269545 0.481303 1.343728
959015729 -15.379128 3.139273 3.238114 0.339011 0.474869 1.299666
978995208 -12.952764 2.213345 5.552307 0.415415 0.558489 1.088519
998974687 -7.101864 -0.008290 7.432178 0.580134 0.798189 0.677420
1018954166 -0.175978 -3.092385 6.846481 0.903556 1.074253 0.003624
1038933646 3.818111 -3.116113 4.571668 2.083944 1.266175 -0.644711
1058913125 2.902472 -1.058603 2.272715 2.704730 1.531984 -0.599734
1078892604 1.465735 1.019978 -0.330193 3.086136 1.531984 -0.599734
1098872083 0.687698 1.236626 -3.133238 -0.200416 1.250911 2.906746
1118851614 1.693386 -0.575566 -3.552854 -0.094932 1.250911 2.906746
1138831146 3.235193 -2.468974 -1.338868 -1.492454 1.518451 -1.729963
1158810677 4.277320 -3.462197 0.742082 -1.492454 1.518451 -1.729963
1178790208 4.816474 -3.910238 2.523230 -0.566550 1.383125 -0.276459
1198769739 5.030591 -3.650428 3.944290 -0.442085 1.325473 -0.259619
1218749271 5.418963 -3.735074 4.851477 -0.442085 1.325473 -0.259619
1238728802 5.538247 -2.906325 4.889874 -0.810134 1.404751 -0.360318
1258708333 5.504575 -2.700050 3.455898 -1.640361 1.541199 -0.093466
1278687864 4.829557 -2.110575 1.771107 -1.640361 1.541199 -0.093466
1298667396 3.326365 -1.280829 0.696551 0.392135 1.253494 2.092793
1318646927 1.998485 -0.317090 -0.522089 0.599217 1.253494 2.092793
1338626458 0.657996 -0.043303 -1.752874 0.397873 1.092658 2.150954
1358605989 -0.305511 0.534970 -2.702897 0.268157 0.958437 2.183901
1378585521 -0.534770 1.064635 -2.724473 0.250116 0.906652 2.161211
1398565052 0.063129 0.753157 -1.554832 0.277892 1.003986 2.037736
1418544583 0.554734 0.269901 -0.702292 0.257501 1.087286 1.918026
1438524114 0.748680 0.164806 -0.515304 0.364402 1.105398 1.893256
1458503646 0.836308 0.153662 -0.326064 0.457452 1.111748 1.859447
1478483177 0.550488 0.264000 0.100644 0.350338 1.085220 1.751258
1498462708 -0.367454 0.552542 0.228183 0.093218 0.897367 1.670922
