0 0.127929 -0.201488 0.478720 -2.339837 -0.807773 -1.515188
19979271 0.756019 -0.357975 0.370046 -2.460639 -0.738410 -1.556971
39958542 0.960459 -0.335101 0.269588 -2.323436 -0.790196 -1.578783
59937812 0.405379 -0.116652 0.136743 -2.277706 -0.790196 -1.578783
79917083 0.229313 -0.004508 -0.026243 -2.332830 -0.778622 -1.650491
99896354 0.490881 -0.092002 -0.338360 -2.285581 -0.778622 -1.650491
119875625 0.634054 -0.219566 -0.514746 -2.357759 -0.755031 -1.673610
139854896 0.838152 -0.326175 -0.270241 -2.282347 -0.735812 -1.680927
159834167 0.794338 -0.271183 -0.572585 -2.336619 -0.775335 -1.688094
179813437 0.305030 -0.138600 -0.581148 -2.277556 -0.805889 -1.651985
199792708 -0.173129 -0.154244 -0.296747 -2.279212 -0.805889 -1.651985
219771979 -0.217389 -0.343546 0.321648 -2.468406 -0.733083 -1.506201
239751250 0.371788 -0.443905 0.736383 -2.555264 -0.681206 -1.437556
259730521 0.705604 -0.698622 1.357312 -2.457744 -0.681206 -1.437556
279709792 1.120188 -0.702470 1.182559 -2.550525 -0.650597 -1.477398
299689062 1.656549 -1.602268 0.654888 -2.704825 -0.363687 -1.665368
319668333 3.399734 -2.903370 -0.335009 -2.693577 -0.363687 -1.665368
339647604 4.933199 -4.394373 -1.358343 -2.768763 -0.122042 -1.690628
359626875 6.884363 -5.441292 -0.928644 -2.774370 -0.014493 -1.724811
379606198 6.387421 -7.170451 -1.272183 -2.785475 -0.014493 -1.724811
399585521 5.393405 -8.675013 -2.240710 -2.800672 0.251220 -1.826460
419564844 4.290685 -10.600855 -1.930997 -2.762251 0.439187 -1.914553
439544167 4.399794 -13.090611 -2.858061 -2.762251 0.439187 -1.914553
459523489 4.374346 -17.016254 -3.307954 -2.743165 0.705444 -1.962993
479502812 5.333459 -22.600527 -3.390753 -2.725216 0.931517 -1.942223
499482135 9.217027 -30.732979 -3.073794 -2.569705 1.032732 -1.823376
519461458 14.104749 -39.608372 -3.928118 -2.424868 1.075588 -1.809336
539440781 12.817257 -50.279442 -6.066892 -1.087969 1.249321 -2.005095
559420104 7.590662 -64.435616 -5.362380 0.354848 1.456037 -2.412843
579399427 -2.962425 -82.511963 -2.684369 2.910980 1.208688 1.490185
599378750 -25.518961 -91.609871 3.071536 2.840182 0.998430 1.600939
619358073 -41.073181 -76.225502 -0.443910 2.433391 0.870938 1.729087
639337396 -39.478416 -53.951946 -6.814219 2.335016 0.845632 1.555441
659316719 -34.636875 -42.092342 0.913594 2.335016 0.845632 1.555441
679296042 -31.886494 -37.195171 2.839367 1.402216 0.856301 1.500109
699275364 -42.270512 -26.009197 3.450124 0.343140 0.616205 1.499096
719254687 -32.093464 -26.673735 -3.273818 0.472581 0.932262 1.580499
739234010 -24.166346 -28.460510 -0.254481 0.472581 0.932262 1.580499
759213333 -24.790911 -20.920898 3.716677 0.272865 0.831895 1.435536
779192656 -25.114607 -14.307559 2.337554 0.240668 0.729895 1.477649
799171979 -26.526123 -7.919507 1.260350 0.261760 0.522568 1.548775
819151302 -26.608763 -5.361847 0.182502 0.261760 0.522568 1.548775
839130625 -25.867599 -1.406940 -0.539872 0.245621 0.218999 1.556295
859109948 -24.521606 4.934946 -0.112222 0.245621 0.218999 1.556295
879089271 -19.069530 6.532941 -0.730356 0.265271 0.367030 1.472138
899068594 -14.095891 4.737786 1.217645 0.265271 0.367030 1.472138
919047917 -11.258934 2.950723 3.502020 0.241425 0.533760 1.288108
939027239 -9.076014 2.716999 5.976881 0.259210 0.575585 1.048475
959006562 -7.692074 2.468873 5.735234 0.270588 0.629605 1.021114
978985885 -6.389412 2.433784 3.568749 0.257799 0.715212 1.173952
998965208 -5.071785 1.444353 2.098642 0.273253 0.995406 1.311502
1018944531 -3.197395 0.505534 1.694005 0.273253 0.995406 1.311502
1038923854 -1.798924 -0.528550 1.998747 0.387054 1.098747 1.210080
1058903177 -0.319253 -1.211434 2.176472 0.485320 1.191292 1.078925
1078882500 0.503303 -1.052652 2.114760 0.456729 1.220395 1.152688
1098861823 0.635913 -1.056637 1.559715 0.465128 1.246892 1.291399
1118841146 1.081571 -1.048924 0.887269 0.367687 1.246892 1.291399
1138820469 1.238260 -0.889491 0.127383 0.420115 1.239261 1.496633
1158799792 1.652467 -1.031389 -0.244525 0.565230 1.254701 1.595084
1178779114 2.257933 -1.221046 -0.340139 0.842103 1.231047 1.538026
1198758437 2.033224 -0.677050 -0.105011 0.736958 1.231047 1.538026
1218737760 1.300534 -0.216960 -0.437140 0.593374 1.117376 1.612411
1238717083 1.188191 0.146858 -1.241982 0.693363 1.070706 1.934870
1258696406 1.709570 -0.436745 -1.952727 0.780975 1.077379 2.029263
1278675729 2.082005 -0.900753 -2.325630 0.908946 1.077379 2.029263
1298655052 2.524154 -1.327929 -2.219696 0.957455 1.104948 2.051044
1318634375 2.918673 -1.739755 -1.442739 1.241977 1.178819 1.717105
1338613698 3.238107 -1.436421 -0.370704 1.500260 1.147187 1.544538
1358592969 3.027939 -1.353391 0.378506 1.500260 1.147187 1.544538
1378572239 3.171450 -1.075363 0.681375 1.168250 1.139992 1.487050
1398551510 2.882397 -0.850233 0.973533 0.542964 1.096020 1.437516
1418530781 2.916263 -0.557286 1.148484 0.826414 1.083735 1.400438
1438510052 2.288542 -0.376063 0.889914 0.672442 1.022027 1.473322
1458489323 2.014380 -0.131715 0.463916 0.550270 0.990811 1.558312
1478468594 1.441640 0.015550 0.123982 0.559002 0.937045 1.615425
