0 -0.165133 -0.077343 0.653379 3.031985 -0.492074 1.642669
19980000 -0.371781 0.027039 0.637207 2.995834 -0.488312 1.641416
39960000 -0.185726 -0.035792 -0.088074 2.870698 -0.498836 1.732004
59940000 0.170062 -0.061962 -0.114158 2.890699 -0.498836 1.732004
79920000 0.364122 -0.072714 0.643099 2.920249 -0.509298 1.644535
99900000 0.479929 -0.050974 1.147388 3.053586 -0.513595 1.583478
119880000 0.202375 -0.092012 1.045256 3.029285 -0.490057 1.595335
139860000 -0.132487 -0.268620 0.781084 2.965218 -0.444900 1.668825
159840000 -0.097021 -0.299749 0.397808 2.981030 -0.444900 1.668825
179820000 -0.213904 -0.284907 0.113201 2.934809 -0.436107 1.702481
199800000 -0.415606 -0.319490 0.120474 2.941227 -0.422818 1.703145
219780000 -0.109355 -0.395819 0.247732 2.952174 -0.434234 1.708695
239760000 0.041155 -0.355146 0.179795 2.817028 -0.438103 1.758921
259740000 0.271788 -0.357499 -0.226083 2.881649 -0.438103 1.758921
279720000 0.635113 -0.301945 -0.559249 2.783152 -0.452147 1.806158
299700000 1.536560 -0.339844 -0.750810 2.626580 -0.531092 1.880408
319680000 2.511618 -0.285318 -0.585086 2.808158 -0.550679 1.736616
339660000 2.369606 0.036071 0.372414 2.769548 -0.550679 1.736616
359640000 1.253891 0.162782 0.905553 3.024310 -0.379625 1.627022
379620000 -0.056995 -0.053369 0.961746 3.095816 -0.317893 1.622242
399600000 -0.747834 -0.281654 0.947447 3.027078 -0.278902 1.665116
419580000 -1.021502 -0.463795 0.484372 2.900859 -0.221857 1.740102
439560000 -1.297228 -0.890222 -0.335219 2.953707 -0.157965 1.766516
459540000 -1.771478 -1.454951 -0.701925 2.870622 -0.157965 1.766516
479520000 -2.650899 -2.233701 -1.122542 2.913705 -0.083369 1.787338
499500000 -3.485956 -3.330807 -0.858261 2.988181 0.097054 1.774285
519480000 -3.847168 -4.796584 -1.230228 2.958820 0.097054 1.774285
539460000 -3.117303 -6.536525 -2.083743 2.915029 0.212784 1.848430
559440000 -1.074196 -8.389044 -3.110576 2.862190 0.366124 1.986404
579420000 1.520340 -10.492127 -2.216792 2.839383 0.633898 2.011518
599400000 2.631112 -13.236604 -0.606273 2.940412 0.931551 1.847807
619380000 2.504919 -17.013193 0.854420 3.064944 1.102436 1.552898
639360000 0.454444 -20.367031 0.854364 3.094457 1.102436 1.552898
659340000 -2.343606 -25.079678 -0.593525 3.012135 1.095971 1.701975
679320000 -3.666152 -31.943920 -2.002376 3.095138 1.182287 1.843310
699300000 -3.287045 -40.980095 -2.634912 -2.814155 1.315856 2.007846
719280000 -1.780574 -51.082253 -2.101124 -1.659034 1.442561 2.287423
739260000 2.968590 -62.281727 -4.945631 -2.529339 1.429303 -2.708790
759240000 12.353577 -70.063805 -7.167813 -2.936125 1.289350 -2.122477
779220000 23.714247 -74.390434 -2.450237 3.059139 1.162440 -1.734955
799200000 36.431709 -76.849922 -0.730860 3.002647 1.032349 -1.640153
819180000 53.864388 -74.963821 -5.382457 3.044542 0.871034 -1.688609
839160000 59.437187 -66.693192 -4.109822 2.864916 0.789638 -1.655639
859140000 59.891037 -60.294250 1.211369 1.909660 0.760889 -1.576773
879120000 59.869934 -53.314632 8.902281 0.722727 0.723945 -1.463738
899100000 59.592010 -42.106144 8.737953 0.405032 0.645769 -1.464343
919080000 52.653183 -27.641907 5.456729 0.268493 0.561233 -1.504445
939060000 46.244415 -16.368187 4.322105 0.216779 0.365689 -1.563983
959040000 42.241074 -7.572598 1.766318 0.225129 0.365689 -1.563983
979020000 35.822662 0.672579 1.540679 0.219215 0.120053 -1.522368
999000000 30.372910 6.275909 3.418948 0.287120 0.120053 -1.522368
1018980000 25.229080 9.223148 5.133886 0.291096 0.036690 -1.460852
1038960000 20.832558 10.114267 7.181229 0.322510 0.003501 -1.361296
1058940000 18.033411 10.484507 8.168049 0.288559 -0.016059 -1.290793
1078920000 16.805128 10.523170 7.800976 0.322515 -0.021537 -1.292095
1098900000 17.181311 9.921646 6.895973 0.327814 0.064941 -1.419548
1118880000 16.094986 8.727992 5.127741 0.307455 0.199598 -1.452683
1138860000 12.609024 6.659327 4.052606 0.340186 0.446525 -1.411515
1158840000 7.427772 4.442174 3.808446 0.355513 0.446525 -1.411515
1178820000 4.059526 2.439436 2.153013 0.446144 0.729999 -1.541732
1198800000 0.570144 1.415514 0.526575 0.680931 1.006383 -1.835392
1218780000 -1.931224 0.357797 1.006220 1.018293 1.263290 -1.864584
1238760000 -1.817003 -1.030627 2.117667 0.981075 1.269645 -1.451078
1258740000 -2.248781 -2.274690 0.974406 1.337392 1.304931 -1.786036
1278720000 -4.537255 -2.250295 -0.305426 2.966107 1.386572 -2.690336
1298700000 -4.453769 -2.252165 -0.009219 2.706075 1.401118 -2.494366
1318680000 -3.523297 -2.100337 0.061019 1.968314 1.335272 -2.113741
1338660000 -3.944240 -1.992834 -1.065259 2.159122 1.291107 -2.469584
1358640000 -3.679044 -2.292384 -2.348236 1.216771 1.194960 -2.593519
1378620000 -3.051486 -1.704856 -2.597074 0.232666 1.122797 -2.503708
1398600000 -2.978523 -1.036449 -1.389948 1.061860 1.141007 -1.971092
1418580000 -2.081930 -0.949049 -0.215922 1.169806 1.141007 -1.971092
1438560000 -0.885034 -0.592373 0.645898 0.886343 1.039706 -1.730669
1458540000 -0.288469 -0.204118 0.879696 0.774695 0.923057 -1.727079
1478520000 -0.163266 0.124084 0.477557 0.648340 0.859862 -1.756035
