0 0.099087 0.151868 0.424994 2.920231 -1.076589 1.804293
19979948 0.383676 0.217330 0.215320 2.865026 -1.097593 1.801511
39959896 0.604074 0.321277 0.288993 2.808124 -1.079106 1.809970
59939844 0.409693 0.411582 0.211769 2.866392 -1.079106 1.809970
79919844 0.353343 0.629510 0.617501 2.925381 -1.086197 1.729048
99899844 0.315343 0.853795 0.894330 2.879232 -1.090141 1.677805
119879844 0.290381 0.964112 0.668747 2.938323 -1.062967 1.857014
139859844 0.254938 0.981982 0.016565 2.890299 -1.056578 1.915115
159839844 0.273703 1.115283 -0.292599 2.911403 -1.056578 1.915115
179819844 0.538840 1.129120 -0.217262 2.940374 -1.073381 1.917544
199799844 0.869178 1.182697 -0.081422 2.830334 -1.098255 1.912204
219779844 1.097363 1.132371 -0.089944 2.750143 -1.096502 1.884261
239759844 1.112037 1.009748 0.120896 2.895446 -1.082263 1.813348
259739844 1.067292 0.904503 0.444232 2.923553 -1.044049 1.793215
279719844 0.887444 0.732821 0.484275 2.888076 -0.980772 1.821964
299699844 0.555022 0.472547 0.227049 2.967598 -0.980772 1.821964
319679844 -0.195878 0.143271 0.058205 3.017434 -0.776992 1.761414
339659844 -1.380269 -0.065759 0.209556 2.967610 -0.776992 1.761414
359639844 -2.249955 -0.112801 0.824151 3.059919 -0.715331 1.673228
379619844 -2.028795 -0.174570 0.841188 2.995788 -0.712045 1.674603
399599844 -1.310295 -0.369499 1.221531 3.135565 -0.754357 1.602381
419579844 -0.335632 -0.602654 1.498358 -3.086680 -0.754357 1.602381
439559844 -0.243063 -1.127474 -1.268301 2.890185 -0.569252 2.176561
459539844 -0.447629 -1.138592 -3.643280 2.886226 -0.569252 2.176561
479519844 0.271896 -1.390341 -4.507842 2.815111 -0.545761 2.284314
499499844 0.847893 -1.753765 -3.898051 2.811736 -0.558319 2.258891
519479844 2.184159 -2.531106 -1.464553 2.852508 -0.645368 2.052803
539459844 2.893516 -4.030314 0.698460 -3.102468 -0.109660 1.420493
559439844 0.559191 -5.782633 1.965770 3.134029 -0.109660 1.420493
579419844 -4.125461 -7.360345 2.562137 -3.123795 0.073454 1.415793
599399844 -8.931671 -9.830833 0.582857 3.099146 0.193251 1.566385
619379844 -11.538960 -13.560806 -1.224410 3.029342 0.338135 1.650654
639359844 -13.110455 -17.738398 -1.318904 3.047559 0.478221 1.645295
659339844 -13.597187 -21.767281 1.072112 3.054655 0.614583 1.519942
679319844 -8.885315 -25.812214 3.028641 3.058228 1.178825 1.178429
699299844 -4.833819 -29.180439 3.439977 2.861193 1.178825 1.178429
719279844 -0.264195 -31.858723 1.695539 -2.790645 1.416423 -2.090293
739259844 2.738418 -33.026665 -0.591070 -2.727306 1.416423 -2.090293
759239844 0.824567 -33.843918 -2.055844 -2.503196 1.379814 -2.493283
779219844 -0.206843 -36.290413 -4.535388 -2.586066 1.202803 -2.475792
799199844 2.415241 -39.303638 -7.435509 -2.594609 1.202803 -2.475792
819179844 3.163909 -42.008526 -4.670479 -2.699740 1.250330 -2.199442
839159844 6.346013 -46.497181 2.076405 3.035289 1.161823 -1.699078
859139844 13.128236 -50.371170 0.232687 3.013030 1.161823 -1.699078
879119844 18.906456 -49.786407 -9.860113 -2.826298 0.982545 -1.951505
899099844 22.364817 -45.059494 -9.515489 -2.777638 0.982545 -1.951505
919079844 32.302834 -37.028324 0.460486 0.781479 0.822231 -1.623539
939059844 41.235413 -29.349781 0.973086 0.230045 0.691085 -1.711155
959039844 31.691479 -23.995571 -3.093238 0.193080 0.691085 -1.711155
979019844 24.540085 -21.893635 -1.686891 0.219634 0.787818 -1.697618
998999844 25.798885 -18.020531 1.741187 0.202717 0.728208 -1.577917
1018979844 30.376484 -12.351426 0.813136 0.167733 0.566730 -1.599151
1038959844 29.501534 -6.187075 -3.536209 0.120827 0.444883 -1.729149
1058939844 22.508677 -1.755319 -4.641160 0.122957 0.392496 -1.601998
1078919844 19.690083 0.766696 1.161691 0.133117 0.323217 -1.362641
1098899844 18.280394 3.027410 6.093192 0.161272 0.241643 -1.417490
1118879844 19.231274 4.735705 4.940016 0.190341 0.260278 -1.588534
1138859844 16.549496 5.059437 1.256214 0.186549 0.260278 -1.588534
1158839844 12.548576 4.760931 -0.492417 0.255938 0.336339 -1.712085
1178819844 10.236359 3.961135 0.696696 0.235953 0.529704 -1.517027
1198799844 8.613483 3.252108 2.317651 0.249248 0.529704 -1.517027
1218779844 7.676977 2.571189 3.516252 0.253055 0.669382 -1.332206
1238759844 6.754781 1.625945 4.095180 0.240857 0.747035 -1.319843
1258739844 5.418591 1.127458 3.831228 0.279620 0.864445 -1.420297
1278719844 3.821663 0.518574 2.501374 0.294612 0.864445 -1.420297
1298699844 2.365953 -0.379006 1.461069 0.462928 1.081365 -1.457113
1318679844 1.096108 -1.090518 1.466282 0.415094 1.081365 -1.457113
1338659844 -0.735146 -1.115112 0.990034 0.858939 1.339663 -1.824262
1358639844 -2.666035 -0.816531 -0.227760 0.948743 1.339663 -1.824262
1378619844 -3.972619 -0.655693 -1.306311 -0.000982 1.377029 -2.515160
1398599844 -4.253422 -0.622403 -1.385287 -0.237549 1.382880 -2.602176
1418579844 -3.465937 -0.473945 -0.668289 0.778928 1.360855 -2.005635
1438559844 -2.728905 -0.537013 -0.116954 0.509248 1.232195 -1.724697
1458539844 -2.202839 -0.669289 -0.341752 0.202892 1.259129 -2.084417
1478519844 -2.883993 -0.969507 -1.354470 0.128049 1.259129 -2.084417
