0 -0.253376 -0.122272 0.276024 -2.376381 -0.857307 -1.740922
19979427 -0.224713 -0.153516 0.508722 -2.488807 -0.851877 -1.702913
39958854 -0.179011 -0.060086 0.563875 -2.448989 -0.850661 -1.694833
59938333 -0.042942 -0.109515 0.139202 -2.501275 -0.827743 -1.756384
79917812 0.027657 -0.229786 -0.277268 -2.464783 -0.806185 -1.792438
99897292 0.029119 -0.147408 -0.135698 -2.492049 -0.780826 -1.760641
119876771 0.298893 -0.218233 0.035335 -2.537641 -0.749092 -1.784713
139856250 0.557332 -0.336561 -0.207813 -2.534693 -0.750768 -1.787598
159835729 0.525647 -0.309689 -0.239982 -2.520346 -0.750768 -1.787598
179815208 0.200557 -0.205816 -0.137064 -2.536983 -0.795806 -1.784155
199794687 -0.010158 -0.097393 -0.157296 -2.550849 -0.746850 -1.761517
219774167 0.388937 -0.340944 -0.107296 -2.556539 -0.746850 -1.761517
239753646 1.047633 -0.736975 0.002168 -2.696369 -0.592555 -1.629691
259733125 1.733780 -1.277987 0.799125 -2.750466 -0.492325 -1.695607
279712604 2.595722 -1.877090 0.144360 -2.716323 -0.492325 -1.695607
299692083 4.358757 -3.155784 -1.960589 -2.743058 -0.310032 -1.849377
319671562 7.447411 -5.692410 -4.355050 -2.835054 0.088625 -1.839405
339651042 10.558027 -8.763960 -3.847268 -2.892884 0.196717 -1.774073
359630521 10.883442 -11.113495 -2.735290 -2.905264 0.302826 -1.756593
379610000 8.396111 -12.665804 -1.918196 -2.898096 0.302826 -1.756593
399589479 4.571634 -13.615030 -0.055680 -2.923807 0.708873 -1.444288
419568958 2.151335 -14.616335 1.438420 -2.906814 0.940967 -1.372409
439548437 1.468798 -16.077330 1.513094 -2.581150 1.225293 -1.777161
459527917 0.666818 -18.258053 -0.173507 -0.980708 1.444073 -2.532221
479507396 -0.788341 -21.664921 -0.883178 -1.920775 1.316572 -1.877115
499486875 4.189323 -29.923170 -1.288378 -1.316208 1.316572 -1.877115
519466354 11.997564 -41.604767 0.556147 -1.937623 1.230381 -1.554794
539445833 10.557508 -51.566429 1.891953 -1.096430 1.387636 -1.411967
559425312 -3.202030 -56.114220 0.260039 2.913477 1.157378 1.548494
579404792 -15.152998 -55.531544 1.398531 2.912681 1.157378 1.548494
599384271 -14.910946 -56.409058 5.634709 -3.055058 1.145009 1.215739
619363750 -16.217819 -59.245056 9.847746 -3.024940 1.145009 1.215739
639343229 -21.588631 -60.320068 11.956028 -3.059252 1.054585 1.287559
659322708 -28.450123 -61.368679 11.018085 -3.068146 0.966876 1.363538
679302187 -38.918118 -59.945591 9.481498 1.343528 0.853746 1.427906
699281667 -47.271442 -51.895180 6.721192 0.554908 0.853746 1.427906
719261146 -49.751846 -40.646996 2.909182 0.369600 0.693970 1.429830
739240625 -46.295723 -30.866161 5.592375 0.372571 0.693970 1.429830
759220104 -41.893990 -21.584850 9.717978 0.322530 0.504999 1.297335
779199583 -41.108673 -13.465425 10.130251 0.340261 0.504999 1.297335
799179062 -39.849167 -5.245576 4.657312 0.259114 0.248380 1.672944
819158542 -32.972637 2.180744 -4.916063 0.175709 0.164604 1.853963
839138021 -23.577057 6.557664 -7.813899 0.178123 0.114519 1.653397
859117500 -18.720261 8.469051 -1.949941 0.265386 0.078650 1.299139
879096979 -18.682968 9.050880 5.089513 0.296891 -0.005332 1.170179
899076458 -19.851772 10.613365 8.538722 0.231982 0.012250 1.203621
919055937 -18.984192 10.185534 7.746936 0.182423 0.267329 1.208552
939035417 -14.833619 5.703717 6.424003 0.191099 0.658843 1.151275
959014896 -8.549870 1.536016 5.032839 0.154088 1.033361 1.322519
978994375 -3.783413 -0.480906 1.967529 -0.039493 1.332336 1.810729
998973854 -0.075327 -2.300508 -0.368290 -0.314647 1.345574 -2.919097
1018953333 3.817256 -3.995515 -2.773467 -0.288480 1.300064 -2.868638
1038932812 4.274405 -3.539287 -3.160308 -0.053047 1.289334 2.491138
1058912292 1.325645 -2.257895 -2.211846 -0.016644 1.289334 2.491138
1078891771 0.013377 -1.255297 -1.482678 0.190095 1.196223 2.116673
1098871250 0.244361 -0.995829 -0.670833 0.215028 1.196269 1.978032
1118850729 3.037664 -1.481702 0.527777 -0.118158 1.491484 -2.248299
1138830208 5.406765 -2.424570 0.722426 -0.085631 1.450484 -2.211547
1158809687 5.952500 -2.206428 0.593016 1.604095 1.481880 2.125653
1178789167 4.240881 -1.000710 1.006504 1.983589 1.481880 2.125653
1198768646 3.544577 -0.600578 0.742219 0.869798 1.332046 2.184785
1218748125 3.220782 -1.523061 0.119189 0.784273 1.332046 2.184785
1238727604 2.678906 -1.827859 0.439148 0.707467 1.298330 1.988492
1258707083 2.612797 -1.195984 1.177916 1.153576 1.346157 1.651453
1278686562 3.283889 -1.145336 1.552047 1.040628 1.346157 1.651453
1298666042 3.000211 -0.986386 1.589910 0.698099 1.235941 1.752326
1318645521 2.370868 -0.520183 1.161406 0.224845 1.138342 1.781526
1338625000 1.599093 0.023893 0.890395 0.179757 1.065726 1.810117
1358604479 1.120558 0.513128 0.640943 0.358699 1.039445 1.919526
1378583958 0.912531 0.373552 0.042719 0.356168 1.039445 1.919526
1398563437 0.887455 0.339377 -0.641462 0.241933 0.943628 2.098138
1418542917 0.505996 0.788322 -1.039783 0.301999 0.900970 2.024816
1438522396 -0.099668 0.861286 -0.749828 0.227342 0.899381 1.928800
1458501875 -0.391969 0.722014 -0.118058 0.265889 0.939169 1.913637
1478481354 -0.095772 0.401724 0.185174 0.185035 0.939169 1.913637
