0 -0.093484 -0.323391 -0.145927 2.847764 -1.100214 1.733973
19979948 -0.305838 -0.228099 -0.279189 2.796162 -1.100214 1.733973
39959896 -0.235787 -0.180892 -0.301115 2.819675 -1.109666 1.739094
59939844 0.108949 -0.106159 -0.036899 2.685980 -1.149290 1.684906
79919792 0.495961 -0.017458 0.086560 2.644622 -1.190905 1.657878
99899740 0.695372 0.053524 0.017224 2.710278 -1.211125 1.676585
119879688 0.593457 0.047677 -0.118941 2.800777 -1.197893 1.706361
139859636 0.240593 0.076344 0.048961 2.765476 -1.165586 1.649982
159839583 -0.168547 0.024038 0.110221 2.740561 -1.125387 1.628018
179819531 -0.274497 -0.027169 0.196492 2.805487 -1.113647 1.607259
199799479 -0.192368 -0.000875 0.364079 2.820403 -1.121790 1.570656
219779427 -0.174122 -0.044673 0.331412 2.771940 -1.123151 1.577375
239759375 -0.075955 -0.157796 0.351721 2.766208 -1.123151 1.577375
259739323 -0.119064 -0.185142 0.422592 2.744756 -1.116873 1.566227
279719271 -0.288682 -0.296805 0.002607 2.845624 -1.094198 1.665108
299699219 -0.426209 -0.401447 -0.247210 2.844846 -1.074190 1.721448
319679167 -0.536425 -0.608500 -0.316773 2.907845 -1.050913 1.739327
339659115 -0.923937 -0.735731 -0.182815 2.887651 -1.010135 1.706516
359639115 -1.230198 -0.962988 -0.128105 2.932198 -0.964989 1.654732
379619115 -1.341058 -1.152846 0.109309 2.909239 -0.964989 1.654732
399599115 -0.761110 -1.255267 0.237390 2.955582 -1.045233 1.773932
419579115 -0.483755 -1.253271 -0.283171 3.028123 -1.018314 1.849241
439559115 -0.738428 -1.307353 -0.644102 3.043191 -0.981766 1.841246
459539115 -1.116025 -1.520594 -0.634145 3.055038 -0.974376 1.757791
479519115 -1.283273 -1.725017 -0.152862 3.120957 -0.921757 1.796666
499499115 -1.381354 -2.486186 -0.268604 3.098284 -0.694753 2.009026
519479115 -2.124791 -4.048868 -1.668309 -3.137602 -0.694753 2.009026
539459115 -3.932980 -7.227077 -3.570484 -3.098758 0.133098 2.011186
559439115 -7.608772 -10.873735 -4.113535 -3.090976 0.133098 2.011186
579419115 -11.644533 -14.225092 -3.022374 -3.114744 0.314276 1.836293
599399115 -13.965440 -17.656404 -2.408340 -3.033284 0.461355 1.770458
619379115 -14.214602 -21.766525 -3.123196 -2.942422 0.651922 1.823154
639359115 -13.871044 -26.607668 -4.293121 -2.471060 0.852604 1.928871
659339115 -15.020782 -31.697414 -3.880405 -1.538008 0.995712 1.918319
679319115 -16.333557 -37.738884 -2.453486 -0.793486 1.127159 1.852275
699299115 -13.857539 -45.296734 -3.396826 -1.634098 1.359143 2.788130
719279115 -9.908805 -53.850174 -7.145170 -2.596531 1.365056 -2.442334
739259115 0.691321 -62.515938 -6.019811 2.989470 1.217106 -1.834454
759239115 15.634151 -65.280525 -1.868730 2.948406 1.097220 -1.928204
779219115 21.119720 -57.039722 -5.804779 2.775026 1.097220 -1.928204
799199115 20.196991 -49.997032 -6.405386 2.225691 1.030809 -1.802257
819179115 25.944881 -48.537369 -3.092430 1.376974 0.977244 -1.841675
839159115 30.271496 -46.803722 -5.742455 0.793502 0.982184 -2.040299
859139115 27.583582 -44.485779 -12.337333 0.569342 0.976170 -2.070430
879119063 26.170340 -39.583557 -12.622628 0.491677 0.906039 -1.961644
899099011 27.818687 -30.934889 -9.397138 0.309310 0.782870 -1.895805
919078958 30.683542 -22.848690 -8.187625 0.284509 0.782870 -1.895805
939058906 31.717106 -14.628304 -7.824809 0.239857 0.525306 -1.867883
959038854 30.153086 -7.581453 -7.188399 0.263766 0.525306 -1.867883
979018802 26.281446 -2.040215 -8.563553 0.335086 0.424559 -1.960795
998998750 23.286787 1.260409 -6.613570 0.328596 0.331083 -1.852322
1018978698 21.032688 3.185771 -3.763762 0.328316 0.331587 -1.813124
1038958646 19.125425 3.904686 -2.452118 0.380262 0.360927 -1.804342
1058938594 17.097200 4.074794 -1.812508 0.348915 0.410680 -1.751447
1078918542 15.641831 3.818608 -0.746256 0.334909 0.477135 -1.700524
1098898490 14.649777 3.124103 0.023574 0.302055 0.578831 -1.750567
1118878438 12.977675 2.121576 -0.467231 0.373014 0.710751 -1.839287
1138858386 10.806548 0.899181 -1.125127 0.486523 0.923742 -1.979776
1158838333 7.196210 -0.388173 -1.370622 0.513893 0.923742 -1.979776
1178818281 3.046532 -1.458906 -0.484653 0.730524 1.206392 -2.139711
1198798229 -1.226734 -1.828984 1.109168 2.224266 1.498221 3.077635
1218778177 -3.862173 -2.064523 2.247810 -1.556881 1.316365 1.362391
1238758125 -4.851036 -1.898336 2.613938 -1.418803 1.316365 1.362391
1258738073 -4.643713 -1.386086 1.894160 -1.586485 1.345636 1.585358
1278718021 -3.785468 -0.976392 0.941786 -2.423540 1.406519 2.125270
1298697969 -2.789094 -0.350580 -0.120082 1.240724 1.216896 3.090171
1318677917 -2.895043 -0.198322 -1.808586 0.653682 1.148044 2.967462
1338657865 -3.649653 -0.275167 -2.510684 1.041191 1.222856 -3.121272
1358637813 -2.901167 -1.042959 -1.899176 1.687311 1.334148 -2.763700
1378617761 -2.125962 -0.727831 -0.270684 1.678391 1.334148 -2.763700
1398597656 -1.044441 -0.381714 1.067035 0.909825 1.279500 -1.894123
1418577552 -0.370407 -0.489133 1.156720 1.290502 1.287950 -2.335368
1438557448 -1.295094 -0.345173 0.155516 1.125436 1.287950 -2.335368
1458537344 -2.486354 -0.290239 -0.380948 2.387860 1.381974 -2.945974
1478517240 -3.267511 -0.208240 0.368061 2.312913 1.482090 -2.652869
1498497136 -3.310178 -0.322218 1.345450 1.078556 1.405381 -1.691953
