0 0.392985 0.081888 -0.542423 3.139532 -0.905840 1.989318
19979740 0.513303 0.160405 -0.234188 3.134324 -0.928047 1.950751
39959427 0.528409 0.281882 -0.009189 -3.111724 -0.941041 1.908080
59939115 0.552697 0.313349 0.027149 -3.125433 -0.919588 1.891084
79918802 0.319242 0.326020 0.044583 -3.059999 -0.919588 1.891084
99898490 0.130226 0.263258 0.086754 -3.092946 -0.893013 1.881840
119878177 0.293184 0.091417 0.084627 -3.098671 -0.866888 1.923515
139857865 0.467985 -0.310602 -0.130758 -3.023638 -0.866888 1.923515
159837552 0.180369 -0.717040 -0.186778 -3.065505 -0.737180 1.867423
179817240 -0.606873 -0.857567 -0.118858 -3.072386 -0.737180 1.867423
199796927 -1.037626 -1.049522 0.143659 -3.055073 -0.671245 1.869997
219776615 -0.866174 -1.328772 -0.254339 -3.094192 -0.616858 1.955189
239756302 -1.022351 -1.654714 -1.052751 -3.111758 -0.616858 1.955189
259735990 -1.388498 -1.990176 -1.139123 -3.070659 -0.534757 1.893954
279715677 -1.772956 -2.232707 -0.907456 -3.048906 -0.494263 1.901373
299695365 -1.975628 -2.599841 -1.104725 -3.057498 -0.494263 1.901373
319675052 -2.449224 -3.411822 -1.552400 -3.098240 -0.400334 1.920450
339654740 -4.420942 -4.386552 -1.227805 -3.051046 -0.174946 1.751958
359634427 -6.074307 -5.387197 -0.909563 -3.048784 -0.072559 1.848662
379614115 -6.991821 -6.878462 -2.469951 -3.087264 0.069672 1.999328
399593802 -6.766840 -9.169395 -4.445349 -3.047304 0.241657 2.108077
419573490 -5.562910 -11.618334 -5.103733 -2.991126 0.575726 2.259158
439553177 -3.299719 -15.142820 -5.111893 -2.958196 0.575726 2.259158
459532865 -2.191993 -19.748257 -3.657617 -2.615283 1.205437 1.791870
479512552 -3.983572 -25.720234 -1.055067 -1.485559 1.297350 1.659081
499492240 -6.329285 -34.832870 -0.422887 -1.075900 1.261193 1.697095
519471927 -10.766074 -40.271706 -0.986399 -1.245314 1.319371 2.237204
539451615 -10.275865 -45.574776 -5.512571 -1.684977 1.353908 2.822552
559431302 -7.828158 -51.322838 -8.732946 -2.401028 1.446425 -2.564969
579410990 -2.972336 -59.017185 -4.860368 -2.405159 1.446425 -2.564969
599390677 4.846417 -66.524773 -1.819044 3.089483 1.257156 -1.813590
619370365 14.768358 -73.736511 -4.163688 3.032143 1.189273 -1.839764
639350052 23.114658 -77.539574 -6.777259 2.943778 1.189273 -1.839764
659329740 34.111851 -76.584503 -9.008440 2.649966 1.094852 -1.829539
679309427 45.153236 -69.676628 -14.154473 1.262602 0.967720 -1.877694
699289115 45.021030 -58.916553 -7.575332 0.901914 0.932323 -1.767516
719268802 40.677387 -51.754467 4.447124 0.676720 0.941867 -1.457585
739248490 36.587849 -42.364895 6.406843 0.524120 0.941867 -1.457585
759228177 37.072407 -31.156391 -1.540045 0.449167 0.700209 -1.755215
779207865 37.698341 -20.992500 -5.198220 0.444492 0.700209 -1.755215
799187552 36.213131 -11.383180 -1.273087 0.419544 0.562997 -1.657028
819167240 32.975677 -4.134238 0.139581 0.427837 0.349856 -1.662857
839146927 28.072432 0.879410 -0.282981 0.455344 0.306094 -1.636567
859126615 24.742662 3.092961 0.981072 0.506718 0.306094 -1.636567
879107604 22.246849 4.705656 3.416658 0.435491 0.235101 -1.403340
899086250 19.686516 5.660272 5.891139 0.450162 0.207098 -1.298302
919064896 18.689690 6.209571 7.545210 0.452125 0.207098 -1.298302
939043594 18.194775 6.109966 7.429400 0.441057 0.263851 -1.342018
959022396 17.009193 5.697822 6.153702 0.379204 0.263851 -1.342018
979001302 15.827130 4.818127 5.027307 0.374048 0.345936 -1.389044
998980365 14.574318 3.259645 3.979200 0.416184 0.647551 -1.507643
1018959583 12.743324 1.255208 2.791104 0.513091 0.923661 -1.615240
1038939010 8.881279 -1.120797 1.543334 0.896082 1.274235 -1.925959
1058918646 3.588697 -3.810088 0.389413 3.106567 1.388597 2.509114
1078898490 -2.654544 -4.282660 -0.228333 -1.795723 1.282408 1.741746
1098878490 -5.836433 -4.447231 1.222368 -1.602535 1.282408 1.741746
1118858646 -5.727290 -4.305756 3.909868 -0.830071 1.331866 0.729610
1138838906 -4.656770 -4.133218 4.245276 -1.001167 1.466109 0.747221
1158819271 -3.690974 -3.248891 2.444004 2.447630 1.478542 -2.953814
1178799688 -2.953710 -3.322227 0.005828 2.299146 1.384161 -2.820114
1198780156 -2.895074 -3.012291 -1.247399 2.366578 1.384161 -2.820114
1218760625 -3.576303 -3.335453 -1.823988 -2.639052 1.358732 2.943943
1238741042 -5.057345 -3.154815 -1.779254 -2.062594 1.387172 2.757472
1258720729 -5.670287 -2.529516 -1.220539 -1.895412 1.387172 2.757472
1278700417 -5.058044 -2.410069 -0.956859 2.673218 1.425714 -2.462699
1298680104 -4.344627 -2.060318 -0.537644 1.626239 1.354090 -1.788323
1318659792 -3.301570 -1.781155 0.200615 1.756292 1.354090 -1.788323
1338639479 -2.563096 -1.656667 0.732152 1.261186 1.266947 -1.561710
1358619167 -1.947053 -1.710339 0.815899 1.147172 1.190765 -1.540084
1378598854 -2.163445 -1.488109 0.343835 1.250091 1.176644 -1.649263
1398578542 -2.566130 -1.246874 0.007794 1.369972 1.177207 -1.729059
1418558229 -2.566484 -1.098999 -0.334218 1.075365 1.093013 -1.821830
1438537917 -2.320395 -0.998999 -0.620086 0.735802 1.059191 -1.846549
1458517604 -2.260258 -0.925086 -0.858304 0.746261 0.998496 -1.681405
1478497292 -0.329405 -3.146869 -0.432443 1.244613 1.077070 -1.665526
1498476979 -3.594977 0.456110 -0.150073 1.120612 1.077070 -1.665526
