0 -0.245959 0.038825 1.039805 -2.351242 -0.735153 -1.791294
19979531 0.129789 -0.097779 1.026305 -2.449285 -0.676005 -1.797355
39959062 0.259488 -0.178377 0.911022 -2.460339 -0.676005 -1.797355
59938594 0.138894 -0.164133 0.361941 -2.429631 -0.671196 -1.874631
79918125 0.050682 -0.069866 -0.371429 -2.331910 -0.663838 -1.970313
99897656 0.027093 -0.021409 -0.817767 -2.385253 -0.653814 -2.024161
119877187 0.446575 -0.166908 -0.648685 -2.572372 -0.551828 -1.902153
139856719 1.306511 -0.671449 -0.179818 -2.672331 -0.551828 -1.902153
159836250 1.439831 -0.659605 -0.196527 -2.653430 -0.552046 -1.899057
179815781 -0.232105 -0.293728 0.571186 -2.426784 -0.690637 -1.872324
199795312 -1.806258 0.335619 1.289854 -2.129746 -0.864847 -1.827563
219774844 -1.815038 0.430544 1.292512 -2.175963 -0.864847 -1.827563
239754375 -1.376200 0.446959 0.220072 -2.263313 -0.784794 -1.959733
259733906 -1.015107 0.062872 -1.340871 -2.367938 -0.662331 -2.108179
279713437 -0.146308 -0.523602 -2.179553 -2.491662 -0.529818 -2.113346
299692969 -0.192064 -1.172475 -2.132249 -2.728640 -0.284112 -1.938991
319672500 1.423396 -2.464298 -1.470855 -2.713343 -0.284112 -1.938991
339652031 3.443110 -4.034688 -1.146383 -2.843499 -0.111078 -1.851806
359631562 4.325438 -5.714370 -1.392516 -2.925879 0.208925 -1.826313
379611094 6.090034 -8.555687 -1.628267 -2.890913 0.208925 -1.826313
399590625 8.835687 -12.442778 -0.281515 -2.930933 0.380423 -1.702052
419570156 11.678029 -18.036877 -1.190932 -2.971403 0.547928 -1.729675
439549687 12.672869 -24.465969 -3.890732 -2.902760 0.714171 -1.855127
459529219 12.015654 -33.908623 -3.487412 -2.916451 1.148966 -1.523672
479508750 11.846039 -43.742714 1.706792 -2.730218 1.148966 -1.523672
499488281 10.022408 -54.257511 6.444321 -2.451836 1.288052 -1.094148
519467812 7.220387 -65.909515 7.636617 -3.026053 1.433013 0.667149
539447292 -1.806618 -76.121567 8.115025 -2.552740 1.433013 0.667149
559426771 -11.860088 -82.500221 7.700488 3.121563 1.256651 1.492665
579406250 -19.359539 -84.840744 4.288571 -3.135521 1.256651 1.492665
599385729 -28.856264 -80.147072 3.443989 3.139566 1.107309 1.527771
619365208 -32.664978 -75.295021 3.646255 2.965825 1.107309 1.527771
639344687 -35.310001 -64.109734 2.278206 1.977314 1.041045 1.546152
659324167 -37.655624 -49.332687 5.603183 0.809280 0.930180 1.453053
679303646 -40.651711 -47.152386 6.549828 0.575722 0.896859 1.417234
699283125 -40.621277 -43.018364 3.080479 0.617705 0.907002 1.496846
719262604 -36.308800 -38.439991 1.275065 0.473751 0.810553 1.496988
739242083 -35.231461 -27.415703 0.810529 0.471907 0.810553 1.496988
759221562 -51.367027 -11.765471 -13.384050 0.246237 0.399734 1.798711
779201042 -31.360838 -4.225368 1.292235 0.390564 0.441676 1.478021
799180521 -21.675789 -3.151478 -1.773834 0.279492 0.318251 1.681104
819160000 -21.495058 3.600647 -3.955065 0.365505 0.183315 1.592147
839139479 -21.329119 6.617088 -1.932147 0.318338 0.183315 1.592147
859118958 -19.513805 7.141091 0.838195 0.438362 0.227786 1.266496
879098437 -15.950167 6.631646 3.814600 0.396701 0.227786 1.266496
899077917 -12.124037 5.384200 5.329821 0.391593 0.351744 1.093527
919057396 -8.928101 4.047351 5.559570 0.375411 0.503416 0.970933
939036875 -5.299857 1.893830 4.272707 0.496586 0.796075 0.888105
959016354 -1.406130 0.316240 2.564709 1.040358 1.359264 0.535822
978995833 0.833069 -0.461596 1.055921 1.187453 1.359264 0.535822
998975312 1.964572 -0.595948 0.227213 1.680095 1.462368 0.341817
1018954792 1.983367 -0.398667 0.393233 1.036866 1.352768 0.459054
1038934271 1.953171 -0.772943 1.321019 1.074935 1.352768 0.459054
1058913750 1.805266 -1.143006 1.674972 0.778308 1.310295 0.540480
1078893229 2.267791 -0.944732 1.441622 1.225155 1.396653 0.496213
1098872708 2.987764 -0.819181 0.579543 2.300232 1.484955 0.576540
1118852187 3.586505 -0.854141 -0.423255 2.461124 1.484955 0.576540
1138831667 3.639128 -0.773490 -1.371882 1.255903 1.511499 1.680863
1158811146 3.354208 -0.618550 -2.202909 0.458438 1.344617 2.323962
1178790625 2.803944 -0.609077 -3.001353 0.556165 1.265546 2.181155
1198770104 1.985868 -0.675611 -3.194281 0.607983 1.265546 2.181155
1218749583 1.040708 -0.459097 -2.344276 0.471312 1.056473 1.433773
1238729062 -0.483587 -0.077716 -0.597328 0.534966 1.056473 1.433773
1258708542 -2.162127 0.478113 0.046901 0.373965 0.882122 1.367174
1278688021 -2.799938 1.205319 -1.717744 0.334514 0.831259 1.948280
1298667500 -1.593310 0.948205 -4.097234 0.372198 0.831259 1.948280
1318646979 -0.067454 0.290373 -3.459144 0.394553 0.967713 1.956658
1338626458 0.167493 -0.191366 -1.131085 0.419158 1.025330 1.587532
1358605937 -0.164777 -0.458890 1.617620 0.261585 0.953395 1.169195
1378585417 -0.298155 -0.311770 2.928286 0.048138 0.884025 1.025020
1398564896 0.216069 -0.081008 2.664241 0.072390 0.884025 1.025020
1418544375 1.227595 -0.082619 1.681022 0.207532 1.023262 1.160640
1438523854 1.752347 -0.183013 0.893049 0.117083 1.023262 1.160640
1458503333 1.835019 -0.394769 0.400626 0.310469 1.042487 1.237068
1478482812 1.467231 -0.295666 0.372377 0.385341 0.995970 1.258155
1498462292 0.750492 0.067179 0.463929 0.163467 0.813573 1.266009
