0 -0.244183 -0.103981 -0.361774 -2.450531 -0.681171 -1.668524
19979375 -0.069857 0.013202 -0.139665 -2.444273 -0.681171 -1.668524
39958750 -0.041887 0.108418 -0.251150 -2.427193 -0.681213 -1.683562
59938125 0.078160 0.343366 -0.446510 -2.421735 -0.686379 -1.707605
79917500 -0.130114 0.681107 -0.427773 -2.317885 -0.720647 -1.710849
99896875 -0.778974 1.119943 -0.337485 -2.207481 -0.789689 -1.713595
119876250 -1.189883 1.410012 -0.303737 -2.156612 -0.829860 -1.718962
139855625 -1.059227 1.426886 -0.377691 -2.213210 -0.809708 -1.725469
159835000 -0.605737 1.344334 -0.130010 -2.431474 -0.733717 -1.637306
179814375 -0.546196 1.164276 0.181605 -2.370767 -0.698132 -1.620967
199793750 -0.513277 0.913313 0.302711 -2.291110 -0.674486 -1.628306
219773125 -0.613360 0.757924 0.243626 -2.424339 -0.674486 -1.628306
239752500 -0.893144 0.531662 0.457617 -2.304666 -0.652922 -1.602044
259731875 -0.552470 0.152320 0.593602 -2.690040 -0.487898 -1.565847
279711250 0.066216 -0.226823 0.744004 -2.604219 -0.487898 -1.565847
299690625 0.437848 -0.531143 0.815996 -2.584750 -0.379905 -1.582315
319670000 0.549758 -0.754996 0.626118 -2.561249 -0.373555 -1.617491
339649375 0.480384 -0.656794 0.308589 -2.646843 -0.365314 -1.614436
359628750 0.308023 -0.630115 0.369754 -2.708599 -0.367253 -1.610365
379608125 -0.002884 -0.536922 0.442791 -2.652501 -0.367253 -1.610365
399587500 -0.428208 -0.536270 0.300962 -2.643467 -0.316958 -1.659322
419566875 -0.660069 -0.805512 0.064994 -2.575098 -0.227422 -1.678936
439546250 -0.526823 -1.337395 -0.146420 -2.639116 -0.227422 -1.678936
459525625 0.118737 -2.204663 -0.124359 -2.711680 -0.096031 -1.667279
479505000 1.060871 -3.151439 -0.580489 -2.696222 0.026758 -1.699263
499484375 2.363913 -4.576113 -1.197892 -2.754746 0.158358 -1.731866
519463750 3.888675 -5.822872 -1.406702 -2.737871 0.237533 -1.722399
539443125 4.803320 -6.609186 -0.536518 -2.745706 0.275667 -1.647187
559422500 4.683579 -7.415973 0.578514 -2.925737 0.322139 -1.566110
579401875 4.110704 -8.487772 0.572662 -2.888898 0.389530 -1.562085
599381250 3.748674 -9.592654 0.180589 -2.907317 0.450598 -1.584367
619360625 3.889758 -10.917797 0.262500 -2.937670 0.551657 -1.539639
639340000 4.155368 -12.361092 0.562369 -2.899891 0.551657 -1.539639
659319375 3.683639 -14.253295 0.069569 -2.884407 0.644423 -1.569984
679298750 1.834208 -16.945675 -0.244886 -2.878284 0.839178 -1.592824
699278125 0.632214 -20.551603 -0.071537 -2.837783 1.040035 -1.567263
719257500 1.379562 -25.289303 0.598001 -2.801024 1.145879 -1.476102
739236875 2.086562 -31.083784 0.848237 -2.562603 1.302492 -1.518970
759216250 4.715860 -39.215164 0.159608 -2.088435 1.387326 -1.873481
779195625 6.508481 -51.205948 -2.803855 -1.565428 1.387326 -1.873481
799175000 -2.132233 -64.056152 -4.773395 1.738538 1.461953 2.289726
819154375 -21.545338 -70.810982 -4.586167 2.577965 1.167947 1.708777
839133750 -35.350517 -64.173592 -5.825634 2.603756 0.943905 1.693533
859113125 -30.584007 -55.357498 -8.373257 2.697714 0.913064 1.594636
879092500 -27.139364 -46.484646 -1.236858 2.679971 0.913064 1.594636
899071875 -27.448124 -31.282076 8.060124 2.970036 0.733845 1.348276
919051250 -31.499647 -17.311159 13.436780 -0.178960 0.461772 1.248226
939030625 -31.315891 -14.998695 7.277020 1.643440 0.712170 1.572536
959010000 -22.104485 -20.165514 -0.315609 1.221892 0.751606 1.653586
978989375 -20.927404 -19.888329 -2.695268 0.843305 0.736397 1.644251
998968750 -21.189308 -17.910254 -2.320378 0.551355 0.736397 1.644251
1018948125 -22.424856 -13.384801 -1.548097 0.276614 0.472712 1.583788
1038927500 -25.181112 -6.974763 -0.478371 0.261870 0.347161 1.577449
1058906875 -25.224670 -1.912866 -0.284855 0.253558 0.318084 1.591892
1078886250 -22.619865 0.258481 -0.681429 0.194605 0.318084 1.591892
1098865625 -20.142441 1.766115 -1.546934 0.221598 0.299953 1.629693
1118845000 -17.818584 4.335973 -2.074786 0.159174 0.224907 1.663175
1138824375 -15.806525 5.191542 -1.486392 0.157837 0.205228 1.648981
1158803750 -13.717447 3.091264 1.101405 0.180770 0.433368 1.535496
1178783125 -9.460199 2.741316 0.783403 0.150947 0.433368 1.535496
1198762500 -6.795533 2.612708 2.530934 0.154212 0.507171 1.386803
1218741875 -5.501084 2.155479 3.310041 0.081856 0.563759 1.301519
1238721250 -4.221248 1.793026 3.711768 0.072917 0.615407 1.232422
1258700625 -3.129467 1.290928 3.130954 0.118554 0.682114 1.252857
1278680000 -2.288713 0.877370 2.013326 0.132587 0.737644 1.343440
1298659375 -0.968521 -0.104085 0.905881 0.241901 0.857350 1.438901
1318638750 0.461253 -0.599302 0.293299 0.454681 0.957485 1.485181
1338618125 1.647969 -1.268016 -0.337489 0.757992 1.056259 1.558613
1358597500 2.762234 -1.511468 -0.888928 1.151337 1.132814 1.645581
1378576875 3.877680 -2.129942 -1.658808 1.465789 1.223033 1.847213
1398556250 5.322377 -2.745165 -2.752664 1.301281 1.299096 2.354207
1418535625 6.303572 -2.787431 -3.261189 1.136813 1.277764 2.471164
1438515000 5.518309 -1.737256 -2.742508 1.203248 1.277764 2.471164
1458494375 3.346379 -0.775047 -1.906500 0.710391 0.968742 1.717792
1478473750 1.730281 -0.288041 -0.934080 0.618386 0.968742 1.717792
1498453125 0.010076 0.335121 -0.120005 0.465967 0.804173 1.600805
