0 -0.219841 -0.272724 -0.044807 -2.441425 -0.524154 -1.741568
19979322 -0.490163 -0.103643 -0.107376 -2.483923 -0.524154 -1.741568
39958645 -0.232953 -0.175357 -0.129103 -2.526316 -0.469856 -1.751769
59937968 0.129575 -0.262932 -0.274507 -2.465192 -0.469856 -1.751769
79917291 0.385324 -0.355338 -0.312133 -2.546585 -0.446668 -1.752975
99896614 0.411244 -0.395226 -0.346309 -2.525304 -0.457508 -1.755573
119875937 0.048490 -0.336400 -0.241335 -2.509135 -0.457508 -1.755573
139855260 -0.043479 -0.340488 0.040740 -2.600507 -0.459746 -1.726001
159834583 0.049527 -0.468079 0.251850 -2.522681 -0.440673 -1.699822
179813906 0.343686 -0.619541 0.382621 -2.636279 -0.372168 -1.651565
199793229 0.790201 -0.800895 0.592734 -2.735242 -0.351893 -1.640539
219771958 1.151584 -0.876711 0.664662 -2.745657 -0.337844 -1.650954
239751281 1.440869 -0.929593 0.512975 -2.710095 -0.337844 -1.650954
259730603 1.450829 -0.902799 0.437544 -2.742656 -0.341108 -1.655923
279709926 1.277502 -0.959797 0.250462 -2.655444 -0.341465 -1.697216
299689249 1.230496 -1.036799 0.010547 -2.642955 -0.328904 -1.721355
319668572 1.217386 -1.227045 -0.241289 -2.634070 -0.328904 -1.721355
339647895 1.065153 -1.487093 -0.478928 -2.589960 -0.275355 -1.752171
359627218 1.022491 -1.954489 -0.544867 -2.668880 -0.200891 -1.768003
379606541 1.513814 -2.661501 -0.828677 -2.729932 -0.104401 -1.797087
399585864 2.246432 -3.637068 -1.368525 -2.713038 -0.104401 -1.797087
419565187 3.671848 -4.760261 -1.903080 -2.758484 -0.009264 -1.804659
439544510 5.712625 -6.365435 -1.530791 -2.799042 0.090117 -1.739469
459523833 7.525623 -8.533253 -0.678722 -2.849262 0.193155 -1.660816
479503156 7.634861 -10.794012 0.070789 -2.847659 0.300396 -1.605647
499482478 6.155407 -13.445205 0.564411 -2.921672 0.463753 -1.565950
519461801 3.994781 -16.837393 0.872141 -2.903052 0.716540 -1.529197
539441124 3.520817 -20.724533 0.481839 -2.817395 0.919585 -1.556688
559420499 4.118196 -25.635574 -0.304141 -2.703179 1.071141 -1.637079
579399874 3.890694 -30.737114 -1.926080 -2.346466 1.219190 -1.863423
599379249 1.687569 -35.204147 -2.233702 -0.811749 1.402517 -2.239283
619358624 -1.676478 -38.948582 -1.332195 2.121209 1.470603 2.280119
639337999 -6.010278 -41.630310 0.106618 2.847021 1.303024 1.648252
659317374 -10.476482 -43.812134 0.570431 2.946359 1.164911 1.613005
679296749 -15.419757 -39.308002 1.934015 3.067441 0.987598 1.566014
699276124 -16.455521 -30.799622 1.727627 3.051656 0.834712 1.588776
719255499 -12.974034 -28.218521 3.888348 -3.074802 0.873240 1.480219
739234874 -5.210192 -34.586048 3.289730 -3.117142 1.172302 1.436491
759214458 -4.230778 -42.647873 -1.690917 2.447909 1.126621 1.952318
779193833 -13.898229 -46.325844 -8.133432 2.308376 1.126621 1.952318
799173208 -25.986589 -43.063148 -9.675140 1.901305 0.955460 1.879449
819152583 -35.339664 -32.136993 -7.277692 0.664484 0.762128 1.774224
839131958 -50.496235 -13.538830 4.133791 0.145127 0.378955 1.514389
859111333 -41.777847 -1.925757 4.880996 0.329642 0.660479 1.630385
879090708 -21.708160 -11.577643 -1.463792 0.327580 0.660479 1.630385
899070083 -9.456872 -15.448262 -3.777555 0.714941 1.052575 1.826634
919049458 -9.368157 -12.099930 -5.023933 0.528100 1.010673 1.918953
939028833 -14.956493 -7.160532 -4.762208 0.317052 0.754082 1.811631
959008208 -18.948704 -1.841686 -4.188801 0.263083 0.361294 1.652958
978987583 -20.834143 1.617531 -2.131838 0.203547 0.361294 1.652958
998966958 -19.575935 2.286690 0.483324 0.210220 0.359360 1.538932
1018946333 -18.248081 3.487429 1.493353 0.249038 0.327918 1.487914
1038925708 -16.420139 5.431099 0.600248 0.215909 0.256863 1.528951
1058905083 -12.174986 4.863223 0.079558 0.245941 0.584384 1.510906
1078884458 -8.067493 3.057829 0.516985 0.233828 0.584384 1.510906
1098863833 -5.387690 1.467666 1.528267 0.277477 0.788950 1.382425
1118843208 -3.374320 0.562102 2.459111 0.308512 1.042593 1.123678
1138822583 -1.363440 0.070871 2.368885 0.300150 1.042593 1.123678
1158801958 1.009845 -0.804271 1.166038 0.790529 1.449549 2.096533
1178781333 3.041452 -1.644623 -0.748395 0.862629 1.449549 2.096533
1198760708 3.700518 -1.501424 -2.124865 0.642134 1.377412 2.515462
1218740083 3.134862 -0.875229 -1.328275 0.687467 1.377412 2.515462
1238719458 1.833649 -0.180840 0.288401 0.941530 1.315927 1.670502
1258698885 0.821567 0.209152 2.018352 0.263882 1.182492 1.218387
1278678312 0.305096 0.617336 2.927911 0.110168 1.084686 1.100754
1298657740 0.358570 0.539585 2.919939 0.076493 1.083238 1.118385
1318637167 0.901207 0.267946 2.414587 0.116545 1.145634 1.187956
1338616594 1.274660 0.027002 1.846496 0.462427 1.215540 1.360663
1358596021 1.601086 -0.123308 1.529494 0.551535 1.215540 1.360663
1378575448 1.836018 -0.088737 0.996867 0.765721 1.227209 1.492194
1398554875 1.812158 -0.162538 0.379246 0.804011 1.210986 1.655098
1418534302 1.707142 -0.357143 -0.181873 0.534069 1.185441 1.786085
1438513729 1.513951 -0.457187 -0.159227 0.673424 1.158685 1.756465
1458493156 1.305815 -0.329567 0.147675 0.681112 1.125482 1.670153
1478472583 0.759378 -0.108280 0.439598 0.468987 1.054033 1.598806
1498452010 0.512775 0.300167 0.880684 0.340404 0.984001 1.517986
