0 -0.562214 -0.181944 0.119239 2.949641 -1.053457 1.803462
19979896 -0.372072 -0.167078 0.335731 2.937453 -1.077399 1.766774
39959792 0.481869 -0.154871 0.002529 2.975086 -1.188395 1.936214
59939688 0.964618 -0.083619 -0.051342 2.898279 -1.188395 1.936214
79919584 0.535846 0.001687 0.055691 2.961371 -1.152746 1.868610
99899480 0.134473 -0.001595 0.143972 2.951937 -1.117003 1.828565
119879375 0.185719 0.003806 0.127707 2.920326 -1.117003 1.828565
139859271 0.292153 -0.065887 0.089535 2.987070 -1.102440 1.809223
159839167 0.148232 -0.119420 0.199016 3.010622 -1.102440 1.809223
179819063 -0.049810 -0.221454 0.045431 2.941505 -1.073229 1.830348
199798959 -0.444763 -0.329836 -0.099421 2.919672 -1.028694 1.836560
219778855 -0.651894 -0.470040 0.071004 2.959276 -1.005913 1.792379
239758750 -0.750740 -0.629603 0.227617 2.978429 -0.990029 1.757365
259738646 -1.083961 -0.871822 0.321536 3.035999 -0.948588 1.728879
279718542 -1.704762 -1.240284 0.490848 3.022371 -0.877270 1.686256
299698438 -2.976632 -1.706537 0.846467 3.110399 -0.667411 1.641607
319678334 -3.838719 -2.167589 0.548497 3.122358 -0.667411 1.641607
339658230 -5.671499 -2.694880 -1.799369 3.130292 -0.349992 1.996000
359638125 -8.344833 -3.891284 -4.664076 -3.112340 -0.349992 1.996000
379618021 -10.249009 -6.239511 -6.550166 -3.077289 -0.179497 2.058999
399597917 -10.208187 -9.499889 -6.403009 -3.064104 0.009059 2.057278
419577813 -10.558805 -13.163913 -4.110021 -3.098325 0.251286 1.907051
439557709 -10.276045 -17.019079 -1.680771 -3.097955 0.741988 1.623778
459537605 -10.847573 -20.724911 -0.344073 -3.097770 0.741988 1.623778
479517500 -13.424538 -24.338192 -2.150335 -2.597188 0.818623 1.756559
499497396 -15.359201 -29.278654 -4.314126 -1.416400 1.086246 1.906425
519477292 -15.706252 -34.795170 -3.803960 -1.048020 1.086246 1.906425
539457188 -12.624847 -40.432465 -2.114123 -1.066540 1.453826 2.315341
559437084 -9.228320 -45.774143 -1.339207 -1.083822 1.453826 2.315341
579416980 -5.335271 -51.414429 -1.585655 -2.706509 1.384747 -2.356992
599396875 -0.325679 -56.245888 -3.471507 -2.846647 1.384747 -2.356992
619376771 7.783175 -57.834080 -6.793633 -3.061640 1.254823 -2.193475
639356667 15.046494 -53.429134 -9.923798 2.767341 1.065628 -2.009013
659336563 19.114058 -47.625671 -8.081825 2.073312 1.060195 -1.803440
679316459 22.498497 -46.386841 -2.799480 1.544503 1.060195 -1.803440
699296355 25.485971 -46.760284 -6.785194 0.909847 1.031993 -1.899028
719276250 23.600035 -46.456436 -13.911266 0.509208 1.036138 -2.125074
739256146 25.234278 -42.609856 -10.991000 0.350626 0.918675 -1.824899
759236042 31.232567 -34.216858 -6.477642 0.245335 0.918675 -1.824899
779215938 34.825222 -24.533772 -11.953354 0.291600 0.745966 -1.936373
799195834 32.972439 -15.432005 -15.217598 0.306705 0.615688 -2.043909
819175730 30.915573 -9.057229 -8.800384 0.266582 0.553623 -1.899491
839155625 27.915371 -2.825047 -5.801053 0.263263 0.450243 -1.833512
859135521 24.787556 1.424231 -6.675315 0.332477 0.350053 -1.905690
879115417 22.094290 4.052063 -6.361687 0.402408 0.247262 -1.896606
899095313 20.636351 5.156170 -4.731003 0.410575 0.277391 -1.886767
919075209 18.451906 5.110393 -3.658343 0.339553 0.400802 -1.842177
939055105 15.620922 3.919703 -1.914092 0.393316 0.400802 -1.842177
959035000 13.693995 3.193410 0.739214 0.246103 0.605860 -1.574544
979014896 12.420598 2.147429 2.136886 0.247022 0.605860 -1.574544
998994792 10.885092 0.480022 2.153883 0.320774 0.746016 -1.580015
1018974688 8.509624 -1.260796 1.516994 0.356873 0.918226 -1.669261
1038954584 4.826048 -2.286251 1.837865 0.489008 1.393021 -1.514744
1058934480 0.851182 -3.026423 2.686699 -1.886945 1.472905 1.314072
1078914375 -3.322894 -3.305831 2.885447 -1.714455 1.472905 1.314072
1098894271 -6.285971 -3.115952 2.620671 -1.466869 1.269670 1.858371
1118874167 -6.493446 -2.501506 1.346142 -2.118112 1.284513 2.458509
1138854063 -5.292150 -1.772595 -0.215261 2.998647 1.309311 2.869311
1158833959 -4.322769 -2.054232 -0.594595 -3.058441 1.309311 2.869311
1178813855 -4.609563 -1.535062 0.176528 -2.685080 1.358449 2.780535
1198793750 -4.735732 -1.401202 0.768629 -2.539953 1.408402 2.717162
1218773646 -4.577195 -1.049883 0.999050 2.368755 1.416758 -2.727835
1238753542 -3.703337 -0.851448 0.860583 2.647418 1.416758 -2.727835
1258733438 -2.920877 -0.560802 0.393131 1.228392 1.248454 -2.350134
1278713334 -2.327900 -0.402551 -0.018641 1.250227 1.248454 -2.350134
1298693230 -2.133049 -0.227293 -0.000978 1.111669 1.222104 -2.275086
1318673125 -1.867780 -0.024275 0.208123 0.907664 1.183833 -2.168869
1338653021 -1.875362 -0.133267 0.007894 1.027665 1.183833 -2.168869
1358632917 -2.151484 -0.162446 -0.211289 1.035694 1.189984 -2.238111
1378612813 -1.995156 -0.009034 -0.540665 0.687387 1.087008 -2.183352
1398592709 -1.311435 0.020061 -0.693132 0.761669 1.087008 -2.183352
1418572605 -0.714786 -0.140289 -0.692757 0.761392 1.041822 -2.094369
1438552500 -0.720804 -0.094285 -0.592105 0.572424 1.057978 -2.126967
1458532396 -1.037352 -0.058915 -0.588062 0.585477 1.057978 -2.126967
1478512292 -1.275248 0.118020 -0.332443 0.654433 1.060467 -2.055537
1498492188 -0.878180 -0.143699 -0.240834 0.638639 1.060467 -2.055537
