0 0.572598 -0.186809 -0.555576 2.554591 -0.765196 1.443855
19980000 0.848649 -0.141616 0.629277 2.613789 -0.765196 1.443855
39960000 0.533870 0.067035 0.473394 2.582749 -0.756154 1.469934
59940000 0.515505 0.016695 -0.222915 2.564540 -0.750242 1.566660
79919948 0.453593 -0.033226 -0.063734 2.584538 -0.737860 1.542709
99899896 0.246484 -0.103714 0.207209 2.664743 -0.712947 1.504939
119879844 -0.035856 -0.169548 -0.072642 2.641580 -0.686458 1.541578
139859792 -0.221518 -0.165271 -0.554168 2.627532 -0.669910 1.573718
159839739 -0.278889 -0.150246 -0.342636 2.586912 -0.669910 1.573718
179819687 -0.230561 -0.146284 -0.021216 2.624489 -0.673519 1.532706
199799635 0.104152 -0.161583 0.298990 2.606199 -0.735614 1.475173
219779583 0.737859 -0.180532 0.336970 2.586244 -0.766434 1.480538
239759531 1.118467 -0.137396 0.268933 2.582464 -0.766434 1.480538
259739479 1.049069 -0.078351 0.449038 2.610706 -0.761415 1.458194
279719427 0.733118 0.001810 0.814462 2.606631 -0.736953 1.418629
299699375 0.430598 0.005342 1.117986 2.726742 -0.707703 1.390003
319679323 0.080007 -0.091261 0.724000 2.692711 -0.633764 1.545676
339659271 -0.366582 -0.232592 0.035118 2.662544 -0.633764 1.545676
359639219 -0.931838 -0.273687 -0.074565 2.676307 -0.581527 1.558544
379619167 -1.144039 -0.292609 0.021893 2.757331 -0.585769 1.515114
399599114 -0.434795 -0.671450 0.395329 2.851372 -0.593494 1.436226
419579062 0.176325 -0.912324 0.978868 2.899878 -0.593494 1.436226
439559010 -0.559566 -0.910817 -0.096881 2.752859 -0.554449 1.572415
459538958 -0.784059 -0.925994 -0.393685 2.772566 -0.541983 1.605866
479518906 -0.564912 -0.871780 -0.051609 2.751323 -0.562210 1.574114
499498854 0.381582 -1.195972 0.600298 2.839639 -0.589601 1.505735
519478802 1.225648 -1.899660 2.274306 3.102287 -0.554271 1.280875
539458750 0.559783 -2.543630 2.058429 3.056836 -0.448297 1.356266
559438698 -0.773553 -3.349208 0.422860 2.917054 -0.309422 1.588920
579418646 -3.187792 -4.099063 -0.918747 2.870561 -0.183041 1.712668
599398594 -4.424281 -5.722660 -0.895344 2.951992 -0.046250 1.703529
619378542 -4.306853 -8.096644 -0.401319 2.984225 0.133874 1.670273
639358542 -4.268457 -11.335524 -1.142398 2.951541 0.372103 1.738537
659338542 -5.126971 -14.457401 -0.832765 2.984344 0.543690 1.706831
679318542 -6.767737 -17.195393 -1.590995 3.006767 0.624997 1.755932
699298542 -8.036389 -19.997803 -1.999624 3.053800 0.708908 1.786824
719278542 -6.489081 -23.161238 -0.641732 3.072370 0.925798 1.728592
739258542 -2.772402 -26.787783 -0.363513 2.954799 1.255706 1.847728
759238542 -0.891270 -29.741693 -1.657911 -1.776767 1.394662 2.563168
779218542 0.598814 -31.620800 -2.478188 -2.215706 1.384636 -2.839362
799198542 5.297812 -32.984535 -0.735818 -2.960382 1.250782 -1.889936
819178542 5.451343 -33.935291 2.346758 2.991355 1.224998 -1.554418
839158542 4.608960 -36.553482 1.751656 3.073055 1.245980 -1.662834
859138542 8.581045 -39.689705 0.876130 3.094612 1.153185 -1.718630
879118542 14.989561 -41.795250 1.991325 3.092745 0.868531 -1.805305
899098542 24.195490 -39.902599 -4.169588 3.133161 0.868531 -1.805305
919078542 27.263359 -34.571236 -16.387127 -2.543522 0.722032 -2.075536
939058542 26.084509 -30.926916 -10.949745 2.315888 0.712335 -1.525365
959038542 30.839041 -28.716822 4.719256 1.562955 0.712335 -1.525365
979018542 36.345112 -23.917194 2.904229 0.198406 0.496285 -1.644008
998998542 37.694138 -17.079821 -0.792092 0.188061 0.496285 -1.644008
1018978542 36.068996 -9.785462 -2.254578 0.101098 0.389237 -1.675116
1038958542 30.799517 -4.068689 -3.393193 0.070277 0.316813 -1.714754
1058938542 24.856836 0.008034 -3.315318 0.030884 0.264399 -1.734714
1078918542 19.868029 2.547932 -2.038563 0.055667 0.231939 -1.711357
1098898542 15.226242 3.866657 -0.451813 0.038697 0.240268 -1.591110
1118878542 12.832106 4.516370 0.755223 0.036256 0.240268 -1.591110
1138858542 13.202312 4.866726 1.110442 0.038601 0.221861 -1.557604
1158838542 11.341347 4.765320 -0.071117 0.022073 0.253059 -1.616455
1178818542 8.523537 4.686838 -1.393299 -0.010785 0.303979 -1.711784
1198798542 6.290906 3.959741 -1.689739 -0.000862 0.407364 -1.752930
1218778542 4.210074 3.406393 -1.014416 0.007601 0.529164 -1.711160
1238758542 3.272674 2.537777 -0.709880 -0.002630 0.642235 -1.684086
1258738542 2.563918 1.783534 -0.727369 0.011850 0.734178 -1.689895
1278718542 1.589512 1.317097 -0.587721 -0.047543 0.827531 -1.679646
1298698542 1.326969 1.080082 -0.429328 -0.009985 0.855963 -1.653699
1318678542 0.999211 1.092597 0.130913 -0.012563 0.870709 -1.566985
1338658542 0.071644 0.759616 0.250809 0.029293 0.954848 -1.546769
1358638542 -0.753046 0.447496 0.069449 0.073146 1.057379 -1.563742
1378618542 -0.818128 0.010386 0.198198 -0.071293 1.061938 -1.492833
1398598542 -1.035522 0.168029 0.523111 -0.014121 1.061938 -1.492833
1418578542 -0.957928 0.044158 0.571387 0.106987 1.055885 -1.478788
1438558542 -0.971788 0.141279 0.345899 -0.037368 1.049724 -1.518792
1458538542 -0.839196 -0.032008 -0.488710 -0.227344 1.018975 -1.850019
1478518542 -0.925221 0.201188 -1.283996 -0.230817 0.990635 -1.882951
1498498542 -0.609915 0.048446 -1.527905 -0.270654 0.990635 -1.882951
