0 0.135874 0.121657 -0.095332 -2.712853 -1.383931 -2.035927
19979531 0.145395 0.074961 0.232542 -2.726673 -1.383931 -2.035927
39959062 0.043006 0.199901 -0.247493 -2.828242 -1.367508 -2.282831
59938593 0.362003 0.150160 -0.773870 -2.877511 -1.309067 -2.356704
79918125 0.274822 0.210774 -0.326732 -2.892869 -1.345753 -2.241678
99897656 0.060153 0.225670 0.021354 -2.794823 -1.382249 -2.165655
119877187 0.214488 0.212516 -0.099393 -2.828214 -1.361499 -2.170078
139856718 0.649101 0.087738 -0.315421 -2.840151 -1.291589 -2.122507
159836250 0.819195 0.041800 -0.363287 -2.834444 -1.334243 -2.109076
179815781 0.466384 0.099063 -0.112868 -2.761793 -1.334243 -2.109076
199795312 0.435504 0.024767 -0.067948 -2.814198 -1.336892 -2.101144
219774843 0.399114 -0.005000 -0.362025 -2.888973 -1.321919 -2.218642
239754375 0.257731 0.101579 -0.538544 -2.866984 -1.322396 -2.315398
259733906 0.246066 0.319148 -0.426371 -2.785756 -1.313431 -2.155027
279713437 0.532209 0.231855 -0.218101 -2.905808 -1.313431 -2.155027
299692968 1.455529 -0.260961 -0.738596 -2.990034 -1.183846 -2.143263
319672500 2.443075 -0.709808 -1.574393 -2.976193 -0.867375 -2.073320
339652031 3.777254 -1.894186 -1.664916 -3.013983 -0.867375 -2.073320
359631562 5.851542 -3.791665 -3.302106 -3.050646 -0.565760 -2.113667
379611093 7.505030 -5.942395 -4.825311 -3.033671 -0.314149 -2.141715
399590625 9.902774 -8.474144 -5.536150 -3.022356 -0.080856 -2.078820
419570156 13.032774 -12.075861 -0.994192 -2.890740 0.374577 -1.335139
439549687 15.599763 -16.259109 4.677309 -2.883702 0.374577 -1.335139
459529218 16.060951 -19.958912 4.971450 -2.725770 0.804311 -1.383681
479508698 14.703155 -24.320286 3.584146 -2.525048 0.973644 -1.285388
499488177 14.941950 -29.583424 5.081686 -2.418472 0.973644 -1.285388
519467656 15.686402 -35.315460 1.838328 -1.389530 1.120121 -1.527868
539447135 14.005514 -39.994324 -3.032403 0.647343 1.363156 -2.335586
559426614 11.108755 -44.612324 -4.398364 -0.733558 1.517052 -1.074875
579406093 8.761341 -51.793121 2.396053 -2.155396 1.389948 0.390129
599385573 3.614252 -59.975079 10.808918 -2.663712 1.317196 0.966085
619365052 -5.600735 -65.367737 10.565441 -3.032704 1.238866 1.317788
639344531 -15.048852 -68.075974 6.765069 -3.136562 1.216334 1.397573
659324010 -20.724915 -73.766907 5.322734 -3.006311 1.202248 1.281222
679303489 -26.560043 -82.802490 9.873936 -2.999017 1.187942 1.206666
699282968 -32.952991 -91.236794 14.093184 2.625228 1.187942 1.206666
719262448 -49.724892 -84.923073 14.322283 0.347832 1.051202 1.291854
739241927 -66.971603 -59.154835 12.959345 0.278309 0.789479 1.370698
759221406 -63.850094 -40.393063 13.773791 0.263644 0.642405 1.393451
779200885 -53.879189 -29.199488 8.343363 0.281906 0.642405 1.393451
799180364 -46.891327 -14.524505 1.282498 0.230106 0.291754 1.543598
819159843 -42.368355 -1.723627 0.618108 0.189277 0.224922 1.468069
839139323 -34.830742 2.718259 3.120456 0.289282 0.245174 1.303921
859118802 -27.833000 3.529592 6.536500 0.231000 0.245174 1.303921
879098281 -25.630472 5.709533 4.138265 0.167685 0.086344 1.468328
899077760 -24.852333 7.916828 1.855152 0.186298 0.086344 1.468328
919057239 -21.204498 7.261681 1.601408 0.190214 0.138315 1.461936
939036718 -13.994157 4.191467 1.595357 0.197797 0.446991 1.394045
959016198 -8.326663 1.695045 0.319116 -0.092370 1.092006 1.902823
978995677 -5.532585 1.502174 -2.046753 -0.263981 1.199385 2.064420
998975156 -3.820571 1.426452 -2.194539 -0.242968 1.199385 2.064420
1018954635 -1.248525 -0.151300 -1.074870 2.250353 1.391006 -0.698147
1038934114 1.518452 -1.973145 1.174561 1.833440 1.240960 -0.887707
1058913593 3.971580 -2.874458 2.260937 1.722906 1.162006 -0.964178
1078893073 5.575610 -3.127531 2.572662 1.087190 1.162006 -0.964178
1098872552 7.128098 -3.371198 1.193324 -0.827962 1.101277 -1.594297
1118852031 7.908576 -3.126401 -1.204209 -0.889354 1.101277 -1.594297
1138831510 6.945199 -2.015539 -1.632541 -0.916335 1.131050 -1.649175
1158810989 5.697201 -0.888289 -1.921038 -1.049323 1.186747 -1.716469
1178790468 4.899706 -0.400452 -1.794616 -1.239082 1.238279 -1.707924
1198769948 3.654920 -0.215569 -1.362006 -2.562224 1.481050 -1.360332
1218749427 2.185340 0.324253 -1.059813 0.215641 1.488626 1.814137
1238728906 0.694610 1.128425 -1.361018 0.381475 1.488626 1.814137
1258708385 -0.669081 1.499474 -1.708209 0.253793 1.307562 1.858287
1278687864 -1.839816 1.303271 -0.674287 0.361753 1.184036 1.515164
1298667343 -1.886846 0.699404 -0.218337 0.402810 1.180326 1.449940
1318646823 -0.735011 -0.201056 1.542840 0.611955 1.282009 0.828403
1338626302 -0.052700 -0.803897 1.536196 0.449849 1.280582 1.218538
1358605781 -0.304823 -0.096216 0.356126 0.464561 1.280582 1.218538
1378585260 -0.691990 0.824332 -0.767325 0.157608 1.266435 1.917700
1398564739 0.161098 0.313943 -1.659487 0.174250 1.321980 1.995992
1418544218 0.877925 -0.154287 -1.591148 0.217715 1.303549 1.650753
1438523698 0.734681 -0.009061 -0.666312 0.149931 1.303549 1.650753
1458503177 0.415490 0.016646 0.601086 0.173909 1.192551 0.981315
1478482656 0.580542 -0.397289 1.804905 0.197143 1.192551 0.981315
1498462135 1.590271 -1.590199 1.317340 0.344380 1.326591 1.117256
