0 -0.651582 0.045082 0.223789 -2.523647 -0.737868 -1.732796
19979271 -0.492748 0.195439 0.339534 -2.446481 -0.737673 -1.715287
39958542 -0.409134 0.326513 0.471861 -2.565355 -0.740481 -1.698449
59937812 -0.595322 0.567017 0.188914 -2.373319 -0.764005 -1.784677
79917083 -0.693780 0.617840 -0.074682 -2.420041 -0.764005 -1.784677
99896354 -0.136491 0.410336 -0.131273 -2.525723 -0.705077 -1.779297
119875625 0.272581 0.272037 -0.277824 -2.474175 -0.662776 -1.789269
139854896 0.502021 0.308775 -0.468103 -2.504145 -0.656824 -1.832250
159834167 0.288292 0.370145 -0.619443 -2.510486 -0.656824 -1.832250
179813437 -0.027506 0.473286 -0.657146 -2.468197 -0.655303 -1.835431
199792708 0.104844 0.338746 -0.604796 -2.430262 -0.655303 -1.835431
219771979 0.074154 0.297415 -0.570215 -2.451799 -0.647827 -1.829951
239751250 -0.053661 0.323263 -0.528561 -2.458413 -0.649418 -1.825417
259730521 -0.043405 0.371107 -0.627868 -2.570028 -0.619516 -1.782787
279709792 0.180767 0.322631 -0.302674 -2.520862 -0.619516 -1.782787
299689062 0.226263 0.317523 -0.160985 -2.541418 -0.607587 -1.761381
319668333 -0.029389 0.460198 -0.571753 -2.441826 -0.616221 -1.810429
339647604 0.451012 0.238058 -0.584767 -2.419169 -0.563057 -1.794362
359626875 0.635177 -0.013190 -0.416672 -2.585304 -0.500298 -1.741547
379606146 0.655069 -0.238770 -0.256501 -2.505463 -0.500298 -1.741547
399585417 0.527732 -0.566362 0.036435 -2.578330 -0.472694 -1.704637
419564687 0.467455 -1.083838 0.605779 -2.609477 -0.423071 -1.635940
439543958 0.125076 -2.269949 1.211634 -2.767466 -0.308217 -1.564149
459523229 0.728085 -4.104243 0.757316 -2.862922 0.092841 -1.647927
479502500 2.320505 -5.818408 0.198558 -2.862922 0.092841 -1.647927
499481771 5.081635 -8.508875 0.426763 -2.878128 0.268345 -1.614121
519461042 8.810271 -11.803469 -1.370338 -2.841450 0.377904 -1.702922
539440312 11.224999 -15.558674 -2.451091 -2.838450 0.479239 -1.735192
559419583 11.654523 -18.147015 -1.428488 -2.891170 0.707291 -1.644343
579398854 8.900302 -20.697487 -0.703927 -2.818718 0.975918 -1.626669
599378125 4.400269 -23.584442 -0.278532 -2.818718 0.975918 -1.626669
619357396 -0.065027 -27.489677 -0.234720 -2.531815 1.318557 -1.652961
639336667 -0.852598 -30.886745 3.419587 2.775082 1.365443 0.479184
659315937 -3.345890 -30.537783 4.581945 2.366201 1.290190 2.027726
679295208 -5.092495 -31.178541 -1.709236 2.391029 1.149542 2.398400
699274479 -4.955537 -33.422630 -7.057561 2.391029 1.149542 2.398400
719253750 -8.197300 -36.534565 -1.839980 2.698385 1.148508 1.772125
739233021 -11.052408 -38.060707 2.887127 -3.125123 1.050846 1.316894
759212292 -11.341318 -38.799629 5.028111 -3.125123 1.050846 1.316894
779191562 -13.442109 -37.651508 8.122927 -3.034883 0.963301 1.260537
799170833 -14.853390 -36.796471 8.199010 -3.050884 0.963301 1.260537
819150104 -15.817025 -35.962151 2.874322 2.934969 0.980533 1.472127
839129375 -19.544270 -33.814220 -2.355501 2.209893 0.920928 1.657924
859108646 -25.865244 -27.974289 -3.094521 0.799266 0.552467 1.637013
879087917 -34.953575 -19.387817 -3.042330 0.577156 0.480513 1.675386
899067187 -34.014019 -13.803905 -4.841788 0.577156 0.480513 1.675386
919046458 -29.011318 -11.812188 -6.510395 0.524178 0.508933 1.731972
939025729 -21.909039 -9.472412 -3.884351 0.544865 0.573187 1.678674
959005000 -15.830387 -8.783751 -0.613366 0.428928 0.695526 1.556317
978984271 -12.939174 -9.008375 0.812256 0.389661 0.749067 1.463578
998963542 -13.166673 -6.749611 1.012217 0.389661 0.749067 1.463578
1018942812 -15.138815 -3.708449 0.991687 0.270731 0.490850 1.457957
1038922083 -15.757487 -0.461679 1.479508 0.270731 0.490850 1.457957
1058901354 -15.237316 2.093703 1.665511 0.282510 0.398518 1.449016
1078880625 -13.563790 3.541130 1.949913 0.208474 0.375800 1.419622
1098859896 -11.352083 4.158805 1.797806 0.188923 0.375800 1.419622
1118839167 -9.500671 4.137791 1.651539 0.183790 0.421409 1.417208
1138818437 -7.489646 3.602611 1.615936 0.192657 0.517235 1.402935
1158797708 -6.086521 2.691904 1.854200 0.174445 0.719911 1.299946
1178776979 -4.817860 1.915274 2.333493 0.126243 0.789888 1.233466
1198756250 -3.905918 1.168023 2.788542 0.171523 0.847744 1.159774
1218735521 -2.843545 0.740307 3.142563 0.123895 0.895192 1.111177
1238714792 -1.909570 0.463333 3.229700 0.123895 0.895192 1.111177
1258694062 -1.173027 0.499781 3.155789 0.109085 0.918006 1.085500
1278673333 -0.170435 0.012254 3.214576 -0.052886 0.983529 1.006655
1298652604 0.495983 0.168045 3.244716 -0.070220 0.993384 0.939757
1318631875 0.743027 0.150900 2.975051 -0.035849 0.998530 0.944322
1338611146 0.888787 0.144182 2.430785 -0.053880 1.010032 0.991106
1358590417 0.528055 -0.009580 1.979747 -0.014503 0.930039 1.135393
1378569687 -0.100378 0.038192 1.599709 -0.014503 0.930039 1.135393
1398548958 -0.326290 0.088355 0.840950 0.099265 0.906163 1.224086
1418528229 -0.070282 -0.009592 0.122572 0.111407 0.919346 1.283684
1438507500 -0.222530 -0.138789 -0.845019 0.211535 0.902740 1.407576
1458486771 -0.986104 0.621333 -2.020766 0.280217 0.768776 1.570064
1478466042 -0.908735 0.423133 -2.549546 0.435874 0.745114 1.634092
1498445365 0.186017 -0.735158 -2.006732 0.513234 0.859477 1.561587
