0 0.564485 -0.486386 0.063847 -2.805011 -1.030836 -1.985183
19977760 0.901388 -0.475291 -0.261185 -2.779291 -0.992695 -2.019441
39955781 0.679929 -0.227124 -0.736580 -2.801562 -1.003205 -2.115485
59934114 0.029839 0.142516 -0.841655 -2.693248 -1.061220 -2.195833
79912812 -0.048063 0.244748 -0.453899 -2.771607 -1.088367 -2.134414
99891927 0.289767 0.123832 -0.437778 -2.735338 -1.057152 -2.090312
119871458 0.405290 0.089169 -0.641663 -2.717520 -1.037818 -2.105030
139851354 0.523457 -0.004166 -0.437624 -2.668137 -1.033341 -2.051451
159831614 0.310771 -0.010635 0.395581 -2.635740 -1.110784 -1.879744
179812187 -0.086851 -0.118842 0.662764 -2.699739 -1.110784 -1.879744
199793021 0.233904 -0.200081 0.174554 -2.743847 -1.062016 -1.953756
219774062 0.569985 -0.292212 -0.591430 -2.737731 -1.000122 -2.053567
239755208 0.943359 -1.064448 -0.984956 -2.796026 -0.910740 -2.072017
259736406 1.363400 -2.342577 -0.492083 -2.893749 -0.609759 -1.886756
279717604 2.204655 -3.896032 -0.287341 -2.937797 -0.609759 -1.886756
299697500 3.489080 -5.908124 -0.582571 -2.986076 -0.324198 -1.876923
319677031 5.511137 -8.985629 -1.888802 -2.967043 0.029237 -1.940825
339656562 8.755531 -13.610304 -3.290353 -2.992576 0.333225 -1.955367
359636093 13.563098 -19.196819 -4.802036 -3.039068 0.501653 -1.941705
379615625 17.051270 -26.104755 -6.069010 -3.002909 0.662176 -1.944270
399595156 16.979063 -32.494434 -6.685534 -3.001061 0.839694 -1.976618
419574687 14.081969 -39.452271 -2.937656 -1.252822 1.323517 -1.441694
439555833 10.679815 -46.600246 2.119003 -0.795250 1.323517 -1.441694
459533906 7.172602 -53.094265 4.847219 -1.191684 1.447850 -0.761118
479512031 0.163600 -56.950169 5.221680 -2.639211 1.440427 0.890171
499490260 -7.404730 -57.704636 6.068349 -2.829985 1.232956 1.136291
519468646 -10.197258 -59.626541 9.947907 -2.566381 1.189274 0.905458
539447187 -11.985508 -65.454285 17.249132 -2.559659 1.128532 0.954623
559425937 -19.116280 -69.729080 20.358122 -2.803960 1.145540 1.181105
579404948 -25.599472 -75.935295 14.036149 -2.947946 1.145540 1.181105
599384218 -34.941425 -79.585876 9.310582 2.372447 0.983257 1.374222
619363750 -47.458611 -72.241394 9.460773 0.479514 0.785176 1.396448
639343541 -60.120914 -55.175156 9.778096 0.438718 0.785176 1.396448
659323541 -59.955181 -44.721451 13.015765 0.394785 0.635584 1.219544
679303750 -57.153332 -34.892593 19.470293 0.394785 0.635584 1.219544
699284114 -58.960022 -20.904694 16.594118 0.347245 0.292275 1.417951
719264583 -53.646454 -5.424006 6.315249 0.287576 0.106572 1.524050
739245104 -45.833412 5.786666 0.598934 0.224447 0.010836 1.517077
759225677 -36.242813 10.153758 0.832444 0.224447 0.010836 1.517077
779206250 -29.712702 11.655506 4.949398 0.194518 -0.039670 1.375918
799186250 -25.587099 12.704515 8.141586 0.247387 -0.085539 1.232825
819165781 -21.770653 12.210405 7.084998 0.216872 0.007657 1.198660
839145312 -17.762487 10.225900 6.095191 0.216872 0.007657 1.198660
859124843 -16.896822 8.341831 5.913239 0.239849 0.104977 1.185575
879104375 -15.570396 6.106026 3.985447 0.207096 0.229092 1.256673
899083906 -10.933527 2.488427 1.449364 0.182822 0.899703 1.445838
919063437 -5.615637 -0.743084 -0.828544 0.387369 1.234211 1.515423
939042968 -1.248834 -3.808495 -1.733822 0.408647 1.234211 1.515423
959022500 1.900141 -6.105350 -0.798522 1.236037 1.410426 1.031007
979002031 2.973443 -7.120700 -0.036062 2.799938 1.457913 0.145223
998981562 4.727735 -8.204048 -0.319407 -1.227998 1.462608 -1.035458
1018961093 6.954985 -8.840972 -1.280067 -0.764145 1.304639 -1.132271
1038940625 9.906976 -9.556791 -0.223972 -0.728920 1.304639 -1.132271
1058920156 15.150553 -10.278518 1.041591 -0.514002 1.061635 -1.226548
1078899687 14.119812 -8.730120 -0.015928 -0.895734 1.306004 -1.547662
1098879218 8.009762 -4.737363 -2.890907 -0.895734 1.306004 -1.547662
1118858750 1.945362 0.011886 -10.201151 0.204386 0.662102 2.413270
1138838281 -1.105648 2.993943 -8.516362 0.204386 0.662102 2.413270
1158817812 -0.478394 1.897488 -2.501708 0.492208 0.978137 1.610786
1178797343 1.455943 0.618768 1.888757 -0.483091 1.201656 0.070903
1198776875 4.341482 -1.458570 2.039306 -2.046929 1.346409 -0.252546
1218756406 5.138129 -2.081156 0.588820 1.422534 1.297437 0.475137
1238735937 3.064068 -0.601464 0.707528 1.422534 1.297437 0.475137
1258715468 0.907488 0.573452 1.581180 0.433730 1.013876 0.887551
1278695000 0.064320 0.841755 1.738800 0.558388 1.045396 0.935763
1298674531 0.056043 0.622028 1.402279 0.513858 1.045571 1.070815
1318654062 -0.269885 0.804414 0.765914 0.501133 0.967375 1.257804
1338633593 -1.029391 1.618935 0.035477 0.439243 0.912056 1.328030
1358613125 -1.506536 1.956175 -0.209272 0.420276 0.910142 1.284809
1378592656 -1.590009 1.711233 0.106900 0.405167 0.833119 1.330497
1398572187 -2.267932 1.981049 0.029578 0.343860 0.720240 1.422554
1418551718 -3.526076 2.212584 -0.340478 0.363666 0.620710 1.517788
1438531250 -4.649417 2.401339 -0.918482 0.321740 0.631150 1.477955
1458510781 -4.523572 1.834595 -0.348450 0.372344 0.739921 1.356317
1478490312 -3.141853 0.578801 0.822178 0.398165 0.823782 1.277328
1498469843 -1.847270 -0.313979 1.428288 0.391030 0.810114 1.309892
