0 0.323123 -0.277407 -0.468984 -2.424999 -0.953143 -1.693670
19979479 0.275900 -0.315196 -0.413944 -2.388328 -0.955223 -1.687267
39958958 -0.069749 -0.207751 -0.139259 -2.317227 -0.991908 -1.646197
59938437 -0.231160 -0.042483 0.262507 -2.370632 -0.983940 -1.627498
79917916 0.085473 -0.074744 0.011266 -2.386918 -0.983940 -1.627498
99897395 0.097619 -0.044821 -0.571308 -2.464506 -0.976992 -1.736327
119876875 0.034079 -0.006151 -0.467092 -2.384476 -0.983514 -1.723405
139856302 -0.067919 -0.021982 -0.218291 -2.386517 -0.991601 -1.683513
159835729 0.143931 -0.138931 -0.046070 -2.406797 -0.966075 -1.651357
179815156 0.326123 -0.275805 -0.294879 -2.475245 -0.934873 -1.737494
199794583 0.285746 -0.263064 -0.558255 -2.492359 -0.924004 -1.700142
219774010 0.327539 -0.368310 -0.354570 -2.478474 -0.924004 -1.700142
239753437 0.369725 -0.483270 0.107235 -2.525007 -0.905191 -1.597140
259732864 0.477631 -0.441324 0.215969 -2.460282 -0.905191 -1.597140
279712291 0.368696 -0.312257 0.300757 -2.439884 -0.919580 -1.580959
299691718 0.301723 -0.273154 0.113978 -2.458550 -0.924489 -1.610467
319671145 0.302994 -0.237756 -0.080754 -2.418477 -0.922920 -1.641130
339650572 0.399892 -0.252883 0.121223 -2.422543 -0.911935 -1.606410
359630000 0.674428 -0.377452 -0.060080 -2.509842 -0.855555 -1.681880
379609427 0.778138 -0.529651 -0.394991 -2.548068 -0.847739 -1.656323
399588854 0.781237 -0.607488 -0.235532 -2.470343 -0.847739 -1.656323
419568281 1.010976 -0.857853 -0.104315 -2.586617 -0.761735 -1.588982
439547708 1.479892 -1.157569 0.178518 -2.659098 -0.687467 -1.580465
459527135 2.022528 -1.716216 0.254582 -2.705515 -0.600443 -1.651990
479506562 2.542471 -2.452972 -0.326781 -2.693282 -0.494367 -1.693604
499485989 3.178739 -3.338361 -0.734125 -2.710011 -0.494367 -1.693604
519465416 5.055008 -5.150546 -0.550547 -2.854982 -0.032759 -1.650653
539444843 7.268590 -7.924917 -0.558840 -2.854982 -0.032759 -1.650653
559424270 9.317472 -11.876770 -3.162744 -2.831950 0.220304 -1.817948
579403697 12.924702 -16.135719 -8.003385 -2.850984 0.360553 -2.013865
599383125 12.674475 -19.961391 -6.090045 -2.814996 0.551968 -1.927258
619362552 11.134542 -23.634594 -1.548923 -2.728795 0.796386 -1.669343
639341979 9.568295 -27.642441 -0.916366 -2.457836 1.027674 -1.621236
659321406 5.505668 -30.146198 0.173448 -2.363821 1.420656 -0.132105
679300833 2.267352 -32.827663 2.924737 -2.160335 1.420656 -0.132105
699280260 -0.462782 -34.480675 0.890337 2.555670 1.394201 1.721309
719259687 -0.407554 -36.978027 -1.441579 2.463040 1.377198 1.880270
739239114 -0.207914 -40.317375 -2.747550 2.702940 1.318211 1.632411
759218541 -2.566640 -43.064777 -1.393494 2.702940 1.318211 1.632411
779197968 -5.609896 -44.905991 0.763255 2.884839 1.251748 1.470345
799177395 -11.298966 -46.095478 -2.945696 2.615260 1.151344 1.702234
819156822 -15.799316 -45.844624 -4.669555 2.589992 1.083899 1.760293
839136250 -22.376295 -44.299683 -1.789582 2.583698 0.998925 1.637919
859115677 -29.550777 -39.050110 -4.961162 1.360671 0.806897 1.826634
879095104 -32.758244 -35.980927 -10.191818 0.901422 0.806897 1.826634
899074531 -29.595358 -33.112061 -7.178662 0.765508 0.844846 1.780023
919054010 -27.947149 -32.833668 3.613266 0.364273 0.898517 1.479796
939033489 -26.544933 -32.556156 10.871083 0.017710 0.714463 1.228928
959012968 -33.173256 -22.875256 13.367629 0.159834 0.714463 1.228928
978992447 -40.023216 -10.865449 10.942137 0.188833 0.456938 1.319949
998971927 -40.490673 -0.218707 0.289589 0.187507 0.248601 1.564335
1018951406 -35.215778 5.929873 -5.724214 0.138764 0.112424 1.721967
1038930885 -25.377424 7.284821 -3.778041 0.114967 0.204791 1.597571
1058910364 -17.864206 6.291152 -0.068843 0.143304 0.309763 1.409569
1078889843 -13.364724 5.406676 2.966109 0.138304 0.353834 1.334776
1098869322 -11.257421 5.213450 3.726631 0.099364 0.401298 1.388067
1118848802 -10.106456 4.790630 2.888267 0.065175 0.512379 1.451638
1138828281 -8.839137 3.480059 2.038435 0.075995 0.512379 1.451638
1158807760 -6.629820 1.427821 2.449080 0.046648 0.857612 1.263322
1178787239 -4.238265 0.178040 3.147068 0.103664 0.946551 1.181903
1198766718 -2.480867 -0.349774 3.229374 0.015376 0.946551 1.181903
1218746197 -0.706083 -0.768416 1.998077 -0.082144 1.073249 1.269093
1238725677 0.610844 -0.855355 0.377528 -0.017282 1.164547 1.530294
1258705156 1.329908 -1.175961 -0.445473 -0.048110 1.200210 1.698256
1278684635 1.875998 -1.334223 -0.341666 -0.074837 1.223778 1.636537
1298664114 2.162509 -1.605984 -0.310092 0.001087 1.230130 1.581270
1318643593 2.286317 -1.766017 -1.039504 0.101116 1.154861 1.797409
1338623072 2.017931 -1.527395 -1.497493 0.101116 1.154861 1.797409
1358602552 1.387511 -1.281183 -1.391813 0.114402 1.068271 1.726668
1378582031 0.485162 -0.929357 -1.177349 0.067399 0.867925 1.630873
1398561510 -0.076651 -0.818134 -1.092345 0.067399 0.867925 1.630873
1418540989 0.321877 -1.308686 -0.907504 0.105407 0.886147 1.596071
1438520468 1.647966 -2.345896 -0.817821 0.112710 1.002855 1.561004
1458499947 3.495937 -3.063819 -1.353285 0.744284 1.156807 1.629900
1478479427 4.669335 -3.100665 -2.395195 1.439863 1.217072 2.071799
1498458906 4.984877 -2.637949 -3.135289 1.606769 1.217072 2.071799
