0 0.036806 -0.192739 -0.747759 -3.139883 -1.247340 1.841341
19979687 0.018116 -0.293259 -0.556541 3.091511 -1.247137 1.780557
39959375 0.307504 -0.349360 0.167024 3.021444 -1.280745 1.544378
59939062 0.489113 -0.253171 0.435070 2.998368 -1.298636 1.444490
79918750 0.453782 -0.135264 0.141801 3.099108 -1.261530 1.730883
99898437 0.122581 -0.118748 -0.321747 -3.057536 -1.261530 1.730883
119878125 -0.057482 -0.062282 -0.482120 3.136446 -1.240845 1.778024
139857812 -0.200772 0.013411 -0.311143 3.110583 -1.230697 1.723477
159837500 -0.201304 0.016774 -0.153246 3.124392 -1.230726 1.678990
179817187 -0.081091 -0.038655 -0.132343 3.051530 -1.238642 1.669323
199796875 -0.054259 -0.040316 -0.114476 3.079761 -1.238642 1.669323
219776562 -0.119342 -0.089158 0.039108 3.118456 -1.220540 1.627410
239756250 -0.147679 -0.222017 0.001975 3.104575 -1.218194 1.643704
259735937 -0.106409 -0.356895 -0.051403 -3.132191 -1.213566 1.636185
279715625 -0.121393 -0.423843 -0.032019 3.089892 -1.213566 1.636185
299695312 -0.140307 -0.460669 0.178169 3.060399 -1.204540 1.577662
319675000 -0.153003 -0.537657 0.142885 3.123247 -1.204540 1.577662
339654687 -0.279369 -0.594560 0.141244 3.088502 -1.188420 1.574690
359634375 -0.376072 -0.587065 0.208920 3.040422 -1.178166 1.553490
379614062 -0.441056 -0.564157 0.156217 -3.118220 -1.176480 1.634885
399593750 -0.406561 -0.554412 -0.077161 -3.123912 -1.187814 1.760031
419573437 -0.304383 -0.431234 -0.507686 -3.069237 -1.182282 1.799152
439553125 -0.354742 -0.450125 -0.656800 -3.042137 -1.182282 1.799152
459532812 -0.589061 -0.488386 -0.123625 -3.138153 -1.170612 1.644900
479512500 -0.948826 -0.713937 0.455124 3.134554 -1.092382 1.547364
499492187 -1.338689 -1.046493 0.299450 -3.086033 -1.035109 1.790462
519471875 -1.623940 -1.671688 -0.756983 -3.052274 -0.929597 1.936701
539451562 -2.159966 -2.447023 -1.601587 -3.023223 -0.929597 1.936701
559431250 -2.680694 -3.606165 -1.999570 -3.013438 -0.613203 2.046935
579410937 -3.342727 -5.015148 -2.676310 -2.959698 -0.613203 2.046935
599390625 -4.468176 -6.649145 -3.601227 -2.940244 -0.140259 2.100159
619370312 -5.932936 -8.348043 -4.317214 -2.899192 0.119471 2.132981
639350000 -6.942468 -10.759042 -5.115951 -2.857789 0.119471 2.132981
659329687 -9.272573 -14.109455 -6.130315 -2.753285 0.378053 2.113370
679309375 -11.898125 -18.319920 -5.727232 -2.413643 0.838675 1.935763
699289062 -13.730080 -23.658575 -5.334482 -1.858472 0.838675 1.935763
719268750 -15.696347 -29.963505 -7.664210 -1.214926 0.977512 2.065047
739248437 -17.144485 -35.190273 -9.708349 -0.732823 1.283124 2.141577
759228125 -14.744536 -40.117168 -6.456617 -0.644380 1.510772 2.094705
779207812 -9.818882 -45.570564 -1.924523 3.047593 1.435349 -1.660045
799187500 -1.493898 -52.982170 -0.720946 2.959738 1.216436 -1.648000
819167187 13.311807 -58.076309 -1.304684 2.896910 1.088033 -1.718883
839146875 23.683962 -57.581230 -4.226497 2.674088 1.088033 -1.718883
859126562 23.228622 -55.565094 -6.529196 2.322632 1.089102 -1.749401
879106250 24.897228 -51.704666 -4.692078 1.191981 0.978490 -1.605098
899085937 30.525974 -42.685047 0.027112 0.679097 0.849495 -1.509906
919065625 33.404327 -31.536785 3.712456 0.489244 0.636746 -1.557027
939045312 38.777962 -20.062275 2.095327 0.404981 0.485487 -1.682330
959025000 36.187119 -9.919805 -2.651160 0.409550 0.485487 -1.682330
979004687 25.346151 -7.787262 -0.851286 0.453950 0.592600 -1.660147
998984375 17.851217 -5.943758 1.202795 0.499525 0.712252 -1.583139
1018964062 16.088379 -2.818808 0.141030 0.497442 0.663928 -1.646611
1038943750 16.423569 -0.051382 0.303826 0.480833 0.549576 -1.636687
1058923385 16.464592 1.798930 0.608257 0.465449 0.465775 -1.621042
1078903021 15.342155 2.482182 0.573663 0.471568 0.499528 -1.571769
1098882656 13.840057 2.361810 1.609643 0.500274 0.499528 -1.571769
1118862291 12.235803 2.056706 3.072592 0.458567 0.555237 -1.460891
1138841927 11.200150 1.499986 3.552428 0.453401 0.605317 -1.413750
1158821562 9.447273 0.492007 2.991382 0.486940 0.712297 -1.439975
1178801198 6.950647 -0.430793 2.118041 0.867564 1.105391 -1.638715
1198780833 2.943425 -1.306390 1.019823 0.867564 1.105391 -1.638715
1218760469 -2.347484 -2.101885 -0.169439 2.351973 1.431337 -2.663550
1238740104 -6.086665 -1.808027 -0.211399 -1.471612 1.311935 2.053819
1258719739 -5.795421 -1.195547 1.491908 -0.917194 1.367032 1.367393
1278699375 -4.458690 -0.927410 2.646140 -0.164577 1.391011 0.359894
1298679010 -3.265085 -0.765939 1.797513 0.556634 1.447295 -0.572380
1318658646 -2.693904 -0.414727 0.011388 1.997994 1.413477 -1.982067
1338638281 -2.644502 -0.297581 -1.314587 2.633109 1.303032 -2.644507
1358617916 -3.118619 -0.647185 -1.859849 2.558309 1.327808 -2.555909
1378597552 -3.126170 -0.804960 -1.568152 2.042175 1.355108 -2.151831
1398577187 -2.725444 -0.756191 -0.737880 1.705137 1.341968 -1.845262
1418556823 -2.429126 -0.369996 -0.206357 1.674682 1.277117 -1.953626
1438536458 -1.930599 -0.263169 -0.724107 1.622675 1.277117 -1.953626
1458516094 -1.728438 -0.164517 -1.604748 1.733742 1.219392 -2.169214
1478495729 -1.031226 -0.084438 -1.894828 1.025323 1.099563 -2.000077
1498475364 -0.275717 -0.027407 -1.559205 1.032309 1.100401 -1.951572
