0 0.576633 0.140926 0.126004 3.025960 -1.093282 1.630195
19980000 0.497769 0.166623 -0.013659 3.028107 -1.079041 1.593076
39960000 0.358148 0.201768 0.262961 3.061934 -1.081009 1.546994
59939948 0.406675 0.157152 0.463927 2.952082 -1.048876 1.581264
79919896 0.097178 0.081943 0.297588 3.049865 -1.012880 1.629411
99899844 -0.286571 0.066112 0.042089 3.029733 -1.012880 1.629411
119879792 -0.344976 0.037230 0.110511 3.087176 -1.015628 1.569779
139859740 -0.204325 0.003632 0.361057 3.066011 -1.051967 1.539355
159839688 0.219418 0.014129 0.501693 2.996086 -1.051967 1.539355
179819636 0.225253 0.036317 0.548009 3.011652 -1.052552 1.530556
199799584 0.039979 0.026997 0.217305 3.036501 -1.035275 1.601753
219779532 0.082390 -0.070364 0.032470 3.115008 -1.032176 1.644578
239759480 0.311779 -0.178164 0.238904 3.000492 -1.026344 1.583384
259739427 0.247588 -0.403739 0.388034 3.083369 -1.026344 1.583384
279719375 0.159906 -0.779846 0.101705 3.107327 -0.990979 1.645140
299699323 0.004255 -1.344802 -0.299948 3.082445 -0.888471 1.566162
319679271 -0.051740 -1.859570 0.489542 3.092112 -0.888471 1.566162
339659219 -0.110192 -2.131875 1.628223 -3.088465 -0.754753 1.357995
359639167 -0.442235 -2.723268 1.778430 -3.108867 -0.589012 1.366615
379619115 -1.003373 -3.889311 1.918856 -3.067614 -0.398346 1.363115
399599063 -1.561999 -5.193624 2.150512 -3.054459 -0.112472 1.599138
419579011 -1.951541 -7.292661 0.563535 -3.112841 0.247667 1.945880
439558959 -2.543717 -10.247258 -2.362636 -3.080353 0.247667 1.945880
459538907 -5.044786 -13.195656 -4.893230 -3.045234 0.407464 2.060847
479518855 -9.093369 -15.649031 -5.543662 -2.991966 0.548222 1.811911
499498802 -11.383347 -18.504616 -3.400999 -2.980771 0.548222 1.811911
519478750 -11.846245 -22.374298 -2.066243 -2.952662 0.717275 1.737621
539458698 -10.438995 -26.922503 -2.065795 -2.785946 0.951730 1.769448
559438646 -8.746278 -31.656248 -2.110153 -1.973855 1.175618 1.830836
579418594 -7.165657 -35.845955 -2.003445 -0.838362 1.349009 1.959863
599398542 -7.418126 -40.512878 -4.121259 -1.306457 1.385999 2.442212
619378490 -4.207092 -45.901749 -6.185244 -2.140107 1.391055 -2.965261
639358438 3.532501 -52.668144 -6.616340 -2.767117 1.303539 -2.202029
659338386 11.799729 -57.191273 -10.102028 -2.844967 1.174484 -2.088808
679318334 16.524906 -62.391010 -13.462650 -3.035743 1.084391 -1.929897
699298282 26.105221 -66.208260 -11.257174 -3.076740 1.084391 -1.929897
719278230 32.703411 -64.371452 -3.589180 2.612626 1.046400 -1.708757
739258177 38.112785 -56.708279 0.121113 1.706233 0.964705 -1.618925
759238125 40.892044 -48.219074 1.041610 1.057023 0.890174 -1.603278
779218073 38.947075 -40.880165 4.260778 0.756275 0.866025 -1.532004
799198021 35.298336 -30.344929 1.509415 0.594396 0.815977 -1.594810
819177969 32.249550 -21.850296 -4.001978 0.529557 0.751693 -1.758062
839157917 33.735779 -13.434116 0.005233 0.489498 0.603302 -1.641663
859137865 33.061275 -5.376787 3.890813 0.452626 0.440932 -1.530970
879117813 28.895660 -0.221089 3.916253 0.455816 0.348944 -1.530941
899097761 25.253109 2.241343 4.590740 0.473433 0.306832 -1.506111
919077709 23.546108 4.438246 6.925792 0.415175 0.167579 -1.302977
939057657 22.269218 6.110931 8.948557 0.429010 0.167579 -1.302977
959037605 21.644945 6.643440 9.318734 0.412416 0.147144 -1.269647
979017552 20.406742 5.736350 7.492519 0.383224 0.203905 -1.323177
998997500 17.551191 3.590814 4.448739 0.459890 0.521670 -1.561303
1018977448 15.185453 1.326599 1.998634 0.426096 0.682365 -1.559316
1038957396 12.821119 -0.797730 1.760675 0.417781 0.682365 -1.559316
1058937344 10.134291 -2.747730 2.802806 0.383972 0.839512 -1.438163
1078917292 4.929050 -3.616646 1.587757 0.473966 1.097505 -1.458878
1098897240 -1.368392 -4.212305 -2.191439 1.763713 1.375535 -2.683993
1118877188 -4.470662 -4.358270 -4.408428 -3.030157 1.372774 2.810494
1138857136 -4.278773 -4.520356 -3.011954 -2.427116 1.372774 2.810494
1158837084 -3.197151 -4.194789 -0.307728 1.086973 1.527708 -1.129524
1178817032 -3.312034 -4.661958 -0.441286 1.064799 1.503218 -1.145826
1198796980 -4.945819 -4.433629 -2.083565 -2.265552 1.494478 2.807235
1218776927 -6.275253 -3.992447 -3.287450 -1.227751 1.391630 2.534515
1238756875 -7.080265 -3.081964 -2.721402 -0.744127 1.385960 2.092347
1258736823 -6.564067 -2.435965 -1.955906 0.862424 1.545457 0.064939
1278716771 -5.503171 -1.709900 -1.699250 0.933907 1.545457 0.064939
1298696719 -5.408690 -0.771281 -2.308208 -2.694696 1.526849 -2.468866
1318676667 -5.397077 -0.312910 -2.855650 -2.097195 1.450487 -2.727185
1338656615 -4.651347 -0.614696 -2.522215 -2.969256 1.397684 -2.129255
1358636563 -4.210557 -0.664948 -1.312639 2.010816 1.361021 -1.501610
1378616511 -3.911454 -0.763347 0.006350 1.176601 1.290831 -1.087223
1398596459 -3.469923 -0.526525 0.726526 1.006342 1.210963 -1.017418
1418576407 -3.225988 -0.283854 0.725959 1.099157 1.183970 -1.090332
1438556355 -3.229805 -0.183465 0.603850 1.112851 1.161469 -1.205662
1458536302 -2.771764 -0.317609 0.612640 0.880490 1.108500 -1.232239
1478516250 -2.151625 -0.315816 0.768520 0.895706 1.108500 -1.232239
1498496198 -1.446324 -0.082528 0.912961 0.761078 1.039140 -1.262128
