0 -0.062169 -0.528238 0.788224 -2.436903 -0.734399 -1.542614
19979271 -0.429696 -0.269548 0.504191 -2.324063 -0.776615 -1.585468
39958542 -0.309559 -0.229005 0.352671 -2.359418 -0.765828 -1.611965
59937813 0.214825 -0.220675 -0.018998 -2.301097 -0.724353 -1.664163
79917084 0.691470 -0.210454 -0.244239 -2.412881 -0.690136 -1.691507
99896354 0.830275 -0.270983 -0.311825 -2.402120 -0.673951 -1.701316
119875625 0.761929 -0.245699 -0.443904 -2.380126 -0.675297 -1.719340
139854896 0.650277 -0.201444 -0.390877 -2.397365 -0.681038 -1.713745
159834167 0.882621 -0.534142 -0.068571 -2.391429 -0.639847 -1.670022
179813438 1.404809 -1.022900 0.432537 -2.570673 -0.572516 -1.608017
199792709 2.023138 -1.411246 1.555067 -2.728424 -0.532559 -1.459531
219771979 1.838387 -1.335244 1.903679 -2.676348 -0.532559 -1.459531
239751250 0.532555 -1.013231 1.582023 -2.679203 -0.635729 -1.488760
259730521 -0.588286 -0.478732 1.330374 -2.506381 -0.756374 -1.519558
279709792 -0.598696 -0.362696 1.284883 -2.481323 -0.763051 -1.533777
299689063 -0.010083 -0.540162 1.591931 -2.620780 -0.656364 -1.582521
319668334 0.314703 -0.782348 1.105706 -2.533864 -0.595002 -1.718829
339647604 0.495077 -1.235271 0.078093 -2.605978 -0.516579 -1.760228
359626875 0.390193 -2.005103 -0.201999 -2.674899 -0.516579 -1.760228
379606146 0.947278 -3.317924 -0.090684 -2.820495 -0.013788 -1.759068
399585417 2.774953 -6.072239 -0.589420 -2.820431 -0.013788 -1.759068
419564688 6.458887 -11.820802 -2.122162 -2.872643 0.371670 -1.811128
439543959 14.177764 -19.244404 -3.361874 -2.896265 0.526000 -1.778663
459523229 20.260508 -26.556135 -2.818952 -2.937442 0.617343 -1.714173
479502500 17.927326 -31.855703 -0.414093 -2.937111 0.785749 -1.634390
499481771 10.029653 -37.913078 0.025792 -2.873727 1.113128 -1.640150
519461042 3.816412 -44.286247 0.334950 -2.222759 1.403866 -1.641508
539440313 -0.980835 -50.106037 1.722136 2.878429 1.523916 0.855172
559419584 -6.155322 -54.762733 3.541121 2.912694 1.365368 1.250798
579398854 -8.490667 -59.797588 3.612347 2.978134 1.310385 1.375933
599378125 -9.147658 -67.605377 2.245576 2.993598 1.315823 1.510227
619357396 -15.078945 -71.970764 6.032552 3.130617 1.241720 1.371122
639336667 -24.751629 -66.414688 8.588637 -3.034198 1.099961 1.344655
659315938 -26.066118 -58.019619 0.562339 2.647879 1.038056 1.708068
679295209 -27.661692 -53.778694 -4.649989 2.378639 1.038056 1.708068
699274479 -33.531780 -50.559994 -5.644679 1.976880 0.972662 1.720359
719253750 -42.875183 -43.077026 -1.981326 0.825874 0.834309 1.623081
739233021 -47.816685 -30.655447 3.778981 0.254783 0.669072 1.505650
759212292 -45.684288 -17.774788 9.047750 0.258806 0.600874 1.416186
779191563 -33.449963 -14.297354 5.165831 0.319593 0.660029 1.565329
799170834 -26.774916 -11.479860 -0.493521 0.280780 0.660029 1.565329
819150104 -24.942719 -6.052794 -3.492604 0.249035 0.466386 1.772071
839129375 -22.595371 -1.461100 -5.720017 0.258096 0.466386 1.772071
859108646 -20.023998 2.335724 -5.856666 0.223534 0.368216 1.806736
879087917 -16.900785 4.168604 -5.239194 0.169222 0.337401 1.825866
899067188 -13.688457 3.064169 -2.747333 0.204679 0.474214 1.737512
919046459 -11.496308 1.698436 1.673251 0.270590 0.621041 1.435458
939025729 -10.763996 2.166133 5.940882 0.287741 0.477911 0.946186
959005000 -9.479071 3.555991 8.048730 0.274029 0.477911 0.946186
978984271 -7.293951 3.570398 6.561154 0.314185 0.782614 1.063154
998963542 -4.893039 2.073580 4.213594 0.332236 0.782614 1.063154
1018942813 -2.301426 0.334502 2.434616 0.311443 1.054123 1.147118
1038922084 -0.033651 -0.494474 1.322951 0.379358 1.253274 1.196608
1058901354 1.344387 -0.326302 0.744079 0.775109 1.348989 1.225356
1078880625 1.616583 -0.210784 0.412093 0.783096 1.349239 1.324265
1098859896 1.031225 -0.134312 0.141583 0.472026 1.265923 1.446924
1118839167 0.774345 0.133257 -0.369949 0.413066 1.200752 1.723377
1138818438 0.944507 -0.410941 -0.949077 0.545022 1.199129 1.722040
1158797709 1.197335 -0.599510 -0.963036 0.615232 1.199129 1.722040
1178776979 0.519902 0.032331 -0.645097 0.512983 1.083324 1.626081
1198756250 -0.376006 0.160263 -0.394863 0.475012 0.963781 1.578684
1218735521 -0.889663 0.273864 0.420367 0.325053 0.870500 1.466482
1238714792 -0.886454 0.219365 1.620094 0.281312 0.809038 1.317262
1258694063 0.185317 -0.650977 1.802299 1.051414 1.109663 1.354506
1278673334 2.530075 -2.056468 0.721407 1.462731 1.109663 1.354506
1298652604 3.495260 -1.712299 -0.654270 1.578166 1.163576 1.668663
1318631875 3.219289 -1.069849 -1.401894 1.299767 1.078903 1.840827
1338611146 2.964365 -0.845941 -1.567809 1.269127 1.030968 1.872097
1358590417 1.710789 -0.233358 -1.162520 0.971378 0.890589 1.752268
1378569688 0.605149 -0.009278 -1.248342 0.879788 0.786102 1.741341
1398548959 0.425832 0.050624 -1.413720 0.900477 0.790312 1.747477
1418528229 0.671099 -0.083426 -1.204892 0.812747 0.790312 1.747477
1438507500 0.265448 0.018575 -0.981914 0.809164 0.757375 1.711928
1458486771 -0.470632 0.360696 -0.482787 0.527089 0.625216 1.554674
1478466042 -0.934913 0.739998 0.202760 0.484128 0.625216 1.554674
