0 -0.162774 -0.371879 -0.235046 2.918323 -1.300418 1.941692
19979687 0.134864 -0.459233 -0.278071 2.904707 -1.301706 1.914397
39959375 0.132912 -0.366721 -0.203216 2.996848 -1.301706 1.914397
59939062 -0.214067 -0.337934 -0.219322 3.029935 -1.266336 1.882279
79918750 -0.427118 -0.332699 -0.434450 3.071080 -1.238515 1.928769
99898437 -0.409513 -0.308485 -0.713254 3.046157 -1.230725 2.009382
119878125 -0.098384 -0.265607 -0.666957 3.024063 -1.261512 2.034603
139857812 0.000827 -0.215553 -0.298567 2.981687 -1.285830 1.925402
159837500 -0.272702 -0.220633 -0.110427 2.991529 -1.240614 1.858130
179817187 -0.441519 -0.292644 -0.266216 3.073229 -1.227283 1.916573
199796875 -0.498666 -0.290708 -0.514280 3.007304 -1.229285 1.875260
219776562 -0.502828 -0.298677 -0.413942 2.980171 -1.230598 1.830098
239756250 -0.535242 -0.252023 -0.311807 2.980171 -1.230598 1.830098
259735937 -0.938069 -0.336316 -0.361402 3.001812 -1.191811 1.805420
279715625 -1.237915 -0.485546 -0.663445 2.974067 -1.224769 1.842619
299695312 -0.619938 -0.690305 -0.547142 2.974067 -1.224769 1.842619
319675000 -0.144445 -0.813668 0.281842 2.823756 -1.286833 1.550249
339654687 -0.262870 -0.931251 0.745859 2.712676 -1.268921 1.355146
359634375 -0.547374 -1.202097 0.592742 2.759087 -1.238058 1.410397
379614062 -0.649116 -1.790130 0.147604 2.899314 -1.216116 1.554289
399593750 -1.147852 -2.264752 0.164110 2.921371 -1.149166 1.552031
419573437 -1.753270 -2.646851 0.847480 2.937526 -1.065650 1.392758
439553125 -1.528168 -3.241077 1.170917 2.924513 -1.055245 1.328974
459532812 -1.908220 -4.520076 0.094367 3.048800 -0.923640 1.670731
479512500 -3.432758 -6.650567 -1.836564 -3.073587 -0.475271 2.007738
499492187 -4.668711 -10.018929 -4.858203 -2.918784 0.040372 2.285799
519471927 -7.514912 -14.168674 -6.674932 -2.914384 0.564559 1.927427
539451667 -11.490990 -18.052402 -4.035268 -2.914384 0.564559 1.927427
559431406 -13.454385 -22.257591 -0.450320 -2.758991 0.751770 1.649326
579411146 -14.169869 -26.840370 0.246366 -2.181687 0.928583 1.613651
599390885 -14.490829 -31.778496 -0.483020 -1.019431 1.086534 1.707892
619370625 -15.464827 -36.788239 1.046478 -0.570074 1.199360 1.628210
639350365 -14.486496 -44.117290 1.979773 -0.430359 1.349675 1.604447
659330104 -9.614685 -52.503292 1.773569 2.857629 1.389632 -1.731410
679309844 2.618042 -59.952530 1.436269 2.701815 1.271787 -1.699419
699289583 12.503580 -64.565834 0.804235 2.701815 1.271787 -1.699419
719269323 19.674368 -67.087486 -5.954376 2.782567 1.197666 -1.907777
739249062 27.113035 -65.136238 -16.703796 2.752749 1.083576 -2.116204
759228802 33.180405 -55.042488 -8.901578 1.081177 1.018316 -1.879490
779208542 36.819088 -43.704597 3.509352 0.379626 0.890301 -1.721447
799188281 34.780216 -35.494144 -3.506418 0.379626 0.890301 -1.721447
819168021 32.017071 -27.705511 -8.342680 0.305006 0.840657 -1.859691
839147760 30.104856 -19.560232 -9.226596 0.225979 0.761806 -1.888892
859127500 29.131229 -11.272681 -13.972339 0.220965 0.602047 -2.029994
879107240 24.864103 -4.293029 -17.431252 0.274411 0.414296 -2.196670
899086979 20.868084 -0.199589 -14.174218 0.288713 0.414296 -2.196670
919066719 18.500568 1.565161 -8.078979 0.239281 0.435405 -2.015819
939046458 16.262871 2.590790 -4.591499 0.202450 0.461430 -1.880242
959026198 14.816311 2.800989 -3.576492 0.163371 0.492067 -1.846485
979005937 13.239733 2.464528 -3.260755 0.236930 0.664946 -1.897743
998985677 10.951962 1.869505 -2.937554 0.241677 0.664946 -1.897743
1018965417 7.468864 0.774585 -2.277529 0.391079 1.101620 -1.933862
1038945156 4.685338 0.428359 -0.875877 0.393663 1.101620 -1.933862
1058924896 2.931293 0.240175 0.971398 0.275152 1.253928 -1.592331
1078904635 1.167972 0.081700 1.399765 1.214436 1.470305 -2.434879
1098884375 -0.387457 -0.164113 0.423214 1.214436 1.470305 -2.434879
1118864115 -1.624328 -0.183726 0.598066 2.457175 1.499496 2.816398
1138843854 -2.477297 -0.282467 1.410991 -2.163798 1.493874 1.492587
1158823594 -3.050072 -0.368020 1.323788 -2.189998 1.464293 1.621590
1178803333 -3.445418 -0.377048 1.041878 -2.696396 1.428298 2.110545
1198783073 -3.628296 -0.251023 0.656689 -2.583266 1.428298 2.110545
1218762812 -3.804145 -0.442952 0.069888 -2.839087 1.395211 2.391727
1238742552 -3.887880 -0.481375 0.178001 -2.504167 1.406595 2.378519
1258722292 -3.753803 -0.313364 0.678358 -2.426325 1.455661 2.236191
1278702031 -3.753862 -0.413148 0.463998 -2.683576 1.450954 2.403777
1298681771 -3.672664 -0.248329 -0.045888 -2.927704 1.416607 2.680450
1318661510 -3.011757 -0.034279 -0.447462 1.931127 1.354766 -2.832142
1338641250 -2.368488 0.028273 -0.697807 1.744066 1.354766 -2.832142
1358620990 -1.815563 -0.031654 -0.511538 1.450067 1.347280 -2.567439
1378600781 -1.535266 0.047365 0.000254 1.483288 1.366068 -2.313351
1398580573 -1.513508 0.242082 0.114121 1.343965 1.369939 -2.264536
1418560365 -1.354065 0.322429 -0.093981 1.283686 1.346343 -2.292665
1438540156 -0.999893 0.423465 -0.648287 1.085510 1.284336 -2.364014
1458519948 -0.725198 0.415227 -0.870246 1.034960 1.254066 -2.361013
1478499740 -0.391618 0.511199 -0.718458 0.926215 1.220885 -2.183892
