0 -0.202420 -0.064631 0.408508 -2.458504 -0.857596 -1.946737
19979427 -0.191336 -0.032166 0.202668 -2.434235 -0.839267 -2.008818
39958854 -0.176610 -0.037346 -0.052156 -2.408449 -0.827948 -2.010412
59938281 -0.045708 -0.000967 -0.126155 -2.428018 -0.809424 -1.995666
79917708 0.150601 -0.045019 -0.110545 -2.491246 -0.809424 -1.995666
99897135 0.087220 -0.028697 -0.284820 -2.471388 -0.805892 -2.020738
119876562 0.108109 0.046108 -0.286453 -2.422745 -0.791919 -1.997270
139855990 0.307727 0.072494 -0.248674 -2.502499 -0.757323 -2.016255
159835417 0.534020 -0.040375 -0.551918 -2.479913 -0.757323 -2.016255
179814844 0.690652 -0.114003 -1.065625 -2.459084 -0.724527 -2.056627
199794271 1.216840 -0.462656 -1.117295 -2.683026 -0.610332 -1.922239
219773698 1.791225 -1.064509 -0.566352 -2.590172 -0.610332 -1.922239
239753125 2.575885 -1.673120 -0.556874 -2.729995 -0.352984 -1.984198
259732552 4.072497 -3.111841 -2.338045 -2.792073 -0.255582 -1.969275
279711979 4.752836 -4.298231 -2.569964 -2.766062 -0.255582 -1.969275
299691406 5.201662 -5.475178 -2.033209 -2.810805 -0.172753 -1.903902
319670833 6.870465 -7.811472 -1.928324 -2.886338 -0.000307 -1.848711
339650260 7.890965 -10.588697 -0.688623 -2.890824 0.177835 -1.741495
359629687 7.088505 -12.777775 -0.079439 -2.904747 0.338435 -1.707093
379609115 6.371515 -15.209607 -1.891883 -2.884568 0.517687 -1.875472
399588542 5.848745 -18.095451 -2.316198 -2.789247 0.727541 -1.934089
419567969 3.872780 -22.453857 -1.766834 -2.552248 1.065951 -1.952329
439547396 5.626107 -29.562996 -0.662279 -2.288047 1.206518 -1.526461
459526875 10.038808 -38.062973 0.713276 -1.558734 1.313991 -1.682428
479506354 10.851381 -47.121620 -1.101610 -1.164576 1.313991 -1.682428
499485833 7.058706 -55.586990 0.777552 2.729152 1.415782 1.426889
519465312 -3.188201 -63.525311 1.310919 2.904793 1.242044 1.343683
539444792 -13.839749 -68.281906 5.274352 3.002228 1.192806 1.348797
559424271 -19.230202 -72.743156 7.001619 3.020082 1.165138 1.401304
579403750 -24.788767 -76.466751 6.489417 2.983078 1.041259 1.452006
599383229 -35.377983 -68.957909 5.710268 2.706043 0.879820 1.433097
619362708 -44.234837 -54.766632 7.221232 1.672754 0.860106 1.424793
639342187 -42.671227 -47.652290 6.788160 0.798924 0.828349 1.429332
659321667 -42.075378 -41.193100 6.055190 0.593201 0.828349 1.429332
679301146 -39.969582 -37.010799 10.211788 0.405321 0.817633 1.321805
699280625 -34.846386 -30.731346 13.155995 0.414738 0.810537 1.204080
719260104 -33.272507 -22.365578 11.121020 0.426039 0.740277 1.225293
739239583 -33.371502 -13.511090 5.806863 0.382457 0.617986 1.360608
759219062 -30.962610 -4.508411 -0.663696 0.293580 0.463404 1.548263
779198542 -27.283308 2.505871 -3.747420 0.258671 0.296303 1.664966
799178021 -22.617632 5.262106 -2.246580 0.195176 0.240247 1.626049
819157500 -19.462896 6.420383 0.855977 0.244350 0.218987 1.480899
839136979 -17.897215 7.220229 2.704394 0.278320 0.188477 1.382606
859116458 -15.542104 7.054751 4.088947 0.363636 0.309719 1.146717
879095937 -13.153312 6.015363 5.682963 0.330867 0.309719 1.146717
899075417 -10.545233 4.657330 7.399932 0.358960 0.547353 0.879311
919054896 -8.764135 2.961874 7.859982 0.334633 0.547353 0.879311
939034375 -5.941011 0.995374 6.976213 0.565197 1.139880 0.696419
959013854 -1.416976 -1.243872 3.884614 0.569341 1.139880 0.696419
978993333 1.436400 -1.641366 0.176913 0.866384 1.475471 1.117151
998972812 1.761448 -0.622471 -2.515328 -0.118658 1.349314 2.663513
1018952292 0.774542 0.372067 -2.775992 0.113855 1.218483 2.331380
1038931771 0.489582 -0.385129 -1.204860 0.292917 1.245209 1.837544
1058911250 0.970749 -1.605155 0.195643 0.470202 1.281445 1.428618
1078890729 2.260137 -2.317831 -0.384930 0.729740 1.365657 1.631790
1098870208 2.324347 -2.113074 -1.518609 0.412719 1.154770 1.955578
1118849687 1.178640 -1.602929 -1.713811 0.441550 1.081037 1.730960
1138829167 0.223608 -2.100291 -0.669445 0.310134 1.091003 1.440829
1158808646 0.521709 -2.687653 1.168913 0.321468 1.091003 1.440829
1178788125 1.420940 -1.915518 2.700150 -0.030291 1.063760 1.163169
1198767604 1.768326 -1.490190 2.309948 0.275941 1.051395 1.385137
1218747083 1.994282 -1.383432 1.269630 0.441233 1.013883 1.497462
1238726562 1.906742 -1.243852 0.518810 0.615491 1.013883 1.497462
1258706042 1.182051 -0.772250 -0.232283 0.591028 0.861642 1.670411
1278685521 0.709947 -1.205719 -1.037140 0.644504 0.861642 1.670411
1298665000 0.967702 -2.110728 -1.014328 0.796418 0.910945 1.637573
1318644479 2.064185 -1.952325 -1.371484 0.735417 0.815868 1.780613
1338623958 1.627568 -0.479560 -1.907524 0.715905 0.815868 1.780613
1358603437 0.144143 -0.201732 -1.247571 0.604337 0.677505 1.690184
1378582917 -0.244050 -0.444340 0.512724 0.555408 0.709186 1.451726
1398562396 0.538369 -1.067532 1.182918 0.765994 0.775881 1.475217
1418541875 0.967469 -1.972287 1.114966 0.788209 0.775881 1.475217
1438521354 0.793307 -1.723842 0.524579 0.863290 0.728796 1.564217
1458500833 -0.119833 -1.367388 0.321334 0.726648 0.626116 1.592152
1478480312 -0.798702 -1.288859 0.360402 0.538248 0.501731 1.595118
1498459792 -1.181989 -1.232768 0.193235 0.660343 0.480964 1.626201
