0 -0.130284 -0.026828 -0.564457 -3.079650 -1.084335 2.004224
19979636 0.067975 0.059056 -0.599456 -3.000845 -1.105941 2.033593
39959271 0.421812 0.058969 -0.346927 -3.082812 -1.165553 1.934398
59938907 0.421941 0.166508 0.008176 -3.000200 -1.144116 1.942477
79918542 0.228166 0.148054 -0.103299 -3.059252 -1.106259 1.994513
99898177 -0.052727 0.097772 -0.462759 -3.059252 -1.106259 1.994513
119877813 -0.274618 0.118863 -0.512192 -3.045651 -1.089031 1.984449
139857448 -0.189061 0.034557 -0.267628 -3.033083 -1.127035 1.866068
159837084 -0.023076 0.002966 0.121052 -2.936976 -1.120171 1.827381
179816719 -0.134727 -0.001349 0.253885 -3.055537 -1.120171 1.827381
199796354 -0.301523 0.036147 0.164394 -3.051000 -1.105242 1.836489
219775990 -0.316921 0.023206 0.098429 -3.017840 -1.109858 1.841516
239755625 -0.229221 0.007377 0.166282 -3.069826 -1.109858 1.841516
259735261 0.171734 -0.051532 0.123740 -3.008804 -1.140505 1.880258
279714896 0.087988 -0.113776 0.188567 -2.938806 -1.129948 1.862159
299694532 -0.055973 -0.199243 0.434266 -2.977439 -1.114983 1.803164
319674167 0.033063 -0.423485 0.366138 -2.950661 -1.104241 1.835857
339653802 -0.570730 -0.645728 0.099001 -3.042989 -0.913374 1.982219
359633438 -1.319935 -0.912364 -0.756962 -2.985480 -0.770993 2.145376
379613073 -1.583920 -1.891082 -2.057822 -2.986675 -0.770993 2.145376
399592709 -2.256736 -2.823384 -1.282370 -3.030746 -0.474456 1.779018
419572344 -3.784688 -3.967233 -0.018910 -2.973105 -0.211318 1.833939
439551979 -7.889096 -5.480935 -1.781908 -2.979689 -0.067404 1.911934
459531615 -10.925770 -7.213250 -4.170659 -2.914870 0.063573 1.956496
479511250 -9.934345 -9.486554 -4.722519 -2.914870 0.063573 1.956496
499490886 -8.609282 -11.945497 -4.760472 -2.947294 0.225943 1.992626
519470521 -7.374629 -15.111143 -3.968016 -2.910501 0.474031 1.982369
539450157 -7.628664 -18.554855 -1.734637 -2.793794 0.721224 1.795800
559429792 -9.391077 -22.211243 0.443628 -2.653486 0.863836 1.573361
579409427 -9.408355 -26.537415 1.577900 -2.365945 1.061942 1.450878
599389063 -8.572299 -31.421732 1.023172 -0.599759 1.269953 1.505082
619368750 -7.257682 -36.526512 0.679666 -0.576228 1.439867 1.628592
639348438 -3.920790 -41.353035 0.853497 3.070362 1.526275 -1.941094
659328125 1.482492 -45.147011 -1.086576 3.021716 1.352815 -1.931810
679307813 6.197247 -47.086121 -6.033514 -3.114744 1.215219 -2.122060
699287500 9.716720 -45.142319 -10.655700 -3.070202 1.104349 -2.215110
719267188 12.115390 -41.437790 -9.365973 2.824435 1.017426 -1.970562
739246875 15.877319 -37.672337 -7.048048 1.865053 0.926306 -1.770575
759226563 22.061140 -33.942184 -2.908343 1.865053 0.926306 -1.770575
779206250 25.761658 -29.028797 -3.882229 1.200084 0.832348 -1.784466
799185938 27.093807 -24.195509 -8.023768 0.882384 0.750397 -1.900347
819165625 24.793999 -20.386131 -11.166877 0.693518 0.757240 -2.063103
839145313 19.464222 -16.358719 -9.604424 0.594911 0.757240 -2.063103
859125000 16.482906 -13.137985 -4.624590 0.705770 0.812495 -1.930116
879104688 18.247402 -10.363406 -2.258048 0.571345 0.745983 -1.798991
899084375 19.746624 -6.827950 -5.077932 0.531795 0.618658 -1.902689
919064063 19.302458 -3.754385 -6.390119 0.480355 0.502748 -1.907776
939043750 17.547522 -1.307778 -4.285245 0.480355 0.502748 -1.907776
959023438 15.708431 0.631505 -1.611749 0.480352 0.483716 -1.797716
979003125 14.002775 1.656087 -1.103062 0.477389 0.482805 -1.786826
998982813 12.890601 2.113192 -1.152943 0.481564 0.489006 -1.801677
1018962500 12.400917 2.234471 -0.811274 0.521321 0.494082 -1.778987
1038942188 10.939725 2.132239 -0.466960 0.527506 0.537956 -1.767524
1058921875 8.880489 1.594855 -0.311462 0.565237 0.755968 -1.761351
1078901563 6.807577 0.846125 0.181102 0.565237 0.755968 -1.761351
1098881302 5.408767 -0.232606 0.791249 0.640069 0.870232 -1.706108
1118861042 3.996303 -0.881694 1.483340 0.672272 0.961628 -1.621184
1138840782 2.108805 -1.295008 1.421954 0.813298 1.074325 -1.630644
1158820521 -0.651232 -1.721212 0.691790 1.702538 1.444070 -1.968455
1178800261 -2.934245 -2.032053 0.992697 0.923878 1.475813 -0.907016
1198780000 -3.576298 -1.869108 1.993241 0.870337 1.475813 -0.907016
1218759740 -3.359170 -1.150346 2.129241 1.584754 1.375787 -1.804875
1238739479 -2.746344 -0.686799 0.406398 1.525268 1.375787 -1.804875
1258719219 -2.776512 -0.294855 -1.561574 1.926424 1.263832 -2.424641
1278698959 -2.648771 -0.206951 -1.857625 1.706983 1.232931 -2.407231
1298678698 -2.436553 -0.095622 -1.122767 1.452108 1.255312 -2.142319
1318658438 -2.500356 0.043863 -0.543829 1.296270 1.272390 -1.948796
1338638177 -2.673570 0.006680 -0.533674 1.689200 1.308844 -2.059722
1358617917 -3.083500 -0.251229 -0.573946 1.671330 1.308844 -2.059722
1378597657 -3.236159 -0.496196 -0.174044 1.980486 1.337896 -1.948593
1398577396 -3.292856 -0.559978 0.274580 1.829254 1.354744 -1.778861
1418557136 -2.881286 -0.499187 0.569866 1.400311 1.284445 -1.714885
1438536875 -2.573608 -0.415654 0.367268 1.388531 1.284445 -1.714885
1458516615 -2.178593 -0.291204 0.150940 1.191478 1.244016 -1.765987
1478496354 -1.944484 -0.308232 -0.048277 1.135864 1.226647 -1.807144
1498476094 -1.800230 -0.196381 -0.156343 1.107793 1.217456 -1.821409
