0 0.581201 -0.574681 1.725757 3.027686 -0.385304 1.402741
19980052 0.529737 -0.537122 1.434921 2.888471 -0.385304 1.402741
39960104 -0.017685 -0.228643 0.339948 2.792829 -0.394359 1.528990
59940156 -0.314817 -0.166357 -0.781518 2.684655 -0.386060 1.645861
79920208 -0.446162 -0.087315 -0.628389 2.643254 -0.388468 1.625968
99900261 -0.525398 -0.083630 0.157720 2.758681 -0.387346 1.541584
119880313 -0.441677 -0.061571 0.503968 2.886181 -0.393859 1.504480
139860365 -0.400464 0.103553 0.464164 2.852613 -0.413276 1.509610
159840417 -0.256967 0.190989 0.569850 2.906157 -0.430208 1.500458
179820469 -0.268601 0.188306 0.743727 2.821533 -0.411552 1.507623
199800521 -0.605390 0.023201 0.716468 2.882672 -0.411552 1.507623
219780573 -1.032878 -0.473631 0.860742 2.896461 -0.359323 1.510133
239760625 -1.459831 -1.237871 0.891799 2.871162 -0.187393 1.596483
259740677 -1.595072 -2.402188 0.103837 2.895297 -0.187393 1.596483
279720729 -2.267581 -3.468637 -1.544461 2.817615 -0.042728 1.808628
299700781 -3.008268 -4.220179 -2.458891 2.814453 -0.042728 1.808628
319680833 -3.200768 -4.718421 -2.449973 2.906794 -0.021546 1.736194
339660886 -3.137020 -5.159660 -1.505026 2.889753 -0.003995 1.706864
359640938 -2.362737 -5.786642 -1.025883 2.920580 0.001075 1.733196
379620990 -1.594322 -6.276070 -1.112594 2.953591 -0.008555 1.748602
399601042 -1.325560 -6.633600 -1.117971 2.991966 0.109620 1.707172
419581094 -0.473381 -7.939208 -0.548731 2.989832 0.506032 1.746404
439561146 0.382730 -10.918586 -0.567151 3.015718 0.506032 1.746404
459541198 0.543621 -16.528078 -0.409416 3.058020 0.932294 1.630210
479521250 -4.663296 -21.928396 0.192978 3.136783 0.932294 1.630210
499501302 -15.943339 -25.058544 0.391430 -3.041096 0.677311 1.598902
519481354 -18.438581 -32.246506 -0.837975 -2.493195 1.263144 1.920173
539461406 -9.542328 -42.226902 -1.919038 3.131148 1.342692 -1.913710
559441458 6.709254 -49.124146 -1.121750 -3.102618 1.342692 -1.913710
579421511 21.286095 -46.290405 3.705354 2.907756 0.991387 -1.523500
599401563 17.302206 -37.892693 8.275192 2.662537 0.939066 -1.354335
619381563 8.688141 -35.956238 2.295706 2.852558 1.121895 -1.686895
639361563 9.086494 -35.687897 -5.495416 3.034029 0.988746 -1.883492
659341563 14.213871 -36.376888 -3.257703 2.674630 0.970159 -1.594315
679321563 18.113876 -37.425957 3.029489 2.566558 1.002163 -1.579378
699301563 17.647985 -37.206936 3.091536 2.533436 1.002163 -1.579378
719281563 19.054861 -40.168568 4.030204 2.084805 1.006417 -1.457006
739261563 25.670959 -44.570557 5.928177 1.202643 0.926897 -1.591633
759241563 32.665165 -42.876827 0.764561 0.130036 0.854985 -1.748878
779221563 33.096672 -34.816509 -5.678981 0.086534 0.748254 -1.656516
799201563 34.240673 -25.361988 -2.394294 0.069386 0.748254 -1.656516
819181563 33.291626 -16.985870 1.977341 0.042777 0.647958 -1.535154
839161563 30.791420 -10.241875 1.937871 0.049170 0.564005 -1.528577
859141563 28.554798 -4.682469 -0.603119 0.048378 0.404231 -1.660701
879121563 25.705715 -0.892496 -1.834578 0.117087 0.404231 -1.660701
899101563 22.495916 1.527376 -1.317263 0.140940 0.369313 -1.659106
919081563 19.231077 2.630497 0.295597 0.191717 0.379500 -1.603447
939061563 16.235668 3.387788 2.444723 0.197267 0.402261 -1.489707
959041563 14.689371 3.959734 4.150144 0.141006 0.374275 -1.332534
979021563 14.484158 4.474360 4.689952 0.162542 0.362612 -1.339533
999001563 14.529701 4.643025 4.478467 0.113770 0.362612 -1.339533
1018981563 14.181115 4.099134 3.543892 0.124551 0.473742 -1.452144
1038961563 12.990294 3.420263 2.286690 0.151206 0.473742 -1.452144
1058941563 11.080803 1.937284 1.246186 0.150849 0.840431 -1.513422
1078921563 7.526852 0.564452 0.889095 0.071462 1.244548 -1.374571
1098901563 2.259239 -1.346274 0.932224 0.081389 1.244548 -1.374571
1118881563 -3.371217 -2.598764 0.130896 -0.099860 1.172711 1.781257
1138861563 -6.885358 -1.711261 -1.265833 0.198672 1.133924 2.006531
1158841563 -6.691489 -0.771557 -2.384679 1.244622 1.299717 2.138624
1178821563 -4.698394 -0.736617 -1.769110 2.640505 1.494794 1.927037
1198801563 -3.029097 -0.434999 -0.312892 2.715860 1.494794 1.927037
1218781563 -2.420362 -0.050061 0.658998 -1.034243 1.511898 -0.044477
1238761563 -2.428526 -0.188432 0.925663 -0.250092 1.496415 -0.942196
1258741563 -2.230521 -0.442960 0.720738 -0.070504 1.496415 -0.942196
1278721563 -2.618647 -0.553745 0.678410 0.065727 1.519393 -1.019242
1298701563 -3.412485 -0.772104 1.165312 -0.959674 1.507883 0.230810
1318681563 -3.451170 -1.164109 1.869511 -0.350962 1.453810 0.032124
1338661563 -2.747083 -0.894285 2.029833 0.250863 1.347343 -1.113003
1358641563 -1.660189 -0.484140 1.594767 0.320979 1.204513 -1.614918
1378621563 -0.034238 -0.698570 0.308045 0.336878 1.098960 -1.873880
1398601563 0.653873 -0.654181 -1.196844 0.301126 1.057223 -1.923579
1418581563 0.589735 -0.511199 -1.697593 0.390098 1.057223 -1.923579
1438561563 0.390976 -0.597143 -0.797533 0.339195 1.058026 -1.410756
1458541563 0.189286 -0.950644 0.875193 0.449091 1.036806 -1.143823
1478521563 -0.334486 -1.068701 2.266580 0.534639 1.035182 -1.049971
1498501563 -0.924861 -1.066348 2.568643 0.466908 1.035182 -1.049971
