0 0.247526 0.094405 0.420744 2.608470 -0.754176 1.466202
19979948 0.748621 -0.134745 0.651965 2.697452 -0.763661 1.419667
39959896 1.008159 -0.156214 0.943751 2.710562 -0.730198 1.473777
59939844 0.678414 -0.230731 0.652801 2.628929 -0.730198 1.473777
79919792 -0.131531 -0.273830 -0.083630 2.682692 -0.670105 1.588176
99899740 -0.696966 -0.317652 -0.206199 2.636749 -0.615758 1.695819
119879688 -0.792301 -0.415061 -0.859983 2.679543 -0.615758 1.695819
139859636 -0.651262 -0.442628 -0.813362 2.658886 -0.621967 1.697412
159839584 -0.858702 -0.517379 -0.136782 2.737846 -0.575836 1.592133
179819532 -1.184115 -0.710650 0.128117 2.760280 -0.515046 1.601976
199799479 -1.504533 -1.261551 0.084871 2.872978 -0.375425 1.573080
219779427 -2.689576 -2.360996 0.413890 2.982527 -0.052192 1.505619
239759375 -5.207357 -5.757497 1.327467 3.071844 0.240095 1.480659
259739323 -10.115072 -10.903835 2.082644 3.058906 0.240095 1.480659
279719271 -12.399513 -18.122759 -1.441034 2.923663 0.716605 1.870134
299699219 -13.078123 -25.147789 -5.182734 2.982589 0.716605 1.870134
319679167 -14.578230 -31.417583 -5.094337 3.071122 1.076996 1.612741
339659115 -12.262321 -38.582672 0.605460 -3.101764 1.076996 1.612741
359639063 -10.394367 -46.133965 5.030290 -3.134642 1.237807 1.315789
379619011 -6.573400 -54.350178 -1.013550 -1.377321 1.409456 2.062801
399598959 -0.698276 -61.527580 -5.621665 -3.047900 1.332828 -2.108391
419578907 8.178900 -66.382874 -3.566055 2.955679 1.176175 -1.799797
439558854 19.872408 -67.630051 -1.499979 2.975344 1.176175 -1.799797
459538802 27.173277 -63.726852 -3.269449 2.997465 0.947734 -1.897077
479518750 31.053703 -56.647423 -8.936615 2.665519 0.910763 -1.666212
499498698 32.316681 -49.709343 -0.233699 2.221167 0.837975 -1.468774
519478646 37.209999 -45.836575 7.870665 1.996579 0.837975 -1.468774
539458594 40.976875 -42.806019 1.120313 1.808565 0.796247 -1.759719
559438542 39.076248 -40.212883 -6.054178 0.601955 0.796247 -1.759719
579418490 37.552315 -34.343952 -7.946368 0.273197 0.764058 -1.802842
599398490 35.345066 -25.244114 -7.118509 0.160562 0.693426 -1.794142
619378490 34.210526 -17.404049 -4.842352 0.199120 0.506532 -1.675707
639358490 31.282547 -9.364928 -1.792458 0.210853 0.406134 -1.635514
659338490 27.829685 -2.973144 -0.217227 0.212632 0.406134 -1.635514
679318490 26.212500 0.112866 -0.789865 0.201249 0.234876 -1.722679
699298490 25.262695 3.776755 -2.319149 0.216308 0.149923 -1.781250
719278490 22.061600 6.607786 -2.944271 0.262412 0.108735 -1.697597
739258490 18.255482 7.997231 -0.152174 0.261589 0.095880 -1.475044
759238490 16.096745 8.402082 4.097194 0.288006 0.095880 -1.475044
779218490 15.335534 8.920883 7.025489 0.207580 0.052313 -1.305240
799198490 16.771763 9.044351 7.003397 0.227974 0.100749 -1.436189
819178490 15.757506 8.302696 4.226261 0.254108 0.217451 -1.615780
839158490 13.863762 6.672592 1.075105 0.209427 0.217451 -1.615780
859138490 13.340115 3.809414 -0.979456 0.248660 0.384871 -1.743111
879118490 12.178461 0.785351 -1.245109 0.222884 0.550747 -1.762632
899098490 6.031926 -2.083970 -3.099564 0.970006 1.297007 -2.975837
919078490 -3.151562 -4.547343 -2.120915 -0.581419 1.173559 1.465208
939058490 -9.930820 -4.599941 2.405998 -0.561844 1.173559 1.465208
959038490 -10.098085 -4.481944 3.951888 -0.538153 1.339189 0.976458
979018490 -7.114543 -4.600390 3.600943 -0.464361 1.339189 0.976458
998998490 -4.210493 -4.387292 2.257720 0.652042 1.520015 -0.576650
1018978490 -2.606559 -3.985425 0.582751 1.420468 1.373490 -2.493258
1038958490 -3.525586 -3.343244 -0.579787 -0.680576 1.334193 -3.030060
1058938490 -4.837508 -2.353841 -1.450363 -0.555127 1.272382 -3.080353
1078918490 -5.002991 -1.275157 -1.949667 -0.182855 1.236724 -2.680493
1098898490 -3.746757 -0.716413 -1.856884 0.313614 1.188069 -2.280988
1118878490 -2.382830 -0.489686 -1.367397 0.308400 1.080513 -2.039423
1138858490 -0.881329 -0.316117 -1.130372 0.287423 1.000094 -1.953842
1158838490 -0.199248 0.355613 -0.933017 0.269991 1.000094 -1.953842
1178818490 0.511426 0.812081 -0.419029 0.272735 0.872242 -1.760101
1198798490 0.928256 1.240711 -0.065212 0.228577 0.872242 -1.760101
1218778490 1.334141 1.320523 -0.095814 0.202796 0.830653 -1.753108
1238758490 1.698534 1.388890 -0.084172 0.278037 0.758090 -1.702238
1258738490 2.166501 1.331158 0.157880 0.239686 0.758090 -1.702238
1278718490 2.598043 1.180980 0.267132 0.235388 0.728456 -1.682314
1298698490 2.818170 0.967410 0.144064 0.258396 0.711177 -1.690431
1318678490 2.188912 0.791225 -0.538056 0.234671 0.731901 -1.777896
1338658490 1.421567 0.868100 -0.545984 0.277795 0.749990 -1.795141
1358638490 1.956703 1.143587 0.380151 0.224612 0.680318 -1.663997
1378618490 3.996512 1.279910 0.838976 0.223879 0.467680 -1.609575
1398598490 5.572960 0.913044 0.467150 0.245191 0.468596 -1.638830
1418578490 5.344249 0.342519 -0.003522 0.235252 0.493472 -1.592307
1438558490 4.639565 -0.395773 0.581438 0.326611 0.509764 -1.519842
1458538490 4.529234 -1.376067 1.530779 0.375378 0.492741 -1.522391
1478518490 4.222502 -1.709366 1.497666 0.452357 0.492741 -1.522391
