0 1.028008 -0.077575 0.272207 2.684165 -0.972738 1.628438
19980156 1.147742 0.073174 -0.246475 2.541067 -0.985822 1.729660
39960312 0.626582 0.321541 0.138411 2.845181 -0.922132 1.525433
59940469 0.155964 0.388925 0.865147 2.777927 -0.922132 1.525433
79920625 -0.182579 0.501695 1.029146 2.647784 -0.908498 1.563196
99900781 -0.057310 0.503212 0.685496 2.690007 -0.908498 1.563196
119880937 0.128144 0.534611 0.259660 2.685933 -0.904399 1.678053
139861094 -0.067833 0.601809 -0.015773 2.692663 -0.897969 1.677965
159841250 -0.189241 0.682038 -0.000264 2.728436 -0.897969 1.677965
179821406 0.111537 0.710007 -0.142005 2.569293 -0.941097 1.725579
199801562 0.488505 0.674711 -0.198205 2.568688 -0.941097 1.725579
219781719 0.514142 0.639895 -0.094219 2.679653 -0.936649 1.707814
239761875 -0.071800 0.727872 0.504235 2.809644 -0.852467 1.537600
259742031 -0.649716 0.794085 0.961848 2.937889 -0.852467 1.537600
279722187 -0.730992 0.793888 1.008315 2.879749 -0.825741 1.568090
299702344 -0.650277 0.498841 0.776494 2.804032 -0.825741 1.568090
319682500 -0.462097 -0.069163 0.411390 2.799985 -0.731044 1.713676
339662656 -0.467181 -0.788841 -0.244651 2.759721 -0.731044 1.713676
359642812 -1.125632 -1.418856 -0.685639 2.883000 -0.463726 1.805017
379622969 -2.534801 -2.457789 -1.397698 2.894833 -0.463726 1.805017
399603125 -4.655545 -4.473311 -1.719728 2.988257 -0.013211 1.731970
419583281 -6.944420 -7.269588 -1.322166 2.986727 -0.013211 1.731970
439563437 -8.722740 -10.442834 -1.205287 2.985143 0.178645 1.702659
459543594 -8.983101 -14.546276 -2.068375 3.003973 0.407700 1.752516
479523750 -9.661853 -18.781063 -2.343730 2.961552 0.601122 1.761205
499503906 -8.192799 -23.170311 -0.221516 2.930680 0.853623 1.617394
519484062 -7.032279 -27.028576 1.978937 2.914905 1.040616 1.417536
539464219 -8.211591 -31.770893 -0.409871 3.011642 1.126502 2.026417
559444375 -11.075537 -36.670559 -4.950208 -1.761422 1.234615 2.381194
579424531 -9.348652 -42.510769 -7.566261 -2.034589 1.366210 -2.798633
599404687 -0.457368 -48.055580 -6.733810 -2.765194 1.284212 -1.978759
619384844 6.943174 -51.296028 -3.888879 -2.793606 1.284212 -1.978759
639365000 11.442010 -51.934452 -1.360810 -3.052584 1.197543 -1.734205
659345156 21.127182 -51.615482 -0.745144 -3.132962 1.029794 -1.658095
679325312 25.222858 -46.892838 -1.897996 -3.138710 0.930194 -1.678171
699305469 27.930216 -41.610241 -2.164888 -3.082604 0.850492 -1.670235
719285625 32.719837 -39.868858 1.688140 2.884535 0.782006 -1.517280
739265781 35.067612 -39.242100 3.550534 1.820368 0.782006 -1.517280
759245937 40.448971 -39.797474 1.863957 0.212432 0.704784 -1.589891
779226094 44.356499 -36.503242 0.318178 0.067250 0.573420 -1.596833
799206250 44.176399 -24.201923 -0.084196 0.082271 0.425330 -1.624945
819186354 44.280815 -13.536374 -1.486983 0.078225 0.425330 -1.624945
839166458 40.657070 -5.067125 0.017462 0.105909 0.307460 -1.597759
859146562 33.875011 0.833084 5.133822 0.126047 0.101811 -1.423818
879126667 26.672239 6.529894 5.569273 0.111341 0.101811 -1.423818
899106771 21.059483 9.940904 0.000601 0.172983 -0.067145 -1.695903
919086875 16.656141 11.116283 -1.393171 0.204395 -0.067145 -1.695903
939066979 14.873562 10.654230 1.680364 0.223304 -0.009135 -1.395511
959047083 12.651014 9.823718 4.263553 0.210446 -0.009135 -1.395511
979027187 10.862082 8.821470 5.026615 0.199556 0.165983 -1.354147
999007292 9.609958 7.316689 4.492940 0.230461 0.362979 -1.355836
1018987396 8.103431 4.986076 4.167118 0.233355 0.584663 -1.344796
1038967500 5.922910 2.977743 3.761819 0.256409 0.775125 -1.253580
1058947604 3.899394 1.537908 3.976524 0.255191 0.775125 -1.253580
1078927708 1.449843 0.715270 2.995574 0.470516 1.261695 -1.508815
1098907812 -0.919004 -0.106925 1.454926 0.559837 1.261695 -1.508815
1118887917 -2.366263 -0.479400 0.697579 1.032015 1.401346 -1.882770
1138868021 -2.178253 -0.805213 0.954112 0.809318 1.392763 -1.678087
1158848125 -1.329384 -0.897923 1.686233 0.568312 1.304074 -1.347819
1178828229 -1.305457 -0.999949 1.264403 0.467630 1.300537 -1.474832
1198808333 -1.959529 -0.929978 -0.388545 0.835262 1.255049 -2.497414
1218788437 -2.360323 -0.733429 -1.700379 0.563787 1.235914 -2.461057
1238768542 -2.270333 -0.407932 -1.658418 0.632677 1.227295 -2.075162
1258748646 -1.518929 -0.139586 -0.594494 0.484259 1.165681 -1.713679
1278728750 -0.674745 0.112988 0.547622 0.493659 1.165681 -1.713679
1298708854 0.002724 0.317512 1.191760 0.416169 1.088751 -1.563344
1318688958 0.811577 -0.248826 1.114464 0.404564 1.017490 -1.629419
1338669062 0.780227 -0.168902 0.789441 0.461541 1.017490 -1.629419
1358649167 0.042089 0.346163 0.355803 0.459474 1.022165 -1.800239
1378629271 -0.248625 0.607771 -0.220708 0.411176 1.010780 -1.863372
1398609375 -0.053291 0.040808 -0.698510 0.360639 1.010780 -1.863372
1418589479 -0.007018 -0.312551 -0.857620 0.448638 1.025194 -1.821578
1438569583 0.035974 -1.037730 -0.554890 0.426394 1.025194 -1.821578
1458549687 -0.881306 -1.973726 0.198167 0.633443 1.130368 -1.715679
1478529792 -2.491256 -1.161482 0.597864 0.745254 1.234356 -1.651074
1498509896 -2.619002 -0.543719 0.366781 0.655571 1.220305 -1.694511
