0 0.173000 -0.057361 -0.976229 -3.024131 -0.989285 1.933776
19979687 0.107591 -0.079505 -0.980478 3.099111 -0.984265 1.931220
39959375 0.300500 0.025409 -0.401563 -3.086962 -1.022468 1.739524
59939062 0.163088 0.075605 0.095876 -3.053631 -1.022468 1.739524
79918750 0.105629 0.121322 0.213267 -3.087234 -1.008694 1.750534
99898437 0.022103 0.087019 0.004444 -3.091284 -1.007066 1.760989
119878125 0.058085 0.040911 -0.056409 -3.060624 -1.006516 1.728639
139857812 -0.010257 0.119453 0.097429 3.135603 -1.001642 1.701613
159837500 -0.063822 0.107628 0.230939 -3.101943 -0.992717 1.707868
179817187 -0.112689 0.052910 0.183849 -3.078216 -0.992717 1.707868
199796875 -0.110149 -0.066923 -0.014251 -3.121178 -0.982114 1.740705
219776562 0.015347 -0.183567 0.065297 -3.092467 -0.984704 1.725801
239756250 -0.140042 -0.150564 0.176210 3.122697 -0.972723 1.696470
259735937 -0.437755 0.048306 0.194296 -3.086006 -0.959039 1.680946
279715625 -0.204269 -0.031348 0.296778 3.085704 -0.974122 1.656804
299695312 0.153001 -0.189254 0.542679 3.131024 -0.995651 1.602244
319675000 0.192636 -0.360876 1.010761 -3.058281 -0.921390 1.409956
339654687 -0.377423 -0.452979 1.646030 -3.127306 -0.921390 1.409956
359634375 -1.033057 -0.692571 1.563469 -3.077446 -0.853575 1.444966
379614062 -1.532612 -1.097216 0.479433 -3.116084 -0.702393 1.748097
399593750 -1.954071 -1.844020 -0.474291 -3.065248 -0.574597 1.680157
419573437 -2.433472 -3.093381 0.084385 -3.053595 -0.293027 1.273141
439553125 -2.966729 -5.530181 3.756639 -3.062708 -0.293027 1.273141
459532812 -6.235619 -8.689428 5.020740 -2.964638 0.046356 1.276539
479512500 -11.586876 -13.416620 -2.102860 -2.964018 0.294713 1.790968
499492187 -16.090975 -16.836914 -11.234944 -2.933891 0.328893 2.128181
519471875 -17.909315 -19.896114 -11.678085 -2.851593 0.404683 2.129088
539451562 -16.410669 -25.896967 -5.138176 -2.741339 0.690750 1.927397
559431250 -10.877496 -32.448174 1.904071 -1.257248 1.110070 1.548884
579410937 -4.994515 -35.782375 5.095346 0.488602 1.381364 0.823599
599390625 -2.706012 -37.080574 2.364705 1.513233 1.548399 -0.270141
619370312 -6.001008 -38.802917 -0.858301 -1.468876 1.471920 2.616635
639350052 -7.255783 -42.985687 0.319933 -1.226003 1.516396 2.446928
659329791 -5.790868 -48.042526 3.903109 1.950360 1.515532 -0.664776
679309531 0.294738 -53.373936 5.572246 2.416523 1.396812 -1.199906
699289270 5.931636 -57.734539 7.070353 2.419224 1.280991 -1.337223
719269010 11.005249 -61.168964 7.185905 2.309166 1.280991 -1.337223
739248750 22.829569 -62.472778 0.534042 2.402015 1.163227 -1.624020
759228489 35.627415 -57.003914 -6.463505 1.263439 0.996204 -1.759432
779208229 37.119156 -43.347122 -7.564239 0.259682 0.841146 -1.739089
799187968 35.252342 -34.572357 -5.699856 0.293555 0.841146 -1.739089
819167708 30.993687 -27.864384 -0.885488 0.277794 0.839288 -1.620443
839147448 25.097267 -21.427727 2.923164 0.202895 0.857807 -1.482748
859127187 21.050890 -17.420792 2.505526 0.212027 0.890580 -1.469836
879106927 20.812012 -12.512249 1.866461 0.211986 0.820748 -1.483117
899086666 20.773668 -7.219131 0.077507 0.194269 0.711116 -1.558187
919066406 20.405088 -3.093941 -1.932508 0.253461 0.603969 -1.656871
939046145 19.660442 -0.258019 -1.986447 0.253012 0.524169 -1.666650
959025885 18.979778 1.923076 -1.013713 0.247310 0.450734 -1.620026
979005625 17.797785 3.113498 0.219847 0.235354 0.420542 -1.551366
998985364 16.215029 2.929982 0.908495 0.208471 0.468996 -1.506135
1018965104 14.459764 2.612668 1.474428 0.170230 0.536892 -1.457677
1038944843 13.340145 2.330271 2.150715 0.133521 0.584184 -1.394253
1058924583 11.829299 2.020258 2.139762 0.136150 0.766841 -1.359879
1078904323 9.543633 1.781829 1.912793 0.100445 0.766841 -1.359879
1098884062 7.218107 1.051057 1.472848 0.170279 0.931789 -1.367510
1118863802 4.569065 0.746326 1.084373 0.073946 1.302818 -1.157486
1138843541 1.965671 0.660641 1.225573 0.112526 1.302818 -1.157486
1158823281 0.698541 0.022726 1.839717 -0.067317 1.345515 -0.781580
1178803020 -0.437948 -0.827864 2.310479 -0.185855 1.356917 -0.440282
1198782760 -1.748431 -1.231808 1.809443 -0.303633 1.418361 -0.119496
1218762500 -3.089119 -1.440176 1.076277 -0.890620 1.459097 0.558409
1238742239 -3.425853 -1.383912 0.604536 -0.819712 1.487941 0.700267
1258721979 -3.102854 -1.163639 0.255941 1.408161 1.531568 -1.821044
1278701718 -3.190985 -1.594104 -0.378750 1.498128 1.531568 -1.821044
1298681458 -4.075200 -1.647266 -0.614663 -2.645399 1.541120 2.780215
1318661198 -4.181874 -1.547239 -0.331894 1.918608 1.565283 -1.719654
1338640937 -3.729362 -1.313682 -0.020256 1.282968 1.492488 -1.161781
1358620677 -3.605439 -1.272228 -0.653561 2.248067 1.450265 -2.224991
1378600416 -3.873847 -1.295449 -1.163197 2.093528 1.449732 -2.099744
1398580156 -3.922681 -1.024414 -1.028068 1.510496 1.392956 -1.778383
1418559895 -3.349842 -0.698814 -0.786096 1.470531 1.392956 -1.778383
1438539635 -2.629332 -0.413815 -1.008567 1.243724 1.305004 -1.794338
1458519375 -2.210676 -0.404522 -1.506941 0.575303 1.204702 -1.956060
1478499114 -2.017911 -0.093093 -1.698130 0.599649 1.184233 -1.865610
1498478854 -1.803606 0.031613 -1.390200 0.672376 1.141416 -1.758312
