0 0.247143 0.024961 0.514966 -2.916540 -1.369561 1.833432
19979844 0.175410 0.087661 0.349674 -2.875340 -1.357285 1.913454
39959688 0.028907 0.106302 -0.025506 -2.806740 -1.326921 2.051440
59939532 -0.070745 0.268087 -0.576906 -2.724735 -1.290109 2.356614
79919375 0.191635 0.195883 -0.864488 -2.670364 -1.290109 2.356614
99899219 0.164644 0.094849 -0.501274 -2.844638 -1.302662 1.996055
119879063 -0.126133 -0.131179 0.028556 -2.879838 -1.302662 1.996055
139858907 -0.236185 -0.427381 0.280315 -2.985677 -1.289932 1.877169
159838750 -0.437962 -0.490865 0.431161 -2.905867 -1.268184 1.793270
179818594 -0.656994 -0.574619 0.673473 -3.093924 -1.242983 1.693102
199798438 -0.875820 -0.633001 0.948440 -3.080384 -1.181226 1.681205
219778282 -1.105478 -0.863589 0.760947 -3.046871 -1.134129 1.781091
239758073 -1.373054 -1.109033 0.423707 -2.962795 -1.055795 1.919082
259737865 -1.864012 -1.307351 -0.254930 -2.950233 -0.947969 2.003686
279717657 -2.665187 -1.537343 -0.988685 -2.886821 -0.947969 2.003686
299697448 -4.724182 -1.907433 -1.463390 -2.941546 -0.769937 1.953851
319677240 -8.265474 -2.150300 -2.628556 -2.966932 -0.571957 1.934404
339657032 -11.915693 -4.856684 -5.989382 -2.917559 0.017329 2.109724
359636823 -14.715415 -10.026775 -8.729222 -2.880768 0.017329 2.109724
379616615 -18.633711 -14.219193 -5.352448 -2.928807 0.218708 1.872420
399596407 -19.727154 -19.112392 0.643650 -2.985237 0.460198 1.565243
419576198 -17.619411 -24.675362 -0.121378 -2.476916 0.776499 1.621625
439555990 -20.028252 -30.198326 -1.996181 -1.041413 1.043159 1.873687
459535782 -21.207752 -36.261219 -3.847459 -1.073792 1.248631 2.213580
479515573 -16.374969 -42.143353 -5.846542 -1.013393 1.248631 2.213580
499495365 -10.120710 -45.452862 -6.316604 -1.567276 1.373032 2.853903
519475157 -4.407784 -46.478512 -4.154285 -2.956340 1.386409 -1.989805
539454948 -0.530065 -46.045811 -1.077158 -3.040597 1.386409 -1.989805
559434740 2.311610 -43.808220 2.695424 2.651083 1.349137 -1.593413
579414532 3.708500 -42.865593 5.242328 2.293089 1.336697 -1.395608
599394323 5.382481 -43.299015 3.502983 2.311393 1.337111 -1.554705
619374115 9.279844 -42.619591 -2.875798 2.450979 1.266084 -1.953888
639353907 12.049540 -43.227699 -7.244345 1.982826 1.218667 -2.115694
659333698 12.686981 -45.454693 -7.153736 1.324832 1.250862 -2.117263
679313490 15.491695 -44.494209 -7.148930 0.744103 1.234465 -2.065799
699293282 24.176157 -39.353527 -8.869942 0.353803 1.085244 -1.975752
719273073 29.685238 -31.461756 -10.733066 0.330665 0.934565 -1.967759
739252865 31.206310 -22.911091 -7.901569 0.223801 0.709530 -1.792305
759232657 30.064787 -14.032266 -5.317048 0.265114 0.709530 -1.792305
779212448 26.983305 -7.512700 -6.131405 0.285204 0.611834 -1.850613
799192240 23.794970 -2.781617 -7.138421 0.366517 0.520896 -1.940059
819172032 20.913139 0.540971 -6.020761 0.344901 0.439623 -1.900229
839151823 18.237719 2.289620 -3.925653 0.414567 0.439623 -1.900229
859131615 16.317635 2.985451 -1.965999 0.418446 0.460870 -1.816038
879111407 15.355532 3.035210 -1.045432 0.353567 0.489125 -1.767494
899091198 14.551332 2.840898 -1.314777 0.481357 0.615142 -1.929990
919070990 13.362382 1.632635 -2.242836 0.560485 0.786434 -1.996998
939050782 10.690517 0.481392 -1.692135 0.582516 0.786434 -1.996998
959030573 7.692554 -0.117256 0.710025 0.605263 1.015017 -1.863862
979010365 5.040833 -0.616436 3.378014 0.414606 1.221850 -1.408327
998990157 2.674179 -1.606757 5.265016 -0.125083 1.313422 -0.687336
1018969948 0.289597 -3.020789 6.181744 -0.552175 1.327246 -0.020480
1038949740 -3.025554 -2.847384 5.939908 -1.028707 1.257575 0.735709
1058929532 -6.274205 -2.046529 3.830365 -1.232156 1.122045 1.375366
1078909323 -7.112249 -1.622873 1.732675 -1.823388 1.199643 1.925515
1098889115 -5.311614 -1.407174 0.723666 -1.711273 1.199643 1.925515
1118868907 -3.291943 -0.629938 -0.098247 -2.642710 1.310574 2.422268
1138848698 -2.577827 -0.274956 -1.108746 2.836458 1.280748 2.857648
1158828490 -3.022217 -0.279340 -1.927642 2.701517 1.219731 2.862599
1178808282 -3.007996 -0.652194 -2.253808 2.657507 1.216939 2.945726
1198788073 -2.996814 -0.447578 -1.625645 2.591011 1.377670 -3.078459
1218767865 -2.552226 -0.589766 -0.622901 2.674023 1.377670 -3.078459
1238747657 -1.770317 -0.501995 -0.328983 1.940638 1.380395 -2.544968
1258727448 -1.144687 -0.559740 -0.550575 1.393168 1.321494 -2.312196
1278707240 -0.920000 -0.782593 -0.843437 1.169968 1.276830 -2.084001
1298687032 -0.698964 -0.664404 -0.448885 1.313745 1.276830 -2.084001
1318666823 -0.350807 -0.491766 -0.076280 1.081015 1.246357 -1.888992
1338646615 -0.127568 -0.045941 -0.411226 0.921046 1.147648 -1.964341
1358626407 -0.037986 0.222613 -0.851488 0.965209 1.147648 -1.964341
1378606198 -0.039493 0.037487 -1.196899 0.830771 1.131827 -2.004083
1398585990 0.175130 -0.013630 -1.162393 0.666840 1.031591 -1.779572
1418565782 1.083755 -0.045268 -0.609708 0.721490 1.031591 -1.779572
1438545573 2.492578 -0.266757 0.212118 0.563738 0.925803 -1.610892
1458525365 4.026977 -0.780811 -0.227170 0.519472 0.830169 -1.654876
1478505157 4.800498 -1.164276 -0.890322 0.492726 0.773759 -1.728777
1498484948 5.289295 -1.160031 -1.022339 0.432983 0.710566 -1.752595
