0 -0.275403 -0.036814 -0.076008 -2.399808 -1.080819 -1.800458
19979688 -0.327295 0.040047 0.186429 -2.564445 -1.094580 -1.742357
39959375 -0.202323 0.104209 0.233683 -2.452615 -1.086954 -1.724340
59939063 0.031344 0.035731 0.039437 -2.481634 -1.059574 -1.754374
79918750 0.078928 0.072363 -0.063637 -2.455986 -1.054337 -1.770997
99898438 0.170754 0.103208 -0.012645 -2.487569 -1.040643 -1.731593
119877865 0.202009 0.027998 0.086557 -2.457712 -1.023266 -1.766221
139857292 0.327203 0.006953 -0.133752 -2.560052 -0.989549 -1.757796
159836719 0.610056 -0.132147 -0.162670 -2.586695 -0.997106 -1.725112
179817292 0.541653 -0.091270 0.006211 -2.523562 -0.997106 -1.725112
199795573 0.478466 -0.096297 0.260093 -2.586555 -1.002057 -1.675884
219773854 0.498891 -0.170727 0.309135 -2.580442 -0.992996 -1.662721
239752188 0.723344 -0.341945 0.124059 -2.532503 -0.958358 -1.688764
259730625 1.005074 -0.499913 0.023463 -2.618282 -0.919033 -1.697607
279709219 1.277799 -0.795535 -0.114007 -2.693876 -0.798958 -1.680259
299687969 1.674712 -1.416162 0.033276 -2.650385 -0.798958 -1.680259
319666927 2.534042 -2.307637 0.661663 -2.828413 -0.525743 -1.551879
339646094 4.159991 -3.037907 1.045391 -2.902600 -0.342953 -1.529652
359625469 6.619321 -4.329295 1.470653 -2.922142 -0.211263 -1.527907
379605052 7.442522 -5.939061 1.772335 -2.895544 -0.063455 -1.779550
399584844 6.916291 -7.907081 -0.912781 -2.962619 -0.063455 -1.779550
419564792 6.675525 -9.747198 -6.311065 -2.981997 0.073987 -2.197259
439544896 7.228878 -11.395419 -9.614068 -3.006872 0.157627 -2.352916
459525104 7.529529 -13.293127 -8.659554 -3.002862 0.274260 -2.300023
479505365 6.762768 -16.088089 -4.705673 -2.938418 0.535222 -2.091949
499485677 5.452240 -18.935482 0.957289 -2.844496 0.869538 -1.531536
519465990 4.407898 -21.796089 4.226008 -2.644994 1.033626 -1.007170
539446094 4.301703 -24.503874 5.129109 -2.526373 1.123854 -0.794510
559425573 4.941235 -28.158894 5.144082 -2.118377 1.215900 -0.728089
579405000 5.494619 -32.787888 4.684212 -1.856364 1.318265 -0.674116
599384427 4.530124 -38.142380 4.970330 -1.933461 1.399988 -0.254682
619363854 1.971224 -42.949539 6.072875 -2.498129 1.392826 0.471318
639343281 -1.483733 -47.764725 5.787901 -2.863860 1.355166 1.031441
659322708 -5.696674 -53.302322 5.036383 2.954708 1.246348 1.632600
679302136 -10.948215 -58.025249 1.147293 3.047480 1.246348 1.632600
699281563 -19.564007 -59.518822 -2.643773 2.901204 1.139127 1.746306
719260990 -25.408741 -55.876850 -3.145996 2.945477 1.100801 1.623622
739240417 -25.496422 -57.064915 -0.287347 2.501210 1.100801 1.623622
759219844 -32.945396 -57.422546 -0.580641 1.335442 1.041493 1.604337
779199271 -40.248005 -51.011688 -4.290738 0.609389 0.934626 1.670295
799178698 -39.268303 -44.653618 -2.223773 0.464864 0.915664 1.616773
819158125 -39.842060 -33.924446 4.139818 0.434865 0.817056 1.450860
839137552 -40.619873 -20.839504 2.700349 0.379341 0.504128 1.593856
859116979 -38.677040 -10.755532 -2.439434 0.338047 0.421550 1.662059
879096406 -34.393581 -4.762820 -4.693542 0.310972 0.362616 1.715023
899075833 -28.412769 -0.159522 -5.577158 0.268151 0.362616 1.715023
919055261 -23.725218 2.318744 -4.149134 0.274758 0.338097 1.687034
939034688 -20.266153 4.836641 -2.442977 0.263484 0.277748 1.624880
959014115 -18.257004 6.094971 -2.013084 0.255994 0.238243 1.611196
978993542 -15.900827 6.535008 -2.243320 0.257383 0.295207 1.599844
998972969 -14.043365 6.099957 -1.536481 0.246788 0.295207 1.599844
1018952396 -12.165477 4.257099 -0.525556 0.241642 0.451186 1.528825
1038931823 -9.685906 1.792627 1.487975 0.303284 0.663584 1.340083
1058911250 -5.836876 -0.118038 2.116324 0.362257 0.917798 1.169382
1078890677 -2.876230 -1.176435 0.895633 0.467435 1.289598 1.252199
1098870104 -0.797007 -1.840854 0.080533 0.541961 1.289598 1.252199
1118849531 0.759953 -1.806654 -0.449770 0.613271 1.437128 1.366206
1138828958 1.806803 -2.001021 -0.732707 0.633991 1.437128 1.366206
1158808438 2.733860 -2.107548 -0.777527 0.927544 1.479089 1.277330
1178787969 3.126449 -2.090885 -0.963218 0.988912 1.481136 1.426695
1198767500 3.239092 -2.061646 -1.207400 0.695672 1.457185 1.648082
1218747031 3.349407 -2.140171 -1.155346 0.800941 1.434533 1.623223
1238726563 2.833842 -2.370863 -0.615189 0.616427 1.294526 1.226122
1258706094 2.618184 -2.448792 0.070763 0.517790 1.294526 1.226122
1278685625 3.252217 -2.464006 0.573356 0.314377 1.335478 0.972445
1298665156 4.011868 -2.580610 0.490782 -1.174329 1.335478 0.972445
1318644688 3.806162 -2.393597 0.021476 1.074985 1.273322 1.206355
1338624219 3.770765 -1.841390 0.135650 1.466950 1.273322 1.206355
1358603750 4.029428 -1.451064 0.754979 1.205698 1.228269 1.075232
1378583281 4.018515 -1.246450 0.527239 1.990247 1.228269 1.075232
1398562813 3.785344 -1.278059 -0.623576 1.741329 1.232004 1.434839
1418542344 3.594166 -1.050715 -1.983944 0.905861 1.086998 1.950341
1438521875 2.917867 -0.629317 -2.626208 0.924077 1.032365 1.773353
1458501406 2.504126 0.044985 -1.850136 0.748729 1.032365 1.773353
1478480938 1.860133 0.220785 -0.998071 0.630551 0.969638 1.601841
