0 -0.321264 -0.375674 0.072335 -2.340789 -0.867175 -1.805065
19979427 -0.168175 -0.284520 0.093402 -2.334527 -0.856236 -1.798199
39958854 0.179131 -0.357692 -0.034966 -2.393591 -0.819126 -1.807503
59938281 0.517397 -0.416931 -0.278739 -2.364030 -0.785875 -1.884239
79917708 0.377659 -0.417765 -0.642271 -2.283759 -0.856582 -1.915237
99897135 -0.395439 -0.113873 -0.624677 -2.287680 -0.856582 -1.915237
119876562 -0.328897 -0.106250 -0.439618 -2.334153 -0.806490 -1.846320
139855989 0.166307 -0.227727 -0.373604 -2.398109 -0.806490 -1.846320
159835416 0.490243 -0.326906 -0.258624 -2.460623 -0.760019 -1.806642
179814843 0.467242 -0.550195 -0.216181 -2.587172 -0.667336 -1.589900
199794270 1.546195 -1.066720 1.401372 -2.655195 -0.568049 -1.622812
219773697 2.166796 -1.940860 1.184653 -2.681495 -0.477143 -1.791917
239753125 2.481319 -2.805112 -0.330745 -2.649386 -0.477143 -1.791917
259732552 2.083603 -3.037079 -1.186342 -2.666522 -0.468911 -1.896895
279711979 1.784801 -3.189700 -1.272533 -2.651137 -0.470422 -1.916627
299691406 2.514278 -4.053645 -1.117692 -2.718470 -0.371160 -1.873394
319670833 3.681098 -5.065666 -1.099196 -2.772966 -0.257061 -1.836327
339650260 4.019855 -5.841707 -0.761120 -2.803369 -0.195611 -1.793621
359629687 3.954931 -6.601194 -0.777947 -2.813036 -0.142367 -1.792814
379609114 4.259700 -8.877791 -2.083621 -2.797721 0.060103 -1.901713
399588541 5.930358 -12.231043 -2.890884 -2.810890 0.303440 -1.918539
419567968 8.724113 -17.082827 -1.706053 -2.897828 0.541415 -1.777718
439547395 10.657175 -24.160007 -2.134446 -2.818365 0.787848 -1.790326
459526822 9.408964 -34.122139 -2.291821 -2.637968 1.100023 -1.842258
479506250 9.216067 -43.208336 0.156249 -1.994329 1.276563 -1.648715
499485677 9.662558 -50.973526 1.241840 -0.972848 1.371998 -1.508002
519465104 5.301838 -59.903290 -0.101463 -0.192265 1.538722 -1.869808
539444531 -0.038624 -66.782913 1.535549 2.927046 1.468633 1.353630
559423958 -4.270581 -72.094337 6.733367 -3.029055 1.375376 1.094495
579403385 -9.404480 -75.061409 10.997623 -2.917222 1.301071 1.065430
599382812 -18.538271 -73.912872 16.651655 -2.755751 1.128944 1.028907
619362239 -24.445717 -74.307060 19.445345 -2.735557 1.128944 1.028907
639341666 -26.613804 -82.582985 17.593861 -2.939437 1.176388 1.059527
659321093 -37.780834 -81.597282 8.703773 1.473989 1.014453 1.414640
679300520 -46.094662 -68.156670 6.406663 0.743680 1.014453 1.414640
699279947 -45.096016 -58.120094 14.484897 0.552406 0.962210 1.238833
719259375 -46.064819 -47.635048 23.819105 0.536876 0.849595 1.056853
739238802 -46.219818 -33.376358 19.697435 0.373136 0.534004 1.368836
759218229 -46.665180 -15.683399 7.670626 0.362177 0.534004 1.368836
779197656 -39.900635 -5.132146 -1.033598 0.228657 0.403020 1.579955
799177083 -30.252848 0.592171 -2.610497 0.083874 0.347117 1.670704
819156458 -26.072941 2.642062 4.665317 0.244316 0.318643 1.388654
839135833 -23.718315 3.552667 10.513651 0.348298 0.284363 1.118790
859115208 -22.226833 5.075837 11.054312 0.358778 0.229219 1.075037
879094583 -20.014221 4.868337 8.743938 0.240257 0.332086 1.184502
899073958 -17.148901 4.819172 6.843245 0.246440 0.332086 1.184502
919053333 -14.296197 4.112971 5.349486 0.218371 0.442323 1.223850
939032708 -10.587004 1.998310 3.083159 0.140707 0.711596 1.337187
959012083 -6.287941 -0.915838 1.015035 -0.003537 1.078292 1.533200
978991458 -1.685956 -2.583138 -0.463314 -0.744320 1.423888 2.467595
998970833 0.120481 -2.384132 -0.631368 -0.744320 1.423888 2.467595
1018950208 -0.622626 -1.583831 0.862970 -0.006990 1.351302 1.568765
1038929583 -1.553309 -1.373083 0.759837 -0.016876 1.206357 1.588074
1058908958 -2.223943 -2.427717 -1.275570 -0.094848 1.094442 1.920245
1078888333 -1.119933 -5.305596 -2.443908 -0.103538 1.143721 2.124228
1098867708 1.725665 -7.283539 1.585631 -0.161963 1.349899 1.466369
1118847083 4.512536 -5.935621 6.132644 -0.293703 1.219416 0.288625
1138826458 6.382384 -5.711783 3.984613 -0.755910 1.334293 0.042952
1158805833 6.875860 -5.677844 -1.936906 0.787775 1.140902 2.429891
1178785208 3.669107 -3.643507 -3.927267 0.787775 1.140902 2.429891
1198764583 0.374894 -1.686803 -2.646099 0.517464 0.884875 1.924283
1218743958 -0.199739 -1.606401 -1.072747 0.413295 0.998566 1.554858
1238723333 1.939277 -3.124554 -0.067558 0.770353 0.998566 1.554858
1258702708 4.530408 -3.877119 -0.187825 2.500566 1.197261 1.558732
1278682083 5.119082 -3.410483 -1.031821 2.059715 1.200551 1.782129
1298661458 3.512193 -2.127088 -1.128289 1.278010 0.970766 1.735470
1318640833 1.467872 -1.263270 -0.486298 0.467760 0.729502 1.611560
1338620208 0.202138 -0.837149 0.202838 0.302254 0.585700 1.535979
1358599583 0.110693 -1.565217 0.694084 0.248992 0.596616 1.490780
1378578958 0.017582 -1.218228 0.815455 0.153383 0.429183 1.534303
1398558333 -0.896630 -0.921997 0.506798 0.250705 0.429183 1.534303
1418537708 -1.491191 -0.929427 0.611627 0.258978 0.367657 1.537195
1438517083 -1.606520 -1.310494 0.854611 0.162618 0.348518 1.523095
1458496458 -1.248618 -1.487389 1.440643 0.109291 0.325229 1.469509
1478475833 -0.850728 -1.508777 1.504679 0.109680 0.291402 1.449995
1498455208 -0.999551 -1.350078 0.613371 0.372385 0.231471 1.513863
