0 0.373524 -0.277380 0.087841 -2.340520 -0.776382 -1.730998
19979218 0.372164 -0.203721 0.293862 -2.397088 -0.776382 -1.730998
39958437 0.222751 0.000497 0.222600 -2.569185 -0.799648 -1.746386
59937656 -0.291749 0.210575 -0.198890 -2.302055 -0.841890 -1.823960
79916875 -0.373360 0.307582 -0.300458 -2.222597 -0.848554 -1.842873
99896093 -0.043129 0.201842 -0.255322 -2.356487 -0.814264 -1.824254
119875312 0.371371 0.029098 -0.161820 -2.514557 -0.717625 -1.817847
139854531 0.718348 -0.270539 -0.420698 -2.600072 -0.666907 -1.813484
159833750 0.924722 -0.691827 -0.455301 -2.475443 -0.666907 -1.813484
179812968 1.017776 -1.367414 -0.620999 -2.599655 -0.423924 -1.852188
199792187 1.449098 -2.799505 -0.984061 -2.688520 -0.423924 -1.852188
219771406 4.444802 -6.787849 -2.764338 -2.842859 0.290006 -1.807095
239750625 6.538255 -10.937538 -2.238603 -2.787842 0.290006 -1.807095
259729843 8.998114 -14.185848 -0.220828 -2.941943 0.521038 -1.582666
279709062 11.564594 -17.750099 0.391400 -2.863835 0.653139 -1.628605
299688281 11.962761 -21.652336 -0.619176 -2.830013 0.653139 -1.628605
319667500 11.336127 -25.821091 -1.825875 -2.763945 0.807124 -1.694497
339646718 10.269463 -30.345276 -2.319106 -2.665250 0.979794 -1.736314
359625937 4.900070 -35.391808 -1.460905 -1.861644 1.304275 -1.764479
379605156 -0.128038 -40.490654 -1.392944 2.567693 1.301108 1.617686
399584375 -7.207849 -43.548382 -0.292353 2.814797 1.046710 1.523606
419565156 -15.832655 -42.817390 1.767187 2.902726 1.046710 1.523606
439543750 -18.488342 -40.988586 0.909905 2.872712 0.914311 1.687710
459522343 -18.875330 -38.751781 -0.739993 2.950584 0.914311 1.687710
479500989 -22.510916 -33.202942 0.297634 3.050886 0.778502 1.657037
499479687 -22.011692 -29.860046 4.140068 -3.063653 0.845938 1.524209
519458437 -19.328548 -31.311335 4.361896 3.017910 0.871753 1.709824
539437291 -20.462761 -32.906265 -1.634567 2.874388 0.871753 1.709824
559416250 -27.685005 -29.653385 -5.747447 2.380963 0.737276 1.774179
579395312 -36.274200 -21.101234 -6.049284 1.483755 0.531042 1.726926
599374479 -42.344322 -11.907648 -5.433080 0.795617 0.343861 1.681163
619353750 -37.741863 -7.476116 -1.644864 0.644636 0.304281 1.592023
639333125 -27.110359 -5.958950 -0.561330 0.698473 0.413180 1.528642
659312604 -20.234259 -4.103823 -0.735442 0.699225 0.374051 1.594597
679292187 -18.593195 -1.629688 -2.885970 0.650638 0.249151 1.658319
699271822 -19.358498 1.975019 -4.802792 0.671593 0.249151 1.658319
719251510 -19.147346 5.030908 -5.999382 0.655205 0.142844 1.702555
739231250 -17.295218 6.696320 -5.579386 0.604113 0.090018 1.693768
759210989 -14.237892 7.006791 -3.420320 0.587719 0.095842 1.599726
779190729 -12.242690 7.189659 -3.159718 0.565870 0.101971 1.589595
799170416 -11.438835 7.188587 -2.176763 0.527695 0.135342 1.495589
819149687 -10.738250 6.886260 -1.612660 0.540287 0.135342 1.495589
839128958 -10.334587 6.489081 -1.187955 0.531643 0.160806 1.469842
859108229 -9.051559 5.828968 -1.264362 0.568214 0.212965 1.473890
879087500 -7.613652 4.651361 -1.050154 0.518273 0.308143 1.456025
899066770 -5.273818 3.150443 -0.523085 0.550019 0.465838 1.393834
919046041 -3.556903 1.920559 -0.520870 0.649280 0.605855 1.376342
939025312 -1.762681 1.126690 -0.763819 0.740764 0.738485 1.381567
959004583 -0.555048 0.915657 -1.172202 0.823699 0.809685 1.434423
978983854 -0.130114 0.776746 -1.288294 0.774674 0.819237 1.475891
998963125 -0.193692 0.401149 -1.004937 0.762226 0.805708 1.471698
1018942395 -0.163950 -0.587648 -0.146094 0.753073 0.835072 1.387592
1038921666 -0.108047 -0.938943 0.983624 0.577306 0.815725 1.271116
1058900937 -0.096237 -1.392946 1.706719 0.315321 0.810990 1.177139
1078880208 0.446090 -1.533684 1.946578 0.306377 0.810990 1.177139
1098859479 0.833713 -1.821408 2.012125 0.184817 0.804138 1.195465
1118838750 0.829479 -1.910882 1.795181 0.618012 0.875577 1.251901
1138818020 1.645680 -2.414420 1.030225 0.363674 0.875577 1.251901
1158797291 2.759104 -2.450023 0.271767 1.855214 0.951436 1.306499
1178776562 3.167565 -2.170552 -0.267784 1.856724 0.961073 1.377373
1198755833 2.757299 -1.651976 -0.123595 0.783415 0.755550 1.350779
1218735104 1.819987 -1.260859 0.252532 0.807002 0.755550 1.350779
1238714375 1.215549 -1.456486 0.558293 0.606655 0.703602 1.333439
1258693645 1.107529 -1.691842 0.683052 0.497040 0.703602 1.333439
1278672916 1.983386 -1.713390 0.254928 1.008467 0.755565 1.365776
1298652187 2.706854 -1.860236 -0.181780 1.585546 0.819012 1.407373
1318631458 2.663726 -1.210238 -0.437292 1.359673 0.765256 1.444597
1338610729 1.949904 -0.922986 -0.459700 0.758090 0.629103 1.471532
1358590000 1.569304 -0.536706 -0.524840 0.822750 0.629103 1.471532
1378569270 1.533367 -0.538747 -0.750219 0.881063 0.630769 1.501611
1398548541 1.513406 -0.376619 -1.197766 0.850503 0.621805 1.563521
1418527812 1.044148 -0.058123 -1.303915 0.826486 0.571044 1.580590
1438507083 -0.013418 0.373384 -0.591122 0.444124 0.413881 1.403861
1458486354 -0.882349 0.656551 0.388722 0.426303 0.413881 1.403861
1478465625 -1.299840 0.683870 0.323008 0.338906 0.394223 1.410326
1498444895 -1.388393 0.910781 -0.382265 0.436238 0.370911 1.473371
