0 0.670171 -0.208416 0.531577 -2.648034 -0.861253 1.774365
19979636 0.567434 -0.053579 0.235012 -2.736962 -0.845431 1.890697
39959271 0.486130 0.066691 -0.234341 -2.681901 -0.845431 1.890697
59938907 0.245440 0.150315 -0.312543 -2.672523 -0.829570 1.892344
79918542 0.137317 0.235372 -0.237241 -2.790069 -0.827463 1.878167
99898177 0.192042 0.191878 -0.132536 -2.653446 -0.813614 1.836805
119877813 0.071782 0.073668 0.056352 -2.676319 -0.813614 1.836805
139857448 -0.111221 -0.066662 0.286537 -2.670861 -0.792574 1.800307
159837084 -0.481223 -0.452548 0.397343 -2.673213 -0.739536 1.777905
179816771 -0.904506 -0.719792 0.590892 -2.680427 -0.694433 1.745514
199796459 -0.775121 -1.264036 0.355535 -2.741784 -0.656540 1.782707
219776146 -0.424379 -1.921957 -0.003973 -2.775800 -0.557875 1.836234
239755834 -0.776468 -2.314347 -0.070848 -2.813102 -0.557875 1.836234
259735521 -0.412783 -3.061102 -0.147176 -2.807146 -0.502553 1.853197
279715209 -0.961604 -3.491912 -0.742519 -2.869743 -0.419417 1.900794
299694896 -2.455503 -4.139447 -1.282860 -2.916813 -0.296084 1.900068
319674584 -4.232266 -4.946478 -1.285125 -2.899085 -0.189225 1.844636
339654271 -5.224192 -6.181857 -1.879286 -2.951637 -0.077605 1.863440
359633959 -7.765433 -7.659056 -2.172058 -2.931071 0.030266 1.824976
379613646 -13.644829 -11.458190 -1.599267 -2.869575 0.321093 1.580185
399593334 -21.219921 -16.995888 0.761324 -2.888882 0.321093 1.580185
419573021 -18.816610 -23.213768 0.346900 -2.731554 0.980847 1.778576
439552709 -10.752449 -30.617743 -2.457120 -2.553229 0.980847 1.778576
459532396 -10.156816 -38.457546 0.986780 -1.680259 1.156253 1.196891
479512084 -15.963102 -47.392296 6.697740 -0.362524 1.156253 1.196891
499491771 -11.855549 -58.786648 5.992241 -0.038789 1.366967 1.094413
519471459 -3.947224 -68.962646 2.252539 3.020585 1.424889 -1.992088
539451146 3.266076 -76.763885 -1.044314 3.130123 1.267840 -2.138341
559430834 12.865974 -78.460815 -8.977100 3.062341 1.267840 -2.138341
579410521 19.639668 -73.254509 -15.996391 2.900979 1.125172 -2.058967
599390209 21.045397 -63.154736 -10.771472 2.364561 1.053472 -1.850678
619369896 26.664757 -54.486454 -5.539474 1.735117 0.975318 -1.839146
639349584 32.493816 -50.559406 -6.913785 1.179582 0.971002 -2.007723
659329271 30.490570 -47.904247 -13.264561 0.881312 0.971002 -2.007723
679308959 23.635834 -43.222435 -18.783932 0.605587 0.989916 -2.238708
699288646 20.165569 -38.858887 -13.046626 0.408388 0.869275 -1.827741
719268334 31.525909 -29.163025 -6.959596 0.299048 0.585659 -1.859574
739248021 40.449585 -17.484051 -10.964567 0.288200 0.445150 -1.985947
759227709 38.032444 -9.082740 -15.713794 0.275972 0.445150 -1.985947
779207396 29.623154 -3.996922 -12.391728 0.290045 0.429160 -1.999558
799187084 25.162718 0.148769 -9.516370 0.293429 0.286218 -1.790926
819166771 23.541891 3.696410 -4.395906 0.287217 0.229179 -1.751054
839146459 21.799047 5.506877 -3.421664 0.328383 0.248904 -1.905706
859126146 18.593988 5.654511 -5.907909 0.321167 0.356780 -1.997479
879105834 15.098961 4.530902 -6.286196 0.292170 0.532143 -1.882480
899085521 12.580353 2.912337 -3.631601 0.180239 0.709259 -1.627480
919065209 10.907639 1.071066 -0.340209 0.137272 0.847797 -1.490085
939044896 9.309206 -0.772421 1.039671 0.193580 1.021658 -1.575058
959024584 6.567364 -2.315295 0.198186 0.208243 1.021658 -1.575058
979004271 2.266644 -3.230721 -0.658632 0.705806 1.507541 -1.766996
998983959 -1.579931 -3.800653 0.069802 -0.711655 1.450219 0.378491
1018963646 -3.565982 -3.335379 1.678156 -0.538944 1.362347 0.532140
1038943334 -4.758425 -2.713232 2.337607 -0.338425 1.335685 0.648821
1058923021 -5.467776 -2.075666 2.125107 -0.148886 1.335685 0.648821
1078902709 -4.673621 -1.751816 1.242981 1.204074 1.535050 -1.355914
1098882396 -3.954283 -1.293810 -0.445023 -0.912874 1.410228 -2.869825
1118862084 -4.127887 -0.853638 -2.263609 -0.643119 1.345469 -3.140590
1138841771 -4.735880 -0.770627 -3.042078 -0.909049 1.382269 -2.722399
1158821459 -4.071008 -0.914379 -2.497747 -0.939936 1.382269 -2.722399
1178801146 -2.358531 -0.987862 -1.433638 0.308757 1.199437 -1.564398
1198780834 -1.301443 -0.831870 -0.468800 0.462169 1.161502 -1.414372
1218760521 -1.150136 -0.784950 0.370533 0.509776 1.140043 -1.330785
1238740209 -1.181458 -0.819557 0.979773 0.557925 1.129821 -1.363880
1258719896 -1.286339 -0.709631 1.018989 0.537822 1.129821 -1.363880
1278699584 -1.252758 -0.557557 0.198971 0.260440 1.067452 -1.686985
1298679271 -1.013771 -0.359015 -0.254287 0.315773 0.972537 -1.623341
1318658959 -0.017999 -0.339876 0.007324 0.371074 0.972537 -1.623341
1338638594 0.977982 -0.106552 0.292902 0.257794 0.811022 -1.592673
1358618229 1.453201 -0.065056 0.034586 0.262326 0.811022 -1.592673
1378597865 1.673107 -0.307100 -0.088356 0.251054 0.784630 -1.590277
1398577500 1.243113 -0.625121 0.675123 0.439086 0.818614 -1.336961
1418557136 0.552104 -0.890786 1.438517 0.477506 0.818614 -1.336961
1438536771 0.281157 -1.135443 1.853818 0.479116 0.782895 -1.142142
1458516407 -0.074190 -1.037825 2.450109 0.531080 0.782895 -1.142142
1478496042 -0.203376 -1.090884 2.405944 0.481418 0.730127 -1.180047
1498475677 0.291042 -1.199219 1.892895 0.415109 0.686626 -1.170430
