0 6.652148 7.851708 -0.325170 -0.038378 -0.867328 -1.619639
19970468 6.661730 7.751099 0.901315 0.568352 -0.856352 -1.436316
39940937 6.187426 7.918782 1.600795 0.781274 -0.891749 -1.317630
59911406 5.612511 7.976274 1.687032 0.772434 -0.937126 -1.278804
79881875 5.885595 7.698398 1.710987 0.827104 -0.898394 -1.287886
99861666 6.014951 7.703189 1.979280 0.924271 -0.882768 -1.252897
119841458 4.793257 7.918782 1.174400 0.566035 -1.013488 -1.330519
139821250 5.162160 7.957109 -0.248515 -0.023690 -0.994773 -1.618901
159801041 6.235335 7.703189 -0.713237 -0.238097 -0.887140 -1.684688
179839479 6.580284 7.444477 -0.722819 -0.182414 -0.843963 -1.680204
199825572 6.997097 7.262421 -1.039023 -0.404822 -0.798553 -1.718212
219811666 7.270182 6.874353 -1.254616 -0.667630 -0.750099 -1.741683
239797760 7.457029 6.332975 -1.383971 -1.048918 -0.695723 -1.754301
259783854 8.194836 5.437066 -1.336062 -2.201285 -0.579762 -1.732411
279769947 9.421322 4.071643 -1.436672 -2.841325 -0.403762 -1.722122
299749375 10.528032 1.944458 -1.364808 -3.020142 -0.181153 -1.699713
319728802 11.653908 -0.321664 -0.967158 -3.114666 0.027500 -1.653597
339708229 10.499287 -0.906161 0.446174 3.015020 0.086016 -1.528326
359687656 8.582905 -1.471494 1.888252 2.840758 0.165902 -1.354245
379667083 8.352938 -3.086047 1.682241 2.894593 0.347488 -1.372060
399646510 7.543266 -5.874383 0.839033 2.965626 0.658676 -1.460022
419625937 6.014951 -9.074742 0.259327 3.018402 0.985031 -1.527709
439605364 5.099878 -11.772052 -0.555136 3.133617 1.159832 -1.679222
459584791 4.793257 -14.838264 -1.566028 -2.980462 1.243204 -1.886578
479564218 3.058930 -17.549946 -1.772039 -2.787786 1.372023 -2.095856
499543645 -3.619664 -19.624430 -1.805576 -0.705583 1.367522 2.033503
519523072 -10.025173 -22.283411 -4.114817 -0.872178 1.118156 1.960277
539502500 -11.467251 -25.814346 -4.191472 -0.801439 1.129010 1.921227
559481927 -11.649307 -29.048243 1.687032 0.042010 1.185801 1.426978
579461354 -14.202888 -32.833099 7.747593 0.688823 1.112963 1.071419
599450468 -21.547424 -35.817863 7.124768 -3.075667 1.006025 1.251458
619439583 -32.906784 -37.518654 2.573359 -3.038898 0.849279 1.492754
639428697 -43.763096 -40.120144 -0.056876 -3.038520 0.741996 1.572096
659417812 -46.517895 -41.164574 0.795914 -3.043606 0.724348 1.553688
679389687 -49.469124 -42.707260 6.468407 -3.108498 0.707981 1.440778
699361562 -57.508350 -38.280418 16.270704 -2.872318 0.569673 1.295075
719333437 -63.386856 -27.912786 19.748940 -2.747227 0.397988 1.268766
739305312 -59.343288 -15.911439 13.405713 -2.816235 0.255805 1.348624
759277187 -49.464333 -6.818202 7.996723 -2.909226 0.135243 1.410517
779310208 -43.691231 -2.233256 2.027190 2.753051 0.051015 1.524431
799278958 -30.156775 -0.259382 4.470578 0.076155 0.008508 1.423624
819247708 -20.522160 1.910922 7.139142 -0.118755 -0.087720 1.236016
839216458 -17.144535 5.528094 3.972319 -0.010008 -0.304359 1.343118
859185208 -17.087044 7.947528 2.947054 0.036327 -0.429778 1.400004
879153958 -16.157598 9.279414 2.539823 0.046733 -0.516059 1.414882
899123125 -15.755157 9.039865 1.572049 0.090418 -0.518775 1.471346
919092291 -14.039995 6.026354 0.843824 0.126101 -0.404793 1.510767
939061458 -11.400179 1.283306 2.261947 0.019842 -0.109971 1.374927
959030625 -12.348787 -0.906161 6.664836 -0.314661 0.064486 1.075883
978999791 -14.590956 -3.555560 7.292452 -0.344662 0.214617 1.107315
998969739 -12.286505 -7.096077 7.302034 -0.675652 0.460833 1.034569
1018939687 -7.941107 -9.347827 6.075549 -1.462969 0.751769 0.917716
1038909635 -5.368363 -11.173182 3.057246 -2.497145 1.065714 1.053110
1058879583 -3.705901 -11.067780 1.356456 -2.930582 1.228288 1.219916
1078849531 -2.493789 -10.540775 0.762377 -3.034399 1.328272 1.274109
1098829687 -3.164523 -10.282064 0.350355 2.987811 1.270508 1.460532
1118809843 -4.793448 -9.549047 0.048525 2.728742 1.105544 1.560673
1138790000 -5.995978 -9.410110 0.120389 2.619350 1.003392 1.550721
1158770156 -6.958961 -9.501138 0.714468 2.731147 0.936131 1.468486
1178813125 -7.193718 -8.681885 0.949225 2.982446 0.874621 1.439602
1198799166 -6.887096 -8.336935 0.474920 2.839573 0.879180 1.501947
1218785208 -6.714622 -8.360890 0.211417 2.779638 0.893927 1.539321
1238771250 -6.939797 -7.982405 0.302446 2.778194 0.854685 1.527243
1258757291 -6.978125 -7.522473 0.450965 2.796923 0.821881 1.506261
1278743333 -6.676294 -7.120032 0.541993 2.824974 0.815912 1.489792
1298722812 -6.671504 -6.856530 0.407847 2.774754 0.798142 1.509740
1318702291 -7.438056 -6.291197 0.498875 2.705597 0.700951 1.503826
1338681770 -8.362711 -5.668372 1.198354 2.790768 0.590970 1.428468
1358661250 -9.066982 -5.419242 2.127800 3.104002 0.526991 1.340292
1378640729 -9.479004 -5.026384 1.940953 2.901354 0.479115 1.368825
1398620208 -9.914982 -4.422723 1.284592 2.195929 0.416489 1.441953
1418599687 -10.355749 -4.049029 2.103845 2.197528 0.365911 1.370367
1438579166 -10.398869 -4.264622 4.135211 -1.726177 0.364090 1.192309
1458558645 -10.020382 -4.729345 3.038082 -2.573965 0.424241 1.276415
1478538125 -9.546078 -4.585616 1.533721 2.510697 0.442864 1.411493
1498517552 -8.980745 -4.307741 0.374310 2.807451 0.446909 1.529141
1518496979 -8.688496 -4.044238 -0.627000 2.456924 0.434652 1.642836
1538476406 -9.244247 -3.775944 -0.785102 2.324748 0.386525 1.655522
1558455833 -9.761671 -3.632216 -0.152695 2.444513 0.356177 1.586437
1578435260 -10.025173 -3.263312 0.249745 2.474695 0.314603 1.545890
