0 6.982724 6.083846 -2.921869 -0.228251 -0.677019 -1.967100
20007031 7.241436 6.165292 -3.348264 -0.586128 -0.657923 -2.003894
40014063 6.652148 6.462331 -3.606975 -0.682695 -0.706812 -2.067652
60021094 6.431764 6.414422 -3.190162 -0.505980 -0.729179 -2.031240
80028125 7.011470 5.911371 -3.103925 -0.508332 -0.656765 -1.987557
100035313 7.964870 4.957971 -2.370908 1.250458 -0.537922 -1.860115
120042500 8.669142 4.224954 -1.642683 2.149560 -0.446573 -1.758062
140049688 8.568531 4.076434 -1.930141 2.335615 -0.434530 -1.792357
160056875 7.653458 4.181836 -2.160106 2.260466 -0.484117 -1.845880
180064063 7.495357 3.851259 -1.829530 2.236042 -0.462979 -1.810204
200071406 7.509729 3.439237 -1.551655 2.330362 -0.421604 -1.774548
220078750 7.107289 3.257180 -1.609146 2.410927 -0.420335 -1.793450
240086094 6.776713 2.974514 -2.126570 -2.951011 -0.396604 -1.874870
260093438 6.575493 2.212752 -2.725439 -2.864092 -0.301399 -1.963727
280100781 6.455719 1.000640 -2.950614 -2.884790 -0.140051 -1.999501
300108281 5.952669 -0.479766 -2.179270 -3.001314 0.075540 -1.921741
320115781 5.248398 -1.711042 -1.685802 -3.051381 0.300965 -1.881590
340123281 5.051969 -3.004600 -2.663157 -2.933657 0.484319 -2.055929
360130781 4.247088 -5.342587 -2.653575 -2.890337 0.817721 -2.129251
380138281 4.649528 -8.763330 -1.101305 -3.114279 1.071610 -1.803374
400145886 5.219652 -11.235464 1.045044 -0.910438 1.128337 -1.373196
420153490 3.087676 -13.285995 2.108636 -1.036341 1.296468 -0.971626
440161094 -1.559552 -14.881383 0.930061 -2.686270 1.449376 1.033055
460168698 -4.951550 -17.329561 -0.765938 3.039931 1.289344 1.724266
480176302 -8.554350 -21.167118 -0.334752 3.121215 1.186466 1.609909
500184011 -12.779974 -23.600925 -0.104786 3.140896 1.074486 1.578995
520191719 -18.423721 -25.402325 -1.556446 3.099286 0.941616 1.655077
540199427 -22.050476 -28.013395 -2.366117 3.087837 0.901162 1.677692
560207136 -21.374950 -30.581348 -1.254616 3.113090 0.959965 1.629425
580214844 -20.900646 -33.839199 0.618649 -3.120790 1.017307 1.541206
600222604 -23.751265 -38.989479 2.975800 -2.398454 1.020194 1.446156
620230365 -27.061817 -41.461613 3.684861 -2.312952 0.988316 1.435464
640238125 -31.124548 -40.570496 1.533721 -2.315914 0.915810 1.521559
660245886 -36.835369 -39.296101 0.331191 -2.018227 0.817689 1.561805
680253646 -41.372406 -35.377098 0.767168 -1.312968 0.707356 1.552256
700261406 -41.904202 -29.072197 0.704886 -0.826271 0.606471 1.553977
720269167 -37.055756 -22.690643 0.403056 -0.646963 0.549416 1.559920
740276927 -29.121927 -15.877902 1.375620 -0.613018 0.498699 1.523595
760284688 -23.420689 -10.550358 2.051145 -0.560395 0.421817 1.483441
780292448 -19.889753 -6.822993 1.423529 -0.440226 0.329678 1.499347
800300208 -17.911089 -4.508961 -0.229351 -0.266980 0.246597 1.583601
820307969 -15.827023 -3.148329 -1.628310 -0.122977 0.195353 1.673317
840315729 -12.827883 -2.597369 -2.145734 -0.033222 0.197111 1.736533
860323490 -9.914982 -2.884826 -2.107406 0.034342 0.277268 1.780227
880331250 -8.889717 -3.780735 -1.930141 0.054849 0.393890 1.784598
900339011 -9.081354 -4.269413 -1.077350 0.056162 0.436782 1.688878
920346771 -10.034756 -4.398768 0.058107 -0.022538 0.413120 1.565006
940354531 -11.476833 -4.738926 0.762377 -0.058693 0.390812 1.504466
960362292 -12.669781 -6.319942 0.546784 -0.048497 0.462332 1.527667
980370052 -12.502098 -10.349137 -0.406616 0.002112 0.691199 1.603309
1000377240 -10.135365 -11.599577 1.035462 -0.186597 0.850090 1.468986
1020384427 -6.925424 -9.640076 4.068138 -0.618004 0.876150 1.039678
1040391615 -2.901020 -11.292956 6.180950 -0.859390 1.026991 0.438827
1060398802 1.559361 -13.190175 2.237992 -0.663656 1.366875 -0.608553
1080405990 3.475744 -11.163600 -2.227180 0.353163 1.216609 -2.140661
1100413177 2.598999 -10.214991 -4.474139 0.759157 1.101936 -2.615340
1120420365 -1.669744 -10.603058 -5.413166 1.346528 1.080114 2.842393
1140427552 -5.397109 -10.272482 -4.924489 1.596783 0.952572 2.310437
1160434740 -6.901469 -9.256799 -4.589122 1.481666 0.840563 2.157609
1180441927 -6.513402 -9.362200 -4.656195 1.510696 0.863292 2.191428
1200449115 -5.037787 -9.477183 -4.445393 1.613765 0.954100 2.293808
1220456302 -4.141878 -9.232844 -3.611766 1.766102 1.033908 2.287931
1240463490 -4.496409 -8.931014 -2.461937 2.059315 1.049724 2.071744
1260470677 -5.056951 -8.509410 -1.978050 2.151771 1.002816 1.943654
1280477865 -5.545629 -8.092597 -1.752875 2.117805 0.947637 1.876941
1300485104 -6.091798 -7.833885 -1.494163 2.349676 0.895647 1.811323
1320492344 -6.475074 -7.426653 -1.221079 2.356880 0.845077 1.757189
1340499583 -6.891888 -7.230224 -1.182751 2.282263 0.802101 1.740756
1360506823 -7.294328 -7.493727 -1.264197 2.245812 0.791484 1.742404
1380514063 -7.284746 -7.642247 -1.431881 2.218017 0.799874 1.764881
1400521354 -7.150599 -7.225433 -1.513327 2.123457 0.779650 1.779355
1420528646 -6.915842 -7.033795 -1.719338 2.051622 0.778861 1.814465
1440535938 -6.499029 -7.230224 -1.724129 2.143927 0.821672 1.830113
1460543229 -6.034306 -7.354789 -1.254616 2.378251 0.873307 1.775790
1480550521 -6.058261 -7.771603 -0.497644 2.735243 0.907026 1.652755
