0 8.122972 3.075124 -2.883541 0.332834 -0.342684 -1.911906
20006667 8.808079 2.505000 -4.018998 0.030007 -0.253184 -1.998865
40013333 8.942226 1.954040 -3.923179 0.158257 -0.197498 -1.984235
60020000 8.611650 1.340798 -3.664467 0.415939 -0.142296 -1.973111
80026667 8.827242 0.516753 -3.803405 2.167697 -0.053711 -1.977629
100033542 9.406948 -0.599540 -3.635721 2.683128 0.059378 -1.939605
120040417 9.263220 -1.725415 -3.300354 2.782761 0.173693 -1.913060
140047292 8.645185 -2.606951 -2.715857 2.782738 0.280123 -1.875181
160054167 8.070271 -3.373504 -2.778140 2.910474 0.376407 -1.902334
180061042 6.973142 -4.331695 -3.367428 -3.111854 0.510021 -2.020682
200068125 6.053278 -5.356960 -3.721958 -3.089140 0.645970 -2.122076
220075208 5.631674 -6.650518 -3.793823 -3.050757 0.774995 -2.163624
240082292 4.970522 -8.566901 -3.717167 -3.008952 0.943816 -2.212915
260089375 3.461371 -12.184074 -4.541212 -2.757618 1.132548 -2.490321
280096458 2.608580 -17.377472 -5.504194 -2.565211 1.233664 -2.699021
300103750 0.399949 -23.155365 -4.637031 -2.215474 1.372438 -3.055554
320111042 -3.696319 -28.458956 -1.350435 -0.901854 1.433388 1.921076
340118333 -5.761221 -33.019947 5.457515 0.291252 1.334938 0.812463
360125625 -13.599228 -38.668484 14.201012 0.424482 1.100384 0.763755
380132917 -24.709455 -41.154991 15.849101 0.117850 0.951204 1.000478
400140417 -33.050514 -43.138447 12.227138 -2.480801 0.885836 1.216458
420147917 -43.518757 -44.432007 6.008475 -2.669200 0.791061 1.433597
440155417 -52.899448 -44.005611 -1.681011 -2.826226 0.693628 1.602563
460162917 -57.000507 -46.151958 -7.731989 -2.939883 0.676159 1.705621
480170417 -58.979176 -48.657631 -5.001144 -2.884296 0.688040 1.655389
500178125 -60.023602 -48.346218 3.363867 -2.726792 0.677292 1.514812
520185833 -61.451309 -43.397160 10.713196 -2.583267 0.607841 1.398195
540193542 -56.324986 -30.796942 14.522006 -2.454199 0.486935 1.318466
560201250 -49.919476 -15.403597 13.856063 -2.321480 0.289003 1.300044
580208958 -44.965626 -3.100420 12.667906 -2.121129 0.066270 1.296189
600216927 -34.856705 -1.552940 7.345152 -2.147228 0.043567 1.363111
620224896 -24.575310 -1.701460 0.014988 -2.425055 0.069124 1.570186
640232865 -17.566139 -0.599540 -4.584331 -2.979659 0.033012 1.826078
660240833 -13.498617 0.904821 -6.495923 2.574926 -0.060327 2.019315
680248802 -13.398006 2.883486 -6.462386 2.128632 -0.191472 2.020216
700256979 -15.367090 3.453610 -3.698004 0.176569 -0.215122 1.806950
720265156 -16.373192 0.995849 0.048525 0.032347 -0.060747 1.567833
740273333 -16.703768 -1.624805 3.890872 -0.134167 0.094454 1.341943
760281510 -16.794796 -3.555560 7.771548 -0.298845 0.189820 1.137402
780289688 -17.077461 -6.137886 9.697513 -0.393489 0.302921 1.054349
800298021 -15.697666 -11.714561 6.094713 -1.924929 0.607812 1.200455
820306354 -10.542597 -15.341314 1.663077 -2.947230 0.962962 1.414337
840314688 -2.053021 -14.958038 -2.375700 2.127173 1.363888 2.428926
860323021 3.576354 -14.593925 -6.979809 0.896778 1.077682 -2.668086
880331354 2.761891 -13.999846 -7.506814 0.990624 1.051712 -2.789045
900339844 -2.096139 -12.059509 -3.544693 1.864750 1.241731 2.607561
920348333 -7.553040 -9.467601 0.177881 3.074692 0.897277 1.547250
940356823 -9.632315 -8.442336 1.758896 -2.679200 0.711536 1.390182
960365313 -7.878825 -8.394427 1.442693 -2.801503 0.808839 1.389692
980373802 -5.852250 -8.854359 0.316818 3.141528 0.986092 1.516713
1000382344 -5.090487 -9.601748 -0.919249 2.779764 1.076641 1.749453
1020390885 -4.731166 -9.141816 -0.933621 2.942678 1.085383 1.765627
1040399427 -4.534737 -9.232844 -0.880921 2.950741 1.106881 1.762667
1060407969 -4.534737 -8.566901 -1.120469 2.875471 1.071606 1.813030
1080416510 -5.104860 -8.083014 -0.751565 2.995691 1.002646 1.716972
1100425052 -5.325244 -7.953659 -0.483271 3.076600 0.978914 1.661299
1120433594 -5.454600 -7.397908 -0.042503 -3.075750 0.935448 1.578588
1140442135 -5.766013 -7.182315 0.278491 -2.975309 0.893777 1.522535
1160450677 -5.914532 -7.503309 0.000615 -3.059199 0.903257 1.570692
1180459219 -5.349199 -7.996778 0.058107 -3.051074 0.981209 1.559934
1200467708 -4.922804 -8.078223 0.527620 -2.916447 1.020959 1.464025
1220476198 -5.052160 -8.102179 1.021089 -2.778454 1.004209 1.371373
1240484688 -5.904950 -8.241117 1.203145 -2.746887 0.939407 1.369796
1260493177 -6.954170 -7.766811 0.939643 -2.801932 0.836047 1.436490
1280501667 -7.725514 -6.899648 0.383892 -2.914075 0.728377 1.521146
1300509115 -8.286057 -6.161841 -0.296424 -3.056908 0.639112 1.606555
1320516563 -8.755569 -5.586926 -0.521599 3.105974 0.567161 1.630299
1340524010 -8.793898 -5.539016 -0.459317 -3.124907 0.561480 1.622980
1360531458 -8.731615 -5.677954 0.029361 -2.776732 0.576566 1.567434
1380538906 -8.789106 -5.610881 0.125180 -2.690439 0.568124 1.556555
1400545521 -8.367502 -5.443197 -0.315588 -3.031799 0.576413 1.608494
1420552135 -7.596158 -5.304260 -0.780311 2.888053 0.607111 1.673162
1440558750 -7.256000 -5.471943 -0.492853 3.082652 0.645031 1.638616
1460565365 -7.270373 -6.185796 0.388683 -2.782158 0.704267 1.517386
1480571979 -7.107481 -7.072123 1.294174 -2.549317 0.774751 1.390683
