0 7.092916 6.035936 -2.869168 -0.112625 -0.667925 -1.955186
20006354 7.409120 6.126964 -2.936241 -0.091306 -0.655412 -1.948110
40012708 7.893006 6.112591 -3.549484 -0.310529 -0.614942 -1.993401
60019063 8.003199 6.098218 -3.980670 -0.503552 -0.598708 -2.032350
80025417 7.734905 6.203619 -3.530320 -0.311931 -0.630334 -1.998971
100031875 7.428283 6.241947 -2.730230 0.004941 -0.667818 -1.923015
120038333 6.676103 6.400049 -1.455836 0.371925 -0.752693 -1.785502
140044792 6.019742 6.582105 -0.349125 0.621070 -0.829158 -1.628728
160051250 6.450928 6.433585 -0.694074 0.583573 -0.781175 -1.677977
180057708 7.183945 6.304229 -1.609146 0.405527 -0.708155 -1.791151
200064219 6.973142 6.103009 -1.973259 0.420367 -0.699917 -1.846566
220070729 6.537165 6.069473 -2.112197 0.290659 -0.723615 -1.883314
240077240 6.795877 5.652659 -2.361326 0.276574 -0.665960 -1.905211
260083750 7.423492 5.307710 -3.424919 -0.118599 -0.575829 -2.003059
280090261 8.194836 4.742377 -4.215427 -0.767788 -0.475267 -2.045898
300096823 8.228373 4.402219 -4.397483 -1.230693 -0.440874 -2.061606
320103386 7.572012 3.812932 -4.421438 -1.628845 -0.410184 -2.099307
340109948 6.858160 2.600819 -4.330410 -2.226759 -0.310299 -2.134002
360116511 5.717912 0.167013 -4.689732 -2.563835 -0.022580 -2.257723
380123073 5.794567 -3.517233 -5.738951 -2.704579 0.407169 -2.351372
400129688 9.009298 -7.373953 -6.347403 -2.980705 0.589683 -2.184562
420136302 11.998856 -9.941906 -4.541212 -3.131917 0.659265 -1.932606
440142917 10.944845 -11.719351 -2.217598 3.052382 0.809517 -1.770706
460149531 7.639085 -12.907509 -0.569509 2.964861 1.035188 -1.645211
480156146 2.963111 -14.119620 0.086852 2.840871 1.363855 -1.541494
500162813 -0.519915 -16.208477 0.829451 0.718335 1.510473 0.559905
520169479 -0.548660 -19.049515 0.915688 0.735477 1.514818 0.539815
540176146 -1.966784 -22.872700 -0.099995 -0.446950 1.484909 1.621594
560182813 -7.759051 -26.992922 -0.545554 -0.666190 1.290240 1.640993
580189479 -12.401487 -32.339630 2.467958 -0.325360 1.198076 1.374358
600196146 -19.132782 -38.170227 4.001064 -2.667083 1.097522 1.364646
620202813 -27.742132 -41.768234 3.517178 -2.730041 0.980829 1.444688
640209479 -36.528748 -43.675034 0.522830 -2.835464 0.874215 1.556484
660216146 -42.162914 -46.434628 -5.911426 -3.019128 0.828729 1.710093
680222813 -39.451233 -47.814423 -10.587399 3.106539 0.863819 1.832985
700229479 -40.327980 -49.855370 -6.524668 -3.050253 0.884327 1.731197
720236146 -44.189491 -46.894558 5.280250 -2.692706 0.811549 1.451869
740242813 -45.152473 -37.250362 14.023746 -2.415933 0.667298 1.269656
760249479 -42.560566 -23.945873 15.068175 -2.253074 0.487649 1.230526
780256146 -40.917267 -19.097425 11.359975 -2.272161 0.422623 1.299984
800262813 -33.936840 -17.789494 2.329021 -2.595520 0.481850 1.502276
820269479 -26.132370 -14.785563 -3.808196 -2.975661 0.510398 1.715505
840276146 -22.644554 -11.211510 -5.566477 3.127602 0.448166 1.811837
860282813 -19.343584 -6.751129 -5.532940 3.022307 0.323748 1.849392
880289479 -15.189825 -4.298159 -6.534250 2.624230 0.254305 1.977040
900295833 -11.587025 -3.823854 -5.815607 0.394823 0.286814 2.035968
920302188 -10.691116 -3.402250 -2.160106 0.267602 0.302364 1.770159
940308542 -11.965511 -2.429686 1.193564 0.066111 0.199370 1.471375
960314896 -15.017351 -1.093009 3.766308 -0.025589 0.070480 1.325068
980321250 -16.397146 -1.011562 4.992793 -0.054285 0.058948 1.275224
1000327604 -15.391045 -2.099109 5.256295 -0.077171 0.128356 1.241699
1020333958 -13.733374 -4.398768 4.906555 -0.098815 0.292947 1.227657
1040340313 -11.860109 -7.915331 5.069448 -0.196976 0.550418 1.166863
1060346667 -9.608360 -11.240255 5.280250 -0.486832 0.797855 1.068301
1080353021 -7.193718 -13.539915 3.641743 -1.269444 1.033694 1.102170
1100359375 -6.580475 -12.615260 0.906106 -2.955027 1.086135 1.433961
1120365729 -7.294328 -10.090425 -1.757666 1.373520 0.931412 1.807252
1140372083 -7.241627 -9.697567 -4.028580 1.125176 0.863683 2.078470
1160378438 -6.000770 -11.096527 -4.747223 1.305034 0.967125 2.240088
1180384792 -4.630556 -12.088255 -2.179270 2.037867 1.170312 2.010672
1200391146 -5.454600 -11.896617 1.318128 -2.698212 1.130046 1.333688
1220397500 -7.323073 -11.585204 4.274149 -1.373679 0.938984 1.042482
1240403854 -8.870552 -10.387465 6.224069 -0.897514 0.764253 0.958960
1260410208 -9.368813 -9.683194 6.516317 -0.788699 0.703622 0.963075
1280416563 -8.870552 -9.980233 4.149584 -0.853651 0.794859 1.133245
1300422917 -8.602259 -10.358719 1.921789 3.026389 0.865775 1.351000
1320429271 -8.290848 -9.999397 0.647394 2.778241 0.877047 1.492869
1340435625 -7.878825 -9.232844 -0.564718 2.525764 0.863097 1.642349
1360441979 -7.193718 -9.055579 -2.174479 2.234790 0.878091 1.864339
1380448333 -5.617493 -8.566901 -3.865687 1.919693 0.898512 2.173526
1400454740 -3.978985 -7.757230 -5.140082 1.636417 0.873336 2.482839
1420461146 -3.145359 -6.813411 -5.049054 1.548426 0.853057 2.584461
1440467552 -3.533427 -6.593027 -3.961506 1.703657 0.892925 2.413248
1460473958 -3.878376 -6.554699 -2.830840 1.922494 0.938561 2.201311
1480480365 -4.165833 -6.650518 -1.987632 2.131721 0.964082 2.015979
1500486927 -5.219843 -6.478044 -1.216288 2.317847 0.879594 1.799724
1520493490 -5.857041 -6.391807 -0.128741 2.828250 0.828909 1.592773
1540500052 -5.871414 -6.372643 0.858196 3.035148 0.821043 1.425659
1560506615 -5.521674 -6.583445 1.049835 3.091218 0.864132 1.382909
1580513177 -5.492928 -7.172733 0.743214 3.029306 0.912872 1.436309
