0 4.472263 8.191867 -2.203225 -0.255402 -1.024082 -2.028540
20005521 4.443517 8.158330 -1.594774 0.051259 -1.046203 -1.915377
40011042 4.587246 8.148748 -1.934931 -0.096547 -1.022350 -1.969959
60016563 4.750138 8.139166 -2.255925 -0.240182 -0.997177 -2.014178
80022084 4.572873 8.302058 -2.461937 -0.365863 -1.011790 -2.064673
100027605 4.702229 8.201448 -2.533801 -0.271295 -0.993521 -2.065040
120033125 4.845957 8.100839 -2.701484 -0.334541 -0.970291 -2.079358
140038646 4.836376 8.172703 -2.888332 -0.420375 -0.967308 -2.109162
160044167 4.994477 8.129584 -2.993733 -0.453467 -0.949233 -2.110781
180049688 5.229234 7.822963 -2.941032 -0.427186 -0.916557 -2.083126
200054323 5.502318 7.343867 -2.691903 -0.270877 -0.875607 -2.025791
220058959 5.765821 6.778534 -2.591292 -0.175411 -0.820284 -1.993170
240063594 5.722703 6.189247 -2.428400 -0.012026 -0.783191 -1.972112
260068230 5.761030 5.226264 -2.586502 -2.723653 -0.691341 -1.992789
280072865 5.866431 3.822513 -2.888332 -2.929430 -0.529003 -2.028305
300075730 5.775403 2.471464 -2.845213 -3.021181 -0.366528 -2.028541
320078594 5.684375 0.991058 -2.414027 -3.139958 -0.159120 -1.972394
340081459 5.684375 -0.206681 -1.906186 3.058701 0.034459 -1.894350
360084323 5.018432 -0.585167 -1.522909 3.035891 0.111119 -1.865427
380087188 2.680445 -0.422275 -1.934931 -2.923669 0.127047 -2.196049
400090105 0.059791 -0.326455 -2.040332 -2.488585 0.158589 -3.112296
420093021 -0.740299 -0.551630 -0.976740 -2.372274 0.422933 2.493037
440095938 1.195248 -1.811652 -0.837802 -2.920868 0.892594 -2.182156
460098855 5.401709 -4.417933 -2.188852 -3.067795 0.648607 -1.955790
480101771 8.520622 -9.295127 -4.349574 -3.012523 0.771006 -2.042790
500104844 8.942226 -14.498106 -4.086071 -3.035824 0.974902 -1.999408
520107917 5.852058 -19.485493 1.481021 2.748637 1.270375 -1.322924
540110990 -1.152321 -25.272968 6.837311 1.477930 1.303031 0.166965
560114063 -11.381014 -30.619677 7.076859 0.629271 1.158229 1.014492
580117136 -19.199856 -36.071785 3.066828 -0.354887 1.076426 1.412403
600120469 -30.003464 -40.513004 -3.367428 -1.526838 0.930350 1.682563
620123803 -41.415527 -42.098808 -5.877889 3.056690 0.788594 1.711780
640127136 -46.230438 -43.047421 -4.838252 3.080113 0.747045 1.675072
660130469 -47.025738 -46.463371 -6.059946 3.064896 0.775266 1.698954
680133803 -50.206932 -45.447689 -5.159245 3.081345 0.733072 1.673197
700137500 -52.382027 -38.256462 -0.588673 3.138829 0.630767 1.582034
720141198 -48.280968 -32.425869 4.623889 -3.076899 0.589304 1.475317
740144896 -43.073196 -26.207205 7.158305 -3.032827 0.540568 1.406112
760148594 -41.655075 -18.642284 8.782439 -3.002390 0.412756 1.363002
780152292 -42.076679 -9.405319 6.770237 -3.025105 0.217208 1.411261
800156407 -41.755684 0.080776 3.416568 -3.069853 -0.001928 1.489155
820160521 -38.545742 7.343867 1.667868 -0.186873 -0.188095 1.527553
840164636 -33.199036 6.989336 4.369968 -0.244633 -0.205773 1.439919
860168750 -25.246044 3.956660 7.191842 -0.346613 -0.149601 1.293277
880172865 -19.276510 1.173114 7.905694 -0.430979 -0.056246 1.181596
900177448 -15.429373 -2.520714 7.479300 -0.526219 0.145964 1.119428
920182032 -13.134504 -5.012011 6.487571 -0.619934 0.329648 1.112014
940186615 -13.354889 -7.139196 4.149584 -0.638172 0.472012 1.269537
960191198 -12.530844 -9.333454 1.073790 -0.652519 0.638438 1.485313
980195782 -10.628834 -11.403148 -1.039023 -0.919360 0.818156 1.668242
1000200834 -8.769943 -12.615260 -1.982841 3.082428 0.951576 1.793153
1020205886 -7.433266 -13.329113 -2.567338 2.432106 1.037765 1.903354
1040210938 -6.345718 -12.586514 -3.003315 2.307019 1.061997 2.012842
1060215990 -5.809131 -12.040345 -2.184061 2.445127 1.094869 1.930417
1080221042 -5.718103 -11.934944 -2.289462 2.416387 1.094366 1.951638
1100226563 -6.187617 -12.691916 -3.769868 2.166245 1.052062 2.117997
1120232084 -5.842668 -11.216301 -3.659676 2.118490 1.019668 2.130381
1140237605 -4.961132 -9.898787 -2.045123 2.385164 1.074039 1.961800
1160243125 -3.193269 -9.817341 -1.647474 2.392096 1.219934 2.047099
1180248646 -1.387078 -8.844777 -2.778140 1.723150 1.233166 2.678519
1200254688 -1.286468 -7.704529 -3.132671 1.602659 1.156665 2.751929
1220260730 -2.345269 -7.081705 -2.476310 1.935664 1.121968 2.383366
1240266771 -4.074805 -6.588236 -2.083451 2.163051 0.963667 2.043444
1260272813 -5.339617 -6.181005 -1.671429 2.223598 0.835110 1.874159
1280278855 -6.604430 -5.826474 -1.197124 2.203598 0.714887 1.750110
1300285365 -7.485966 -5.816892 -0.852175 2.642324 0.657466 1.684145
1320291875 -7.543458 -5.931875 -0.473690 2.720870 0.665413 1.633509
1340298386 -7.653650 -6.171423 0.062898 2.834540 0.678577 1.562579
1360304896 -8.147118 -6.204959 0.479711 2.905299 0.650059 1.511983
1380311407 -8.453739 -5.860011 0.450965 2.880636 0.605473 1.517502
1400318438 -8.717241 -5.831265 -0.229351 2.971480 0.589411 1.597100
1420325469 -9.014282 -5.792937 -0.718028 2.822420 0.569746 1.650283
1440332500 -9.411930 -5.510271 -0.938412 2.729695 0.527503 1.670172
1460339532 -9.847908 -5.467152 -0.593463 2.820205 0.506026 1.630986
1480346563 -10.269512 -5.323423 0.125180 3.044277 0.478206 1.558607
