0 6.915651 7.396568 -1.949304 0.305976 -0.799898 -1.845537
20008073 7.164781 7.171393 -1.273779 0.633605 -0.778080 -1.746741
40016146 6.973142 7.051619 -1.297734 0.602791 -0.782482 -1.754796
60024219 6.704849 7.209720 -1.968468 0.270571 -0.801025 -1.856361
80032292 5.861640 7.492387 -1.326480 0.351512 -0.894759 -1.793346
100040469 5.396917 7.559460 -0.315588 0.622721 -0.949976 -1.629205
120048646 6.067651 7.209720 -1.034232 0.509174 -0.864140 -1.739624
140056823 6.494047 7.022873 -2.006796 0.224629 -0.801737 -1.870508
160065000 6.781504 6.998918 -2.677530 -0.032287 -0.764965 -1.946836
180073177 6.426973 7.161811 -2.897914 -0.191260 -0.793258 -1.994397
200081458 5.660420 7.319912 -3.065597 -0.354633 -0.849470 -2.067156
220089739 6.632985 6.951009 -3.420128 -0.429270 -0.749904 -2.046865
240098021 7.251018 6.740207 -3.678840 -0.537298 -0.692154 -2.040311
260106302 6.359900 6.970172 -3.377009 -0.437036 -0.769120 -2.058923
280114583 5.588556 7.267212 -2.720648 -0.229278 -0.863236 -2.023849
300122917 6.043697 7.219302 -2.126570 0.296815 -0.844947 -1.909132
320131250 6.067651 7.588206 -1.316898 0.541965 -0.885037 -1.784518
340139583 5.636466 8.115211 -1.455836 0.400110 -0.948521 -1.823561
360147917 5.171742 8.321222 -2.011587 0.151131 -0.982652 -1.941747
380156250 4.620782 8.412251 -2.921869 -0.218882 -0.994495 -2.134651
400164167 4.347698 8.326014 -3.515947 -0.256092 -0.979411 -2.250815
420172083 4.424353 7.909200 -4.330410 -0.476713 -0.906664 -2.345464
440180000 5.392127 7.075573 -5.101754 -0.616897 -0.761431 -2.328531
460187917 6.618611 6.016772 -5.283810 -0.697404 -0.617700 -2.244516
480195833 7.461820 4.967553 -4.809505 -0.637489 -0.510158 -2.143330
500201510 8.434383 3.573384 -5.226319 -3.022203 -0.345675 -2.125535
520207187 9.339874 1.450990 -6.179719 -3.018422 -0.128844 -2.155317
540212864 9.335085 -1.457121 -7.200193 -2.954020 0.122974 -2.227793
560218542 10.068100 -4.633525 -6.816916 -3.073025 0.364093 -2.165974
580224219 11.404778 -7.201478 -4.790342 2.992925 0.527209 -1.968449
600229896 11.926992 -9.089116 -2.854795 2.844311 0.637799 -1.805732
620235573 8.851198 -10.262900 -2.030751 2.908965 0.846412 -1.796325
640241250 4.103359 -10.856978 -0.957576 2.877368 1.200589 -1.800057
660246927 2.258841 -12.888345 -0.080831 2.673924 1.397187 -1.606565
680252604 1.305440 -16.855257 -1.336062 -2.962683 1.460424 -2.367786
700258281 -0.903191 -24.300404 -4.124399 -2.127170 1.398766 2.926008
720263958 -1.957202 -33.034321 -6.711515 -2.100220 1.362243 2.857843
740269635 -8.999908 -38.663692 -3.324309 -1.254524 1.327563 1.924623
760275312 -20.373640 -41.298721 6.957085 -0.752775 1.090260 1.241736
780280989 -30.099283 -41.169365 13.745872 -1.637487 0.893778 1.142398
800286667 -36.873699 -38.524757 12.792471 -2.642558 0.778888 1.236862
820292344 -45.530956 -38.567875 7.119977 -2.797601 0.696839 1.415676
840298021 -51.462162 -39.942879 -1.963677 -2.989855 0.659682 1.608935
860303698 -56.013573 -38.323536 -5.461076 -3.048880 0.597829 1.667985
880309375 -61.604618 -36.301750 -3.103925 -2.990678 0.531938 1.621138
900315052 -67.420837 -27.917578 -0.392243 -2.915020 0.392579 1.576614
920320729 -62.395126 -18.359617 4.063347 -2.791544 0.285599 1.505765
940326406 -52.420353 -8.998088 7.024158 -2.640439 0.168518 1.437593
960332083 -44.975208 -2.899199 5.064657 -2.591156 0.063970 1.458659
980337760 -36.030491 -0.158772 1.528931 -2.650993 0.004403 1.528387
1000343437 -26.429409 2.964932 -0.013758 -2.599814 -0.111716 1.571317
1020349114 -20.239494 3.324254 -1.475000 0.011934 -0.162369 1.643545
1040354792 -17.331383 3.276344 -0.052085 -0.058477 -0.186835 1.573802
1060360469 -16.435474 3.630875 3.416568 -0.255489 -0.213012 1.365838
1080366146 -15.697666 3.654830 6.224069 -0.403664 -0.213147 1.193314
1100371823 -15.189825 2.509791 9.089061 -0.546317 -0.140846 1.031580
1120377500 -14.677193 1.019804 11.177918 -0.648612 -0.055221 0.919922
1140383177 -12.756020 -1.811652 10.938371 -0.755044 0.107398 0.861960
1160388854 -10.298258 -5.146158 8.538101 -0.935124 0.367241 0.878572
1180394531 -7.591367 -7.570382 5.467097 -1.335862 0.680340 0.946659
1200400260 -5.157561 -8.327353 2.046354 -2.628273 0.983033 1.193079
1220405989 -4.414963 -8.193207 -0.583882 2.815028 1.072920 1.702284
1240411719 -5.914532 -7.738066 -2.011587 2.361523 0.891596 1.898633
1260417448 -7.874033 -7.915331 -3.367428 2.037862 0.746063 1.974920
1280423177 -8.434576 -8.202788 -5.437121 1.761186 0.685264 2.143382
1300429010 -7.696768 -8.202788 -5.379630 1.775378 0.717993 2.180815
1320434844 -6.791277 -8.801659 -2.735021 2.261381 0.876957 1.953650
1340440677 -5.833086 -8.993297 -0.200605 2.940527 0.995133 1.605174
1360446510 -5.186306 -8.044687 0.997134 -2.948119 0.989869 1.380851
1380452344 -5.234216 -6.387016 1.265428 -2.796447 0.870311 1.333587
1400458281 -6.225945 -5.745028 0.939643 2.953154 0.739636 1.421003
1420464219 -7.112271 -6.295988 -0.320379 2.500995 0.724091 1.615812
1440470156 -7.950689 -6.363061 -2.160106 2.047275 0.657633 1.836081
1460476094 -8.631004 -5.970202 -4.138772 1.724839 0.557674 2.017929
1480482031 -9.876654 -5.855220 -5.925798 1.561193 0.470310 2.111201
1500488177 -10.422823 -5.797728 -6.505505 1.520132 0.440900 2.128791
1520494323 -9.416721 -5.802519 -5.695833 1.576949 0.485207 2.114784
1540500469 -8.928043 -5.831265 -4.167517 1.700077 0.534396 2.007524
1560506614 -8.947208 -5.658791 -2.725439 1.824435 0.544101 1.866480
1580512760 -8.645378 -5.759400 -1.623519 2.013342 0.579699 1.756425
