0 6.738386 6.572523 -1.364808 0.582983 -0.762893 -1.770635
20008489 6.930024 6.241947 -1.781621 0.549985 -0.717324 -1.822434
40016979 6.762340 5.753269 -1.896604 0.543781 -0.686323 -1.844237
60025468 7.318091 4.948389 -2.322999 0.829882 -0.572495 -1.878168
80033958 8.884735 3.424864 -2.893123 2.654355 -0.351328 -1.885597
100042500 9.574633 2.495418 -4.095653 -3.132455 -0.235191 -1.975003
120051041 8.774542 1.671374 -4.756805 -2.888413 -0.165917 -2.067565
140059583 8.348146 0.871284 -4.546003 -2.927631 -0.091404 -2.069448
160068125 7.538476 0.061612 -4.066907 -2.968466 -0.007193 -2.065532
180076666 6.728804 -0.896579 -3.822568 -2.966749 0.115341 -2.087422
200085208 6.211380 -2.041618 -3.568648 -2.991420 0.277640 -2.092280
220093750 6.379064 -3.522024 -3.113507 -3.066334 0.460584 -2.024864
240102291 6.000578 -4.494588 -2.715857 -3.094358 0.598807 -1.995810
260110833 5.420872 -5.816892 -1.484581 3.061784 0.802569 -1.838106
280119375 5.756239 -7.877004 0.589903 2.774914 0.937229 -1.468672
300127968 5.502318 -11.292956 1.054626 2.695605 1.110271 -1.381424
320136562 4.941777 -16.428862 -0.214978 2.867059 1.278346 -1.614271
340145156 3.509280 -21.847435 0.436592 2.698360 1.410323 -1.447021
360153750 -0.792999 -28.688921 3.373449 1.056901 1.450586 0.230879
380162343 -7.524294 -35.530407 6.080340 0.405758 1.304968 0.891139
400170937 -17.441574 -38.783466 8.418327 0.148961 1.107661 1.121118
420179531 -28.178110 -40.431557 7.004994 -2.554238 0.947995 1.327139
440188125 -33.577518 -43.104912 3.732771 -2.645553 0.906030 1.460082
460196718 -39.412907 -46.286106 3.823799 -2.659568 0.863115 1.474080
480205312 -49.665554 -45.591419 4.029810 -2.679006 0.741020 1.489835
500213437 -56.200420 -42.946808 3.823799 -2.689683 0.651396 1.502862
520221562 -54.619404 -39.166744 2.400885 -2.703883 0.621643 1.526868
540229687 -52.928196 -36.479019 -2.701484 -2.760140 0.602845 1.621793
560237812 -50.379406 -31.280828 -3.185371 -2.766166 0.554756 1.633940
580245937 -43.236088 -24.372269 3.368658 -2.682361 0.512009 1.493040
600254062 -32.705566 -19.202826 7.436181 -2.604415 0.519976 1.347230
620262187 -23.837502 -14.728072 8.011095 -2.554387 0.529812 1.246584
640270312 -20.311357 -13.319530 6.870848 -2.552776 0.555854 1.244604
660278437 -19.837053 -9.937115 5.356905 -2.582902 0.450453 1.307042
680286562 -19.865799 -5.424034 4.029810 -2.597493 0.261458 1.370660
700294062 -18.921980 -3.392668 1.634332 -0.048490 0.176768 1.484638
720301562 -17.043924 -2.894408 -0.296424 0.046817 0.168191 1.588186
740309062 -15.903677 -2.051200 -1.743293 0.124349 0.127513 1.679976
760316562 -15.189825 -0.992398 -3.008106 0.185521 0.064001 1.766301
780324062 -15.046097 -0.364783 -3.056015 0.183185 0.023755 1.771181
800331041 -15.280853 -0.407902 -1.795994 0.323957 0.026505 1.687792
820338020 -13.685465 -2.626115 0.728841 0.269426 0.189324 1.517590
840345000 -12.291296 -5.131785 3.598624 0.156484 0.381104 1.285978
860351979 -11.040855 -6.880485 7.675728 -0.125357 0.472948 0.963291
880358958 -8.156700 -10.071261 14.579497 -0.499763 0.542512 0.510080
900365937 -3.279506 -15.633563 16.768965 -0.760786 0.741018 0.193132
920372916 2.934366 -19.193245 8.514146 -1.035949 1.132084 -0.331897
940379895 7.610340 -15.417970 -0.315588 -0.263126 1.111939 -1.612241
960386875 8.247538 -12.093046 -4.421438 0.009365 0.912219 -2.062899
980393854 3.317642 -11.259419 -6.035991 0.338798 1.021800 -2.639023
1000400885 -1.894919 -9.534675 -4.454975 1.197245 1.100968 2.739426
1020407916 -5.349199 -8.643557 -2.011587 1.670075 0.986603 1.930490
1040414947 -6.168453 -9.529883 0.676140 2.504263 0.993612 1.461620
1060421979 -5.286917 -10.909679 2.156546 -2.835568 1.088625 1.183496
1080429010 -3.864002 -11.633114 1.567258 -2.942420 1.226624 1.185468
1100436145 -2.575235 -11.407939 -0.234142 2.651692 1.347891 1.661468
1120443281 -2.273405 -11.245047 -1.130051 2.192205 1.348751 2.032100
1140450416 -2.580026 -11.154018 -1.062977 2.247457 1.325656 1.961607
1160457552 -3.092659 -10.627013 -0.444944 2.520715 1.284839 1.713687
1180464687 -3.279506 -10.119171 0.791123 3.082195 1.248999 1.334086
1200471927 -3.955031 -9.630494 1.155236 3.141505 1.166524 1.286610
1220479166 -4.611392 -9.141816 1.289383 3.096768 1.088310 1.298151
1240486406 -5.090487 -8.959760 1.337292 2.988180 1.039672 1.313897
1260493645 -5.272544 -8.710630 0.886942 2.439442 1.020288 1.404138
1280500885 -5.162352 -8.394427 0.728841 2.295072 1.015026 1.430539
1300508281 -5.071324 -8.269862 0.623440 2.243785 1.017358 1.448476
1320515677 -5.056951 -8.274652 0.743214 2.333241 1.017462 1.424872
1340523072 -4.889267 -8.490246 0.944434 2.650412 1.040352 1.379982
1360530468 -4.486827 -8.705839 0.829451 2.761101 1.088044 1.387997
1380537864 -4.184997 -8.490246 0.963598 2.937884 1.102507 1.344490
1400545364 -3.945449 -8.576483 1.370829 -2.978900 1.117597 1.236399
1420552864 -3.849630 -8.978924 1.691823 -2.761614 1.132815 1.156728
1440560364 -3.854421 -8.950178 1.974489 -2.573785 1.120136 1.097384
1460567864 -3.883166 -8.681885 1.945744 -2.563001 1.106925 1.106292
1480575364 -3.969404 -8.701048 1.873879 -2.621109 1.103573 1.129732
1500582968 -4.371844 -8.983715 2.142173 -2.898967 1.074177 1.115186
1520590572 -4.333516 -9.280754 2.501495 -2.751873 1.076324 1.047277
1540598177 -4.328725 -9.199307 2.329021 -2.819848 1.080060 1.077183
1560605781 -4.314353 -8.959760 1.845134 -3.021421 1.088358 1.166664
1580613385 -4.367053 -8.715421 1.313337 3.013191 1.088730 1.278663
