0 5.109460 8.143957 -4.320828 -0.772439 -0.882992 -2.272761
20004167 5.583765 7.775054 -4.732850 -0.937946 -0.815554 -2.273901
40008333 5.943087 7.353449 -4.148354 -0.770288 -0.792641 -2.180188
60012500 6.604239 6.673133 -2.797304 0.149114 -0.749366 -1.971448
80016667 6.815041 6.912681 -2.414027 0.465665 -0.762968 -1.911226
100020990 6.379064 6.697088 -2.198434 0.588661 -0.781666 -1.902682
120025313 6.379064 6.170083 -2.466727 0.587380 -0.733996 -1.939777
140029635 6.158679 5.973653 -3.683631 -0.695943 -0.694199 -2.109833
160033958 5.909550 5.187936 -5.528149 -1.845859 -0.570097 -2.322861
180038281 6.623403 4.344728 -7.032510 -2.220533 -0.422638 -2.386144
200042813 7.533684 3.276344 -7.684080 -2.387089 -0.295545 -2.366077
220047344 7.514521 2.083396 -6.438431 -2.607469 -0.207509 -2.279224
240051875 6.992306 1.470154 -4.809505 -2.805578 -0.171529 -2.173306
260056406 6.791086 0.607781 -4.507675 -2.883445 -0.074428 -2.156786
280060938 5.722703 -1.414003 -4.071698 -2.922110 0.198672 -2.189198
300065677 4.189596 -3.799899 -1.944513 -3.132235 0.688425 -2.005338
320070417 4.405190 -6.593027 1.629541 2.519686 0.951791 -1.216492
340075156 7.222272 -9.573002 4.077720 2.409706 0.856866 -1.056810
360079896 10.130383 -13.147057 3.258466 2.555216 0.890336 -1.259595
380084635 10.504078 -18.647076 0.930061 2.721703 1.056121 -1.482484
400089635 8.731424 -23.548223 3.301585 2.830517 1.193387 -1.209287
420094635 3.921303 -29.306955 6.981040 2.353818 1.304095 -0.511787
440099635 -3.571754 -36.646702 2.999754 0.683128 1.444198 0.872222
460104635 -14.231634 -44.202042 -3.597394 -1.523605 1.250161 1.818385
480109635 -23.372780 -51.810081 -6.888781 -2.149272 1.131181 1.857416
500114896 -34.051826 -58.172470 -6.064736 -2.512570 1.034378 1.747051
520120156 -47.792290 -61.593216 -0.885712 -2.854919 0.910820 1.589327
540125417 -53.824104 -64.252197 3.076410 -2.957562 0.872683 1.513702
560130677 -53.718704 -64.094101 1.533721 -2.928977 0.873038 1.542253
580135938 -59.860710 -48.763031 -4.062116 -2.938246 0.682460 1.638552
600141458 -61.623783 -30.547812 -8.124848 -2.960544 0.456793 1.701886
620146979 -48.822346 -25.052586 -2.596083 -2.994554 0.473529 1.623920
640152500 -40.002193 -26.173668 4.575979 -3.071658 0.576422 1.456898
660158021 -30.520887 -20.017288 4.259776 -3.086571 0.576065 1.432123
680163542 -27.526539 -13.961519 2.851235 -3.074806 0.467243 1.467583
700169323 -25.437681 -8.495037 1.102535 -1.524757 0.322028 1.527481
720175104 -22.069639 -4.192758 -1.077350 -1.046890 0.187523 1.619574
740180885 -19.314838 -2.520714 -1.786412 -0.798954 0.129228 1.663023
760186667 -16.239044 -1.672714 -1.029441 -0.798382 0.102440 1.634104
780192448 -14.499928 -0.954071 0.771959 -0.912345 0.065611 1.517608
800198490 -14.135815 -0.091698 2.496704 -0.953968 0.006388 1.395977
820204531 -14.423271 0.387397 3.042873 -0.943354 -0.026275 1.362876
840210573 -14.720312 -1.073845 3.584251 -1.088614 0.070761 1.331954
860216615 -14.131023 -2.305121 4.714917 -1.236910 0.153521 1.248754
880222656 -13.714211 -3.349549 5.615617 -1.335923 0.222289 1.182149
900228906 -13.067430 -5.740237 6.358215 -0.273007 0.376190 1.117951
920235156 -11.026484 -8.566901 7.532000 -0.373583 0.570412 0.971515
940241406 -8.022552 -11.355238 8.518937 -0.517188 0.770366 0.755399
960247656 -4.041268 -14.411869 6.224069 -0.833558 1.095283 0.575881
980253906 -0.107892 -15.537744 0.163508 -1.946495 1.558186 0.583275
1000260365 -0.333067 -13.075191 -5.235901 0.919589 1.189209 3.078066
1020266823 -5.962442 -11.134854 -6.663606 0.551040 0.894205 2.411671
1040273281 -8.247728 -11.441476 -5.729369 0.387906 0.850426 2.177930
1060279740 -3.950240 -12.744616 -3.755495 1.148108 1.166665 2.330927
1080286198 -1.430196 -13.923191 -3.012897 1.526573 1.335689 2.698396
1100292813 -1.176276 -13.391396 -4.196263 1.248228 1.256172 2.868292
1120299427 -2.680636 -11.843916 -4.876579 1.238230 1.131564 2.638983
1140306042 -4.314353 -10.382674 -4.411856 1.241201 1.034556 2.367368
1160312656 -4.894058 -9.472392 -2.366117 1.488291 1.049804 2.021131
1180319271 -5.009041 -9.616121 -0.296424 2.298484 1.089852 1.629905
1200326094 -5.162352 -9.601748 0.805496 -2.812961 1.072454 1.416012
1220332917 -5.138397 -9.275963 1.088162 -2.342176 1.055576 1.362109
1240339740 -4.702420 -8.681885 0.800705 -2.696081 1.068390 1.402139
1260346563 -4.438918 -8.547737 0.292864 2.876541 1.090932 1.504915
1280353385 -4.505991 -8.868731 -0.272469 2.352482 1.099971 1.631191
1300360417 -4.965923 -8.782495 -0.286842 2.533621 1.055467 1.628494
1320367448 -5.339617 -8.284235 0.158717 2.624991 0.998060 1.541081
1340374479 -5.291708 -8.404009 0.805496 2.880014 1.003673 1.419737
1360381510 -5.037787 -8.782495 1.241473 3.083113 1.037186 1.329178
1380388542 -4.558692 -8.911850 1.615168 -3.009156 1.073583 1.230291
1400395729 -4.319143 -8.739376 1.696614 -2.949721 1.082674 1.196501
1420402917 -4.482036 -8.279444 1.461857 -3.052696 1.053172 1.255516
1440410104 -5.243798 -8.111760 1.433111 3.133523 0.980385 1.304015
1460417292 -6.532566 -8.059060 1.361247 2.930146 0.879215 1.365358
1480424479 -6.887096 -7.603919 0.637812 2.496683 0.832699 1.478450
