0 8.741005 2.380435 -1.829530 -0.163853 -0.260497 -1.777122
19979271 9.196146 2.203170 -1.963677 -0.194413 -0.230142 -1.781170
39958542 9.665661 1.968413 -2.193643 -0.268257 -0.196049 -1.793968
59937813 9.627333 1.824684 -2.088242 -0.243765 -0.183149 -1.784395
79917084 10.154337 1.546809 -2.145734 -0.258684 -0.147950 -1.779045
99896355 10.868191 1.129996 -2.121779 -0.238062 -0.101694 -1.763600
119875625 10.911308 0.818583 -1.930141 -0.155062 -0.073741 -1.745879
139854896 11.083784 0.315533 -1.939722 -0.217321 -0.028034 -1.744047
159834167 12.842064 -1.279856 -2.816468 -2.187808 0.097042 -1.786694
179813438 14.581182 -3.268103 -3.539902 -2.662017 0.214456 -1.808961
199792709 14.169161 -5.016802 -2.984151 -3.017451 0.333522 -1.778372
219771980 11.217930 -5.888756 -0.636582 2.906943 0.482740 -1.627482
239751250 7.509729 -6.626564 1.643914 2.588682 0.711412 -1.355291
259730521 7.054589 -8.130924 4.274149 2.253135 0.778228 -1.026073
279709792 8.745796 -9.477183 5.519798 2.216556 0.741790 -1.007796
299689063 9.014090 -11.005499 3.881290 2.567839 0.842556 -1.164209
319668334 8.558949 -13.142265 0.767168 2.809673 0.991709 -1.481402
339647605 6.350318 -16.103077 -1.748084 3.098803 1.182536 -1.839418
359626875 2.584626 -22.867908 -3.506365 -2.587564 1.382565 -2.506383
379606146 0.682616 -31.170637 -6.122228 -2.112139 1.375684 -3.030553
399585417 -4.137087 -36.584419 -5.178409 -1.344701 1.391568 2.467516
419564688 -16.090525 -37.628845 0.628231 -0.428777 1.166440 1.531773
439543959 -29.653725 -35.999920 6.779819 -0.301090 0.869229 1.346027
459523230 -35.963417 -33.839199 9.041151 -0.451444 0.739700 1.324502
479502500 -30.362785 -35.290859 8.514146 -0.166695 0.841560 1.297404
499481771 -29.821407 -39.918926 7.182260 -0.226945 0.915616 1.334455
519461042 -39.312294 -43.435486 6.190532 -3.007400 0.829089 1.414608
539440313 -46.292721 -46.932884 8.758485 -2.981282 0.783473 1.383809
559419584 -53.301891 -51.766960 10.775477 -2.970412 0.760784 1.371325
579398855 -59.942158 -55.403297 13.070346 -2.957013 0.734503 1.356107
599378125 -58.308441 -52.164612 20.055561 -2.860395 0.702160 1.239516
619357396 -55.433865 -45.538715 24.563850 -2.787411 0.644180 1.153679
639336667 -51.562771 -33.570908 25.191467 -2.744880 0.529307 1.116343
659315938 -48.922955 -19.159708 21.114363 -2.750152 0.345176 1.163362
679295209 -45.895069 -5.495898 15.408333 -2.760055 0.113038 1.246891
699274480 -36.921608 -0.498930 8.509356 -0.167386 0.013167 1.344281
719253750 -25.955105 1.647419 5.016747 -0.135873 -0.062238 1.379865
739233021 -20.550905 3.812932 3.224929 -0.105346 -0.181281 1.415142
759212292 -19.516058 4.718423 4.298104 -0.140656 -0.231866 1.354023
779191563 -18.519539 5.369993 7.436181 -0.235764 -0.262856 1.188970
799170834 -18.078772 5.274174 9.319027 -0.288530 -0.253721 1.094851
819150105 -17.115789 3.683576 9.951433 -0.322628 -0.183950 1.044152
839129375 -15.534775 0.761092 9.486711 -0.354895 -0.041788 1.022564
859108646 -13.599228 -3.105211 7.623028 -0.393596 0.196606 1.059891
879087917 -10.465940 -7.048168 4.743663 -0.533522 0.550196 1.145245
899067188 -6.283436 -9.692777 0.316818 2.924320 0.995066 1.520418
919046459 -3.408862 -10.904888 -2.845213 1.893590 1.184118 2.266312
939025730 -2.220704 -11.719351 -3.103925 1.726401 1.255967 2.520572
959005000 -2.326105 -11.479803 -0.574300 2.688216 1.365040 1.812849
978984271 -3.298670 -11.326492 1.260637 -2.741941 1.268569 1.205759
998963542 -4.395799 -12.188865 1.169609 -2.871725 1.213615 1.310747
1018942813 -3.811302 -12.811689 0.724050 -3.016642 1.276767 1.383059
1038922084 -2.532116 -13.281203 0.106016 3.058598 1.382242 1.528952
1058901355 -1.626626 -13.741135 0.450965 -2.951929 1.448567 1.300349
1078880625 -1.914083 -13.472841 0.647394 -2.878057 1.421930 1.244648
1098859896 -3.538218 -12.629633 -0.641373 2.720381 1.293418 1.750119
1118839167 -4.256861 -11.532504 -2.950614 1.938541 1.148674 2.176906
1138818438 -4.228115 -9.941906 -4.536421 1.499812 1.013094 2.391356
1158797709 -4.568273 -9.208890 -4.732850 1.417402 0.950537 2.373887
1178776980 -5.536047 -8.710630 -4.062116 1.449815 0.903238 2.203821
1198756250 -7.217672 -7.637455 -3.190162 1.842031 0.769056 1.986972
1218735521 -8.659750 -7.196688 -2.682321 1.768582 0.670974 1.871170
1238714792 -9.330484 -6.957140 -1.661847 1.801700 0.633236 1.747057
1258694063 -8.817852 -7.627874 -0.267678 2.338755 0.712938 1.601143
1278673334 -7.232045 -8.293817 1.112117 3.087710 0.847886 1.418215
1298652605 -5.794758 -7.968032 2.103845 -2.586662 0.912300 1.222534
1318631875 -5.478555 -7.235015 2.669178 -2.347652 0.870779 1.117437
1338611146 -6.173244 -6.478044 2.884771 -2.186297 0.760127 1.133647
1358590417 -7.030825 -6.257660 2.822489 -2.125364 0.690372 1.189045
1378569688 -7.452429 -6.171423 2.827280 -2.072618 0.658849 1.208194
1398548959 -7.596158 -5.927084 2.458376 -2.110541 0.638596 1.257800
1418528230 -7.668023 -5.730655 2.146964 -2.155236 0.623804 1.297798
1438507500 -7.251209 -5.955830 2.041563 -2.313641 0.668994 1.296353
1458486771 -7.313492 -5.898338 2.199665 -2.227874 0.657636 1.278635
1478466042 -7.763842 -5.438406 2.003235 -2.088161 0.595989 1.318283
1498446355 -8.286057 -5.222813 1.581631 -2.043308 0.554371 1.382187
