0 8.190046 5.063372 -0.924039 -0.033090 -0.550895 -1.683146
20046510 8.113390 5.111281 -1.379180 -0.211400 -0.555769 -1.739175
40093021 8.017570 5.082535 -1.422299 -0.232169 -0.558009 -1.746368
60139531 8.247538 4.996298 -1.326480 -0.193589 -0.539026 -1.730264
80186042 8.693096 5.048999 -1.326480 -0.177335 -0.521203 -1.722218
100239427 8.793707 4.943598 -1.566028 -0.279238 -0.505501 -1.747034
120292813 8.736214 4.910061 -1.666638 -0.324327 -0.504438 -1.759305
140346198 8.726633 4.838197 -1.728920 -0.357340 -0.498107 -1.766384
160399583 8.865570 4.723214 -1.719338 -0.364744 -0.481889 -1.762353
180452969 9.124283 4.416593 -1.527700 -0.311184 -0.445407 -1.736690
200510000 9.526722 4.133926 -1.216288 -0.080538 -0.406466 -1.697780
220567031 9.823761 3.841677 -0.799475 0.276241 -0.371657 -1.651999
240624063 10.283693 3.525474 -0.171859 0.924384 -0.330223 -1.587507
260681094 10.719671 3.194898 0.038943 1.310547 -0.289656 -1.567163
280738125 11.050247 3.070333 -0.167068 1.442834 -0.270986 -1.585914
300795521 10.475332 3.554220 -0.890503 0.398109 -0.326012 -1.655602
320852917 8.386475 4.761541 -1.618728 -0.776072 -0.508564 -1.761468
340910313 7.159990 5.484976 -1.805576 -0.575637 -0.638880 -1.817822
360967708 6.829414 5.422693 -1.455836 -0.417217 -0.660291 -1.780824
381025104 7.040216 5.719733 -1.058186 -0.191448 -0.676818 -1.719985
401013906 6.997097 5.561631 -0.238933 0.218559 -0.671308 -1.604931
421002708 6.676103 5.187936 0.719259 0.680799 -0.657821 -1.463474
440991510 5.909550 4.943598 1.500185 0.935063 -0.681307 -1.322190
460980313 4.620782 3.971033 1.236682 0.935251 -0.692867 -1.309290
480969115 3.791947 2.543328 0.441383 0.879636 -0.587693 -1.454918
500948333 4.496218 -0.053371 -0.464108 -3.124223 0.011807 -1.673654
520927552 7.322882 -5.122203 -0.459317 3.107085 0.609454 -1.633438
540906771 13.225342 -11.566040 2.017608 2.895231 0.712871 -1.419407
560885990 17.494085 -18.656656 4.508906 2.808666 0.801486 -1.318547
580865208 15.323780 -26.202414 7.278079 2.651774 0.996227 -1.127386
600844427 9.090746 -31.879698 8.863886 2.422769 1.191779 -0.798033
620823646 0.673034 -37.044350 6.985831 1.694170 1.383562 -0.096046
640802865 -7.893198 -41.734695 4.207076 0.433304 1.359674 1.081098
660782083 -15.026932 -45.500389 3.751935 0.149893 1.242701 1.326118
680761302 -22.232531 -51.129765 5.371278 0.167704 1.150160 1.333743
700740521 -29.208164 -57.238235 6.018057 -2.602826 1.090482 1.367600
720719740 -40.126759 -58.320992 2.568568 -2.719071 0.967192 1.506872
740698958 -49.435589 -53.271320 -3.262027 -2.813643 0.821644 1.636686
760678177 -47.236538 -49.860161 -7.554724 -2.869515 0.806105 1.729387
780657396 -38.358894 -57.899387 -0.262887 -2.760013 0.985666 1.577650
800636615 -40.002193 -65.368492 11.771996 -1.317761 1.002976 1.284592
820615833 -46.172947 -61.377621 15.695790 -1.042912 0.899385 1.243116
840595052 -48.348042 -49.912861 12.725397 -0.805226 0.784579 1.313429
860574271 -45.641151 -34.620125 9.582529 -0.585030 0.638583 1.363848
880553490 -41.166397 -24.448925 7.781130 -0.478711 0.528252 1.383984
900532708 -34.760887 -17.185833 6.367797 -0.428369 0.452635 1.389617
920511927 -29.356686 -9.611330 6.698373 -0.389279 0.308972 1.346465
940491146 -26.089252 -5.146158 7.757175 -0.383674 0.186866 1.281789
960470365 -23.377571 -3.167493 7.249333 -0.374338 0.128698 1.270101
980449583 -21.154566 -1.567313 5.725809 -0.344289 0.071394 1.306464
1000428802 -19.654997 -1.054681 4.269358 -0.315451 0.052389 1.356904
1020408021 -17.896715 -1.299020 3.991482 -0.321749 0.070726 1.351359
1040387240 -16.090525 -2.491968 5.299414 -0.386779 0.146052 1.252635
1060366458 -13.153667 -3.536397 6.271978 -0.467127 0.238074 1.125861
1080345677 -9.982056 -5.558180 5.912656 -0.584108 0.446773 1.036037
1100324896 -6.796068 -8.437546 4.705335 -0.572579 0.795668 0.965215
1120304115 -3.475935 -10.176662 1.672659 -1.214572 1.208481 1.122292
1140283333 -1.530806 -11.556458 -1.187542 2.819922 1.404692 2.230583
1160262552 -0.850491 -11.690605 -3.238072 1.528491 1.291886 2.884741
1180241771 -1.799100 -11.173182 -3.621348 1.446792 1.223555 2.680505
1200220990 -3.945449 -10.909679 -2.552965 1.121973 1.164062 2.145106
1220200208 -5.540838 -11.681024 -0.665328 -1.038044 1.125104 1.690301
1240179427 -3.940658 -13.846536 -1.254616 -2.566544 1.280559 1.879027
1260158646 -1.732027 -14.282513 -2.069078 2.425479 1.384071 2.444635
1280137865 -0.232457 -14.344795 -1.829530 1.860442 1.442933 3.015212
1300117083 0.605960 -13.578242 -1.757666 1.139357 1.434719 -2.809600
1320096302 -0.127056 -13.060819 -2.754185 1.440810 1.362753 3.095493
1340075521 -1.832637 -12.174492 -3.175789 1.831014 1.278264 2.618208
1360054740 -2.857902 -10.876143 -3.463247 1.893368 1.179265 2.451669
1380033958 -3.801720 -10.090425 -4.062116 1.809524 1.066897 2.389296
