0 7.241436 5.087327 -4.383111 -0.410280 -0.541162 -2.115091
20125781 6.834205 5.307710 -3.923179 -0.304955 -0.592753 -2.091917
40251562 6.882114 5.403530 -3.975879 -0.308560 -0.597080 -2.094666
60393437 6.934815 5.216682 -4.550794 -0.479386 -0.561414 -2.151535
80535312 7.361210 4.847778 -4.986771 -0.600495 -0.499171 -2.166220
100677187 7.222272 4.349519 -4.780760 -0.630963 -0.465392 -2.155524
120822708 7.399538 3.626084 -4.320828 -0.590662 -0.400326 -2.099318
140997448 8.534994 2.572074 -4.153144 -0.766628 -0.264623 -2.023668
161172187 9.732733 1.465363 -3.496783 2.481933 -0.140756 -1.915715
180777396 10.638224 0.253250 -2.069078 2.318384 -0.023364 -1.762893
200392760 11.438314 -0.637868 -1.211497 2.339062 0.055399 -1.676319
220008125 11.227512 -1.605641 -1.752875 2.545796 0.140369 -1.725669
239623489 11.308958 -3.047719 -2.548174 2.773383 0.257087 -1.792419
259261302 10.753208 -4.288577 -3.027270 2.916163 0.366547 -1.845216
278899114 8.798496 -5.323423 -2.926660 3.020405 0.521165 -1.891915
298536927 7.840306 -7.896167 -2.667948 3.050549 0.761565 -1.898791
318184896 9.938745 -11.527713 -2.064287 2.920310 0.848825 -1.775586
337846667 10.954428 -15.600026 0.177881 2.705808 0.958530 -1.554559
357508437 5.741867 -18.671030 2.717088 2.322548 1.242859 -1.128812
377170208 -1.176276 -20.505966 5.299414 1.013395 1.312009 0.218422
396842708 -5.924114 -21.588722 7.991932 0.631361 1.138994 0.637885
416525625 -8.171074 -23.701534 7.019367 0.248219 1.144215 0.861071
436208542 -7.897988 -27.500763 3.406986 -0.168151 1.267663 1.163539
455911562 -9.747297 -34.668037 4.877810 -0.096535 1.266181 1.106807
475614583 -15.146706 -42.415012 13.003273 0.252196 1.130902 0.861395
495317604 -22.318769 -52.049629 19.624374 0.302510 1.051987 0.849549
515042344 -33.615849 -59.844517 17.377417 -0.114671 1.006940 1.093688
534792500 -51.591518 -58.991726 19.413572 -2.700460 0.819285 1.210892
554542656 -56.626816 -57.976040 25.833454 -2.668837 0.749934 1.142794
574292812 -54.882908 -60.237373 26.619171 -2.652858 0.779127 1.119206
594061302 -59.266632 -59.739113 29.934515 -2.648865 0.732661 1.103091
613839896 -62.361591 -51.968182 33.364838 -2.644081 0.633690 1.079525
633618489 -61.949566 -35.975967 26.992867 -2.687216 0.489220 1.159878
653397083 -56.147720 -20.060408 14.224967 -2.763149 0.333408 1.322668
673199427 -49.852402 -10.272482 3.713607 -2.849315 0.202667 1.496442
693001771 -38.727798 -5.433615 -2.897914 -2.939324 0.139009 1.645485
712804114 -27.325319 -2.971064 -6.012036 -3.038370 0.105793 1.787363
732632917 -20.023901 0.579036 -7.027719 -3.128108 -0.027279 1.908332
752467187 -16.449846 3.712322 -6.572578 0.426641 -0.206577 1.950917
772301458 -13.833984 5.034626 -5.063426 0.407052 -0.329314 1.921665
792135729 -10.293467 2.806831 -2.318208 0.355003 -0.259997 1.792312
811970000 -11.558279 1.086877 2.199665 0.153427 -0.092115 1.382735
831833385 -15.352718 1.043758 5.965357 0.040708 -0.063285 1.200196
851696771 -18.026072 0.526335 7.886531 0.014090 -0.026744 1.158380
871574635 -18.193754 -1.064263 8.902213 -0.014811 0.052495 1.115745
891452500 -16.617529 -3.210612 7.191842 0.019596 0.175489 1.162349
911373385 -14.955069 -6.985886 5.304205 0.096124 0.414720 1.229962
931294271 -12.794346 -11.508549 4.346014 0.213429 0.705484 1.243343
951241146 -9.876654 -14.349586 3.397404 0.953229 0.941609 1.239492
971207656 -8.247728 -15.523371 1.960117 0.402626 1.070946 1.337469
991174167 -8.415411 -17.511618 0.292864 0.618395 1.122584 1.536010
1011140677 -7.519503 -21.703705 2.764997 0.692142 1.217171 1.218432
1031155208 -5.171934 -25.732901 5.558125 -1.308435 1.283897 0.749422
1051195521 -0.055192 -25.603544 -0.267678 1.128232 1.560121 2.938256
1071235833 5.257980 -21.861807 -7.554724 0.152971 1.172298 -2.533566
1091276146 5.358590 -17.784702 -11.861794 0.181923 0.939002 -2.717283
1111347500 2.028875 -13.295576 -10.769456 0.245409 0.881442 -2.955384
1131428125 -1.027756 -10.200618 -6.625278 1.002690 0.989330 2.987693
1151508750 -5.972023 -8.983715 -0.052085 2.282089 0.984097 1.579518
1171589375 -9.536495 -9.160980 4.029810 2.981260 0.724390 1.170988
1191670000 -8.961580 -7.771603 3.799844 2.841010 0.673768 1.169760
1211778854 -5.277335 -6.813411 0.680931 2.395435 0.907766 1.442476
1231887708 -2.762082 -7.177524 -1.920559 1.757867 1.132493 2.178381
1251996562 -3.428025 -7.235015 -1.781621 1.831850 1.080335 2.050097
1272136875 -5.358781 -6.885275 0.642603 2.374026 0.905967 1.451450
1292287344 -7.045198 -6.621773 2.999754 2.985540 0.713008 1.168259
1312437812 -8.190237 -6.818202 4.930510 -1.476981 0.619540 1.028909
1332588281 -8.468113 -6.300778 5.558125 -1.051900 0.556467 0.989964
1352738750 -8.448948 -5.768982 4.892182 -0.737727 0.533699 1.045940
1372900729 -7.955480 -5.893547 3.315958 -2.994336 0.599767 1.175879
1393062708 -7.519503 -6.075603 2.204456 2.730412 0.659527 1.285622
1413241510 -7.399729 -6.276824 2.123009 2.751952 0.684035 1.291397
1433420312 -7.490757 -6.228914 2.444003 2.875489 0.668942 1.255417
1453610000 -7.668023 -6.142677 2.693133 2.954396 0.647213 1.233039
1473799687 -8.003389 -6.089976 2.616478 2.808764 0.626164 1.254828
1493989375 -8.262100 -6.243287 2.324229 2.609220 0.628892 1.296571
1514179062 -8.223774 -6.497208 2.257156 2.639985 0.651058 1.302926
1534389739 -7.668023 -6.688846 2.309857 2.819417 0.695858 1.278209
