0 0.208311 9.001538 0.810287 1.329951 -1.478119 -0.251634
19979218 0.926955 9.035075 1.926580 1.239964 -1.338439 -0.448446
39958437 2.589417 8.493697 2.515868 1.016452 -1.168872 -0.799804
59937656 3.710501 8.005019 2.305066 0.855622 -1.071274 -1.014914
79916875 4.893867 7.516342 1.591213 0.591358 -0.970447 -1.256434
99897551 6.096397 7.209720 0.982761 0.359288 -0.862543 -1.410968
119876770 7.366001 6.931845 1.126490 0.611495 -0.749276 -1.419041
139855989 7.806769 7.113901 1.538512 0.907935 -0.729519 -1.376216
159835208 6.426973 7.760680 1.399575 0.519764 -0.867724 -1.356378
179814426 5.257980 8.263731 0.565948 0.112775 -1.001521 -1.463573
199793645 5.166952 8.436205 -0.157486 -0.187552 -1.021049 -1.601267
219772864 5.162160 8.560770 -0.387452 -0.276608 -1.026930 -1.645712
239752083 4.673483 8.603889 -0.018549 -0.116478 -1.073199 -1.574765
259731301 4.256670 8.647008 0.882151 0.260268 -1.104966 -1.366449
279710520 4.534545 8.479324 1.011507 0.307395 -1.069551 -1.351323
299689739 5.214861 7.985856 0.575530 0.212102 -0.989532 -1.460878
319668958 5.416081 8.072092 0.187463 0.063176 -0.979548 -1.536198
339648176 4.965731 8.302058 0.489293 0.174363 -1.029620 -1.472579
359627395 4.395607 8.043346 1.011507 0.382375 -1.059720 -1.344616
379606614 4.879494 7.473223 1.116908 0.439640 -0.980616 -1.345775
399585833 6.105979 6.903099 0.589903 0.270057 -0.844290 -1.474485
419565051 7.471402 6.232365 0.335982 0.244609 -0.694731 -1.525857
439544270 8.003199 5.523304 0.752795 1.028647 -0.602018 -1.477010
459523489 8.764961 4.972343 0.594694 2.204816 -0.515042 -1.503051
479502708 9.751898 4.474084 0.307236 2.954601 -0.429953 -1.539301
499481926 9.579424 3.980615 1.222309 1.106122 -0.390976 -1.443885
519461145 9.382994 3.645248 1.457066 1.275904 -0.366545 -1.416739
539440364 10.144756 2.888277 1.217518 1.743129 -0.275490 -1.451353
559419583 10.216619 2.184006 0.316818 2.422453 -0.210502 -1.539796
579398801 10.183084 1.158741 -0.900085 -2.956329 -0.112867 -1.658957
599378020 10.192665 0.167013 -1.690593 -1.968861 -0.016163 -1.735164
619357239 10.173502 -0.930116 -1.954095 -2.374622 0.089544 -1.760562
639336458 10.748417 -2.127855 -1.633101 -2.729836 0.193280 -1.721582
659315676 11.423941 -3.110001 -0.765938 -3.052358 0.265226 -1.637743
679294895 12.612099 -4.082565 1.126490 2.812982 0.311895 -1.481714
699274114 11.208349 -4.446678 0.795914 2.895185 0.376822 -1.499905
719253333 10.389095 -5.112621 0.810287 2.915200 0.456119 -1.492960
739232551 11.385614 -6.573863 0.067689 3.064086 0.523616 -1.564851
759211770 13.057657 -8.552528 -0.670119 -3.118875 0.579267 -1.622071
779190989 13.153477 -10.775533 -1.465418 -3.034645 0.683327 -1.681748
799170208 15.903486 -14.804728 -2.677530 3.108084 0.742667 -1.737593
819149426 19.788954 -20.405355 -4.603495 -3.114836 0.787559 -1.799361
839128645 17.628231 -23.677580 -5.235901 -3.059804 0.910451 -1.859515
859107864 6.604239 -25.536470 -3.535111 -2.875065 1.285461 -2.062267
879087083 -7.270373 -24.980721 0.647394 -0.134858 1.286519 1.481985
899066301 -18.759089 -25.378370 2.975800 -0.083077 0.928308 1.413475
919045520 -21.283922 -28.114006 2.161337 -0.191986 0.920323 1.469595
939024739 -20.464668 -31.467676 0.690513 -0.281935 0.993923 1.537067
959003958 -23.516508 -33.312195 3.296794 -0.112581 0.951501 1.431513
978983176 -25.969479 -35.415424 5.974939 0.048464 0.925736 1.344656
998962395 -28.436821 -36.718567 4.005855 -0.120830 0.907066 1.430849
1018941614 -30.204683 -38.002541 4.542443 -2.811014 0.893776 1.421526
1038920833 -34.391983 -39.013435 6.976249 -2.790666 0.838260 1.370667
1058900051 -40.280067 -41.897591 9.371727 -2.781218 0.791904 1.342199
1078879270 -42.924679 -44.987759 9.366937 -2.787674 0.797239 1.355946
1098858489 -45.425556 -45.917202 8.193151 -2.807823 0.782777 1.392350
1118837708 -50.738728 -44.455959 4.892182 -2.854955 0.717202 1.474674
1138816926 -52.909031 -40.120144 2.985382 -2.878300 0.648018 1.514431
1158796145 -50.278797 -34.624916 4.010646 -2.867818 0.601593 1.491197
1178775364 -45.847160 -27.227678 6.583390 -2.837934 0.531438 1.428177
1198754583 -40.893311 -19.284273 6.707955 -2.828031 0.435550 1.408209
1218733801 -36.289200 -11.781633 4.623889 -0.046989 0.311567 1.444062
1238713020 -31.838400 -6.080395 0.762377 0.100909 0.188652 1.546856
1258692239 -25.811377 -2.803380 -4.522048 0.311413 0.106576 1.744232
1278671458 -19.602297 -1.404421 -7.947582 0.485183 0.066299 1.955985
1298650676 -15.323973 -0.891788 -5.738951 0.459029 0.054445 1.929136
1318629895 -14.011250 -1.303811 -0.991113 0.196320 0.092557 1.641416
1338609114 -13.632765 -1.251110 2.654805 -0.109263 0.089838 1.378466
1358588333 -13.536945 -0.762432 4.834691 -0.264962 0.052991 1.227768
1378567551 -13.283024 -0.800760 6.430080 -0.369049 0.054208 1.119964
1398546770 -13.005148 -1.155291 8.389581 -0.481004 0.074510 0.997876
1418525989 -13.613600 -1.711042 10.195772 -0.152322 0.100263 0.927974
1438505208 -13.144087 -3.081256 9.160925 -0.146563 0.190000 0.962112
1458484426 -11.788246 -5.309051 6.386961 -0.116993 0.377038 1.074265
1478463645 -10.451569 -7.517682 3.962737 -0.067234 0.592076 1.208390
1498442864 -9.177174 -9.755058 2.295484 0.010766 0.800758 1.325696
1518422083 -7.318283 -11.695396 0.992343 0.226389 1.007560 1.436020
1538401301 -5.651030 -12.538605 0.153926 0.944950 1.147230 1.543565
1558380520 -4.884476 -12.648797 0.757586 1.520564 1.198264 1.416921
1578359739 -5.167143 -11.877453 2.990173 -0.743626 1.105047 1.046193
