0 4.874703 7.109110 -1.748084 0.163763 -0.941228 -1.915115
20004895 6.288035 5.437066 -3.329100 -0.912018 -0.652513 -2.057713
40009791 7.528893 3.386536 -4.210636 -2.797717 -0.374094 -2.080724
60014687 9.876463 1.005431 -5.341302 -3.000070 -0.089306 -2.066557
80019583 12.281523 -1.706251 -7.161866 -2.996659 0.119442 -2.098728
100024583 12.880392 -5.438406 -8.910564 -2.822389 0.334207 -2.175993
120029583 13.479261 -9.735895 -7.674498 -2.943636 0.560524 -2.088379
140034583 15.793295 -14.723281 -3.707586 3.070756 0.736985 -1.801378
160039583 17.704887 -17.938013 0.886942 2.828553 0.791312 -1.520742
180044583 13.608618 -20.084362 4.513697 2.612010 0.950822 -1.250535
200049739 6.177844 -21.636633 5.548543 2.242675 1.204349 -0.839012
220054895 -1.597880 -22.470259 3.311167 0.894167 1.408615 0.449609
240060052 -6.843978 -24.745964 0.177881 -0.350766 1.300885 1.544811
260065208 -10.786936 -26.853985 -2.025959 -0.680524 1.182803 1.756450
280070364 -16.775631 -28.310436 -1.666638 -0.690377 1.033709 1.669820
300075677 -22.577480 -28.573938 1.327710 -2.807502 0.901255 1.512057
320080989 -28.992573 -29.345282 3.862127 -2.816962 0.787047 1.438365
340086302 -32.667236 -33.522995 4.777200 -2.812568 0.793037 1.425587
360091614 -32.882832 -31.592241 4.920928 -2.819161 0.759853 1.422248
380096927 -37.831890 -32.013844 -0.353916 -2.866639 0.702270 1.580151
400102395 -43.504383 -30.940670 -8.278158 -2.921868 0.609834 1.758832
420107864 -49.339767 -29.752514 -13.303872 -2.946970 0.527243 1.834171
440113333 -51.150749 -28.688921 -13.591330 -2.947662 0.496727 1.830507
460118802 -52.070614 -25.627499 -9.868756 -2.932195 0.450409 1.758101
480124270 -47.615025 -20.141853 -5.461076 -2.917836 0.397849 1.684990
500129895 -39.623707 -14.253767 -3.190162 -1.519551 0.344287 1.651134
520135520 -33.860188 -9.922742 -0.799475 -1.222552 0.284994 1.594403
540141145 -30.233429 -3.646589 1.528931 -0.837462 0.119883 1.520269
560146770 -29.969927 1.843848 -2.461937 -0.325056 -0.061240 1.652759
580152395 -24.819649 2.413972 0.489293 -0.489168 -0.096937 1.551085
600158229 -23.468599 6.069473 1.289383 -0.436758 -0.252711 1.515911
620164062 -23.866247 3.765022 -1.800785 -0.283217 -0.156029 1.646107
640169895 -21.624081 3.238017 -7.008555 0.175250 -0.141494 1.884222
660175729 -23.023039 7.890036 -7.396623 0.130614 -0.315386 1.881651
680181562 -27.497793 6.136546 -5.365257 -0.056547 -0.215629 1.763491
700187552 -24.661547 2.375644 -3.180580 -0.208576 -0.095250 1.699058
720193541 -18.883652 -2.209301 -1.360017 -0.020586 0.116168 1.642693
740199531 -15.213779 -6.525954 0.752795 -0.227219 0.404769 1.521356
760205520 -14.126232 -10.119171 2.990173 -0.714182 0.611270 1.362200
780211510 -13.848356 -12.346967 5.285041 -1.037669 0.694532 1.206220
800217656 -12.094868 -14.728072 6.089922 -1.364654 0.827346 1.104342
820223802 -9.335276 -16.467190 4.681380 -1.821566 1.005617 1.105972
840229947 -6.048679 -17.061268 3.383031 -2.130954 1.184948 1.060840
860236093 -3.686737 -16.127031 2.717088 -2.136722 1.294098 0.935674
880242239 -3.150150 -15.705427 1.361247 -2.488112 1.355675 1.162909
900248593 -2.781246 -14.981993 0.005406 -3.022347 1.387246 1.568853
920254947 -2.321314 -13.836954 -0.876130 2.717793 1.393369 1.931694
940261302 -1.909292 -12.495486 -1.695384 2.344622 1.369228 2.296922
960267656 -1.434987 -11.062990 -2.687112 1.981781 1.302099 2.651096
980274010 -1.272095 -10.061680 -2.730230 1.925234 1.279929 2.705571
1000280520 -1.736818 -9.323873 -2.322999 2.125446 1.269203 2.499590
1020287031 -2.862693 -8.384845 -1.475000 2.571778 1.204100 2.046569
1040293541 -4.319143 -7.862631 -0.181441 3.029829 1.068099 1.612780
1060300052 -6.178035 -7.474563 0.618649 -3.078591 0.877629 1.470992
1080306562 -7.610531 -6.808620 1.092953 -2.999343 0.724772 1.428161
1100313177 -8.520813 -6.075603 0.728841 -3.082199 0.617696 1.485468
1120319791 -9.110100 -5.443197 0.134762 3.059656 0.538524 1.556005
1140326406 -9.421513 -5.179695 -0.272469 2.955295 0.502493 1.599708
1160333020 -9.196339 -4.940147 -1.383971 2.690007 0.488299 1.720167
1180339635 -8.750778 -4.643107 -2.830840 2.380435 0.467508 1.883667
1200346302 -8.607050 -4.532916 -3.463247 2.583557 0.454472 1.953347
1220352968 -9.047817 -4.686226 -3.204535 2.653363 0.454181 1.911188
1240359635 -9.613152 -4.566452 -2.447564 2.805526 0.431415 1.820105
1260366302 -10.178484 -4.422723 -1.752875 2.957623 0.404589 1.741337
1280372968 -10.729445 -4.461051 -0.981531 3.137049 0.392557 1.662023
1300379687 -11.127094 -4.413142 -0.727610 -3.083470 0.376852 1.636094
1320386406 -11.213331 -4.164012 -0.339543 -1.863092 0.355413 1.601067
1340393125 -11.208540 -3.967583 -0.114368 -1.743142 0.340198 1.581000
1360399843 -11.002529 -4.039447 -0.085622 -1.803395 0.351850 1.578578
1380406562 -10.758190 -4.101729 -0.243724 -1.897424 0.364167 1.593447
1400413281 -10.365332 -4.144848 -0.411407 -2.028246 0.380128 1.610466
1420420000 -9.862280 -4.499379 -0.559927 -2.317602 0.427408 1.627510
1440426718 -9.440676 -4.834746 -0.564718 -2.486900 0.472571 1.630543
1460433437 -9.028654 -4.983265 -0.387452 -2.509333 0.503941 1.613684
1480440156 -8.635796 -5.160531 -0.152695 -2.507484 0.538565 1.588476
