0 6.211380 7.530715 -1.978050 -0.279684 -0.857304 -1.879098
19979271 5.799358 7.597788 -1.407926 -0.069324 -0.904980 -1.808961
39958541 5.564601 7.760680 -1.091723 0.038857 -0.939766 -1.764526
59937812 5.200488 7.703189 -0.952785 0.062946 -0.969294 -1.751997
79917083 5.885595 7.616952 -0.722819 0.218203 -0.909302 -1.692996
99902500 6.273663 7.358240 -1.168378 0.077425 -0.856365 -1.754922
119887916 6.498837 7.200139 -1.613937 -0.108039 -0.821643 -1.814214
139873333 6.647357 7.137856 -1.944513 -0.261269 -0.800466 -1.855381
159858750 6.767131 7.128274 -1.982841 -0.273271 -0.790802 -1.855829
179833229 6.877323 7.022873 -1.925350 -0.184188 -0.777006 -1.843764
199807708 6.767131 7.018082 -1.728920 -0.089915 -0.787796 -1.820933
219782187 6.671312 6.792907 -2.155315 -0.344888 -0.769612 -1.883284
239756666 7.049798 6.285066 -2.739812 -0.776974 -0.693345 -1.941469
259731146 7.404328 5.585586 -2.945823 -1.254920 -0.611350 -1.949449
279752656 7.682204 4.617813 -2.936241 -2.019120 -0.511622 -1.935876
299723489 7.974452 3.137407 -2.739812 -2.740349 -0.356211 -1.901735
319694323 8.381683 1.149159 -2.984151 -2.914863 -0.128450 -1.912835
339665156 9.584213 -1.188828 -3.779450 -2.943808 0.114884 -1.946415
359635989 11.720982 -3.967583 -2.437982 3.118219 0.320018 -1.775874
379606823 11.438314 -7.086495 -1.230661 3.029703 0.552090 -1.677975
399577968 11.764099 -10.574312 -0.440153 2.990760 0.731839 -1.608194
419549114 10.964010 -11.858289 0.163508 2.951472 0.824507 -1.555884
439520260 5.416081 -11.455849 1.313337 2.768666 1.118023 -1.332900
459491406 0.208311 -10.708459 2.616478 1.614154 1.330425 -0.079447
479462552 -2.857902 -11.350448 2.487122 0.672470 1.248641 0.854656
499434323 -1.636207 -14.541224 0.168299 -0.136251 1.458159 1.468298
519406093 -0.558242 -20.323910 -0.545554 -1.025765 1.532407 2.344700
539377864 -3.049540 -26.513826 1.481021 0.252639 1.443623 1.118691
559349635 -7.830915 -32.890591 6.046803 0.574387 1.278598 0.913256
579321406 -9.364021 -41.873634 5.788092 0.421129 1.313716 1.017160
599299948 -12.166731 -51.867573 1.667868 -2.915115 1.338310 1.434561
619278489 -26.419828 -60.184673 6.573808 -2.974898 1.145978 1.326928
639257031 -44.108044 -61.986073 18.100851 -3.003734 0.915140 1.181378
659235573 -49.215202 -58.229961 22.700169 -3.012212 0.821244 1.138632
679262760 -44.721287 -55.422462 16.970184 -3.014576 0.858770 1.208117
699248906 -53.392918 -45.955532 10.310755 -3.047540 0.701637 1.380034
719235052 -57.546677 -35.204624 3.612997 -3.068575 0.548145 1.508095
739221198 -49.814072 -27.582211 6.501944 -3.063459 0.502111 1.441006
759207343 -48.209103 -20.477221 14.416605 -3.052876 0.386485 1.280218
779193489 -37.568386 -12.155328 18.675766 -3.043374 0.282006 1.109460
799172812 -30.607124 -8.231534 16.476715 -0.809638 0.232525 1.076957
819152135 -28.235601 -1.552940 7.637401 -0.205092 0.053042 1.306629
839131458 -23.751265 1.695328 2.669178 0.082037 -0.070813 1.458885
859110781 -17.139744 2.049859 1.548094 0.109348 -0.118553 1.480719
879090104 -12.741646 1.340798 3.493223 -0.162767 -0.101138 1.303213
899069427 -11.548698 0.186177 6.386961 -0.082980 -0.014106 1.065618
919048750 -12.439816 -1.313393 8.935750 -0.157991 0.085541 0.947882
939028073 -13.833984 -2.597369 10.152654 -0.171627 0.150224 0.937684
959007396 -14.327454 -5.376124 10.119117 -0.183288 0.297406 0.955872
978986718 -11.342686 -9.922742 9.616066 -0.355793 0.588432 0.867594
998966041 -5.387527 -12.581723 8.164406 -0.957494 0.909952 0.583289
1018945364 -0.620525 -13.515960 4.441833 -1.474155 1.250402 0.138802
1038924687 0.605960 -12.514650 0.249745 -0.695074 1.518474 -1.179862
1058904010 -1.334377 -11.000708 -3.295563 1.103361 1.258191 2.756868
1078883333 -3.624455 -10.243736 -4.258545 1.061843 1.071101 2.436459
1098869896 -4.788657 -11.714561 -2.902705 1.342701 1.124892 2.115735
1118856458 -4.453290 -11.958899 -0.713237 1.965978 1.210161 1.729607
1138843021 -3.911912 -11.580413 0.546784 2.604396 1.242083 1.431922
1158829583 -3.298670 -11.058199 0.896524 2.930218 1.270992 1.305423
1178803229 -3.519054 -10.090425 0.776750 2.898896 1.227769 1.353553
1198776875 -4.889267 -9.045997 0.618649 2.686745 1.071955 1.444933
1218750521 -6.465492 -8.336935 0.685722 2.479989 0.908449 1.465133
1238724166 -7.222464 -7.354789 1.011507 2.332018 0.789620 1.431651
1258697812 -8.195028 -6.243287 1.054626 1.852064 0.647080 1.442809
1278721927 -9.201128 -5.385706 0.925270 1.348319 0.527373 1.470573
1298692343 -10.178484 -4.959311 0.498875 1.821671 0.452911 1.521823
1318662760 -10.504269 -5.088666 0.465338 1.808952 0.450736 1.526525
1338633177 -10.135365 -5.419242 1.035462 2.028054 0.488855 1.468986
1358603593 -9.411930 -5.615672 1.782851 2.396857 0.530233 1.383590
1378574010 -8.894508 -5.634836 2.218828 2.670586 0.551145 1.326326
1398544739 -8.880135 -5.649209 2.391303 2.749814 0.550853 1.307749
1418515468 -8.918463 -5.596508 2.123009 2.619445 0.548076 1.337099
1438486198 -8.429785 -5.716282 1.912207 2.655716 0.584281 1.347732
1458456927 -7.586576 -6.161841 1.849925 2.821649 0.668049 1.331622
1478427656 -6.609221 -6.272033 1.840343 2.958534 0.740606 1.299225
1498399062 -6.134916 -5.869593 1.845134 3.046923 0.741699 1.278643
1518370468 -6.187617 -5.716282 2.290693 -3.129517 0.713917 1.216235
1538341875 -6.302600 -5.759400 3.172229 -2.923713 0.684573 1.104496
1558313281 -6.345718 -5.534225 3.354285 -2.876709 0.656825 1.084539
1578284687 -6.197199 -5.141367 2.856026 -2.976149 0.645714 1.138950
