0 6.240126 6.682715 -1.455836 0.122420 -0.806404 -1.799999
20008073 5.741867 6.582105 -1.484581 0.056336 -0.837412 -1.823809
40016146 6.101188 6.194037 -2.107406 -0.162836 -0.764778 -1.903375
60024219 6.767131 5.892207 -2.730230 -0.408273 -0.679278 -1.954277
80032292 7.361210 5.336456 -2.691903 -0.433663 -0.597756 -1.921378
100040677 8.381683 4.565112 -2.231971 1.491261 -0.484475 -1.831048
120049063 9.512350 3.841677 -1.719338 2.295800 -0.378282 -1.749614
140057448 10.068100 3.693158 -3.343473 -3.091495 -0.335003 -1.891424
160065833 9.052418 4.114762 -5.499403 -2.093355 -0.370536 -2.116717
180074219 7.083334 4.507620 -6.356985 -1.764394 -0.442312 -2.302204
200082865 6.316781 4.464502 -5.475449 -1.636923 -0.490522 -2.284969
220091510 6.498837 4.407011 -3.995043 -1.423873 -0.523859 -2.121978
240100156 6.441346 4.023734 -3.166207 -1.368288 -0.510951 -2.027657
260108802 6.441346 3.166152 -2.543383 -2.317067 -0.428814 -1.946858
280117448 6.637775 1.973204 -1.968468 3.035579 -0.277640 -1.859090
300126354 6.719222 0.636527 -1.225870 2.842401 -0.092926 -1.751254
320135260 6.546747 -0.441438 -0.032922 2.663420 0.067326 -1.575825
340144167 5.890386 -1.409212 0.853406 2.588466 0.232486 -1.426916
360153073 5.449618 -2.554250 0.752795 2.669661 0.434677 -1.433528
380161979 5.200488 -3.785526 0.264118 2.790848 0.628605 -1.520053
400171094 4.620782 -4.695808 -0.924039 2.965621 0.783648 -1.768167
420180208 3.878184 -5.883965 -1.800785 3.120665 0.942375 -2.005509
440189323 2.522343 -7.733275 -0.411407 2.909207 1.251618 -1.732478
460198438 0.835926 -10.492867 1.179191 1.870156 1.433904 -0.616673
480207552 -1.181067 -14.344795 3.042873 0.959823 1.347063 0.370242
500216823 -1.473315 -20.295164 7.570327 -1.841208 1.207641 0.192214
520226094 -2.115303 -24.985512 9.731050 -1.871848 1.191529 0.214047
540235365 -6.513402 -30.969418 8.288971 -2.218143 1.242702 0.666017
560244635 -14.864040 -37.715084 5.615617 -2.677650 1.172062 1.209574
580253906 -20.560488 -44.230785 3.359076 -2.839275 1.130610 1.408852
600263281 -26.237772 -50.904591 2.094264 -2.905986 1.093586 1.491147
620272656 -34.334492 -58.225170 3.972319 -2.881996 1.035082 1.455614
640282031 -42.325806 -64.798370 7.469718 -2.839582 0.985137 1.396114
660291406 -48.113285 -62.469959 10.550303 -2.812232 0.903118 1.354932
680300781 -49.382889 -56.668110 10.128698 -2.823264 0.843767 1.368497
700310156 -48.381577 -47.009541 10.090371 -2.820611 0.760380 1.365185
720319531 -46.925125 -31.855743 13.477577 -2.759738 0.578120 1.291110
740328906 -45.732178 -18.469810 19.082996 -2.653507 0.356771 1.175485
760338281 -41.310123 -12.351757 14.584289 -2.675020 0.274812 1.231412
780347656 -31.881519 -8.538156 1.591213 -2.896996 0.261358 1.520928
800355000 -22.567898 -4.111311 -5.930590 0.189317 0.174403 1.827775
820362344 -16.694185 -1.059472 -7.617006 0.242452 0.057674 1.998850
840369688 -13.747747 -0.168354 -4.780760 0.204209 0.011566 1.905464
860377031 -13.508200 -0.752851 0.125180 0.064053 0.055673 1.561530
880384375 -12.818302 -2.103900 3.804635 -0.065537 0.156068 1.282266
900391302 -11.021692 -3.886137 5.495843 -0.161964 0.305650 1.108238
920398229 -9.560450 -5.864801 5.821628 -0.239447 0.482623 1.023838
940405156 -7.715932 -8.892687 4.609516 -0.374967 0.780071 1.032289
960412083 -4.649720 -10.574312 3.383031 -0.989235 1.072734 0.941801
980419010 -2.867483 -11.120481 3.541133 -1.316573 1.181919 0.680667
1000425938 -2.690218 -11.546877 3.636952 -1.729230 1.197399 0.636870
1020432865 -2.584817 -11.566040 2.415258 -2.222262 1.273970 0.819296
1040439792 -1.823055 -11.494176 1.078580 -2.784136 1.388555 1.036551
1060446719 -2.115303 -11.029453 1.255846 -2.739840 1.351348 1.035025
1080453646 -2.738128 -11.264210 2.290693 -2.283710 1.263881 0.874139
1100460573 -1.938038 -12.744616 1.413947 -2.639509 1.384736 0.940495
1120467500 -0.270785 -12.998537 -0.938412 1.422504 1.495799 2.860667
1140474427 0.725734 -12.169701 -2.897914 0.745901 1.330077 -2.896206
1160481354 0.649079 -11.661860 -3.372219 0.747333 1.284417 -2.951440
1180488281 -0.649270 -11.034245 -2.284671 1.194043 1.358780 2.864707
1200495208 -2.287778 -10.483284 -1.896604 1.737520 1.294572 2.262981
1220502135 -3.389698 -10.104798 -1.489372 1.943897 1.219580 1.984785
1240509063 -4.151460 -9.903579 -1.024650 2.068794 1.163208 1.812777
1260515990 -4.956341 -9.381364 -0.214978 2.212258 1.084364 1.614143
1280522917 -5.756431 -8.902268 1.308546 2.515793 0.985252 1.347276
1300529844 -6.633176 -8.528574 2.357766 2.622056 0.880740 1.229274
1320536771 -5.842668 -8.269862 3.320749 -2.797140 0.888395 1.053965
1340543698 -4.740748 -8.605229 2.511077 -3.030190 1.013330 1.083688
1360550625 -4.280816 -8.456709 1.921789 3.084467 1.064219 1.148832
1380557552 -3.955031 -8.432755 1.648704 3.033509 1.100668 1.175838
1400564479 -3.883166 -8.490246 1.672659 -3.111950 1.108755 1.164069
1420571406 -3.983777 -8.289026 1.816388 -3.054262 1.084838 1.143008
1440578333 -4.280816 -8.212371 2.252365 -2.861321 1.038494 1.086446
1460585260 -4.644928 -8.265071 2.798534 -2.584879 0.990134 1.028546
1480592188 -5.095279 -8.039896 2.817698 -2.575243 0.944014 1.065651
