0 4.386025 8.153539 -1.781621 -0.543316 -1.044752 -1.956639
20006354 4.290206 7.813381 -1.652265 -0.302967 -1.038952 -1.938414
40012708 3.696128 7.650488 -1.633101 -0.364065 -1.084859 -1.986845
60019062 2.627744 7.377404 -1.772039 -0.589257 -1.165027 -2.164104
80025417 1.592898 6.294648 -0.880921 -0.369225 -1.289299 -2.075963
100031927 1.573734 4.268073 0.206626 0.553687 -1.214758 -1.440246
120038437 2.469643 2.251080 0.671349 1.695116 -0.721418 -1.305370
140044948 4.108150 0.579036 0.522830 2.681309 -0.138920 -1.444210
160051458 7.274972 -1.490658 -2.102615 -3.096726 0.194361 -1.852150
180057969 10.250156 -3.656171 -3.650094 -3.046909 0.324171 -1.912896
200064583 10.892145 -4.221503 -2.270298 3.115818 0.362639 -1.776289
220071198 11.170021 -5.021593 -0.933621 3.014292 0.421188 -1.654185
240077812 14.456617 -7.747648 -1.920559 3.057352 0.488339 -1.702873
260084427 14.801567 -10.468911 -2.116988 3.068440 0.610833 -1.712857
280091042 8.003199 -11.599577 -0.574300 3.016618 0.965642 -1.642432
300097708 0.869463 -12.835644 0.527620 2.164922 1.491726 -1.025366
320104375 -2.901020 -15.202377 1.370829 -1.144659 1.362790 1.129362
340111042 -5.061742 -19.370510 2.372139 -2.204270 1.289845 1.132549
360117708 -6.968543 -24.003365 5.007165 -2.965815 1.227466 0.947737
380124375 -10.619251 -28.051723 7.163096 -3.007635 1.142441 0.977364
400131042 -17.173281 -30.451994 5.117357 -2.834878 1.038912 1.281190
420137708 -22.639763 -33.781708 1.691823 -2.918939 0.979078 1.496207
440144375 -26.132370 -38.558292 -0.694074 -3.108811 0.975005 1.597350
460151042 -27.406765 -45.792637 -2.485891 3.060686 1.029676 1.661252
480157708 -29.074018 -57.453827 -1.609146 3.123664 1.101711 1.626086
500163437 -33.146332 -70.863724 3.430941 -2.924732 1.131233 1.467655
520169167 -39.872837 -80.551033 13.199702 -2.590012 1.090160 1.251107
540174896 -43.284000 -75.122879 20.299900 -2.347589 1.004045 1.132260
560180625 -42.560566 -59.681622 21.976734 -2.166084 0.894480 1.094144
580186354 -43.705605 -40.627987 19.274635 -1.931437 0.704810 1.155443
600191771 -47.203003 -21.737242 17.051630 -1.239621 0.408722 1.224143
620197187 -34.540501 -13.779463 4.877810 -0.904191 0.376203 1.430504
640202604 -21.159357 -12.835644 -4.057325 1.838309 0.537299 1.760248
660208021 -15.314390 -13.079983 -5.719788 2.074712 0.674810 1.928243
680213437 -14.284334 -8.432755 -3.099134 1.700677 0.523282 1.784445
700218854 -13.450708 -3.953210 -0.291633 -0.091782 0.285791 1.592475
720224271 -13.311769 -3.641798 1.806806 -0.107577 0.264729 1.435891
740229687 -13.445917 -4.202340 3.790262 -0.099860 0.292203 1.296036
760235104 -12.727274 -4.705390 6.022848 -0.088023 0.322512 1.128798
780240521 -11.333105 -3.608261 7.589491 -0.073990 0.258618 0.980714
800245937 -10.528223 -3.440578 8.202734 -0.067131 0.252296 0.908918
820251354 -10.106619 -5.285096 8.154824 -0.067495 0.386504 0.891875
840256771 -9.340067 -8.667511 8.231480 -0.069204 0.608174 0.848405
860262187 -9.593987 -10.550358 7.781130 -0.078590 0.706863 0.889358
880267604 -11.639727 -11.594787 9.295072 -0.077138 0.661430 0.896931
900273073 -8.942417 -15.346106 9.577739 -0.069699 0.864065 0.751107
920278542 2.014502 -21.698915 3.747144 -0.678353 1.377190 -0.493281
940284010 14.729702 -21.095255 -4.656195 0.066029 0.938718 -1.876966
960289479 16.770651 -16.495935 -8.350023 0.098706 0.721945 -2.032758
980294948 8.774542 -13.415350 -6.706725 0.164098 0.882041 -2.223411
1000300417 2.335496 -10.358719 -3.975879 0.359123 1.151991 -2.610477
1020305885 -1.971575 -8.423173 -1.848694 0.906977 1.260305 2.324040
1040311354 -4.702420 -9.204099 -1.259407 0.327488 1.084288 1.832476
1060316823 -4.846149 -10.636595 -0.876130 0.328440 1.137187 1.749653
1080322292 -2.824365 -10.315600 0.700095 -0.847812 1.295858 1.327817
1100327760 -2.766873 -10.583895 1.883461 -2.491472 1.264504 0.973129
1120333229 -4.041268 -12.758988 2.103845 -2.642247 1.227820 1.090812
1140338698 -2.862693 -13.487214 2.357766 -2.415610 1.302453 0.881819
1160344167 -0.740299 -12.730243 1.706196 -2.031775 1.425724 0.409375
1180349635 -0.055192 -13.171011 0.786332 -1.806570 1.511019 0.070074
1200355104 0.821553 -12.509859 0.656976 -0.836175 1.486905 -0.896253
1220360573 0.754480 -10.914471 0.206626 -0.473126 1.499247 -1.303485
1240366042 -0.256412 -10.574312 0.149135 -2.856732 1.542752 1.043999
1260371510 -1.578716 -10.425793 0.053316 2.854279 1.420429 1.537038
1280376979 -2.263823 -9.390946 0.268909 2.922419 1.332644 1.452565
1300382448 -2.086557 -9.127443 0.450965 2.926359 1.341045 1.357942
1320387917 -1.985947 -9.822132 -0.382661 2.410696 1.367724 1.761148
1340393385 -2.024275 -9.640076 -0.454526 2.362147 1.358816 1.791671
1360398854 -2.024275 -8.729794 -0.152695 2.529457 1.342317 1.646086
1380404323 -2.215913 -8.590857 0.168299 2.714089 1.317663 1.494992
1400409792 -2.129676 -8.820822 0.450965 2.914818 1.328840 1.362126
1420415260 -2.388388 -8.633975 0.910897 -3.139123 1.282956 1.206439
1440420729 -3.816093 -8.384845 1.121699 2.939497 1.127861 1.284909
1460426198 -5.176725 -8.207580 1.677450 2.832300 0.985328 1.257436
1480431667 -5.876204 -8.940596 1.773269 2.644073 0.969172 1.277715
