0 5.598138 7.866082 -3.228490 -0.125238 -0.883053 -2.093913
20006250 5.401709 7.866082 -2.936241 -0.023101 -0.907373 -2.068694
40012500 5.277143 7.885245 -2.648784 0.084388 -0.928053 -2.035991
60018750 4.702229 8.019392 -1.882231 0.267398 -1.007474 -1.951548
80025000 4.366862 8.019392 -1.312107 0.417104 -1.053794 -1.862683
100031303 4.726183 7.650488 -1.503745 0.447842 -0.995633 -1.878841
120037605 4.893867 7.880455 -1.839112 0.338764 -0.985047 -1.930268
140043907 4.534545 7.937946 -1.800785 0.264495 -1.019677 -1.948822
160050209 4.807630 8.043346 -1.681011 0.371254 -1.006322 -1.907164
180056511 5.248398 7.957109 -2.260716 0.249665 -0.947977 -1.977522
200062865 5.459200 7.851708 -3.156626 -0.122914 -0.894136 -2.095048
220069219 5.665211 7.712771 -3.669258 -0.376908 -0.851893 -2.145541
240075573 5.722703 7.775054 -3.434501 -0.215776 -0.861438 -2.111329
260081928 5.420872 7.693607 -2.500264 0.203641 -0.910907 -2.002949
280088282 5.372962 7.636116 -1.973259 0.432343 -0.927566 -1.922762
300094740 5.622092 7.569042 -1.805576 0.441905 -0.908283 -1.881549
320101198 5.593347 7.631325 -1.431881 0.566759 -0.923096 -1.821411
340107657 4.927404 7.842127 -0.986322 0.568288 -1.000923 -1.768356
360114115 4.352489 7.981064 -0.454526 0.649029 -1.069246 -1.674848
380120573 4.127314 7.985856 -0.627000 0.553348 -1.089109 -1.721558
400127136 4.884285 7.765471 -1.566028 0.354775 -0.987066 -1.881067
420133698 5.487946 7.228884 -2.208016 0.069161 -0.884989 -1.953318
440140261 6.589866 6.385676 -3.012897 -0.085693 -0.722373 -1.999623
460146823 8.257118 5.331665 -3.966297 -1.794847 -0.527108 -2.018600
480153386 9.694407 4.196208 -5.662296 -2.621658 -0.357687 -2.099427
500160053 10.403467 2.619983 -6.318657 -2.791010 -0.212012 -2.116611
520166719 10.044146 1.101250 -5.307765 -2.988696 -0.096636 -2.056939
540173386 9.454859 -0.474975 -3.137462 3.002071 0.047643 -1.891199
560180053 10.072891 -1.888307 -2.045123 2.873572 0.181690 -1.771106
580186719 10.714880 -3.354340 -1.963677 2.881293 0.298712 -1.752051
600193490 9.478813 -4.408350 -0.598254 2.791758 0.434559 -1.633828
620200261 8.146927 -5.467152 1.255846 2.634266 0.585623 -1.417850
640207032 5.852058 -6.612191 1.001925 2.647805 0.839132 -1.401231
660213803 4.060241 -9.204099 0.187463 2.747684 1.154946 -1.524659
680220573 2.153440 -12.433204 -0.109577 2.810645 1.399079 -1.621637
700227396 -0.735508 -16.131823 -0.286842 -0.695685 1.521897 1.942646
720234219 -3.859212 -20.189764 0.513248 -0.201714 1.380304 1.438579
740241042 -5.967233 -22.728970 1.667868 -0.024861 1.304662 1.298247
760247865 -9.603569 -24.607025 0.565948 -0.417981 1.198112 1.511933
780254688 -14.801758 -26.916267 -1.312107 -0.899134 1.066361 1.659211
800261563 -17.829641 -32.344421 0.422219 -0.679663 1.066881 1.547120
820268438 -22.155876 -38.131897 5.524589 -2.748365 1.031242 1.326429
840275313 -32.873249 -44.374516 10.310755 -2.710543 0.910613 1.266862
860282188 -44.960835 -51.038734 7.440972 -2.815496 0.841919 1.406784
880289063 -52.410770 -54.339706 0.307236 -2.934799 0.803457 1.564934
900295990 -60.263149 -51.182465 -1.302525 -2.953641 0.703982 1.592407
920302917 -65.858986 -43.679825 1.337292 -2.915409 0.585526 1.550494
940309844 -60.239197 -30.974207 4.925719 -2.857561 0.473579 1.489208
960316771 -54.815834 -16.002466 9.314236 -2.757582 0.280233 1.402485
980323698 -48.601963 -7.920122 10.986279 -2.682104 0.157630 1.348487
1000330625 -34.181179 -6.415761 1.567258 -0.035207 0.185350 1.524977
1020337553 -20.579651 -4.734136 -4.723269 0.239719 0.220563 1.796401
1040344480 -16.881033 -3.138747 -5.164036 0.290061 0.175961 1.867664
1060351407 -15.865351 -1.356511 -2.869168 0.167762 0.083939 1.749708
1080358334 -14.648447 -1.447539 -0.559927 0.044637 0.098427 1.609002
1100365261 -13.244696 -1.308602 2.463167 -0.155468 0.096833 1.386923
1120372188 -12.564381 -1.083427 5.606035 -0.339980 0.078585 1.151120
1140379115 -12.286505 -0.647449 7.297243 -0.408135 0.045276 1.034857
1160386042 -12.286505 -0.134817 7.814666 -0.416697 0.009258 1.004300
1180392969 -12.109240 -0.920534 8.169197 -0.448036 0.062936 0.977304
1200399896 -12.358370 -1.385257 7.440972 -0.526739 0.095734 1.028834
1220406823 -13.369261 -2.530296 7.052904 -0.524655 0.165859 1.085355
1240413750 -14.212469 -4.638317 5.586871 -0.523162 0.294876 1.196255
1260420678 -12.789557 -8.212371 3.569878 -0.662389 0.553893 1.298600
1280427605 -8.726824 -12.466741 0.652185 -1.890937 0.958756 1.496202
1300434532 -2.129676 -15.154468 -3.185371 2.061598 1.323143 2.552266
1320441459 6.177844 -15.911439 -6.074318 0.648712 1.072180 -2.347745
1340448386 7.701368 -14.622671 -5.566477 0.529815 0.994531 -2.196655
1360455313 -1.046920 -13.127892 -0.679701 2.703970 1.476001 2.146636
1380462240 -8.607050 -11.436685 2.309857 -1.472400 0.908860 1.308606
1400469219 -9.809580 -9.323873 2.156546 -0.966253 0.748242 1.354398
1420476198 -7.351820 -8.231534 -1.115678 2.600600 0.836131 1.721403
1440483178 -5.732476 -8.959760 -3.721958 2.001403 0.919134 2.146662
1460490157 -4.515573 -10.056889 -4.699314 1.848970 0.995804 2.376132
1480497136 -3.313042 -10.569521 -5.231110 1.701621 1.040858 2.577022
1500504167 -2.877065 -10.559939 -5.135291 1.671526 1.062275 2.630911
1520511198 -3.610082 -10.061680 -4.320828 1.848432 1.060616 2.445573
1540518230 -4.731166 -9.596957 -3.036851 2.170117 1.040879 2.141444
1560525261 -5.646239 -9.218472 -2.160106 2.397996 0.990365 1.936191
1580532292 -6.024724 -8.710630 -1.671429 2.505559 0.948240 1.841419
