0 7.332464 6.122173 -0.559927 0.441368 -0.694256 -1.647011
19952969 7.902588 6.059891 -0.856966 0.404866 -0.651361 -1.678815
39905938 7.768441 6.064682 -0.991113 0.333357 -0.658938 -1.697693
59858907 7.404328 6.217992 -1.144424 0.217841 -0.692722 -1.724144
79811875 7.222272 6.150919 -0.995904 0.260894 -0.700812 -1.707826
99765886 7.126453 6.050309 -0.761147 0.349218 -0.701112 -1.677199
119719896 7.433074 5.978445 -0.617418 0.447540 -0.675681 -1.653670
139673907 7.442656 5.801179 -0.957576 0.330830 -0.658108 -1.698754
159627917 7.696577 5.393948 -1.403135 0.189814 -0.603617 -1.751122
179581927 8.324192 4.953179 -1.661847 0.180962 -0.528213 -1.767846
199537917 8.755379 4.373474 -2.030751 0.041921 -0.452871 -1.798710
219493907 8.913481 3.880005 -1.815158 1.164217 -0.403176 -1.771691
239449896 8.970972 3.324254 -1.264197 2.023835 -0.351678 -1.710795
259405886 8.788916 2.816412 -0.962367 2.217740 -0.308384 -1.679860
279361875 8.798496 1.963622 -0.627000 2.439931 -0.219041 -1.641938
299320730 8.515831 0.933566 -0.526390 2.634517 -0.108985 -1.632531
319279584 8.007989 -0.106071 -0.583882 2.787477 0.013210 -1.643580
339238438 6.120352 -0.724105 -1.106096 3.043089 0.115903 -1.749591
359197292 4.644737 -1.313393 -1.925350 -2.897436 0.255508 -1.963759
379156146 4.845957 -2.022454 -1.810367 -2.973492 0.372687 -1.928324
399136302 5.416081 -3.526815 -0.483271 2.954501 0.575389 -1.659790
419116459 5.205279 -5.974994 0.268909 2.851515 0.853475 -1.519181
439096615 5.186115 -8.605229 0.220999 2.860064 1.028015 -1.528208
459079427 4.764511 -11.297747 0.503666 2.801897 1.169712 -1.465476
479062240 3.054139 -14.090875 1.006716 2.593267 1.346421 -1.252388
499045052 1.386886 -18.096115 1.476230 2.090668 1.459329 -0.754203
519027865 0.639497 -23.797354 2.170919 1.624057 1.475981 -0.286472
539010677 -3.217223 -30.471157 4.240612 0.707752 1.397855 0.649027
559013698 -12.712900 -36.867085 5.960566 0.203495 1.206906 1.132370
579016719 -23.190723 -41.078335 6.866057 -0.013618 1.038673 1.282950
599020990 -28.341002 -45.759102 4.657425 -2.640097 1.010287 1.407917
619025261 -30.295712 -55.872810 0.733632 -2.657728 1.073818 1.546585
639029532 -34.415936 -68.841934 -3.309936 -2.691196 1.105363 1.666676
659033802 -45.703434 -75.271400 -4.407065 -2.728006 1.023058 1.666927
679038073 -54.523582 -69.210838 -1.460627 -2.746100 0.903371 1.597579
699042500 -49.703880 -55.106258 3.373449 -2.738576 0.835754 1.503029
719046927 -39.748272 -46.607101 9.457965 -2.690058 0.851034 1.337194
739051355 -33.826649 -38.409775 15.691000 -2.667475 0.800206 1.136472
759055782 -30.564007 -32.746861 14.210594 -2.678642 0.770965 1.135584
779060209 -27.636730 -28.933260 5.519798 -2.716735 0.798541 1.373663
799044480 -25.825748 -24.218958 -0.924039 -0.726382 0.752983 1.606561
819028750 -22.395424 -13.803417 -2.706275 -0.350128 0.549122 1.691054
839013021 -19.463358 -8.327353 -2.514637 -0.261208 0.401295 1.699283
858997292 -16.727722 -7.939286 -0.531181 -0.372451 0.442942 1.602540
878981563 -16.397146 -6.118722 3.133901 -0.481944 0.351319 1.381949
898987292 -17.848806 -2.314703 6.434871 -0.470978 0.121398 1.224779
918993021 -18.816580 0.626945 7.982350 -0.458589 -0.030663 1.169587
938998750 -18.169800 -0.240218 7.527209 -0.463696 0.012214 1.178049
959005782 -15.338345 -2.415313 6.391752 -0.498206 0.144342 1.175962
979026771 -13.187204 -4.346068 4.595143 -0.531639 0.301713 1.235499
998976198 -12.391907 -5.879174 3.105155 -0.248159 0.431311 1.325272
1018925625 -12.401487 -7.148778 2.444003 -0.261995 0.514716 1.376216
1038875052 -12.526052 -9.156189 2.741043 -0.274417 0.620110 1.355365
1058824480 -11.055229 -11.906199 3.038082 -0.304238 0.804270 1.302607
1078773907 -8.405830 -15.073021 2.520659 -0.384562 1.043562 1.279459
1098739792 -4.697629 -19.140543 -0.919249 -0.863762 1.325740 1.764038
1118705677 1.161711 -21.205446 -5.058635 1.643914 1.330752 -2.915858
1138671563 5.358590 -18.139233 -7.204984 0.488734 1.111144 -2.502114
1158637448 3.897348 -15.873111 -6.778589 0.428970 1.113085 -2.619796
1178604271 0.668243 -14.828682 -4.066907 1.220773 1.299701 -2.978736
1198571094 -1.248140 -14.378332 -1.681011 2.262466 1.426197 2.502913
1218537917 -2.426715 -13.688435 -0.382661 -3.016548 1.393214 1.727196
1238504740 -2.795619 -12.754198 0.359937 -2.562178 1.353291 1.442750
1258471563 -2.201540 -11.963690 0.925270 -2.230086 1.373776 1.172928
1278439792 -1.267304 -11.863080 0.407847 -2.469006 1.459041 1.259441
1298408021 -0.654061 -11.728933 -0.243724 3.015560 1.511356 1.927489
1318376250 -1.022965 -10.789906 -0.167068 -3.044599 1.475027 1.732685
1338344480 -2.273405 -9.620912 0.115598 -2.658219 1.338465 1.519992
1358312709 -3.643619 -8.950178 0.067689 -2.383519 1.184124 1.552221
1378297709 -4.367053 -9.069952 -0.689283 -2.780403 1.117242 1.727342
1398282709 -4.184997 -8.480664 -1.542073 -3.115654 1.086636 1.923836
1418267709 -4.357471 -7.857840 -1.508536 -3.072221 1.040118 1.904078
1438252709 -5.071324 -7.661410 -1.106096 -2.779953 0.975336 1.785541
1458243386 -5.603120 -7.532054 -0.492853 -2.438140 0.929362 1.658531
