0 5.914341 6.251529 -0.914458 0.417430 -0.807208 -1.724199
20005208 6.963561 5.758060 -1.120469 0.552587 -0.684652 -1.730333
40010417 8.118181 5.427485 -1.613937 0.664671 -0.580390 -1.767043
60015625 8.309820 5.240637 -1.163587 0.921150 -0.558285 -1.709917
80020833 7.380374 5.322083 -0.315588 0.954389 -0.624322 -1.613531
100026146 6.819832 5.403530 -1.748084 0.313802 -0.654616 -1.821718
120031458 6.719222 5.187936 -3.257236 -0.511176 -0.607209 -2.022181
140036771 7.274972 5.048999 -3.688422 -0.731427 -0.554280 -2.040030
160042083 8.415220 4.292027 -3.491992 -1.108275 -0.440248 -1.964134
180047396 8.803288 3.664412 -3.391382 -2.530866 -0.370491 -1.938515
200052865 8.616440 3.324254 -3.118298 2.154989 -0.348012 -1.918034
220058333 8.305029 3.103870 -2.404445 1.951188 -0.344662 -1.852608
240063802 8.314610 2.811621 -1.537282 1.923540 -0.321017 -1.753621
260069271 9.296757 1.781566 -2.073869 2.415294 -0.184900 -1.790277
280074740 9.847717 1.043758 -4.225009 3.083296 -0.097097 -1.976079
300080312 8.194836 1.704910 -6.117437 -2.428046 -0.165198 -2.212053
320085885 9.200937 0.440098 -5.623968 -2.820652 -0.040789 -2.119439
340091458 11.160439 -1.821234 -4.407065 3.056798 0.150632 -1.946884
360097031 11.193975 -3.871764 -4.972398 3.133366 0.306158 -1.988819
380102604 9.560259 -5.515062 -7.482860 -2.845391 0.426399 -2.234902
400108281 9.584213 -8.193207 -7.914045 -3.018617 0.582802 -2.261035
420113958 9.531513 -12.299057 -4.464557 3.092739 0.862956 -2.008846
440119635 6.676103 -16.131823 0.628231 2.692787 1.176850 -1.476971
460125312 2.349869 -19.130962 3.143483 1.908545 1.368454 -0.641923
480130990 -2.488998 -22.724180 3.593833 0.576670 1.380742 0.605725
500136771 -7.155390 -26.604855 4.949674 0.155498 1.254732 0.965635
520142552 -12.664991 -30.183701 8.863886 0.253483 1.097474 0.960156
540148333 -18.730343 -34.073956 11.422257 0.150019 0.998759 1.023183
560154115 -26.841433 -35.664555 7.805084 -1.173801 0.906023 1.287815
580159896 -37.036591 -32.555222 1.897834 -2.046115 0.720442 1.519599
600165781 -45.794460 -27.754684 0.930061 -2.967186 0.544780 1.550490
620171667 -48.233059 -21.526440 6.056385 -2.860289 0.416870 1.445885
640177552 -43.006123 -19.758577 11.225828 -2.748122 0.418305 1.315465
660183437 -40.965176 -17.022940 9.251953 -2.769547 0.385099 1.348674
680189323 -45.094982 -14.435823 5.869538 -2.836381 0.307381 1.441365
700195260 -41.980858 -12.356548 5.783300 -2.824177 0.283718 1.433898
720201198 -37.376747 -9.846087 9.640021 -2.709704 0.249755 1.318382
740207135 -34.952526 -5.500689 11.431839 -2.619198 0.148478 1.254695
760213073 -29.323149 -2.784216 11.431839 -2.547143 0.088235 1.199064
780219010 -22.591854 -0.805551 9.649603 -2.494420 0.032779 1.167125
800224948 -18.021280 0.847329 9.884359 -2.385542 -0.041201 1.069119
820230885 -16.392355 2.160051 13.477577 -0.591545 -0.101436 0.882672
840236823 -16.646276 3.841677 15.092130 -0.599752 -0.169337 0.834326
860242760 -16.727722 5.288547 12.528968 -0.466224 -0.247843 0.927939
880248698 -16.727722 6.285066 9.376518 -0.296771 -0.316717 1.059899
900254635 -17.954206 6.534195 6.995413 -0.130879 -0.326937 1.199265
920260573 -18.706387 5.259801 5.687481 -0.040566 -0.262796 1.275638
940266510 -17.580513 1.106041 4.762826 -0.000756 -0.060649 1.306232
960272448 -14.432854 -3.550770 3.272839 0.148293 0.235477 1.347804
980278385 -10.279095 -5.356960 0.671349 1.512473 0.479553 1.505577
1000283646 -8.928043 -7.086495 1.059417 2.968131 0.667507 1.452687
1020288906 -9.383184 -8.495037 2.558986 -2.958682 0.717950 1.304551
1040294167 -10.053919 -9.462811 3.244093 -2.864453 0.730451 1.258674
1060299427 -9.469423 -9.836505 2.046354 -3.088343 0.793004 1.357968
1080304687 -8.180655 -9.611330 0.676140 2.960946 0.863956 1.488333
1100309896 -6.685876 -9.539466 -0.104786 2.835453 0.959432 1.586468
1120315104 -5.890577 -9.108279 -0.392243 2.776098 0.995716 1.637286
1140320312 -5.828295 -8.317772 -1.292943 2.541983 0.948264 1.789100
1160325521 -5.660612 -7.431445 -1.695384 2.410910 0.899025 1.861799
1180330729 -5.416273 -6.602609 -1.096514 2.516847 0.873919 1.770545
1200335937 -5.028205 -6.195377 -1.029441 2.667961 0.878952 1.772739
1220341146 -4.007731 -5.951039 -1.934931 2.422462 0.928684 2.020589
1240346354 -3.394489 -5.495898 -2.126570 2.318806 0.940979 2.130457
1260351562 -4.611392 -5.035966 -1.216288 2.585963 0.812609 1.828681
1280356771 -6.834396 -4.853909 0.144344 2.868759 0.617445 1.549679
1300362031 -8.664541 -4.748508 1.533721 3.090671 0.494862 1.395600
1320367292 -9.732925 -5.093457 2.506286 -3.052354 0.469065 1.318766
1340372552 -9.847908 -5.194067 2.908726 -2.987743 0.468297 1.283597
1360377812 -9.958099 -4.954520 2.956636 -2.979279 0.445044 1.282179
1380383073 -9.814371 -4.806000 2.903935 -2.979454 0.439006 1.283118
1400388437 -9.656269 -4.691017 3.177020 -2.743099 0.432348 1.252941
1420393802 -9.574823 -4.681435 3.224929 -2.728317 0.433905 1.245917
1440399167 -9.402349 -4.393978 2.707506 -2.824948 0.422088 1.290421
1460404531 -9.158010 -3.986747 1.754105 -3.060027 0.404034 1.381551
1480409896 -8.880135 -3.866973 0.925270 2.982940 0.408727 1.466975
