0 6.474883 6.855189 -2.404445 0.080300 -0.781640 -1.926363
19971510 6.594657 6.879144 -2.543383 0.042538 -0.771850 -1.938891
39943021 6.953979 6.649179 -2.682321 0.050174 -0.728436 -1.938936
59914531 7.447447 6.419212 -2.902705 0.047174 -0.676623 -1.942443
79886042 7.404328 6.419212 -2.299044 0.353143 -0.691559 -1.871858
99857813 7.227063 6.606060 -2.112197 0.371811 -0.720170 -1.855139
119829583 6.455719 6.716252 -1.508536 0.438875 -0.791889 -1.800352
139801354 6.656939 6.486286 -1.575610 0.477958 -0.758799 -1.803206
159773125 7.150408 6.222783 -1.776830 0.549481 -0.701341 -1.814357
179744896 7.116871 6.232365 -1.748084 0.551128 -0.704749 -1.811653
199717240 7.116871 6.155710 -1.700175 0.460668 -0.699406 -1.805295
219689583 7.279764 5.892207 -1.843903 0.477296 -0.665291 -1.818871
239661927 7.744486 5.652659 -1.858276 0.654687 -0.617239 -1.806292
259634271 8.012780 5.628705 -1.767248 0.785142 -0.601254 -1.787875
279606615 7.677413 5.700569 -1.910977 0.596959 -0.624370 -1.814748
299591823 7.207899 5.599959 -2.342163 0.237775 -0.636352 -1.884977
319577031 7.346837 5.202309 -2.782931 -0.022270 -0.584895 -1.932888
339562240 7.907379 4.603440 -2.941032 0.092528 -0.499498 -1.926877
359547448 8.793707 3.774604 -2.476310 2.377277 -0.391808 -1.845288
379581823 9.574633 3.400909 -1.273779 2.173422 -0.338542 -1.703057
399621250 9.972282 1.724074 -0.080831 2.399517 -0.171189 -1.578902
419587031 10.120802 0.080776 -0.397034 2.636756 -0.007975 -1.610006
439552813 9.910000 -1.763742 -1.475000 2.897310 0.174251 -1.718551
459518594 7.466611 -2.381776 -2.246344 3.114249 0.296463 -1.863034
479484375 3.451789 -3.004600 -1.561237 -3.031546 0.670517 -1.995560
499450156 3.140377 -4.988056 -2.998524 -2.734230 0.854530 -2.333091
519416458 5.866431 -7.963241 -3.664467 -3.032706 0.855601 -2.129144
539382760 8.194836 -11.934944 -1.839112 3.002985 0.957589 -1.791562
559349063 6.858160 -17.545155 -0.507226 2.878330 1.197245 -1.644621
579315365 6.268872 -22.839163 -0.804266 2.909532 1.300824 -1.698394
599281667 3.332015 -28.674549 1.706196 2.342370 1.440981 -1.097546
619248958 -2.929766 -36.651493 4.173539 -1.848859 1.432557 0.612058
639216250 -8.554350 -44.796120 8.245852 -2.097831 1.311530 0.803759
659183542 -15.223362 -54.387615 7.809875 -2.371965 1.266008 1.096788
679150833 -22.634972 -69.493507 0.656976 -2.752389 1.255795 1.541780
699118125 -44.122417 -79.616798 -1.819949 -2.827352 1.064386 1.612021
719086875 -64.177361 -78.270538 0.273700 -2.795988 0.884008 1.566532
739055625 -69.533646 -73.527489 -2.083451 -2.821607 0.813084 1.600751
759024375 -73.098122 -58.263500 -5.801234 -2.853800 0.671415 1.649993
778993125 -74.899521 -38.467266 2.261947 -2.746450 0.474271 1.540606
798961875 -62.893387 -31.070026 7.848203 -2.671684 0.455784 1.446652
818948125 -50.527927 -21.765987 8.873467 -2.625236 0.401259 1.396954
838934375 -47.337147 -10.943216 4.590352 -2.637988 0.226160 1.474127
858920625 -40.807076 -3.028555 -1.599564 -2.698871 0.074024 1.609975
878907813 -32.240841 1.187487 -6.021618 0.147959 -0.036190 1.755439
898895000 -23.478180 2.830785 -6.476758 0.192431 -0.115710 1.839965
918882188 -18.102726 2.562492 -2.356536 0.106263 -0.139457 1.700244
938869375 -15.755157 2.433136 2.127800 -0.058332 -0.151866 1.436554
958856563 -14.725101 0.923984 3.387822 -0.120504 -0.061075 1.344660
978851563 -14.504719 -0.000670 3.009336 -0.110874 0.000045 1.366226
998846563 -13.877104 -1.615223 2.726670 -0.113161 0.113718 1.376781
1018841563 -13.081804 -4.508961 3.411777 -0.194381 0.321917 1.315676
1038836563 -11.208540 -7.795557 5.150894 -0.841991 0.563592 1.140028
1058831563 -8.142326 -8.825613 5.548543 -1.380269 0.730444 0.972633
1078826563 -6.915842 -9.750268 4.173539 -1.863592 0.878949 1.027825
1098821563 -6.245108 -10.411420 2.046354 -2.645025 1.007741 1.254149
1118801979 -5.847459 -11.958899 1.231891 -2.982748 1.107392 1.363161
1138782396 -4.132296 -12.826062 1.749315 -2.727414 1.234247 1.170343
1158762813 -2.364433 -13.166220 2.003235 -2.413877 1.339633 0.867908
1178743229 -1.942829 -13.487214 1.691823 -2.433749 1.382059 0.854348
1198723646 -1.636207 -12.744616 0.700095 -2.825275 1.432051 1.166492
1218702865 -1.861382 -11.700188 -0.277260 2.706136 1.411317 1.718663
1238682083 -2.565653 -11.010289 -1.431881 2.280861 1.310016 2.079834
1258661302 -3.662782 -10.191036 -1.987632 2.226698 1.182623 2.067984
1278640521 -4.352680 -9.079534 -2.318208 2.164879 1.073230 2.060177
1298619740 -4.529945 -8.461500 -2.749394 2.058484 1.011299 2.116301
1318616979 -5.056951 -8.121343 -2.605665 2.092405 0.959753 2.046581
1338614219 -5.818713 -7.853049 -2.126570 2.184973 0.902871 1.921187
1358611458 -6.594848 -7.196688 -1.431881 2.271407 0.817526 1.784599
1378616615 -7.380565 -6.679264 -0.842593 2.313097 0.732340 1.684468
1398621771 -8.171074 -6.487626 -0.459317 2.316238 0.670288 1.626950
1418632188 -8.928043 -6.324733 -0.603045 2.190406 0.615276 1.638239
1438584063 -9.225084 -5.836056 -1.062977 2.550591 0.561091 1.685517
1458535938 -8.726824 -5.141367 -1.072559 2.437581 0.529127 1.693087
1478487813 -8.645378 -4.935356 -2.155315 2.039183 0.505842 1.815119
1498439688 -9.469423 -5.227604 -3.238072 1.842851 0.481372 1.900282
1518391563 -9.847908 -5.280305 -2.835631 1.887559 0.475774 1.851155
1538359792 -9.421513 -5.409661 -1.666638 2.224056 0.514592 1.745882
1558328021 -9.119682 -5.582135 -0.641373 2.694434 0.548169 1.641009
1578296250 -8.995117 -5.840847 0.244954 -3.120409 0.575738 1.543571
1598264479 -8.611841 -6.022903 1.126490 -2.739890 0.606328 1.440728
