0 0.526782 -0.832444 0.452103 7.462897 5.942945 -2.270894 -2.784208 -0.651037 -1.866185
19979583 -1.055254 -0.013143 -0.457173 7.431629 5.940551 -2.377211 -2.837349 -0.650730 -1.880388
39959166 -1.306971 0.361859 -1.622693 7.454912 5.901929 -2.400397 -2.810868 -0.645790 -1.882302
59938750 -0.505453 -0.061762 -2.438299 7.491296 5.860165 -2.389423 -2.814941 -0.640468 -1.879555
79918333 0.354362 -0.530343 -2.186744 7.525659 5.828937 -2.357616 -2.757343 -0.636502 -1.874389
99897916 1.139407 -0.940887 -1.480695 7.525659 5.828937 -2.357616 -2.811816 -0.636502 -1.874389
119877500 1.715738 -1.186116 -1.045413 7.552580 5.811034 -2.315341 -2.802082 -0.634234 -1.868263
139857083 2.403148 -2.068114 -1.094134 7.618878 5.783156 -2.162912 -2.736629 -0.630709 -1.847407
159836666 3.217186 -3.447943 -0.115728 7.618878 5.783156 -2.162912 -2.725235 -0.630709 -1.847407
179816250 5.074251 -6.272516 2.128294 7.758534 5.678927 -1.930109 -2.724563 -0.617611 -1.814619
199795833 10.391229 -14.931180 1.743423 7.819932 5.634359 -1.809161 -2.745008 -0.612048 -1.798149
219775416 25.189711 -29.170300 0.482265 7.566929 6.025239 -1.615078 -2.766268 -0.661630 -1.781080
239755000 32.992474 -41.504784 7.324217 6.701807 6.976311 -1.608493 -2.812412 -0.791468 -1.806350
259734583 21.130659 -48.104858 13.012519 5.214026 8.108690 -1.798187 -2.889792 -0.973495 -1.902898
279714166 8.421825 -54.741550 10.590623 3.204003 9.053422 -1.985025 3.115149 -1.176305 -2.125463
299693750 3.047542 -62.310265 10.140871 0.725934 9.534882 -2.174726 2.497432 -1.334823 -2.819418
319673333 -0.644619 -72.453072 11.484802 0.725934 9.534882 -2.174726 2.325900 -1.334823 -2.819418
339652916 -8.266336 -81.284195 11.470452 -2.272022 9.233727 -2.397203 1.245922 -1.227286 2.382998
359632500 -16.820839 -86.179276 8.290915 -5.423503 7.805022 -2.416121 0.894249 -0.920477 1.989894
379612083 -21.639765 -93.014481 10.122368 -9.436536 1.648516 -2.098706 1.297276 -0.168904 1.789637
399591666 -30.180084 -98.098557 17.987783 -9.256428 -2.342561 -2.236366 1.677218 0.241207 1.807855
419571250 -45.570198 -95.737907 15.209191 -9.256428 -2.342561 -2.236366 1.071154 0.241207 1.807855
439550833 -62.775513 -73.736824 -10.695121 -7.831496 -5.765957 -1.261670 1.400594 0.628539 1.730526
459530416 -60.090557 -47.930836 -20.181210 -6.167255 -7.621209 -0.229223 1.582914 0.890119 1.607947
479510000 -51.567486 -38.276962 -9.792843 -4.730225 -8.590364 -0.031617 1.665134 1.067450 1.577480
499489583 -48.622280 -25.734051 5.838024 -2.772139 -9.406656 0.021194 1.858405 1.284201 1.563151
519469166 -42.435280 -15.356495 11.502215 -2.772139 -9.406656 0.021194 1.572781 1.284201 1.563151
539448802 -35.656155 -9.911681 2.050070 -2.264424 -9.525225 0.559352 1.775571 1.330647 1.328627
559428437 -30.139034 -5.721334 -6.802491 -1.919494 -9.555017 1.089749 1.968114 1.343773 1.054445
579408072 -23.312551 -1.929053 -8.111601 -1.534654 -9.577731 1.443017 2.155918 1.354303 0.816163
599387708 -20.681261 2.828378 -3.559023 -1.499778 -9.574393 1.500678 2.227041 1.352724 0.785098
619367343 -18.840605 4.573303 -0.062409 -1.614442 -9.532415 1.642266 2.273000 1.333750 0.776855
639346979 -14.851755 4.521980 -0.694525 -1.614442 -9.532415 1.642266 2.248827 1.333750 0.776855
659326614 -11.400952 4.549039 -3.000608 -1.817060 -9.465255 1.810426 2.149277 1.306159 0.787227
679306250 -7.631669 2.952606 -4.171432 -2.109745 -9.384816 1.909077 2.135141 1.276426 0.835289
699285885 -3.637755 1.398666 -4.151996 -2.449600 -9.301213 1.912400 2.162034 1.248340 0.907936
719265520 -0.816401 -0.108620 -3.815364 -2.802192 -9.213926 1.849775 2.116720 1.221340 0.987342
739245156 0.909378 -0.960356 -2.720802 -3.150622 -9.126544 1.717602 2.023974 1.196181 1.071674
759224791 1.897620 -1.669835 -0.831633 -3.753300 -8.960650 1.337864 1.771700 1.152376 1.228387
779204427 3.049888 -2.406138 0.818859 -3.753300 -8.960650 1.337864 1.841149 1.152376 1.228387
799184062 2.985505 -1.808192 1.789627 -4.112327 -8.836632 1.083086 1.795065 1.122267 1.313269
819163697 3.150804 -0.668694 2.048605 -4.112327 -8.836632 1.083086 1.860099 1.122267 1.313269
839143333 3.529784 -0.526892 1.253816 -4.251353 -8.774981 1.046949 1.838449 1.107981 1.329338
859122968 2.816193 -0.584363 0.778153 -4.344288 -8.732026 1.024337 1.954121 1.098265 1.339236
879102604 1.787204 -0.152458 -0.313114 -4.425371 -8.702274 0.925692 1.776426 1.091642 1.364591
899082239 1.487637 0.901397 0.286043 -4.489524 -8.681085 0.808288 1.746833 1.086976 1.392666
919061875 1.928804 0.963594 1.586404 -4.561462 -8.651607 0.716349 1.766945 1.080553 1.415025
939041510 2.059827 0.009566 1.851872 -4.561462 -8.651607 0.716349 1.808797 1.080553 1.415025
959021145 2.015620 -0.154531 1.803314 -4.614821 -8.627382 0.664894 1.724369 1.075332 1.427703
979000781 1.255102 0.324780 1.275304 -4.638041 -8.615554 0.656658 1.763458 1.072801 1.430150
998980416 0.219759 0.736756 0.646391 -4.687529 -8.585659 0.695642 1.809472 1.066456 1.423469
1018960052 -0.112527 0.822785 0.099486 -4.728281 -8.560949 0.723813 1.793536 1.061266 1.418894
1038939687 -0.337763 0.585093 -0.303583 -4.728281 -8.560949 0.723813 1.614086 1.061266 1.418894
1058919322 -0.491329 0.320614 -0.758321 -4.828991 -8.500112 0.774163 1.699770 1.048689 1.411833
1078898958 -0.406868 -0.085276 -1.255377 -4.885941 -8.468848 0.759327 1.668890 1.042331 1.416619
1098878593 -0.502191 -0.128988 -0.574108 -4.944696 -8.435177 0.753763 1.658221 1.035561 1.419522
1118858229 -0.610908 0.555472 -0.190242 -5.019197 -8.389871 0.766897 1.584586 1.026571 1.419176
1138837864 -0.569315 0.739020 -0.258228 -5.118553 -8.329114 0.772436 1.678117 1.014721 1.421017
1158817500 0.029292 0.241817 0.232307 -5.232389 -8.258234 0.770750 1.633182 1.001175 1.424544
1178797135 0.845665 -0.257259 0.832719 -5.232389 -8.258234 0.770750 1.457692 1.001175 1.424544
1198776770 1.619002 0.105040 1.279146 -5.343711 -8.185479 0.782985 1.569335 0.987563 1.425307
1218756406 1.662941 0.544685 1.167547 -5.438801 -8.119069 0.818863 1.596064 0.975379 1.421359
1238736041 1.548872 0.169209 0.258158 -5.524845 -8.054833 0.875292 1.489216 0.963799 1.413674
1258715677 2.188701 -0.217904 0.331538 -5.638451 -7.966470 0.955834 1.459409 0.948177 1.402872
1278695312 2.114148 -0.111015 0.680563 -5.643350 -7.953761 1.029894 1.282465 0.945958 1.390286
1298674947 1.356133 0.209211 0.583584 -5.643350 -7.953761 1.029894 1.434702 0.945958 1.390286
1318654583 0.642437 0.313880 -0.286159 -5.640228 -7.942780 1.127147 1.396002 0.944046 1.373554
1338634218 0.009461 0.320223 -1.003162 -5.660953 -7.915695 1.210692 1.473947 0.939353 1.360103
1358613854 -0.340157 0.652714 -0.525872 -5.660953 -7.915695 1.210692 1.394613 0.939353 1.360103
1378593489 -0.576903 0.605767 0.105752 -5.703196 -7.887105 1.198960 1.361391 0.934431 1.363588
1398573125 -0.289469 0.424831 0.028017 -5.765524 -7.842923 1.190661 1.323729 0.926888 1.367145
1418552760 0.167527 0.182383 0.070224 -5.834378 -7.794436 1.173537 1.401491 0.918696 1.372303
1438532395 0.895435 0.061788 0.817913 -5.947430 -7.706971 1.183664 1.334263 0.904138 1.374342
1458512031 1.341164 -0.079253 0.412261 -5.947430 -7.706971 1.183664 1.449713 0.904138 1.374342
1478491666 1.858776 0.044469 0.015540 -5.981592 -7.675669 1.214518 1.354663 0.898993 1.370477
1498471302 1.468484 0.144161 -0.157565 -6.003461 -7.656421 1.228029 1.394582 0.895845 1.369026
