0 0.100796 0.259645 0.305240 7.005966 -6.135218 3.073423 1.453378 0.675924 -1.157390
19979167 0.020549 0.253336 0.259180 7.042253 -6.115320 3.029838 1.444865 0.673325 -1.164498
39958334 -0.197778 0.157740 -0.428772 7.042253 -6.115320 3.029838 1.468710 0.673325 -1.164498
59937500 -0.497795 0.150057 -0.700811 7.107302 -6.097247 2.912082 1.501858 0.670970 -1.181929
79916667 -0.548428 0.130953 -0.524074 7.112192 -6.108543 2.876251 1.507660 0.672442 -1.186493
99895834 -0.625325 0.308569 -0.097012 7.112192 -6.108543 2.876251 1.490076 0.672442 -1.186493
119875000 -0.580070 0.470772 0.095999 7.114817 -6.124916 2.834635 1.403069 0.674578 -1.191659
139854167 -0.811400 0.656966 0.133076 7.152592 -6.161316 2.654996 1.495452 0.679340 -1.215367
159833334 -1.018399 0.959755 0.239698 7.152592 -6.161316 2.654996 1.370720 0.679340 -1.215367
179812500 -0.976570 1.189880 0.715565 7.182758 -6.259106 2.324209 1.407935 0.692225 -1.257848
199791667 0.281316 1.044647 1.561003 7.194639 -6.314074 2.130734 1.434815 0.699528 -1.282870
219770834 2.481453 1.084484 3.145744 7.194639 -6.314074 2.130734 1.531743 0.699528 -1.282870
239750000 4.490376 1.891591 4.023730 7.229208 -6.314627 2.008588 1.448093 0.699601 -1.299789
259729219 5.916914 2.530961 3.436862 7.349609 -6.149629 2.082232 1.349701 0.677809 -1.294719
279708438 9.042606 3.566773 4.151530 7.424643 -5.994351 2.261151 1.375036 0.657644 -1.275173
299687657 14.216486 4.486618 4.476692 7.583973 -5.680018 2.528068 1.452464 0.617748 -1.249037
319666875 16.467026 5.074316 5.283399 7.848251 -5.209383 2.727210 1.316842 0.560027 -1.236357
339646094 17.785820 2.828115 7.065750 8.147600 -4.633438 2.884136 1.391634 0.492102 -1.230575
359625313 21.903629 0.009489 3.878609 8.472392 -3.955746 2.956524 1.224599 0.415201 -1.235049
379604532 24.884703 -2.598083 4.246725 8.813848 -3.128383 2.949524 1.482468 0.324681 -1.247864
399583750 28.187595 -7.042617 10.555845 8.813848 -3.128383 2.949524 1.729612 0.324681 -1.247864
419562969 30.355370 -11.900053 9.765980 9.343190 -0.615591 2.914828 1.203144 0.062814 -1.268391
439542188 28.201990 -16.143799 7.617622 9.343190 -0.615591 2.914828 2.046113 0.062814 -1.268391
459521407 31.974701 -21.641905 12.683348 9.312500 0.809513 2.965202 2.105884 -0.082641 -1.262535
479500625 37.891197 -28.879431 13.227338 9.071840 2.421820 2.829645 2.241401 -0.249539 -1.268444
499479844 38.325550 -37.783531 10.298687 7.370526 5.936984 2.568649 1.922044 -0.650273 -1.235456
519459063 38.519073 -47.081196 16.713659 5.802907 7.568323 2.284107 2.074216 -0.881595 -1.195807
539438282 35.136673 -55.485455 17.887739 3.805233 8.884233 1.661619 1.431247 -1.133594 -1.159085
559417500 28.675728 -58.943230 7.212032 1.448901 9.647384 0.999528 2.338906 -1.390326 -0.966913
579396719 20.950094 -57.429779 1.374107 1.448901 9.647384 0.999528 2.799264 -1.390326 -0.966913
599375938 9.465788 -52.907326 -4.631445 -1.043872 9.742561 0.404001 -1.376651 -1.456408 1.201528
619355157 0.949367 -43.310509 -5.570810 -5.066789 8.387532 -0.383842 -2.051764 -1.026111 1.646408
639334375 -0.539478 -34.787327 -3.837338 -6.455730 7.374568 -0.331177 -2.072159 -0.851086 1.622051
659313594 0.041268 -28.059484 -4.756044 -6.455730 7.374568 -0.331177 -1.246452 -0.851086 1.622051
679292813 -0.892950 -23.799105 -9.220469 -8.186367 5.391522 0.292034 -1.850180 -0.582103 1.535138
699272032 -2.597009 -20.500427 -6.316915 -8.186367 5.391522 0.292034 -1.850180 -0.582103 1.535138
719251250 -3.068788 -17.788700 1.661989 -8.622045 4.652221 0.433100 -1.817415 -0.494276 1.520607
739230469 -2.605217 -15.409141 3.820650 -8.887760 4.121027 0.441859 -1.969378 -0.433696 1.521122
759209688 -2.095101 -14.058857 -0.325118 -9.166724 3.476331 0.238079 -2.067868 -0.362366 1.544830
779188907 -1.934890 -12.447178 -4.282831 -9.166724 3.476331 0.238079 -2.020058 -0.362366 1.544830
799168125 -2.619097 -10.381725 -4.502140 -9.248449 3.259763 0.102521 -1.973632 -0.338851 1.559712
819147344 -3.285217 -8.781949 -3.440338 -9.338859 2.992657 0.010797 -1.960173 -0.310113 1.569640
839126563 -4.266280 -7.132278 -2.342839 -9.338859 2.992657 0.010797 -1.959957 -0.310113 1.569640
859105782 -5.497776 -5.622409 -1.428160 -9.364649 2.910264 0.063895 -1.964851 -0.301303 1.563973
879085000 -5.844644 -4.719597 -1.798183 -9.371374 2.884742 0.161238 -1.914407 -0.298578 1.553593
899064219 -5.171672 -3.914932 -1.911678 -9.354334 2.934582 0.234668 -1.875598 -0.303900 1.545715
919043438 -4.020858 -2.940382 -1.470178 -9.254226 3.232003 0.289577 -1.973844 -0.335851 1.539515
939022657 -2.680346 -2.106524 -0.060137 -9.254226 3.232003 0.289577 -2.070448 -0.335851 1.539515
959001875 -1.024817 -1.406187 0.988490 -9.177324 3.441015 0.326384 -2.014839 -0.358517 1.535247
978981042 -0.223286 -0.736080 1.716006 -8.996079 3.878711 0.443327 -1.949087 -0.406632 1.521556
998960209 0.382647 -0.216226 1.264304 -8.996079 3.878711 0.443327 -2.010785 -0.406632 1.521556
1018939375 0.983451 0.379501 0.181307 -8.807574 4.286816 0.469300 -2.015015 -0.452409 1.517563
1038918542 1.320034 0.716329 -0.235195 -8.725844 4.451337 0.464368 -1.966876 -0.471149 1.517629
1058897709 0.983430 1.153038 0.060709 -8.648827 4.600980 0.446283 -1.930095 -0.488350 1.519242
1078876875 0.520299 1.265779 0.082969 -8.648827 4.600980 0.446283 -1.930095 -0.488350 1.519242
1098856042 0.232194 1.202204 0.039848 -8.478364 4.912032 0.399606 -1.903178 -0.524624 1.523699
1118835209 0.335972 1.089046 0.011462 -8.478364 4.912032 0.399606 -2.030992 -0.524624 1.523699
1138814375 1.336680 0.845760 -0.141939 -8.383850 5.073538 0.375063 -1.984416 -0.543759 1.526090
1158793542 2.276481 0.797961 -0.207214 -8.304172 5.204597 0.351154 -1.881527 -0.559451 1.528535
1178772709 1.906922 0.753596 0.395204 -8.253396 5.285787 0.335122 -1.858077 -0.569250 1.530215
1198751875 1.350583 0.611500 1.198904 -8.192665 5.377689 0.362076 -1.868614 -0.580416 1.526630
1218731042 0.880862 0.622097 1.318291 -8.192665 5.377689 0.362076 -1.948526 -0.580416 1.526630
1238710209 0.529256 0.658334 0.628550 -8.148704 5.442730 0.381726 -1.927001 -0.588368 1.523986
1258689375 0.104765 0.731660 0.202913 -8.148704 5.442730 0.381726 -1.904356 -0.588368 1.523986
1278668542 0.012105 0.550769 0.192134 -8.125060 5.479009 0.366390 -1.970230 -0.592822 1.525733
1298647709 0.315186 0.457557 0.526143 -8.097953 5.520475 0.343367 -1.948644 -0.597929 1.528420
1318626875 0.775665 0.283253 0.617255 -8.067784 5.569318 0.252857 -1.936624 -0.603967 1.539465
1338606042 0.900223 0.088528 0.160892 -8.075486 5.559905 0.210645 -1.994115 -0.602802 1.544718
1358585209 0.426175 -0.008359 0.064069 -8.075486 5.559905 0.210645 -1.919616 -0.602802 1.544718
1378564375 -0.250689 0.167013 0.410928 -8.108464 5.514663 0.108149 -2.072016 -0.597212 1.557459
1398543542 -0.808124 0.080379 0.792563 -8.108464 5.514663 0.108149 -2.037283 -0.597212 1.557459
1418522709 -1.025552 -0.037574 0.973686 -8.113425 5.508181 0.051739 -2.004514 -0.596413 1.564420
1438501875 -0.878782 0.210022 0.899360 -8.083525 5.551482 -0.089826 -1.997841 -0.601759 1.581908
1458481042 -0.670959 0.326962 0.562113 -8.058166 5.586061 -0.179661 -1.902323 -0.606043 1.593088
1478460209 -0.773149 0.312850 0.320546 -8.058166 5.586061 -0.179661 -1.949810 -0.606043 1.593088
1498439375 -0.522679 0.325786 0.378235 -8.024263 5.631755 -0.254794 -1.889853 -0.611723 1.602539
