0 0.700240 0.369557 -0.644554 4.146832 8.675284 -1.927078 -2.991786 -1.085706 -2.005816
19979791 0.297175 0.477589 -1.112821 4.146832 8.675284 -1.927078 -2.991786 -1.085706 -2.005816
39959635 -0.048952 0.473924 -0.832985 4.160282 8.680050 -1.875944 -2.982876 -1.086749 -1.994413
59939479 -0.041989 0.378558 -0.128142 4.160282 8.680050 -1.875944 -2.999696 -1.086749 -1.994413
79919323 0.402627 -0.106001 0.376529 4.192047 8.678704 -1.810312 -2.963666 -1.086454 -1.978450
99899166 0.641637 -0.256017 0.418396 4.192047 8.678704 -1.810312 -2.983374 -1.086454 -1.978450
119879010 0.579057 -0.206382 0.355633 4.207411 8.678595 -1.774843 -2.967747 -1.086431 -1.969985
139858854 0.968566 -0.286884 0.396117 4.207411 8.678595 -1.774843 -2.968488 -1.086431 -1.969985
159838698 1.289157 -0.505157 0.301939 4.215405 8.677238 -1.762465 -2.924982 -1.086133 -1.966809
179818541 1.695903 -0.711320 0.340664 4.215696 8.679698 -1.749605 -2.956919 -1.086672 -1.964185
199798385 2.043639 -0.922061 0.336003 4.201645 8.689338 -1.735509 -2.970836 -1.088788 -1.962506
219778229 2.222351 -0.969307 0.129017 4.163529 8.717308 -1.686404 -2.972303 -1.094978 -1.955642
239758073 2.590065 -1.419442 0.175271 4.163529 8.717308 -1.686404 -2.930368 -1.094978 -1.955642
259737916 3.648873 -2.379426 0.220396 4.145869 8.732457 -1.651162 -2.982361 -1.098361 -1.949808
279717760 4.657011 -3.711430 -0.759681 4.099004 8.761271 -1.615143 -2.931301 -1.104859 -1.946148
299697604 5.108123 -4.929521 -1.348120 4.022511 8.810769 -1.536274 -2.969294 -1.116223 -1.935619
319677448 5.982796 -6.554955 -0.717147 3.784286 8.960996 -1.245035 -2.902833 -1.152463 -1.888643
339657291 8.498517 -9.785741 0.112498 3.552846 9.078160 -1.065217 -2.857182 -1.182921 -1.862089
359637135 12.635511 -15.115900 1.430617 3.552846 9.078160 -1.065217 -2.857929 -1.182921 -1.862089
379616979 12.703434 -18.159025 1.974896 3.047547 9.277466 -0.900813 -2.924662 -1.240783 -1.858199
399596823 9.107307 -19.620968 2.082480 2.273313 9.508544 -0.768136 -2.989777 -1.323597 -1.896645
419576666 7.599587 -22.461662 1.465240 0.257702 9.782205 -0.642219 2.532642 -1.500173 -2.759994
439556510 6.797782 -26.362322 2.073745 0.257702 9.782205 -0.642219 2.415835 -1.500173 -2.759994
459536354 6.282282 -30.807655 4.603289 -0.976696 9.733283 -0.692561 1.038720 -1.448398 2.187594
479516198 4.534513 -32.824425 5.646661 -2.429173 9.462454 -0.855251 0.786414 -1.305069 1.909318
499496041 1.984203 -34.278271 3.517434 -4.007835 8.889172 -1.044160 0.709802 -1.134785 1.825660
519475885 1.047003 -38.141556 2.147991 -5.601190 7.966950 -1.150986 0.718570 -0.948261 1.773465
539455729 -2.487957 -41.571354 2.768876 -7.155011 6.597702 -1.202723 0.677628 -0.737958 1.737335
559435573 -7.963187 -42.904179 4.248199 -8.499085 4.720531 -1.285504 0.678895 -0.502206 1.720910
579415416 -14.251509 -44.795425 5.055280 -9.682817 -0.116143 -1.549177 1.283366 0.011844 1.729444
599395260 -19.722462 -46.685955 2.408682 -9.682817 -0.116143 -1.549177 0.919889 0.011844 1.729444
619375104 -31.981119 -44.128399 -4.457570 -9.346766 -2.769863 -1.065935 1.009027 0.286344 1.684349
639354948 -42.477089 -36.776394 -8.536788 -8.393436 -5.044679 -0.521353 1.152499 0.540324 1.632831
659334791 -47.612057 -25.652004 -7.338688 -7.171928 -6.681609 -0.299887 1.270883 0.749584 1.612586
679314687 -46.655636 -14.869231 -1.781556 -6.083868 -7.688261 -0.218159 1.268610 0.901058 1.606640
699294583 -41.396290 -8.435300 2.522516 -5.323081 -8.235247 -0.126199 1.349540 0.996844 1.594500
719274479 -34.163586 -5.554822 3.685335 -4.527883 -8.693009 0.316639 1.424593 1.089597 1.500979
739254375 -27.405811 -3.060917 1.918124 -4.527883 -8.693009 0.316639 1.281668 1.089597 1.500979
759234271 -25.188526 1.897117 0.939118 -4.234132 -8.829316 0.534506 1.254551 1.120549 1.445223
779214166 -24.067978 6.649365 1.170105 -4.083823 -8.888545 0.697518 1.391901 1.134633 1.401628
799194062 -19.872105 6.967072 0.629187 -4.177409 -8.832133 0.844434 1.341673 1.121210 1.371341
819173958 -12.175236 4.307170 1.288683 -4.473481 -8.676535 0.936014 1.378853 1.085979 1.364536
839153854 -5.846293 2.623273 2.498696 -4.819953 -8.479231 1.020333 1.397156 1.044435 1.362187
859133750 -1.838274 0.881059 1.220069 -5.312169 -8.132505 1.346707 1.042485 0.977826 1.322514
879113646 -0.745839 0.615270 -1.196073 -5.517657 -7.987062 1.390208 1.142777 0.951787 1.323977
899093541 -0.545948 0.452065 -0.579691 -5.781923 -7.805751 1.345361 1.243198 0.920600 1.342180
919073437 0.673072 -0.728436 1.287355 -6.043582 -7.607217 1.332573 1.092124 0.887856 1.353775
939053333 2.233250 -2.152493 2.069338 -6.043582 -7.607217 1.332573 1.299223 0.887856 1.353775
959033229 3.808336 -2.698744 1.198161 -6.245100 -7.427454 1.414936 1.057768 0.859306 1.347991
979013125 4.418138 -2.388026 -0.105501 -6.454675 -7.190083 1.676385 1.026129 0.822993 1.316694
998993021 4.057682 -1.503747 -1.330910 -6.454675 -7.190083 1.676385 1.091569 0.822993 1.316694
1018972916 2.826211 -0.552659 -1.828546 -6.567805 -7.059123 1.789721 1.181417 0.803558 1.304757
1038952812 2.556321 -0.385156 -1.199673 -6.613737 -7.008835 1.817992 1.128120 0.796198 1.302541
1058932708 2.595004 -0.628737 -0.909524 -6.647008 -6.972732 1.835398 1.026878 0.790949 1.301386
1078912604 2.017231 -0.896622 -0.698028 -6.647008 -6.972732 1.835398 1.115859 0.790949 1.301386
1098892500 1.915551 -0.810625 -0.997804 -6.709925 -6.913720 1.829692 0.992986 0.782428 1.304584
1118872396 1.998520 -0.874205 -0.767802 -6.709925 -6.913720 1.829692 1.116669 0.782428 1.304584
1138852291 1.717006 -0.876240 -0.179667 -6.723776 -6.906203 1.807093 0.969534 0.781347 1.308239
1158832187 0.796349 -0.603033 -0.435975 -6.722219 -6.910944 1.794720 1.193697 0.782029 1.309898
1178812083 0.181677 -0.114701 -1.061797 -6.744879 -6.916880 1.683381 1.160158 0.782882 1.326214
1198791979 0.011254 -0.072859 0.003016 -6.744879 -6.916880 1.683381 1.192470 0.782882 1.326214
1218771875 0.644492 0.299684 2.103935 -6.804833 -6.896792 1.516213 1.056997 0.779997 1.351563
1238751771 0.783300 -0.034835 2.754414 -6.809658 -6.879174 1.573501 1.230541 0.777473 1.343713
1258731666 0.558924 0.079371 0.894184 -6.809658 -6.879174 1.573501 1.100439 0.777473 1.343713
1278711562 0.413845 0.193357 -1.196000 -6.802072 -6.865378 1.663974 1.145818 0.775501 1.330880
1298691458 0.332761 0.215919 -1.497477 -6.798212 -6.861883 1.693889 1.263027 0.775002 1.326602
1318671354 -0.110353 0.295802 -0.238098 -6.805417 -6.862710 1.661297 1.149443 0.775120 1.331365
1338651250 0.595069 -0.175865 0.740242 -6.831805 -6.843025 1.633961 1.265254 0.772314 1.336037
1358631146 1.406987 -0.639682 0.988002 -6.836977 -6.834286 1.648836 1.161257 0.771070 1.334151
1378611041 1.436184 -0.638980 1.231856 -6.836977 -6.834286 1.648836 1.133797 0.771070 1.334151
1398590937 0.472952 0.075126 0.737024 -6.778255 -6.870038 1.740178 0.988335 0.776166 1.319494
1418570833 -0.009928 0.575281 -0.129492 -6.778255 -6.870038 1.740178 1.231668 0.776166 1.319494
1438550729 -0.012989 0.394333 -0.390911 -6.775977 -6.863960 1.772726 1.197357 0.775298 1.314912
1458530625 0.443846 -0.223250 0.244861 -6.788196 -6.847454 1.789741 1.285639 0.772944 1.313008
1478510521 0.839356 -0.488231 0.787945 -6.790215 -6.838882 1.814676 1.168115 0.771724 1.309651
1498490416 0.568459 -0.123620 0.587844 -6.774362 -6.842433 1.859980 1.189398 0.772229 1.302838
