0 0.178308 -0.252222 0.342824 7.683082 5.949049 -1.322672 -2.848808 -0.651820 -1.741279
19979583 0.038523 0.162093 0.101707 7.643237 5.990007 -1.367900 -2.935674 -0.657084 -1.747890
39959167 -0.086259 0.429225 0.010377 7.609424 6.031192 -1.375420 -2.808092 -0.662399 -1.749618
59938750 0.085625 0.371305 0.137727 7.608937 6.035574 -1.358789 -2.872907 -0.662966 -1.747512
79918333 0.263578 0.226355 -0.029917 7.602080 6.045334 -1.353778 -2.882557 -0.664229 -1.747029
99897917 0.266763 0.407714 -0.212054 7.602080 6.045334 -1.353778 -2.897142 -0.664229 -1.747029
119877500 0.003521 0.597873 -0.157355 7.590375 6.063997 -1.335869 -2.843553 -0.666649 -1.745007
139857083 -0.018054 0.417607 -0.032706 7.590375 6.063997 -1.335869 -2.865947 -0.666649 -1.745007
159836667 0.199999 0.194637 0.074404 7.596628 6.061428 -1.311761 -2.830973 -0.666315 -1.741787
179816250 0.152471 -0.055958 0.102710 7.621286 6.040425 -1.264773 -2.789675 -0.663594 -1.735250
199795833 0.620817 -0.434815 -0.208579 7.640718 6.020833 -1.240726 -2.802022 -0.661060 -1.731775
219775417 1.818775 -1.057022 -0.401933 7.640718 6.020833 -1.240726 -2.828128 -0.661060 -1.731775
239755000 2.598247 -2.094947 -0.684276 7.656481 6.008074 -1.204878 -2.847789 -0.659413 -1.726883
259734583 3.533699 -3.086284 -1.057009 7.673877 5.999006 -1.137509 -2.765481 -0.658244 -1.717956
279714167 7.350881 -5.826586 -1.762278 7.711859 5.966735 -1.046755 -2.761632 -0.654090 -1.705705
299693750 11.394754 -11.384141 -2.878274 7.690615 6.058501 -0.565155 -2.796077 -0.665936 -1.644151
319673333 12.932898 -17.252827 -1.560084 7.541823 6.267851 -0.072978 -2.706244 -0.693383 -1.580472
339652917 15.311781 -23.970970 2.152894 7.541823 6.267851 -0.072978 -2.717471 -0.693383 -1.580472
359632500 19.542864 -34.181934 8.163413 7.203715 6.640734 0.421334 -2.710695 -0.743905 -1.512374
379612083 20.472542 -44.804756 13.054587 5.335451 8.217840 0.412847 -2.698881 -0.993583 -1.493572
399591667 14.899653 -54.394722 9.376526 3.525503 9.150825 -0.060227 -2.770360 -1.203007 -1.587878
419571250 8.414314 -63.487427 5.796706 3.525503 9.150825 -0.060227 -2.933671 -1.203007 -1.587878
439550833 1.268576 -72.643135 8.289964 -1.867707 9.516398 -1.456103 1.036959 -1.326892 2.232987
459530417 -8.086657 -80.653191 9.068030 -1.867707 9.516398 -1.456103 0.833786 -1.326892 2.232987
479510000 -16.148584 -91.339439 3.875889 -4.861949 8.127371 -2.545129 0.694761 -0.976890 2.053050
499489583 -24.952627 -99.644554 -2.593478 -7.438815 5.391193 -3.430663 0.731875 -0.582063 2.002912
519469167 -31.863909 -97.643570 -3.661770 -9.137897 -2.091264 -2.880253 1.568359 0.214900 1.876138
539448750 -36.889297 -89.748100 -2.949230 -7.971688 -5.322463 -2.072187 1.750566 0.573696 1.825111
559428333 -45.383358 -75.242577 -5.152602 -6.192389 -7.495179 -1.283352 1.959755 0.869948 1.775150
579407917 -51.020660 -58.771339 -11.871242 -4.434089 -8.700684 -0.898524 1.907432 1.091290 1.770729
599387500 -54.421066 -42.197609 -11.215294 -4.434089 -8.700684 -0.898524 1.411559 1.091290 1.770729
619367083 -48.330639 -28.170090 -4.879290 -2.442636 -9.481344 -0.555016 1.659159 1.312505 1.794223
639346667 -34.661179 -26.372242 -0.143969 -1.764857 -9.640783 -0.333114 1.244838 1.386614 1.757350
659326250 -30.077435 -21.206776 0.216383 -1.092042 -9.745553 0.045043 1.405771 1.459112 1.529573
679305833 -30.953447 -14.021812 -4.268423 -1.092042 -9.745553 0.045043 1.176755 1.459112 1.529573
699285417 -30.554039 -4.895502 -10.793986 -0.501364 -9.781135 0.498441 2.031247 1.498643 0.788322
719265000 -28.431179 2.299379 -11.869058 -0.098899 -9.779228 0.726147 2.551492 1.495997 0.135364
739244583 -24.228367 5.213120 -7.457984 0.025121 -9.799709 0.368044 2.786483 1.533170 -0.068151
759224167 -19.947939 5.355422 -1.506492 0.025121 -9.799709 0.368044 2.832642 1.533170 -0.068151
779203750 -15.104876 4.754722 2.734334 -0.572631 -9.789594 -0.079524 0.882060 1.511810 1.708789
799183281 -8.985526 2.566041 4.497671 -0.572631 -9.789594 -0.079524 1.028597 1.511810 1.708789
819162813 -4.236438 0.107556 3.952476 -1.307845 -9.718947 -0.044573 0.975520 1.436956 1.604864
839142344 -2.036340 -0.664108 2.751209 -1.583875 -9.677834 0.035602 1.123129 1.408534 1.548322
859121875 -1.596067 0.204679 1.762603 -1.583875 -9.677834 0.035602 1.065912 1.408534 1.548322
879101406 -1.014435 0.745596 0.366591 -2.204737 -9.554090 0.170000 1.016394 1.343353 1.493842
899080938 -0.253138 0.508018 -0.586699 -2.552868 -9.467530 0.138285 1.102893 1.307047 1.516681
919060469 0.455190 -0.207039 0.044347 -2.918279 -9.362132 0.067233 0.989729 1.268555 1.547762
939040000 1.697555 -0.545801 1.376057 -3.267877 -9.246128 0.022192 1.016913 1.231060 1.564006
959019531 3.224132 -1.857697 2.231687 -3.541025 -9.144909 0.046625 0.933710 1.201333 1.557630
978999063 3.727646 -1.847626 2.016411 -3.744288 -9.062672 0.136697 0.886434 1.178766 1.534304
998978594 4.181418 -1.323633 1.011119 -3.744288 -9.062672 0.136697 1.098546 1.178766 1.534304
1018958125 3.691530 -0.440830 0.060167 -3.997852 -8.945585 0.405057 1.005352 1.148611 1.469822
1038937656 3.635259 -0.599054 -1.508550 -3.997852 -8.945585 0.405057 1.005352 1.148611 1.469822
1058917188 3.257329 -0.704515 -2.221884 -4.143558 -8.872234 0.533644 1.052962 1.130713 1.442713
1078896719 2.803164 -0.303586 -1.919052 -4.169171 -8.861601 0.510317 1.039254 1.128174 1.449000
1098876250 1.735796 -0.086967 -1.227738 -4.185178 -8.856608 0.463854 1.065587 1.126987 1.460414
1118855781 0.735581 0.386384 -0.732266 -4.214816 -8.845098 0.412265 1.055246 1.124261 1.473293
1138835313 0.067395 0.515224 -0.571666 -4.263606 -8.824148 0.355609 1.025050 1.119340 1.487583
1158814844 0.081767 0.785377 -0.808365 -4.333203 -8.792898 0.280490 1.197660 1.112090 1.506156
1178794375 0.760659 0.756493 -0.668536 -4.402076 -8.760872 0.198123 1.245101 1.104769 1.525820
1198773906 1.365842 0.513432 -0.357195 -4.402076 -8.760872 0.198123 1.245101 1.104769 1.525820
1218753438 1.241067 0.519665 -0.022676 -4.446683 -8.739450 0.139284 1.245800 1.099931 1.539483
1238732969 1.146566 0.423153 -0.750666 -4.471414 -8.727017 0.126533 1.092152 1.097144 1.542506
1258712500 0.825385 -0.247559 -1.117324 -4.447543 -8.739996 0.047000 1.174692 1.100053 1.560229
1278692031 0.865596 -0.782933 -0.332335 -4.366870 -8.780694 -0.015921 1.199080 1.109287 1.574442
1298671563 -0.462349 0.044168 0.388565 -4.306667 -8.810164 -0.063488 1.235158 1.116082 1.585537
1318651094 -1.071578 1.183406 0.747055 -4.293557 -8.816329 -0.089982 1.189513 1.117516 1.591751
1338630625 -1.148559 0.954163 0.851106 -4.316726 -8.804925 -0.097807 1.203784 1.114868 1.593450
1358610156 -0.862908 0.764332 0.666982 -4.365659 -8.780684 -0.104952 1.147766 1.109285 1.594832
1378589688 -0.692461 0.865436 0.564184 -4.442015 -8.742216 -0.111993 1.199939 1.100553 1.596003
1398569219 -0.469798 0.728618 0.723351 -4.540620 -8.691510 -0.103932 1.159962 1.089266 1.593682
1418548750 -0.198487 0.729761 0.663685 -4.540620 -8.691510 -0.103932 1.159962 1.089266 1.593682
1438528281 0.336520 0.340267 0.349681 -4.662978 -8.626703 -0.083700 1.184504 1.075187 1.588744
1458507813 0.985932 -0.124356 0.329434 -4.911648 -8.487944 -0.030186 1.145756 1.046206 1.576942
1478487344 1.530688 -0.361567 0.212843 -4.911648 -8.487944 -0.030186 1.230319 1.046206 1.576942
1498466875 1.493726 -0.300296 -0.009109 -4.997911 -8.437484 0.012301 1.198550 1.036022 1.568335
