0 0.132850 0.045258 0.057518 9.390387 -2.566982 1.183906 1.488985 0.264845 -1.445382
19979219 -0.055264 0.056431 0.081296 9.395488 -2.554718 1.169877 1.519716 0.263549 -1.446919
39958438 -0.149595 0.141484 -0.104340 9.395488 -2.554718 1.169877 1.522172 0.263549 -1.446919
59937656 -0.120343 0.209157 -0.327860 9.400284 -2.545818 1.150594 1.563831 0.262609 -1.449002
79916875 -0.220184 0.258378 -0.491229 9.406545 -2.529356 1.135629 1.508147 0.260871 -1.450650
99896094 -0.545515 0.250659 -0.057925 9.412024 -2.512245 1.128201 1.501018 0.259066 -1.451498
119875313 -0.591159 0.367539 0.577332 9.410313 -2.514587 1.137207 1.441923 0.259313 -1.450533
139854531 -0.305329 0.622345 0.894425 9.409194 -2.518544 1.137718 1.529248 0.259730 -1.450465
159833750 0.614713 1.074850 0.867518 9.409194 -2.518544 1.137718 1.412297 0.259730 -1.450465
179812969 2.402156 1.576058 1.269055 9.392241 -2.596421 1.102166 1.487123 0.267956 -1.453982
199792188 4.641776 2.042281 1.903740 9.389358 -2.592484 1.135500 1.499304 0.267540 -1.450446
219771406 7.482006 3.195142 3.087287 9.410091 -2.478087 1.216409 1.550806 0.255464 -1.442243
239750625 10.964485 3.633162 2.792815 9.461347 -2.204520 1.339181 1.479304 0.226736 -1.430188
259729844 12.476095 4.175694 1.585183 9.461347 -2.204520 1.339181 1.478781 0.226736 -1.430188
279709063 11.779913 4.423475 0.583151 9.590956 -1.292769 1.585150 1.335330 0.132211 -1.407002
299688281 11.408931 5.492627 0.780536 9.590956 -1.292769 1.585150 1.556854 0.132211 -1.407002
319667500 14.024402 5.741991 1.573269 9.629113 -0.778578 1.686533 1.426478 0.079477 -1.397406
339646719 17.519695 6.105681 2.972655 9.632441 -0.204764 1.828809 1.564337 0.020882 -1.383170
359625938 21.640581 4.813485 5.240990 9.595313 0.533908 1.953275 1.481344 -0.054470 -1.369975
379605156 25.202543 1.367810 5.748586 9.485327 1.462056 2.015284 1.585269 -0.149646 -1.361446
399584375 28.561798 -3.184614 5.670589 8.851430 3.684628 2.060603 1.270184 -0.385182 -1.342071
419563594 32.054920 -8.973292 6.095474 8.851430 3.684628 2.060603 1.597335 -0.385182 -1.342071
439542813 34.154800 -15.264498 4.294209 7.320445 6.150963 2.178788 1.359559 -0.677983 -1.281515
459522031 32.749527 -21.181156 3.804980 6.079336 7.248749 2.582191 1.489625 -0.831832 -1.169138
479501250 30.983067 -26.677620 6.349455 6.079336 7.248749 2.582191 1.931661 -0.831832 -1.169138
499480469 30.356037 -32.259174 8.370366 2.787997 8.929536 2.942932 1.743568 -1.144635 -0.758370
519459688 27.260551 -37.163609 6.035906 0.897813 9.415402 2.591239 2.064054 -1.287373 -0.333536
539438906 21.092972 -38.901527 0.739541 -0.999208 9.559502 1.946252 2.885252 -1.345813 0.474311
559418125 13.520866 -37.783409 -4.654212 -2.759452 9.343315 1.121724 -2.790477 -1.262174 1.184697
579397344 5.791838 -35.382675 -8.655522 -2.759452 9.343315 1.121724 -2.445649 -1.262174 1.184697
599376563 0.393506 -34.348503 -12.380556 -4.266379 8.823442 0.339498 -2.107313 -1.119175 1.491388
619355781 -6.235344 -30.026318 -10.307410 -6.401931 7.415281 -0.446408 -2.433364 -0.857407 1.640414
639335000 -9.365604 -24.378288 -8.256775 -6.401931 7.415281 -0.446408 -2.262070 -0.857407 1.640414
659314219 -9.837006 -19.954439 -8.917068 -7.105858 6.689731 -0.961604 -2.286327 -0.750716 1.705305
679293438 -7.432931 -16.196621 -9.129388 -7.097375 6.650575 -1.252004 -2.223968 -0.745269 1.745404
699272656 -4.734533 -12.581563 -6.574134 -7.017299 6.686680 -1.488694 -2.282763 -0.750291 1.779843
719251875 -2.601073 -9.550472 -3.521363 -6.946527 6.717128 -1.672228 -2.215046 -0.754544 1.807030
739231094 -2.327600 -7.143013 -1.803413 -6.946527 6.717128 -1.672228 -2.267037 -0.754544 1.807030
759210313 -1.975960 -4.928445 -1.576436 -6.844406 6.798096 -1.763629 -2.267810 -0.765937 1.822985
779189531 -1.112296 -2.765970 -1.971081 -6.844406 6.798096 -1.763629 -2.242238 -0.765937 1.822985
799168750 -0.249975 -1.193676 -2.385362 -6.757117 6.906273 -1.677837 -2.159273 -0.781358 1.814180
819147969 -0.384371 0.037859 -2.447044 -6.691167 6.966664 -1.692412 -2.147806 -0.790069 1.818533
839127188 -0.979957 0.724760 -1.871371 -6.601817 7.046835 -1.711288 -2.100373 -0.801754 1.824429
859106406 -0.982478 1.170677 -1.065567 -6.601817 7.046835 -1.711288 -2.146443 -0.801754 1.824429
879085625 0.415895 1.043827 -0.865993 -6.486691 7.151924 -1.715576 -2.121367 -0.817288 1.829353
899064844 2.369874 1.375866 -0.975381 -6.377161 7.253716 -1.698773 -2.188918 -0.832585 1.831135
919044063 3.199501 1.484385 -0.566139 -6.319303 7.311738 -1.665915 -2.221497 -0.841419 1.828555
939023281 2.352405 1.102371 0.202271 -6.360290 7.289113 -1.608085 -2.114014 -0.837964 1.818439
959002500 1.136690 0.963664 0.384695 -6.360290 7.289113 -1.608085 -2.102489 -0.837964 1.818439
978981719 0.420372 0.699822 -0.085442 -6.445888 7.215773 -1.597979 -2.180190 -0.826853 1.813804
998960938 -0.110894 0.489589 -0.327729 -6.478788 7.189101 -1.585091 -2.107651 -0.822846 1.810742
1018940156 -0.268972 0.313247 -0.195297 -6.511315 7.162258 -1.573283 -2.092137 -0.818830 1.807875
1038919375 -0.541340 0.362529 0.105101 -6.511315 7.162258 -1.573283 -2.130697 -0.818830 1.807875
1058898594 -1.046741 0.419571 0.389377 -6.586870 7.097349 -1.552795 -2.055943 -0.809190 1.802310
1078877813 -0.899508 0.372361 0.101145 -6.586870 7.097349 -1.552795 -2.114689 -0.809190 1.802310
1098857031 -1.044593 0.417761 -0.336398 -6.674543 7.024272 -1.510117 -2.079978 -0.798452 1.793301
1118836250 -1.258676 0.166634 -0.441714 -6.701514 7.007961 -1.465801 -2.164960 -0.796071 1.786132
1138815469 -0.887352 -0.113697 0.283158 -6.711960 7.008682 -1.413627 -2.153240 -0.796176 1.778376
1158794688 -0.133747 -0.359147 0.629704 -6.709444 7.015573 -1.391216 -2.080667 -0.797181 1.775251
1178773906 0.521293 -0.455801 0.604846 -6.710780 7.014366 -1.390857 -2.139522 -0.797005 1.775160
1198753125 0.714232 -0.599132 0.690486 -6.720478 7.003118 -1.400679 -2.061714 -0.795365 1.776274
1218732344 0.672820 -0.780929 0.594664 -6.720478 7.003118 -1.400679 -2.210473 -0.795365 1.776274
1238711563 0.939426 -1.268958 -0.010376 -6.768570 6.953592 -1.415766 -2.087447 -0.788177 1.776991
1258690781 1.155743 -1.762602 -0.776632 -6.795529 6.921882 -1.441779 -2.216019 -0.783602 1.779862
1278670000 0.819608 -1.712064 -1.602263 -6.819598 6.885818 -1.499660 -2.082915 -0.778424 1.787256
1298649219 -0.201012 -1.225106 -2.520105 -6.819598 6.885818 -1.499660 -2.173461 -0.778424 1.787256
1318628438 -1.750395 -0.681494 -2.953019 -6.848348 6.843195 -1.562435 -2.075283 -0.772338 1.795105
1338607656 -2.592319 -0.177306 -2.003674 -6.848348 6.843195 -1.562435 -2.303797 -0.772338 1.795105
1358586875 -1.905082 0.512640 0.394423 -6.853502 6.906760 -1.223346 -2.271591 -0.781428 1.747435
1378566094 0.254025 0.761424 2.367610 -6.909697 6.882481 -1.028564 -2.279588 -0.777946 1.718569
1398545313 3.008337 1.126156 2.606083 -7.065516 6.746871 -0.853579 -2.285623 -0.758715 1.691023
1418524531 2.647430 0.997551 2.274496 -7.278175 6.537466 -0.678304 -2.325748 -0.729686 1.663725
1438503750 0.612992 0.798200 2.043301 -7.479342 6.322009 -0.511894 -2.350708 -0.700586 1.639131
1458482969 -0.503507 0.735702 1.575880 -7.636333 6.139952 -0.397252 -2.221316 -0.676543 1.622771
1478462188 -1.079446 0.795209 0.569579 -7.741696 6.007533 -0.382218 -2.262858 -0.659343 1.620128
