0 -0.653399 -0.147939 0.224640 8.712149 -4.084514 1.893565 1.816066 0.429597 -1.356777
19979114 -0.406844 -0.029973 0.603074 8.705619 -4.134905 1.812500 1.866291 0.435256 -1.365530
39958229 -0.645284 0.083116 0.317393 8.705619 -4.134905 1.812500 1.851684 0.435256 -1.365530
59937343 -0.806024 0.298378 -0.238970 8.708708 -4.187498 1.671422 1.846287 0.441179 -1.381177
79916458 -0.583156 0.515896 -0.511033 8.695750 -4.238230 1.609880 1.873046 0.446908 -1.387735
99895572 0.160603 0.667677 -0.017355 8.685856 -4.279444 1.553272 1.786300 0.451573 -1.393839
119874687 0.590382 0.857345 0.500561 8.686265 -4.300577 1.491385 1.871905 0.453970 -1.400760
139853802 0.348115 1.331878 0.761919 8.689670 -4.315294 1.427674 1.794254 0.455640 -1.407956
159832916 0.463178 2.054415 0.884105 8.689670 -4.315294 1.427674 1.764321 0.455640 -1.407956
179812031 1.714083 2.952152 0.802419 8.691238 -4.334075 1.359617 1.784453 0.457774 -1.415619
199791145 5.174405 4.569977 1.015121 8.685884 -4.356082 1.323012 1.758105 0.460278 -1.419641
219770260 8.900388 7.906396 0.810985 8.677311 -4.371738 1.327620 1.742446 0.462060 -1.418975
239749375 19.852989 9.031125 4.956315 8.677311 -4.371738 1.327620 1.742446 0.462060 -1.418975
259728489 31.471710 8.717017 16.353695 8.992375 -3.457362 1.831451 1.626965 0.360298 -1.369877
279707604 35.113358 5.159988 17.297758 9.320099 -2.285190 2.020900 1.510105 0.235187 -1.357269
299686718 32.832001 0.167599 4.772529 9.320099 -2.285190 2.020900 1.766552 0.235187 -1.357269
319665833 32.329533 -4.044751 -0.279777 9.530601 -0.929352 2.115263 1.819886 0.094910 -1.352392
339644947 38.455910 -9.878658 1.167558 9.535547 0.495322 2.235709 1.857108 -0.050530 -1.340496
359624062 45.012272 -18.147240 4.487772 9.294245 2.054742 2.359116 1.930018 -0.211090 -1.322220
379603177 47.190033 -26.712084 7.635011 8.720920 3.792110 2.394964 1.996402 -0.397037 -1.302781
399582291 46.986431 -34.841663 7.647343 7.699548 5.561063 2.441707 2.145290 -0.602945 -1.263705
419561406 48.745178 -43.477562 7.763291 6.175216 7.172513 2.567519 2.342119 -0.820362 -1.176763
439540520 45.995529 -51.138680 9.197497 1.692919 9.418088 2.145701 1.874680 -1.288354 -0.667987
459519687 38.798172 -55.748028 6.558463 -0.943456 9.644949 1.501744 3.103120 -1.388948 0.560926
479498854 31.292564 -57.235512 1.397022 -0.943456 9.644949 1.501744 -2.433858 -1.388948 0.560926
499478020 21.113537 -54.768761 -1.742143 -5.644689 8.019114 0.041019 -2.275680 -0.957442 1.563530
519457187 10.040754 -45.881363 1.204241 -7.154765 6.663992 -0.755587 -1.633891 -0.747133 1.676012
539436354 3.376058 -36.901600 4.044009 -8.126016 5.312983 -1.382201 -2.086566 -0.572546 1.739280
559415520 3.575654 -31.963284 0.996585 -8.774801 3.990160 -1.803297 -2.073078 -0.419039 1.773483
579394687 1.754925 -28.676153 -3.578225 -9.155725 2.833380 -2.077266 -1.678150 -0.293103 1.793901
599373854 -4.385178 -23.151722 -1.368037 -9.277610 2.044661 -2.432219 -1.665696 -0.210038 1.827187
619353020 -5.362798 -19.327213 1.212892 -9.250316 1.556910 -2.859735 -1.772625 -0.159435 1.870626
639332187 -4.003925 -17.687239 0.714760 -9.184155 1.255958 -3.200668 -1.730226 -0.128425 1.906133
659311354 -3.362656 -15.873386 -2.307169 -9.153824 1.090345 -3.345001 -1.634844 -0.111415 1.921143
679290520 -2.407310 -13.427771 -5.292256 -9.158007 1.023132 -3.354772 -1.531334 -0.104521 1.921937
699269739 -2.322789 -10.577767 -7.079480 -9.134953 1.056033 -3.407025 -1.601614 -0.107895 1.927782
719248958 -3.250058 -8.172694 -7.602370 -9.134953 1.056033 -3.407025 -1.563917 -0.107895 1.927782
739228177 -3.629436 -5.693416 -5.779078 -9.071159 1.223580 -3.519562 -1.608904 -0.125096 1.940911
759207395 -1.931890 -3.812933 -3.597100 -8.903399 1.800363 -3.695751 -1.587248 -0.184633 1.964247
779186614 0.257728 -2.179957 -2.727925 -8.853626 2.071988 -3.672951 -1.480527 -0.212888 1.964041
799165833 1.599934 -0.333400 -3.347143 -8.853626 2.071988 -3.672951 -1.633475 -0.212888 1.964041
819145052 2.044878 1.053445 -3.669141 -8.816943 2.317240 -3.614180 -1.576827 -0.238549 1.959819
839124270 1.631616 1.709494 -2.173785 -8.647047 2.800078 -3.682189 -1.498807 -0.289558 1.973372
859103489 1.188502 2.257442 0.339540 -8.647047 2.800078 -3.682189 -1.646196 -0.289558 1.973372
879082708 1.516124 2.452427 1.796018 -8.498908 3.175492 -3.722256 -1.487069 -0.329754 1.983600
899061927 1.741082 2.310167 1.963761 -8.485773 3.273470 -3.666936 -1.545360 -0.340333 1.978689
919041145 1.590379 2.274974 1.345897 -8.485773 3.273470 -3.666936 -1.575620 -0.340333 1.978689
939020364 1.125713 2.178482 0.647062 -8.539107 3.336776 -3.481373 -1.717130 -0.347190 1.957921
958999583 0.143360 1.692856 -0.064848 -8.556200 3.361984 -3.414512 -1.603056 -0.349925 1.950500
978978802 0.079823 1.139738 -0.649784 -8.552486 3.406892 -3.379120 -1.605720 -0.354804 1.947075
998958020 -0.115108 0.885491 -0.259232 -8.532364 3.474263 -3.361346 -1.627704 -0.362140 1.946079
1018937239 0.041911 0.604088 0.325329 -8.506693 3.550485 -3.346732 -1.561942 -0.370465 1.945620
1038916458 0.932167 0.242548 0.951814 -8.506693 3.550485 -3.346732 -1.614471 -0.370465 1.945620
1058895677 1.068304 0.138903 1.759726 -8.486151 3.603199 -3.342543 -1.596787 -0.376238 1.946018
1078874895 0.495505 0.120969 1.944052 -8.475232 3.623610 -3.348175 -1.615678 -0.378477 1.947032
1098854114 0.233778 0.208452 1.481654 -8.477132 3.624334 -3.342578 -1.545022 -0.378556 1.946384
1118833333 0.382615 0.283883 0.458535 -8.473994 3.621358 -3.353741 -1.625688 -0.378230 1.947650
1138812552 0.628002 0.458742 -0.136075 -8.473994 3.621358 -3.353741 -1.638947 -0.378230 1.947650
1158791770 0.839511 0.496805 -0.145291 -8.457034 3.629278 -3.387818 -1.533023 -0.379099 1.951813
1178770989 0.356555 0.464757 -0.064151 -8.440438 3.625603 -3.432840 -1.607463 -0.378695 1.957077
1198750208 0.143231 0.592097 -0.212387 -8.427280 3.614572 -3.476522 -1.619829 -0.377485 1.962059
1218729427 0.013796 0.509533 -0.699629 -8.428842 3.596838 -3.491100 -1.465020 -0.375541 1.963471
1238708645 -0.373637 0.551726 -0.688491 -8.436634 3.582589 -3.486925 -1.469543 -0.373979 1.962722
1258687864 -0.134704 0.428271 -0.411781 -8.436313 3.585053 -3.485170 -1.701045 -0.374249 1.962558
1278667083 0.166682 0.292938 -0.403624 -8.436313 3.585053 -3.485170 -1.651585 -0.374249 1.962558
1298646302 0.045234 0.277979 -0.349643 -8.428007 3.586301 -3.503931 -1.560178 -0.374386 1.964805
1318625520 -0.042773 0.246192 -0.218220 -8.430175 3.589006 -3.495936 -1.653229 -0.374682 1.963905
1338604739 -0.260221 0.233963 -0.030170 -8.426890 3.600811 -3.491714 -1.548853 -0.375976 1.963615
1358583958 -0.321786 0.273731 0.168987 -8.416515 3.618191 -3.498764 -1.537173 -0.377882 1.964765
1378563177 -0.326376 0.275120 0.106083 -8.416515 3.618191 -3.498764 -1.588791 -0.377882 1.964765
1398542395 -0.418512 0.358354 -0.050678 -8.405499 3.635566 -3.507223 -1.625818 -0.379789 1.966087
1418521614 -0.302085 0.408793 -0.143718 -8.402149 3.652216 -3.497940 -1.605126 -0.381618 1.965288
1438500833 -0.077569 0.556219 -0.316229 -8.404092 3.687984 -3.455488 -1.491335 -0.385551 1.960893
1458480052 0.110037 0.541033 -0.425736 -8.404092 3.687984 -3.455488 -1.602551 -0.385551 1.960893
1478459270 0.005516 0.647326 -0.143853 -8.369366 3.740222 -3.483511 -1.643800 -0.391307 1.965208
