0 -0.667998 -0.062795 -0.223329 8.358314 -4.423419 2.596603 1.469428 0.467956 -1.269588
19979167 -0.980855 0.037946 -0.228720 8.363986 -4.431414 2.564506 1.332034 0.468870 -1.273284
39958334 -0.948712 0.171309 0.081227 8.350738 -4.491176 2.502981 1.408523 0.475713 -1.279586
59937500 -0.902019 0.216359 0.215225 8.350738 -4.491176 2.502981 1.469225 0.475713 -1.279586
79916667 -0.684299 0.246694 0.246649 8.351238 -4.559104 2.375243 1.320084 0.483521 -1.293695
99895834 -0.821418 0.318127 0.057420 8.351238 -4.559104 2.375243 1.297571 0.483521 -1.293695
119875000 -1.174241 0.416381 -0.281813 8.357674 -4.598270 2.274991 1.396704 0.488037 -1.305032
139854167 -1.262518 0.351058 -0.344848 8.331132 -4.759233 2.027889 1.475867 0.506714 -1.332029
159833334 -1.166657 0.310222 0.169546 8.302730 -4.867928 1.881047 1.391444 0.519436 -1.348000
179812500 -0.585135 0.390356 0.907462 8.279575 -4.962316 1.730444 1.416069 0.530559 -1.364761
199791667 -0.181811 0.591761 1.228600 8.260906 -5.038654 1.593667 1.387125 0.539608 -1.380221
219770834 -0.445629 1.110663 1.351189 8.231316 -5.127012 1.459307 1.370724 0.550144 -1.395332
239750000 -0.078205 1.768691 1.866521 8.231316 -5.127012 1.459307 1.371591 0.550144 -1.395332
259729167 3.179154 2.462080 3.163586 8.183983 -5.239254 1.320241 1.370266 0.563626 -1.410854
279708334 9.073634 3.516896 4.732594 8.248776 -5.184779 1.116305 1.267461 0.557069 -1.436284
299687500 12.851547 5.418993 3.876149 8.248776 -5.184779 1.116305 1.300802 0.557069 -1.436284
319666667 17.187946 6.842653 0.148579 8.393105 -4.956312 1.077570 1.324837 0.529849 -1.443107
339645834 21.886896 7.313281 2.438321 8.791641 -4.038283 1.603031 1.103700 0.424418 -1.390442
359625000 25.313877 5.720139 6.245914 9.107845 -3.137085 1.837457 1.097878 0.325617 -1.371724
379604167 27.409634 3.773791 4.106247 9.436373 -1.955603 1.816833 1.067661 0.200762 -1.380589
399583334 27.890574 0.187329 0.774808 9.436373 -1.955603 1.816833 1.348046 0.200762 -1.380589
419562500 29.271805 -3.481901 1.738226 9.627042 -0.641693 1.754621 1.275092 0.065481 -1.390516
439541667 31.846445 -8.552706 3.889744 9.417921 2.277487 1.512021 0.987451 -0.234379 -1.411608
459520834 32.589226 -13.466034 6.774758 9.417921 2.277487 1.512021 1.543006 -0.234379 -1.411608
479500000 31.394751 -17.208672 10.750199 8.983563 3.776936 1.095776 1.468397 -0.395360 -1.449420
499479167 32.551605 -20.224152 10.102374 7.423842 6.402306 0.259670 1.090113 -0.711345 -1.535833
519458334 37.409866 -23.970230 11.083551 6.277834 7.533516 -0.072902 1.007229 -0.876032 -1.582408
539437500 43.756943 -29.760090 11.580181 4.753473 8.569529 -0.371590 0.929433 -1.063063 -1.648810
559416667 45.256393 -36.767967 7.918287 2.856831 9.375147 -0.339901 0.971884 -1.273046 -1.689218
579395834 42.645893 -44.741211 6.051900 0.675295 9.782554 -0.126503 0.827525 -1.500680 -1.755980
599375000 38.097168 -51.670181 10.081866 -1.692689 9.656636 -0.233610 -2.155633 -1.395660 1.707941
619354167 29.210667 -55.010910 10.030195 -1.692689 9.656636 -0.233610 -1.033280 -1.395660 1.707941
639333334 17.756428 -52.141621 2.133531 -3.968618 8.928624 -0.836739 -1.639955 -1.144410 1.778592
659312500 8.606243 -47.226601 -7.777264 -7.261246 6.256217 -2.074715 -2.400388 -0.691842 1.849105
679291667 -1.637314 -39.365147 -10.116203 -8.110311 4.968977 -2.387995 -2.296607 -0.531346 1.857144
699270834 -6.677853 -33.069000 -4.538222 -8.110311 4.968977 -2.387995 -1.972285 -0.531346 1.857144
719250000 -9.882602 -27.256033 0.602747 -8.851516 3.199252 -2.754240 -2.269315 -0.332316 1.872460
739229167 -10.714026 -22.489655 1.762052 -8.851516 3.199252 -2.754240 -2.216919 -0.332316 1.872460
759208334 -8.483358 -19.065639 -0.274172 -8.991196 2.712859 -2.822974 -2.141972 -0.280290 1.875021
779187500 -6.631147 -15.688871 -2.972512 -9.088783 2.313156 -2.865957 -2.207569 -0.238120 1.876256
799166667 -5.353638 -12.736917 -3.613309 -9.088783 2.313156 -2.865957 -2.026698 -0.238120 1.876256
819145834 -3.998967 -10.168884 -2.087781 -8.967501 2.515084 -3.070616 -1.995512 -0.259365 1.900699
839125000 -1.341794 -7.253354 -0.505054 -8.881305 2.668229 -3.189571 -2.049387 -0.275558 1.915584
859104167 1.272947 -4.787978 -0.767153 -8.812852 2.746052 -3.311075 -1.950609 -0.283814 1.930189
879083334 1.575099 -2.664576 -3.829125 -8.744141 2.785010 -3.457472 -1.899202 -0.287955 1.947335
899062500 -0.098866 -0.473633 -7.039010 -8.744141 2.785010 -3.457472 -2.015072 -0.287955 1.947335
919041667 -1.567649 0.626823 -7.325339 -8.672743 2.871978 -3.564501 -1.894284 -0.297217 1.960750
939020834 -1.511478 0.944971 -4.699509 -8.475158 3.294530 -3.672622 -1.971620 -0.342612 1.979710
959000000 -0.604708 0.987805 -2.398633 -8.348115 3.561816 -3.713870 -1.929647 -0.371705 1.989380
978979167 0.101937 1.065402 -1.673223 -8.211385 3.833797 -3.747736 -1.892835 -0.401651 1.998966
998958334 1.047985 1.119509 -0.310660 -8.211385 3.833797 -3.747736 -2.030707 -0.401651 1.998966
1018937500 2.403229 0.616061 1.285154 -8.011211 4.199611 -3.788687 -1.908799 -0.442546 2.012549
1038916667 2.197125 0.731762 1.282063 -8.011211 4.199611 -3.788687 -1.943663 -0.442546 2.012549
1058895834 1.818499 0.656945 -0.242723 -7.917259 4.338975 -3.828928 -1.866350 -0.458331 2.021253
1078875000 1.319043 0.763780 -1.450111 -7.887683 4.400712 -3.819499 -1.716992 -0.465364 2.021753
1098854167 1.189711 0.669735 -1.123240 -7.887683 4.400712 -3.819499 -1.830943 -0.465364 2.021753
1118833334 0.713923 0.658108 -0.125800 -7.864414 4.457420 -3.801682 -1.769277 -0.471845 2.021079
1138812500 0.398564 0.707583 0.365697 -7.826523 4.536078 -3.786810 -1.885198 -0.480871 2.021435
1158791667 0.900600 0.549292 0.335251 -7.823066 4.542499 -3.786256 -1.858343 -0.481609 2.021551
1178770834 1.133625 0.568628 0.318039 -7.843776 4.519937 -3.770377 -1.673127 -0.479015 2.018872
1198750000 0.886853 0.462246 -0.200387 -7.843776 4.519937 -3.770377 -1.769724 -0.479015 2.018872
1218729167 0.167260 0.464900 -1.345748 -7.897753 4.454971 -3.734853 -1.804241 -0.471564 2.012530
1238708334 -0.640415 0.260421 -1.885818 -7.897753 4.454971 -3.734853 -1.777301 -0.471564 2.012530
1258687500 -0.478939 0.287529 -1.266208 -7.884580 4.479319 -3.733564 -1.817110 -0.474353 2.013042
1278666667 -0.125131 0.203200 -0.496089 -7.809147 4.591791 -3.755404 -1.664877 -0.487289 2.019046
1298645834 -0.216463 0.089557 0.416627 -7.765145 4.648286 -3.777080 -1.737321 -0.493820 2.023517
1318625000 -0.059810 0.036810 1.064533 -7.745743 4.682985 -3.774058 -1.869199 -0.497843 2.024186
1338604167 0.066058 0.032123 0.707527 -7.757946 4.702951 -3.723830 -1.759289 -0.500162 2.018318
1358583334 -0.028183 0.182159 0.051989 -7.788168 4.720531 -3.637501 -1.824021 -0.502206 2.007742
1378562500 -0.054226 0.265652 -0.399894 -7.808946 4.746684 -3.558054 -1.731145 -0.505251 1.998329
1398541667 0.400630 0.277876 -0.943347 -7.822541 4.772636 -3.492877 -1.769062 -0.508278 1.990748
1418520834 0.370245 0.319700 -0.801159 -7.822541 4.772636 -3.492877 -1.792291 -0.508278 1.990748
1438500000 -0.214667 0.326246 -0.038354 -7.818498 4.828930 -3.423873 -1.870930 -0.514861 1.983559
1458479167 -0.426576 0.197433 0.554002 -7.818498 4.828930 -3.423873 -1.899718 -0.514861 1.983559
1478458334 -0.279742 0.183777 0.814311 -7.806734 4.866407 -3.397555 -1.923937 -0.519257 1.981282
