0 -0.378946 0.127742 -0.107961 6.161088 -7.528590 1.237624 1.559934 0.875248 -1.372557
19979114 0.046075 0.370142 -0.373950 6.163378 -7.527830 1.230833 1.598295 0.875127 -1.373688
39958229 0.173231 0.550124 -0.735696 6.163378 -7.527830 1.230833 1.574292 0.875127 -1.373688
59937396 0.004361 0.537503 -0.734742 6.183590 -7.517421 1.192467 1.621541 0.873473 -1.380291
79916562 -0.073296 0.496699 -0.296556 6.210995 -7.513229 1.070193 1.563085 0.872807 -1.400166
99895729 0.108932 0.488365 0.276721 6.226274 -7.507466 1.020708 1.595783 0.871893 -1.408306
119874896 0.393055 0.310634 0.590747 6.226274 -7.507466 1.020708 1.583333 0.871893 -1.408306
139854062 0.508334 0.439766 0.722566 6.246988 -7.495678 0.979966 1.580331 0.870027 -1.415194
159833229 0.682319 0.667043 1.605472 6.324267 -7.448406 0.833835 1.565145 0.862584 -1.439705
179812396 1.227626 0.489112 2.129591 6.408479 -7.388705 0.713313 1.583983 0.853276 -1.459945
199791562 1.322670 0.226458 2.101870 6.408479 -7.388705 0.713313 1.633324 0.853276 -1.459945
219770729 1.096581 -0.185174 1.955711 6.524866 -7.296468 0.598390 1.674676 0.839086 -1.479343
239749896 0.232329 0.167386 1.777609 6.655004 -7.184410 0.515330 1.554488 0.822143 -1.493516
259729062 -0.092761 1.013285 1.727601 6.842687 -7.007372 0.494716 1.529938 0.795985 -1.498623
279708229 1.268200 1.647230 1.899468 6.842687 -7.007372 0.494716 1.580141 0.795985 -1.498623
299687396 4.051470 2.489273 2.026548 6.943023 -6.899916 0.596630 1.594261 0.780445 -1.485075
319666562 8.198730 4.036995 1.600500 6.985799 -6.856304 0.600077 1.574974 0.774206 -1.485107
339645729 17.093351 3.630392 1.585237 7.164118 -6.676634 0.518040 1.546238 0.748891 -1.498612
359624896 26.211737 2.319269 4.722913 7.561163 -6.229150 0.443742 1.558591 0.688263 -1.512177
379604062 30.436832 -0.947659 8.671816 7.561163 -6.229150 0.443742 1.835304 0.688263 -1.512177
399583229 30.441097 -5.668319 9.355999 8.688733 -4.528702 0.408860 1.650763 0.480022 -1.523775
419562396 31.351822 -10.216181 10.409345 8.688733 -4.528702 0.408860 1.963459 0.480022 -1.523775
439541562 33.716064 -15.175926 11.137914 9.209091 -3.318855 0.590114 1.960350 0.345247 -1.506804
459520729 34.351723 -22.012983 4.473505 9.604952 -1.819875 0.776747 2.131483 0.186658 -1.490103
479499896 35.867481 -27.819561 -1.038580 9.766848 -0.135514 0.872192 2.166991 0.013819 -1.481731
499479062 38.115772 -33.812378 -2.042754 9.074427 3.498158 1.260181 1.898217 -0.364747 -1.432807
519458229 36.956631 -40.125847 -2.193516 9.074427 3.498158 1.260181 2.245852 -0.364747 -1.432807
539437396 35.433594 -44.576477 -0.577147 8.131159 5.236701 1.622222 2.391230 -0.563318 -1.373875
559416562 32.529488 -49.087002 1.190526 6.781854 6.792817 2.008606 2.460495 -0.765191 -1.282854
579395729 26.408588 -52.500328 -1.700265 5.088194 8.110847 2.120098 2.495558 -0.973886 -1.176002
599374896 16.324907 -53.648689 -6.993667 3.116611 9.107869 1.871852 2.617082 -1.191011 -1.029932
619354062 3.335526 -48.745628 -11.035088 1.056913 9.660604 1.313790 2.883553 -1.397998 -0.677465
639333229 -5.794672 -41.555264 -15.318660 -0.835459 9.741642 0.756845 -2.006042 -1.455589 0.834729
659312396 -9.196138 -35.168766 -11.787374 -2.369582 9.499084 0.568215 -1.605401 -1.319685 1.335445
679291562 -6.428216 -29.882837 -4.820739 -4.217880 8.824952 0.707181 -1.985917 -1.119528 1.404679
699270729 -2.416852 -25.717037 0.262213 -4.790733 8.538418 0.560962 -1.986608 -1.056576 1.454234
719249896 -2.291968 -21.823107 2.416677 -4.790733 8.538418 0.560962 -1.781978 -1.056576 1.454234
739229062 -2.038121 -18.765207 0.268005 -5.247176 8.280348 0.270856 -1.701746 -1.005370 1.519223
759208229 -3.451598 -15.692407 -1.947343 -5.668161 8.002553 -0.038264 -1.692648 -0.954515 1.577547
779187396 -5.757417 -12.963572 -4.560174 -6.053000 7.708736 -0.327055 -1.678403 -0.904429 1.624776
799166562 -8.235212 -10.111786 -8.691522 -6.577449 7.219302 -0.888388 -1.644248 -0.827385 1.705050
819145729 -12.340211 -6.159330 -7.392813 -6.665891 7.122938 -1.000015 -1.728514 -0.812978 1.719706
839124896 -12.121726 -3.736280 -0.692741 -6.665891 7.122938 -1.000015 -1.688294 -0.812978 1.719706
859104062 -8.403911 -3.115690 -0.285591 -6.678781 7.108141 -1.019119 -1.677575 -0.810786 1.722219
879083229 -4.533544 -3.143705 -2.990269 -6.569395 7.225654 -0.896308 -1.763637 -0.828342 1.706396
899062396 -1.023124 -2.541185 -2.345535 -6.497916 7.299407 -0.816167 -1.773857 -0.839535 1.695746
919041562 0.817503 -1.790160 0.808254 -6.497916 7.299407 -0.816167 -1.638426 -0.839535 1.695746
939020729 0.925207 -1.611056 2.809370 -6.451434 7.342441 -0.798723 -1.656759 -0.846130 1.693975
958999896 1.081220 -1.735942 2.106565 -6.411996 7.362315 -0.923578 -1.654170 -0.849192 1.713852
978979062 1.191734 -1.315068 -0.177284 -6.428093 7.340278 -0.985050 -1.693951 -0.845797 1.722855
998958229 0.166693 -0.517266 -1.378166 -6.459080 7.304545 -1.046080 -1.736272 -0.840319 1.731357
1018937396 -1.825540 0.123462 -0.958000 -6.459080 7.304545 -1.046080 -1.736272 -0.840319 1.731357
1038916562 -3.117807 0.501719 -0.714591 -6.428268 7.305803 -1.213672 -1.664136 -0.840512 1.757402
1058895729 -2.839113 0.344085 -1.230699 -6.428268 7.305803 -1.213672 -1.728056 -0.840512 1.757402
1078874896 -1.144425 0.313509 -1.397988 -6.367440 7.355627 -1.233236 -1.730694 -0.848161 1.762106
1098854062 0.028163 0.416126 -0.541107 -6.291099 7.433088 -1.158303 -1.686912 -0.860186 1.752875
1118833229 0.438272 0.319303 0.262099 -6.291099 7.433088 -1.158303 -1.686912 -0.860186 1.752875
1138812396 0.856009 0.307435 0.778019 -6.281819 7.448121 -1.111135 -1.784467 -0.862540 1.745867
1158791562 1.239040 0.305831 0.965403 -6.281819 7.448121 -1.111135 -1.643048 -0.862540 1.745867
1178770729 0.825140 0.473841 0.702919 -6.298544 7.427856 -1.151382 -1.642155 -0.859369 1.751601
1198749896 1.159098 0.456033 0.156981 -6.322050 7.399063 -1.206629 -1.701427 -0.854883 1.759389
1218729062 0.649438 0.911491 -0.105483 -6.366266 7.350207 -1.271026 -1.622487 -0.847325 1.767855
1238708229 0.403558 0.963785 -0.467439 -6.417557 7.294800 -1.330877 -1.635874 -0.838831 1.775278
1258687396 0.281388 1.004145 -0.752166 -6.478119 7.234317 -1.367118 -1.603211 -0.829650 1.778781
1278666562 -0.124244 1.047548 -1.196697 -6.537278 7.175734 -1.394000 -1.720374 -0.820844 1.780888
1298645729 -0.125928 0.873845 -0.702619 -6.619213 7.101119 -1.389430 -1.698641 -0.809747 1.777701
1318624896 -0.988864 0.876135 0.639599 -6.619213 7.101119 -1.389430 -1.756553 -0.809747 1.777701
1338604062 -0.689622 0.797676 1.391842 -6.657813 7.078216 -1.320146 -1.800857 -0.806366 1.766543
1358583229 -0.098168 0.639346 1.248642 -6.678366 7.062410 -1.300839 -1.771340 -0.804041 1.763172
1378562396 -0.396166 0.639326 1.012483 -6.678366 7.062410 -1.300839 -1.795112 -0.804041 1.763172
1398541562 -0.266360 0.710632 1.007043 -6.689989 7.055321 -1.279405 -1.823188 -0.802999 1.759757
1418520729 0.273785 0.705539 0.831799 -6.688478 7.058709 -1.268572 -1.795875 -0.803497 1.758235
1438499896 1.012248 0.738955 0.212795 -6.681577 7.063129 -1.280288 -1.754114 -0.804146 1.760116
1458479062 0.636083 0.812496 0.075734 -6.699488 7.027454 -1.379175 -1.692451 -0.798917 1.773823
1478458229 0.173328 0.841557 0.091072 -6.699488 7.027454 -1.379175 -1.755459 -0.798917 1.773823
