0 -0.149162 0.507616 0.364833 6.179349 7.248597 -2.333210 -2.672773 -0.831809 -1.931829
19979584 0.262238 0.253068 -0.378047 6.199162 7.215729 -2.382025 -2.700098 -0.826847 -1.937651
39959167 1.103014 -0.391198 -0.369022 6.199162 7.215729 -2.382025 -2.745011 -0.826847 -1.937651
59938750 1.315265 -0.686862 0.014779 6.215066 7.178614 -2.451703 -2.731472 -0.821275 -1.946533
79918334 0.832737 -0.330084 0.189821 6.224429 7.160788 -2.479918 -2.724167 -0.818610 -1.949937
99897917 0.707851 -0.259877 0.305421 6.224429 7.160788 -2.479918 -2.764493 -0.818610 -1.949937
119877500 0.660488 -0.307402 0.446683 6.252356 7.130527 -2.496800 -2.714044 -0.814105 -1.950732
139857084 0.539830 -0.449436 0.266023 6.291769 7.091669 -2.508437 -2.785998 -0.808351 -1.950169
159836667 0.371651 -0.561436 0.026957 6.326107 7.054601 -2.526530 -2.715924 -0.802894 -1.950769
179816250 0.206419 -0.665150 0.130573 6.376662 6.993467 -2.569044 -2.782146 -0.793960 -1.953785
199795834 0.229147 -1.045482 0.448195 6.376662 6.993467 -2.569044 -2.769413 -0.793960 -1.953785
219775417 0.812454 -1.888787 0.610817 6.489259 6.880361 -2.592400 -2.770550 -0.777643 -1.950864
239755000 1.029678 -3.329719 0.527346 6.574703 6.800055 -2.589002 -2.814141 -0.766214 -1.945931
259734584 0.852430 -5.680568 -0.098406 6.574703 6.800055 -2.589002 -2.791868 -0.766214 -1.945931
279714167 2.965211 -10.230072 -1.383628 6.695614 6.690792 -2.563677 -2.839211 -0.750864 -1.936466
299693750 8.481312 -17.169954 -3.977095 6.887356 6.519509 -2.496140 -2.789150 -0.727233 -1.918496
319673334 14.702124 -28.068975 -8.211752 6.887356 6.519509 -2.496140 -2.784440 -0.727233 -1.918496
339652917 17.964994 -39.298641 -7.133463 6.763111 6.701942 -2.348341 -2.830309 -0.752421 -1.904999
359632500 11.657051 -47.865356 2.513740 5.258756 8.148427 -1.455687 -2.784656 -0.980738 -1.840847
379612084 4.598786 -55.457798 7.341623 3.575036 9.059596 -1.145962 -2.820611 -1.177946 -1.880994
399591667 -4.819622 -61.944420 7.820989 3.575036 9.059596 -1.145962 -2.893694 -1.177946 -1.880994
419571250 -15.688181 -67.194740 6.257080 1.204692 9.659995 -1.184738 2.849621 -1.397637 -2.347843
439550834 -24.831059 -69.773735 4.466636 -4.668200 8.353253 -2.145100 1.258997 -1.019402 2.001533
459530417 -30.839445 -71.517265 5.439351 -4.668200 8.353253 -2.145100 0.975813 -1.019402 2.001533
479510000 -38.885498 -72.172386 6.807924 -9.113789 3.097743 -1.874367 1.574684 -0.321386 1.773631
499489584 -48.525829 -68.394257 11.322947 -9.733713 -0.067270 -1.191936 1.831896 0.006860 1.692644
519469167 -53.155025 -62.529972 15.133460 -9.733713 -0.067270 -1.191936 1.289718 0.006860 1.692644
539448750 -60.289692 -60.102432 15.923275 -9.358570 -2.894570 -0.457180 1.433560 0.299627 1.619609
559428334 -70.575569 -48.979332 8.985174 -8.270502 -5.268089 0.128179 1.824058 0.567109 1.555299
579407917 -75.142250 -26.581091 11.175889 -5.739995 -7.878053 1.076622 2.448340 0.932879 1.385386
599387500 -62.661919 -11.455701 8.152348 -4.918985 -8.343682 1.535234 2.456004 1.017542 1.268273
619367084 -49.325340 -2.642817 -0.539350 -4.290700 -8.640170 1.762877 2.329871 1.078082 1.180963
639346771 -39.748516 4.861235 -4.506722 -3.801642 -8.897900 1.595396 2.202773 1.136897 1.173458
659326459 -32.736214 10.931693 0.494019 -3.801642 -8.897900 1.595396 1.506070 1.136897 1.173458
679306146 -26.040569 12.802877 7.262034 -3.518461 -9.072986 1.213162 1.635370 1.181528 1.238762
699285834 -21.720434 13.565308 10.334234 -3.200223 -9.243647 0.695670 1.428448 1.230302 1.356745
719265521 -19.695705 14.109441 9.375627 -3.172401 -9.255012 0.671578 1.341697 1.233789 1.362182
739245209 -17.957510 13.677896 6.948292 -3.304162 -9.198929 0.795368 1.044701 1.216900 1.334574
759224896 -15.246470 11.979774 2.682378 -3.304162 -9.198929 0.795368 1.042196 1.216900 1.334574
779204584 -10.365877 7.466470 0.384052 -3.610646 -9.068578 0.945791 0.830769 1.180346 1.314607
799184271 -4.286374 3.349240 -0.687083 -3.996421 -8.892409 1.060214 1.097196 1.135567 1.311479
819163959 -0.026966 1.194544 -1.111741 -4.608358 -8.579120 1.154174 0.891574 1.065078 1.325392
839143646 0.733859 0.771381 -0.707918 -4.608358 -8.579120 1.154174 0.929407 1.065078 1.325392
859123334 0.141513 -0.141499 -0.328608 -4.823408 -8.459536 1.158180 0.980394 1.040451 1.335141
879103021 0.566666 -1.191510 -0.190540 -5.026549 -8.340225 1.159676 1.034968 1.016871 1.344054
899082709 2.103524 -1.730951 -0.146926 -5.385577 -8.105703 1.209764 0.863619 0.972953 1.349834
919062396 2.908453 -1.954121 -0.492870 -5.385577 -8.105703 1.209764 0.877809 0.972953 1.349834
939042084 3.381780 -1.968506 -1.136352 -5.527870 -8.002847 1.251990 0.939246 0.954567 1.348067
959021771 3.728103 -2.235063 -0.909512 -5.728387 -7.855675 1.282319 1.069630 0.929057 1.350573
979001459 3.733429 -1.990987 -0.481683 -5.776906 -7.817183 1.299766 1.056643 0.922529 1.349488
998981146 2.942561 -1.742625 -1.161783 -5.801124 -7.800343 1.293054 1.086129 0.919690 1.351484
1018960834 2.798154 -1.198975 -0.842383 -5.801124 -7.800343 1.293054 0.925272 0.919690 1.351484
1038940521 1.853895 -0.962268 0.320444 -5.780646 -7.827467 1.218719 1.079353 0.924267 1.363012
1058920209 1.030315 -0.899241 1.347105 -5.780646 -7.827467 1.218719 0.880403 0.924267 1.363012
1078899896 1.168285 -0.617901 0.533385 -5.759562 -7.840724 1.233243 1.072486 0.926514 1.359860
1098879688 1.445902 -0.369022 -0.420139 -5.736083 -7.851430 1.273883 1.206399 0.928334 1.352261
1118859480 0.899714 0.245203 -0.782383 -5.698712 -7.874388 1.299646 1.095611 0.932252 1.346572
1138839271 0.236121 0.886670 -0.781917 -5.639815 -7.919089 1.284876 1.204000 0.939939 1.346797
1158819063 -0.036127 0.932117 -0.576057 -5.629268 -7.931625 1.253420 1.223633 0.942110 1.351709
1178799740 -0.546000 0.985261 -0.160426 -5.633421 -7.934174 1.218131 1.259667 0.942552 1.357842
1198779480 -0.756519 1.022002 0.542877 -5.659929 -7.917921 1.200885 1.004897 0.939737 1.361724
1218759167 -0.564126 0.995302 0.715517 -5.659929 -7.917921 1.200885 1.034747 0.939737 1.361724
1238738855 -0.246455 0.777620 0.012343 -5.754268 -7.843291 1.241594 1.036454 0.926951 1.358285
1258718542 -0.138582 0.703447 -0.720349 -5.806639 -7.802013 1.257747 1.163562 0.919971 1.357487
1278698230 -0.123133 0.854508 -1.062438 -5.806639 -7.802013 1.257747 1.047799 0.919971 1.357487
1298677917 -0.932216 1.283538 -0.780603 -5.858204 -7.763736 1.255484 0.987027 0.913555 1.359678
1318657605 -1.070728 1.443205 0.684259 -5.952440 -7.697095 1.222116 0.855238 0.902511 1.368297
1338637292 0.044845 0.772001 1.535636 -6.302169 -7.420436 1.179057 0.923413 0.858211 1.385847
1358616980 1.183908 -0.013991 1.559177 -6.302169 -7.420436 1.179057 1.005953 0.858211 1.385847
1378596667 0.592303 0.055599 0.686233 -6.438728 -7.298003 1.205129 0.845350 0.839320 1.385768
1398576355 0.618063 -0.087667 -0.289269 -6.631830 -7.100889 1.329136 0.943845 0.809713 1.372999
1418556042 1.123754 -0.151822 -0.553777 -6.722085 -7.007237 1.372073 0.870189 0.795965 1.369448
1438535730 1.873838 -0.414051 -0.469155 -6.804364 -6.922301 1.397418 0.844519 0.783662 1.368242
1458515417 2.360131 -0.643054 -0.342453 -6.852421 -6.872148 1.410068 0.926342 0.776468 1.367853
1478495105 1.652487 -0.117574 0.090639 -6.864304 -6.858123 1.420512 1.068962 0.774465 1.366735
1498474792 -0.349436 0.301558 0.740797 -6.864304 -6.858123 1.420512 1.016673 0.774465 1.366735
