0 -0.459217 -0.071352 0.602995 5.980744 -7.771738 0.034350 1.387707 0.914892 -1.565053
19979167 -0.544649 0.169494 -0.124834 5.980744 -7.771738 0.034350 1.314626 0.914892 -1.565053
39958334 -0.541422 0.468347 -0.462317 5.976634 -7.774854 0.043422 1.367768 0.915413 -1.563531
59937500 -0.442618 0.631200 -0.404916 5.970841 -7.779404 0.017150 1.436199 0.916175 -1.567924
79916667 -0.079799 0.929411 -0.232058 5.954938 -7.791382 -0.058856 1.278166 0.918184 -1.580680
99895886 0.418153 1.489283 -0.352332 5.962767 -7.784897 -0.105743 1.317215 0.917095 -1.588528
119875105 0.506105 2.472762 -0.157897 5.951859 -7.792752 -0.137034 1.344577 0.918414 -1.593816
139854323 1.349465 4.313944 0.943813 5.951859 -7.792752 -0.137034 1.460574 0.918414 -1.593816
159833542 7.350394 7.158061 0.416269 5.931180 -7.809341 -0.075316 1.416636 0.921205 -1.583494
179812761 14.915501 7.301988 -2.028537 6.074276 -7.697999 0.119856 1.475683 0.902660 -1.551067
199791980 18.789215 4.620829 3.534027 6.868430 -6.990824 -0.351359 1.372278 0.793576 -1.621907
219771198 26.877249 -0.489563 8.906197 6.868430 -6.990824 -0.351359 1.574331 0.793576 -1.621907
239750417 31.008400 -4.440600 8.227961 8.064047 -5.563910 -0.429475 1.414688 0.603297 -1.624004
259729636 31.393181 -6.889361 11.811234 8.064047 -5.563910 -0.429475 1.708004 0.603297 -1.624004
279708855 35.654556 -12.135846 16.748299 8.647758 -4.612771 0.330195 1.703076 0.489712 -1.532632
299688073 37.799469 -18.514872 7.934554 9.571440 -1.722438 1.261406 1.260520 0.176556 -1.439763
319667292 38.654106 -24.775732 -5.481218 9.702885 0.069568 1.421119 1.164930 -0.007094 -1.425367
339646511 40.077068 -31.625509 -8.463227 9.454969 1.967492 1.703795 1.220943 -0.201999 -1.392509
359625730 38.327309 -39.145161 -2.765858 9.454969 1.967492 1.703795 1.580481 -0.201999 -1.392509
379604948 36.792130 -45.160458 0.268389 7.732617 5.648741 2.113943 1.280275 -0.613841 -1.303937
399584167 37.589199 -50.401718 -0.774551 6.220047 7.268621 2.156049 1.357345 -0.834846 -1.237128
419563386 35.920406 -54.902992 -3.703605 4.243592 8.571630 2.165524 1.425613 -1.063504 -1.098939
439542605 32.181549 -57.780197 -5.028501 4.243592 8.571630 2.165524 1.959005 -1.063504 -1.098939
459521823 22.142740 -58.414856 -5.353601 1.879912 9.414675 2.000055 2.207592 -1.287108 -0.754443
479501042 4.566433 -52.655426 -7.580982 -0.620010 9.652913 1.614698 -2.972021 -1.393495 0.366619
499480261 -7.369099 -42.068024 -7.296675 -2.829006 9.327762 1.077021 -2.226427 -1.256995 1.207032
519459480 -10.265532 -34.246326 -7.119555 -5.700487 7.970266 0.386928 -2.479349 -0.948841 1.503024
539438698 -10.107282 -27.555758 -5.994754 -5.700487 7.970266 0.386928 -2.175140 -0.948841 1.503024
559417917 -5.863875 -22.821400 -4.106452 -6.927539 6.940680 -0.080922 -2.367725 -0.786312 1.582477
579397136 -3.420924 -19.699739 -1.652025 -6.927539 6.940680 -0.080922 -2.251788 -0.786312 1.582477
599376355 -3.780907 -17.144997 -0.041327 -7.300553 6.538843 -0.340373 -2.240324 -0.729875 1.617385
619355573 -3.369644 -14.368631 -1.457381 -7.792952 5.927117 -0.556394 -2.184738 -0.649010 1.642073
639334792 -4.055489 -11.230814 -2.988795 -7.932441 5.731195 -0.632576 -2.172449 -0.624164 1.650373
659314011 -4.530487 -8.999825 -2.497667 -8.005786 5.614066 -0.748348 -2.153913 -0.609522 1.664001
679293230 -3.918025 -7.572368 -1.999643 -8.023675 5.572926 -0.856459 -2.133669 -0.604414 1.677135
699272448 -3.381444 -5.342908 -1.549447 -8.009547 5.581456 -0.929996 -2.150885 -0.605472 1.686390
719251667 -2.521614 -3.696166 -0.298502 -8.009547 5.581456 -0.929996 -2.165970 -0.605472 1.686390
739230886 -2.105296 -2.355437 0.386264 -7.951316 5.651517 -1.003652 -2.187145 -0.614187 1.696357
759210105 -0.964304 -1.322026 -0.015171 -7.927483 5.687303 -0.989951 -2.127321 -0.618659 1.695029
779189323 -0.804976 -0.332016 0.186726 -7.927483 5.687303 -0.989951 -2.127321 -0.618659 1.695029
799168542 -0.349219 0.335298 1.845522 -7.872329 5.773761 -0.927634 -2.104438 -0.629524 1.688090
819147761 0.154134 0.545378 2.596200 -7.843552 5.789476 -1.063512 -2.103395 -0.631508 1.705565
839126980 -0.521461 0.466158 0.602114 -7.811518 5.800042 -1.228853 -1.972824 -0.632843 1.726831
859106198 -1.042582 0.261976 -1.315505 -7.763756 5.833845 -1.364085 -2.014790 -0.637125 1.744720
879085417 -0.858516 -0.068328 -0.581496 -7.763756 5.833845 -1.364085 -2.025222 -0.637125 1.744720
899064636 0.088881 -0.403472 -0.184998 -7.699172 5.880354 -1.521377 -2.028990 -0.643038 1.765886
919043855 0.602255 -0.630202 -1.700661 -7.569536 5.928274 -1.930823 -1.958703 -0.649158 1.820549
939023073 -0.023159 -0.670483 -3.416011 -7.506784 5.963567 -2.062629 -1.897815 -0.653683 1.838947
959002292 -0.137704 -0.948400 -3.307173 -7.442579 6.016761 -2.139390 -1.816047 -0.660534 1.850703
978981511 0.587162 -0.869155 -1.630759 -7.392517 6.055264 -2.203373 -1.783701 -0.665516 1.860467
998960730 1.063164 -0.865830 -0.985851 -7.364218 6.070094 -2.256691 -1.941413 -0.667440 1.868151
1018939948 0.381413 -0.695044 -1.271468 -7.344745 6.078063 -2.298318 -1.937652 -0.668475 1.874064
1038919167 -0.570679 -0.420318 -1.229522 -7.344745 6.078063 -2.298318 -1.950808 -0.668475 1.874064
1058898386 -0.804092 -0.182765 -0.905906 -7.289085 6.133583 -2.327829 -1.872113 -0.675710 1.879917
1078877605 -0.604205 0.061935 -0.401708 -7.289085 6.133583 -2.327829 -1.889403 -0.675710 1.879917
1098856823 -0.463121 0.351337 -0.463697 -7.256090 6.170555 -2.333195 -1.920493 -0.680551 1.881904
1118836042 -0.735564 0.376491 -0.921319 -7.226324 6.205585 -2.332670 -1.936069 -0.685156 1.883039
1138815261 -0.798697 0.194600 -0.550208 -7.193825 6.250090 -2.314226 -1.911727 -0.691031 1.882037
1158794480 -0.296267 0.084823 0.174825 -7.155542 6.305926 -2.281204 -1.985573 -0.698442 1.879413
1178773698 0.484541 0.230642 0.659880 -7.081808 6.406562 -2.230325 -2.021636 -0.711919 1.875900
1198752917 0.983821 0.314754 0.626960 -7.065656 6.425590 -2.226812 -2.011136 -0.714484 1.876103
1218732136 0.892517 0.352277 0.256600 -7.065656 6.425590 -2.226812 -2.011107 -0.714484 1.876103
1238711355 0.152698 0.258755 -0.191768 -7.062217 6.427997 -2.230771 -2.035458 -0.714809 1.876752
1258690573 -0.103547 0.137429 -0.171692 -7.059779 6.435097 -2.217982 -1.968906 -0.715768 1.875203
1278669792 0.223120 0.202134 -0.010153 -7.028257 6.462988 -2.236913 -1.950430 -0.719543 1.878933
1298649011 0.413939 0.272951 -0.340439 -7.028257 6.462988 -2.236913 -2.014966 -0.719543 1.878933
1318628230 0.225347 0.247444 -0.842746 -7.005449 6.465094 -2.301439 -2.007342 -0.719829 1.888210
1338607448 -0.070015 0.226366 -0.778292 -7.010664 6.465762 -2.283616 -1.979908 -0.719920 1.885693
1358586667 -0.121617 0.120134 -0.054686 -7.030712 6.461110 -2.234622 -1.910137 -0.719289 1.878536
1378565886 -0.062300 0.269751 0.712484 -7.066608 6.445085 -2.166641 -2.096586 -0.717119 1.868299
1398545105 0.219380 0.485994 0.872475 -7.119550 6.415138 -2.080483 -2.003576 -0.713074 1.855101
1418524323 0.304808 0.637928 1.240370 -7.119550 6.415138 -2.080483 -2.048681 -0.713074 1.855101
1438503542 0.227566 0.845250 1.536787 -7.245324 6.331911 -1.892767 -1.989951 -0.701907 1.826325
1458482761 -0.563378 0.788032 0.768254 -7.290854 6.294792 -1.841037 -1.991409 -0.696961 1.818139
1478461980 -0.877213 0.528027 -0.193349 -7.290854 6.294792 -1.841037 -2.002529 -0.696961 1.818139
1498441198 -0.696772 0.548060 -0.628763 -7.308916 6.287838 -1.792548 -1.964585 -0.696036 1.811304
