0 -0.121050 0.110453 0.473722 6.675322 6.925316 -1.910617 -2.928962 -0.784096 -1.849564
19979583 -0.167964 0.169935 0.137320 6.650864 6.942697 -1.932703 -2.963549 -0.786603 -1.853602
39959167 -0.327072 0.438564 0.007299 6.640206 6.950469 -1.941392 -2.939399 -0.787726 -1.855238
59938750 -0.196875 0.435231 -0.044115 6.683175 6.918533 -1.907743 -2.995322 -0.783120 -1.848856
79918333 0.497707 0.148160 -0.085202 6.696255 6.906771 -1.904489 -2.995737 -0.781429 -1.847891
99897917 0.858591 -0.078052 0.044961 6.692857 6.905948 -1.919358 -2.971986 -0.781311 -1.850078
119877500 0.926572 -0.109978 -0.120958 6.689927 6.907097 -1.925424 -2.989520 -0.781476 -1.851032
139857083 1.028599 -0.114379 -0.357391 6.689927 6.907097 -1.925424 -2.970350 -0.781476 -1.851032
159836667 1.453832 -0.591217 -0.564177 6.738239 6.884916 -1.834245 -2.972476 -0.778295 -1.836571
179816250 2.149312 -1.447579 0.131980 6.764991 6.872402 -1.781960 -2.927512 -0.776504 -1.828355
199795833 3.641064 -2.362497 0.551293 6.764991 6.872402 -1.781960 -2.948886 -0.776504 -1.828355
219775417 6.117481 -3.628699 -0.415832 6.779931 6.864688 -1.754700 -2.955204 -0.775402 -1.824047
239755000 9.834543 -6.066800 -1.546074 6.788820 6.869547 -1.700482 -2.842570 -0.776096 -1.816229
259734531 12.775677 -10.794020 -2.212650 6.765514 6.927127 -1.553420 -2.800026 -0.784357 -1.796493
279714062 14.507792 -16.501978 -0.354379 6.660707 7.086119 -1.261860 -2.861493 -0.807532 -1.758026
299693594 15.084882 -22.165035 2.706364 5.880397 7.823367 -0.621484 -2.790115 -0.923573 -1.676093
319673125 15.386831 -28.497755 4.651352 5.880397 7.823367 -0.621484 -2.810844 -0.923573 -1.676093
339652656 14.615019 -35.114716 5.290947 5.049096 8.392416 -0.494350 -2.860814 -1.027073 -1.668394
359632187 11.479234 -40.696697 3.493513 3.803237 9.022145 -0.553769 -2.895305 -1.168087 -1.715385
379611719 6.248435 -45.701698 2.203490 2.115588 9.546944 -0.741978 -3.129500 -1.340143 -1.908112
399591250 2.485341 -50.902527 2.466094 0.058684 9.751642 -1.035573 1.853081 -1.464829 -3.084985
419570781 -2.364098 -55.480862 2.020122 -4.713985 8.398521 -1.847580 0.728768 -1.028277 1.944332
439550312 -10.834278 -56.412651 -1.508063 -6.772918 6.725567 -2.250492 0.649538 -0.755726 1.891597
459529844 -16.781628 -56.981792 -4.150646 -6.772918 6.725567 -2.250492 0.649538 -0.755726 1.891597
479509375 -21.479052 -58.876781 3.789417 -8.121014 4.547173 -3.089134 0.449746 -0.482147 1.934282
499488906 -28.691641 -57.870953 11.478392 -9.076426 -1.212554 -3.509788 1.551563 0.123963 1.939779
519468437 -35.916237 -51.561760 -7.585664 -9.076426 -1.212554 -3.509788 1.045614 0.123963 1.939779
539447969 -42.356812 -39.382011 -16.990541 -8.037233 -5.458818 -1.332128 1.250058 0.590341 1.735048
559427500 -38.201645 -31.604420 -15.202291 -6.978606 -6.744452 -1.407769 1.304046 0.758375 1.769851
579407031 -35.519562 -26.758371 -7.934564 -5.870103 -7.687481 -1.617067 1.262817 0.900930 1.839604
599386562 -35.628639 -20.746780 -1.514609 -5.870103 -7.687481 -1.617067 0.980231 0.900930 1.839604
619366094 -32.067753 -14.319331 3.089509 -4.286541 -8.735818 -1.217138 1.282190 1.099115 1.847459
639345625 -26.204773 -10.340343 2.073554 -3.727943 -9.041245 -0.727134 1.602982 1.173086 1.763427
659325156 -23.245983 -7.108681 -3.822344 -3.727943 -9.041245 -0.727134 1.238155 1.173086 1.763427
679304687 -20.814831 -3.888978 -6.362753 -3.229224 -9.250692 -0.408885 1.316659 1.232460 1.696746
699284219 -17.868437 -0.675647 -4.618541 -2.799497 -9.392581 -0.335596 1.137059 1.279167 1.690104
719263750 -16.435551 1.649475 -0.699064 -2.442497 -9.487950 -0.428259 1.192464 1.315156 1.744369
739243281 -15.164500 3.347108 1.750108 -2.046196 -9.575788 -0.536442 1.022350 1.353382 1.827192
759222812 -13.842187 3.982149 2.421400 -2.019479 -9.584146 -0.486041 0.792818 1.357370 1.806981
779202344 -12.580375 4.499333 1.955797 -2.125654 -9.564477 -0.415643 0.867219 1.348099 1.763896
799181875 -10.864868 3.867404 1.025977 -2.125654 -9.564477 -0.415643 0.991431 1.348099 1.763896
819161406 -8.725776 2.416789 0.217867 -2.346676 -9.514771 -0.364186 1.037658 1.326206 1.724760
839140937 -5.801450 1.165110 -0.131189 -2.647680 -9.436426 -0.337700 0.953861 1.295143 1.697657
859120469 -2.820475 0.283602 -0.708536 -2.961277 -9.343557 -0.314927 0.945236 1.262255 1.676746
879100000 -0.822270 -0.103768 -0.899511 -3.236460 -9.251764 -0.317116 0.965605 1.232789 1.668467
899079531 -0.162407 -0.163662 -0.586315 -3.640218 -9.097869 -0.384680 0.805667 1.188269 1.676081
919059062 -0.132704 -0.026262 -0.294343 -3.640218 -9.097869 -0.384680 0.864103 1.188269 1.676081
939038594 -0.147232 0.201105 -0.019197 -3.808857 -9.026022 -0.440350 0.865013 1.169098 1.685897
959018125 0.424000 0.140252 1.080029 -4.165200 -8.859197 -0.579768 0.760612 1.127602 1.709101
978997656 0.895128 -0.266855 1.819587 -4.344593 -8.771873 -0.590879 0.909606 1.107272 1.705970
998977187 1.786509 -0.609076 1.522885 -4.344593 -8.771873 -0.590879 0.849036 1.107272 1.705970
1018956771 2.024179 -0.813233 1.010156 -4.643125 -8.620624 -0.544649 1.062982 1.073885 1.687565
1038936354 1.589826 -0.410294 0.326400 -4.643125 -8.620624 -0.544649 1.062982 1.073885 1.687565
1058915937 1.350523 -0.273456 -0.316391 -4.785739 -8.543641 -0.522746 0.945227 1.057660 1.679595
1078895521 1.772965 -0.676478 0.223832 -5.054791 -8.385584 -0.549056 0.904553 1.025727 1.678993
1098875104 2.101496 -0.797179 0.701917 -5.152055 -8.325927 -0.552869 0.876919 1.014105 1.677698
1118854687 1.962350 -0.479531 0.902951 -5.152055 -8.325927 -0.552869 0.876919 1.014105 1.677698
1138834271 1.788762 -0.491378 0.598483 -5.280230 -8.246319 -0.536447 0.903765 0.998926 1.672044
1158813854 1.201798 -0.255246 0.384898 -5.280230 -8.246319 -0.536447 0.903765 0.998926 1.672044
1178793437 0.677256 -0.017426 0.458263 -5.375955 -8.183995 -0.540097 1.031281 0.987289 1.670926
1198773021 0.592670 0.136115 0.505210 -5.375955 -8.183995 -0.540097 0.996194 0.987289 1.670926
1218752604 0.913448 -0.468132 0.366133 -5.430266 -8.148728 -0.529932 0.972455 0.980793 1.668077
1238732187 1.052705 -0.646510 0.141049 -5.467850 -8.125344 -0.501773 0.927097 0.976521 1.662308
1258711771 0.955857 -0.249117 -0.111422 -5.496278 -8.111546 -0.405146 0.949807 0.974013 1.644376
1278691354 0.662375 0.244068 -0.117354 -5.510678 -8.104224 -0.352679 0.940975 0.972685 1.634708
1298670937 0.450877 0.397429 -0.437279 -5.510678 -8.104224 -0.352679 0.873857 0.972685 1.634708
1318650521 0.443638 0.245489 -0.649178 -5.530286 -8.092537 -0.311701 0.928486 0.970572 1.627099
1338630104 0.383244 0.127527 -0.796846 -5.547823 -8.081594 -0.282611 0.981749 0.968600 1.621693
1358609687 0.219775 0.305790 -0.649501 -5.564550 -8.070538 -0.269440 1.187562 0.966612 1.619179
1378589271 0.281755 0.258430 -0.583614 -5.588401 -8.054232 -0.263657 1.176544 0.963691 1.617941
1398568854 0.428327 -0.109034 -0.463923 -5.612525 -8.037477 -0.262545 0.920854 0.960703 1.617541
1418548437 0.500847 -0.135996 -0.109520 -5.629762 -8.025414 -0.262482 0.913796 0.958559 1.617387
1438528021 0.326756 -0.039764 -0.159082 -5.653166 -8.010134 -0.223307 0.963962 0.955853 1.610277
1458507604 0.247115 0.269541 -0.514285 -5.674672 -7.995430 -0.203946 0.953645 0.953259 1.606721
1478487187 0.156183 -0.176826 -1.091851 -5.707335 -7.970891 -0.248200 1.080626 0.948951 1.614257
1498466771 0.429863 -1.075486 0.230340 -5.720209 -7.961059 -0.266747 0.986092 0.947232 1.617395
