0 -0.604654 0.458074 -1.083748 7.125353 -6.281267 2.438323 1.172209 0.695163 -1.241084
19979167 -0.385264 0.675954 -1.315511 7.116170 -6.295846 2.427515 1.039969 0.697101 -1.242048
39958333 -0.138659 0.785651 -0.937812 7.107736 -6.311741 2.410894 1.175681 0.699217 -1.243781
59937500 -0.040075 0.680977 -0.448437 7.107736 -6.311741 2.410894 1.126897 0.699217 -1.243781
79916667 -0.112398 0.612384 -0.040035 7.097915 -6.328015 2.397126 1.166472 0.701387 -1.245101
99895833 -0.219642 0.586154 0.406695 7.075784 -6.368634 2.354605 1.093092 0.706821 -1.249553
119875000 -0.000994 0.582067 1.049791 7.073310 -6.383512 2.321516 1.225363 0.708818 -1.253666
139854167 0.522128 0.567662 1.382057 7.073310 -6.383512 2.321516 1.214416 0.708818 -1.253666
159833333 0.790485 0.572415 1.354277 7.106180 -6.353204 2.304212 1.027158 0.704754 -1.257239
179812500 0.881632 1.017745 1.037982 7.106180 -6.353204 2.304212 1.130384 0.704754 -1.257239
199791667 1.799150 1.893038 0.233516 7.128233 -6.320103 2.327011 1.223996 0.700331 -1.255254
219770833 3.478775 3.627218 -0.212517 7.157503 -6.276879 2.354001 1.198975 0.694581 -1.253054
239750000 7.337889 4.652718 -0.072032 7.285356 -6.172356 2.235173 1.084250 0.680787 -1.273109
259729167 14.331429 5.749613 -0.345911 7.285356 -6.172356 2.235173 1.257330 0.680787 -1.273109
279708333 22.235760 5.685786 0.509058 7.466364 -5.994729 2.118254 1.162354 0.657692 -1.294354
299687500 25.221321 4.336855 4.923035 7.786946 -5.583486 2.087709 1.167437 0.605724 -1.308853
319666667 28.123802 2.049072 7.767920 8.197142 -4.920465 2.183185 1.486173 0.525618 -1.310504
339645833 32.881355 -1.792117 3.939829 8.648226 -3.982980 2.348289 1.629164 0.418238 -1.305655
359625000 37.213867 -8.002114 -0.558660 9.372816 -1.255553 2.596978 1.479594 0.128383 -1.300502
379604219 38.329590 -16.167582 -1.267111 9.372816 -1.255553 2.596978 2.125591 0.128383 -1.300502
399583437 38.814381 -25.232172 2.448875 9.337637 0.399835 2.969689 2.444305 -0.040783 -1.262877
419562656 39.763210 -34.600075 5.405237 8.822808 2.110758 3.724665 2.812855 -0.216935 -1.171331
439541875 39.331738 -44.497826 12.130894 7.730610 3.802785 4.684749 3.035529 -0.398218 -1.025977
459521094 38.083481 -53.265221 16.575264 6.187931 5.468932 5.288732 3.062979 -0.591583 -0.863589
479500312 34.715172 -59.402866 10.242296 2.128433 8.390342 4.608940 2.960758 -1.026664 -0.432628
499479531 25.332870 -60.138763 1.774968 -0.174212 9.162870 3.490249 -2.773822 -1.206438 0.049873
519458750 12.453683 -56.478447 -6.664981 -0.174212 9.162870 3.490249 -2.399746 -1.206438 0.049873
539437969 4.462210 -48.598450 -10.710181 -2.312919 9.241312 2.327862 -1.811657 -1.229589 0.782178
559417187 1.553020 -38.580395 -5.813881 -5.495157 8.085615 0.772312 -1.735447 -0.969324 1.431167
579396406 -1.827374 -31.871000 -6.248291 -6.553392 7.294398 0.123337 -1.539565 -0.838770 1.551978
599375625 -4.096563 -26.427399 -9.645612 -7.273009 6.562456 -0.455968 -1.626968 -0.733110 1.633408
619354844 -3.682382 -22.146322 -7.142061 -7.762678 5.928556 -0.873747 -1.378661 -0.649194 1.682882
639334062 -3.510658 -18.699938 -3.244905 -7.762678 5.928556 -0.873747 -1.378661 -0.649194 1.682882
659313281 -4.077198 -15.708712 -3.437425 -8.118510 5.386302 -1.117106 -1.417604 -0.581466 1.707538
679292500 -4.860350 -12.923054 -5.024730 -8.519208 4.657032 -1.380413 -1.501822 -0.494833 1.731436
699271719 -4.402030 -9.945303 -5.856519 -8.583840 4.501345 -1.491969 -1.579567 -0.476880 1.742888
719250937 -2.957117 -6.917159 -4.919004 -8.619077 4.419393 -1.533255 -1.624128 -0.467496 1.746846
739230156 -1.935953 -4.458960 -1.978617 -8.619077 4.419393 -1.533255 -1.550980 -0.467496 1.746846
759209375 -1.436834 -2.931132 0.270715 -8.662655 4.356851 -1.465145 -1.484867 -0.460365 1.738344
779188594 -1.185728 -2.103706 -0.183114 -8.736573 4.263000 -1.292091 -1.579269 -0.449711 1.717626
799167812 -0.691092 -1.222635 -1.734568 -8.736573 4.263000 -1.292091 -1.487964 -0.449711 1.717626
819147031 0.333977 -1.108229 -1.390707 -8.724530 4.293328 -1.272915 -1.574912 -0.453148 1.715675
839126250 0.360180 -1.043854 0.639741 -8.706740 4.326575 -1.282115 -1.450076 -0.456922 1.717001
859105469 0.476928 -0.904512 2.381513 -8.689691 4.352598 -1.309411 -1.430406 -0.459881 1.720357
879084687 0.062507 -0.968854 2.812205 -8.689691 4.352598 -1.309411 -1.621400 -0.459881 1.720357
899063906 -0.388410 -0.816172 1.613312 -8.676825 4.370940 -1.333411 -1.464250 -0.461969 1.723278
919043125 0.061544 -0.571370 -0.464618 -8.649346 4.405683 -1.396116 -1.388195 -0.465931 1.730829
939022344 0.077596 -0.344013 -1.871048 -8.626864 4.427296 -1.465144 -1.388932 -0.468399 1.739026
959001562 -0.371108 -0.287623 -1.619533 -8.588267 4.470411 -1.558040 -1.407174 -0.473333 1.750259
978980781 -0.788063 -0.246249 -0.122878 -8.542497 4.528159 -1.640704 -1.329115 -0.479960 1.760549
998960000 -0.704744 -0.239249 0.785676 -8.504541 4.582466 -1.686469 -1.310610 -0.486213 1.766559
1018939219 -0.080380 -0.355617 0.575759 -8.487814 4.612988 -1.687522 -1.442324 -0.489737 1.767054
1038918437 0.300597 -0.185872 0.210484 -8.487185 4.621397 -1.667570 -1.272241 -0.490709 1.764806
1058897656 0.230755 -0.063084 -0.437082 -8.489880 4.623538 -1.647793 -1.348450 -0.490957 1.762502
1078876875 0.327414 -0.060223 -0.556673 -8.496451 4.616420 -1.633815 -1.346942 -0.490134 1.760771
1098856094 0.564971 -0.049562 -0.081788 -8.510987 4.592609 -1.625247 -1.319723 -0.487384 1.759483
1118835312 0.735082 0.067600 0.600799 -8.510987 4.592609 -1.625247 -1.388072 -0.487384 1.759483
1138814531 0.922231 0.345100 0.659011 -8.582326 4.465017 -1.605522 -1.388454 -0.472715 1.755732
1158793750 0.113436 0.914959 -0.813026 -8.582326 4.465017 -1.605522 -1.343094 -0.472715 1.755732
1178772969 -0.524715 0.909566 -0.839628 -8.686016 4.328709 -1.409178 -1.536287 -0.457164 1.731630
1198752187 -0.885101 1.060490 0.073917 -8.708119 4.309223 -1.330279 -1.313444 -0.454951 1.722387
1218731406 -0.882186 0.910557 0.904150 -8.708119 4.309223 -1.330279 -1.361494 -0.454951 1.722387
1238710625 -0.783454 0.772452 1.404733 -8.701536 4.317854 -1.345285 -1.283566 -0.455931 1.724185
1258689844 -0.121313 0.371723 1.225566 -8.681634 4.339063 -1.404333 -1.200156 -0.458341 1.731166
1278669062 0.535409 0.111893 0.903888 -8.685038 4.325172 -1.425971 -1.380824 -0.456762 1.733531
1298648281 0.747191 0.009505 0.220653 -8.708195 4.285468 -1.404451 -1.424398 -0.452256 1.730699
1318627500 0.552308 -0.080499 -0.851754 -8.730660 4.242321 -1.395948 -1.327538 -0.447371 1.729345
1338606719 0.057261 -0.018787 -1.020720 -8.743035 4.214028 -1.404165 -1.254908 -0.444173 1.730040
1358585937 -0.576661 0.058659 -0.750774 -8.733847 4.221397 -1.438789 -1.303977 -0.445005 1.734067
1378565156 -0.813591 0.045080 -0.502976 -8.708933 4.261823 -1.470289 -1.404818 -0.449577 1.738045
1398544375 0.061412 -0.275678 -0.231416 -8.708933 4.261823 -1.470289 -1.426989 -0.449577 1.738045
1418523594 0.392569 -0.299825 0.269254 -8.688717 4.300098 -1.478426 -1.374714 -0.453916 1.739337
1438502812 0.244648 -0.296581 0.490817 -8.677277 4.320541 -1.485999 -1.407855 -0.456236 1.740403
1458482031 -0.079901 -0.420227 0.484843 -8.677032 4.322515 -1.481681 -1.374433 -0.456461 1.739924
1478461198 -0.232106 -0.389352 0.240227 -8.673368 4.329954 -1.481406 -1.250574 -0.457306 1.739963
1498440365 -0.201879 -0.389009 0.287300 -8.660682 4.344033 -1.514051 -1.303230 -0.458907 1.743866
