0 -0.189104 0.409731 -0.238622 -8.542658 3.543261 -3.261702 -1.760783 -0.369675 1.935527
19979115 -0.663994 0.186632 0.128772 -8.542658 3.543261 -3.261702 -1.892254 -0.369675 1.935527
39958230 -0.432897 0.211503 0.028462 -8.539410 3.540065 -3.273654 -1.745557 -0.369325 1.936875
59937344 -0.200902 0.000323 -0.227738 -8.558843 3.509281 -3.256000 -1.835090 -0.365961 1.934315
79916459 -0.630769 -0.166211 -0.329976 -8.558843 3.509281 -3.256000 -1.751338 -0.365961 1.934315
99895573 -1.457942 -0.477125 -0.699618 -8.625638 3.455876 -3.134593 -1.833150 -0.360136 1.919362
119874688 -2.132252 -1.183826 -1.436249 -8.625638 3.455876 -3.134593 -1.803567 -0.360136 1.919362
139853802 -2.824109 -2.134523 -0.929232 -8.665198 3.477490 -2.998629 -1.775033 -0.362492 1.903952
159832865 -4.041677 -3.391206 -0.266291 -8.665198 3.477490 -2.998629 -1.779455 -0.362492 1.903952
179811927 -7.824567 -6.696227 -0.492917 -8.568973 3.739443 -2.959675 -1.842189 -0.391221 1.903362
199790990 -12.574622 -12.600409 1.293539 -8.568973 3.739443 -2.959675 -1.998678 -0.391221 1.903362
219770052 -13.912952 -19.699009 2.473213 -8.377620 4.152775 -2.956405 -1.984234 -0.437267 1.910046
239749115 -12.461751 -27.825514 1.239543 -8.079629 4.727535 -2.922394 -1.976866 -0.503021 1.917855
259728177 -17.052603 -35.864021 1.890211 -7.602131 5.468737 -2.910482 -2.013516 -0.591559 1.936432
279707240 -17.805758 -45.430168 4.206845 -6.720000 6.509615 -2.938860 -2.007662 -0.725883 1.983064
299686302 -5.078030 -54.482788 5.266887 -3.701200 8.526251 -3.126427 -1.095285 -1.054059 2.272209
319665365 -0.036190 -58.794937 3.961126 -3.701200 8.526251 -3.126427 -1.469696 -1.054059 2.272209
339644427 -0.292580 -65.297745 1.684881 0.737622 9.123053 -3.520825 0.279796 -1.195209 -2.935077
359623490 5.143707 -74.004646 5.320282 3.589135 8.363187 -3.653165 1.062130 -1.021338 -2.365035
379602552 14.993763 -81.896202 9.940848 6.252255 6.498293 -3.853813 1.411618 -0.724340 -2.123178
399581615 27.077587 -85.696449 7.312893 6.252255 6.498293 -3.853813 0.816271 -0.724340 -2.123178
419560677 34.553501 -84.430641 4.144024 8.275999 3.693131 -3.746867 0.999490 -0.386118 -1.995926
439539740 39.910454 -78.680222 9.848075 9.232403 0.477663 -3.271842 1.105162 -0.048727 -1.911374
459518802 47.106148 -66.374954 9.188923 9.040096 -2.598034 -2.774393 1.229831 0.268127 -1.868570
479497865 47.938068 -55.988823 4.334908 7.040040 -6.618377 -1.674905 1.781252 0.740811 -1.804366
499476927 48.155842 -51.531284 4.893163 7.040040 -6.618377 -1.674905 1.300986 0.740811 -1.804366
519455990 47.856644 -43.186543 3.432284 4.693162 -8.547756 -1.039469 1.636957 1.058515 -1.788764
539435052 47.544189 -31.375044 -1.355336 4.693162 -8.547756 -1.039469 1.398206 1.058515 -1.788764
559414115 49.199249 -20.535795 5.772280 3.627334 -9.086827 -0.665122 1.292541 1.185264 -1.752146
579393177 48.390617 -10.115843 6.416898 2.765764 -9.404454 -0.277816 1.226285 1.283408 -1.670909
599372240 40.655830 -1.742603 -2.471806 1.789501 -9.605365 0.839675 0.829107 1.367838 -1.132072
619351302 34.291611 4.786786 -11.082795 1.480688 -9.619297 1.202947 0.567893 1.375011 -0.888525
639330365 28.961538 8.719675 -12.836837 1.397053 -9.621305 1.284176 0.700185 1.376067 -0.827472
659309427 23.349613 10.844302 -10.063242 1.626970 -9.606578 1.112220 0.651859 1.368452 -0.971152
679288490 15.532812 10.298447 -7.445107 1.626970 -9.606578 1.112220 0.862190 1.368452 -0.971152
699267552 8.701230 7.940986 -3.470868 1.950557 -9.583230 0.726239 0.990499 1.356929 -1.214374
719246615 5.257002 5.523454 1.233859 2.152796 -9.560672 0.359748 1.151667 1.346349 -1.405219
739225677 3.883805 3.323213 6.442865 2.244718 -9.545877 0.088771 1.317127 1.339668 -1.531271
759204740 5.913525 2.169975 6.883620 2.244718 -9.545877 0.088771 1.327779 1.339668 -1.531271
779183802 3.511491 0.872027 3.368540 2.602100 -9.453063 0.197612 1.201672 1.301447 -1.494999
799162865 0.014150 0.395203 0.507187 2.602100 -9.453063 0.197612 1.201672 1.301447 -1.494999
819141927 0.265955 -0.201473 0.541608 2.921124 -9.361322 0.055488 1.291481 1.268278 -1.551803
839121042 -0.062492 -0.839937 1.043674 3.120003 -9.296882 -0.062967 1.207784 1.246949 -1.590975
859100157 -1.434735 -1.215040 1.038909 3.120003 -9.296882 -0.062967 1.334454 1.246949 -1.590975
879079271 -2.564502 -1.522563 1.384484 3.322940 -9.223799 -0.223624 1.422005 1.224292 -1.637992
899058386 -3.038689 -1.451076 1.866211 3.619323 -9.096141 -0.575429 1.388955 1.187798 -1.728465
919037500 -3.341782 -0.590806 1.899014 3.713861 -9.052024 -0.662190 1.394347 1.175934 -1.747244
939016615 -2.804211 -0.170806 0.863349 3.792811 -9.013569 -0.735215 1.498223 1.165862 -1.762266
958995730 -0.550136 -0.453482 0.680538 3.955661 -8.939472 -0.780368 1.433272 1.147093 -1.765574
978974844 -1.350009 -0.747017 0.550436 4.139036 -8.855311 -0.788815 1.458485 1.126679 -1.759117
998953959 -2.961052 0.078467 1.024903 4.271869 -8.798605 -0.711401 1.451978 1.113406 -1.735813
1018933073 -2.370824 -0.247623 0.347458 4.383119 -8.751464 -0.608710 1.436716 1.102638 -1.708790
1038912188 -1.290845 -0.134374 -0.668933 4.383119 -8.751464 -0.608710 1.536540 1.102638 -1.708790
1058891302 -0.414920 -0.560789 -0.991506 4.657999 -8.602959 -0.680103 1.477897 1.070119 -1.715779
1078870417 -2.237824 -0.010693 -0.380731 4.657999 -8.602959 -0.680103 1.485586 1.070119 -1.715779
1098849532 -2.724971 0.309939 0.491744 4.759254 -8.542167 -0.742487 1.507930 1.057353 -1.725558
1118828646 -1.317428 0.010066 1.001380 4.851835 -8.489246 -0.750190 1.534191 1.046472 -1.724201
1138807761 -0.179079 -0.117198 1.453867 4.851835 -8.489246 -0.750190 1.495207 1.046472 -1.724201
1158786875 0.200081 0.291651 0.847103 4.945882 -8.438838 -0.703313 1.444351 1.036293 -1.712051
1178765990 1.287066 -0.042970 -0.455530 5.041346 -8.385877 -0.657501 1.487955 1.025785 -1.700486
1198745105 1.318985 -0.113779 -1.882232 5.041346 -8.385877 -0.657501 1.526350 1.025785 -1.700486
1218724219 -0.331397 0.615078 -2.059651 5.183309 -8.300265 -0.639759 1.515538 1.009173 -1.693602
1238703334 -2.013390 1.105566 -1.525506 5.431895 -8.142353 -0.605794 1.476748 0.979626 -1.681863
1258682448 -2.340444 1.068100 -0.752259 5.431895 -8.142353 -0.605794 1.556014 0.979626 -1.681863
1278661563 -1.567225 1.226920 -0.370949 5.508080 -8.091854 -0.594430 1.611609 0.970449 -1.678300
1298640677 -0.345268 1.024223 -0.419046 5.638577 -7.991747 -0.713310 1.511985 0.952611 -1.696633
1318619792 0.530914 0.526668 0.046702 5.722614 -7.918981 -0.843700 1.652125 0.939921 -1.717175
1338598907 1.437819 -0.759019 1.471930 5.722614 -7.918981 -0.843700 1.616833 0.939921 -1.717175
1358578021 1.283047 -0.800876 2.071420 5.950818 -7.742521 -0.900840 1.562814 0.910022 -1.721037
1378557136 -0.149422 -0.585365 1.586927 6.065427 -7.667704 -0.766353 1.583684 0.897689 -1.696478
1398536250 -0.937633 -0.565478 0.299518 6.146773 -7.613671 -0.647760 1.620771 0.888899 -1.675791
1418515365 -1.294546 -0.247313 -0.484943 6.146773 -7.613671 -0.647760 1.601724 0.888899 -1.675791
1438494480 -0.533341 -0.186854 -0.370975 6.221181 -7.561313 -0.542076 1.579878 0.880472 -1.657711
1458473594 0.725717 -0.359241 -0.634889 6.221181 -7.561313 -0.542076 1.647666 0.880472 -1.657711
1478452709 1.179383 -0.971165 -1.930662 6.275114 -7.521612 -0.467649 1.631678 0.874138 -1.645183
1498431823 0.361870 -0.924477 -2.844971 6.345409 -7.466303 -0.400607 1.622568 0.865394 -1.633846
