0 -1.085259 0.248494 0.830737 -8.399858 4.910257 -1.225621 -2.014695 -0.524415 1.715684
19979062 -1.310127 0.163892 0.916776 -8.405767 4.902526 -1.216013 -2.013955 -0.523505 1.714464
39958125 -0.646362 0.059444 0.295461 -8.396708 4.929708 -1.167758 -2.173627 -0.526708 1.708983
59937187 -0.469942 0.032182 -0.236096 -8.396708 4.929708 -1.167758 -2.038156 -0.526708 1.708983
79916250 -1.152395 0.250879 -0.151705 -8.393907 4.936771 -1.158023 -2.070525 -0.527541 1.707891
99895312 -1.982985 0.554691 0.872103 -8.386824 4.954988 -1.131221 -2.062723 -0.529693 1.704868
119874375 -1.793993 0.851142 1.666519 -8.367186 5.001463 -1.070494 -2.031113 -0.535193 1.698045
139853437 -1.073798 1.001078 0.756953 -8.299165 5.147259 -0.894403 -2.000409 -0.552567 1.678152
159832500 -0.196072 0.932866 -0.842619 -8.258314 5.218996 -0.855986 -1.887131 -0.561185 1.674079
179811562 0.183193 0.623452 -1.533425 -8.219082 5.283831 -0.835589 -1.950651 -0.569013 1.672113
199790625 0.235960 0.231141 -0.982593 -8.185263 5.341280 -0.801608 -1.869522 -0.575982 1.668418
219769687 -0.272316 -0.444856 0.303179 -8.151155 5.399899 -0.755083 -1.911563 -0.583126 1.663168
239748750 -2.054393 -1.381105 1.645666 -8.151155 5.399899 -0.755083 -1.903775 -0.583126 1.663168
259727812 -5.489320 -3.112433 2.236429 -8.075435 5.525364 -0.654294 -2.016701 -0.598532 1.651643
279706875 -6.134248 -5.292791 1.650992 -7.780627 5.964501 -0.238644 -1.868628 -0.653803 1.601458
299685937 -5.447368 -8.754643 -0.434468 -7.618718 6.174029 -0.082952 -1.825218 -0.681007 1.581684
319665000 -9.330042 -12.082923 -0.437919 -7.618718 6.174029 -0.082952 -1.768198 -0.681007 1.581684
339644062 -13.053165 -15.820686 0.861970 -7.403109 6.431513 0.002577 -1.908565 -0.715284 1.570448
359623125 -14.113642 -19.634119 -0.533015 -7.056237 6.810134 0.044524 -1.962441 -0.767642 1.564487
379602187 -13.453960 -23.960999 -0.520351 -6.521834 7.323448 -0.056305 -2.033151 -0.843213 1.579430
399581250 -10.416639 -28.265631 -0.015830 -5.755358 7.934172 -0.308464 -2.002484 -0.942552 1.624341
419560312 -7.837478 -32.318554 -0.271421 -4.770492 8.546120 -0.613709 -1.881890 -1.058174 1.698740
439539427 -5.737858 -35.776581 -1.262579 -2.106090 9.482178 -1.350222 -1.137401 -1.312838 2.140892
459518541 -3.379980 -39.533043 -1.528862 -2.106090 9.482178 -1.350222 -1.405115 -1.312838 2.140892
479497656 -2.274874 -42.804039 0.320505 1.550013 9.445659 -2.132455 0.672679 -1.298624 -2.513061
499476770 0.509371 -46.597851 1.350026 1.550013 9.445659 -2.132455 0.246469 -1.298624 -2.513061
519455885 10.997328 -48.071487 0.484943 3.658111 8.726504 -2.576186 0.638634 -1.097029 -2.184362
539435000 22.176254 -45.387432 -4.040315 5.655690 7.451723 -2.942004 0.933497 -0.863104 -2.050461
559414114 20.904215 -41.111023 -8.428061 7.251737 5.859781 -3.040669 1.092077 -0.640419 -1.967831
579393229 19.430916 -39.612652 -8.733765 9.082710 2.249295 -2.935208 1.633165 -0.231424 -1.883367
599372343 18.715994 -37.217033 -2.713496 9.082710 2.249295 -2.935208 1.341503 -0.231424 -1.883367
619351458 23.403202 -38.525455 -2.170996 9.370929 0.290862 -2.876018 1.350732 -0.029664 -1.868579
639330572 24.391209 -42.281433 -5.074389 8.720439 -3.461403 -2.853598 1.676610 0.360738 -1.887045
659309687 27.830853 -43.992455 -5.086268 8.720439 -3.461403 -2.853598 1.384551 0.360738 -1.887045
679288802 32.703148 -42.293869 -3.973356 7.797698 -5.156224 -2.963046 1.514745 0.553642 -1.933934
699267916 33.904449 -36.727139 -2.443400 6.667283 -6.566390 -2.932616 1.530010 0.733650 -1.985179
719247031 35.327209 -29.731989 -2.613897 5.457810 -7.668242 -2.753319 1.669362 0.897777 -2.038016
739226145 35.441948 -23.664911 -6.852695 4.273474 -8.450480 -2.548963 1.767109 1.038628 -2.108610
759205260 32.259079 -17.138203 -5.209430 3.191543 -8.891281 -2.632407 1.960083 1.135294 -2.260482
779184375 29.687244 -10.696980 1.898866 2.228133 -9.085403 -2.943004 2.291154 1.184878 -2.493566
799163489 27.820726 -4.709287 5.819651 1.421277 -9.156097 -3.211888 2.558892 1.204505 -2.724989
819142604 26.002777 -0.004422 5.014719 0.787446 -9.190117 -3.330475 2.674038 1.214317 -2.909420
839121718 23.380480 3.181817 4.911560 -0.039805 -9.231055 -3.310049 3.047514 1.226478 3.129568
859100833 20.702080 5.422473 5.722041 -0.363197 -9.297629 -3.097186 3.059675 1.247188 3.024859
879079947 19.197479 7.221835 4.335794 -0.363197 -9.297629 -3.097186 2.878048 1.247188 3.024859
899059062 17.370701 8.424480 1.187203 -0.606087 -9.390169 -2.761840 3.086125 1.278313 2.925567
919038177 14.972695 8.751512 -1.190893 -0.738302 -9.478241 -2.405878 3.123592 1.311270 2.843841
939017291 13.205235 8.309200 -2.539908 -0.780677 -9.598136 -1.853837 3.140167 1.364213 2.743018
958996406 12.281103 7.088131 -3.384979 -0.694275 -9.629324 -1.721770 3.119219 1.380339 2.758302
978975520 10.606565 5.432440 -4.179510 -0.694275 -9.629324 -1.721770 -3.140931 1.380339 2.758302
998954635 9.918340 3.281927 -3.197852 -0.542014 -9.633007 -1.755504 -3.126713 1.382333 2.842126
1018933750 9.529861 1.018457 -1.345596 0.200987 -9.572268 -2.121713 2.626285 1.351725 -3.047146
1038912864 6.247327 -0.941038 0.986481 0.200987 -9.572268 -2.121713 2.746747 1.351725 -3.047146
1058891979 2.053170 -2.269921 3.132465 1.279364 -9.428777 -2.373136 2.207401 1.292292 -2.647154
1078871093 -1.782412 -2.842757 3.578114 1.279364 -9.428777 -2.373136 2.295893 1.292292 -2.647154
1098850208 -4.185649 -2.857080 1.438969 1.735803 -9.361928 -2.347698 2.198131 1.268485 -2.504933
1118829322 -4.314743 -2.942473 -1.115778 2.406796 -9.233086 -2.264479 2.026283 1.227091 -2.325738
1138808437 -3.448730 -2.650158 -1.908204 2.698365 -9.138963 -2.317015 2.039352 1.199657 -2.280304
1158787552 -2.913939 -2.622741 -0.424866 2.698365 -9.138963 -2.317015 2.044104 1.199657 -2.280304
1178766666 -2.636895 -3.076243 0.363832 3.262018 -8.925303 -2.422517 1.944973 1.143592 -2.209573
1198745781 -3.176973 -2.848047 0.309744 3.536537 -8.809210 -2.461933 1.923580 1.115861 -2.178928
1218724895 -4.467938 -2.299518 0.818190 3.536537 -8.809210 -2.461933 1.979400 1.115861 -2.178928
1238704010 -4.849308 -1.913733 1.537406 3.759923 -8.712073 -2.476516 2.018187 1.093814 -2.153236
1258683125 -4.215270 -1.323404 1.017693 4.018499 -8.627631 -2.363480 1.966385 1.075386 -2.102457
1278662239 -4.129464 -0.509918 0.041338 4.073416 -8.622809 -2.285788 1.847809 1.074352 -2.082158
1298641354 -4.570794 -0.148129 0.943008 4.007147 -8.680963 -2.180380 1.869110 1.086949 -2.069116
1318620468 -2.672326 0.307356 1.693595 3.886433 -8.778485 -2.001055 1.841018 1.108782 -2.046279
1338599583 0.813995 -0.976212 -0.764386 3.886433 -8.778485 -2.001055 1.714747 1.108782 -2.046279
1358578697 1.494593 -1.725597 -3.870526 3.838046 -8.843800 -1.796382 1.678239 1.123955 -2.008556
1378557812 -0.026958 -1.448581 -4.862650 3.915817 -8.833167 -1.676882 1.704196 1.121453 -1.975402
1398536927 -1.066370 -1.436625 -3.835064 3.964344 -8.795691 -1.757896 1.715718 1.112733 -1.988171
1418516041 -1.819574 -1.064783 -1.330411 3.964344 -8.795691 -1.757896 1.665343 1.112733 -1.988171
1438495156 -2.357121 -0.641175 1.022210 4.011507 -8.754194 -1.855336 1.728210 1.103256 -2.003999
1458474270 -2.115882 -0.557698 2.206862 4.037210 -8.725863 -1.931488 1.738302 1.096885 -2.017033
1478453385 -1.468094 -0.883077 2.009703 4.050848 -8.699957 -2.017863 1.768844 1.091129 -2.032949
1498432500 -1.842083 -0.639350 1.470256 4.047453 -8.692139 -2.057970 1.693129 1.089405 -2.041189
