0 0.074363 0.359822 -0.128304 -5.893231 -7.823752 0.478656 1.159426 0.923639 1.489753
19979584 0.293026 0.225303 -0.708318 -5.922527 -7.800376 0.498195 1.107172 0.919695 1.486875
39959167 0.371078 0.141737 -0.751964 -5.947703 -7.782319 0.480332 1.035358 0.916663 1.490212
59938750 0.600754 0.034809 -0.440246 -5.970912 -7.766705 0.443740 1.057824 0.914051 1.496616
79918334 0.579494 0.075679 -0.140480 -5.979174 -7.762148 0.411012 1.171573 0.913290 1.502164
99897917 0.581265 -0.011688 0.105722 -5.981077 -7.761766 0.389997 0.999731 0.913226 1.505683
119877500 0.479578 0.013943 0.180129 -5.970972 -7.769847 0.383881 1.044443 0.914576 1.506593
139857084 -0.020990 0.427286 0.123858 -5.951982 -7.784776 0.376233 0.926379 0.917075 1.507669
159836667 -0.669912 0.756941 0.064381 -5.977551 -7.765282 0.373702 1.082011 0.913813 1.508360
179816250 -1.713134 0.970966 -0.251237 -5.977551 -7.765282 0.373702 1.076057 0.913813 1.508360
199795782 -3.152085 1.604940 -0.540395 -5.987431 -7.757924 0.368323 0.935262 0.912586 1.509358
219775313 -6.008960 1.601806 -0.550458 -6.036706 -7.720666 0.346207 1.015849 0.906400 1.513509
239754844 -10.752563 2.045201 -0.277032 -6.036706 -7.720666 0.346207 0.899857 0.906400 1.513509
259734375 -17.035831 3.900234 0.729951 -6.119949 -7.656132 0.316608 1.036505 0.895798 1.519109
279713907 -21.841291 4.170688 1.867048 -6.832444 -7.029090 0.282844 0.885549 0.799156 1.529423
299693438 -23.551353 1.090172 1.928114 -7.378438 -6.449991 0.355896 0.917376 0.717783 1.522599
319672969 -23.745726 -2.641608 2.212021 -7.378438 -6.449991 0.355896 1.136062 0.717783 1.522599
339652500 -25.601334 -5.811427 2.182621 -8.489155 -4.846808 0.782998 0.988914 0.516957 1.478822
359632032 -29.470783 -8.579211 1.859057 -9.055124 -3.650471 0.921499 0.856287 0.381426 1.469380
379611563 -32.938301 -14.242887 0.410096 -9.055124 -3.650471 0.921499 1.303419 0.381426 1.469380
399591094 -32.010010 -23.433559 3.537528 -9.522118 -2.160290 0.912584 0.792130 0.222110 1.475250
419570625 -31.792580 -29.356888 7.897973 -9.742218 -0.527914 0.990390 0.882976 0.053858 1.469485
439550157 -31.093643 -35.007286 6.794530 -9.207793 3.165308 1.169509 0.621692 -0.328656 1.444460
459529688 -29.871941 -42.023457 4.504347 -9.207793 3.165308 1.169509 0.621692 -0.328656 1.444460
479509219 -33.818062 -46.188187 4.127011 -8.390756 4.959154 1.082772 0.624106 -0.530185 1.442462
499488750 -36.149448 -51.867359 4.044841 -5.346908 8.164961 0.956231 0.513365 -0.983775 1.393829
519468282 -31.781593 -56.822163 4.062775 -3.164597 9.233663 0.946149 0.341617 -1.227266 1.280276
539447813 -25.841867 -57.882500 2.202716 -3.164597 9.233663 0.946149 0.847588 -1.227266 1.280276
559427344 -20.078115 -56.315189 0.616051 1.629705 9.664622 0.330932 -2.336750 -1.400398 -1.370458
579406875 -10.838340 -53.039837 0.402290 3.761220 9.053209 -0.251025 -2.563272 -1.176248 -1.637438
599386407 -0.974421 -46.622311 -0.288317 5.428368 8.115277 -0.919500 -2.704788 -0.974690 -1.738592
619365938 6.180834 -40.169735 -5.247676 5.428368 8.115277 -0.919500 -2.690185 -0.974690 -1.738592
639345469 9.771791 -33.400261 -5.198267 6.595486 7.110875 -1.451004 -2.791923 -0.811190 -1.787346
659325000 9.154051 -26.927422 -1.273289 7.419199 6.171172 -1.744282 -2.802038 -0.680632 -1.801707
679304532 9.911395 -22.431501 -1.706636 8.407060 4.598656 -2.084253 -2.756747 -0.488082 -1.813814
699284063 11.084851 -19.554396 -4.787094 8.407060 4.598656 -2.084253 -2.805763 -0.488082 -1.813814
719263594 10.843678 -16.714138 -5.451880 8.634308 4.103839 -2.185776 -2.825931 -0.431766 -1.818738
739243125 8.386215 -12.454034 -4.242295 8.831473 3.701144 -2.115893 -2.901275 -0.387000 -1.805949
759222657 6.733953 -8.773982 -2.654791 8.874486 3.659513 -2.005452 -2.825931 -0.382420 -1.793043
779202188 6.238071 -7.003635 -1.649874 8.861630 3.724467 -1.941706 -2.858004 -0.389569 -1.786501
799181719 5.133925 -6.122416 -1.898986 8.793164 3.896803 -1.914570 -2.946633 -0.408642 -1.785184
819161250 2.828822 -4.063359 -1.436957 8.705340 4.106922 -1.876335 -2.864627 -0.432112 -1.783087
839140782 1.060391 -2.050304 -0.493807 8.626758 4.297359 -1.811667 -2.899970 -0.453605 -1.777794
859120313 0.605785 -0.876691 -0.138872 8.551832 4.464193 -1.762816 -2.896844 -0.472620 -1.774082
879099896 1.061012 -0.642923 -0.600612 8.551832 4.464193 -1.762816 -2.897666 -0.472620 -1.774082
899079480 1.209397 -0.537046 -1.020749 8.348107 4.838707 -1.751111 -2.924027 -0.516007 -1.777560
919059063 0.732222 -0.133732 -0.970720 8.348107 4.838707 -1.751111 -2.924027 -0.516007 -1.777560
939038646 -0.279822 0.570789 -0.430176 8.215444 5.056747 -1.762433 -2.905004 -0.541760 -1.782120
959018230 -0.903535 1.053674 0.080640 7.967388 5.435296 -1.774448 -2.925933 -0.587457 -1.789934
978997813 -0.709015 1.058128 0.356181 7.967388 5.435296 -1.774448 -2.925933 -0.587457 -1.789934
998977396 -0.626679 0.901337 -0.037769 7.777100 5.699210 -1.790561 -2.949736 -0.620151 -1.797088
1018956980 -0.926214 0.414773 -0.799452 7.777100 5.699210 -1.790561 -2.949736 -0.620151 -1.797088
1038936563 -0.945488 0.182782 -0.909787 7.697614 5.805997 -1.790959 -2.953818 -0.633596 -1.799394
1058916146 -0.765636 0.334549 -0.398844 7.600066 5.949481 -1.735821 -2.946211 -0.651875 -1.795340
1078895730 -0.037363 -0.161463 -0.016898 7.575969 5.991749 -1.695300 -2.955564 -0.657308 -1.790943
1098875313 0.681889 -0.599411 0.170058 7.545390 6.042456 -1.651120 -2.885426 -0.663857 -1.786226
1118854896 0.596404 -0.489070 0.621667 7.545390 6.042456 -1.651120 -2.885426 -0.663857 -1.786226
1138834480 0.255055 -0.055687 0.793319 7.452268 6.172334 -1.592598 -2.899544 -0.680785 -1.781336
1158814063 0.179570 0.548753 0.633180 7.405400 6.238996 -1.550929 -2.946788 -0.689564 -1.777245
1178793646 0.073545 1.002434 0.629952 7.359545 6.302297 -1.512793 -2.893822 -0.697959 -1.773528
1198773230 0.107850 1.142443 0.308457 7.359545 6.302297 -1.512793 -2.884517 -0.697959 -1.773528
1218752813 0.095798 0.964280 0.073381 7.262478 6.434527 -1.422549 -2.874626 -0.715691 -1.764224
1238732396 -0.063866 0.867371 0.870704 7.208623 6.502892 -1.385109 -2.873107 -0.724967 -1.760629
1258711980 -0.388402 0.959197 1.429183 7.157746 6.560351 -1.377985 -2.870640 -0.732822 -1.760986
1278691563 -0.470148 0.985143 0.992439 7.113270 6.606692 -1.386869 -2.854376 -0.739197 -1.763350
1298671146 -0.377269 0.785375 0.601003 7.113270 6.606692 -1.386869 -2.854376 -0.739197 -1.763350
1318650730 -0.411261 0.380612 0.653704 7.043078 6.676035 -1.412794 -2.857492 -0.748808 -1.768762
1338630313 -0.554905 0.158115 0.974362 7.043078 6.676035 -1.412794 -2.857492 -0.748808 -1.768762
1358609896 -0.525924 0.315041 0.742236 6.981621 6.725977 -1.479389 -2.879102 -0.755783 -1.779605
1378589480 -0.600076 0.613668 0.331852 6.969464 6.729455 -1.520326 -2.875870 -0.756271 -1.785573
1398569063 -0.200346 0.920533 0.103577 6.969464 6.729455 -1.520326 -2.907154 -0.756271 -1.785573
1418548646 0.613832 0.579190 -0.245031 6.982316 6.696288 -1.605419 -2.940190 -0.751631 -1.796795
1438528230 1.536793 -0.048759 -0.148000 6.975188 6.697724 -1.630225 -2.863464 -0.751832 -1.800393
1458507813 1.607745 -0.105285 0.419829 6.962687 6.707917 -1.641709 -2.914708 -0.753256 -1.802354
1478487396 1.039639 0.157974 0.769436 6.958019 6.710545 -1.650741 -2.923387 -0.753623 -1.803733
