0 -0.235293 -0.156361 0.416378 5.256830 8.187964 -1.222038 -2.775454 -0.988024 -1.799206
19979792 0.076056 -0.170315 -0.021579 5.247638 8.192719 -1.229650 -2.739701 -0.988905 -1.800968
39959584 0.182690 -0.078475 -0.307040 5.247638 8.192719 -1.229650 -2.716396 -0.988905 -1.800968
59939375 0.023854 -0.023103 -0.226365 5.237379 8.198392 -1.235569 -2.730393 -0.989959 -1.802474
79919167 0.088951 -0.269852 -0.073191 5.230273 8.201491 -1.245059 -2.726425 -0.990535 -1.804495
99898959 0.124775 -0.298105 -0.125482 5.230273 8.201491 -1.245059 -2.797253 -0.990535 -1.804495
119878750 0.291524 -0.257200 -0.369978 5.218925 8.206460 -1.259851 -2.853453 -0.991460 -1.807665
139858542 0.351056 -0.084494 -0.595857 5.205608 8.213470 -1.269223 -2.783705 -0.992767 -1.809949
159838334 0.317267 -0.025864 -0.274902 5.183807 8.229587 -1.253966 -2.759329 -0.995782 -1.808138
179818125 0.520430 -0.164969 -0.098715 5.171969 8.238651 -1.243283 -2.759148 -0.997483 -1.806709
199797917 0.701761 -0.234307 -0.075136 5.157937 8.249655 -1.228520 -2.786347 -0.999555 -1.804620
219777709 0.582447 -0.192741 0.040943 5.159741 8.251961 -1.205235 -2.729383 -0.999990 -1.800266
239757500 0.617933 -0.336056 0.010961 5.171335 8.250370 -1.165793 -2.766620 -0.999690 -1.792524
259737344 0.929380 -0.718584 0.378886 5.166963 8.259807 -1.117360 -2.798658 -1.001473 -1.783768
279717188 1.085947 -1.156169 0.721679 5.164996 8.268185 -1.063169 -2.774876 -1.003060 -1.773802
299697032 0.971162 -1.560515 0.470215 5.176557 8.268904 -0.999445 -2.722238 -1.003196 -1.761521
319676875 1.636127 -2.612078 1.203601 5.186133 8.267843 -0.957693 -2.753396 -1.002995 -1.753403
339656719 3.947598 -3.857802 1.326758 5.149292 8.292562 -0.942643 -2.683629 -1.007699 -1.751854
359636563 5.364335 -4.766321 0.855036 5.049413 8.353929 -0.941115 -2.693322 -1.019533 -1.755063
379616407 6.039276 -5.804815 0.019368 4.888094 8.452074 -0.916178 -2.757097 -1.038949 -1.756077
399596250 6.026547 -7.140303 -0.377984 4.670103 8.580196 -0.860665 -2.739570 -1.065305 -1.753044
419576094 6.074646 -9.021894 0.869695 4.670103 8.580196 -0.860665 -2.785680 -1.065305 -1.753044
439555938 7.784356 -11.544470 1.745103 3.917231 8.952043 -0.828629 -2.783476 -1.150221 -1.779258
459535782 8.916625 -14.054078 0.982160 3.283165 9.202337 -0.841548 -2.824153 -1.217905 -1.821716
479515625 8.834963 -16.131565 0.661564 2.453460 9.455085 -0.867346 -2.874607 -1.302222 -1.910603
499495469 7.161121 -17.911915 0.310853 2.453460 9.455085 -0.867346 -2.941046 -1.302222 -1.910603
519475313 7.352210 -21.051649 -0.306578 0.327453 9.761669 -0.879195 2.472658 -1.474981 -2.785062
539455157 8.003266 -25.385452 0.218907 0.327453 9.761669 -0.879195 2.408627 -1.474981 -2.785062
559435000 6.658406 -29.079704 0.901408 -2.639612 9.392289 -0.993848 0.953110 -1.279063 1.930893
579414844 3.676211 -32.426270 0.961461 -4.323339 8.726902 -1.149048 0.921182 -1.097118 1.830569
599394688 1.871920 -36.109314 0.537028 -6.018546 7.647839 -1.207500 0.873549 -0.894446 1.768798
619374532 0.652697 -40.581192 3.076291 -7.591163 6.077386 -1.268865 0.895136 -0.668387 1.736416
639354375 -1.452918 -44.550495 6.544679 -8.853292 3.976188 -1.406956 1.035931 -0.417480 1.728397
659334219 -5.177176 -48.052525 4.358800 -9.608893 1.452020 -1.315748 1.223385 -0.148611 1.706880
679314063 -11.543637 -49.465771 2.069305 -9.668957 -1.204242 -1.109714 1.365566 0.123109 1.685067
699293907 -16.288033 -51.270294 3.478275 -8.983619 -3.832252 -0.882510 1.528853 0.401480 1.668718
719273750 -26.546780 -52.662529 0.949600 -7.693199 -6.063533 -0.467589 1.657425 0.666588 1.631501
739253594 -37.655361 -47.208412 -5.634675 -6.150702 -7.634628 -0.227402 1.738927 0.892297 1.607751
759233438 -44.324669 -37.539421 -2.834488 -6.150702 -7.634628 -0.227402 1.106896 0.892297 1.607751
779213282 -41.611698 -29.412785 4.620272 -3.549969 -9.136196 -0.313118 1.522779 1.198880 1.658772
799193125 -40.207352 -20.879654 9.740056 -2.528890 -9.474425 -0.101867 1.496286 1.309758 1.611056
819172969 -40.773621 -8.632128 6.849333 -2.528890 -9.474425 -0.101867 1.292769 1.309758 1.611056
839152813 -38.544006 -0.897155 1.480230 -1.612732 -9.661242 0.479477 1.645572 1.398376 1.281812
859132657 -32.984798 2.746412 -3.632147 -1.649283 -9.647824 0.608068 1.673766 1.390576 1.217573
879112500 -25.947987 4.379246 -4.996728 -1.900836 -9.604284 0.561206 1.330562 1.367292 1.283711
899092344 -18.350037 3.809927 -3.313085 -2.258590 -9.534700 0.398314 1.274181 1.334744 1.396236
919072188 -11.419899 2.647951 1.378613 -2.632543 -9.442487 0.282035 1.067062 1.297423 1.464069
939052032 -6.249219 1.925921 4.871171 -2.982674 -9.337226 0.300435 1.117502 1.260136 1.470408
959031875 -2.675049 1.053839 3.341788 -3.276822 -9.235928 0.361187 1.022758 1.227953 1.461015
979011719 -0.187692 -0.628373 0.487411 -3.474064 -9.163422 0.364670 1.047073 1.206596 1.466210
998991563 0.794468 -0.433432 0.282456 -3.625445 -9.106350 0.317707 1.046698 1.190593 1.483387
1018971407 0.632253 -0.007713 2.153653 -3.782567 -9.042144 0.319715 0.993159 1.173323 1.486473
1038951250 1.246944 -0.002015 2.907233 -3.940873 -8.971212 0.396534 1.060554 1.155035 1.470513
1058931094 2.057124 -0.195712 1.686316 -4.089568 -8.898325 0.515389 1.090141 1.137000 1.445432
1078910938 2.280795 -0.338352 -0.030607 -4.232008 -8.824207 0.627582 0.950384 1.119354 1.423575
1098890782 2.901085 -0.304901 -1.066123 -4.232008 -8.824207 0.627582 1.088590 1.119354 1.423575
1118870625 2.800477 -0.345273 -1.414119 -4.342236 -8.764466 0.706754 1.044727 1.105585 1.409449
1138850469 2.410722 0.061260 -0.686420 -4.515883 -8.670402 0.775451 1.141499 1.084639 1.400738
1158830313 2.114362 -0.206689 -0.262504 -4.587483 -8.628212 0.824218 0.982805 1.075510 1.393026
1178810157 1.938150 -0.312628 -0.139145 -4.640671 -8.593623 0.885550 1.115052 1.068139 1.382239
1198790000 1.351384 -0.214829 -0.273346 -4.690300 -8.560710 0.941125 1.141140 1.061216 1.372772
1218769792 0.701353 -0.223239 -0.175376 -4.690300 -8.560710 0.941125 1.199667 1.061216 1.372772
1238749584 0.374728 -0.423582 -0.013464 -4.801551 -8.484248 1.064439 1.169505 1.045455 1.352638
1258729375 1.142519 -0.460034 -0.581957 -4.830953 -8.459372 1.127528 1.117252 1.040418 1.341504
1278709167 1.429967 -0.357020 -0.920519 -4.827541 -8.454579 1.176994 1.114197 1.039453 1.331654
1298688959 0.716573 0.026438 -0.955165 -4.824545 -8.452199 1.206020 1.034974 1.038974 1.325840
1318668750 0.265097 0.658373 -0.843887 -4.843824 -8.441247 1.205451 1.311854 1.036776 1.326888
1338648542 0.141143 0.761583 -0.182746 -4.843824 -8.441247 1.205451 1.385830 1.036776 1.326888
1358628334 0.387675 0.182717 0.336134 -4.883122 -8.419169 1.201291 1.320740 1.032369 1.329578
1378608125 0.337374 -0.151117 0.473891 -4.943644 -8.381122 1.219662 1.242704 1.024850 1.328914
1398587917 0.260169 0.061385 0.392399 -4.966526 -8.364852 1.238253 1.298637 1.021664 1.326458
1418567709 0.144304 0.700602 0.284250 -4.966526 -8.364852 1.238253 1.281103 1.021664 1.326458
1438547500 -0.036908 0.935542 0.214995 -5.008790 -8.337088 1.255143 1.251236 1.016263 1.325264
1458527292 0.301616 0.391260 -0.188133 -5.159003 -8.237983 1.300277 1.235179 0.997358 1.323898
1478507084 0.752588 -0.195910 -0.321104 -5.159003 -8.237983 1.300277 1.227993 0.997358 1.323898
1498486875 1.030218 -0.106795 -0.051829 -5.225018 -8.194951 1.308565 1.139727 0.989320 1.325401
