0 -0.564967 0.473225 0.574452 8.459146 -4.956572 0.213594 1.244986 0.529880 -1.545552
19979115 -0.480822 0.702142 0.376500 8.435975 -4.998807 0.128952 1.297549 0.534878 -1.555512
39958229 -0.237720 0.975589 -0.502086 8.421443 -5.024354 0.074595 1.150371 0.537909 -1.561939
59937344 0.281261 1.096906 -1.111465 8.411928 -5.040736 0.028671 1.319430 0.539855 -1.567388
79916511 0.334110 1.326413 -0.836557 8.394724 -5.069407 -0.010589 1.189775 0.543267 -1.572058
99895677 0.237218 2.520145 -0.191855 8.394724 -5.069407 -0.010589 1.187298 0.543267 -1.572058
119874844 1.645906 5.269475 -0.467436 8.358288 -5.129269 0.005502 1.277268 0.550414 -1.570138
139854011 7.167526 5.842197 -1.906167 8.303123 -5.216706 0.120539 1.288231 0.560909 -1.556280
159833177 11.565574 5.145498 0.881637 8.307443 -5.202316 0.304468 1.278768 0.559177 -1.534163
179812344 13.013198 6.468092 7.415840 8.417235 -5.018041 0.373887 1.430644 0.537160 -1.526406
199791511 17.817392 6.504979 8.454021 8.829812 -4.256287 0.298017 1.241837 0.448951 -1.537058
219770677 23.408657 5.333120 4.162892 9.091262 -3.645261 0.481075 1.332821 0.380854 -1.517929
239749844 30.288738 3.264771 4.080321 9.390652 -2.744411 0.673976 1.144256 0.283640 -1.499148
259729011 36.430233 -1.572689 6.103626 9.390652 -2.744411 0.673976 1.377936 0.283640 -1.499148
279708177 35.344193 -6.354917 2.753362 9.793628 -0.046632 0.503053 1.060991 0.004755 -1.519476
299687344 35.128185 -12.065088 3.315500 9.683915 1.421344 0.609867 1.087942 -0.145449 -1.507902
319666511 38.658092 -18.557053 9.115221 9.314937 3.017705 0.543872 1.461422 -0.312796 -1.512475
339645677 40.985722 -26.078499 5.375482 8.599623 4.711437 0.138699 1.497536 -0.501148 -1.554669
359624844 39.686638 -31.822369 -2.643020 8.599623 4.711437 0.138699 1.889162 -0.501148 -1.554669
379604011 40.940968 -37.262779 -4.975183 7.517362 6.296494 -0.117600 2.008142 -0.697187 -1.586439
399583177 42.830467 -43.670315 -3.370881 4.180342 8.870312 0.112760 1.577418 -1.130253 -1.543829
419562344 41.411560 -51.249939 -2.197688 4.180342 8.870312 0.112760 2.249665 -1.130253 -1.543829
439541511 32.233353 -56.287094 -1.162319 -0.700949 9.772589 0.419018 -2.341886 -1.487425 1.032006
459520677 16.653599 -54.243290 -3.508547 -0.700949 9.772589 0.419018 -1.533908 -1.487425 1.032006
479499844 5.836062 -47.030338 -7.529112 -3.075162 9.303535 0.397505 -1.307912 -1.249087 1.442246
499479011 -0.591003 -40.129436 -6.731394 -6.385896 7.422312 0.547731 -2.161443 -0.858503 1.485234
519458177 -4.533922 -34.461872 -4.576203 -6.385896 7.422312 0.547731 -1.859496 -0.858503 1.485234
539437344 -3.844684 -29.540300 -3.253591 -7.299098 6.521620 0.601697 -2.082311 -0.727521 1.488548
559416511 -3.004002 -25.300787 -0.135359 -8.286096 5.222211 0.489400 -2.379056 -0.561572 1.511802
579395677 -3.451596 -21.119177 3.723300 -8.286096 5.222211 0.489400 -2.268187 -0.561572 1.511802
599374844 -4.537176 -17.781206 3.949708 -8.718539 4.483212 0.241428 -2.258578 -0.474800 1.543112
619354011 -5.725835 -14.978691 1.397769 -8.718539 4.483212 0.241428 -2.243218 -0.474800 1.543112
639333177 -6.127469 -12.502569 -1.884071 -8.812215 4.302200 0.079584 -2.245995 -0.454154 1.561766
659312344 -5.463654 -9.883289 -4.190884 -8.841752 4.239631 -0.139053 -2.219824 -0.447066 1.586522
679291511 -3.954760 -7.110644 -4.504798 -8.735855 4.394692 -0.736141 -2.110148 -0.464677 1.654864
699270677 -2.191671 -4.662767 -4.194958 -8.735855 4.394692 -0.736141 -2.141582 -0.464677 1.654864
719249844 -1.055992 -2.345420 -4.195345 -8.637859 4.530493 -1.016079 -2.116498 -0.480228 1.687889
739229011 -0.631194 -0.247663 -4.274580 -8.460869 4.791658 -1.274405 -2.050387 -0.510500 1.720296
759208177 -0.451988 2.237687 -3.649722 -8.395994 4.904247 -1.275156 -2.037919 -0.523707 1.721521
779187344 0.311295 2.644735 -2.343922 -8.338241 5.007479 -1.252714 -2.014812 -0.535907 1.719918
799166511 0.833189 2.941501 -1.471673 -8.338241 5.007479 -1.252714 -2.039176 -0.535907 1.719918
819145677 1.842192 2.715906 -0.730730 -8.254354 5.150896 -1.226503 -2.001537 -0.553003 1.718306
839124844 2.376343 1.928387 -0.095325 -8.254354 5.150896 -1.226503 -2.005148 -0.553003 1.718306
859104011 1.715582 0.952675 -0.130261 -8.260934 5.135963 -1.244690 -2.024650 -0.551215 1.720343
879083177 0.927547 0.331894 -0.619127 -8.347767 5.010167 -1.176182 -1.942436 -0.536225 1.710773
899062344 0.467811 0.002079 -1.277722 -8.347767 5.010167 -1.176182 -2.013263 -0.536225 1.710773
919041511 -0.136416 -0.012818 -1.563153 -8.405445 4.937150 -1.069315 -1.951851 -0.527586 1.697334
939020677 0.035468 -0.149772 -0.934557 -8.405445 4.937150 -1.069315 -1.989918 -0.527586 1.697334
958999844 -0.254093 -0.256125 0.353319 -8.404871 4.940002 -1.060616 -2.016264 -0.527923 1.696323
978979011 -0.284925 -0.248942 1.405963 -8.392836 4.955382 -1.083922 -2.020860 -0.529739 1.699234
998958177 -0.376129 -0.221795 1.869688 -8.405221 4.940115 -1.057311 -2.039422 -0.527936 1.695931
1018937344 -0.422580 -0.265561 1.230255 -8.430481 4.906578 -1.011370 -2.055447 -0.523982 1.690192
1038916511 -0.740950 -0.296888 0.304015 -8.445664 4.888636 -0.970758 -2.081318 -0.521870 1.685236
1058895677 -1.164604 -0.236407 -0.120377 -8.445664 4.888636 -0.970758 -2.023310 -0.521870 1.685236
1078874844 -0.846777 -0.384898 -0.004287 -8.429990 4.912409 -0.986865 -2.024620 -0.524669 1.687332
1098854011 -0.844741 -0.516772 0.036458 -8.390578 4.964296 -1.060347 -2.035743 -0.530793 1.696504
1118833177 -0.203794 -0.531074 -0.370698 -8.337437 5.033465 -1.149684 -2.037504 -0.538991 1.707826
1138812344 0.338297 -0.665373 -0.352865 -8.272098 5.122403 -1.226284 -2.067018 -0.549592 1.717968
1158791511 0.261421 -0.669325 -0.176720 -8.269382 5.132700 -1.201279 -2.082221 -0.550824 1.715055
1178770677 -0.366097 -0.507264 -0.496391 -8.269049 5.142961 -1.158959 -2.036800 -0.552053 1.710046
1198749844 -0.918857 -0.401435 -0.999277 -8.269049 5.142961 -1.158959 -2.118469 -0.552053 1.710046
1218729011 -0.999038 -0.307130 -0.938043 -8.254652 5.174623 -1.119982 -2.107167 -0.555849 1.705652
1238708177 -0.607475 -0.290725 -0.583466 -8.186609 5.287042 -1.094082 -2.213939 -0.569402 1.703652
1258687344 -0.350610 -0.239944 -0.229058 -8.186609 5.287042 -1.094082 -2.146114 -0.569402 1.703652
1278666511 -0.134685 -0.205414 0.216882 -8.131168 5.384312 -1.031346 -2.132869 -0.581224 1.696961
1298645677 0.259851 -0.347280 0.193236 -8.131168 5.384312 -1.031346 -2.161686 -0.581224 1.696961
1318624844 1.504408 -0.538367 0.496763 -8.115298 5.412659 -1.007686 -2.123400 -0.584686 1.694335
1338604011 2.224841 -0.657743 0.675195 -8.175944 5.330423 -0.954413 -2.108559 -0.574663 1.687005
1358583177 1.086403 -0.635252 -0.071940 -8.175944 5.330423 -0.954413 -2.253682 -0.574663 1.687005
1378562344 -1.209377 0.005810 -0.151109 -8.240794 5.221870 -0.995881 -2.101449 -0.561531 1.691061
1398541511 -2.271436 0.425538 0.364530 -8.238215 5.242303 -0.905784 -2.148847 -0.563994 1.680306
1418520677 -1.257241 0.854760 0.817386 -8.238215 5.242303 -0.905784 -2.168623 -0.563994 1.680306
1438499844 -0.001163 1.225598 0.767948 -8.230529 5.274242 -0.781765 -2.260233 -0.567853 1.665496
1458479011 0.341636 1.372258 0.149628 -8.229568 5.295487 -0.634350 -2.182093 -0.570424 1.647726
1478458177 0.099644 1.421727 -0.226311 -8.229568 5.295487 -0.634350 -2.105019 -0.570424 1.647726
1498437344 0.091104 1.229939 -0.182948 -8.212941 5.324345 -0.607728 -2.085137 -0.573925 1.644658
