0 -0.139760 0.254254 0.310233 -8.459462 4.712492 -1.549293 -2.162439 -0.501271 1.751932
19979115 -0.119312 0.366601 1.767375 -8.416224 4.779237 -1.580014 -2.109372 -0.509048 1.756371
39958229 0.026898 0.440925 2.179583 -8.416224 4.779237 -1.580014 -2.111953 -0.509048 1.756371
59937344 -0.229637 0.289127 1.029885 -8.425827 4.755659 -1.599853 -2.145606 -0.506297 1.758438
79916458 -0.681601 0.172039 -0.374240 -8.425827 4.755659 -1.599853 -2.077253 -0.506297 1.758438
99895521 -1.005093 0.087211 -1.108995 -8.440487 4.736478 -1.579350 -2.005974 -0.504062 1.755773
119874583 -1.251339 -0.099641 -1.473686 -8.447804 4.732369 -1.552312 -1.967659 -0.503584 1.752522
139853646 -1.749208 -0.567613 -1.419134 -8.429498 4.777698 -1.512471 -1.886424 -0.508869 1.748333
159832708 -1.913631 -1.148962 -1.351441 -8.429498 4.777698 -1.512471 -1.968060 -0.508869 1.748333
179811771 -2.427116 -2.140342 -1.153016 -8.412593 4.815103 -1.487766 -1.993278 -0.513242 1.745836
199790833 -3.716063 -4.020154 -1.278453 -8.395659 4.897680 -1.302315 -1.944972 -0.522934 1.724687
219769896 -5.498353 -6.737934 -1.100447 -8.395659 4.897680 -1.302315 -1.981913 -0.522934 1.724687
239748958 -7.294982 -9.699669 -0.830108 -8.206154 5.277593 -0.988148 -1.853235 -0.568258 1.690635
259728021 -8.065384 -13.428167 -0.841336 -7.950115 5.680337 -0.836565 -1.857003 -0.617788 1.675637
279707083 -7.918110 -17.150272 0.065695 -7.531006 6.234831 -0.762370 -1.774160 -0.689013 1.671683
299686146 -8.262224 -20.173067 1.143216 -7.531006 6.234831 -0.762370 -1.933504 -0.689013 1.671683
319665208 -6.101811 -24.408148 0.155689 -6.127684 7.634221 -0.583567 -1.734771 -0.892231 1.665745
339644271 -5.331054 -27.911518 -0.775487 -6.127684 7.634221 -0.583567 -1.943733 -0.892231 1.665745
359623333 -6.793172 -32.202824 -0.354433 -3.832220 9.021267 -0.318129 -1.544432 -1.167859 1.653621
379602396 -7.215343 -37.193604 -0.282867 -2.172793 9.553147 -0.432149 -1.207159 -1.342927 1.767125
399581458 -7.059602 -43.590950 -3.980966 -0.174215 9.770912 -0.818119 0.171296 -1.485397 2.931781
419560521 -5.621891 -51.379646 -6.277259 2.123905 9.449050 -1.541056 0.958946 -1.299913 -2.198482
439539583 -2.174156 -59.414284 -6.689317 2.123905 9.449050 -1.541056 0.470227 -1.299913 -2.198482
459518646 3.375204 -68.739952 -8.312911 4.544930 8.298869 -2.577358 0.878033 -1.008905 -2.086661
479497708 17.464197 -75.238274 -11.348023 8.162054 2.992555 -4.538269 1.211638 -0.310102 -2.078250
499476771 29.913105 -70.769348 -16.606518 8.579508 0.012961 -4.749973 1.822102 -0.001322 -2.076431
519455833 30.375717 -60.619896 -11.465679 8.579508 0.012961 -4.749973 1.264027 -0.001322 -2.076431
539434896 32.119827 -52.799473 -1.611984 7.431828 -4.681355 -4.361564 1.541220 0.497654 -2.101510
559413958 32.884789 -45.919014 -5.177218 6.543903 -6.244605 -3.788487 1.931010 0.690305 -2.095582
579393021 32.185600 -43.316307 -11.466557 6.543903 -6.244605 -3.788487 1.609072 0.690305 -2.095582
599372083 29.691742 -44.429844 -6.870402 5.664415 -7.341366 -3.192042 1.476757 0.845965 -2.083964
619351146 30.355677 -40.448124 0.692634 3.125902 -8.935852 -2.559232 2.054567 1.146196 -2.256847
639330208 37.857803 -29.007139 -2.396986 3.125902 -8.935852 -2.559232 1.562851 1.146196 -2.256847
659309271 36.829453 -17.462360 -8.241365 1.461096 -9.548018 -1.694379 2.112079 1.340623 -2.429990
679288333 34.004860 -10.799584 -2.707283 1.461096 -9.548018 -1.694379 1.936742 1.340623 -2.429990
699267396 31.246412 -4.624986 -2.051925 0.870937 -9.679430 -1.311668 2.231574 1.409545 -2.555444
719246458 29.158054 1.128222 -7.203563 0.166702 -9.784481 -0.637596 2.625244 1.503543 -2.885862
739225521 25.127768 4.792844 -11.325547 0.076351 -9.785029 -0.646343 2.652415 1.504381 -3.024010
759204583 20.947020 6.207700 -11.385728 0.084051 -9.765062 -0.898264 2.638908 1.478668 -3.048294
779183646 16.865189 6.551396 -5.827500 0.139553 -9.735741 -1.168873 2.662679 1.450468 -3.022764
799162708 15.029841 6.236299 -0.223111 0.139553 -9.735741 -1.168873 2.716015 1.450468 -3.022764
819141823 12.930462 5.258618 0.419881 0.251321 -9.718605 -1.286842 2.616781 1.436695 -2.948720
839120937 10.417562 4.389019 -0.838930 0.464632 -9.710962 -1.285192 2.329625 1.430987 -2.794685
859100052 10.014563 3.972179 -1.557829 0.624022 -9.698051 -1.314837 2.249272 1.421836 -2.698470
879079167 8.328406 3.090341 -1.833030 0.857193 -9.665865 -1.416560 2.152664 1.401147 -2.597415
899058281 6.664315 1.472475 -1.395169 0.857193 -9.665865 -1.416560 2.125045 1.401147 -2.597415
919037396 4.095435 -0.072488 -0.322696 1.622880 -9.509597 -1.761880 1.909434 1.324037 -2.397238
939016510 0.322513 -1.339137 0.705114 1.622880 -9.509597 -1.761880 2.012310 1.324037 -2.397238
958995625 -3.139067 -2.138506 1.870555 2.360705 -9.275564 -2.135739 1.810691 1.240185 -2.306204
978974740 -5.249275 -2.521174 2.412386 2.360705 -9.275564 -2.135739 1.823791 1.240185 -2.306204
998953854 -5.387708 -1.845582 2.504119 2.604104 -9.181322 -2.256627 1.851829 1.211756 -2.284829
1018932969 -4.102487 -1.563943 2.231842 2.928933 -9.048959 -2.389160 1.764352 1.175122 -2.255044
1038912083 -2.865092 -1.597322 2.161457 2.928933 -9.048959 -2.389160 1.830695 1.175122 -2.255044
1058891198 -1.910316 -0.998371 2.175576 3.048510 -8.997797 -2.432410 1.789560 1.161799 -2.244256
1078870312 -0.975661 -0.837531 0.893799 3.173131 -8.957116 -2.423160 1.746897 1.151490 -2.222976
1098849427 -1.091180 -0.518020 -0.688782 3.479431 -8.853984 -2.381369 1.810552 1.126364 -2.170985
1118828542 -1.526715 -0.467275 -0.263626 3.479431 -8.853984 -2.381369 1.814842 1.126364 -2.170985
1138807656 -1.189032 -0.279320 1.437617 3.609347 -8.791978 -2.417463 1.712955 1.111878 -2.160950
1158786771 0.091999 -0.548781 1.772146 3.871290 -8.682357 -2.408356 1.782502 1.087255 -2.127312
1178765885 -0.337331 -0.559979 0.762658 4.045903 -8.614944 -2.363006 1.770298 1.072671 -2.099405
1198745000 -2.036934 -0.230570 0.455597 4.045903 -8.614944 -2.363006 1.770298 1.072671 -2.099405
1218724115 -2.059114 -0.007631 0.508124 4.256094 -8.535480 -2.280712 1.767510 1.055967 -2.062726
1238703229 -0.645928 0.358966 0.268409 4.256094 -8.535480 -2.280712 1.843672 1.055967 -2.062726
1258682344 0.390781 0.541946 -0.733150 4.346109 -8.503441 -2.230073 1.777796 1.049370 -2.044884
1278661458 -1.014803 0.142054 -1.162388 4.502909 -8.439673 -2.160117 1.790988 1.036461 -2.018085
1298640573 -1.155390 -0.404682 -0.999479 4.617256 -8.383055 -2.139094 1.789447 1.025230 -2.004641
1318619687 -0.406979 0.110808 -0.465059 4.767339 -8.288204 -2.179117 1.761138 1.006867 -1.999533
1338598802 -0.058547 0.586242 0.472787 4.849313 -8.240634 -2.178648 1.719094 0.997856 -1.993042
1358577917 0.400949 0.220173 1.220941 4.938889 -8.193160 -2.156363 1.715101 0.988987 -1.982459
1378557031 0.692986 0.195395 1.628684 5.037345 -8.151041 -2.087117 1.788405 0.981217 -1.963594
1398536146 0.874480 0.146415 0.716083 5.037345 -8.151041 -2.087117 1.718370 0.981217 -1.963594
1418515260 0.898299 -0.304455 -0.527083 5.286987 -8.033522 -1.918512 1.684299 0.959999 -1.918894
1438494375 0.083148 -0.740363 -1.002236 5.286987 -8.033522 -1.918512 1.791314 0.959999 -1.918894
1458473490 -1.340487 -0.601045 -0.377864 5.547493 -7.901073 -1.723010 1.653889 0.936831 -1.871943
1478452604 -1.405642 -0.452699 -0.250660 5.616597 -7.860557 -1.684000 1.691880 0.929889 -1.862093
1498431719 -0.547246 -0.455116 -0.825000 5.616597 -7.860557 -1.684000 1.613277 0.929889 -1.862093
