0 -0.544994 0.143046 -0.373633 -7.473197 5.889666 -2.373508 -2.006563 -0.644225 1.878323
19979114 -0.506933 0.185559 0.221973 -7.434239 5.900722 -2.466567 -2.037661 -0.645636 1.891152
39958229 0.117336 0.296126 0.757285 -7.398294 5.914564 -2.540387 -2.036890 -0.647404 1.901557
59937344 0.057005 0.414101 0.433650 -7.414740 5.890236 -2.548948 -2.097389 -0.644297 1.901908
79916458 -0.867948 0.433722 -0.652042 -7.479488 5.823803 -2.512162 -1.992953 -0.635851 1.894831
99895573 -1.797228 0.307983 -1.501364 -7.613058 5.703893 -2.382717 -2.021657 -0.620737 1.874116
119874687 -2.136358 0.198154 -1.579632 -7.624989 5.711701 -2.325165 -1.973806 -0.621717 1.866779
139853802 -1.949500 -0.141687 -1.511327 -7.593781 5.759334 -2.309752 -1.982951 -0.627705 1.866068
159832916 -2.085289 -0.653661 -1.086750 -7.593781 5.759334 -2.309752 -2.083643 -0.627705 1.866068
179812031 -2.759079 -1.646009 -0.517735 -7.476990 5.910690 -2.308408 -2.124121 -0.646909 1.870247
199791146 -4.408960 -2.492072 0.251211 -7.415349 5.995123 -2.289431 -2.065093 -0.657743 1.870254
219770260 -6.700021 -3.189475 1.193298 -7.331604 6.129183 -2.202519 -2.030386 -0.675135 1.862633
239749375 -7.881099 -4.068331 1.784662 -7.198329 6.329555 -2.071514 -2.071356 -0.701593 1.851002
259728489 -7.357618 -5.207931 0.400989 -7.198329 6.329555 -2.071514 -2.073368 -0.701593 1.851002
279707604 -7.480679 -6.785094 -1.318774 -6.673864 6.938231 -1.868391 -1.933522 -0.785958 1.843765
299686719 -10.208939 -10.338480 -0.414361 -6.673864 6.938231 -1.868391 -2.139793 -0.785958 1.843765
319665833 -13.901886 -15.605603 1.647012 -5.513125 7.917160 -1.759097 -1.804212 -0.939606 1.879659
339644948 -16.757532 -22.261829 1.931920 -5.513125 7.917160 -1.759097 -2.097203 -0.939606 1.879659
359624062 -21.818403 -30.056330 2.606840 -4.696841 8.432451 -1.733157 -1.892874 -1.035016 1.924301
379603177 -21.546240 -38.438725 2.018922 -3.572840 8.967979 -1.726427 -1.689949 -1.154219 2.020921
399582291 -15.574135 -46.213345 1.336253 -1.953034 9.414779 -1.928210 -1.362104 -1.287146 2.349799
419561406 -7.102598 -51.414253 -0.589122 2.307790 9.065331 -2.943513 0.322423 -1.179476 -2.476668
439540521 -1.754674 -53.471394 -3.008856 4.358902 8.034947 -3.551055 0.632758 -0.960253 -2.254417
459519635 1.107429 -53.258713 -3.858677 6.107982 6.503908 -4.069659 0.887211 -0.725105 -2.158535
479498750 1.523211 -52.186131 -0.320785 6.107982 6.503908 -4.069659 0.758182 -0.725105 -2.158535
499477864 3.156444 -52.692905 7.577990 7.370704 4.539258 -4.608497 1.125070 -0.481236 -2.129572
519456979 6.191523 -51.370426 5.522511 7.961010 2.148207 -5.308288 1.145214 -0.220847 -2.158881
539436094 10.671447 -49.119530 -2.837805 7.678600 -2.747070 -5.446383 1.352216 0.283922 -2.187732
559415208 13.511671 -46.261356 -4.491659 7.678600 -2.747070 -5.446383 1.352216 0.283922 -2.187732
579394323 10.829786 -46.212902 -0.267108 7.172858 -4.579430 -4.873327 0.929864 0.485863 -2.167571
599373489 8.633577 -50.623703 2.780949 5.410286 -7.466633 -3.338950 1.875946 0.865446 -2.123730
619352656 8.856229 -56.773972 1.893049 5.410286 -7.466633 -3.338950 1.387709 0.865446 -2.123730
639331823 15.905528 -57.366989 1.834661 2.095499 -9.407959 -1.808195 1.796332 1.284672 -2.282729
659310989 28.446678 -54.264305 3.069995 0.493790 -9.774507 -0.620958 1.988238 1.489809 -2.469781
679290156 38.090069 -47.317467 -5.093580 0.493790 -9.774507 -0.620958 1.471249 1.489809 -2.469781
699269323 38.293999 -36.922237 -16.600515 -1.935663 -9.522243 1.323050 -1.448541 1.329373 0.971222
719248489 36.243362 -22.635979 -20.678301 -2.701499 -9.298569 1.552067 -1.329796 1.247490 1.049322
739227656 30.445044 -9.288303 -17.908667 -3.187186 -9.161774 1.440186 -1.583901 1.206125 1.146390
759206823 25.347994 -4.915517 -11.361361 -3.187186 -9.161774 1.440186 -1.583901 1.206125 1.146390
779185989 20.565969 -4.109186 -6.698855 -3.715876 -9.013063 1.061768 -1.761476 1.165731 1.292475
799165156 17.130793 -3.371104 -2.459259 -3.977558 -8.911933 0.962743 -1.761271 1.140313 1.333320
819144323 17.414879 -1.825106 -1.143599 -3.977558 -8.911933 0.962743 -1.761271 1.140313 1.333320
839123489 18.713335 0.293733 -3.012503 -4.236007 -8.799867 0.888235 -1.753814 1.113698 1.364104
859102656 18.286692 1.735093 -4.931309 -4.092589 -8.879045 0.763990 -1.824618 1.132346 1.386244
879081823 14.688549 2.295859 -4.102861 -3.813426 -9.014039 0.612584 -1.936561 1.165984 1.411518
899060989 9.895826 1.270680 -2.030378 -3.477434 -9.158282 0.451346 -1.898721 1.205128 1.441725
919040156 6.165997 0.272821 -0.203869 -3.130348 -9.289781 0.267005 -1.944613 1.244681 1.485707
939019323 3.405060 -0.336058 0.867555 -2.790762 -9.400743 0.089751 -2.084066 1.282076 1.538647
958998489 2.009524 -0.773908 1.544785 -2.790762 -9.400743 0.089751 -2.072718 1.282076 1.538647
978977656 1.055096 -0.815388 1.788977 -2.445136 -9.496724 -0.062708 -2.031708 1.318719 1.596437
998956823 -0.383911 -1.253778 1.641937 -1.734132 -9.647465 -0.299329 -2.201295 1.390372 1.741722
1018935989 -0.969635 -1.025914 1.560896 -1.734132 -9.647465 -0.299329 -2.201295 1.390372 1.741722
1038915156 -1.142279 -0.730727 0.950743 -0.983362 -9.742658 -0.532920 -2.528308 1.456494 2.067428
1058894323 -2.492559 -1.139944 1.376840 -0.602818 -9.767743 -0.631009 -2.721472 1.481690 2.379039
1078873489 -3.367080 -1.349534 2.189816 -0.602818 -9.767743 -0.631009 -2.632054 1.481690 2.379039
1098852656 -2.781745 -1.224933 1.073706 -0.261724 -9.781409 -0.652629 -3.088004 1.499033 2.760198
1118831823 -2.731201 -0.900286 -0.819448 0.396763 -9.775350 -0.674914 2.323040 1.490878 -2.610138
1138810989 -3.385101 -1.139451 -1.454310 0.703698 -9.752064 -0.756592 2.033143 1.465237 -2.392400
1158790156 -4.066520 -1.326198 -0.573920 0.957579 -9.724019 -0.834799 1.865418 1.440889 -2.287800
1178769323 -3.463296 -0.807951 0.413248 1.182818 -9.695042 -0.881752 1.739013 1.419783 -2.211390
1198748489 -1.883042 0.064625 0.313725 1.432239 -9.659938 -0.897043 1.727231 1.397603 -2.130346
1218727656 -1.026184 0.128098 -0.557240 1.432239 -9.659938 -0.897043 1.727231 1.397603 -2.130346
1238706823 -1.283523 -0.841908 -1.685498 2.040553 -9.544204 -0.956399 1.732467 1.338924 -2.009089
1258685989 -2.417271 -1.221114 -1.651347 2.333243 -9.469521 -1.026903 1.699448 1.307827 -1.985402
1278665156 -2.702859 -0.641600 -0.498436 2.333243 -9.469521 -1.026903 1.803495 1.307827 -1.985402
1298644375 -1.878752 -0.443945 1.105261 2.598521 -9.394605 -1.076793 1.723792 1.279886 -1.963643
1318623594 -2.000654 -0.642297 1.316602 3.032136 -9.283218 -0.893523 1.682018 1.242599 -1.857369
1338602812 -3.477243 -0.606847 -0.650279 3.108813 -9.268579 -0.774029 1.613445 1.237998 -1.814814
1358582031 -3.636263 -0.426222 -2.173632 3.108813 -9.268579 -0.774029 1.493373 1.237998 -1.814814
1378561250 -2.149882 0.054586 -1.862442 3.063464 -9.283632 -0.774430 1.488554 1.242730 -1.818404
1398540469 -0.108561 0.229308 -0.903358 3.063464 -9.283632 -0.774430 1.588566 1.242730 -1.818404
1418519687 0.667196 0.165337 -0.648963 3.072751 -9.277273 -0.812894 1.594905 1.240723 -1.829421
1438498906 0.101527 0.367764 -0.802195 3.219044 -9.216390 -0.930748 1.576062 1.222074 -1.852259
1458478125 -0.842355 0.164565 -0.894788 3.219044 -9.216390 -0.930748 1.583081 1.222074 -1.852259
1478457344 -0.900358 -0.338715 -0.701552 3.309151 -9.168502 -1.076325 1.614013 1.208053 -1.885261
1498436562 -0.228546 -0.210107 -0.002232 3.336044 -9.148461 -1.160539 1.578582 1.202337 -1.905580
