0 0.348359 -0.008255 0.155138 -7.600149 -5.690248 2.455438 1.177660 0.619028 1.258304
19979791 0.392792 -0.113489 -0.564994 -7.585147 -5.697133 2.485684 1.167451 0.619890 1.254121
39959583 0.485828 0.069000 -1.192568 -7.578423 -5.703148 2.492386 1.277158 0.620644 1.253060
59939375 0.368533 0.176998 -1.246526 -7.578419 -5.715147 2.464759 1.182528 0.622149 1.256353
79919166 0.368967 0.132622 -0.649849 -7.578808 -5.733994 2.419375 1.279157 0.624516 1.261793
99898958 0.343313 0.191689 -0.200157 -7.571741 -5.758023 2.384178 1.266119 0.627540 1.265746
119878750 0.351228 0.131210 -0.186018 -7.562190 -5.779843 2.361584 1.173599 0.630291 1.268104
139858541 0.564498 -0.037357 -0.231202 -7.542515 -5.830826 2.298332 1.207076 0.636742 1.275018
159838333 0.520471 0.033579 -0.071939 -7.533775 -5.864489 2.240621 1.172506 0.641018 1.281717
179818125 0.118662 0.374540 0.234677 -7.533775 -5.864489 2.240621 1.309250 0.641018 1.281717
199797916 -0.409813 0.521344 0.517713 -7.530657 -5.889855 2.183851 1.154643 0.644249 1.288544
219777708 -0.930374 0.716438 0.633674 -7.533517 -5.902078 2.140553 1.322695 0.645809 1.293955
239757500 -1.630302 1.077616 0.650499 -7.528798 -5.913760 2.124861 1.256275 0.647301 1.295720
259737291 -3.554401 2.334710 0.427800 -7.511275 -5.937155 2.121633 1.263983 0.650295 1.295508
279717083 -5.255407 3.534777 0.649070 -7.522024 -5.930023 2.103417 1.221078 0.649382 1.298127
299696875 -9.674635 4.867685 1.580436 -7.537795 -5.930972 2.043435 1.189975 0.649503 1.306067
319676666 -17.233807 6.979586 3.024641 -7.578880 -5.893754 1.998654 1.225853 0.644746 1.312953
339656458 -22.251450 7.665090 5.170274 -7.757625 -5.650762 2.014582 1.065174 0.614093 1.316718
359636250 -24.864504 4.261826 8.500860 -8.435759 -4.390683 2.393796 0.717514 0.464220 1.294297
379616041 -28.330141 0.191929 8.418946 -8.703808 -3.449110 2.918517 0.508144 0.359399 1.247263
399595833 -32.970722 -2.633802 6.184127 -8.703808 -3.449110 2.918517 0.776669 0.359399 1.247263
419575625 -39.123291 -9.091096 7.369564 -8.976879 -2.192511 3.283127 0.849700 0.225480 1.220176
439555416 -44.254898 -19.057280 10.677168 -9.035015 1.393782 3.549120 0.359286 -0.142609 1.196496
459535208 -43.690670 -29.953499 9.276633 -9.035015 1.393782 3.549120 0.720756 -0.142609 1.196496
479515000 -39.770645 -38.621368 5.285814 -7.113719 5.373136 4.085927 0.136406 -0.579861 1.049434
499494791 -33.848587 -44.567211 4.554922 -5.553293 7.122730 3.820739 0.084131 -0.812947 0.968161
519474583 -25.567020 -47.098381 3.004199 -5.553293 7.122730 3.820739 0.286477 -0.812947 0.968161
539454375 -16.343361 -46.917854 -1.161580 -1.748469 9.261862 2.707611 -0.267391 -1.235908 0.573389
559434166 -10.304672 -42.782131 -3.272977 0.073581 9.590595 2.045837 -0.868042 -1.360497 -0.035951
579413958 -6.253753 -37.231701 -0.661202 1.737273 9.553540 1.371911 -1.761057 -1.343104 -0.902372
599393750 -2.933524 -32.705711 0.359550 3.167034 9.254451 0.703867 -2.192154 -1.233616 -1.352103
619373541 0.461776 -28.832268 -0.918140 3.167034 9.254451 0.703867 -2.139589 -1.233616 -1.352103
639353333 1.365702 -24.220198 -2.466489 5.183779 8.314944 -0.400669 -2.468285 -1.011990 -1.647936
659333125 1.677726 -20.154253 -1.803941 5.885896 7.808774 -0.741403 -2.531759 -0.921109 -1.696099
679312916 2.406353 -18.016582 0.108957 6.400544 7.358487 -1.027665 -2.539281 -0.848602 -1.729997
699292708 2.672108 -15.834778 0.628499 6.750719 6.994852 -1.292378 -2.573695 -0.794162 -1.759951
719272500 1.683481 -12.495253 -0.071895 7.007448 6.689810 -1.520694 -2.561386 -0.750727 -1.784494
739252291 0.467495 -9.478837 -0.389862 7.007448 6.689810 -1.520694 -2.546104 -0.750727 -1.784494
759232083 0.827968 -7.776895 -1.039206 7.233143 6.398972 -1.704460 -2.566860 -0.710897 -1.802220
779211875 2.184958 -7.029948 -1.568422 7.433544 6.122181 -1.852487 -2.674177 -0.674221 -1.815028
799191666 2.708420 -6.146479 -2.130102 7.679476 5.728544 -2.092799 -2.653633 -0.623831 -1.836854
819171458 2.545266 -4.975644 -2.402857 7.739945 5.614666 -2.176962 -2.709955 -0.609596 -1.844976
839151250 2.185722 -3.711215 -2.315902 7.793526 5.526202 -2.211883 -2.679808 -0.598635 -1.847335
859131041 1.929170 -2.461893 -1.974656 7.842777 5.451928 -2.222097 -2.665120 -0.589496 -1.846891
879110833 1.891473 -2.255840 -1.981854 7.842777 5.451928 -2.222097 -2.633880 -0.589496 -1.846891
899090625 1.645662 -1.735117 -2.224368 7.878424 5.405668 -2.208980 -2.662107 -0.583831 -1.844161
919070416 1.329879 -0.911776 -1.342513 7.905798 5.385134 -2.160806 -2.712954 -0.581324 -1.837599
939050208 1.049877 -0.540255 -0.134468 7.926306 5.378518 -2.101330 -2.735898 -0.580517 -1.829943
959030000 0.933796 -0.587390 0.599572 7.940766 5.374201 -2.057323 -2.686926 -0.579990 -1.824306
979009791 0.994221 -0.498588 0.378250 7.940618 5.378438 -2.046792 -2.663431 -0.580507 -1.823067
998989583 0.579332 -0.163184 -0.219673 7.941780 5.382101 -2.032612 -2.680067 -0.580954 -1.821357
1018969375 0.332142 -0.175534 -0.029158 7.941780 5.382101 -2.032612 -2.647739 -0.580954 -1.821357
1038949166 0.328148 -0.180506 0.057555 7.957180 5.374379 -1.992420 -2.712483 -0.580012 -1.816145
1058928958 0.390776 -0.255944 -0.170659 7.955945 5.377437 -1.989094 -2.661767 -0.580385 -1.815788
1078908750 0.289391 -0.171921 0.121439 7.946467 5.384271 -2.008404 -2.671504 -0.581219 -1.818354
1098888541 0.098488 -0.193274 -0.030111 7.946467 5.384271 -2.008404 -2.691717 -0.581219 -1.818354
1118868333 0.205884 -0.198450 -0.459278 7.913743 5.401209 -2.090454 -2.687423 -0.583286 -1.829052
1138848125 -0.062232 -0.190266 -0.873518 7.913435 5.402550 -2.088154 -2.710634 -0.583450 -1.828790
1158827916 -0.355032 -0.042856 -0.619488 7.944132 5.379722 -2.029714 -2.753832 -0.580664 -1.820943
1178807708 -0.186382 0.109831 -0.203871 7.987422 5.341335 -1.960001 -2.728436 -0.575989 -1.811428
1198787500 0.115537 0.097717 -0.454127 7.987422 5.341335 -1.960001 -2.749549 -0.575989 -1.811428
1218767291 0.204980 0.216758 -0.814410 8.054649 5.274261 -1.864182 -2.715296 -0.567855 -1.798234
1238747083 0.601831 0.138895 -0.901787 8.054649 5.274261 -1.864182 -2.732847 -0.567855 -1.798234
1258726875 0.996408 0.059203 -0.564978 8.075911 5.259248 -1.813938 -2.742155 -0.566040 -1.791740
1278706666 0.957560 -0.065146 0.117393 8.075911 5.259248 -1.813938 -2.696648 -0.566040 -1.791740
1298686458 0.888576 -0.113094 0.300601 8.082467 5.265131 -1.767064 -2.748355 -0.566751 -1.786039
1318666250 1.040019 -0.033044 -0.069885 8.085659 5.273980 -1.725588 -2.730384 -0.567821 -1.781055
1338646041 0.619580 0.100745 -0.153364 8.086855 5.282480 -1.693686 -2.703021 -0.568850 -1.777249
1358625833 0.594496 0.012423 -0.419974 8.080723 5.297681 -1.675373 -2.740489 -0.570690 -1.775229
1378605625 0.693897 0.005712 -0.507150 8.059652 5.327090 -1.683599 -2.704637 -0.574258 -1.776727
1398585416 0.412138 -0.028149 -0.637378 8.059652 5.327090 -1.683599 -2.739727 -0.574258 -1.776727
1418565208 -0.036141 0.038064 -0.483753 8.015462 5.395188 -1.677708 -2.712116 -0.582551 -1.777127
1438545000 -0.123081 0.041753 0.062723 8.011667 5.411194 -1.643946 -2.740686 -0.584507 -1.773181
1458524791 -0.043823 0.021126 0.235242 8.014157 5.417740 -1.609893 -2.736976 -0.585308 -1.769039
1478504583 0.076975 -0.093223 -0.052884 8.013032 5.426796 -1.584802 -2.714045 -0.586416 -1.766055
1498484375 0.139843 -0.163901 -0.317829 8.007248 5.440014 -1.568636 -2.727369 -0.588035 -1.764248
