0 0.076562 0.057081 -0.349414 -6.814577 -6.708757 2.173594 1.278325 0.753373 1.262035
19979844 0.194100 0.076029 -0.997673 -6.827914 -6.705201 2.142488 1.188823 0.752876 1.266742
39959688 -0.079306 0.144299 -0.356130 -6.846872 -6.702066 2.091184 1.223325 0.752438 1.274373
59939531 -0.668964 0.189538 0.432450 -6.846872 -6.702066 2.091184 1.211109 0.752438 1.274373
79919427 -1.107008 0.156612 0.903541 -6.878026 -6.688558 2.031339 1.217601 0.750553 1.283623
99899323 -1.421089 0.300156 1.376277 -6.920150 -6.662710 1.972360 1.198320 0.746955 1.293141
119879219 -1.674958 0.595958 1.470894 -6.970287 -6.621230 1.935151 1.265839 0.741205 1.299988
139859115 -1.723803 0.892211 1.179810 -7.108302 -6.462044 1.970893 1.168697 0.719415 1.300324
159839011 -1.271554 0.830587 0.714637 -7.108302 -6.462044 1.970893 1.211178 0.719415 1.300324
179818906 -0.831819 0.624127 0.365820 -7.183503 -6.362153 2.022544 1.184951 0.705953 1.296347
199798802 -1.352979 0.564395 0.309172 -7.339711 -6.172907 2.047988 1.087902 0.680860 1.298689
219778698 -3.188647 1.075278 1.103190 -7.439717 -6.057017 2.033114 1.112396 0.665743 1.304031
239758594 -5.998266 1.922991 1.872568 -7.439717 -6.057017 2.033114 1.339891 0.665743 1.304031
259738490 -9.017033 2.889543 0.339564 -7.582603 -5.876232 2.035783 1.253047 0.642513 1.308501
279718386 -11.227752 3.507035 0.084699 -7.836671 -5.578071 1.908430 1.086656 0.605052 1.331921
299698281 -12.116994 3.709254 2.094012 -8.159356 -5.165533 1.706626 1.246445 0.554758 1.364607
319678177 -14.511856 3.938237 2.950974 -8.723954 -4.181735 1.605023 1.015967 0.440529 1.388852
339658073 -20.664482 3.861681 3.975005 -8.723954 -4.181735 1.605023 1.273349 0.440529 1.388852
359637969 -29.915981 1.732447 4.198515 -9.047204 -3.491225 1.459396 1.271276 0.363990 1.410865
379617865 -37.724899 -1.881249 4.868643 -9.385918 -2.530896 1.292089 1.312097 0.261034 1.433994
399597761 -39.198597 -9.884931 3.665112 -9.629060 -1.218816 1.402165 1.376663 0.124607 1.426195
419577656 -36.851372 -18.960043 3.074022 -9.438247 2.026325 1.727394 0.757855 -0.208127 1.389779
439557552 -35.012810 -26.183653 5.194515 -8.904377 3.699536 1.787705 0.483804 -0.386823 1.372663
459537448 -35.964470 -32.528862 5.546664 -8.904377 3.699536 1.787705 1.235181 -0.386823 1.372663
479517344 -35.089054 -38.596886 5.129455 -8.001581 5.345530 1.889554 1.131491 -0.576499 1.338897
499497240 -29.318394 -44.390911 3.519063 -6.694015 6.894659 1.955565 1.046368 -0.779691 1.286569
519477136 -21.133808 -47.566315 1.622333 -5.049579 8.183444 1.924419 0.794200 -0.987187 1.206684
539457031 -9.636604 -47.277252 0.145124 -3.252272 9.077239 1.787975 0.268602 -1.182673 1.068136
559436927 1.002735 -42.470284 1.281487 -1.567253 9.559535 1.526235 0.176892 -1.345828 0.798657
579416823 11.343296 -36.787407 1.521333 1.023796 9.746546 0.356465 -2.115689 -1.460024 -1.235744
599396719 14.109685 -31.038414 -6.435268 1.023796 9.746546 0.356465 -2.024101 -1.460024 -1.235744
619376615 13.023345 -24.748978 -9.290434 1.827861 9.629942 -0.305845 -2.603998 -1.380672 -1.736584
639356511 9.518110 -20.391514 -4.899240 2.433257 9.469463 -0.760855 -2.733583 -1.307805 -1.873854
659336406 6.716052 -17.682201 -0.872784 2.911489 9.307077 -1.035343 -2.807381 -1.250232 -1.912457
679316302 4.871606 -15.618572 0.403364 3.266453 9.166863 -1.212140 -2.813460 -1.207583 -1.926133
699296198 4.044662 -12.869649 -0.912770 3.699555 8.968338 -1.432694 -2.818996 -1.154310 -1.940273
719276094 3.776440 -8.815732 -0.623193 3.699555 8.968338 -1.432694 -2.818996 -1.154310 -1.940273
739255990 3.437410 -6.132977 0.174110 3.867026 8.890731 -1.473567 -2.814198 -1.135161 -1.934869
759235886 4.224376 -5.537343 -0.463760 4.039453 8.807915 -1.507928 -2.900456 -1.115560 -1.928076
779215781 4.426819 -4.652705 -0.388352 4.166388 8.747445 -1.514535 -2.858765 -1.101731 -1.919458
799195677 3.855016 -2.592528 0.166647 4.228368 8.720103 -1.500363 -2.893914 -1.095600 -1.911770
819175573 3.270496 -1.195705 0.314127 4.255911 8.708410 -1.490363 -2.862502 -1.093001 -1.907637
839155469 3.234913 -0.575052 -0.290097 4.274737 8.699409 -1.489060 -2.887251 -1.091008 -1.905991
859135365 2.999438 -0.322761 -1.262716 4.284461 8.697336 -1.473136 -2.870089 -1.090551 -1.901966
879115261 1.875302 -0.031864 -0.359553 4.282507 8.708153 -1.413721 -2.884553 -1.092944 -1.889648
899095156 0.835116 -0.350982 0.648569 4.269140 8.725204 -1.347462 -2.807679 -1.096738 -1.876529
919075052 1.372346 -0.572775 0.377416 4.235710 8.747812 -1.305733 -2.803211 -1.101814 -1.869821
939054948 0.906629 -0.233290 -0.247936 4.171731 8.783221 -1.273608 -2.871114 -1.109866 -1.867104
959034844 -0.013930 0.109491 -0.303794 4.113899 8.817054 -1.227102 -2.866143 -1.117685 -1.860676
979014740 -0.001112 0.241648 -0.097550 4.071623 8.853702 -1.097382 -2.841597 -1.126298 -1.834060
998994636 0.128864 0.221703 0.399529 4.071623 8.853702 -1.097382 -2.809831 -1.126298 -1.834060
1018974531 0.365298 0.058944 1.061156 4.060812 8.868114 -1.018211 -2.789530 -1.129727 -1.816472
1038954427 0.495374 0.058851 1.257896 4.018959 8.896175 -0.936178 -2.806604 -1.136479 -1.799656
1058934323 0.617343 0.329508 0.881257 4.018959 8.896175 -0.936178 -2.799517 -1.136479 -1.799656
1078914219 0.416478 0.456877 0.322198 3.986572 8.911074 -0.932961 -2.804460 -1.140103 -1.800685
1098894115 -0.269078 0.580545 0.054021 3.955890 8.925115 -0.929336 -2.855067 -1.143546 -1.801537
1118874011 -0.524218 0.307363 0.288267 3.966367 8.924005 -0.894686 -2.813518 -1.143273 -1.792651
1138853906 0.140093 -0.475185 0.488901 3.983475 8.917872 -0.879698 -2.812565 -1.141767 -1.788145
1158833802 1.219761 -0.948292 0.101592 3.983475 8.917872 -0.879698 -2.761326 -1.141767 -1.788145
1178813698 1.890941 -0.494542 -0.372977 3.987388 8.918399 -0.856323 -2.707942 -1.141896 -1.782341
1198793594 1.181970 -0.160258 0.685691 3.986212 8.923057 -0.812138 -2.740990 -1.143039 -1.771782
1218773490 0.524102 0.161249 1.343893 3.980682 8.927726 -0.787576 -2.738156 -1.144189 -1.766123
1238753386 0.937107 0.182871 0.694229 3.962249 8.935766 -0.789341 -2.712153 -1.146174 -1.767437
1258733281 0.970346 0.203939 0.216446 3.916515 8.955321 -0.795936 -2.713630 -1.151041 -1.771291
1278713177 0.143963 0.701265 -0.024751 3.857394 8.979980 -0.806757 -2.756458 -1.157254 -1.776970
1298693073 -0.284576 0.879645 -0.475169 3.814649 8.997083 -0.819361 -2.836858 -1.161616 -1.782375
1318672969 0.305111 0.433519 -0.522612 3.791085 9.007071 -0.818979 -2.687343 -1.164183 -1.783554
1338652865 0.306200 0.322720 -0.198392 3.739111 9.032758 -0.773775 -2.743580 -1.170858 -1.774857
1358632761 0.000773 0.209482 0.141229 3.713287 9.044690 -0.758601 -2.722448 -1.173995 -1.772317
1378612656 -0.107685 -0.018927 0.060923 3.713287 9.044690 -0.758601 -2.721194 -1.173995 -1.772317
1398592552 -0.079485 -0.125117 0.014209 3.682539 9.057962 -0.750077 -2.716995 -1.177511 -1.771732
1418572448 -0.155961 0.082567 0.415591 3.644551 9.074008 -0.741639 -2.737462 -1.181803 -1.771548
1438552344 -0.468745 0.451955 0.325008 3.610426 9.086930 -0.750278 -2.737466 -1.185292 -1.775689
1458532240 -0.514170 0.441902 -0.171741 3.596845 9.090249 -0.774902 -2.756301 -1.186193 -1.782992
1478512136 0.052007 0.193931 -0.110454 3.593890 9.089617 -0.795743 -2.681703 -1.186021 -1.788696
1498492031 0.645477 0.180212 0.021369 3.582947 9.092315 -0.814052 -2.752747 -1.186755 -1.794206
