0 0.640832 0.023866 0.020821 -7.720345 -4.756341 3.734150 0.799599 0.506377 1.120293
19979687 0.683524 -0.029959 -0.529160 -7.732129 -4.740543 3.729856 0.616632 0.504535 1.121340
39959375 0.460668 0.048684 -0.645415 -7.732129 -4.740543 3.729856 0.679883 0.504535 1.121340
59939062 0.484640 0.103878 -0.281723 -7.731926 -4.735985 3.736061 0.740391 0.504005 1.120679
79918750 0.254137 0.203805 -0.467294 -7.731926 -4.735985 3.736061 0.843797 0.504005 1.120679
99898437 0.307302 0.454655 -0.862334 -7.743825 -4.730616 3.718177 0.826848 0.503380 1.123157
119878125 0.782368 0.424931 -0.499607 -7.743825 -4.730616 3.718177 0.754558 0.503380 1.123157
139857812 1.240573 0.421238 0.070254 -7.757917 -4.734414 3.683810 0.733621 0.503821 1.127474
159837500 1.639615 0.455478 -0.166295 -7.820128 -4.745095 3.535541 0.931906 0.505066 1.146191
179817187 1.973027 0.727258 -0.668382 -7.888039 -4.749002 3.375829 0.894852 0.505521 1.166414
199796875 1.659346 1.326436 -1.057836 -7.888039 -4.749002 3.375829 0.803314 0.505521 1.166414
219776562 -0.393804 2.813493 -0.943012 -8.171523 -4.698413 2.705828 0.832666 0.499635 1.251031
239756250 -2.075543 3.821246 1.600835 -8.171523 -4.698413 2.705828 0.937782 0.499635 1.251031
259735937 -3.307633 2.945856 5.304584 -8.413089 -4.543370 2.179017 1.051725 0.481710 1.317362
279715625 -6.617659 5.511946 7.478246 -8.609067 -4.362082 1.739710 1.020579 0.460961 1.371403
299695312 -10.087652 9.573202 6.655397 -8.737140 -4.152217 1.609930 1.006649 0.437204 1.388577
319675104 -13.738488 14.228585 7.246880 -8.857596 -3.851292 1.697329 0.885104 0.403590 1.381467
339654896 -23.266264 17.964773 7.112152 -9.025970 -3.419687 1.734354 0.809225 0.356196 1.380959
359634687 -33.737194 17.825499 2.843054 -9.261409 -2.740694 1.698615 0.775352 0.283245 1.389405
379614479 -39.451096 13.928863 -1.797728 -9.664360 -0.373603 1.622024 0.659657 0.038106 1.404510
399594271 -41.868881 6.909461 -4.153880 -9.664360 -0.373603 1.622024 0.917132 0.038106 1.404510
419574062 -45.085121 -0.602966 -2.315807 -9.612752 1.201323 1.523879 0.883053 -0.122809 1.413578
439553854 -50.612534 -8.650507 3.015186 -8.505530 4.560386 1.740461 0.523055 -0.483668 1.368956
459533646 -54.089020 -18.118830 9.525246 -8.505530 4.560386 1.740461 0.749310 -0.483668 1.368956
479513437 -56.673889 -27.222134 15.692939 -5.766760 7.641834 2.125378 0.241892 -0.893469 1.217687
499493229 -58.518135 -35.372959 17.212008 -3.845611 8.803174 1.971241 0.090906 -1.114462 1.097124
519473021 -58.896240 -42.176628 16.173349 -3.845611 8.803174 1.971241 0.325384 -1.114462 1.097124
539452812 -56.252441 -46.658840 15.495903 0.800224 9.705993 1.150537 -1.606589 -1.427396 -0.607714
559432604 -47.756405 -50.495697 12.238285 0.800224 9.705993 1.150537 -1.058113 -1.427396 -0.607714
579412396 -36.483925 -54.326981 5.515380 5.331015 8.197369 -0.744180 -2.500973 -0.989769 -1.709494
599392187 -24.745070 -50.200581 2.391310 5.331015 8.197369 -0.744180 -2.249695 -0.989769 -1.709494
619371979 -17.716991 -43.192894 1.864421 7.885019 5.295193 -2.440858 -2.593134 -0.570389 -1.870997
639351771 -12.673178 -39.117596 4.760738 8.510171 3.767359 -3.091016 -2.685834 -0.394302 -1.919195
659331562 -6.156438 -36.581223 3.861397 8.781487 2.348925 -3.679459 -2.673037 -0.241875 -1.967575
679311354 0.655701 -31.271187 1.033291 8.817327 1.195638 -4.122570 -2.632553 -0.122225 -2.008151
699291146 2.714640 -24.928860 -2.761218 8.808657 0.322046 -4.298169 -2.783135 -0.032845 -2.024756
719270937 3.042920 -19.492863 -4.794236 8.803775 -0.273656 -4.311502 -2.713884 0.027909 -2.026197
739250729 3.360525 -14.711595 -5.418344 8.803775 -0.273656 -4.311502 -2.694585 0.027909 -2.026197
759230521 3.306313 -10.959574 -4.071045 8.767430 -0.661426 -4.343394 -2.770069 0.067498 -2.030758
779210312 1.949615 -7.243002 -2.921960 8.767430 -0.661426 -4.343394 -2.806358 0.067498 -2.030758
799190104 0.279981 -4.215714 -2.394257 8.757501 -0.556068 -4.378054 -2.801622 0.056734 -2.034380
819169896 0.043732 -2.331187 -2.315343 8.757501 -0.556068 -4.378054 -2.829509 0.056734 -2.034380
839149687 1.134181 -1.244315 -2.221027 8.789993 -0.518670 -4.317103 -2.796030 0.052914 -2.027330
859129479 1.593726 -0.494792 -1.474504 8.804369 -0.440006 -4.296494 -2.769881 0.044883 -2.024794
879109271 0.577765 -0.037167 -0.229275 8.768520 -0.163745 -4.388238 -2.815831 0.016698 -2.034807
899089062 -0.514830 0.865259 0.044394 8.778250 -0.102686 -4.370604 -2.898039 0.010471 -2.032755
919068854 0.138625 0.878057 -0.235198 8.816436 -0.084169 -4.293456 -2.875645 0.008583 -2.023976
939048646 0.664861 0.652120 -0.555809 8.816436 -0.084169 -4.293456 -2.878519 0.008583 -2.023976
959028437 0.347808 0.633355 -0.791741 8.820889 0.073228 -4.284499 -2.803058 -0.007467 -2.022956
979008229 -1.249134 1.066353 -0.502427 8.809576 0.163240 -4.305241 -2.821228 -0.016647 -2.025363
998988021 -1.779315 1.029235 0.347363 8.815842 0.183929 -4.291562 -2.862030 -0.018757 -2.023829
1018967760 -0.669045 0.564320 0.789417 8.815842 0.183929 -4.291562 -2.839763 -0.018757 -2.023829
1038947448 0.266072 0.029304 0.847750 8.828614 0.167277 -4.265908 -2.829200 -0.017058 -2.020907
1058927135 0.270259 -0.135286 0.642776 8.800097 0.181937 -4.323839 -2.895759 -0.018554 -2.027492
1078906823 -0.188325 -0.199430 0.473884 8.800097 0.181937 -4.323839 -2.850851 -0.018554 -2.027492
1098886510 0.073154 -0.473132 0.912497 8.813753 0.128841 -4.297854 -2.817055 -0.013138 -2.024499
1118866198 0.817499 -0.780490 0.631573 8.813753 0.128841 -4.297854 -2.844438 -0.013138 -2.024499
1138845885 1.204370 -0.988320 -0.403701 8.836840 0.049085 -4.251851 -2.891376 -0.005005 -2.019251
1158825573 1.054765 -0.880843 -1.388880 8.852628 0.054200 -4.218818 -2.867170 -0.005527 -2.015518
1178805260 0.533540 -0.569678 -1.377370 8.870913 0.080985 -4.179802 -2.857168 -0.008258 -2.011124
1198784948 0.298969 -0.322225 -1.016962 8.882013 0.118858 -4.155249 -2.866491 -0.012120 -2.008376
1218764635 0.306317 -0.237566 -0.669501 8.881711 0.168683 -4.154172 -2.903114 -0.017202 -2.008290
1238744323 0.207889 -0.172209 -0.447710 8.881711 0.168683 -4.154172 -2.924846 -0.017202 -2.008290
1258724010 0.060912 -0.023431 -0.195621 8.880214 0.223465 -4.154789 -2.874054 -0.022789 -2.008411
1278703698 -0.079690 0.025998 0.011009 8.887681 0.273858 -4.135760 -2.932476 -0.027929 -2.006330
1298683385 -0.102218 0.132023 0.371542 8.896626 0.365859 -4.109326 -2.881699 -0.037316 -2.003500
1318663073 -0.160092 0.047371 0.457757 8.888900 0.407771 -4.122084 -2.889552 -0.041593 -2.005013
1338642760 -0.359792 0.016574 0.524818 8.882632 0.434097 -4.132893 -2.830517 -0.044280 -2.006283
1358622448 -0.309095 0.044763 0.671852 8.887226 0.434784 -4.122931 -2.847293 -0.044350 -2.005163
1378602135 -0.119140 -0.051171 0.537794 8.887226 0.434784 -4.122931 -2.908940 -0.044350 -2.005163
1398581823 0.112397 -0.226090 0.225185 8.897710 0.418067 -4.101997 -2.896798 -0.042644 -2.002774
1418561510 0.154624 -0.359189 -0.111112 8.896238 0.402531 -4.106737 -2.940163 -0.041058 -2.003277
1438541198 0.083791 -0.376476 -0.542809 8.884212 0.407824 -4.132171 -2.911932 -0.041598 -2.006148
1458520885 0.059606 -0.357057 -0.797399 8.880306 0.409902 -4.140353 -2.903410 -0.041811 -2.007073
1478500573 0.406999 -0.533764 -0.544373 8.877617 0.416459 -4.145462 -2.854554 -0.042480 -2.007662
1498480260 0.789677 -0.611039 -0.477163 8.877617 0.416459 -4.145462 -2.843064 -0.042480 -2.007662
