0 -0.210062 -0.108350 -0.502432 -5.340140 -8.066796 1.606267 1.398005 0.965941 1.278614
19979844 -0.093412 0.518216 -1.511495 -5.362290 -8.058851 1.571986 1.416089 0.964518 1.285631
39959688 0.449911 0.433819 -1.698212 -5.362290 -8.058851 1.571986 1.494555 0.964518 1.285631
59939532 0.839263 0.108840 -0.808556 -5.393178 -8.072382 1.385884 1.322323 0.966943 1.319269
79919375 0.605014 0.087753 0.688128 -5.385097 -8.090628 1.308766 1.309021 0.970228 1.332384
99899219 0.331718 0.312901 1.380364 -5.376175 -8.105833 1.250036 1.395896 0.972977 1.342342
119879063 -0.132931 0.463844 1.585598 -5.367129 -8.118130 1.208420 1.341403 0.975208 1.349337
139858907 -1.023118 0.666874 1.701131 -5.367129 -8.118130 1.208420 1.374592 0.975208 1.349337
159838750 -2.365135 1.276878 1.151878 -5.427195 -8.090700 1.120950 1.249847 0.970241 1.367117
179818594 -5.584764 2.958595 0.431452 -5.427195 -8.090700 1.120950 1.394999 0.970241 1.367117
199798438 -8.921106 4.351204 0.322969 -5.618092 -7.974281 1.009104 1.309686 0.949544 1.393075
219778282 -10.035577 2.512322 1.772469 -6.229364 -7.538826 0.729048 1.067876 0.876879 1.454292
239758125 -13.982256 3.024035 5.935555 -6.229364 -7.538826 0.729048 1.215810 0.876879 1.454292
259737969 -17.738560 1.940345 5.152076 -7.026059 -6.775402 0.948061 1.080453 0.762731 1.436671
279717813 -22.358536 1.960114 4.162007 -7.489781 -6.223105 1.160401 0.893223 0.687465 1.417087
299697657 -28.522789 1.169846 4.472767 -7.489781 -6.223105 1.160401 1.248962 0.687465 1.417087
319677500 -36.077091 -1.051384 4.258538 -8.664685 -4.381977 1.375457 0.875220 0.463227 1.413367
339657344 -41.337910 -7.106071 3.353417 -8.664685 -4.381977 1.375457 1.042789 0.463227 1.413367
359637188 -41.303123 -17.784595 3.153012 -9.221438 -2.945445 1.568380 1.118944 0.305061 1.402329
379617032 -40.762676 -28.338396 4.781622 -9.565609 -1.264600 1.752226 0.922345 0.129313 1.389625
399596875 -41.874935 -36.516838 7.786099 -9.611949 0.575869 1.857202 0.990464 -0.058756 1.379930
419576719 -43.898289 -44.643604 9.643520 -8.540737 4.541029 1.614079 0.641964 -0.481440 1.384013
439556563 -46.516773 -52.303818 7.488229 -8.540737 4.541029 1.614079 0.928664 -0.481440 1.384013
459536407 -46.011292 -59.924473 5.159586 -7.239793 6.414011 1.617483 0.814243 -0.712922 1.350990
479516250 -41.674950 -65.599457 4.054060 -3.202860 9.178832 1.288845 0.275898 -1.211034 1.188219
499496094 -32.076248 -66.717766 2.751443 -3.202860 9.178832 1.288845 0.529139 -1.211034 1.188219
519475938 -17.081480 -63.925591 -0.055455 1.706766 9.638629 0.595136 -2.155395 -1.385418 -1.235287
539455782 1.598917 -57.667400 -2.442595 3.621406 9.112969 0.097988 -2.475250 -1.192416 -1.543745
559435625 9.639421 -49.070675 -5.661356 3.621406 9.112969 0.097988 -2.266169 -1.192416 -1.543745
579415469 10.291474 -39.950924 -1.168408 5.876956 7.833580 -0.516519 -2.532691 -0.925303 -1.658460
599395313 5.067725 -32.405022 2.042717 5.876956 7.833580 -0.516519 -2.536383 -0.925303 -1.658460
619375157 3.055460 -28.223776 2.927796 6.538323 7.270081 -0.752757 -2.586006 -0.835068 -1.685422
639355000 3.192550 -24.992424 0.564027 7.037689 6.752913 -1.019555 -2.649582 -0.759564 -1.714666
659334844 4.222063 -21.259722 -2.930933 7.699479 5.885104 -1.501320 -2.681444 -0.643643 -1.763370
679314688 5.752794 -16.439049 -4.559676 7.903132 5.551793 -1.699556 -2.680841 -0.601798 -1.782619
699294532 9.050905 -12.027044 -5.349119 7.903132 5.551793 -1.699556 -2.722224 -0.601798 -1.782619
719274375 11.309467 -8.331627 -5.088436 8.071039 5.234535 -1.904829 -2.682403 -0.563057 -1.802563
739254219 9.825819 -5.794122 -3.661656 8.069972 5.240402 -1.893182 -2.707358 -0.563765 -1.801225
759234063 7.776503 -4.586598 -2.820930 8.010416 5.336946 -1.876330 -2.781658 -0.575456 -1.800884
779213907 5.600725 -3.250548 -2.378565 7.889150 5.506660 -1.899580 -2.668371 -0.596225 -1.807082
799193750 4.033644 -0.559309 -2.402982 7.747496 5.700563 -1.910569 -2.774055 -0.620320 -1.812577
819173594 2.033516 0.612197 -2.360011 7.747496 5.700563 -1.910569 -2.703745 -0.620320 -1.812577
839153438 0.872347 0.651658 -2.483966 7.626756 5.873067 -1.873516 -2.839684 -0.642110 -1.811677
859133282 0.495725 0.465950 -2.120151 7.519068 6.034568 -1.793876 -2.722131 -0.662836 -1.804995
879113125 0.011493 0.558636 -0.650209 7.280337 6.366296 -1.623996 -2.760274 -0.706508 -1.790269
899092969 0.086756 0.597661 -0.265473 7.147062 6.526173 -1.580805 -2.712964 -0.728143 -1.788474
919072813 -0.125991 0.573933 -1.348867 7.024250 6.676608 -1.501070 -2.750815 -0.748888 -1.781328
939052657 -0.430293 0.618032 -0.523738 6.912982 6.812539 -1.403709 -2.739226 -0.767983 -1.771127
959032500 -0.350296 0.357545 0.901209 6.801810 6.937665 -1.332137 -2.745227 -0.785876 -1.764199
979012344 -0.475915 0.254255 0.943957 6.700593 7.044638 -1.282776 -2.771377 -0.801432 -1.759950
998992188 -0.333368 0.332404 0.584729 6.700593 7.044638 -1.282776 -2.747427 -0.801432 -1.759950
1018972032 -0.154322 0.068369 0.624861 6.508869 7.231199 -1.230762 -2.745788 -0.829179 -1.757680
1038951875 0.102830 0.075937 0.350546 6.416770 7.316549 -1.209778 -2.743721 -0.842156 -1.757143
1058931719 -0.061884 0.337648 0.248314 6.416770 7.316549 -1.209778 -2.761205 -0.842156 -1.757143
1078911563 -0.110744 0.374962 -0.113435 6.334436 7.391426 -1.188331 -2.795670 -0.853698 -1.756239
1098891407 -0.083451 0.215550 -0.041757 6.265830 7.455488 -1.151286 -2.803932 -0.863695 -1.752510
1118871250 0.503750 -0.098246 0.452439 6.140656 7.571123 -1.068098 -2.752378 -0.882044 -1.743012
1138851094 0.318732 -0.058641 0.977931 6.064905 7.633526 -1.056690 -2.720295 -0.892118 -1.743295
1158830938 0.079003 0.077969 0.856357 6.064905 7.633526 -1.056690 -2.794130 -0.892118 -1.743295
1178810782 -0.063095 0.447514 0.369806 5.919973 7.747110 -1.051948 -2.742647 -0.910785 -1.746655
1198790625 -0.065332 0.572636 0.332004 5.919973 7.747110 -1.051948 -2.715478 -0.910785 -1.746655
1218770469 0.186039 0.365131 0.584685 5.814566 7.828649 -1.036080 -2.738710 -0.924467 -1.747133
1238750313 0.142329 0.338493 0.116647 5.814566 7.828649 -1.036080 -2.731659 -0.924467 -1.747133
1258730157 0.110029 0.383396 0.351027 5.760099 7.869281 -1.032495 -2.753988 -0.931379 -1.748162
1278710000 0.119460 0.487921 0.635641 5.648757 7.948786 -1.038617 -2.727010 -0.945092 -1.752632
1298689844 -0.211700 0.441007 0.631166 5.599759 7.981420 -1.053576 -2.754412 -0.950796 -1.756769
1318669688 -0.562591 0.407507 0.281074 5.599759 7.981420 -1.053576 -2.716640 -0.950796 -1.756769
1338649532 -0.606867 0.542613 -0.036448 5.503677 8.038925 -1.120539 -2.781119 -0.960961 -1.771649
1358629323 -0.917622 0.556650 -0.098821 5.503677 8.038925 -1.120539 -2.777931 -0.960961 -1.771649
1378609115 -1.315314 0.468364 -1.114485 5.464513 8.057182 -1.179532 -2.766070 -0.964219 -1.783388
1398588907 -0.389484 0.559804 -1.229883 5.496569 8.040411 -1.144509 -2.759308 -0.961225 -1.776085
1418568698 1.137626 -0.133277 0.010387 5.496569 8.040411 -1.144509 -2.749638 -0.961225 -1.776085
1438548490 1.757298 -0.657783 1.070552 5.525717 8.026713 -1.099422 -2.695771 -0.958790 -1.767196
1458528282 1.390075 -0.387198 1.040212 5.510535 8.038565 -1.088982 -2.762462 -0.960896 -1.765901
1478508073 0.887774 -0.015424 0.607913 5.510535 8.038565 -1.088982 -2.765950 -0.960896 -1.765901
