0 1.131263 -0.117819 -0.690865 -5.862975 -7.532063 2.250322 1.413788 0.875801 1.204316
19979688 1.326201 0.244242 -1.329565 -5.808385 -7.582351 2.222837 1.322425 0.883847 1.205297
39959375 1.159893 0.612958 -1.825890 -5.786387 -7.620508 2.148479 1.370207 0.890006 1.215274
59939063 1.222106 0.704420 -1.556288 -5.767684 -7.668723 2.023586 1.298158 0.897856 1.233365
79918750 0.930785 0.673531 -0.422956 -5.744031 -7.722139 1.882836 1.196579 0.906643 1.254043
99898438 0.170364 0.992651 0.780866 -5.744031 -7.722139 1.882836 1.278021 0.906643 1.254043
119878125 -0.929414 1.539405 1.330980 -5.714943 -7.774293 1.752195 1.259630 0.915319 1.273297
139857813 -3.241430 2.238299 1.623700 -5.672945 -7.863163 1.469264 1.243271 0.930334 1.317370
159837552 -6.336389 2.857469 1.867498 -5.710153 -7.871850 1.264329 1.233765 0.931818 1.352894
179817344 -9.683454 3.100440 3.095873 -5.771482 -7.861452 1.028572 1.275054 0.930042 1.394432
199797136 -15.967834 3.846581 6.482886 -5.771482 -7.861452 1.028572 1.084313 0.930042 1.394432
219776927 -22.707764 5.853199 7.275004 -5.932469 -7.753922 0.923521 1.249425 0.911919 1.416364
239756719 -26.403261 5.371144 6.207011 -6.310967 -7.450461 0.912517 1.167876 0.862906 1.427199
259736511 -29.081982 0.362916 6.507339 -6.882634 -6.918119 0.969205 1.207795 0.783060 1.430897
279716302 -30.553139 -5.054592 5.736943 -7.563745 -6.136762 1.140303 1.244251 0.676125 1.421164
299696094 -31.600700 -10.299314 1.728059 -8.254502 -5.087668 1.466012 1.109723 0.545444 1.395028
319675886 -34.687477 -16.204899 -1.647275 -8.881994 -3.767134 1.757632 1.104721 0.394277 1.375433
339655677 -40.206905 -23.868799 -2.446631 -9.377500 -2.181504 1.863850 1.035924 0.224328 1.374596
359635469 -46.242996 -33.147427 1.814611 -9.635794 -0.334348 1.791669 0.934691 0.034101 1.386957
379615261 -48.585464 -44.121819 4.143266 -9.462579 1.764261 1.875461 0.877194 -0.180889 1.375134
399595052 -47.121986 -53.616447 4.706961 -8.715698 3.940986 2.162318 0.700466 -0.413557 1.327612
419574844 -46.457874 -59.950481 4.975173 -7.413925 5.978361 2.337372 0.623063 -0.655585 1.265392
439554636 -46.366688 -63.680885 4.860302 -5.633232 7.718334 2.205539 0.441872 -0.906014 1.197619
459534427 -41.017136 -65.774872 2.122505 -3.357395 9.004784 1.952476 0.305796 -1.163594 1.044057
479514219 -30.719715 -65.151237 -1.297549 1.962996 9.541965 1.126024 -2.012831 -1.337933 -1.049996
499494011 -18.437782 -61.262974 -2.972927 1.962996 9.541965 1.126024 -1.857071 -1.337933 -1.049996
519473802 -1.914503 -55.988800 -4.791475 4.372273 8.759352 0.572169 -2.288797 -1.104424 -1.440673
539453594 8.907557 -46.471607 -2.268970 6.129653 7.654256 0.100513 -2.429694 -0.895492 -1.554400
559433386 8.685623 -36.077732 1.630864 7.942495 5.724191 -0.566392 -2.628031 -0.623284 -1.641987
579413177 6.291348 -30.121675 0.668727 8.367839 5.050171 -0.803386 -2.543345 -0.540977 -1.666512
599392969 4.327973 -25.253839 -0.838308 8.621440 4.573776 -0.960069 -2.570834 -0.485211 -1.681698
619372761 1.975960 -20.269831 -0.344660 8.789674 4.212243 -1.081220 -2.641576 -0.443971 -1.693192
639352552 1.997647 -15.551504 -1.122096 8.789674 4.212243 -1.081220 -2.594206 -0.443971 -1.693192
659332344 3.972851 -11.506172 -2.600702 8.905151 3.923388 -1.214778 -2.711543 -0.411598 -1.706372
679312136 5.737900 -7.926100 -2.792934 9.023086 3.582371 -1.385981 -2.731609 -0.373955 -1.723209
699291927 6.536138 -5.911014 -2.261733 9.034539 3.547139 -1.401892 -2.729982 -0.370099 -1.724739
719271719 6.114995 -4.092731 -2.023779 9.034539 3.547139 -1.401892 -2.747578 -0.370099 -1.724739
739251511 4.541355 -2.344465 -0.684716 9.013324 3.594963 -1.416557 -2.718716 -0.375335 -1.726684
759231302 3.072696 -1.292248 0.832672 8.965677 3.691336 -1.470051 -2.679190 -0.385920 -1.733315
779211094 1.901739 -0.701188 -0.318047 8.899955 3.805739 -1.574027 -2.695364 -0.398544 -1.745844
799190886 0.374012 -0.160721 -1.055855 8.841619 3.922483 -1.615642 -2.734123 -0.411497 -1.751534
819170677 -0.723396 0.536431 -0.783495 8.767760 4.100396 -1.575915 -2.776688 -0.431379 -1.748637
839150469 -0.809592 0.207396 0.026120 8.731740 4.163378 -1.610403 -2.750256 -0.438461 -1.753178
859130261 -0.237632 -0.290180 0.046296 8.731740 4.163378 -1.610403 -2.755574 -0.438461 -1.753178
879110052 0.168767 -0.426149 -0.081495 8.687683 4.231487 -1.670055 -2.772988 -0.446145 -1.760712
899089844 -0.419087 -0.149252 -0.680367 8.640022 4.306310 -1.725140 -2.723513 -0.454621 -1.767873
919069636 -0.677136 0.247603 -0.464110 8.607082 4.382669 -1.697276 -2.806290 -0.463306 -1.765494
939049427 -0.132734 0.049588 0.208212 8.594868 4.404029 -1.703866 -2.796822 -0.465742 -1.766501
959029219 0.433382 -0.438884 0.943487 8.569704 4.432977 -1.754785 -2.770480 -0.469049 -1.772770
979009011 1.027309 -0.752677 0.450657 8.538598 4.473213 -1.803630 -2.768792 -0.473654 -1.778969
998988802 0.592133 -0.283144 -0.695814 8.516066 4.510891 -1.816280 -2.769769 -0.477976 -1.780925
1018968594 0.186576 -0.106507 -0.324262 8.516066 4.510891 -1.816280 -2.754704 -0.477976 -1.780925
1038948386 0.330851 -0.321536 0.016888 8.494159 4.545147 -1.833385 -2.822904 -0.481914 -1.783376
1058928177 0.463020 -0.310041 -0.839155 8.444606 4.614233 -1.888883 -2.779507 -0.489881 -1.790853
1078907969 0.479629 -0.304432 -1.129364 8.425648 4.655969 -1.871045 -2.788757 -0.494710 -1.789316
1098887761 0.527422 -0.168227 -0.630804 8.425648 4.655969 -1.871045 -2.845742 -0.494710 -1.789316
1118867552 0.800922 -0.280510 0.012234 8.409054 4.701267 -1.832020 -2.773612 -0.499966 -1.785307
1138847344 0.875514 -0.366990 0.284979 8.338149 4.836967 -1.802609 -2.798825 -0.515803 -1.783708
1158827136 0.719936 -0.221305 0.269379 8.285127 4.926070 -1.805800 -2.805857 -0.526279 -1.785397
1178806927 -0.197028 0.201521 0.194169 8.243786 4.997883 -1.797650 -2.810523 -0.534769 -1.785497
1198786719 -0.548434 0.666449 0.018641 8.243786 4.997883 -1.797650 -2.814574 -0.534769 -1.785497
1218766511 -0.311184 0.561308 -0.070093 8.216867 5.046523 -1.784962 -2.798273 -0.540543 -1.784704
1238746302 0.217879 0.206989 0.154001 8.167281 5.127743 -1.781055 -2.761313 -0.550231 -1.785507
1258726094 0.087702 0.144277 0.144924 8.167281 5.127743 -1.781055 -2.866225 -0.550231 -1.785507
1278705886 -0.351926 0.437242 -0.232174 8.138478 5.171525 -1.786305 -2.806553 -0.555477 -1.786859
1298685677 -0.482791 0.550262 -0.365910 8.117985 5.204813 -1.782874 -2.795421 -0.559477 -1.786984
1318665469 -0.187025 0.408187 -0.187431 8.105123 5.226317 -1.778474 -2.788742 -0.562067 -1.786799
1338645261 -0.008850 0.218637 -0.174323 8.091442 5.243786 -1.789317 -2.809572 -0.564173 -1.788431
1358625052 0.215046 0.105864 -0.355984 8.075367 5.260693 -1.812165 -2.856627 -0.566215 -1.791546
1378604844 0.103114 0.282899 -0.643931 8.051417 5.290846 -1.830852 -2.863585 -0.569862 -1.794389
1398584636 0.030440 0.257240 -0.406298 8.060942 5.287068 -1.799589 -2.771212 -0.569405 -1.790442
1418564427 0.562797 -0.152699 0.318132 8.063874 5.288924 -1.780900 -2.807317 -0.569630 -1.788156
1438544219 0.677739 -0.378095 0.823940 8.063874 5.288924 -1.780900 -2.768981 -0.569630 -1.788156
1458524011 0.588746 -0.450405 0.913216 8.051007 5.308235 -1.781662 -2.771978 -0.571970 -1.788583
1478503802 0.357606 -0.379347 0.591330 8.047428 5.313953 -1.780778 -2.759038 -0.572663 -1.788572
