0 0.685479 0.125889 0.343630 5.871087 7.773643 -1.127476 -2.716663 -0.915210 -1.760525
19979688 0.329361 0.278193 -0.001570 5.866593 7.777804 -1.122154 -2.721474 -0.915907 -1.759792
39959375 0.085196 0.398602 -0.298761 5.879680 7.770735 -1.102472 -2.772649 -0.914724 -1.756149
59939063 0.416976 -0.066478 -0.485075 5.879680 7.770735 -1.102472 -2.714772 -0.914724 -1.756149
79918750 0.814325 -0.464785 -0.347911 5.896821 7.765290 -1.047930 -2.703279 -0.913815 -1.746671
99898438 1.209751 -0.769633 -0.323371 5.898601 7.767723 -1.019499 -2.705166 -0.914221 -1.741943
119878125 1.953012 -1.303653 -0.422564 5.897380 7.774055 -0.977426 -2.637154 -0.915279 -1.735042
139857813 3.009562 -1.872951 -0.240280 5.888969 7.786327 -0.929265 -2.702439 -0.917335 -1.727303
159837500 4.686924 -2.640163 -0.070223 5.888969 7.786327 -0.929265 -2.650961 -0.917335 -1.727303
179817188 6.066701 -4.080591 -0.699917 5.852600 7.817957 -0.892760 -2.646890 -0.922659 -1.722170
199796875 7.031766 -6.231259 -1.425593 5.645027 7.987032 -0.715113 -2.618765 -0.951782 -1.696805
219776563 7.552828 -8.346399 -0.887649 5.645027 7.987032 -0.715113 -2.636017 -0.951782 -1.696805
239756250 8.388489 -10.854713 0.181386 5.460896 8.126012 -0.562966 -2.638868 -0.976643 -1.673524
259735938 10.007301 -14.876524 0.018997 4.873481 8.505640 -0.271389 -2.583760 -1.049820 -1.626426
279715625 12.860872 -20.794609 -0.075416 4.336151 8.795126 -0.118085 -2.562570 -1.112603 -1.598022
299695313 15.756466 -28.789783 2.629947 4.336151 8.795126 -0.118085 -2.617263 -1.112603 -1.598022
319675000 14.774436 -36.551109 6.585882 3.443406 9.181853 -0.083210 -2.643212 -1.211910 -1.594957
339654688 10.461808 -43.450981 8.215642 0.535420 9.773829 -0.596642 2.919302 -1.488958 -2.410222
359634375 9.216264 -52.132893 7.241541 0.535420 9.773829 -0.596642 2.778025 -1.488958 -2.410222
379614063 6.441794 -61.122250 5.539766 -1.568547 9.635440 -0.931852 1.066236 -1.383662 2.106856
399593750 -0.920806 -66.358276 4.356411 -4.084252 8.819867 -1.303542 0.694916 -1.118340 1.879740
419573438 -10.281294 -69.885727 3.087454 -6.604486 7.069962 -1.602122 0.611674 -0.805151 1.808780
439553125 -18.842546 -75.343765 4.559149 -9.632957 1.069286 -1.494377 1.068620 -0.109254 1.724701
459532813 -29.414293 -79.614128 8.814288 -9.632957 1.069286 -1.494377 0.777637 -0.109254 1.724701
479512500 -40.855812 -75.400673 10.735272 -9.480082 -2.382884 -0.787596 0.804354 0.245443 1.653685
499492188 -50.061024 -64.626068 3.836516 -8.274513 -5.261438 -0.141694 0.885022 0.566305 1.587919
519471875 -52.789433 -51.855972 3.746030 -4.996133 -8.427217 0.437092 1.698050 1.033972 1.483533
539451615 -53.843147 -36.277550 6.452273 -3.725196 -9.046180 0.678172 1.729532 1.174388 1.390718
559431355 -47.746586 -24.505424 7.029310 -3.725196 -9.046180 0.678172 1.428138 1.174388 1.390718
579411094 -39.577736 -17.369301 6.231112 -2.788791 -9.364890 0.831789 1.458842 1.269501 1.280935
599390834 -35.566380 -11.488863 4.568369 -2.070698 -9.535207 0.981029 1.591717 1.334965 1.128354
619370573 -31.044008 -5.567307 2.508508 -1.587603 -9.607434 1.160652 1.824291 1.368888 0.939520
639350313 -25.715630 -2.142778 1.612131 -1.311035 -9.625565 1.341671 2.027095 1.378325 0.773850
659330052 -20.353041 0.332387 0.364586 -1.144942 -9.623024 1.502300 2.097015 1.376975 0.651217
679309792 -17.832350 3.460505 -0.955744 -1.036425 -9.613009 1.638985 2.193544 1.371742 0.563873
699289532 -16.290724 6.266652 -2.422680 -1.248666 -9.549686 1.847893 2.067192 1.341370 0.594247
719269271 -13.244184 6.775356 -3.776816 -1.248666 -9.549686 1.847893 2.180699 1.341370 0.594247
739249011 -8.776033 4.310782 -3.535779 -1.584594 -9.506173 1.814418 2.044639 1.322611 0.717886
759228750 -5.061108 1.858149 -1.729770 -2.255562 -9.431412 1.459901 1.600604 1.293271 0.996360
779208490 -2.654371 1.283161 -0.934662 -2.555288 -9.388614 1.222629 1.529092 1.277763 1.124520
799188230 -1.267912 1.190193 0.277943 -2.555288 -9.388614 1.222629 1.510929 1.277763 1.124520
819167969 -0.615802 0.327470 1.548021 -2.860082 -9.326056 1.007476 1.302599 1.256432 1.232115
839147709 0.410415 -1.433662 3.161794 -3.412912 -9.165457 0.718904 1.318254 1.207179 1.363189
859127448 1.228750 -1.663775 5.119463 -3.412912 -9.165457 0.718904 1.379491 1.207179 1.363189
879107188 0.798902 -0.046551 6.294285 -3.587857 -9.099375 0.706428 1.190272 1.188681 1.376389
899086927 1.595358 0.736466 3.915860 -3.771417 -9.009224 0.883564 1.474695 1.164739 1.340668
919066667 3.066872 -0.225386 -0.558760 -4.115407 -8.806188 1.298019 1.580754 1.115160 1.265267
939046407 2.743670 -0.950872 -1.789295 -4.115407 -8.806188 1.298019 1.561607 1.115160 1.265267
959026146 2.849746 0.218559 -0.649463 -4.224277 -8.751804 1.315982 1.525130 1.102715 1.268797
979005886 3.859190 0.913040 0.077683 -4.369480 -8.700652 1.173315 1.473429 1.091283 1.308460
998985625 3.994568 0.084187 0.884375 -4.369480 -8.700652 1.173315 1.473429 1.091283 1.308460
1018965365 3.467010 -0.305812 1.534001 -4.411179 -8.689864 1.094594 1.363372 1.088904 1.327568
1038945105 2.572452 -0.265507 1.473699 -4.440660 -8.679090 1.060337 1.535783 1.086539 1.336406
1058924844 2.307020 -0.445269 1.353059 -4.461293 -8.665710 1.082911 1.390961 1.083616 1.332667
1078904584 1.821982 -0.501607 1.098253 -4.428582 -8.677088 1.125249 1.618571 1.086101 1.321974
1098884323 0.985132 -0.136113 0.878485 -4.398387 -8.683928 1.189112 1.560996 1.087599 1.306757
1118864063 0.855012 0.316409 0.224470 -4.380638 -8.684120 1.251585 1.566449 1.087642 1.292502
1138843802 0.870735 0.319985 -0.331512 -4.380638 -8.684120 1.251585 1.598626 1.087642 1.292502
1158823542 1.155968 0.271275 -0.691718 -4.369679 -8.681412 1.307428 1.574578 1.087048 1.280069
1178803282 0.615927 0.144902 -0.802091 -4.341765 -8.688863 1.350225 1.526350 1.088684 1.269292
1198783021 -0.150344 0.603053 -0.758236 -4.276610 -8.713096 1.401047 1.664085 1.094041 1.254208
1218762761 -0.264403 0.951868 -0.713175 -4.270044 -8.715784 1.404360 1.462885 1.094638 1.253053
1238742500 -0.380107 0.730054 -0.352278 -4.284289 -8.707485 1.412426 1.529152 1.092796 1.252341
1258722240 -0.166098 0.331651 -0.406142 -4.284289 -8.707485 1.412426 1.529152 1.092796 1.252341
1278701980 0.156177 0.303780 -0.746116 -4.315604 -8.689536 1.427559 1.506264 1.088832 1.251336
1298681719 0.354549 0.285897 -1.179329 -4.413066 -8.645312 1.397793 1.603025 1.079191 1.264054
1318661459 0.773898 0.116960 -1.366069 -4.481441 -8.623779 1.310534 1.581655 1.074560 1.286293
1338641198 0.499878 -0.407162 0.016304 -4.540189 -8.602962 1.243433 1.566024 1.070120 1.303479
1358620938 -0.360219 -0.558427 0.925092 -4.600556 -8.574005 1.221354 1.542085 1.064003 1.311302
1378600677 -0.923481 -0.088377 -0.040651 -4.600556 -8.574005 1.221354 1.572934 1.064003 1.311302
1398580417 -0.656551 0.389172 0.427619 -4.807310 -8.473971 1.118915 1.560619 1.043369 1.342115
1418560157 0.215097 0.241436 1.125708 -4.904208 -8.415599 1.138784 1.616102 1.031660 1.342634
1438539896 1.209073 -0.106610 0.132908 -4.904208 -8.415599 1.138784 1.684784 1.031660 1.342634
1458519636 1.406105 -0.220910 -1.597707 -4.992909 -8.353837 1.206087 1.703124 1.019515 1.333777
1478499375 1.086361 0.172963 -1.927082 -5.010245 -8.349431 1.163975 1.614253 1.018658 1.342527
1498479115 0.036287 0.390913 -1.028564 -5.038260 -8.339787 1.110983 1.652449 1.016786 1.353760
