0 0.257676 0.092572 0.560280 7.074274 6.552079 -1.787539 -2.693008 -0.731687 -1.818297
19979635 0.016749 0.396776 0.016332 7.064918 6.568216 -1.765179 -2.656323 -0.733901 -1.815635
39959271 -0.063225 0.487377 -0.737239 7.064918 6.568216 -1.765179 -2.719781 -0.733901 -1.815635
59938906 0.283142 0.296157 -0.876186 7.102285 6.560079 -1.641126 -2.697582 -0.732784 -1.797881
79918542 0.767573 -0.075580 -0.730976 7.094554 6.575430 -1.612888 -2.665735 -0.734892 -1.794338
99898177 1.152310 -0.297286 -0.648386 7.094554 6.575430 -1.612888 -2.715173 -0.734892 -1.794338
119877812 1.062361 -0.396338 -0.648073 7.038402 6.643602 -1.579192 -2.690670 -0.744302 -1.791509
139857448 1.194424 -0.536582 -0.673720 7.038402 6.643602 -1.579192 -2.724777 -0.744302 -1.791509
159837083 1.489295 -0.824284 -0.288362 7.014235 6.694722 -1.466822 -2.662566 -0.751413 -1.776946
179816719 2.211314 -1.709940 -0.306348 7.014235 6.694722 -1.466822 -2.706748 -0.751413 -1.776946
199796354 3.055387 -3.025073 -0.451028 6.994599 6.726516 -1.414206 -2.683941 -0.755858 -1.770292
219775989 3.934187 -4.793800 -0.100333 6.964057 6.772224 -1.345090 -2.668115 -0.762283 -1.761594
239755625 4.699676 -6.922143 0.511434 6.920246 6.833423 -1.258935 -2.619040 -0.770948 -1.750749
259735260 7.042647 -10.406878 0.587312 6.771076 7.002835 -1.132787 -2.626738 -0.795324 -1.736559
279714896 11.298845 -16.222164 0.734403 6.541218 7.223841 -1.094970 -2.675899 -0.828069 -1.736654
299694531 15.926249 -23.960695 0.062482 6.541218 7.223841 -1.094970 -2.656275 -0.828069 -1.736654
319674167 18.875250 -31.678274 0.708879 5.242366 8.239309 -0.895421 -2.730829 -0.997607 -1.739969
339653802 17.639135 -38.986511 2.098998 5.242366 8.239309 -0.895421 -2.817291 -0.997607 -1.739969
359633437 14.510016 -47.035896 2.585340 3.926071 8.948071 -0.829685 -2.875419 -1.149230 -1.779059
379613073 9.701274 -56.050625 1.558994 -0.384866 9.782503 -0.569990 1.578113 -1.500606 2.547696
399592708 3.050410 -65.124710 2.179752 -3.251681 9.234158 -0.572102 0.731892 -1.227416 1.744954
419572344 -6.859059 -74.223183 4.761079 -6.190560 7.552660 -0.897044 0.773543 -0.879087 1.714700
439551979 -20.102348 -74.079247 7.897821 -6.190560 7.552660 -0.897044 0.773543 -0.879087 1.714700
459531614 -26.789120 -68.614128 7.708097 -9.511591 1.704432 -1.671807 1.044411 -0.174691 1.744784
479511250 -30.626579 -68.904648 0.980042 -9.511591 1.704432 -1.671807 0.828682 -0.174691 1.744784
499490885 -36.839958 -60.615452 -8.291348 -9.613427 -1.493599 -1.233518 0.982961 0.152900 1.698411
519470521 -43.265171 -48.917252 -4.015988 -7.691464 -6.059714 -0.540034 1.497409 0.666093 1.640893
539450156 -48.095661 -43.424854 6.344783 -6.454132 -7.372637 -0.398498 1.660798 0.850787 1.632461
559429792 -49.392494 -33.564896 14.261929 -6.454132 -7.372637 -0.398498 1.306309 0.850787 1.632461
579409427 -47.289623 -19.808397 13.525929 -5.375817 -8.201849 0.025829 1.350413 0.990601 1.565992
599389062 -41.670341 -10.302539 3.604594 -4.590006 -8.642772 0.636182 1.592729 1.078643 1.433072
619368698 -33.333340 -3.936223 -5.683190 -3.836598 -8.940931 1.229079 1.791643 1.147455 1.260770
639348333 -25.543541 -0.240239 -5.615790 -3.836598 -8.940931 1.229079 1.505073 1.147455 1.260770
659327969 -17.677305 -0.510525 -0.027848 -3.757950 -8.999612 1.027231 1.535918 1.162264 1.303966
679307604 -12.130822 -0.289272 6.216526 -3.730199 -9.040145 0.729227 1.547183 1.172797 1.377738
699287187 -9.683312 2.094983 8.447139 -3.659046 -9.075994 0.638824 1.433909 1.182337 1.397951
719266771 -7.930665 3.046885 4.230937 -3.659046 -9.075994 0.638824 1.414024 1.182337 1.397951
739246354 -7.196701 2.957338 -0.107233 -3.676990 -9.060421 0.747596 1.420908 1.178166 1.370213
759225937 -6.604002 2.475945 -0.991892 -3.676990 -9.060421 0.747596 1.501081 1.178166 1.370213
779205521 -4.338142 2.482474 0.578835 -3.767900 -9.029634 0.662609 1.417936 1.170040 1.396720
799185104 -2.218586 1.583682 1.326152 -4.030695 -8.926448 0.492353 1.186179 1.143874 1.449248
819164687 -0.420892 0.450715 0.713756 -4.143291 -8.878798 0.412855 1.192625 1.132287 1.471480
839144271 0.632429 -0.495557 0.418889 -4.197801 -8.857069 0.318104 1.294807 1.127097 1.495162
859123854 1.235182 -0.818108 1.264829 -4.197801 -8.857069 0.318104 1.214268 1.127097 1.495162
879103437 0.468856 0.124619 2.102150 -4.136957 -8.886950 0.279479 1.220737 1.134248 1.503342
899083021 -0.154323 0.757519 1.509789 -4.105359 -8.899199 0.347377 1.290320 1.137212 1.486382
919062604 -0.229650 0.835416 0.248781 -4.105359 -8.899199 0.347377 1.380855 1.137212 1.486382
939042187 -0.452085 0.960188 -0.850951 -4.107456 -8.892757 0.466964 1.190781 1.135651 1.457595
959021771 -0.170298 1.112168 -1.227282 -4.150366 -8.872665 0.469745 1.340056 1.130816 1.458094
979001354 0.375065 0.629078 -0.905416 -4.150366 -8.872665 0.469745 1.358601 1.130816 1.458094
998980937 0.933869 -0.061618 0.130020 -4.210507 -8.845072 0.454670 1.345426 1.124255 1.463229
1018960521 1.552881 -0.331084 0.875218 -4.184278 -8.854617 0.507911 1.353245 1.126515 1.450002
1038940104 1.447772 -0.142509 0.601802 -4.125141 -8.876809 0.596538 1.363041 1.131809 1.427182
1058919687 0.738783 0.066129 -0.298055 -4.125141 -8.876809 0.596538 1.363041 1.131809 1.427182
1078899271 0.001329 0.304734 -0.865480 -4.051721 -8.904271 0.684045 1.366058 1.138445 1.403545
1098878854 -0.122858 0.760637 -0.612822 -3.987748 -8.928097 0.746553 1.395941 1.144280 1.385727
1118858437 0.169132 0.562155 0.221667 -3.938394 -8.945849 0.794485 1.496229 1.148677 1.371740
1138838021 0.101370 0.612859 0.253860 -3.865341 -8.965572 0.920888 1.491098 1.153613 1.336914
1158817604 -0.559408 0.952263 -0.710101 -3.876381 -8.958740 0.940764 1.489741 1.151897 1.332708
1178797187 -1.011719 1.298449 -1.665436 -3.932086 -8.940822 0.877956 1.550198 1.147427 1.351120
1198776771 -0.753762 1.090823 -1.009172 -4.011950 -8.914732 0.776013 1.451694 1.140998 1.379730
1218756354 -0.423091 0.370901 0.151018 -4.100758 -8.881574 0.686897 1.407536 1.132954 1.404832
1238735937 0.194633 0.188629 0.721284 -4.180000 -8.849705 0.617019 1.336203 1.125351 1.424242
1258715521 0.560756 -0.018923 1.026971 -4.238153 -8.825671 0.562125 1.385884 1.119696 1.438932
1278695104 1.707374 -0.955583 0.998973 -4.202072 -8.845787 0.514808 1.333098 1.124424 1.448891
1298674687 2.177035 -2.499104 -1.083276 -4.202072 -8.845787 0.514808 1.371501 1.124424 1.448891
1318654271 -0.421651 0.059896 -0.369548 -4.083179 -8.908928 0.359224 1.394060 1.139580 1.483046
1338633854 0.651142 -0.841436 -0.298972 -3.978716 -8.960221 0.233757 1.376423 1.152269 1.512112
1358613437 -1.246157 2.914174 1.647500 -3.874499 -9.008410 0.084952 1.421580 1.164528 1.548874
1378593021 -9.249835 1.310238 -6.686733 -4.311962 -8.800306 -0.363296 1.450300 1.113799 1.654851
1398572604 -0.255032 3.485604 2.965155 -4.669845 -8.604746 -0.566821 1.410066 1.070499 1.691584
1418552187 5.661352 -5.781695 -0.033235 -4.669845 -8.604746 -0.566821 1.410066 1.070499 1.691584
1438531771 3.809302 -1.467420 4.842422 -4.821599 -8.525061 -0.495887 1.195677 1.053813 1.673283
1458511354 0.078450 1.415632 2.787198 -4.937775 -8.469147 -0.249631 1.273884 1.042392 1.621309
1478490937 -0.244293 1.047784 -0.884893 -4.937775 -8.469147 -0.249631 1.273884 1.042392 1.621309
1498470521 1.044004 -0.439966 -2.249165 -5.156803 -8.341301 0.021368 1.274605 1.017080 1.566653
