0 0.142223 0.157526 -0.473012 -6.274817 -7.531550 0.269835 1.000943 0.875719 1.527820
19979583 0.585701 0.114277 -0.636379 -6.274278 -7.533247 0.232395 1.066013 0.875990 1.533774
39959167 0.485476 0.258811 -0.277834 -6.266802 -7.540761 0.185745 1.084049 0.877187 1.541165
59938750 0.262508 0.486467 0.327224 -6.266802 -7.540761 0.185745 1.215293 0.877187 1.541165
79918333 0.139133 0.465215 0.490787 -6.240029 -7.563897 0.141033 1.122538 0.880885 1.548199
99897917 -0.073937 0.605887 0.351677 -6.224846 -7.576724 0.122227 1.129521 0.882943 1.551163
119877500 -0.141872 0.778509 0.292153 -6.224846 -7.576724 0.122227 1.178746 0.882943 1.551163
139857083 0.071675 0.943642 0.717583 -6.211348 -7.588340 0.081501 1.220378 0.884811 1.557676
159836667 -0.288226 1.544826 1.563993 -6.162137 -7.628396 -0.077628 1.045086 0.891285 1.583393
179816250 -1.396826 2.050401 2.307841 -6.162137 -7.628396 -0.077628 1.145582 0.891285 1.583393
199795833 -2.559392 2.412848 2.117097 -6.148358 -7.638604 -0.140766 1.212986 0.892943 1.593687
219775417 -5.065091 3.230736 1.275164 -6.141480 -7.642968 -0.194034 1.236730 0.893653 1.602380
239755000 -8.148141 4.210067 0.623899 -6.235702 -7.557706 -0.409264 1.186668 0.879894 1.636335
259734583 -12.567238 4.707672 2.316388 -6.296189 -7.497900 -0.556682 1.131757 0.870378 1.658983
279714167 -23.244667 5.534861 6.177061 -6.296189 -7.497900 -0.556682 1.129672 0.870378 1.658983
299693750 -36.391491 7.713994 9.638744 -6.555338 -7.275485 -0.515035 1.116622 0.835889 1.649203
319673333 -39.964973 3.591974 3.213933 -7.195424 -6.661507 -0.143445 1.125572 0.746787 1.590729
339652917 -41.234646 -6.718022 -3.952538 -8.778556 -4.364625 0.239572 1.146022 0.461250 1.543513
359632500 -42.964218 -14.319380 -4.767416 -9.399429 -2.777376 0.327539 1.147578 0.287143 1.535964
379612083 -46.559158 -22.758551 -2.655347 -9.763099 -0.840752 0.381351 1.094124 0.085838 1.531756
399591667 -48.952911 -34.550545 -1.325079 -9.763099 -0.840752 0.381351 1.702528 0.085838 1.531756
419571250 -46.832874 -46.559696 -0.942019 -9.149107 3.470676 0.647023 1.002770 -0.361749 1.500194
439550833 -47.359661 -55.114811 1.503229 -8.090322 5.475168 0.860019 0.991759 -0.592349 1.464892
459530417 -50.060390 -61.172142 3.893981 -8.090322 5.475168 0.860019 0.991759 -0.592349 1.464892
479510000 -50.854347 -68.142647 1.901491 -4.325447 8.677793 1.468612 0.605074 -1.086255 1.243481
499489583 -45.821362 -72.414543 1.026434 -1.719317 9.553235 1.396434 0.160347 -1.342967 0.888659
519469167 -32.942513 -74.291054 -1.242071 1.004910 9.710875 0.927073 -1.684083 -1.430923 -0.825665
539448750 -14.830289 -70.355446 -4.771149 3.414039 9.189248 0.269144 -2.498379 -1.214063 -1.492125
559428333 -1.662569 -60.537743 -6.913245 5.312324 8.237330 -0.309834 -2.537549 -0.997235 -1.629054
579407917 3.034102 -48.870342 -3.735677 5.312324 8.237330 -0.309834 -2.502533 -0.997235 -1.629054
599387500 7.158888 -40.933289 -4.467600 7.706724 5.939798 -1.222948 -2.568106 -0.650634 -1.728170
619367083 10.627691 -33.796501 -4.592141 8.319265 4.980390 -1.468309 -2.540458 -0.532697 -1.745492
639346667 11.134936 -27.088943 -3.617133 8.319265 4.980390 -1.468309 -2.540458 -0.532697 -1.745492
659326250 9.956938 -21.016464 -3.602509 8.890858 3.791971 -1.656496 -2.566287 -0.397022 -1.754999
679305833 8.079862 -15.620930 -4.318808 8.890858 3.791971 -1.656496 -2.561695 -0.397022 -1.754999
699285417 6.674611 -11.376591 -3.797326 9.080738 3.356437 -1.563620 -2.664055 -0.349323 -1.741315
719265000 5.885448 -8.023088 -3.414971 9.108639 3.335916 -1.440398 -2.576135 -0.347096 -1.727633
739244583 4.817331 -5.426321 -2.669774 9.099141 3.410247 -1.321452 -2.620065 -0.355169 -1.715016
759224167 3.616446 -3.420752 -2.635551 9.060893 3.551861 -1.206187 -2.604236 -0.370615 -1.703138
779203750 2.262156 -1.506504 -1.586081 9.011469 3.709750 -1.096156 -2.594810 -0.387947 -1.691842
799183333 0.738780 0.140759 -0.859557 9.011469 3.709750 -1.096156 -2.601590 -0.387947 -1.691842
819162917 0.084875 0.412616 -0.544928 8.938993 3.947842 -0.824214 -2.600298 -0.414320 -1.662741
839142500 0.052267 0.423502 -0.437582 8.902105 4.055094 -0.692182 -2.609663 -0.426300 -1.648395
859122083 -0.022252 0.622592 1.146556 8.864358 4.151169 -0.601109 -2.607847 -0.437086 -1.638505
879101667 0.456546 0.631436 2.380183 8.864358 4.151169 -0.601109 -2.599308 -0.437086 -1.638505
899081250 1.020766 0.123232 2.219638 8.784947 4.322730 -0.555963 -2.640801 -0.456485 -1.633998
919060833 0.786583 -0.104521 1.070165 8.784947 4.322730 -0.555963 -2.587636 -0.456485 -1.633998
939040417 0.026626 0.092469 0.335972 8.695277 4.501723 -0.545016 -2.564294 -0.476923 -1.633394
959020000 -0.334239 0.290746 0.970170 8.695277 4.501723 -0.545016 -2.564294 -0.476923 -1.633394
978999583 0.027527 0.179759 1.722842 8.663166 4.564740 -0.532065 -2.607492 -0.484170 -1.632136
998979167 0.393889 -0.123285 1.744432 8.602918 4.670400 -0.589532 -2.624037 -0.496383 -1.639216
1018958750 0.295653 -0.189011 1.203580 8.602918 4.670400 -0.589532 -2.624037 -0.496383 -1.639216
1038938333 -0.293249 0.152034 0.326294 8.565397 4.728253 -0.669323 -2.687492 -0.503104 -1.648781
1058917917 -0.185636 0.080174 0.206198 8.514725 4.792620 -0.837042 -2.676076 -0.510612 -1.668787
1078897500 0.180151 -0.026635 0.242384 8.497583 4.813590 -0.889280 -2.643202 -0.513065 -1.675068
1098877083 0.338180 0.130450 0.539219 8.481420 4.833679 -0.933515 -2.618739 -0.515417 -1.680421
1118856667 -0.155037 0.194136 0.289342 8.481420 4.833679 -0.933515 -2.638806 -0.515417 -1.680421
1138836250 -0.308936 0.357205 0.294808 8.467752 4.837484 -1.032631 -2.633362 -0.515863 -1.692146
1158815833 0.136470 0.240788 0.494690 8.467098 4.823641 -1.100510 -2.663367 -0.514241 -1.700047
1178795417 0.895251 -0.136799 0.569650 8.462369 4.816131 -1.167725 -2.666921 -0.513362 -1.707921
1198775000 1.050290 -0.194675 0.429696 8.457191 4.814597 -1.210764 -2.613403 -0.513182 -1.712994
1218754583 1.067390 -0.140011 0.959440 8.446174 4.820615 -1.262616 -2.652970 -0.513887 -1.719187
1238734167 1.405487 -0.348742 1.250519 8.419713 4.845956 -1.339978 -2.647787 -0.516857 -1.728621
1258713750 1.264356 -0.475928 1.148120 8.379418 4.886493 -1.441496 -2.701563 -0.521618 -1.741157
1278693333 0.738474 -0.053351 1.024554 8.379418 4.886493 -1.441496 -2.720943 -0.521618 -1.741157
1298672917 0.598979 0.327799 0.467524 8.314947 4.934434 -1.638105 -2.685577 -0.527266 -1.765313
1318652500 1.033792 0.442702 -0.428667 8.314947 4.934434 -1.638105 -2.685577 -0.527266 -1.765313
1338632083 1.148200 0.486375 -1.637976 8.250695 5.000996 -1.756830 -2.721057 -0.535138 -1.780594
1358611667 0.644809 0.689712 -2.044220 8.215969 5.059607 -1.751746 -2.717803 -0.542100 -1.780863
1378591250 -0.131761 0.952520 -0.857567 8.189435 5.108191 -1.734910 -2.711632 -0.547894 -1.779557
1398570833 -0.299788 0.831319 -0.042618 8.169232 5.143648 -1.725373 -2.734203 -0.552135 -1.778941
1418550417 -0.342325 0.450850 -0.156662 8.169232 5.143648 -1.725373 -2.734425 -0.552135 -1.778941
1438530000 -0.519734 0.231881 -0.014128 8.130734 5.199353 -1.740198 -2.720046 -0.558820 -1.781642
1458509583 -0.576738 0.165483 0.481272 8.130734 5.199353 -1.740198 -2.720046 -0.558820 -1.781642
1478489167 -0.497707 0.076474 0.478395 8.122410 5.204897 -1.762351 -2.665840 -0.559487 -1.784458
1498468750 0.152455 -0.305480 0.197686 8.143417 5.158508 -1.801364 -2.768098 -0.553916 -1.788496
