0 0.437784 0.334394 -0.301389 -4.850651 -8.186664 2.370677 1.416446 0.987783 1.116202
19979740 0.467835 0.625563 -1.040650 -4.842803 -8.181107 2.405647 1.460494 0.986754 1.109755
39959480 0.640148 0.883376 -1.783082 -4.822163 -8.189323 2.419112 1.468106 0.988276 1.105817
59939219 0.626621 1.373992 -1.949321 -4.813698 -8.212888 2.355243 1.333497 0.992658 1.115762
79918959 0.157393 1.780495 -1.696242 -4.814018 -8.247952 2.228658 1.364684 0.999234 1.137224
99898698 -0.817719 2.122549 -0.699624 -4.805964 -8.297810 2.054129 1.319699 1.008703 1.166884
119878438 -3.517812 1.700613 1.231826 -4.805964 -8.297810 2.054129 1.373435 1.008703 1.166884
139858178 -8.195269 2.033705 3.733442 -4.778910 -8.351041 1.895391 1.434345 1.018971 1.193211
159837917 -14.581682 3.205612 5.376008 -4.789040 -8.364468 1.808633 1.371573 1.021588 1.209695
179817657 -22.767178 4.115096 7.138663 -4.969566 -8.270352 1.753586 1.249354 1.003471 1.231572
199797396 -28.515100 3.673606 10.154490 -5.460331 -7.960780 1.726602 1.439166 0.947183 1.264537
219777136 -32.846889 -1.704969 7.547122 -6.153964 -7.388968 1.924127 1.266436 0.853316 1.267761
239756875 -35.667751 -7.982672 0.752257 -6.917134 -6.556400 2.310251 1.224907 0.732280 1.248455
259736615 -37.447437 -13.709373 -0.582452 -8.561988 -4.033196 2.568284 0.808606 0.423849 1.279373
279716355 -41.478886 -20.723852 2.325963 -9.226052 -2.285545 2.413839 0.758862 0.235224 1.314899
299696094 -45.777222 -29.923426 6.667590 -9.542859 -0.201595 2.250246 0.952233 0.020558 1.339222
319675834 -45.518574 -43.669052 14.260443 -9.310681 2.051068 2.296678 0.826254 -0.210706 1.328953
339655573 -43.044582 -54.552227 17.990095 -8.482990 4.304131 2.384059 0.760547 -0.454373 1.296824
359635313 -42.818401 -63.676151 17.705841 -7.042167 6.427091 2.295818 0.651523 -0.714687 1.255651
379615053 -39.943867 -70.339912 16.669573 -4.991558 8.218328 1.927125 0.487233 -0.993674 1.202350
399594792 -31.221600 -72.628204 11.875317 -4.991558 8.218328 1.927125 1.129775 -0.993674 1.202350
419574532 -17.608538 -71.769180 6.732959 -2.484548 9.397175 1.300200 0.977307 -1.280801 1.088672
439554271 -1.308063 -66.578308 -1.005326 0.118545 9.788394 0.586250 -0.738967 -1.509767 -0.199518
459534011 7.667444 -54.609348 -4.063107 3.878749 8.970049 -0.814799 -2.611773 -1.154741 -1.777853
479513750 9.349880 -42.145050 -1.476426 5.079417 8.287996 -1.295771 -2.675162 -1.006828 -1.820571
499493490 9.156102 -34.437576 -1.667935 5.893193 7.661778 -1.654636 -2.661103 -0.896720 -1.844520
519473230 10.230824 -28.541359 -3.163516 6.391475 7.182745 -1.930702 -2.807973 -0.821893 -1.864155
539452969 8.854124 -23.038622 -3.543520 6.391475 7.182745 -1.930702 -2.705220 -0.821893 -1.864155
559432709 7.562911 -17.684769 -4.153966 6.729232 6.822432 -2.083806 -2.723959 -0.769386 -1.871096
579412448 8.172227 -13.089546 -3.455612 6.950810 6.582801 -2.126818 -2.747834 -0.735906 -1.867731
599392188 7.799939 -8.727617 -1.450663 7.035351 6.487182 -2.142593 -2.810410 -0.722828 -1.866419
619371928 5.520924 -5.346578 -1.667948 7.019010 6.494418 -2.174034 -2.818993 -0.723813 -1.871160
639351667 3.575776 -2.759328 -2.857400 6.966315 6.546894 -2.186100 -2.864133 -0.730977 -1.874874
659331407 2.011154 -1.142240 -2.136927 6.903457 6.629889 -2.134771 -2.808549 -0.742403 -1.870701
679311094 0.895298 0.062980 -0.566321 6.709960 6.851221 -2.051246 -2.790901 -0.773481 -1.867476
699290782 -0.566256 1.465938 -0.051476 6.606072 6.946679 -2.067329 -2.801645 -0.787178 -1.874086
719270469 -1.777282 2.335646 -0.912992 6.554186 6.999893 -2.052931 -2.834666 -0.794895 -1.874341
739250157 -1.543294 1.973375 -1.010099 6.548123 7.020141 -2.002521 -2.795867 -0.797848 -1.867580
759229844 -0.733120 1.108031 -0.107406 6.548123 7.020141 -2.002521 -2.802045 -0.797848 -1.867580
779209532 -0.662719 0.666713 0.901338 6.551356 7.031657 -1.950877 -2.793695 -0.799531 -1.860217
799189219 -0.307873 0.322759 0.932417 6.548474 7.037582 -1.939152 -2.787844 -0.800398 -1.858692
819168907 0.022254 0.166871 0.506403 6.543850 7.037160 -1.956219 -2.768151 -0.800337 -1.861280
839148594 0.004230 0.263832 0.119302 6.557018 7.013647 -1.996162 -2.817164 -0.796900 -1.866314
859128282 0.256608 -0.096768 0.561809 6.557018 7.013647 -1.996162 -2.827716 -0.796900 -1.866314
879107969 0.852046 -0.551432 0.892409 6.557292 6.990312 -2.075538 -2.789377 -0.793501 -1.877343
899087657 1.022207 -0.712586 1.067222 6.557292 6.990312 -2.075538 -2.839194 -0.793501 -1.877343
919067344 0.671482 -0.372711 0.330766 6.492631 7.003243 -2.229509 -2.828629 -0.795383 -1.901571
939047032 0.347156 -0.073876 -0.301961 6.480631 7.000531 -2.272522 -2.819179 -0.794989 -1.908062
959026719 0.240889 -0.053860 -0.231500 6.480631 7.000531 -2.272522 -2.829843 -0.794989 -1.908062
979006407 0.376775 -0.231568 0.092196 6.476073 6.994187 -2.304824 -2.819669 -0.794065 -1.912716
998986094 0.508539 -0.344012 -0.095311 6.451909 6.986590 -2.393913 -2.811728 -0.792960 -1.926090
1018965782 0.268633 -0.180563 -0.232417 6.451909 6.986590 -2.393913 -2.862141 -0.792960 -1.926090
1038945469 0.250006 -0.350433 -0.252373 6.456292 6.963704 -2.448166 -2.885778 -0.789640 -1.933236
1058925157 0.808151 -0.392902 -0.101569 6.456292 6.963704 -2.448166 -2.858225 -0.789640 -1.933236
1078904844 1.004751 -0.316789 0.487246 6.417831 6.971175 -2.526768 -2.880672 -0.790723 -1.945869
1098884532 0.732479 -0.247034 0.277431 6.382346 6.982173 -2.585596 -2.863933 -0.792319 -1.955706
1118864219 0.628460 -0.030790 -0.506814 6.355014 6.994161 -2.620285 -2.849190 -0.794061 -1.961876
1138843907 0.489241 0.187623 -0.583195 6.355014 6.994161 -2.620285 -2.920851 -0.794061 -1.961876
1158823594 0.317195 0.296777 -0.567852 6.338778 7.003638 -2.634262 -2.875753 -0.795441 -1.964660
1178803282 0.211320 0.087099 -0.487606 6.331038 7.014810 -2.623127 -2.935124 -0.797070 -1.963593
1198782969 0.349294 -0.094986 -0.452933 6.331038 7.014810 -2.623127 -2.918698 -0.797070 -1.963593
1218762657 0.248164 0.211718 -0.246346 6.282021 7.065590 -2.604618 -2.935773 -0.804508 -1.963838
1238742344 -0.095089 0.559163 -0.078181 6.282021 7.065590 -2.604618 -2.887965 -0.804508 -1.963838
1258722032 -0.146646 0.472401 -0.102059 6.306104 7.075785 -2.517284 -2.898746 -0.806008 -1.950597
1278701719 0.124744 0.370119 0.148277 6.306104 7.075785 -2.517284 -2.857161 -0.806008 -1.950597
1298681407 -0.046775 0.413650 0.558150 6.326140 7.076337 -2.464914 -2.860659 -0.806090 -1.942340
1318661094 0.096562 0.280395 0.692838 6.339256 7.075447 -2.433573 -2.826193 -0.805959 -1.937338
1338640782 0.053465 0.178012 0.452067 6.353659 7.066138 -2.423036 -2.889612 -0.804589 -1.935132
1358620469 0.245093 0.151972 0.227884 6.353659 7.066138 -2.423036 -2.864897 -0.804589 -1.935132
1378600157 0.440037 0.045244 -0.002001 6.367923 7.053143 -2.423452 -2.865687 -0.802680 -1.934443
1398579844 0.405686 0.055392 0.084687 6.367923 7.053143 -2.423452 -2.831061 -0.802680 -1.934443
1418559532 0.455050 -0.043034 0.068343 6.367815 7.051544 -2.428386 -2.827491 -0.802445 -1.935125
1438539219 0.419563 -0.164919 0.568449 6.355874 7.058104 -2.440582 -2.901584 -0.803408 -1.937424
1458518907 0.068437 -0.171172 0.773543 6.253832 7.111032 -2.548175 -2.856629 -0.811214 -1.957716
1478498594 -0.500842 0.075290 0.096923 6.224915 7.124451 -2.581282 -2.825038 -0.813203 -1.963884
