0 -0.024143 0.020667 0.772822 5.081350 8.316108 -1.092076 -2.783088 -1.012213 -1.782495
19979792 0.148634 0.203314 0.254943 5.099508 8.307668 -1.071476 -2.745786 -1.010592 -1.777897
39959584 -0.212326 0.508399 0.464952 5.124799 8.293465 -1.060786 -2.704981 -1.007872 -1.774905
59939375 -0.053768 0.282871 0.520541 5.148261 8.278556 -1.063635 -2.741251 -1.005029 -1.774531
79919167 0.236120 0.111642 0.283115 5.164757 8.266748 -1.075421 -2.719398 -1.002787 -1.776086
99898959 0.105113 0.356472 -0.030582 5.189800 8.250109 -1.082631 -2.758342 -0.999641 -1.776454
119878750 0.304431 0.549550 -0.267659 5.189800 8.250109 -1.082631 -2.709510 -0.999641 -1.776454
139858542 0.599270 0.361953 -0.153091 5.228884 8.226387 -1.075044 -2.672430 -0.995182 -1.773568
159838334 0.919076 0.037764 0.169024 5.273138 8.200091 -1.059676 -2.727903 -0.990274 -1.769112
179818125 1.096818 -0.046740 0.360224 5.311833 8.176847 -1.045947 -2.736105 -0.985967 -1.765218
199797917 1.518688 -0.455151 1.559223 5.348792 8.153433 -1.040359 -2.692655 -0.981656 -1.762901
219777709 2.129030 -0.339632 1.196215 5.474838 8.052485 -1.163626 -2.738075 -0.963379 -1.780221
239757500 4.095842 -1.549422 -0.599898 5.474838 8.052485 -1.163626 -2.735172 -0.963379 -1.780221
259737292 6.088887 -4.626157 -3.131864 5.600086 7.957936 -1.216832 -2.721859 -0.946686 -1.784759
279717084 8.399067 -9.424615 -3.419544 5.862457 7.804618 -0.943351 -2.704348 -0.920409 -1.730343
299696875 12.431816 -15.445194 -0.753324 5.862457 7.804618 -0.943351 -2.755643 -0.920409 -1.730343
319676667 15.362155 -20.472477 3.419568 5.418962 8.155486 -0.541540 -2.730721 -0.982033 -1.670400
339656459 13.863453 -23.368168 5.108930 5.418962 8.155486 -0.541540 -2.678711 -0.982033 -1.670400
359636250 11.845554 -26.840599 4.059173 3.922705 8.972925 -0.519018 -2.686764 -1.155468 -1.702343
379616042 12.650365 -33.674088 3.422517 2.749140 9.399184 -0.517624 -2.774972 -1.281518 -1.756903
399595834 14.139922 -43.105133 4.517378 1.103707 9.726824 -0.584053 -3.060629 -1.443116 -2.057510
419575625 11.660827 -52.766945 4.872602 -1.075467 9.720454 -0.725612 1.221867 -1.438113 2.164336
439555417 4.921853 -61.178360 4.243374 -3.628736 9.073528 -0.820815 0.897338 -1.181674 1.793251
459535209 -0.837036 -70.032829 3.499676 -3.628736 9.073528 -0.820815 0.728063 -1.181674 1.793251
479515000 -8.484938 -79.839294 4.691854 -8.540778 4.725812 -0.944566 1.143556 -0.502820 1.680944
499494792 -17.070805 -89.512428 9.029756 -9.701008 0.961053 -1.066406 1.569873 -0.098158 1.680284
519474584 -31.172970 -91.141205 11.432826 -9.364866 -2.830730 -0.675741 1.875986 0.292821 1.642829
539454375 -42.509525 -83.169746 7.036044 -9.364866 -2.830730 -0.675741 1.183962 0.292821 1.642829
559434167 -46.373734 -72.734238 -6.572299 -7.939633 -5.753458 0.174142 1.486952 0.626965 1.548867
579413959 -47.651131 -59.805649 -6.346725 -4.236924 -8.837873 0.332975 2.133619 1.122558 1.492369
599393750 -47.974415 -54.006084 7.929457 -4.236924 -8.837873 0.332975 1.577215 1.122558 1.492369
619373542 -46.666836 -44.858742 15.539314 -1.073519 -9.739072 0.410410 2.362629 1.453331 1.205638
639353334 -50.958466 -25.583546 15.593681 -0.087423 -9.768846 0.855791 -3.115139 1.482962 0.101802
659333125 -47.728363 -13.611869 6.087435 0.461873 -9.722881 1.192740 -2.800713 1.439997 -0.369456
679312917 -38.032192 -8.639459 -4.425352 0.461873 -9.722881 1.192740 3.140364 1.439997 -0.369456
699292709 -27.574499 -3.260563 -4.074321 0.992919 -9.700103 1.045224 -2.627553 1.423253 -0.759741
719272500 -22.398699 0.716472 2.762887 0.992919 -9.700103 1.045224 -2.958612 1.423253 -0.759741
739252292 -19.507429 3.220978 4.354443 1.106414 -9.683199 1.087151 -2.781440 1.411957 -0.794180
759232084 -16.937649 3.964867 1.567074 1.039683 -9.655413 1.364712 -2.930879 1.394946 -0.651031
779211875 -14.070446 3.704167 -1.497284 1.039683 -9.655413 1.364712 -2.911716 1.394946 -0.651031
799191667 -12.227743 3.578878 -2.825727 0.866340 -9.659592 1.453316 3.122789 1.397398 -0.537556
819171459 -9.656857 3.276751 -2.142665 0.184331 -9.703371 1.407481 2.806805 1.425537 -0.130224
839151250 -6.405449 1.137091 -1.664075 -0.246085 -9.710938 1.344443 2.461212 1.430969 0.181035
859131042 -3.455920 -1.339749 -1.189158 -0.662320 -9.699747 1.283213 2.223493 1.423006 0.476477
879110834 -1.655726 -1.144173 -0.155980 -1.078514 -9.665244 1.261045 1.985319 1.400772 0.707536
899090625 0.034334 -0.738271 0.293027 -1.480860 -9.609902 1.275631 1.708969 1.370146 0.859714
919070417 1.793336 -1.716207 0.293212 -1.480860 -9.609902 1.275631 1.937181 1.370146 0.859714
939050209 2.518609 -2.359429 0.117444 -1.806158 -9.552400 1.288349 1.845916 1.342590 0.951194
959030000 3.202301 -1.125850 0.587718 -2.276485 -9.456143 1.252741 1.558927 1.302630 1.067726
979009792 3.952614 -0.274962 0.787750 -2.472457 -9.402268 1.286345 1.631802 1.282623 1.091065
998989584 3.836440 -0.974978 -0.083443 -2.472457 -9.402268 1.286345 1.644236 1.282623 1.091065
1018969375 2.853051 -0.730327 -0.359663 -2.782124 -9.316261 1.279626 1.505156 1.253218 1.139702
1038949167 2.677965 0.170672 0.421238 -2.941352 -9.270277 1.257296 1.641492 1.238529 1.166848
1058928959 3.815369 -0.434514 0.399614 -3.045179 -9.240023 1.232579 1.536080 1.229197 1.186190
1078908750 3.378827 -1.072578 0.154439 -3.045179 -9.240023 1.232579 1.543302 1.229197 1.186190
1098888542 2.107387 -0.513238 0.252405 -3.167061 -9.211493 1.135120 1.492892 1.220616 1.226645
1118868334 1.769749 0.197955 1.213316 -3.239291 -9.188865 1.114513 1.399763 1.213951 1.239422
1138848125 2.333026 0.110375 1.472764 -3.239291 -9.188865 1.114513 1.540192 1.213951 1.239422
1158827917 2.518210 -0.265434 0.730105 -3.288954 -9.167856 1.141741 1.556413 1.207868 1.236668
1178807709 1.755714 -0.043550 -0.224240 -3.288414 -9.158390 1.216801 1.651397 1.205158 1.216393
1198787500 0.853215 0.653231 -0.606781 -3.292856 -9.155584 1.225868 1.507114 1.204359 1.214412
1218767292 0.580835 0.805293 -0.448614 -3.292856 -9.155584 1.225868 1.512708 1.204359 1.214412
1238747084 0.337814 0.654305 -0.405298 -3.334471 -9.141631 1.217490 1.481269 1.200408 1.220714
1258726875 -0.231008 0.632912 -0.504692 -3.382661 -9.128256 1.184461 1.583422 1.196658 1.233982
1278706667 -0.100370 0.757602 -0.236109 -3.382661 -9.128256 1.184461 1.574516 1.196658 1.233982
1298686459 0.431882 0.388327 0.142921 -3.515206 -9.087357 1.110707 1.463017 1.185408 1.264751
1318666250 0.918893 0.102607 0.537984 -3.515206 -9.087357 1.110707 1.559804 1.185408 1.264751
1338646042 1.164008 0.216696 0.498609 -3.585048 -9.055513 1.146948 1.495464 1.176860 1.261161
1358625834 0.488600 0.627659 -0.409281 -3.605014 -9.044275 1.172747 1.589332 1.173885 1.256284
1378605625 0.118556 1.092156 -0.891874 -3.624414 -9.035393 1.181391 1.548837 1.171548 1.255702
1398585417 -0.156009 1.488403 -1.420511 -3.662531 -9.026783 1.128466 1.338349 1.169296 1.271915
1418565209 -0.842214 1.143412 -1.294855 -3.755330 -9.002889 1.007905 1.403758 1.163106 1.308583
1438545000 -0.276841 0.350320 1.154805 -3.866322 -8.963930 0.932687 1.265454 1.153200 1.334085
1458524792 0.693224 -0.621624 2.036527 -3.946058 -8.930117 0.923059 1.344033 1.144778 1.341009
1478504584 0.691015 -1.716097 0.997334 -3.946058 -8.930117 0.923059 1.489082 1.144778 1.341009
1498484375 0.136425 -1.710659 0.620800 -4.013082 -8.901991 0.905601 1.251680 1.137890 1.348852
