0 0.364436 0.038545 -0.558793 6.522535 7.222508 -1.209262 -2.729237 -0.827868 -1.754112
19979635 0.020859 0.115990 -0.464393 6.502683 7.242025 -1.199408 -2.642899 -0.830815 -1.753194
39959270 -0.287259 0.263680 -0.462239 6.476511 7.264892 -1.202725 -2.744701 -0.834279 -1.754410
59938906 -0.350059 0.508111 -0.359694 6.468117 7.275200 -1.185464 -2.704903 -0.835846 -1.752063
79918541 0.110668 0.407305 -0.254407 6.487416 7.264700 -1.143656 -2.694363 -0.834251 -1.745292
99898177 0.659738 0.046675 -0.230695 6.514351 7.248835 -1.089960 -2.701371 -0.831845 -1.736578
119877812 0.620192 -0.018474 0.078952 6.533880 7.244868 -0.995334 -2.717054 -0.831245 -1.721968
139857447 0.515158 0.019645 0.572286 6.532490 7.248796 -0.975657 -2.694049 -0.831839 -1.719055
159837083 0.384242 0.012924 0.618766 6.532490 7.248796 -0.975657 -2.659484 -0.831839 -1.719055
179816718 0.417281 -0.186584 0.544770 6.538220 7.245133 -0.964416 -2.715135 -0.831285 -1.717245
199796354 0.729972 -0.821869 0.394804 6.566731 7.222334 -0.941446 -2.683683 -0.827842 -1.713192
219775989 1.484299 -1.460560 0.425349 6.566731 7.222334 -0.941446 -2.678811 -0.827842 -1.713192
239755625 1.768328 -1.946560 0.471166 6.554935 7.232421 -0.946205 -2.687213 -0.829364 -1.714156
259735260 2.365900 -2.533250 -0.038328 6.547538 7.240575 -0.934980 -2.678598 -0.830596 -1.712636
279714895 3.556410 -3.874886 -1.159113 6.547538 7.240575 -0.934980 -2.689138 -0.830596 -1.712636
299694531 5.893825 -6.000765 -1.524495 6.561013 7.237346 -0.862740 -2.633821 -0.830107 -1.701541
319674114 9.797865 -10.616684 -1.579793 6.514736 7.307908 -0.568420 -2.623824 -0.840833 -1.657827
339653697 13.677385 -18.038471 -1.546576 6.514736 7.307908 -0.568420 -2.647014 -0.840833 -1.657827
359633281 15.821157 -25.740040 0.586578 6.232112 7.562198 -0.379869 -2.698660 -0.880614 -1.631675
379612864 16.504030 -32.528534 3.773582 5.662057 8.004411 -0.202283 -2.703208 -0.954842 -1.606507
399592447 16.841667 -41.882820 3.310209 3.383613 9.199975 -0.286347 -2.740516 -1.217209 -1.655223
419572031 16.600197 -53.592144 1.328409 1.361111 9.698399 -0.508753 -3.018161 -1.422075 -1.928495
439551614 12.442678 -64.229195 1.855171 -1.364168 9.687594 -0.678192 1.003532 -1.414816 2.032159
459531197 4.973621 -73.555176 2.326624 -1.364168 9.687594 -0.678192 1.003532 -1.414816 2.032159
479510781 -5.132372 -82.643295 0.370572 -4.525628 8.667806 -0.747138 0.540394 -1.084073 1.734411
499490364 -19.518530 -88.934776 -2.797422 -7.474991 6.294543 -0.820757 0.434234 -0.696927 1.680159
519469947 -31.399796 -90.812408 -0.310974 -9.543603 -1.095085 -1.972513 1.159803 0.111901 1.774611
539449531 -44.575924 -84.481323 0.776447 -8.536917 -4.447143 -1.874663 1.482545 0.470669 1.786960
559429114 -56.225700 -65.637657 -5.261240 -7.164397 -6.566017 -1.314997 1.513284 0.733599 1.752322
579408697 -55.579922 -46.224960 -6.013028 -5.861262 -7.795525 -1.022630 1.993074 0.918880 1.743530
599388281 -50.046097 -35.372589 -3.682112 -5.861262 -7.795525 -1.022630 1.255106 0.918880 1.743530
619367864 -46.434544 -28.096813 3.203291 -3.817188 -9.012206 -0.616133 1.642908 1.165509 1.730826
639347447 -43.265831 -16.186584 5.998083 -3.817188 -9.012206 -0.616133 1.343575 1.165509 1.730826
659327031 -40.169884 -7.513701 0.393103 -3.173063 -9.278081 -0.138832 1.343630 1.240977 1.614522
679306614 -33.965691 -1.266112 -6.730371 -2.684581 -9.425602 0.348483 1.641772 1.291117 1.441709
699286197 -25.679169 2.705602 -6.954754 -2.684581 -9.425602 0.348483 1.399067 1.291117 1.441709
719265781 -18.165026 3.153816 -1.579591 -2.845479 -9.384756 -0.000773 1.265925 1.276404 1.571068
739245364 -13.170999 3.054178 3.366436 -2.845479 -9.384756 -0.000773 1.345134 1.276404 1.571068
759224947 -10.884983 3.332732 4.919455 -3.157032 -9.284405 -0.058028 1.200517 1.242974 1.589175
779204531 -9.245639 3.866828 3.575794 -3.157032 -9.284405 -0.058028 1.200517 1.242974 1.589175
799184114 -7.243891 3.016048 2.239962 -3.770397 -9.052627 0.066712 1.138189 1.176094 1.553105
819163697 -3.941806 0.811270 1.792212 -4.112530 -8.901307 0.155615 1.194264 1.137724 1.532975
839143281 0.276270 -0.631452 1.244248 -4.369413 -8.775243 0.271531 1.118610 1.108041 1.508733
859122864 2.575522 -1.555667 0.350333 -4.514799 -8.697105 0.383832 1.119446 1.090500 1.485984
879102447 2.651824 -1.171711 -0.044071 -4.606334 -8.643842 0.485879 1.322048 1.078874 1.465704
899082031 1.930995 -0.479261 -0.144733 -4.606334 -8.643842 0.485879 1.322048 1.078874 1.465704
919061614 2.250681 -0.520240 -0.542980 -4.761145 -8.548193 0.655958 1.265381 1.058606 1.433885
939041197 2.095626 -0.594359 -0.648326 -4.801941 -8.520931 0.710968 1.139362 1.052962 1.423806
959020781 1.570529 -0.154156 -0.763362 -4.801941 -8.520931 0.710968 1.139362 1.052962 1.423806
979000364 1.647354 0.240289 -0.629239 -4.872181 -8.478954 0.734545 1.197263 1.044379 1.421160
998979947 1.028560 0.262988 -0.059075 -4.909869 -8.457958 0.725617 1.182555 1.040133 1.424071
1018959531 0.297962 0.175128 0.609498 -4.963173 -8.425406 0.741514 1.186767 1.033611 1.422490
1038939114 0.229354 0.566662 0.759373 -4.963173 -8.425406 0.741514 1.186767 1.033611 1.422490
1058918697 0.367362 0.920941 0.747411 -5.031737 -8.380565 0.786224 1.212394 1.024741 1.415797
1078898333 0.603820 0.715754 0.234420 -5.188241 -8.264740 0.972944 1.145026 1.002407 1.385421
1098877968 0.748574 0.225428 -0.017424 -5.245763 -8.210522 1.113416 1.340893 0.992217 1.361650
1118857604 0.502848 0.065986 -1.011888 -5.296064 -8.160606 1.235557 1.323413 0.982974 1.341599
1138837239 0.354771 0.239470 -1.785029 -5.353189 -8.113614 1.297313 1.268116 0.974388 1.333036
1158816875 0.618896 0.154684 -1.924677 -5.406175 -8.081153 1.280091 1.339744 0.968520 1.338295
1178796510 0.108017 -0.074265 -1.148039 -5.463326 -8.050560 1.229201 1.305709 0.963035 1.349490
1198776145 -0.231833 0.079378 0.040300 -5.523109 -8.013875 1.201441 1.345338 0.956515 1.356603
1218755781 -0.156484 0.353617 0.762954 -5.581817 -7.969478 1.225204 1.395493 0.948703 1.354724
1238735416 0.163567 0.219754 0.886670 -5.636431 -7.919852 1.294978 1.254096 0.940071 1.344964
1258715052 0.516803 0.070903 0.382678 -5.636431 -7.919852 1.294978 1.342178 0.940071 1.344964
1278694687 0.513580 0.060169 -0.168406 -5.757980 -7.801656 1.466362 1.265470 0.919911 1.321431
1298674322 0.501263 0.102884 -0.566602 -5.757980 -7.801656 1.466362 1.285315 0.919911 1.321431
1318653958 0.857978 -0.559019 -0.246917 -5.848557 -7.724968 1.513160 1.216445 0.907111 1.317624
1338633593 2.531518 -1.433388 0.894243 -5.933696 -7.651206 1.555853 1.159951 0.894995 1.314363
1358613229 2.642889 -0.723104 1.262047 -5.922112 -7.636094 1.670045 1.418280 0.892535 1.295933
1378592864 0.925173 -0.492661 0.397651 -5.847371 -7.658575 1.823421 1.323873 0.896197 1.268516
1398572500 -0.549231 1.055685 -0.035801 -5.785396 -7.663931 1.990912 1.253324 0.897072 1.239363
1418552135 -0.676100 1.297035 -1.678128 -5.857579 -7.524904 2.288008 1.428847 0.874662 1.198414
1438531770 0.018093 0.829223 -3.092783 -5.934720 -7.453383 2.323050 1.355495 0.863365 1.197696
1458511406 0.677297 -0.181857 -2.791801 -5.986216 -7.424373 2.283481 1.215582 0.858825 1.206377
1478491041 1.295223 -0.684865 -1.856884 -6.006585 -7.431556 2.205292 1.260265 0.859947 1.218929
1498470677 0.435498 0.588923 -0.149688 -6.006585 -7.431556 2.205292 1.260265 0.859947 1.218929
