0 0.053239 0.056952 -0.240132 8.973948 -3.624012 1.582770 1.351723 0.378521 -1.396218
19979115 0.284125 0.065547 -0.079005 8.963755 -3.640365 1.602880 1.346681 0.380316 -1.393849
39958229 -0.030867 0.209405 -0.157638 8.966546 -3.638990 1.590342 1.314360 0.380165 -1.395258
59937344 -0.335507 0.255192 -0.359663 8.980162 -3.638112 1.513676 1.324860 0.380069 -1.403808
79916459 -0.403841 0.502042 -0.309762 8.979424 -3.646379 1.498083 1.324568 0.380977 -1.405484
99895573 -0.494000 0.991548 -0.175799 8.973004 -3.667555 1.484799 1.316679 0.383304 -1.406808
119874688 0.140665 1.352997 0.187319 8.972382 -3.689103 1.434316 1.333524 0.385674 -1.412279
139853802 1.606312 1.872124 0.390459 8.983170 -3.693957 1.351937 1.383419 0.386208 -1.421421
159832917 1.907273 3.515971 0.046177 8.983170 -3.693957 1.351937 1.368821 0.386208 -1.421421
179812032 3.907947 4.565638 -0.640034 8.957574 -3.803681 1.210067 1.215150 0.398317 -1.436520
199791146 9.374013 4.622146 -0.405496 8.957574 -3.803681 1.210067 1.388476 0.398317 -1.436520
219770261 12.695538 5.213506 0.138273 8.981390 -3.666617 1.435595 1.305421 0.383201 -1.412296
239749375 14.136617 5.383451 2.855487 8.981390 -3.666617 1.435595 1.368073 0.383201 -1.412296
259728490 18.793209 5.348308 3.877088 9.078954 -3.425499 1.417376 1.426802 0.356828 -1.415930
279707604 21.468008 3.912964 3.860698 9.393454 -2.473404 1.347477 1.191135 0.254971 -1.428320
299686719 25.270241 1.412472 6.473939 9.573671 -1.801419 1.126989 1.135780 0.184743 -1.453618
319665834 30.140112 -2.234163 4.782770 9.743634 -0.986616 0.508505 1.188902 0.100777 -1.518655
339644948 35.677177 -6.573679 -4.370681 9.805152 0.113051 -0.128870 1.264423 -0.011528 -1.583939
359624063 39.484257 -14.046262 -6.670036 9.679729 1.544122 -0.298209 1.192204 -0.158115 -1.601594
379603177 37.813362 -23.008808 0.286430 9.679729 1.544122 -0.298209 1.727227 -0.158115 -1.601594
399582292 31.580292 -30.913267 5.143298 8.529421 4.827482 0.338790 1.338798 -0.514691 -1.531097
419561407 30.571236 -37.012527 8.243727 7.399751 6.381577 0.830392 1.425069 -0.708558 -1.459045
439540521 31.280132 -43.371113 8.112685 5.792242 7.821467 1.202070 1.521973 -0.923252 -1.366170
459519636 27.673588 -48.479984 2.239359 5.792242 7.821467 1.202070 2.300773 -0.923252 -1.366170
479498750 22.275272 -51.718075 -3.863716 1.451764 9.575204 1.542155 2.066202 -1.353107 -0.755216
499477865 13.406912 -50.817932 -6.239116 -0.829266 9.645136 1.566543 -3.008616 -1.389053 0.486859
519456979 5.179694 -45.432732 -6.280694 -0.829266 9.645136 1.566543 -2.518793 -1.389053 0.486859
539436094 -4.074526 -38.149750 -10.288485 -2.925896 9.270509 1.291202 -2.076607 -1.238601 1.155200
559415209 -9.121512 -30.311708 -11.328083 -5.693018 7.961012 0.618242 -2.357054 -0.947223 1.462624
579394323 -9.365620 -24.320555 -7.307296 -6.401918 7.419330 0.373324 -2.307996 -0.858038 1.512548
599373438 -5.517998 -20.422459 -3.862782 -6.878695 6.987941 0.150406 -2.383754 -0.793157 1.548934
619352552 -2.757961 -17.399109 -2.088878 -7.226684 6.627964 -0.124551 -2.419514 -0.742137 1.588030
639331667 -2.900488 -15.188811 -0.182917 -7.226684 6.627964 -0.124551 -2.195195 -0.742137 1.588030
659310782 -2.943928 -12.984201 -0.094410 -7.478765 6.328545 -0.433573 -2.215021 -0.701458 1.628705
679289896 -3.327366 -10.599743 -1.875617 -7.776539 5.854506 -1.191879 -2.283440 -0.639748 1.722879
699269011 -4.950145 -8.329721 -3.975744 -7.813193 5.720343 -1.549860 -2.181332 -0.622801 1.766619
719248125 -5.417818 -6.239394 -5.467644 -7.813193 5.720343 -1.549860 -2.156934 -0.622801 1.766619
739227240 -3.805789 -4.497671 -5.045920 -7.783891 5.670120 -1.852342 -2.088548 -0.616510 1.804422
759206354 -2.535298 -3.091426 -3.252509 -7.741525 5.658363 -2.054774 -2.017566 -0.615042 1.830237
779185469 -1.831013 -2.057728 -1.474047 -7.729046 5.648301 -2.128126 -2.117458 -0.613786 1.839480
799164584 -1.415773 -1.163380 -1.424538 -7.818986 5.569603 -2.003337 -2.058940 -0.604003 1.821615
819143698 -1.725923 -0.285397 -3.130533 -7.818986 5.569603 -2.003337 -2.050871 -0.604003 1.821615
839122813 -1.774234 0.319324 -3.632151 -7.875828 5.538916 -1.860678 -2.024306 -0.600206 1.802794
859101927 -1.097271 0.626411 -2.107131 -7.895265 5.550740 -1.739101 -2.078971 -0.601667 1.787606
879081042 0.304513 0.796865 -1.158816 -7.872129 5.633528 -1.569499 -2.118786 -0.611944 1.767590
899060157 1.052845 0.776465 -1.088462 -7.869180 5.649929 -1.524694 -2.032289 -0.613989 1.762180
919039271 1.257012 0.448096 -1.005983 -7.884254 5.634961 -1.502050 -1.967656 -0.612123 1.759053
939018386 0.480213 0.123593 -0.529560 -7.884254 5.634961 -1.502050 -2.060251 -0.612123 1.759053
958997500 0.007828 -0.208530 -0.773829 -7.908712 5.610200 -1.465716 -1.981350 -0.609041 1.754046
978976615 -0.306065 -0.300069 -1.115987 -7.931402 5.597141 -1.391131 -2.005030 -0.607418 1.744426
998955729 -0.598114 -0.241511 -0.796846 -7.910405 5.623724 -1.403425 -2.020746 -0.610723 1.746384
1018934844 -0.427286 -0.331157 -0.291440 -7.910405 5.623724 -1.403425 -2.084328 -0.610723 1.746384
1038913959 -0.019227 -0.417703 0.152454 -7.883801 5.655573 -1.424978 -2.103048 -0.614693 1.749613
1058893073 -0.182901 -0.448795 0.609932 -7.871156 5.671102 -1.433142 -2.050129 -0.616633 1.750899
1078872188 -0.357110 -0.404911 0.338698 -7.871183 5.678885 -1.401831 -2.135265 -0.617606 1.747045
1098851302 -0.244708 -0.240093 -0.042599 -7.852069 5.719454 -1.342846 -2.065673 -0.622690 1.740176
1118830417 0.055486 -0.154598 0.059422 -7.822015 5.754444 -1.368523 -2.051864 -0.627089 1.744001
1138809532 0.109499 0.109279 0.103354 -7.784840 5.792827 -1.417681 -2.084802 -0.631931 1.750930
1158788646 0.535723 0.109662 0.030294 -7.747470 5.827351 -1.479558 -2.042819 -0.636301 1.759497
1178767761 0.630386 0.036580 0.371877 -7.714600 5.859182 -1.524903 -2.090968 -0.640343 1.765945
1198746875 0.941418 0.100101 0.172724 -7.692856 5.879412 -1.556557 -2.087078 -0.642918 1.770439
1218725990 0.723021 0.235700 -0.025851 -7.682028 5.888898 -1.574076 -2.072814 -0.644127 1.772902
1238705104 0.433421 0.130654 -0.351057 -7.680678 5.889163 -1.579663 -2.118591 -0.644161 1.773635
1258684219 0.153275 0.147132 -0.878405 -7.677949 5.891538 -1.584064 -2.029009 -0.644464 1.774255
1278663334 -0.370742 0.103419 -1.067420 -7.664379 5.909883 -1.581447 -2.080242 -0.646806 1.774278
1298642500 -0.831552 0.100161 -0.799700 -7.664379 5.909883 -1.581447 -2.053038 -0.646806 1.774278
1318621667 -0.629358 0.112063 -0.564288 -7.615124 5.983607 -1.541667 -1.996934 -0.656260 1.770545
1338600834 -0.337635 0.233248 -0.309323 -7.593494 6.019429 -1.508547 -2.080420 -0.660879 1.766906
1358580000 -0.293149 0.437511 0.061469 -7.578474 6.048651 -1.466608 -1.995409 -0.664659 1.761956
1378559167 -0.110078 0.544247 0.288047 -7.568353 6.070260 -1.429109 -2.051601 -0.667462 1.757426
1398538334 -0.311202 0.499422 0.576966 -7.552145 6.094651 -1.410930 -2.062959 -0.670632 1.755492
1418517500 -0.282243 0.443041 0.663554 -7.531504 6.121236 -1.406168 -2.030556 -0.674097 1.755376
1438496667 0.045818 0.278049 0.491106 -7.514227 6.142438 -1.406144 -2.068010 -0.676868 1.755788
1458475834 0.116972 0.052100 0.682195 -7.514227 6.142438 -1.406144 -2.055098 -0.676868 1.755788
1478455000 -0.315910 -0.060911 1.241543 -7.504461 6.153362 -1.410530 -2.083298 -0.678297 1.756588
1498434167 -0.711638 -0.357592 1.381515 -7.484878 6.160252 -1.482662 -2.183193 -0.679200 1.766352
