0 0.157399 -0.010023 -0.025280 -6.837587 -6.985148 0.790878 0.811134 0.792751 1.455642
19979584 0.114017 0.037844 -0.403655 -6.840674 -6.983716 0.776716 0.841214 0.792543 1.457737
39959167 0.052020 0.092315 -0.556915 -6.849270 -6.979431 0.738540 0.747921 0.791921 1.463384
59938750 -0.004601 0.101017 -0.434245 -6.857374 -6.976189 0.692534 0.650125 0.791450 1.470147
79918334 -0.120521 0.045546 -0.104360 -6.860161 -6.977111 0.654588 0.737827 0.791584 1.475666
99897917 -0.833211 0.152252 0.227289 -6.873518 -6.966371 0.628341 0.757642 0.790027 1.479635
119877500 -2.002937 0.482819 0.583751 -6.873518 -6.966371 0.628341 0.679225 0.790027 1.479635
139857084 -3.280902 1.264493 1.367314 -6.864890 -6.972275 0.656541 0.732347 0.790883 1.475449
159836667 -6.212277 1.358706 1.836841 -6.838921 -6.991746 0.717662 0.695507 0.793710 1.466241
179816250 -12.111052 1.686089 2.547893 -6.873809 -6.952353 0.765464 0.647722 0.787998 1.459894
199795834 -18.929543 4.087278 4.914053 -7.132496 -6.685498 0.775881 0.484114 0.750126 1.462441
219775417 -25.349333 6.048454 6.957312 -7.132496 -6.685498 0.775881 0.568717 0.750126 1.462441
239755000 -29.974104 2.519305 4.627374 -8.205903 -5.270121 1.029257 0.497152 0.567354 1.446019
259734584 -31.547726 -2.637945 -0.556602 -8.742122 -4.261913 1.257697 0.677725 0.449588 1.427910
279714167 -34.099613 -6.746111 -1.279750 -9.245203 -2.981191 1.345031 0.548769 0.308885 1.426326
299693750 -36.974678 -12.376825 1.968953 -9.621914 -1.367253 1.311406 0.551216 0.139877 1.435337
319673334 -35.773544 -21.458546 4.760734 -9.694314 0.395627 1.426236 0.372802 -0.040354 1.424723
339652917 -34.897072 -28.700094 4.424381 -9.694314 0.395627 1.426236 0.896937 -0.040354 1.424723
359632500 -33.967609 -34.627045 3.345186 -9.395441 2.216347 1.727389 0.768793 -0.227974 1.388973
379612084 -30.634333 -40.622860 0.850808 -7.719678 5.703050 2.013001 0.211032 -0.620632 1.315714
399591667 -29.562550 -44.798588 2.522666 -7.719678 5.703050 2.013001 0.444477 -0.620632 1.315714
419571250 -32.427006 -48.279743 2.751013 -4.690475 8.341444 2.142463 0.010795 -1.017107 1.142328
439550834 -31.988495 -52.473984 -2.073967 -2.635565 9.181151 2.220506 -0.275713 -1.211706 0.870663
459530417 -24.271938 -55.164379 -5.076755 -0.519939 9.578758 2.036528 -0.871812 -1.354791 0.249967
479510000 -18.292236 -51.903503 -2.751750 -0.519939 9.578758 2.036528 -0.692285 -1.354791 0.249967
499489584 -10.829065 -47.483994 -3.239578 3.531074 9.083960 1.087925 -2.398879 -1.184487 -1.271925
519469167 -3.058846 -41.611176 -3.956861 3.531074 9.083960 1.087925 -2.288594 -1.184487 -1.271925
539448750 1.791006 -34.890175 -4.700379 6.435879 7.398638 0.099987 -2.706448 -0.854817 -1.555262
559428334 4.699325 -29.854115 -5.401062 6.435879 7.398638 0.099987 -2.708800 -0.854817 -1.555262
579407917 6.724238 -25.453680 -4.419477 8.052043 5.575561 -0.498115 -2.713356 -0.604741 -1.632580
599387500 7.810417 -21.428139 -3.598352 8.506155 4.832273 -0.681803 -2.796245 -0.515253 -1.650779
619367084 7.711787 -17.793316 -2.931039 8.818133 4.217645 -0.788919 -2.779383 -0.444582 -1.660024
639346667 7.304991 -14.654654 -2.419604 9.037265 3.712177 -0.847330 -2.773550 -0.388215 -1.664283
659326250 7.291789 -12.457436 -2.765940 9.187819 3.317644 -0.864649 -2.790308 -0.345116 -1.664628
679305834 7.662923 -11.017687 -2.085089 9.281063 3.053029 -0.843376 -2.813359 -0.316584 -1.661418
699285365 6.858776 -9.353449 -0.509695 9.281063 3.053029 -0.843376 -2.736951 -0.316584 -1.661418
719264896 6.053416 -7.662360 -0.179172 9.331483 2.900311 -0.825841 -2.752032 -0.300240 -1.659067
739244427 5.869186 -5.795907 -0.907544 9.336781 2.871081 -0.867076 -2.824101 -0.297121 -1.663397
759223959 4.810488 -4.259075 -1.148458 9.336781 2.871081 -0.867076 -2.841627 -0.297121 -1.663397
779203490 3.772965 -3.048940 -0.925643 9.305061 2.961310 -0.903800 -2.763912 -0.306758 -1.667623
799183021 2.939281 -2.165533 -1.006680 9.214828 3.230997 -0.904425 -2.764130 -0.335742 -1.668632
819162552 2.184722 -1.424036 -1.581477 9.149714 3.407249 -0.918572 -2.812874 -0.354843 -1.670855
839142084 1.285917 -0.241248 -1.761343 9.149714 3.407249 -0.918572 -2.791074 -0.354843 -1.670855
859121615 0.382737 0.488900 -2.123275 9.072415 3.593315 -0.974566 -2.788982 -0.375154 -1.677807
879101146 0.540213 0.861425 -2.961735 8.918306 3.934419 -1.074501 -2.768799 -0.412826 -1.690701
899080677 0.485643 1.448707 -1.529171 8.918306 3.934419 -1.074501 -2.827403 -0.412826 -1.690701
919060209 -0.299551 1.379292 0.485605 8.804239 4.207111 -0.977738 -2.828473 -0.443392 -1.681396
939039740 0.133411 0.588349 0.797405 8.746778 4.325253 -0.977983 -2.838340 -0.456772 -1.682145
959019271 0.611085 -0.206876 0.257959 8.746778 4.325253 -0.977983 -2.866754 -0.456772 -1.682145
978998802 0.287878 -0.449743 -0.044994 8.595531 4.598701 -1.067322 -2.814637 -0.488087 -1.694336
998978334 -0.413105 -0.225134 -0.382009 8.539834 4.703878 -1.056004 -2.833500 -0.500270 -1.693828
1018957865 -0.634430 -0.244066 0.019164 8.539834 4.703878 -1.056004 -2.785504 -0.500270 -1.693828
1038937396 0.365726 -0.953048 0.422316 8.462046 4.848799 -1.026314 -2.799065 -0.517190 -1.691491
1058916927 1.247746 -1.306066 0.439109 8.395813 4.954842 -1.063140 -2.816075 -0.529675 -1.696753
1078896459 1.236174 -1.230537 0.389475 8.307481 5.088211 -1.125275 -2.823052 -0.545509 -1.705430
1098875990 0.655535 -0.463367 0.255031 8.307481 5.088211 -1.125275 -2.832050 -0.545509 -1.705430
1118855521 0.195823 0.190842 0.318345 8.218490 5.219987 -1.174120 -2.854491 -0.561304 -1.712699
1138835052 0.308324 0.202590 -0.173289 8.060407 5.445040 -1.245702 -2.849510 -0.588651 -1.724129
1158814584 0.288744 0.429855 -0.985793 8.060407 5.445040 -1.245702 -2.822986 -0.588651 -1.724129
1178794115 0.256227 0.567787 -1.531217 7.916224 5.661794 -1.203277 -2.815251 -0.615470 -1.721643
1198773646 0.053666 0.536831 -0.799130 7.916224 5.661794 -1.203277 -2.852354 -0.615470 -1.721643
1218753177 -0.476805 0.551934 0.569981 7.796620 5.854387 -1.053216 -2.851199 -0.639733 -1.705070
1238732709 -0.865770 0.759755 0.353815 7.796620 5.854387 -1.053216 -2.862523 -0.639733 -1.705070
1258712240 -0.906212 0.742598 0.461616 7.757695 5.950736 -0.759808 -2.853559 -0.652036 -1.668427
1278691771 -0.450169 0.417813 1.337864 7.757695 5.950736 -0.759808 -2.892589 -0.652036 -1.668427
1298671302 -0.153748 0.357660 1.284616 7.732910 5.994649 -0.660829 -2.847067 -0.657682 -1.656046
1318650834 -0.268995 0.743986 0.320005 7.653985 6.096927 -0.643726 -2.858857 -0.670929 -1.654702
1338630365 -0.270743 0.826196 0.062167 7.625010 6.134577 -0.629744 -2.851714 -0.675840 -1.653199
1358609896 0.032823 0.812712 0.011440 7.606303 6.161480 -0.592200 -2.866356 -0.679361 -1.648496
1378589427 0.225879 0.766809 0.230397 7.592417 6.181939 -0.556074 -2.883606 -0.682046 -1.643906
1398568959 0.288813 0.360340 0.539875 7.575299 6.204393 -0.539199 -2.813147 -0.684999 -1.641855
1418548490 0.377815 0.112355 0.606709 7.551470 6.231670 -0.558543 -2.833046 -0.688596 -1.644627
1438528021 -0.134832 0.283387 0.070215 7.531514 6.252596 -0.593062 -2.855438 -0.691362 -1.649378
1458507552 -0.120562 0.230018 -0.628630 7.516484 6.267733 -0.623205 -2.907175 -0.693368 -1.653519
1478487084 0.095916 0.074054 -0.766800 7.516484 6.267733 -0.623205 -2.893689 -0.693368 -1.653519
