0 -0.424520 0.071040 0.054249 -7.129642 6.632668 -1.160302 -2.139443 -0.742788 1.732125
19979219 -0.444901 0.131500 0.354956 -7.129642 6.632668 -1.160302 -2.235176 -0.742788 1.732125
39958437 0.107908 0.113927 0.736107 -7.117393 6.647725 -1.149288 -2.187952 -0.744874 1.730890
59937656 0.442086 0.116937 0.940275 -7.109917 6.656080 -1.147198 -2.196122 -0.746034 1.730769
79916875 0.190762 0.156605 0.634672 -7.114844 6.649427 -1.155210 -2.130249 -0.745110 1.731758
99896094 -0.283382 0.178058 0.228609 -7.136246 6.620961 -1.186282 -2.155004 -0.741168 1.735523
119875260 -0.855077 0.265277 0.005513 -7.136246 6.620961 -1.186282 -2.185591 -0.741168 1.735523
139854427 -1.123530 0.139855 -0.012194 -7.131712 6.622064 -1.207201 -2.219392 -0.741321 1.738479
159833594 -1.345469 -0.091802 0.725284 -7.118545 6.634289 -1.217753 -2.127235 -0.743012 1.740224
179812760 -1.847621 -0.371976 1.803928 -7.049103 6.700133 -1.260460 -2.111160 -0.752168 1.747738
199791927 -2.112781 -0.398118 2.564995 -7.049103 6.700133 -1.260460 -2.175840 -0.752168 1.747738
219771094 -1.726835 -0.499073 1.954187 -6.971955 6.766783 -1.331487 -2.065033 -0.761516 1.759502
239750260 -0.303553 -0.704404 0.343155 -6.776591 6.915035 -1.559003 -1.975801 -0.782617 1.796919
259729427 0.540548 -0.800506 -0.917024 -6.698264 6.966321 -1.665539 -1.953289 -0.790020 1.814506
279708594 0.408971 -0.607711 -1.162423 -6.698264 6.966321 -1.665539 -2.011826 -0.790020 1.814506
299687760 0.528313 -0.639299 -0.987185 -6.603043 7.025170 -1.793655 -1.932281 -0.798583 1.836037
319666927 0.513055 -0.912331 -1.122055 -6.600032 7.027997 -1.793662 -1.915290 -0.798996 1.836153
339646094 0.153837 -1.441386 -1.421090 -6.612785 7.018765 -1.782808 -1.882046 -0.797647 1.834135
359625260 -0.750260 -2.241306 -1.542849 -6.645967 6.997409 -1.742918 -1.958868 -0.794534 1.827273
379604427 -3.142406 -3.202212 -1.625852 -6.697222 6.990062 -1.567366 -1.878037 -0.793465 1.800691
399583594 -5.922876 -7.256369 -2.222406 -6.746771 7.008662 -1.236984 -1.996159 -0.796173 1.752127
419562760 -11.931057 -14.150281 0.483872 -6.715429 7.098603 -0.826583 -1.923803 -0.809375 1.693267
439541927 -22.436710 -21.613453 4.674898 -6.370884 7.435358 -0.545592 -1.876850 -0.860541 1.656226
459521094 -28.462608 -31.029819 3.794770 -5.510090 8.100463 -0.437942 -1.872563 -0.972005 1.650110
479500260 -23.606314 -39.678909 1.392091 -5.510090 8.100463 -0.437942 -2.101679 -0.972005 1.650110
499479427 -12.337667 -46.712364 2.796173 -2.189252 9.503159 -1.033224 -1.425580 -1.321363 2.011755
519458594 -2.861140 -51.531410 3.578397 -0.032863 9.664775 -1.661752 -0.153710 -1.400489 3.121819
539437760 3.331108 -53.937153 2.476152 2.129442 9.251589 -2.458445 0.679970 -1.232735 -2.427783
559416927 5.258702 -56.206612 1.018285 4.166142 8.172935 -3.466518 0.952013 -0.985245 -2.264788
579396094 10.893059 -57.627476 -3.259634 6.014234 6.452724 -4.285060 1.211124 -0.718153 -2.189853
599375260 16.054161 -56.942440 -3.594356 7.546743 4.246171 -4.602941 1.474298 -0.447806 -2.118481
619354427 19.638376 -54.713329 1.898661 8.401603 1.666291 -4.775660 1.630488 -0.170743 -2.087673
639333594 24.162643 -49.868271 0.757913 8.490984 -1.024312 -4.798371 1.701109 0.104642 -2.085169
659312760 27.888660 -46.643475 -16.025732 8.490984 -1.024312 -4.798371 1.144209 0.104642 -2.085169
679291927 30.357306 -40.091942 -23.090012 8.097346 -3.285541 -4.450685 1.230462 0.341639 -2.073369
699271094 31.252363 -32.475906 -14.629424 6.816981 -6.202480 -3.350880 1.752889 0.684747 -2.027660
719250312 30.857315 -29.566229 -13.669384 6.816981 -6.202480 -3.350880 1.390889 0.684747 -2.027660
739229531 35.616272 -25.735468 -8.053249 5.025205 -7.879835 -2.970841 1.539804 0.933184 -2.104711
759208750 41.907764 -16.331776 -6.502269 5.025205 -7.879835 -2.970841 1.539804 0.933184 -2.104711
779187969 42.548203 -7.174197 -8.107543 4.352180 -8.457493 -2.387408 1.701420 1.040040 -2.072529
799167187 37.005993 -0.849889 -3.666244 4.428949 -8.489207 -2.118531 1.737975 1.046463 -2.016964
819146406 28.606064 2.864324 -1.879351 4.573178 -8.467001 -1.888475 1.735777 1.041958 -1.962413
839125625 21.310349 5.906108 -2.197334 4.573178 -8.467001 -1.888475 1.714786 1.041958 -1.962413
859104844 13.926888 6.896894 -2.529555 4.763520 -8.406210 -1.677765 1.662771 1.029798 -1.909440
879084062 7.869953 7.036257 -3.190479 4.927281 -8.343692 -1.508342 1.533511 1.017543 -1.867859
899063281 5.541740 5.743286 -4.213125 5.125292 -8.254611 -1.327847 1.547078 1.000491 -1.824300
919042500 5.607723 4.304862 -4.259833 5.125292 -8.254611 -1.327847 1.482057 1.000491 -1.824300
939021719 4.833147 2.740964 -3.401503 5.423696 -8.044002 -1.431067 1.473793 0.961865 -1.828771
959000937 2.146972 1.165609 -2.213849 5.423696 -8.044002 -1.431067 1.643498 0.961865 -1.828771
978980156 -0.531910 -0.069303 -0.934955 5.591890 -7.912678 -1.513506 1.547197 0.938832 -1.835124
998959375 -1.743633 -0.620189 0.016020 5.708680 -7.812298 -1.596673 1.498415 0.921704 -1.843520
1018938594 -1.646275 -0.604431 0.498989 5.779331 -7.744969 -1.668884 1.554836 0.910429 -1.851917
1038917812 -1.334802 -0.558990 0.554036 5.839793 -7.688345 -1.719467 1.581567 0.901072 -1.857144
1058897031 -1.546779 -0.474710 0.630203 5.905988 -7.627483 -1.763856 1.504019 0.891137 -1.861019
1078876250 -1.552660 -0.795335 0.763678 6.041532 -7.495934 -1.865813 1.505025 0.870068 -1.870335
1098855469 -1.959167 -1.198762 0.843553 6.093289 -7.436438 -1.934322 1.574498 0.860710 -1.878186
1118834687 -2.288998 -1.128670 1.055356 6.136751 -7.386614 -1.987109 1.522270 0.852951 -1.883947
1138813906 -2.697058 -0.694206 1.250342 6.165143 -7.357892 -2.005702 1.612792 0.848510 -1.885326
1158793125 -2.952513 -0.450585 1.043495 6.162640 -7.363526 -1.992671 1.540752 0.849379 -1.883533
1178772344 -2.872411 -0.077308 0.654353 6.118492 -7.402534 -1.984174 1.584002 0.855423 -1.884387
1198751562 -1.432260 -0.257864 0.751046 6.118492 -7.402534 -1.984174 1.487030 0.855423 -1.884387
1218730781 -0.384858 -0.010202 1.026412 6.062421 -7.444337 -1.999820 1.508818 0.861947 -1.889428
1238710000 0.251353 -0.064197 1.009711 5.987372 -7.480586 -2.088687 1.539029 0.867644 -1.906445
1258689219 -0.059804 0.003422 0.803822 5.969138 -7.481913 -2.135591 1.398605 0.867853 -1.914378
1278668437 -0.339088 0.028856 0.653869 5.948329 -7.489396 -2.167194 1.541682 0.869034 -1.920186
1298647656 -0.623904 0.091123 0.568110 5.948329 -7.489396 -2.167194 1.516334 0.869034 -1.920186
1318626875 -0.273034 0.165967 0.673974 5.914848 -7.510151 -2.186911 1.553671 0.872319 -1.924941
1338606094 0.226108 0.349579 0.728395 5.882433 -7.537997 -2.178523 1.555166 0.876746 -1.925479
1358585312 0.667298 0.376775 0.249942 5.867884 -7.576180 -2.083221 1.495597 0.882856 -1.911937
1378564531 0.658166 0.498787 -0.414523 5.867884 -7.576180 -2.083221 1.600638 0.882856 -1.911937
1398543750 0.361995 0.371415 -0.453488 5.885804 -7.573335 -2.042620 1.526793 0.882399 -1.904833
1418522969 0.350893 0.297673 0.016280 5.898865 -7.565849 -2.032655 1.593255 0.881199 -1.902638
1438502187 0.486204 0.380056 0.661056 5.909726 -7.554785 -2.042244 1.638385 0.879427 -1.903522
1458481406 0.348782 0.390282 0.677176 5.932295 -7.537567 -2.040433 1.461899 0.876678 -1.902074
1478460625 -0.004005 0.279076 0.310641 5.968774 -7.515738 -2.014399 1.551292 0.873205 -1.896283
1498439844 -0.118748 0.122915 0.160066 6.033527 -7.485795 -1.931272 1.468157 0.868466 -1.880581
