0 -0.588934 0.343790 0.058958 6.929467 6.682140 -1.871333 -2.799261 -0.749658 -1.834559
19979844 -0.441813 0.445067 -0.596835 6.929467 6.682140 -1.871333 -2.821324 -0.749658 -1.834559
39959687 -0.242935 0.353418 -0.588718 6.941863 6.676301 -1.846057 -2.872686 -0.748845 -1.830712
59939531 -0.034490 0.286005 -0.162783 6.941863 6.676301 -1.846057 -2.803772 -0.748845 -1.830712
79919375 0.205666 0.293024 0.105763 6.927283 6.682229 -1.879079 -2.811620 -0.749671 -1.835680
99899219 0.470556 0.291576 -0.446724 6.928505 6.681562 -1.876947 -2.806998 -0.749578 -1.835349
119879062 0.439205 0.349110 -0.737243 6.938302 6.679153 -1.849127 -2.829283 -0.749242 -1.831252
139858906 0.249484 0.320825 -0.130420 6.944505 6.677248 -1.832648 -2.856445 -0.748977 -1.828813
159838750 0.328280 0.005555 0.156654 6.944505 6.677248 -1.832648 -2.826755 -0.748977 -1.828813
179818594 0.242856 -0.100098 0.384837 6.941615 6.680412 -1.832067 -2.838727 -0.749417 -1.828838
199798437 0.298391 -0.206806 0.466603 6.940685 6.680557 -1.835060 -2.832856 -0.749438 -1.829274
219778281 0.244855 -0.346804 0.604952 6.952335 6.672297 -1.820955 -2.844025 -0.748288 -1.826962
239758125 0.465842 -0.737503 0.460611 6.973052 6.654699 -1.806081 -2.804495 -0.745842 -1.824236
259737969 0.931047 -1.452694 0.685789 7.041836 6.593604 -1.762759 -2.796040 -0.737393 -1.816082
279717812 1.747738 -2.602879 1.139879 7.090237 6.548090 -1.738230 -2.865798 -0.731141 -1.811213
299697656 3.153728 -3.802746 1.149604 7.090237 6.548090 -1.738230 -2.803795 -0.731141 -1.811213
319677500 5.609464 -5.931085 0.348555 7.137758 6.498686 -1.729125 -2.752023 -0.724394 -1.808468
339657344 9.490511 -10.015261 -0.331097 7.163500 6.470582 -1.728066 -2.766168 -0.720573 -1.807506
359637187 14.616642 -15.521874 2.043160 7.114138 6.534780 -1.689994 -2.770240 -0.729319 -1.804027
379617031 17.698622 -20.522497 1.815722 6.886351 6.771093 -1.703192 -2.800839 -0.762124 -1.813259
399596875 16.935137 -25.309761 0.082859 6.420988 7.209020 -1.723754 -2.873521 -0.825837 -1.833069
419576719 18.285995 -34.236320 2.702478 5.695348 7.803235 -1.686100 -2.882849 -0.920176 -1.858624
439556562 18.915245 -47.474937 7.303472 2.743413 9.229674 -1.859352 -3.005938 -1.226061 -2.166434
459536406 13.703517 -57.467297 8.128129 0.374020 9.578522 -2.069400 2.502911 -1.354679 -2.962785
479516250 6.479256 -62.167526 4.500066 -2.321873 9.277966 -2.167634 1.629315 -1.240941 2.321852
499496094 2.470999 -70.163582 4.440392 -2.321873 9.277966 -2.167634 1.283912 -1.240941 2.321852
519475937 -4.682634 -80.351082 9.506444 -7.745276 5.831348 -1.475285 1.354454 -0.636808 1.759017
539455781 -14.369219 -89.908646 15.197959 -9.424364 2.536832 -0.957196 1.731456 -0.261660 1.672015
559435625 -25.074268 -91.785645 17.554337 -9.710889 -1.142101 -0.751432 2.032111 0.116727 1.648023
579415521 -33.796745 -86.393921 16.569403 -9.710889 -1.142101 -0.751432 1.192220 0.116727 1.648023
599395417 -42.648094 -75.397514 6.905607 -8.746576 -4.423884 -0.311497 1.590827 0.468009 1.606395
619375312 -46.154625 -59.646126 2.018154 -5.312407 -8.215740 0.671056 2.365355 0.993190 1.445143
639355208 -44.921852 -51.508911 1.889701 -3.670691 -9.075816 0.570936 2.433969 1.182289 1.416494
659335104 -45.583279 -42.912926 6.121031 -2.234860 -9.537893 0.452081 1.869493 1.336141 1.371203
679315000 -46.579166 -29.802797 17.355015 -2.234860 -9.537893 0.452081 1.522796 1.336141 1.371203
699294896 -44.366688 -18.433266 17.861551 -0.387146 -9.729983 1.161006 2.727058 1.445672 0.321862
719274792 -40.838322 -11.209558 4.592488 -0.387146 -9.729983 1.161006 2.306449 1.445672 0.321862
739254687 -34.885582 -5.111971 -5.044412 0.106552 -9.691078 1.497342 2.800884 1.417119 -0.071041
759234583 -28.310064 -0.037395 -7.609165 0.605127 -9.671402 1.506052 2.934935 1.404523 -0.382055
779214479 -25.114767 4.522529 -4.743022 0.605127 -9.671402 1.506052 3.133119 1.404523 -0.382055
799194375 -23.328606 6.737111 -0.078577 0.236247 -9.710638 1.348357 2.962673 1.430750 -0.173450
819174271 -19.949373 5.601091 3.580099 -0.290622 -9.713557 1.316336 2.555678 1.432898 0.217295
839154167 -13.818333 2.256195 5.015628 -0.290622 -9.713557 1.316336 2.557811 1.432898 0.217295
859134062 -6.201501 -1.171126 4.125399 -0.902191 -9.673166 1.336518 2.179919 1.405615 0.593771
879113958 -0.306978 -2.883903 0.729018 -1.917612 -9.496682 1.518612 1.710667 1.318702 0.900996
899093854 3.236037 -2.488847 -2.827505 -2.324573 -9.406706 1.510176 1.598262 1.284219 0.994662
919073750 5.111641 -2.413066 -2.927434 -2.324573 -9.406706 1.510176 1.751682 1.284219 0.994662
939053646 5.955948 -2.645133 -1.661901 -2.677180 -9.326269 1.422599 1.696762 1.256502 1.082361
959033542 5.873771 -2.505516 0.272173 -3.140868 -9.224805 1.099224 1.438804 1.224595 1.234144
979013437 5.351255 -0.757825 1.829133 -3.140868 -9.224805 1.099224 1.578310 1.224595 1.234144
998993333 4.813022 -0.925744 2.101773 -3.405752 -9.148458 0.936459 1.460084 1.202336 1.302464
1018973229 2.713778 0.129889 1.175714 -3.405752 -9.148458 0.936459 1.551945 1.202336 1.302464
1038953125 2.304203 0.143145 -0.553024 -3.661652 -9.066735 0.746318 1.445263 1.179852 1.369730
1058933021 3.150100 -0.734701 1.413057 -3.783672 -9.022017 0.676318 1.251389 1.168054 1.393918
1078912917 4.069485 -1.612863 1.978272 -3.842520 -8.997785 0.667297 1.310237 1.161796 1.398850
1098892812 4.149642 -1.361935 1.262068 -3.832705 -9.000768 0.683325 1.392310 1.162561 1.394362
1118872708 2.947864 -1.077106 0.583808 -3.832705 -9.000768 0.683325 1.434223 1.162561 1.394362
1138852604 1.488574 0.193027 0.435043 -3.727216 -9.038883 0.759500 1.530320 1.172465 1.369777
1158832500 0.717845 0.632616 -0.503516 -3.727216 -9.038883 0.759500 1.446658 1.172465 1.369777
1178812396 0.087438 0.662159 -1.010502 -3.645834 -9.068535 0.799970 1.473853 1.180334 1.354799
1198792292 -0.114804 0.592376 -1.102422 -3.627631 -9.077724 0.778196 1.587830 1.182803 1.359480
1218772187 -0.122729 0.750963 -0.300416 -3.621263 -9.081180 0.767478 1.399121 1.183736 1.361950
1238752083 0.028455 0.764840 -0.176830 -3.615956 -9.083961 0.759539 1.650191 1.184488 1.363754
1258731979 0.118276 0.388782 -0.188628 -3.615956 -9.083961 0.759539 1.453833 1.184488 1.363754
1278711875 -0.348617 0.481631 0.089071 -3.591143 -9.095845 0.734639 1.477660 1.187717 1.369011
1298691771 -0.447578 0.604660 0.110921 -3.602554 -9.091527 0.732212 1.440178 1.186541 1.370280
1318671667 0.032169 0.426617 -0.267040 -3.613086 -9.088107 0.722708 1.360363 1.185612 1.373377
1338651562 0.192574 0.554176 -0.325320 -3.625521 -9.084517 0.705359 1.568980 1.184638 1.378643
1358631458 0.163088 0.613594 -0.136448 -3.639690 -9.080037 0.689902 1.473603 1.183427 1.383469
1378611354 0.023146 0.668502 0.084966 -3.662749 -9.071166 0.684545 1.432420 1.181040 1.386034
1398591250 0.272141 0.669813 -0.151789 -3.686852 -9.061923 0.677535 1.443705 1.178567 1.389054
1418571146 0.625380 0.515663 -0.260206 -3.705277 -9.055194 0.666907 1.473109 1.176775 1.392715
1438551042 0.664041 0.272990 -0.299680 -3.720308 -9.049942 0.654416 1.470891 1.175382 1.396674
1458530937 0.382292 0.201690 -0.121224 -3.740156 -9.042814 0.639624 1.386443 1.173500 1.401420
1478510833 0.464398 0.314726 -0.017093 -3.764592 -9.033856 0.622633 1.432261 1.171146 1.406888
1498490729 0.501467 0.320676 0.092297 -3.764592 -9.033856 0.622633 1.436545 1.171146 1.406888
