0 0.187231 -0.034325 0.085470 7.211768 -6.622679 0.548564 1.312058 0.741406 -1.494877
19979167 -0.055447 0.021276 -0.055591 7.227152 -6.610466 0.490293 1.321627 0.739718 -1.503060
39958333 -0.302243 0.094538 -0.059582 7.227152 -6.610466 0.490293 1.350704 0.739718 -1.503060
59937500 -0.393388 0.173987 -0.049140 7.227518 -6.612211 0.460459 1.321330 0.739959 -1.507173
79916667 -0.210325 0.198083 -0.071415 7.227518 -6.612211 0.460459 1.363387 0.739959 -1.507173
99895833 -0.199481 0.227725 0.168067 7.222863 -6.618056 0.449411 1.355735 0.740767 -1.508656
119875000 -0.160523 0.171529 0.479030 7.217959 -6.624651 0.430624 1.339661 0.741678 -1.511207
139854167 -0.063706 0.130929 0.673404 7.213390 -6.631380 0.402734 1.364984 0.742609 -1.515023
159833333 0.161454 0.304368 0.649555 7.203595 -6.644866 0.352658 1.318089 0.744478 -1.521880
179812500 0.231040 0.660370 0.599189 7.203595 -6.644866 0.352658 1.367127 0.744478 -1.521880
199791667 0.542873 0.836978 0.474586 7.192589 -6.656645 0.355129 1.323699 0.746112 -1.521462
219770833 1.140484 1.451520 -0.389536 7.100050 -6.743635 0.532043 1.345000 0.758260 -1.496001
239750000 3.218119 1.993683 -1.619638 7.032505 -6.807834 0.606344 1.259942 0.767316 -1.484789
259729167 6.702996 2.783857 -0.020529 7.001732 -6.845005 0.540407 1.312694 0.772595 -1.493767
279708333 11.480955 3.036810 2.937563 7.034839 -6.813085 0.513127 1.241895 0.768060 -1.497984
299687500 15.832434 2.265339 2.058377 7.110774 -6.731984 0.536368 1.240465 0.756625 -1.495509
319666667 19.869633 1.408497 -0.694496 7.110774 -6.731984 0.536368 1.285524 0.756625 -1.495509
339645833 27.474092 0.648798 -0.784417 7.254699 -6.584537 0.428482 1.425632 0.736145 -1.511802
359625000 35.111786 -3.353760 1.883849 8.185658 -5.379890 0.471346 1.268383 0.580684 -1.513278
379604167 35.244900 -11.488308 3.291751 8.185658 -5.379890 0.471346 1.686752 0.580684 -1.513278
399583333 30.401089 -19.398979 3.781475 9.265487 -2.862345 1.458809 1.381108 0.296190 -1.414633
419562500 28.957512 -25.204948 5.180715 9.516300 -1.356454 1.941770 1.342887 0.138765 -1.369513
439541667 31.444950 -31.151762 4.862404 9.516300 -1.356454 1.941770 2.032378 0.138765 -1.369513
459520833 33.530296 -39.149628 2.524716 9.099256 2.265219 2.871012 1.622506 -0.233093 -1.265161
479500000 32.673275 -47.310749 1.377626 9.099256 2.265219 2.871012 2.226099 -0.233093 -1.265161
499479167 29.940718 -53.856533 2.738654 6.858321 6.089661 3.471290 1.858589 -0.669983 -1.102247
519458333 26.238798 -59.416191 3.886575 5.081354 7.735599 3.242029 2.092863 -0.908873 -1.002886
539437500 21.807371 -60.818581 -0.425430 5.081354 7.735599 3.242029 2.521006 -0.908873 -1.002886
559416667 16.343363 -57.961979 -7.095432 0.541930 9.487397 2.421979 2.848053 -1.314934 -0.220129
579395833 8.115273 -51.856224 -9.308229 0.541930 9.487397 2.421979 -2.990093 -1.314934 -0.220129
599375000 0.051112 -43.209747 -8.910375 -1.765079 9.448632 1.943767 -2.266459 -1.299754 0.737257
619354167 -3.222191 -36.322655 -8.298282 -5.255097 8.258655 0.590740 -2.213429 -1.001255 1.458853
639333333 -5.930139 -32.742043 -9.535522 -6.455710 7.377967 0.244536 -2.228457 -0.851612 1.532935
659312500 -8.613745 -29.742313 -7.563388 -7.316940 6.522401 0.301780 -2.319099 -0.727627 1.529576
679291667 -8.139034 -24.965443 -2.679598 -7.316940 6.522401 0.301780 -2.054340 -0.727627 1.529576
699270833 -7.504249 -20.602076 -0.730229 -8.237342 5.310956 0.332145 -2.148182 -0.572300 1.530496
719250000 -8.416563 -17.639683 -1.376089 -8.237342 5.310956 0.332145 -1.980029 -0.572300 1.530496
739229167 -8.121665 -15.531413 -3.207512 -8.461232 4.932417 -0.499203 -2.175704 -0.527028 1.629727
759208333 -5.783287 -13.439985 -5.283188 -8.461232 4.932417 -0.499203 -2.074368 -0.527028 1.629727
779187500 -4.647001 -10.677185 -7.267129 -8.423126 4.923323 -0.991078 -2.123277 -0.525955 1.687919
799166667 -4.487684 -7.165200 -7.614794 -8.362046 4.945916 -1.335847 -2.052019 -0.528621 1.729209
819145833 -4.697677 -4.395393 -6.795709 -8.303394 4.991567 -1.519307 -2.127220 -0.534020 1.751769
839125000 -4.289710 -2.354547 -6.202681 -8.233123 5.077099 -1.615288 -2.049904 -0.544184 1.764529
859104115 -3.303050 -1.192070 -5.097799 -7.985755 5.405307 -1.783467 -2.042466 -0.583787 1.790522
879083229 -2.133058 -0.520553 -2.988293 -7.985755 5.405307 -1.783467 -2.095292 -0.583787 1.790522
899062344 -0.091186 -0.000852 -1.465139 -7.684349 5.821636 -1.797149 -2.045932 -0.635577 1.800538
919041458 1.335278 0.848933 -0.667701 -7.684349 5.821636 -1.797149 -2.068818 -0.635577 1.800538
939020573 1.754791 1.435987 -0.094141 -7.596555 5.967955 -1.687082 -2.101846 -0.654247 1.789335
958999688 1.446375 1.391536 -0.219391 -7.552126 6.059816 -1.553841 -2.009847 -0.666106 1.773713
978978802 0.319483 1.112994 -0.533326 -7.526630 6.115736 -1.455336 -2.008821 -0.673380 1.761798
998957917 -0.465280 0.838860 -0.283711 -7.408217 6.269449 -1.408084 -2.007627 -0.693595 1.758626
1018937031 -0.875284 0.536833 0.722210 -7.408217 6.269449 -1.408084 -2.113604 -0.693595 1.758626
1038916146 -0.370914 0.435218 1.289131 -7.304045 6.393911 -1.392560 -2.045971 -0.710216 1.759191
1058895260 1.014984 0.358165 1.079299 -7.196315 6.520847 -1.364553 -2.023476 -0.727415 1.758190
1078874375 1.218327 0.295769 0.339013 -7.111995 6.616424 -1.346429 -1.981580 -0.740541 1.757900
1098853490 0.792847 0.260117 -0.146679 -7.048311 6.687568 -1.329718 -2.031775 -0.750415 1.757262
1118832604 0.716723 0.332713 -0.097000 -6.991844 6.749769 -1.313440 -2.039852 -0.759122 1.756485
1138811719 0.952844 0.541629 -0.012591 -6.907660 6.845970 -1.259888 -1.992558 -0.772733 1.751203
1158790833 0.665535 0.538913 0.045323 -6.873868 6.883369 -1.240791 -1.838579 -0.778073 1.749382
1178769948 0.023704 0.668695 0.374937 -6.873868 6.883369 -1.240791 -2.020940 -0.778073 1.749382
1198749063 -0.027005 0.739340 0.587362 -6.794570 6.964238 -1.226208 -1.932792 -0.789718 1.749343
1218728177 0.120811 0.771684 0.096310 -6.794570 6.964238 -1.226208 -2.044261 -0.789718 1.749343
1238707292 0.079788 0.750689 -0.270272 -6.733822 7.032292 -1.171707 -1.911923 -0.799624 1.743075
1258686406 0.344912 0.753969 0.128140 -6.709986 7.062115 -1.128275 -1.999801 -0.803997 1.737387
1278665521 0.590956 0.846945 0.450147 -6.691606 7.084003 -1.099864 -1.882612 -0.807220 1.733704
1298644635 0.366675 0.710371 0.274135 -6.672132 7.105176 -1.081443 -2.022698 -0.810347 1.731483
1318623750 0.474607 0.543269 0.470766 -6.655076 7.124069 -1.062071 -2.017570 -0.813146 1.729050
1338602865 0.539385 0.503975 0.837481 -6.648144 7.135164 -1.030536 -1.962410 -0.814794 1.724583
1358581979 0.438959 0.409598 0.925606 -6.648144 7.135164 -1.030536 -1.964177 -0.814794 1.724583
1378561094 0.030852 0.400664 0.986597 -6.643766 7.143825 -0.998272 -1.945843 -0.816082 1.719937
1398540208 0.059088 0.516557 1.238955 -6.632489 7.157191 -0.977296 -1.962251 -0.818074 1.717093
1418519323 0.179182 0.471934 1.085157 -6.616560 7.170140 -0.990266 -1.964339 -0.820007 1.719358
1438498438 0.154879 0.330307 0.707007 -6.601836 7.176157 -1.043507 -1.961657 -0.820907 1.727563
1458477552 -0.263741 0.248030 0.215324 -6.591506 7.173800 -1.122065 -1.891641 -0.820554 1.739409
1478456667 -0.350893 0.211308 -0.767076 -6.578739 7.173402 -1.197036 -1.876872 -0.820495 1.750782
1498435781 -0.237430 0.336574 -1.703367 -6.566350 7.174823 -1.255132 -1.874967 -0.820707 1.759664
