0 0.189345 0.463660 0.139252 -6.987688 -6.512087 2.221559 1.071051 0.726220 1.262977
19979635 0.714623 0.337459 -0.768656 -6.989321 -6.498198 2.256811 1.055927 0.724327 1.258470
39959271 1.468883 0.147725 -1.110393 -7.002398 -6.510625 2.179122 1.087166 0.726021 1.269099
59938906 1.438448 0.238069 -0.305187 -7.002398 -6.510625 2.179122 1.054549 0.726021 1.269099
79918542 0.993382 0.425240 0.580003 -6.991087 -6.551471 2.091243 1.038494 0.731604 1.280138
99898177 0.568194 0.576876 1.105317 -6.971215 -6.596794 2.013672 0.986888 0.737833 1.289595
119877812 0.161481 0.815881 0.921386 -6.920395 -6.677777 1.919851 1.158652 0.749050 1.300182
139857448 -0.285892 0.878328 0.396573 -6.920395 -6.677777 1.919851 1.146276 0.749050 1.300182
159837083 -0.901220 0.882696 0.088488 -6.847311 -6.786263 1.797598 1.135053 0.764264 1.314064
179816719 -2.565300 0.983995 0.041301 -6.809183 -6.858128 1.664783 1.115688 0.774466 1.331010
199796354 -6.435282 2.200730 0.295349 -6.842205 -6.880477 1.419034 1.099244 0.777659 1.366301
219775989 -12.521469 4.123428 0.968432 -6.978174 -6.800344 1.109412 1.120143 0.766255 1.413133
239755625 -20.255917 6.178809 2.661427 -7.262709 -6.531371 0.874443 1.059595 0.728853 1.450971
259735260 -26.394238 6.843386 6.131588 -7.697622 -6.011271 0.884095 0.928124 0.659826 1.456444
279714896 -34.795109 3.826833 9.696305 -8.314344 -5.072878 1.143661 0.905549 0.543681 1.434101
299694531 -37.740044 -3.528749 4.912669 -8.314344 -5.072878 1.143661 1.276907 0.543681 1.434101
319674167 -37.159401 -11.302331 1.355463 -8.959867 -3.771628 1.290735 1.405202 0.394773 1.427723
339653802 -40.518494 -18.726368 2.894537 -9.463792 -2.239967 1.260782 1.272743 0.230447 1.438354
359633437 -44.629417 -26.561802 5.339016 -9.734221 -0.456832 1.098470 1.171810 0.046601 1.458426
379613073 -44.838638 -37.371510 7.713146 -9.631139 1.593182 0.934523 1.289518 -0.163183 1.474068
399592708 -43.299526 -46.315456 10.388603 -7.925899 5.761014 0.401537 0.689165 -0.627916 1.520178
419572344 -43.757042 -53.581791 10.502104 -7.925899 5.761014 0.401537 1.160128 -0.627916 1.520178
439551979 -45.298153 -59.830849 8.568092 -6.246469 7.556282 -0.233688 1.088013 -0.879666 1.608190
459531614 -42.599129 -62.810143 6.217995 -3.929472 8.942519 -0.872345 1.213099 -1.147849 1.789254
479511250 -35.069881 -65.265167 5.249418 -1.113101 9.692410 -0.994265 1.614997 -1.418010 2.299864
499490885 -25.741619 -62.635620 6.418637 4.516423 8.671971 -0.754472 -2.809546 -1.084982 -1.736319
519470521 -15.091677 -55.833168 6.494506 6.611349 7.168293 -1.037329 -2.719989 -0.819731 -1.726429
539450156 -6.011240 -47.694824 2.615475 8.036016 5.443008 -1.402323 -2.711588 -0.588402 -1.743561
559429792 3.492447 -40.539955 -3.439158 8.036016 5.443008 -1.402323 -2.563468 -0.588402 -1.743561
579409427 10.377526 -32.964615 -3.918684 9.288185 2.733143 -1.558829 -2.632810 -0.282443 -1.737076
599389062 11.561203 -26.589033 -0.128779 9.519314 1.968523 -1.295371 -2.598710 -0.202107 -1.706044
619368698 9.256110 -22.158113 3.656912 9.631158 1.530111 -1.034383 -2.606223 -0.156668 -1.677786
639348333 6.303876 -18.755484 3.990564 9.674520 1.331803 -0.894633 -2.595534 -0.136227 -1.663007
659327969 3.269688 -15.859828 2.656057 9.686286 1.275740 -0.847783 -2.640649 -0.130459 -1.658098
679307604 2.335216 -13.764218 0.755912 9.684974 1.346507 -0.747392 -2.574798 -0.137741 -1.647814
699287239 2.207019 -10.733509 0.210597 9.662097 1.537853 -0.670276 -2.623684 -0.157467 -1.640057
719266875 1.574836 -7.281714 -0.617536 9.662097 1.537853 -0.670276 -2.701355 -0.157467 -1.640057
739246510 1.249093 -4.981683 -1.223207 9.528220 2.137643 -0.902159 -2.630354 -0.219743 -1.665198
759226146 1.057074 -3.148001 -1.717386 9.528220 2.137643 -0.902159 -2.753615 -0.219743 -1.665198
779205781 -0.248632 -0.913916 -1.606580 9.287575 2.871380 -1.290940 -2.715328 -0.297153 -1.708908
799185417 -1.199368 0.845208 -0.778380 9.191219 3.168319 -1.285935 -2.744207 -0.328981 -1.709803
819165052 -1.024550 1.560638 -0.211292 9.103095 3.425162 -1.253920 -2.717407 -0.356791 -1.707681
839144687 -0.775497 1.783561 -0.909410 9.000670 3.675396 -1.284440 -2.785471 -0.384166 -1.712544
859124323 -0.876565 1.932443 -0.811186 9.000670 3.675396 -1.284440 -2.782438 -0.384166 -1.712544
879103958 -2.137221 2.008616 -0.290697 8.879096 3.922918 -1.393829 -2.838764 -0.411546 -1.726504
899083594 -2.193563 1.907772 -0.540542 8.678650 4.268672 -1.621688 -2.734262 -0.450353 -1.755525
919063229 -1.935481 1.727794 -0.739562 8.678650 4.268672 -1.621688 -2.773393 -0.450353 -1.755525
939042864 -1.083644 1.016774 -0.117564 8.598384 4.412720 -1.663155 -2.809427 -0.466734 -1.761863
959022500 -0.290069 0.414263 -0.070940 8.598384 4.412720 -1.663155 -2.753527 -0.466734 -1.761863
979002135 0.310130 0.150668 -0.057107 8.470782 4.581471 -1.851039 -2.777619 -0.486099 -1.785935
998981771 0.166360 0.057332 -0.420675 8.401513 4.675766 -1.929287 -2.773193 -0.497006 -1.796519
1018961406 -0.363219 0.526222 -0.211019 8.401513 4.675766 -1.929287 -2.866201 -0.497006 -1.796519
1038941042 -0.322682 0.514006 0.592504 8.353854 4.757405 -1.936642 -2.843261 -0.506501 -1.798598
1058920677 -0.116328 0.342863 0.399775 8.348689 4.760953 -1.950160 -2.792848 -0.506914 -1.800270
1078900312 0.700744 -0.079006 -0.064179 8.348689 4.760953 -1.950160 -2.806468 -0.506914 -1.800270
1098879948 1.221964 -0.319973 -0.454909 8.328947 4.779290 -1.989323 -2.822804 -0.509055 -1.805248
1118859583 0.997974 -0.089320 -0.286691 8.247862 4.887401 -2.063121 -2.836349 -0.521725 -1.815907
1138839219 0.355955 0.420154 -0.249723 8.216294 4.932954 -2.080593 -2.821800 -0.527091 -1.818810
1158818854 0.158868 0.612012 -0.251697 8.216294 4.932954 -2.080593 -2.823966 -0.527091 -1.818810
1178798489 0.569118 0.255384 -0.047924 8.200255 4.960635 -2.078053 -2.841944 -0.530360 -1.818985
1198778125 0.633203 0.178189 0.017905 8.179987 4.995206 -2.075118 -2.850760 -0.534452 -1.819238
1218757760 0.349503 0.356090 0.215149 8.116471 5.094434 -2.083274 -2.785365 -0.546251 -1.822045
1238737396 0.182512 0.400242 0.293360 8.116471 5.094434 -2.083274 -2.800370 -0.546251 -1.822045
1258717031 -0.038491 0.607772 0.210321 8.065539 5.172985 -2.087507 -2.795684 -0.555652 -1.824057
1278696667 0.041013 0.660921 -0.163308 8.065539 5.172985 -2.087507 -2.815287 -0.555652 -1.824057
1298676302 0.229316 0.540733 -0.315118 8.056044 5.195688 -2.067696 -2.817700 -0.558380 -1.822037
1318655937 0.239705 0.327802 0.170349 8.016101 5.263851 -2.050459 -2.779889 -0.566596 -1.821219
1338635573 0.295637 0.300876 0.529580 7.977640 5.314598 -2.069470 -2.838675 -0.572742 -1.824610
1358615208 -0.113514 0.506861 0.559680 7.940490 5.358121 -2.099890 -2.803736 -0.578031 -1.829331
1378594844 -0.510859 0.660973 -0.009786 7.940490 5.358121 -2.099890 -2.819559 -0.578031 -1.829331
1398574479 -0.520203 0.408359 -0.551342 7.911255 5.391413 -2.124873 -2.778027 -0.582090 -1.833192
1418554114 -0.473243 0.368522 -0.074921 7.888673 5.431107 -2.107681 -2.803737 -0.586944 -1.831876
1438533750 -0.355205 0.324841 0.255097 7.888673 5.431107 -2.107681 -2.775995 -0.586944 -1.831876
1458513385 -0.301311 0.286531 0.123631 7.875762 5.446981 -2.114982 -2.799385 -0.588889 -1.833150
1478493021 0.094331 0.009380 -0.079540 7.875762 5.446981 -2.114982 -2.818208 -0.588889 -1.833150
1498472656 0.382436 -0.106839 -0.151988 7.867688 5.455678 -2.122605 -2.753545 -0.589956 -1.834310
