0 -0.013316 0.201913 -0.939459 6.521363 -7.304421 0.536320 1.506498 0.840301 -1.488740
19979062 0.026732 0.009532 -1.316419 6.527220 -7.301136 0.509115 1.466768 0.839799 -1.492955
39958125 0.083457 0.111449 -1.126224 6.530381 -7.300608 0.475013 1.577954 0.839718 -1.498185
59937187 -0.058999 0.142422 -0.722316 6.540042 -7.295648 0.414442 1.578082 0.838961 -1.507511
79916250 -0.446701 0.260982 -0.443089 6.540042 -7.295648 0.414442 1.575562 0.838961 -1.507511
99895312 -0.142399 0.326254 -0.408724 6.536684 -7.300982 0.371261 1.547378 0.839775 -1.514061
119874375 0.238664 0.394054 -0.191991 6.535420 -7.305170 0.305222 1.556034 0.840415 -1.524127
139853437 0.373275 0.435901 0.272981 6.542692 -7.301719 0.220173 1.556215 0.839888 -1.537157
159832500 0.416815 0.357454 0.813380 6.556466 -7.291409 0.135974 1.633741 0.838314 -1.550060
179811562 0.795362 0.452394 1.525650 6.569989 -7.280269 0.057628 1.567790 0.836617 -1.562025
199791198 1.634138 0.715031 1.841403 6.592597 -7.260031 0.003193 1.596777 0.833542 -1.570312
219770469 2.239361 1.101107 1.612136 6.721625 -7.140677 -0.029678 1.578973 0.815614 -1.575212
239749583 2.152319 1.671999 1.592959 6.814666 -7.051866 -0.043643 1.563826 0.802492 -1.577201
259728646 3.413395 2.875173 2.438618 6.928930 -6.939418 -0.069316 1.586015 0.786129 -1.580800
279707708 7.870112 3.397366 2.462831 7.116390 -6.746480 -0.111319 1.570988 0.758660 -1.586438
299686771 13.115746 3.872373 1.591663 7.415411 -6.416715 -0.088500 1.562271 0.713287 -1.582730
319665833 19.453583 3.022250 2.040340 7.415411 -6.416715 -0.088500 1.543725 0.713287 -1.582730
339644896 21.891132 1.129259 5.718947 7.862970 -5.860229 0.042607 1.819516 0.640476 -1.565378
359623958 21.976482 -1.141575 7.519494 8.382542 -5.082062 0.275730 1.777072 0.544775 -1.537915
379603021 22.735687 -4.753368 7.123186 8.877253 -4.123178 0.603484 1.761665 0.433938 -1.502920
399582083 26.044991 -8.850590 9.732341 9.283959 -3.018764 0.930345 1.708113 0.312910 -1.470920
419561146 30.955223 -13.891741 8.921697 9.685866 -0.084928 1.532049 1.534304 0.008660 -1.413922
439540208 33.273315 -18.125257 2.193876 9.685866 -0.084928 1.532049 1.876805 0.008660 -1.413922
459519271 36.549839 -21.018461 0.209795 9.487576 1.661945 1.842345 1.889147 -0.170293 -1.378998
479498333 43.243393 -25.553013 1.546733 8.046960 5.405847 1.481094 2.081063 -0.583853 -1.388777
499477396 45.943077 -31.529591 -2.754357 8.046960 5.405847 1.481094 2.532266 -0.583853 -1.388777
519456458 48.295830 -40.147041 1.589406 4.622316 8.454111 1.825535 2.293145 -1.039359 -1.194660
539435521 48.461948 -48.849422 15.237156 2.161325 9.453571 1.459129 2.676715 -1.301642 -0.976972
559414583 43.821976 -57.419640 14.318586 -0.677479 9.766701 0.568299 -1.868453 -1.480502 0.872814
579393646 30.372650 -58.904526 3.287864 -3.479534 9.163404 -0.308661 -1.193760 -1.206591 1.659272
599372708 17.528374 -52.198135 -3.431621 -3.479534 9.163404 -0.308661 -0.842815 -1.206591 1.659272
619351771 10.289396 -43.373158 -3.310866 -5.753747 7.876692 -1.011198 -1.249858 -0.932646 1.744766
639330833 1.996350 -35.413330 -0.135720 -7.364945 6.276180 -1.592969 -1.061358 -0.694488 1.783806
659309896 3.193085 -29.257193 2.671505 -9.018093 3.403369 -1.805953 -1.657628 -0.354421 1.768441
679288958 7.687707 -24.912340 3.212075 -9.018093 3.403369 -1.805953 -1.240951 -0.354421 1.768441
699268594 4.133131 -20.111496 3.498174 -9.387875 2.207422 -1.779186 -1.480236 -0.227040 1.758095
719247552 0.969358 -17.284975 4.438131 -9.555614 0.699890 -2.090644 -1.866693 -0.071430 1.786189
739226510 1.357832 -16.064915 3.180957 -9.563377 0.219632 -2.159618 -1.823056 -0.022398 1.792893
759205469 3.652177 -15.249059 0.111475 -9.563377 0.219632 -2.159618 -1.683352 -0.022398 1.792893
779184427 0.249636 -13.173833 -2.229827 -9.548288 -0.646493 -2.140707 -1.827866 0.065972 1.791347
799163385 -3.311212 -10.963218 -5.098410 -9.548288 -0.646493 -2.140707 -1.827866 0.065972 1.791347
819142344 -4.609126 -9.388945 -7.451425 -9.462485 -0.753990 -2.462373 -1.809937 0.076962 1.825375
839121302 -3.569947 -8.358928 -7.397398 -9.399096 -0.558175 -2.741499 -1.704702 0.056949 1.854600
859100260 -1.804373 -5.931746 -4.203647 -9.347497 -0.367096 -2.942774 -1.815074 0.037442 1.875793
879079219 -2.272100 -4.471920 -0.264548 -9.338058 -0.201257 -2.988402 -1.853095 0.020524 1.880521
899058177 -3.085088 -2.706309 0.718974 -9.345728 0.003558 -2.971152 -1.830074 -0.000363 1.878607
919037187 -1.256173 -1.842470 -0.019397 -9.329315 0.247549 -3.012139 -1.847890 -0.025246 1.883099
939016250 1.197111 -0.504842 -0.454774 -9.291170 0.477872 -3.100998 -1.889624 -0.048749 1.892929
958995365 3.354935 0.328936 0.458847 -9.291170 0.477872 -3.100998 -1.887512 -0.048749 1.892929
978974479 4.047867 1.109973 1.124032 -9.275121 0.618422 -3.124109 -1.878245 -0.063103 1.895688
998953594 2.733249 1.095269 0.740755 -9.304457 0.557914 -3.047328 -1.814020 -0.056922 1.887299
1018932708 -0.065353 0.693102 -0.294752 -9.356125 0.494659 -2.896316 -1.777543 -0.050463 1.871004
1038911823 -2.355515 0.454263 -1.301033 -9.396409 0.527103 -2.756821 -1.716108 -0.053775 1.856179
1058890937 -3.404018 0.307974 -1.781547 -9.393282 0.692685 -2.730720 -1.717482 -0.070693 1.853709
1078870052 -2.885048 -0.053734 -2.121428 -9.335258 0.973222 -2.841866 -1.655991 -0.099405 1.866306
1098849167 -1.210542 -0.307796 -1.841360 -9.238292 1.294933 -3.024486 -1.739624 -0.132433 1.887185
1118828281 0.355525 -0.351291 -0.605730 -9.156827 1.579376 -3.135037 -1.714049 -0.161756 1.900659
1138807396 0.927354 -0.233402 0.566463 -9.156827 1.579376 -3.135037 -1.714049 -0.161756 1.900659
1158786510 0.889854 0.007654 0.422248 -9.116011 1.986090 -3.020623 -1.718406 -0.203935 1.890764
1178765625 1.404450 -0.000102 -0.109171 -9.116011 1.986090 -3.020623 -1.827525 -0.203935 1.890764
1198744740 1.726367 0.152415 -0.361350 -9.098001 2.243540 -2.891935 -1.563243 -0.230822 1.878561
1218723854 1.240760 0.333745 -0.358395 -9.076661 2.346749 -2.877044 -1.534204 -0.241647 1.877750
1238702969 0.489754 0.469804 0.039373 -9.050499 2.456276 -2.868022 -1.503193 -0.253166 1.877676
1258682083 0.319245 0.409631 0.454801 -9.025002 2.565608 -2.852614 -1.647354 -0.264699 1.876938
1278661198 0.426332 0.443667 0.698671 -9.025002 2.565608 -2.852614 -1.635248 -0.264699 1.876938
1298640312 0.581050 0.409077 0.919567 -8.975550 2.736797 -2.849534 -1.615403 -0.282831 1.878209
1318619427 0.600032 0.279925 0.917839 -8.975550 2.736797 -2.849534 -1.603366 -0.282831 1.878209
1338598542 0.089943 0.383646 1.064854 -8.929518 2.826746 -2.905789 -1.644340 -0.292397 1.885403
1358577656 0.214066 0.167651 0.296621 -8.920482 2.856500 -2.904445 -1.475295 -0.295567 1.885564
1378556771 0.430960 0.037205 -0.431316 -8.922972 2.877318 -2.876108 -1.465431 -0.297786 1.882608
1398535885 0.481952 -0.005644 -1.241596 -8.921605 2.891666 -2.865940 -1.529827 -0.299317 1.881620
1418515000 -0.079409 0.148597 -1.439665 -8.921605 2.891666 -2.865940 -1.370256 -0.299317 1.881620
1438494115 -0.081367 -0.012696 -0.941304 -8.890570 2.965124 -2.887246 -1.510048 -0.307166 1.884806
1458473229 0.031833 -0.020355 -0.181009 -8.854848 3.001818 -2.958231 -1.494585 -0.311094 1.893219
1478452344 -0.112090 -0.155987 0.051604 -8.820655 3.032257 -3.028506 -1.562769 -0.314356 1.901528
