0 0.306643 0.360764 0.723639 -8.568498 4.394141 -1.855467 -1.855721 -0.464614 1.784049
19979063 0.583078 0.189507 0.629370 -8.568498 4.394141 -1.855467 -1.867619 -0.464614 1.784049
39958125 0.378884 0.174350 0.409307 -8.582375 4.386034 -1.809958 -1.824719 -0.463689 1.778643
59937188 -0.025473 0.160444 0.290821 -8.589910 4.380650 -1.787103 -1.852735 -0.463076 1.775917
79916250 -0.221861 0.122494 0.049895 -8.589910 4.380650 -1.787103 -1.818512 -0.463076 1.775917
99895313 -0.267217 0.095832 -0.507536 -8.594650 4.386442 -1.749720 -1.891611 -0.463736 1.771634
119874375 -0.155525 -0.048623 -0.890597 -8.590134 4.401019 -1.735230 -1.886557 -0.465399 1.770117
139853438 -0.331259 -0.069198 -1.056036 -8.590134 4.401019 -1.735230 -1.773524 -0.465399 1.770117
159832500 -0.546911 -0.360310 -0.858111 -8.580071 4.425528 -1.722633 -1.869843 -0.468197 1.768934
179811563 -0.824100 -0.872780 -0.388084 -8.562506 4.489730 -1.642009 -1.820811 -0.475547 1.760264
199790625 -0.879799 -1.818385 0.180684 -8.562506 4.489730 -1.642009 -1.783563 -0.475547 1.760264
219769688 -0.172373 -4.420128 0.981420 -8.569560 4.520658 -1.515478 -1.696568 -0.479098 1.745831
239748750 -1.788976 -7.155517 0.905851 -8.605779 4.525625 -1.276587 -1.925615 -0.479669 1.718063
259727813 -6.270906 -9.451562 0.196202 -8.607247 4.578043 -1.061702 -1.911814 -0.485703 1.693526
279706875 -8.962991 -12.275169 1.487591 -8.485760 4.809097 -1.017279 -2.016763 -0.512539 1.690108
299685938 -7.397783 -14.850456 2.611268 -8.241584 5.218868 -1.005036 -1.986892 -0.561169 1.692144
319665000 -6.257442 -17.894438 -1.475857 -7.924313 5.707691 -0.893257 -1.900127 -0.621214 1.683046
339644063 -7.595804 -21.681206 -5.395389 -7.510445 6.262178 -0.740761 -1.933953 -0.692631 1.669109
359623125 -9.257458 -27.438541 -5.655615 -6.884668 6.958869 -0.588116 -1.977278 -0.788940 1.656013
379602188 -7.039364 -34.546318 -2.267984 -5.926681 7.797534 -0.493272 -2.050200 -0.919217 1.653834
399581250 -3.245717 -40.918827 0.381129 -4.621628 8.635953 -0.480911 -1.915410 -1.077173 1.674480
419560313 -2.091945 -46.420296 -1.954344 -1.073979 9.708211 -0.876124 -0.867877 -1.428988 2.255082
439539375 -3.002573 -51.903748 -4.933812 1.316533 9.651578 -1.133211 1.457927 -1.392724 -2.281501
459518438 1.821064 -58.598507 -3.951612 1.316533 9.651578 -1.133211 0.407228 -1.392724 -2.281501
479497500 10.850334 -65.481041 -2.230012 6.612351 7.007741 -1.827231 1.575484 -0.796039 -1.840404
499476563 21.175961 -71.350006 -7.394085 8.609452 4.263344 -1.967644 1.724799 -0.449750 -1.795482
519455625 29.754227 -76.615166 -9.595077 9.550735 0.995000 -1.990928 1.809131 -0.101637 -1.776311
539434688 39.231178 -75.787354 -0.752592 9.349094 -2.127353 -2.058930 1.914266 0.218668 -1.787564
559413750 44.105324 -65.413788 -3.468245 8.463710 -4.640364 -1.732927 1.961410 0.492903 -1.772753
579392813 42.583275 -56.829609 -10.944772 8.463710 -4.640364 -1.732927 1.961410 0.492903 -1.772753
599371875 48.763962 -51.359123 6.496720 5.858090 -7.661014 -1.778215 1.986306 0.896595 -1.865505
619350938 51.931904 -39.875984 7.861571 4.753736 -8.415386 -1.659414 2.088043 1.031618 -1.906647
639330000 47.316261 -31.037491 -1.833125 4.753736 -8.415386 -1.659414 1.862087 1.031618 -1.906647
659309063 44.817600 -20.310829 4.897713 3.704064 -8.938869 -1.595903 1.891976 1.146943 -1.977613
679288125 44.247864 -7.140246 6.081245 2.060426 -9.487968 -1.379670 2.193838 1.315164 -2.160830
699267188 39.586975 2.454118 -0.135056 2.060426 -9.487968 -1.379670 2.193838 1.315164 -2.160830
719246250 31.964846 8.203137 -0.760817 1.726219 -9.552548 -1.392617 2.282723 1.342656 -2.249636
739225313 24.751282 10.151304 3.698861 1.641591 -9.539586 -1.572216 2.346184 1.336884 -2.334611
759204375 19.798553 10.729323 5.675423 1.706044 -9.538631 -1.508081 2.292523 1.336464 -2.294681
779183438 16.119425 10.805498 4.247637 1.781139 -9.544718 -1.377058 2.230083 1.339152 -2.228939
799162500 12.990735 8.867332 4.412831 1.874258 -9.564432 -1.085900 2.026783 1.348078 -2.095913
819141563 8.019272 5.135692 4.711552 1.874258 -9.564432 -1.085900 2.026783 1.348078 -2.095913
839120625 0.907853 2.289126 -0.251790 1.861299 -9.628243 0.053697 1.427126 1.379758 -1.541955
859099688 -2.776077 0.973548 -6.562294 1.861299 -9.628243 0.053697 1.427126 1.379758 -1.541955
879078750 -0.379301 1.382433 -7.427387 1.268754 -9.724217 0.015748 1.272739 1.441046 -1.558385
899057813 5.174167 -0.426182 -3.138551 1.143131 -9.734951 -0.307170 1.487406 1.449799 -1.833305
919036875 5.428538 -0.945252 1.343611 1.224583 -9.712274 -0.585258 1.722156 1.431949 -2.016628
939015938 3.299398 -0.555218 3.045588 1.460331 -9.664458 -0.797541 1.707731 1.400299 -2.070669
958995052 0.575422 -0.327049 3.270517 1.460331 -9.664458 -0.797541 1.883375 1.400299 -2.070669
978974167 -1.376018 -0.884346 2.240036 2.088866 -9.525965 -1.031022 1.694314 1.330965 -2.029295
998953281 -3.142294 -1.481905 0.359133 2.088866 -9.525965 -1.031022 2.007040 1.330965 -2.029295
1018932396 -4.654696 -1.623950 -1.082569 2.663375 -9.358741 -1.220987 1.849393 1.267395 -2.000643
1038911511 -5.739527 -0.960585 -0.378672 2.794863 -9.295086 -1.400173 1.966038 1.246374 -2.035228
1058890625 -4.002167 -0.548093 1.911273 2.889785 -9.244806 -1.533978 1.962045 1.230656 -2.058801
1078869740 -1.589845 -0.715661 3.236492 3.007397 -9.200495 -1.573799 1.962018 1.217361 -2.052917
1098848854 -1.256086 0.057922 3.647300 3.116228 -9.170509 -1.536641 1.913072 1.208631 -2.028916
1118827969 -1.158681 0.290970 2.575615 3.203715 -9.150553 -1.474446 1.989994 1.202930 -2.002125
1138807084 -0.472383 0.098933 0.776852 3.203715 -9.150553 -1.474446 1.965689 1.202930 -2.002125
1158786198 -0.557471 -0.201459 -0.284491 3.418265 -9.093222 -1.341331 1.874692 1.187002 -1.944735
1178765313 -1.461601 0.045969 -0.654818 3.418265 -9.093222 -1.341331 1.841778 1.187002 -1.944735
1198744427 -1.356373 0.146931 -0.507459 3.486801 -9.075311 -1.285045 1.883940 1.182153 -1.923896
1218723542 -0.369166 0.541908 -0.092173 3.520154 -9.068939 -1.238245 1.930150 1.180442 -1.909037
1238702656 0.558010 0.546871 0.403202 3.615882 -9.043230 -1.147077 1.848690 1.173609 -1.877987
1258681771 0.931681 0.564806 0.266005 3.689965 -9.019901 -1.093584 1.848239 1.167504 -1.858917
1278660886 1.198443 0.529132 -0.384349 3.689965 -9.019901 -1.093584 1.838111 1.167504 -1.858917
1298640000 1.300526 0.085242 -1.147371 3.806566 -8.980906 -1.011824 1.807922 1.157489 -1.830599
1318619115 -0.133102 0.249128 -1.592357 3.965292 -8.920176 -0.936650 1.881365 1.142332 -1.802757
1338598229 -1.264671 0.131851 -1.492005 4.217309 -8.806663 -0.909618 1.742349 1.115270 -1.783229
1358577344 -1.242719 0.028961 -1.277660 4.312324 -8.755731 -0.954696 1.823315 1.103603 -1.788670
1378556459 -1.256207 -0.127509 -0.580077 4.312324 -8.755731 -0.954696 1.823315 1.103603 -1.788670
1398535573 -1.200098 -0.176219 0.099107 4.404480 -8.703687 -1.008361 1.811705 1.091954 -1.795858
1418514688 -1.032471 -0.319924 0.336239 4.494273 -8.653950 -1.039741 1.892815 1.081061 -1.798145
1438493802 -1.174133 -0.245850 0.553155 4.673596 -8.557399 -1.048241 1.829542 1.060525 -1.791435
1458472917 -0.926562 -0.306644 0.832304 4.744898 -8.518470 -1.044995 1.836225 1.052455 -1.787571
1478452031 0.159562 -0.511907 0.912455 4.832877 -8.471298 -1.025087 1.845847 1.042827 -1.779806
1498431146 1.334677 -1.122249 0.388899 4.832877 -8.471298 -1.025087 1.859579 1.042827 -1.779806
