0 0.031297 -0.027077 0.584647 -6.888539 6.535906 -2.449560 -1.927509 -0.729473 1.912451
19979271 -0.010100 0.183389 1.090657 -6.888539 6.535906 -2.449560 -2.157330 -0.729473 1.912451
39958541 0.496970 0.296923 0.964792 -6.905994 6.534661 -2.403296 -2.061463 -0.729303 1.905690
59937812 0.278777 0.265322 0.176568 -6.905994 6.534661 -2.403296 -2.034946 -0.729303 1.905690
79917083 -0.612286 0.291766 -0.746973 -6.952214 6.498877 -2.366793 -1.981632 -0.724420 1.898927
99896354 -1.005483 -0.015796 -1.292972 -7.003666 6.471745 -2.288133 -1.953439 -0.720731 1.886570
119875573 -1.594703 -0.341244 -1.161601 -6.994602 6.496580 -2.245081 -2.046400 -0.724107 1.881382
139854791 -2.268126 -0.688426 -0.136902 -6.973026 6.538522 -2.189756 -2.047995 -0.729831 1.875077
159834010 -2.964519 -0.860817 1.530990 -6.952450 6.582894 -2.121163 -1.958815 -0.735919 1.866922
179813229 -3.246897 -0.865045 1.848015 -6.952785 6.611697 -2.028459 -2.053648 -0.739888 1.854665
199792448 -3.764504 -1.368523 0.023582 -6.975369 6.635207 -1.867792 -1.976326 -0.743139 1.832428
219771666 -4.972990 -2.169424 -1.006087 -6.975866 6.696118 -1.633918 -2.021747 -0.751607 1.800873
239750885 -5.875984 -3.202415 -1.345410 -6.903170 6.807732 -1.473573 -1.993270 -0.767302 1.781103
259730104 -7.027468 -4.243570 -2.301656 -6.753936 6.965792 -1.425650 -2.088409 -0.789943 1.778827
279709323 -8.025455 -7.939543 -1.591000 -6.569892 7.157004 -1.335737 -2.027660 -0.818046 1.771374
299688541 -9.269777 -12.091019 1.636619 -6.364977 7.370024 -1.157668 -1.989258 -0.850383 1.750711
319667760 -11.146120 -17.215075 2.896039 -6.025994 7.671096 -1.006017 -1.971776 -0.898244 1.736217
339646979 -13.565573 -22.487068 2.723255 -5.398605 8.129496 -0.967858 -1.962514 -0.977278 1.748191
359626198 -14.282196 -28.061039 2.084015 -4.453331 8.670316 -1.078825 -1.874917 -1.084620 1.808469
379605416 -15.345584 -35.421661 1.866551 -3.165595 9.200667 -1.223570 -1.682538 -1.217412 1.939629
399584635 -18.339331 -44.567440 4.175493 -3.165595 9.200667 -1.223570 -1.919590 -1.217412 1.939629
419563854 -15.266582 -54.650841 5.211610 0.512134 9.553915 -2.151933 0.005242 -1.343274 -2.907951
439543073 -8.373219 -64.097977 0.711428 0.512134 9.553915 -2.151933 -0.225748 -1.343274 -2.907951
459522291 -1.447930 -71.701324 -2.164235 5.026646 7.301685 -4.193877 1.026147 -0.839882 -2.266122
479501510 6.080375 -78.320244 0.274296 6.823620 4.742129 -5.207764 1.432010 -0.504720 -2.222690
499480729 12.322696 -81.740891 -3.590128 7.800195 1.503853 -5.750286 1.698529 -0.153958 -2.206053
519459948 20.869175 -78.277939 -9.741178 7.800195 1.503853 -5.750286 1.033155 -0.153958 -2.206053
539439166 25.497570 -72.379951 -2.885322 7.902699 -1.615338 -5.577493 1.149887 0.165473 -2.185385
559418385 28.650808 -66.081055 -2.612821 5.885767 -6.346830 -4.609326 1.972536 0.703901 -2.235166
579397604 28.519855 -60.914223 -15.600773 5.885767 -6.346830 -4.609326 1.428314 0.703901 -2.235166
599376823 26.922319 -62.488392 -15.552975 3.306224 -8.634324 -3.269209 2.117752 1.076823 -2.350565
619356041 31.355904 -58.288956 -1.907983 1.685425 -9.367555 -2.361917 2.300851 1.270418 -2.521808
639335260 39.523521 -45.829735 -14.017620 1.685425 -9.367555 -2.361917 1.798116 1.270418 -2.521808
659314479 43.879601 -34.027489 -19.749601 -0.628742 -9.753029 -0.808392 -2.870565 1.466175 2.480555
679293698 46.747566 -22.471882 -12.562145 -1.353815 -9.712099 -0.112758 -2.049240 1.431821 1.653893
699272916 43.460335 -10.298638 -21.019190 -1.353815 -9.712099 -0.112758 -2.288948 1.431821 1.653893
719252135 36.050106 -0.524564 -24.149792 -1.747411 -9.646551 0.246966 -1.980925 1.389853 1.430394
739231354 29.510134 3.719456 -16.834137 -1.789968 -9.641660 -0.069300 -2.218402 1.387102 1.609493
759210573 22.886106 4.520323 -11.710957 -1.564333 -9.675025 -0.342238 -2.375222 1.406771 1.786178
779189791 16.599224 3.757507 -7.875261 -1.564333 -9.675025 -0.342238 -2.294534 1.406771 1.786178
799169010 11.770504 3.023199 -5.094915 -1.178791 -9.700242 -0.828347 -2.832019 1.423349 2.183338
819148229 11.041658 1.495407 -3.216864 -0.920658 -9.702003 -1.092671 -3.015785 1.424577 2.441425
839127448 9.542128 -0.088977 -1.110224 -0.551053 -9.695649 -1.364226 2.888058 1.420195 2.757702
859106666 6.309966 -1.760530 1.334944 -0.104286 -9.675358 -1.595922 2.694370 1.406979 3.076340
879085885 0.718662 -2.391738 3.247752 0.302169 -9.644878 -1.747975 2.389613 1.388908 -2.970417
899065104 -3.589151 -1.986113 3.466811 0.611763 -9.615177 -1.828802 2.337507 1.372864 -2.818778
919044323 -3.776492 -1.086162 2.741456 0.879680 -9.585864 -1.872899 2.213094 1.358199 -2.702487
939023541 -2.153729 -0.771476 1.887709 0.879680 -9.585864 -1.872899 2.322350 1.358199 -2.702487
959002760 -1.756558 -0.615532 0.873167 1.176101 -9.546926 -1.908758 2.246595 1.340136 -2.589375
978981979 -2.671223 -1.161470 0.368925 1.844258 -9.412773 -2.041764 1.910095 1.286416 -2.406976
998961198 -3.945024 -0.951172 0.853962 1.844258 -9.412773 -2.041764 1.957702 1.286416 -2.406976
1018940416 -5.000810 -0.928089 1.153202 2.353368 -9.267252 -2.179469 1.867410 1.237585 -2.317849
1038919635 -4.006233 -0.894022 1.537496 2.353368 -9.267252 -2.179469 1.922013 1.237585 -2.317849
1058898854 -2.561090 -0.546170 2.075759 2.690566 -9.160746 -2.238746 1.771436 1.205831 -2.264790
1078878073 -1.179845 -0.727908 1.106922 2.905955 -9.096120 -2.233026 1.816808 1.187792 -2.225989
1098857291 -2.270613 -0.470977 -0.025542 3.103296 -9.031052 -2.231602 1.793951 1.170411 -2.194231
1118836510 -3.063888 -0.290930 -0.656128 3.103296 -9.031052 -2.231602 1.766519 1.170411 -2.194231
1138815729 -2.144135 -0.341726 -0.712892 3.375186 -8.923997 -2.267331 1.713620 1.143271 -2.162320
1158795000 -0.507267 -0.565237 -0.252693 3.523839 -8.859266 -2.294852 1.663660 1.127619 -2.148040
1178774271 -0.546098 0.048245 0.436111 3.686531 -8.791777 -2.298812 1.628053 1.111832 -2.128367
1198753541 -1.471683 0.056544 0.687259 3.804322 -8.743134 -2.292409 1.653531 1.100759 -2.113111
1218732812 -1.154881 0.046973 0.130031 3.804322 -8.743134 -2.292409 1.659050 1.100759 -2.113111
1238712083 0.207403 0.601511 -1.193448 4.099179 -8.620256 -2.249064 1.651536 1.073806 -2.072612
1258691354 0.456586 0.185761 -1.615546 4.099179 -8.620256 -2.249064 1.657236 1.073806 -2.072612
1278670625 -1.431608 -0.509976 -0.820723 4.417618 -8.456920 -2.266172 1.594856 1.039924 -2.044778
1298649896 -1.145062 -0.297596 0.088805 4.497677 -8.399599 -2.321214 1.739112 1.028490 -2.047234
1318629166 0.046224 0.143763 0.881038 4.601635 -8.332153 -2.360204 1.624082 1.015308 -2.044715
1338608437 -0.345961 0.111048 1.176441 4.601635 -8.332153 -2.360204 1.604346 1.015308 -2.044715
1358587708 -1.032670 0.085495 0.776579 4.776586 -8.235058 -2.353389 1.649921 0.996808 -2.028581
1378566979 -1.586202 0.287342 0.819097 4.805067 -8.231347 -2.307953 1.582700 0.996112 -2.018574
1398546250 -2.228006 0.276649 0.711628 4.748214 -8.273340 -2.275234 1.718149 1.004038 -2.017647
1418525521 -1.407029 0.316138 0.513512 4.651748 -8.334374 -2.251629 1.613599 1.015738 -2.021594
1438504791 -0.448120 0.153861 -0.104962 4.651748 -8.334374 -2.251629 1.621298 1.015738 -2.021594
1458484062 -0.105201 0.253988 -1.119289 4.477725 -8.447082 -2.183389 1.543731 1.037946 -2.024484
1478463333 -0.004880 0.444100 -1.525364 4.477725 -8.447082 -2.183389 1.528635 1.037946 -2.024484
