0 -1.135747 -0.346131 0.787940 1.118610 -0.053707 -0.000456
19958496 -1.648238 -0.205465 1.128422 1.145298 -0.066475 0.044102
39916992 -1.638366 -0.160318 0.424634 1.137368 -0.078610 0.043882
59875488 -1.259103 -0.029888 -0.045969 1.081735 -0.097313 0.001982
79833984 -1.303321 -0.102609 -0.142231 1.095378 -0.089937 -0.000000
99792480 -2.214102 -0.108752 0.073251 1.186269 -0.085304 0.085616
119781494 -3.640883 -0.174941 0.161857 1.270745 -0.074448 0.218360
139739990 -4.743622 -0.381662 -0.024014 1.336101 -0.052813 0.318766
159698486 -5.636272 -0.173761 -0.434109 1.343882 -0.076310 0.407842
179656982 -6.819013 0.049751 -1.490946 1.374082 -0.104237 0.558706
199615478 -8.913486 0.186553 -1.926173 1.402892 -0.105442 0.746018
219573974 -10.353092 0.361645 -1.374413 1.411539 -0.103556 0.799286
239532470 -10.300816 0.485708 -0.883062 1.410129 -0.108213 0.764137
259490966 -10.359388 0.509712 -0.955308 1.402381 -0.108961 0.771747
279449462 -10.866705 0.156303 -1.081842 1.407297 -0.108961 0.771747
299407959 -10.971489 -0.328048 -0.998589 1.411859 -0.035017 0.812374
319366455 -12.061325 -1.611368 -0.243533 1.415626 0.064302 0.831193
339324951 -10.825590 -2.583894 0.659057 1.436979 0.137790 0.726233
359313964 -9.822549 -3.561963 1.637597 1.458148 0.204694 0.633121
379272460 -10.155648 -5.073905 2.516605 1.489187 0.287511 0.628042
399230957 -11.437867 -7.209627 5.404422 1.519428 0.345206 0.606224
419189453 -9.638426 -8.652864 7.526774 1.593836 0.387530 0.486618
439147949 -5.520905 -9.328951 5.734509 1.775404 0.480669 0.345336
459106445 -3.204687 -10.621647 5.680566 2.024058 0.559456 0.244905
479064941 -1.244491 -10.990767 9.215792 2.130261 0.500420 0.128612
499023437 1.410287 -11.019746 9.777499 2.533723 0.495594 0.014738
518981933 2.361758 -10.253183 6.077540 2.894012 0.558973 -0.012785
538940429 1.718783 -9.791533 2.833817 2.905108 0.655936 0.068618
558898925 2.801496 -9.263808 5.535187 -3.032659 0.551113 0.006369
578857421 8.065702 -9.410471 7.792393 -1.905563 0.486301 -0.278593
598846435 11.630110 -9.940235 5.976665 -1.711033 0.522351 -0.496463
618804931 12.352689 -8.801314 5.437797 -1.668262 0.522351 -0.496463
638763427 13.516156 -7.675138 6.321564 -1.457813 0.400223 -0.565538
658721923 15.516359 -6.839502 6.489611 -1.377014 0.340503 -0.641794
678680419 17.742393 -6.005912 7.946258 -1.322014 0.267472 -0.681508
698638916 17.715925 -4.470164 7.296928 -1.294370 0.199704 -0.702114
718597412 15.371082 -2.406205 4.086800 -1.264034 0.120059 -0.726045
738555908 13.319916 -0.761021 1.724909 -1.285074 0.120059 -0.726045
758506676 11.000937 0.149910 -0.810968 -1.225639 -0.062718 -0.755978
778465172 8.576487 0.486109 -2.931325 -1.198910 -0.137763 -0.738068
798423668 7.379287 0.548147 -2.998924 -1.151725 -0.174464 -0.647120
818382164 6.098793 0.360002 -3.976386 -1.131000 -0.199791 -0.592964
838340660 4.771618 0.233122 -4.223635 -1.038425 -0.211057 -0.436480
858329674 3.318096 0.843686 -3.153573 -0.715459 -0.282620 -0.157418
878288170 1.445955 1.374683 -3.114669 -0.207368 -0.356864 0.146968
898246666 0.506872 1.408808 -2.813014 0.018463 -0.333638 0.286601
918205162 1.121687 0.756842 -1.256662 -0.259352 -0.201603 0.167528
938163658 2.028555 -0.008023 0.070019 -0.602427 -0.094086 0.052000
958122154 1.911083 -0.140961 0.229484 -0.602069 -0.076729 0.064028
978080650 0.998460 0.267670 -0.045123 -0.329255 -0.118084 0.161745
998039147 0.486027 0.576628 -0.103194 -0.174790 -0.146232 0.216324
1017997643 0.516341 0.439087 0.117031 -0.197593 -0.125242 0.211574
1037956139 0.724548 0.106307 1.011744 -0.312944 -0.081769 0.179813
1057945152 0.614444 -0.058980 0.807918 -0.301349 -0.064845 0.197938
1077903648 0.433696 0.078511 0.856805 -0.224258 -0.074291 0.216291
1097862145 0.088442 0.282937 0.998522 -0.127323 -0.089634 0.248015
1117820641 -0.092519 0.198732 1.153008 -0.085050 -0.079277 0.264673
1137779137 -0.356078 0.042371 1.350523 -0.057705 -0.064172 0.286655
1157737633 -0.670559 0.157576 0.645239 0.092848 -0.079750 0.334459
1177696129 -0.219738 0.303743 0.496331 -0.017658 -0.097548 0.295055
1197654625 0.194178 0.344401 0.411036 -0.125993 -0.105489 0.257131
1217613121 0.469321 0.221976 0.311895 -0.182432 -0.097226 0.233209
1237571617 1.028374 0.109765 0.516103 -0.338885 -0.087432 0.175251
1257530113 1.140811 -0.054025 0.472786 -0.388118 -0.073701 0.166173
1277488609 1.214505 -0.232975 0.683231 -0.425547 -0.057789 0.156798
1297447106 1.215002 -0.234065 0.347132 -0.432550 -0.063630 0.162190
1317405602 1.386030 -0.303635 0.328676 -0.494306 -0.060526 0.144178
1337394615 1.484361 -0.426098 0.650660 -0.560615 -0.051611 0.127353
1357353111 1.800666 -0.675639 -0.303241 -0.647512 -0.033052 0.099356
1377311607 2.367699 -0.967367 -0.132711 -0.847335 -0.001549 0.028417
1397270104 2.845714 -1.138790 0.378746 -0.950292 0.015649 -0.026902
1417228600 2.569997 -1.103561 1.036339 -0.881875 0.008253 0.000918
1437187096 2.062327 -0.894968 0.692717 -0.909297 0.008253 0.000918
1457145592 1.889153 -0.725685 -0.003977 -0.692603 -0.041157 0.071235
1477104088 2.097817 -0.896493 0.270348 -0.768569 -0.025206 0.042528
1497062584 2.712957 -1.156760 0.150918 -0.788710 -0.025206 0.042528
