0 -0.751143 -0.348905 -0.161304 1.372407 -0.028378 0.032376
19958496 -0.394241 -0.469878 -0.592980 1.383977 -0.016700 -0.006786
39916992 -0.329688 -0.505778 0.039780 1.381961 -0.016700 -0.006786
59875488 -0.959417 -0.336915 0.861793 1.374684 -0.025201 0.039620
79833984 -2.007630 -0.262644 0.724178 1.397937 -0.036157 0.136526
99792480 -3.728875 -0.017337 -0.202629 1.417804 -0.067020 0.317084
119750976 -5.601830 0.312199 -0.761948 1.443050 -0.100389 0.504743
139739990 -7.398337 0.385051 -1.460856 1.459682 -0.103140 0.679872
159698486 -9.302814 0.094334 -1.765867 1.457170 -0.103140 0.679872
179656982 -10.557079 0.324285 -1.385471 1.482212 -0.073212 0.862738
199615478 -12.840748 0.667282 -1.495309 1.484184 -0.083746 0.969411
219573974 -15.188437 0.147455 -1.246510 1.475302 -0.036526 1.035102
239532470 -16.108271 -0.851458 0.694933 1.464530 -0.036526 1.035102
259490966 -15.237864 -2.583454 2.980524 1.463952 0.108365 0.849666
279449462 -11.918987 -5.094678 4.152196 1.540994 0.235971 0.692833
299407959 -8.479994 -5.570373 0.255824 1.612161 0.336182 0.703894
319366455 -11.680329 -5.517426 -2.551814 1.512810 0.314370 1.029724
339324951 -16.531147 -6.754274 -0.211721 1.479348 0.299026 1.057218
359283447 -18.413157 -8.854738 4.761503 1.497481 0.335162 0.915457
379272461 -12.909797 -10.740194 6.270416 1.602583 0.455482 0.705196
399230957 -7.860566 -13.271384 6.331965 1.851351 0.612473 0.506821
419189453 -3.177012 -14.965176 7.740549 2.221048 0.681821 0.251851
439147949 0.425478 -16.050533 6.104884 2.262223 0.681821 0.251851
459106445 1.773677 -16.634314 8.431869 2.905263 0.736822 -0.014431
479064941 6.965248 -15.117320 10.221457 -2.563082 0.623239 -0.260528
499023437 10.023527 -14.104410 3.472870 -2.139009 0.720188 -0.556785
518981933 8.895974 -13.355831 0.370630 -2.121765 0.805598 -0.612240
538940429 9.487743 -12.381059 3.539167 -2.021896 0.654365 -0.535513
558898925 11.080646 -11.626217 2.614166 -1.846422 0.610376 -0.665614
578857421 11.556221 -10.660172 1.409482 -1.755328 0.576509 -0.750160
598815918 11.964234 -9.635694 0.419753 -1.685429 0.530389 -0.823490
618804931 12.054174 -8.788713 -0.738402 -1.630776 0.497604 -0.893499
638763427 11.931468 -7.517997 -1.417289 -1.590105 0.431680 -0.933217
658721923 11.876683 -6.426220 -1.762389 -1.547414 0.362038 -0.959376
678680420 11.915349 -5.323164 -2.652232 -1.501022 0.291793 -1.022822
698638916 10.121116 -3.674000 -2.907539 -1.454685 0.193742 -0.972948
718597412 8.337922 -2.427787 -3.626116 -1.423461 0.104675 -0.942370
738555908 7.737753 -1.928130 -3.507198 -1.426840 0.104675 -0.942370
758514404 7.291317 -1.537862 -2.464383 -1.371436 0.014180 -0.801250
778472900 6.524755 -1.167799 -2.469801 -1.322073 -0.026568 -0.748833
798431396 5.535391 -0.851360 -2.620811 -1.331747 -0.026568 -0.748833
818389892 4.664423 -0.538778 -2.616913 -1.200447 -0.106530 -0.602832
838348388 3.804915 -0.225152 -2.420243 -1.095515 -0.146096 -0.503400
858337402 3.071203 -0.034123 -2.006743 -0.980275 -0.165736 -0.399079
878295898 2.460648 0.180585 -1.246165 -0.846942 -0.179409 -0.297022
898254394 1.900527 0.175360 -1.313947 -0.767509 -0.181826 -0.233898
918212890 1.241609 0.386099 -1.387981 -0.591707 -0.206977 -0.160459
938171386 0.914925 0.386448 -1.321009 -0.518205 -0.200941 -0.124355
958129882 1.087017 0.473534 -0.524278 -0.505687 -0.200941 -0.124355
978088379 1.129268 0.330733 -0.398090 -0.569900 -0.167688 -0.133362
998046875 1.459630 -0.003980 -0.277579 -0.697113 -0.126454 -0.162010
1018005371 1.109815 0.088914 -0.052679 -0.604965 -0.129537 -0.120194
1037963867 1.252247 0.026594 0.041897 -0.649457 -0.116969 -0.132519
1057922363 1.822519 -0.146488 0.671633 -0.781863 -0.089746 -0.176805
1077911377 1.863709 -0.297862 0.417767 -0.796269 -0.074743 -0.183349
1097869873 1.945842 -0.452127 0.681286 -0.806380 -0.074743 -0.183349
1117828369 2.252642 -0.572278 0.517303 -0.855975 -0.057012 -0.184958
1137786865 2.748077 -0.767125 -0.561237 -0.923209 -0.047065 -0.216139
1157745361 3.288615 -0.942124 -0.346581 -1.102212 -0.014032 -0.331697
1177703857 3.882093 -1.374240 -0.767569 -1.242461 0.027255 -0.392655
1197662353 4.103755 -1.879292 -1.412164 -1.341198 0.083279 -0.422999
1217620849 3.485843 -1.864777 -0.386899 -1.287698 0.073392 -0.300059
1237579345 4.089163 -2.195294 -1.287456 -1.400470 0.114514 -0.371168
1257537841 5.367442 -2.848418 -0.347391 -1.400306 0.114514 -0.371168
1277496337 5.420429 -2.910566 0.304317 -1.475092 0.157510 -0.397372
1297454834 4.325076 -2.739368 -0.485369 -1.451612 0.157348 -0.311238
1317443847 3.848386 -2.767824 -0.851043 -1.464260 0.157348 -0.311238
1337402343 3.193245 -2.955878 -0.070566 -1.497619 0.184809 -0.172298
1357360839 3.844932 -3.283021 0.543299 -1.517861 0.205624 -0.218215
1377319336 3.707557 -3.508377 1.121572 -1.515284 0.215695 -0.187827
1397277832 3.474673 -3.547024 0.376013 -1.573004 0.234191 -0.173811
1417236328 3.475314 -3.896667 -0.729250 -1.695031 0.300475 -0.190843
1437194824 3.269724 -3.875014 -0.304596 -1.671849 0.300475 -0.190843
1457153320 3.260238 -3.905361 0.528726 -1.632016 0.276927 -0.141158
1477111816 2.313416 -4.042369 1.314968 -1.638258 0.274650 -0.042679
1497070312 0.913350 -4.323552 1.127097 -1.643299 0.274650 -0.042679
1517028808 0.915459 -4.378368 0.503366 -2.128473 0.328973 0.095906
