0 -0.341893 -0.256183 0.346283 1.623074 -0.004253 -0.004726
19958496 -0.624744 -0.354522 -0.078977 1.600956 -0.004253 -0.004726
39916992 -0.810816 -0.187224 -0.321059 1.638401 0.003453 0.025154
59875489 -0.743885 -0.293708 -0.242632 1.623787 -0.001504 0.035126
79864502 -0.901854 -0.422635 0.255516 1.603439 -0.001504 0.035126
99822998 -1.776357 -0.412385 0.485870 1.621955 0.014349 0.122518
119781494 -2.428330 -0.544639 0.415940 1.634436 0.028183 0.179813
139739990 -3.921711 -0.747296 0.223276 1.637287 0.048647 0.317435
159698487 -5.955799 -0.916667 0.306190 1.630452 0.063194 0.478741
179656983 -8.080276 -1.096725 0.638041 1.622261 0.063194 0.478741
199615479 -10.085877 -1.300557 0.794462 1.607814 0.083227 0.710010
219573975 -10.610100 -1.597828 0.458847 1.603934 0.103723 0.748342
239532471 -10.454557 -2.373277 0.509149 1.620567 0.156496 0.735243
259490967 -10.401813 -2.808883 0.463535 1.614455 0.181774 0.734971
279449463 -10.605368 -3.315968 -0.155560 1.619198 0.215225 0.779084
299407959 -10.551054 -3.893852 -0.515706 1.610571 0.256410 0.797775
319396973 -10.495508 -4.651900 -0.237801 1.620345 0.303913 0.782346
339355469 -9.642131 -5.571065 0.216563 1.637480 0.371172 0.714532
359313965 -8.440352 -6.465806 1.011383 1.692428 0.431048 0.609975
379272461 -7.106196 -7.401488 1.820297 1.762308 0.485963 0.500800
399230957 -6.357689 -8.346859 2.914390 1.822136 0.513501 0.431039
419189453 -5.656160 -9.398894 2.840000 1.882841 0.572799 0.409835
439147949 -4.465912 -10.145761 2.661908 1.983197 0.626307 0.360290
459106446 -3.054975 -10.905046 3.284224 2.118361 0.657068 0.270435
479064942 -0.714492 -11.344551 4.109314 2.119619 0.657068 0.270435
499023438 1.851489 -11.430040 5.384496 2.363462 0.668733 0.108841
518981934 3.025688 -10.904492 5.578679 2.700018 0.638147 -0.057665
538940430 3.270658 -10.630472 5.117641 2.961941 0.611027 -0.118409
558898926 4.597132 -10.265567 5.050956 -2.901381 0.597759 -0.187359
578887940 6.716960 -9.911084 4.562283 -2.727647 0.597759 -0.187359
598846436 7.345808 -9.401740 3.066298 -2.160459 0.593242 -0.386828
618804932 6.568853 -8.811081 2.582335 -2.144390 0.586307 -0.344382
638763428 7.353901 -8.187633 2.796165 -1.931533 0.531398 -0.398317
658721924 7.977844 -7.590233 2.191015 -1.932494 0.531398 -0.398317
678680420 7.567337 -7.407442 1.294905 -1.810600 0.498627 -0.468448
698638916 8.582294 -7.241787 1.501120 -1.711688 0.467230 -0.554016
718597412 9.220232 -6.995097 0.427226 -1.721811 0.467230 -0.554016
738555908 9.277613 -6.331073 -0.431988 -1.619924 0.422044 -0.701293
758514405 8.786494 -5.324022 -0.553180 -1.566542 0.350722 -0.685955
778503418 8.462130 -4.539937 -1.290079 -1.530539 0.298463 -0.719428
798461914 8.180583 -3.955935 -1.863638 -1.510818 0.253875 -0.752004
818420410 7.492115 -3.285793 -2.333045 -1.466836 0.203167 -0.752209
838378906 6.886831 -2.612542 -2.339564 -1.476354 0.203167 -0.752209
858337403 6.069850 -2.046644 -1.898993 -1.383070 0.084576 -0.642625
878295899 5.049263 -1.593171 -1.745234 -1.383070 0.084576 -0.642625
898254395 3.986588 -1.118311 -1.650485 -1.213037 -0.011673 -0.457240
918212891 3.583516 -0.892412 -1.380162 -1.148994 -0.035664 -0.412471
938171387 3.550847 -0.927309 -1.426215 -1.149531 -0.030539 -0.418171
958129883 3.845734 -1.070569 -1.358043 -1.207534 -0.012890 -0.447966
978088379 3.745188 -0.939331 -1.103913 -1.179927 -0.025772 -0.427924
998046875 3.092514 -0.645714 -1.170802 -1.076501 -0.057437 -0.367887
1018035889 2.238984 -0.217727 -0.928006 -0.901253 -0.102449 -0.274624
1037994385 1.480921 0.046486 -0.743865 -0.732195 -0.128698 -0.193491
1057952881 1.133581 0.254816 -0.584094 -0.617162 -0.147639 -0.157140
1077911377 1.141911 0.277097 -0.673735 -0.643736 -0.148982 -0.162311
1097869873 1.276627 0.245785 -0.492096 -0.657059 -0.139763 -0.174820
1117828369 1.771248 0.117032 -0.129949 -0.756208 -0.118486 -0.218352
1137786865 1.643347 0.128064 -0.145690 -0.766089 -0.118486 -0.218352
1157745362 1.194217 0.184663 -0.085785 -0.646227 -0.122132 -0.159257
1177703858 0.798715 0.377647 0.384457 -0.528086 -0.134326 -0.113725
1197662354 0.821875 0.261169 0.280930 -0.559437 -0.122983 -0.117220
1217620850 1.035246 0.129359 0.397239 -0.606809 -0.107852 -0.135401
1237579346 1.076018 0.025124 0.346419 -0.642248 -0.098082 -0.137437
1257568360 1.065849 -0.009329 0.387250 -0.639668 -0.094930 -0.133606
1277526856 1.144163 -0.143066 0.090295 -0.693755 -0.085202 -0.143807
1297485352 1.248257 -0.317577 0.042534 -0.756451 -0.068646 -0.153607
1317443848 1.358064 -0.299282 0.478567 -0.756451 -0.068646 -0.153607
1337402344 1.571045 -0.487782 -0.201070 -0.772154 -0.070310 -0.156313
1357360840 1.662276 -0.610330 -0.736322 -0.861243 -0.059693 -0.187805
1377319336 1.630075 -0.575762 -0.344132 -0.904686 -0.052125 -0.206501
1397277832 1.607852 -0.562623 -0.348049 -0.874609 -0.062287 -0.183092
1417236328 1.768058 -0.687207 -0.168139 -0.955581 -0.054230 -0.187136
1437194824 1.691944 -0.691855 -0.018034 -0.955581 -0.054230 -0.187136
1457153321 1.578076 -0.893694 -0.256285 -0.933601 -0.061428 -0.167235
1477111817 1.897827 -1.278998 -0.242947 -0.978046 -0.051716 -0.151847
1497100830 2.346253 -1.851547 -0.169641 -1.127286 -0.021522 -0.178152
1517059326 3.381239 -2.303740 0.534283 -1.398036 0.055539 -0.291587
