0 -0.876738 -0.079734 -0.005842 1.461089 0.003400 0.012141
19958496 -1.137736 -0.096407 0.180820 1.478992 0.003344 0.088973
39916992 -0.943025 -0.071012 -0.057379 1.463058 -0.002451 0.069178
59875488 -1.913558 -0.032776 -0.336256 1.498978 -0.007485 0.166954
79833984 -2.572460 -0.387861 -0.002567 1.529309 0.028155 0.218928
99792480 -3.325846 -0.818605 0.306197 1.568285 0.066041 0.276734
119750977 -4.075304 -0.825361 0.271544 1.569469 0.060505 0.339915
139709473 -5.119900 -0.716559 -0.652981 1.571858 0.060505 0.339915
159667969 -7.577363 -1.161866 -2.358443 1.559013 0.088984 0.738234
179626465 -10.135658 -1.993941 -1.877138 1.559833 0.142089 0.860700
199584961 -10.461460 -2.394532 -0.508760 1.577199 0.154151 0.797750
219573975 -9.573496 -2.423256 -0.733806 1.575054 0.153902 0.764659
239532471 -9.471281 -2.341459 -1.644165 1.572831 0.142466 0.816322
259490967 -9.520654 -2.619473 -2.393989 1.581071 0.142466 0.816322
279449463 -10.563701 -3.274239 -2.625896 1.565295 0.202817 0.943683
299407959 -10.768591 -3.795727 -1.618566 1.557876 0.202817 0.943683
319366455 -9.726940 -4.523232 -0.134665 1.598786 0.285965 0.757397
339324951 -8.010576 -6.012101 2.525238 1.682902 0.363120 0.547960
359283447 -6.252165 -7.360042 5.445587 1.754969 0.393257 0.373393
379241943 -6.044836 -8.486826 5.265292 1.808298 0.448737 0.384140
399200439 -6.943683 -9.205724 5.130326 1.800701 0.470679 0.457826
419158936 -5.973363 -9.776970 5.356374 1.822726 0.470679 0.457826
439117432 -3.831695 -10.208784 5.479139 1.883393 0.497862 0.417016
459106445 -2.534770 -10.718890 5.853168 2.126745 0.558480 0.240851
479064941 -1.501328 -10.850942 7.525156 2.193327 0.528629 0.176382
499023437 0.199586 -11.558064 8.248226 2.244812 0.528629 0.176382
518981934 3.090798 -11.923734 8.418912 2.514956 0.546493 0.093063
538940430 5.130132 -11.213455 8.600856 -2.832140 0.521656 -0.135034
558898926 6.142759 -10.476909 6.977501 -2.490997 0.525023 -0.190236
578857422 6.815267 -10.119411 5.739997 -2.260885 0.536372 -0.240607
598815918 9.387284 -9.529891 6.687029 -1.887033 0.461883 -0.369990
618774414 11.175265 -8.517050 4.760112 -1.720480 0.429090 -0.511957
638732910 10.809623 -7.491370 2.337778 -1.728410 0.429090 -0.511957
658691406 9.509331 -6.542565 1.445329 -1.685980 0.392636 -0.527882
678649902 9.272975 -5.786921 1.542905 -1.636899 0.328160 -0.522622
698638916 9.483275 -5.447569 0.656764 -1.595582 0.303593 -0.596453
718597412 9.780624 -4.964381 -0.588514 -1.559278 0.269348 -0.701849
738555908 9.434422 -4.267214 -1.126009 -1.535931 0.209697 -0.730429
758514404 8.518534 -3.445938 -1.901933 -1.500307 0.141757 -0.733608
778472900 7.506268 -2.738510 -2.440428 -1.466219 0.071203 -0.709677
798431396 7.020114 -2.295146 -2.942614 -1.433174 0.019568 -0.720774
818389893 6.437501 -1.914625 -2.633292 -1.398107 -0.025180 -0.658065
838348389 6.004797 -1.581627 -1.601482 -1.349618 -0.060143 -0.561251
858306885 5.616420 -1.374004 -1.604332 -1.350765 -0.060143 -0.561251
878265381 5.135788 -1.058847 -1.419264 -1.261140 -0.117591 -0.482116
898223877 4.480995 -0.695235 -1.000956 -1.266703 -0.117591 -0.482116
918182373 4.041051 -0.366098 -1.126990 -1.097124 -0.194038 -0.370643
938171387 3.994191 -0.343406 -1.196112 -1.094320 -0.197435 -0.374547
958129883 4.194905 -0.295365 -1.275997 -1.134292 -0.201004 -0.405173
978088379 4.034691 -0.169379 -1.363516 -1.122353 -0.201004 -0.405173
998046875 2.990248 0.401747 -0.939919 -0.899107 -0.269751 -0.272326
1018005371 1.928316 0.778071 -0.929847 -0.670023 -0.311233 -0.154029
1037963867 1.153311 1.143609 -0.348675 -0.472208 -0.326820 -0.059824
1057922363 1.020332 1.165812 0.216234 -0.453209 -0.307745 -0.043111
1077880859 1.595068 0.750659 0.392832 -0.624803 -0.259598 -0.101145
1097839355 2.169750 0.328088 0.605305 -0.779916 -0.211577 -0.155442
1117797852 2.187519 0.210188 0.264128 -0.804973 -0.204547 -0.162544
1137756348 1.969409 0.266738 0.473853 -0.753918 -0.204209 -0.136760
1157714844 2.037951 0.218542 0.609604 -0.780542 -0.196063 -0.139529
1177703857 2.557365 -0.079252 0.327668 -0.895675 -0.170951 -0.191350
1197662353 3.339299 -0.405676 0.263647 -0.892238 -0.170951 -0.191350
1217620850 3.860311 -0.673942 -0.316860 -1.138531 -0.116817 -0.331183
1237579346 4.299644 -0.771049 -0.230618 -1.185377 -0.104376 -0.367448
1257537842 4.607969 -0.924467 -0.476433 -1.219610 -0.091546 -0.399088
1277496338 4.826406 -1.039007 -0.650840 -1.254209 -0.083130 -0.415121
1297454834 4.671072 -1.114193 -0.736951 -1.246948 -0.080573 -0.390910
1317413330 4.740715 -1.317099 -1.217875 -1.264526 -0.080573 -0.390910
1337371826 5.285336 -1.746826 -0.696843 -1.355905 -0.017997 -0.420255
1357330322 5.945104 -2.425584 0.103345 -1.436824 0.044559 -0.426019
1377288818 5.391326 -2.740288 0.370038 -1.465401 0.067873 -0.345310
1397247314 4.875651 -2.733777 -0.604227 -1.483369 0.068464 -0.312577
1417236328 5.669291 -3.387677 -0.261154 -1.558812 0.129877 -0.373008
1437194824 5.720976 -3.815062 0.503978 -1.613658 0.160484 -0.350355
1457153320 5.182135 -4.106677 -0.502005 -1.674967 0.213383 -0.337362
1477111816 4.943081 -4.233330 -0.902161 -1.710084 0.248093 -0.333955
1497070312 5.349997 -4.234370 0.474206 -1.661391 0.228054 -0.334375
