0 0.551697 0.056553 0.220346 -0.220995 -0.021048 -0.012439
19958497 0.617487 0.080529 0.042294 -0.220995 -0.021048 -0.012439
39916993 0.409984 0.268892 -0.214590 -0.173313 -0.045991 0.000501
59875489 0.472679 0.435362 -0.407661 -0.166458 -0.045991 0.000501
79833985 0.948841 0.360875 -0.480385 -0.163832 -0.066297 -0.004087
99792481 1.703540 0.313164 -0.705173 -0.478462 -0.058008 -0.134868
119750977 2.333671 0.246887 -0.990632 -0.605719 -0.051748 -0.206506
139709473 2.896493 0.166090 -0.720815 -0.605719 -0.051748 -0.206506
159667969 3.376600 0.213224 -0.278410 -0.751175 -0.044104 -0.284629
179626465 3.870001 0.150166 -0.256209 -0.805462 -0.039192 -0.324623
199615479 4.634763 -0.072320 -0.230971 -0.907473 -0.018618 -0.391139
219573975 5.851180 -0.441963 -0.885645 -1.069611 0.018245 -0.526458
239532471 6.737541 -0.859711 -0.447115 -1.053562 0.018245 -0.526458
259490967 7.475999 -0.943845 0.248945 -1.121774 0.056980 -0.577336
279449463 8.065410 -1.354909 0.223330 -1.169106 0.087830 -0.633958
299407959 8.834329 -2.303766 0.205052 -1.242902 0.155404 -0.679200
319366456 9.736946 -3.338099 0.693391 -1.259960 0.155404 -0.679200
339324952 9.864611 -4.139068 1.535967 -1.318000 0.217135 -0.706576
359283448 9.035952 -4.770595 2.255978 -1.403800 0.296513 -0.604422
379241944 8.472019 -5.999376 2.372151 -1.511878 0.374512 -0.571677
399200440 8.017426 -6.126334 2.480524 -1.516119 0.374512 -0.571677
419158936 8.473318 -6.477500 1.636524 -1.553536 0.380910 -0.544898
439117432 8.100677 -9.339437 1.623494 -1.808008 0.574498 -0.591971
459106446 7.293167 -11.787931 1.939784 -1.820715 0.574498 -0.591971
479064942 5.749357 -12.184185 1.935332 -2.209151 0.747368 -0.445528
499023438 2.123070 -13.733706 3.773138 -2.209151 0.747368 -0.445528
518981934 -1.827824 -14.860536 5.709994 -2.776012 0.790954 -0.160345
538940430 -5.493549 -12.066044 6.155040 2.227061 0.649497 0.301692
558898926 -15.680467 -9.135080 5.435131 2.121057 0.649497 0.301692
578857422 -22.648396 -6.819417 3.772261 1.269328 0.287086 1.012828
598815918 -19.803452 -5.004045 2.239142 1.255486 0.255014 1.000885
618774415 -15.694107 -4.215557 0.421740 1.258689 0.255014 1.000885
638732911 -13.596635 -3.380519 0.975580 1.279020 0.265455 0.856000
658691407 -11.929240 -3.058631 3.166381 1.280000 0.241617 0.687198
678649903 -11.150084 -1.745992 1.999452 1.290566 0.169061 0.693699
698608399 -11.282276 -0.081941 -0.265310 1.293744 0.047869 0.806264
718597413 -9.955598 0.905340 -2.827257 1.293744 0.047869 0.806264
738555909 -7.659208 1.480040 -4.156452 1.311897 -0.054625 0.892156
758514405 -6.104787 1.705047 -4.492004 1.270753 -0.232933 0.738809
778472901 -5.951085 1.549209 -4.089078 1.270753 -0.232933 0.738809
798431397 -5.901820 1.370477 -2.582841 1.271791 -0.145053 0.572828
818389893 -5.149758 1.323795 -1.001266 1.280389 -0.145053 0.572828
838348389 -3.671498 1.260142 0.286285 1.195146 -0.098027 0.234240
858306885 -2.947232 1.062531 0.286820 1.195146 -0.098027 0.234240
878265381 -2.753713 1.045287 -0.458609 1.158873 -0.095241 0.161621
898223877 -2.526445 0.934882 -1.027884 1.204832 -0.094701 0.147379
918182374 -2.820333 1.041274 -1.312149 1.219254 -0.111611 0.191132
938140870 -2.493984 1.146186 -1.119638 1.192900 -0.119055 0.156086
958129883 -1.940675 1.067711 -0.517643 1.179515 -0.098324 0.092023
978088379 -1.680001 0.897626 0.069853 1.166585 -0.098324 0.092023
998046875 -1.568245 0.972106 0.671019 1.182422 -0.068838 0.063121
1018005372 -1.604421 0.774275 1.057216 1.187546 -0.066731 0.049798
1037963868 -1.490164 0.600532 0.781425 1.243417 -0.029141 0.048298
1057922364 -1.465677 0.610079 0.316341 1.243417 -0.029141 0.048298
1077880860 -1.649612 0.548978 0.258660 1.258904 -0.032371 0.052407
1097839356 -1.721308 0.588894 0.292659 1.273867 -0.031866 0.086223
1117797852 -1.319434 0.644239 0.389553 1.261171 -0.031866 0.086223
1137756348 -0.911438 0.470479 0.475857 1.231723 -0.038235 0.048190
1157714844 -0.710355 0.331394 0.222216 1.252234 -0.013448 -0.005764
1177673340 -0.531566 0.214988 -0.129199 1.259057 -0.003982 -0.021400
1197631836 -0.319064 0.041943 -0.066991 1.283170 0.013835 -0.042507
1217620850 -0.235499 -0.137285 0.129094 1.317077 0.032424 -0.050370
1237579346 -0.501458 -0.187971 0.219917 1.317077 0.032424 -0.050370
1257537842 -0.457608 -0.296593 0.366729 1.362757 0.049161 -0.027915
1277496338 -0.161768 -0.376921 0.435324 1.362757 0.049161 -0.027915
1297454834 0.037932 -0.418436 0.456065 1.358598 0.056246 -0.055395
1317413331 0.361980 -0.502691 0.505319 1.369434 0.058842 -0.073938
1337371827 0.344438 -0.442077 0.282844 1.352718 0.055877 -0.104952
1357330323 -0.001195 -0.323133 0.019467 1.350152 0.042445 -0.073290
1377288819 -0.039915 -0.100471 -0.027756 1.283774 0.017171 -0.070713
1397247315 0.021597 -0.100241 -0.151221 1.272666 0.014900 -0.078562
1417205811 0.017963 -0.064278 -0.321762 1.271063 0.010114 -0.079991
1437164307 -0.101421 -0.038807 -0.200315 1.257788 0.010114 -0.079991
1457122803 -0.179397 0.059424 -0.107876 1.255589 -0.003468 -0.059977
1477111817 -0.246864 0.017230 -0.155596 1.260566 -0.003468 -0.059977
1497070313 -0.226393 0.004834 -0.151157 1.270390 0.000498 -0.052321
1517028809 0.097494 0.096680 -0.169721 1.256477 0.001493 -0.052792
