0 -1.042250 -0.241259 0.649734 1.383279 0.021597 0.047537
19958496 -0.817285 -0.411158 0.570661 1.379956 0.023451 0.016097
39916992 -0.685975 -0.579802 0.159588 1.428618 0.053509 -0.020267
59875488 -0.943522 -0.560735 0.100885 1.431001 0.049983 0.001942
79833985 -1.399437 -0.523661 0.244206 1.438664 0.043038 0.042598
99792481 -2.104015 -0.588047 0.296820 1.449449 0.044043 0.107780
119750977 -3.142446 -0.505157 -0.275477 1.465018 0.031595 0.218026
139709473 -4.323909 -0.231235 -0.762958 1.472014 0.031595 0.218026
159667969 -4.968903 -0.084309 -0.517271 1.443333 -0.015841 0.395752
179626465 -5.248967 -0.205256 -0.123393 1.467741 -0.005058 0.401511
199584961 -5.683589 -0.369712 0.058585 1.481143 0.007140 0.428917
219573975 -6.203467 -0.714823 -0.001009 1.498219 0.033839 0.473872
239532471 -6.169310 -1.204566 -0.457962 1.535059 0.077613 0.491680
259490967 -5.885221 -1.375825 -0.746659 1.539616 0.096205 0.480869
279449463 -5.609080 -1.546422 -0.403892 1.546575 0.112189 0.440439
299407959 -5.506596 -1.611237 0.214503 1.550032 0.113530 0.405652
319366455 -5.563030 -1.813321 0.408785 1.541108 0.113530 0.405652
339324951 -5.604601 -1.928321 0.483703 1.548022 0.136982 0.406428
359283447 -5.927084 -2.351685 0.727984 1.556669 0.167462 0.430333
379241944 -5.457213 -2.907297 1.219894 1.585478 0.207679 0.385341
399200440 -4.246632 -3.182465 1.882700 1.615583 0.220673 0.280808
419158936 -3.337641 -3.495997 1.691919 1.660020 0.243857 0.223241
439147949 -2.997877 -3.984628 0.733253 1.724250 0.295585 0.229839
459106445 -3.647364 -4.578578 -0.104711 1.750215 0.355028 0.332611
479064942 -4.458397 -5.514995 -0.286402 1.775029 0.424488 0.432118
499023438 -4.508049 -6.060013 -0.012593 1.803042 0.459774 0.439107
518981934 -2.835875 -6.432735 0.849560 1.942256 0.485354 0.275909
538940430 -0.289922 -6.520060 1.720703 2.176395 0.480221 0.048396
558898926 0.179702 -6.403306 1.474363 2.233870 0.485138 0.023460
578857422 -0.175556 -6.131004 1.094395 2.139342 0.484814 0.081568
598815918 1.378420 -5.830133 2.528207 2.272586 0.423659 -0.030070
618774414 3.229657 -5.590008 4.438576 2.625546 0.358270 -0.135166
638732910 4.353551 -5.054972 4.179521 -2.269100 0.328266 -0.199518
658691406 4.471622 -4.506259 2.978024 -1.785990 0.320454 -0.217308
678649903 4.598671 -3.993514 3.903661 -1.299967 0.268395 -0.210492
698638916 5.210653 -3.768373 4.549844 -1.174095 0.238212 -0.244268
718597412 5.677074 -3.684637 3.373466 -1.265433 0.243454 -0.302802
738555908 6.088381 -3.510604 2.652522 -1.288203 0.232384 -0.356149
758514404 6.162844 -3.425887 2.004984 -1.329246 0.224839 -0.389852
778472901 5.520281 -3.221125 0.497842 -1.363801 0.227031 -0.402196
798431397 5.493573 -2.975551 -0.364206 -1.368974 0.211342 -0.449561
818389893 6.168917 -2.997256 -0.350227 -1.380696 0.198311 -0.520779
838348389 6.860763 -3.099748 -0.227048 -1.381113 0.190076 -0.578374
858306885 6.647622 -2.950425 -0.795297 -1.379688 0.177778 -0.598237
878265381 6.000823 -2.479498 -1.380749 -1.339296 0.139587 -0.585370
898223877 5.472617 -2.014913 -1.718915 -1.354143 0.139587 -0.585370
918212891 4.865390 -1.637163 -1.590781 -1.215610 0.057172 -0.509828
938171387 4.683839 -1.381235 -0.870713 -1.135384 0.027509 -0.459114
958129883 4.789475 -1.422171 -0.479465 -1.165376 0.027900 -0.448878
978088379 4.522919 -1.368234 -0.509218 -1.135811 0.019829 -0.425415
998046875 4.178016 -1.076487 -0.517546 -1.090936 -0.011962 -0.398546
1018005371 3.940529 -0.887769 -0.613691 -1.052217 -0.033501 -0.389075
1037963867 3.623484 -0.640970 -0.762120 -1.014960 -0.061506 -0.375804
1057922363 3.421598 -0.484907 -0.708633 -0.960682 -0.079215 -0.364751
1077880860 3.309903 -0.402077 -0.633595 -0.928881 -0.090546 -0.359522
1097839356 2.912917 -0.291303 -1.130837 -0.890291 -0.111449 -0.345179
1117797852 2.618120 -0.078456 -1.332077 -0.825762 -0.139934 -0.328774
1137756348 2.457032 0.016371 -1.368459 -0.823164 -0.139934 -0.328774
1157745361 2.412234 0.039914 -0.963189 -0.777691 -0.145697 -0.301697
1177703858 2.207749 -0.043170 -0.708450 -0.736626 -0.132836 -0.270535
1197662354 1.807616 0.011686 -0.598694 -0.654046 -0.136866 -0.222292
1217620850 1.335403 0.079285 -0.386015 -0.523943 -0.139207 -0.165232
1237579346 1.090578 0.127525 0.169205 -0.466125 -0.133963 -0.130324
1257537842 0.890568 0.151757 0.447639 -0.414694 -0.131540 -0.108119
1277496338 1.148582 0.118225 0.536763 -0.470859 -0.127245 -0.133899
1297454834 1.334075 0.050650 0.131500 -0.488345 -0.127245 -0.133899
1317413330 1.463947 0.013149 -0.502818 -0.579155 -0.130221 -0.188867
1337371826 1.540312 0.102491 -0.354626 -0.581693 -0.135427 -0.195325
1357330322 1.692700 0.174314 -0.050170 -0.568468 -0.135427 -0.195325
1377288819 2.084910 0.121057 -0.090503 -0.581814 -0.136675 -0.204067
1397247315 2.765425 -0.047492 0.150405 -0.783067 -0.107394 -0.296619
1417236328 3.140404 -0.157061 0.195401 -0.854958 -0.095563 -0.322476
1437194824 3.057515 -0.224233 0.165226 -0.861955 -0.090383 -0.306250
1457153320 3.051916 -0.349464 0.176152 -0.866713 -0.080082 -0.292701
1477111817 3.633527 -0.744290 0.135504 -1.015295 -0.044638 -0.330633
1497070313 4.278048 -1.163895 0.123615 -1.116807 -0.009562 -0.369430
