0 0.853047 0.085161 0.222223 -0.497584 -0.120598 -0.065449
19958496 1.018053 -0.024340 -0.106174 -0.499563 -0.120598 -0.065449
39916992 1.298972 -0.083684 -0.124152 -0.548683 -0.114720 -0.086029
59875488 1.376114 -0.192232 -0.133318 -0.637427 -0.096510 -0.118936
79833984 1.377838 -0.370107 -0.108126 -0.673952 -0.077625 -0.115690
99792480 1.854351 -0.290766 -0.339490 -0.730353 -0.087993 -0.167137
119750976 2.485027 -0.349678 -0.512957 -0.835374 -0.082422 -0.234776
139709472 2.741872 -0.547691 -0.423946 -0.844383 -0.082422 -0.234776
159667969 2.993387 -0.826369 -0.157779 -0.893193 -0.059862 -0.256002
179626465 3.531342 -1.185810 -0.143289 -1.058849 0.006197 -0.316022
199615478 4.031966 -1.381161 -0.369956 -1.126302 0.024485 -0.365347
219573974 4.587400 -1.654171 -0.598862 -1.125069 0.024485 -0.365347
239532470 5.099976 -2.039025 -0.874554 -1.264767 0.087969 -0.475133
259490967 5.458148 -2.507102 -0.925695 -1.267422 0.087969 -0.475133
279449463 5.454461 -3.000645 -0.843736 -1.397486 0.181614 -0.498087
299407959 5.676317 -3.387212 -0.930302 -1.439922 0.218914 -0.520686
319366455 6.419074 -3.535991 -1.101869 -1.447165 0.230159 -0.593170
339324951 7.069140 -3.749483 -0.532891 -1.434820 0.235457 -0.615551
359283447 7.114677 -4.176721 -0.140630 -1.466300 0.268175 -0.602416
379241943 6.623745 -4.766207 0.057110 -1.529247 0.323519 -0.561214
399200439 6.408813 -5.247421 0.500240 -1.523204 0.323519 -0.561214
419158935 6.753247 -5.501242 0.917455 -1.577047 0.358161 -0.532404
439117431 7.358503 -5.774048 1.205600 -1.578926 0.370926 -0.591547
459075927 7.493191 -6.430068 1.556537 -1.626334 0.407770 -0.598247
479034424 6.504426 -7.531772 2.582143 -1.636188 0.407770 -0.598247
498992920 5.332150 -8.481117 3.458927 -2.100295 0.515271 -0.424983
518951416 4.934875 -8.891842 3.385804 -2.278845 0.543887 -0.420800
538909912 5.143680 -9.131947 3.280549 -2.432893 0.543887 -0.420800
558898926 4.970987 -9.365349 3.296953 -2.496811 0.566961 -0.472334
578857422 3.867614 -10.243780 3.656448 -2.751899 0.566961 -0.472334
598815918 2.066083 -11.329800 5.204870 2.795318 0.633295 -0.300143
618774414 1.384593 -11.206186 6.199836 2.537183 0.602696 -0.272701
638732910 2.667046 -10.027567 6.489227 2.543231 0.528593 -0.367580
658691406 3.438815 -9.808237 6.228000 2.570615 0.511353 -0.432447
678649902 1.235802 -11.524984 7.087847 2.544444 0.511353 -0.432447
698608398 -1.469917 -13.112024 6.840036 2.411480 0.577120 -0.304526
718566894 -2.318565 -13.101502 5.112081 2.303456 0.655949 -0.160961
738525390 -2.226139 -12.838640 4.734522 2.312793 0.705443 -0.134681
758483886 -3.143868 -13.166325 4.427057 2.361427 0.697878 -0.150890
778442383 -5.215843 -13.904988 4.031093 2.349142 0.716749 -0.080953
798400879 -6.420536 -13.523380 3.328897 2.257889 0.751575 0.090362
818359375 -6.757539 -12.652633 2.735808 2.141643 0.713291 0.263516
838317871 -7.330098 -11.570579 1.370096 2.129268 0.693738 0.366961
858276367 -7.374845 -10.655746 0.468189 2.128415 0.665804 0.427891
878234863 -7.649323 -9.920248 -0.197450 2.137387 0.629330 0.508214
898193359 -8.601995 -8.949425 -0.921448 2.086231 0.558679 0.646036
918182373 -8.930308 -7.969976 -0.733516 2.104775 0.468732 0.676087
938140869 -8.764791 -6.996431 -0.675185 2.133035 0.468732 0.676087
958099365 -8.018112 -5.706358 -1.416138 2.134754 0.314777 0.670192
978057861 -7.293330 -4.788201 -1.684267 2.148402 0.245016 0.634899
998016357 -6.604784 -3.990078 -1.539123 2.158373 0.245016 0.634899
1017974853 -5.893310 -3.312710 -1.277879 2.172318 0.099780 0.485918
1037933349 -4.869190 -2.615739 -1.093024 2.188788 0.024921 0.369235
1057891845 -3.952538 -1.925527 -0.704086 2.185541 -0.051619 0.252941
1077850342 -3.191673 -1.427894 -0.408886 2.175800 -0.051619 0.252941
1097808838 -2.593310 -0.973987 -0.169110 2.158415 -0.150231 0.090424
1117767334 -2.334155 -0.836085 0.179096 2.175311 -0.150231 0.090424
1137725830 -2.130857 -0.718029 0.309503 2.177782 -0.170589 0.039342
1157684326 -1.965102 -0.650266 -0.045222 2.158086 -0.184960 0.028948
1177642822 -2.452253 -0.802197 -0.467956 2.158086 -0.184960 0.028948
1197601318 -2.769043 -0.937572 -0.363358 2.145231 -0.176065 0.092319
1217559814 -2.606111 -0.858891 -0.447639 2.139087 -0.170186 0.114096
1237518310 -2.602216 -0.948584 -0.534943 2.131124 -0.170186 0.114096
1257476806 -2.603621 -0.868317 -0.442707 2.118664 -0.168996 0.108398
1277435302 -2.725191 -1.145774 -0.328009 2.134142 -0.136359 0.114593
1297424316 -2.652312 -1.272337 -0.310154 2.142454 -0.121311 0.100252
1317382812 -2.584322 -1.269464 -0.285102 2.145872 -0.120819 0.085839
1337341308 -2.706333 -1.579334 -0.518925 2.162648 -0.089019 0.094874
1357299804 -3.177538 -1.769102 -1.156124 2.132748 -0.071009 0.154035
1377258301 -4.199463 -2.423845 -1.750122 2.119775 -0.071009 0.154035
1397216797 -4.886353 -3.253342 -1.539845 2.096669 0.015430 0.288560
1417175293 -4.746260 -3.668281 -0.765759 2.146027 0.170723 0.283596
1437133789 -4.252234 -3.696046 -0.613744 2.170819 0.181742 0.203493
1457092285 -4.654006 -3.592123 -1.291101 2.115128 0.193318 0.251242
1477050781 -5.503894 -4.085787 -1.164288 2.085231 0.193318 0.251242
1497009277 -5.926786 -5.129385 -0.176970 2.033546 0.257201 0.331644
1516967773 -6.325500 -6.243887 0.661648 2.049662 0.428660 0.316616
