0 0.684026 0.070205 0.335535 -0.190900 -0.003772 -0.062271
19958496 0.310556 0.050041 -0.256891 -0.100033 -0.005016 -0.025583
39916992 0.029965 0.242115 -0.336546 -0.085278 -0.005016 -0.025583
59906006 0.144185 0.352589 -0.258528 -0.035622 -0.040138 -0.006527
79864502 0.230299 0.333732 -0.171107 -0.057020 -0.039777 -0.012437
99822998 -0.031341 0.396683 -0.197997 0.031632 -0.049351 0.019958
119781494 -0.400041 0.438970 -0.481768 0.021012 -0.049351 0.019958
139739990 -0.600532 0.496007 -0.369089 0.172392 -0.063715 0.089239
159698486 -0.648798 0.439197 -0.386181 0.181058 -0.057746 0.095481
179656982 -0.846796 0.401190 -0.241252 0.232276 -0.052783 0.115391
199615478 -0.871520 0.438910 -0.311357 0.234617 -0.057658 0.119747
219573975 -0.060484 0.391292 -0.566608 0.028523 -0.054999 0.037405
239532471 0.818896 0.460866 -0.628949 -0.215464 -0.064216 -0.053875
259490967 1.836879 0.371309 -0.631619 -0.248530 -0.064216 -0.053875
279479980 2.852405 0.450755 -0.726463 -0.656645 -0.070208 -0.253196
299438477 3.146507 0.673636 -1.617282 -0.709257 -0.106413 -0.304327
319396973 3.542529 1.037831 -1.803165 -0.737860 -0.148931 -0.355060
339355469 5.067098 1.225977 -1.255839 -0.868678 -0.150221 -0.487107
359313965 7.123833 1.254271 -1.333789 -0.998198 -0.139021 -0.663569
379272461 9.214677 0.931912 -2.028633 -1.121053 -0.100005 -0.843775
399230957 11.342167 0.356134 -1.189849 -1.169700 -0.043128 -0.898521
419189453 13.427691 -0.879106 -0.955431 -1.229012 0.040922 -0.966062
439147949 15.296778 -3.051089 -0.324051 -1.283173 0.163005 -0.994139
459106445 18.385157 -5.680316 0.977246 -1.325981 0.263475 -1.021812
479064941 20.020805 -8.616343 1.921155 -1.365350 0.366170 -1.024055
499023437 18.209379 -10.799314 3.428781 -1.439232 0.463909 -0.922875
519012451 15.586783 -12.860510 4.294046 -1.568717 0.569438 -0.817228
538970947 13.282089 -15.154043 5.047459 -1.737393 0.671070 -0.718922
558929443 10.650396 -16.806765 6.603370 -1.981238 0.729067 -0.577116
578887939 8.979575 -18.780386 7.829042 -2.249065 0.776137 -0.484411
598846436 5.869416 -21.111006 7.593075 -2.688020 0.869031 -0.353577
618804932 2.237115 -22.915264 7.085397 3.118733 0.944816 -0.179106
638763428 -3.535931 -23.915190 5.896975 2.528955 0.998463 0.157304
658721924 -10.217563 -23.250223 3.220237 1.946074 0.987913 0.602970
678680420 -15.480077 -20.483950 2.906968 1.641729 0.843957 0.834626
698638916 -17.097290 -17.465729 3.212983 1.538492 0.734361 0.873039
718597412 -16.369610 -14.633441 3.079865 1.548698 0.663625 0.854072
738586426 -16.630476 -12.600756 1.158124 1.512350 0.611484 0.943142
758544922 -16.558170 -10.689795 -0.540978 1.499681 0.552690 1.021626
778503418 -16.101057 -9.688346 -2.845225 1.477335 0.540651 1.129609
798461914 -13.638827 -8.788318 -3.223117 1.524607 0.562640 1.081397
818420410 -10.754146 -6.504632 -1.788536 1.644930 0.476036 0.874305
838378906 -9.067038 -4.157147 -2.859533 1.658682 0.353224 0.856819
858337402 -8.619061 -2.617259 -4.383767 1.644278 0.227846 0.959864
878295898 -8.192573 -1.665734 -4.744729 1.663371 0.123135 0.976926
898254394 -7.308675 -0.938644 -4.219028 1.688528 0.037941 0.876552
918212891 -7.074781 -0.628532 -3.624221 1.696355 0.001609 0.811208
938171387 -7.339107 -0.086067 -2.671041 1.690754 -0.050955 0.759389
958160400 -7.203078 0.244786 -1.543063 1.689056 -0.076677 0.678149
978118896 -6.158450 0.671231 -1.733868 1.672515 -0.123657 0.612570
998077393 -4.974665 0.853732 -1.610643 1.646389 -0.145292 0.506749
1018035889 -3.403220 0.958590 -0.996543 1.634822 -0.151825 0.328476
1037994385 -2.825608 0.638803 -0.599097 1.659253 -0.108505 0.258741
1057952881 -2.708748 0.535707 -0.349786 1.688049 -0.088013 0.238727
1077911377 -2.814475 0.664998 -0.395100 1.685465 -0.088013 0.238727
1097869873 -2.328578 0.607689 0.588935 1.684886 -0.069779 0.174011
1117828369 -1.999718 0.324578 1.337886 1.696457 -0.069779 0.174011
1137786865 -1.815094 0.023739 0.971490 1.769799 -0.007531 0.127487
1157745361 -1.719590 -0.203559 0.445313 1.799675 0.016757 0.129783
1177734375 -1.735548 -0.196040 0.637862 1.792199 0.016757 0.129783
1197692871 -1.786474 -0.405071 0.720973 1.790998 0.019178 0.130982
1217651367 -2.460049 -0.532427 0.809476 1.808518 0.056831 0.193211
1237609863 -3.354049 -0.510958 0.678611 1.780901 0.056433 0.274420
1257568359 -3.710775 -0.614242 0.275784 1.772818 0.068755 0.317453
1277526855 -3.925503 -0.833889 0.222221 1.783419 0.089708 0.339618
1297485352 -4.230326 -1.464462 0.307755 1.805409 0.145567 0.363346
1317443848 -4.898531 -1.913748 -0.191031 1.813780 0.189993 0.435449
1337402344 -5.710447 -1.816786 -0.465393 1.762024 0.180778 0.508759
1357360840 -6.444899 -2.155723 -0.552053 1.759966 0.207534 0.566055
1377319336 -6.777848 -2.610364 -0.686714 1.752415 0.247236 0.594931
1397277832 -6.261329 -3.073440 -0.673623 1.771332 0.295171 0.551389
1417266846 -6.064240 -3.362314 -0.412149 1.787752 0.317515 0.519589
1437225342 -6.853123 -3.670533 -0.264188 1.747173 0.328697 0.569414
1457183838 -6.825518 -3.988624 -0.498208 1.746335 0.360396 0.574801
1477142334 -6.259112 -4.666158 -0.816113 1.780880 0.432915 0.545008
1497100830 -5.624206 -4.982644 -0.923651 1.757933 0.432915 0.545008
