0 0.744956 -0.447991 0.127358 -0.301855 -0.025464 0.029496
19958496 1.060118 -0.431462 -0.381556 -0.526640 -0.044915 -0.063885
39916992 1.293784 -0.153371 -0.240379 -0.505767 -0.044915 -0.063885
59875488 1.193098 -0.326552 -0.132588 -0.534933 -0.076184 -0.091524
79833984 1.191872 -0.547516 -0.162182 -0.537648 -0.061051 -0.084585
99792480 1.442608 -0.602973 -0.352809 -0.571534 -0.042353 -0.087861
119750977 1.915685 -0.434882 -0.599272 -0.633752 -0.041084 -0.116990
139709473 2.582444 -0.504566 -0.878827 -0.708119 -0.063583 -0.170085
159667969 3.214844 -0.798314 -0.810481 -0.849669 -0.058848 -0.245490
179656982 3.646785 -1.173157 -0.365396 -0.951188 -0.026168 -0.307631
199615479 3.807384 -1.550379 -0.177383 -1.098011 0.047387 -0.341397
219573975 4.275004 -1.862169 -0.574488 -1.184899 0.077474 -0.395462
239532471 5.090320 -2.076958 -1.361684 -1.197642 0.077474 -0.395462
259490967 6.210371 -1.847706 -1.690519 -1.287916 0.104318 -0.500074
279449463 6.600558 -1.971726 -1.251524 -1.263203 0.084569 -0.609192
299407959 6.566477 -2.300346 -0.733721 -1.296284 0.138373 -0.570821
319366455 6.485333 -2.886255 -0.170867 -1.277145 0.138373 -0.570821
339324951 6.627447 -3.412642 -0.260720 -1.317852 0.193071 -0.533027
359283447 7.593774 -3.619043 -0.404731 -1.370378 0.246448 -0.547000
379241943 8.386742 -4.269906 -0.209809 -1.372532 0.264200 -0.626109
399200439 8.138594 -5.180563 -0.042888 -1.399797 0.313267 -0.669769
419158936 7.663194 -6.186708 0.576839 -1.472576 0.396121 -0.644538
439117432 7.943539 -6.748886 1.946525 -1.574420 0.472942 -0.584645
459075928 8.623030 -7.386312 2.495024 -1.587330 0.476065 -0.553242
479034424 8.244967 -8.390273 2.255723 -1.600211 0.491058 -0.584911
498992920 7.873661 -9.345100 2.329071 -1.768837 0.555703 -0.587540
518951416 7.762974 -10.035048 3.134707 -1.934116 0.605504 -0.581182
538909912 7.193708 -10.591807 3.469398 -2.075909 0.614691 -0.564171
558868408 6.836259 -11.022789 3.158547 -2.153943 0.633889 -0.542019
578857422 6.913233 -11.680552 2.745984 -2.543577 0.657475 -0.558934
598815918 6.118863 -12.605590 4.415947 -2.675311 0.683183 -0.610570
618774414 6.048650 -12.964862 6.401067 -3.051029 0.678497 -0.542683
638732910 6.347768 -13.505116 5.359058 2.983252 0.635152 -0.503386
658691406 5.635131 -15.006765 2.005711 3.063972 0.665989 -0.554130
678649902 4.023271 -17.448328 -0.034635 -3.098035 0.810659 -0.632263
698608398 0.914595 -19.470940 0.531510 -3.135561 0.978003 -0.618204
718566895 -2.711528 -20.708952 3.031857 2.838179 1.062199 -0.350637
738525391 -4.808661 -19.801485 4.221345 2.483502 1.017829 -0.011423
758483887 -3.580305 -18.495880 2.604967 2.347617 0.946845 0.138385
778442383 -3.578237 -17.491383 0.639378 2.452478 0.971768 0.063351
798400879 -5.133814 -16.214973 0.033698 2.481335 1.021287 0.093361
818359375 -6.602592 -14.291726 0.257838 2.349908 0.996726 0.272200
838317871 -7.400470 -12.201018 1.016083 2.267685 0.900584 0.408446
858276367 -7.274811 -10.239711 1.927668 2.246240 0.772841 0.449182
878234863 -7.071316 -8.858408 1.434022 2.272277 0.647879 0.412150
898193359 -6.791237 -7.620581 0.242044 2.275832 0.556027 0.446703
918151855 -6.385767 -6.331635 -0.777844 2.253218 0.502812 0.459760
938110352 -5.876125 -5.310937 -1.506539 2.277499 0.448169 0.447270
958068848 -5.611613 -4.595478 -1.581144 2.285742 0.381597 0.424785
978057861 -5.521637 -4.081728 -1.314367 2.279878 0.316464 0.404892
998016357 -5.296509 -3.703299 -1.271049 2.290560 0.272872 0.382197
1017974854 -4.754388 -3.104885 -1.487977 2.299115 0.213008 0.335749
1037933350 -4.080820 -2.510703 -1.798156 2.310458 0.150143 0.272572
1057891846 -3.668315 -1.955467 -1.647288 2.312528 0.079261 0.221112
1077850342 -3.061304 -1.410744 -1.170472 2.316684 0.009651 0.141255
1097808838 -2.544382 -1.246160 -0.985612 2.347297 -0.010625 0.082304
1117767334 -2.280930 -1.093819 -0.851522 2.363294 -0.028126 0.055192
1137725830 -2.470333 -1.214748 -0.621001 2.353354 -0.013949 0.078419
1157684326 -2.737591 -1.371907 -0.692671 2.354817 0.003778 0.110300
1177642822 -2.806699 -1.454303 -0.432312 2.355565 0.013106 0.114015
1197601318 -2.572040 -1.302236 -0.284181 2.361500 -0.002588 0.086537
1217559814 -2.532541 -1.333327 -0.305828 2.349490 0.002595 0.082624
1237518311 -2.616077 -1.352932 -0.195575 2.347667 0.006668 0.088850
1257476807 -2.605525 -1.448716 0.095789 2.347244 0.017431 0.081279
1277435303 -2.785796 -1.573991 0.082176 2.328300 0.029933 0.094455
1297393799 -3.208851 -1.605256 -0.225603 2.299116 0.033918 0.136662
1317352295 -3.303799 -1.602210 -0.066534 2.281352 0.033865 0.141039
1337310791 -2.971809 -1.403731 0.041534 2.279201 0.014053 0.107110
1357299805 -2.704372 -1.543732 -0.291215 2.281983 0.031211 0.090142
1377258301 -3.232694 -1.975011 -0.880776 2.255595 0.085518 0.168401
1397216797 -3.612425 -2.375936 -1.272954 2.252141 0.140522 0.229822
1417175293 -4.590872 -2.985533 -1.146919 2.207591 0.206650 0.334804
1437133789 -4.575309 -3.444895 -0.765937 2.224115 0.251889 0.313298
1457092285 -4.896258 -3.682040 -0.839487 2.201536 0.283147 0.340021
1477050781 -4.977893 -4.184114 -0.347013 2.195702 0.327124 0.318576
1497009277 -4.696289 -4.949788 0.315228 2.181454 0.387773 0.257956
