0 -0.506476 -0.032509 0.122668 1.051021 -0.044540 -0.046039
19958496 -0.967684 0.083458 -0.374558 1.037756 -0.044540 -0.046039
39947510 -1.130068 0.029604 -0.435378 1.082035 -0.056548 0.012352
59906006 -1.447281 -0.020698 -0.324291 1.136438 -0.049788 0.042213
79864502 -1.293234 -0.211985 -0.171182 1.136665 -0.049788 0.042213
99822998 -1.233096 -0.219340 -0.132189 1.144454 -0.029042 0.022542
119781494 -2.152139 -0.030030 -0.542913 1.169367 -0.030443 0.013479
139739991 -3.827899 0.251994 -0.932158 1.251837 -0.088154 0.292309
159698487 -5.351030 0.898322 -0.889066 1.257405 -0.148830 0.436954
179656983 -6.752536 1.512412 -0.835240 1.275855 -0.195378 0.552682
199615479 -6.856457 1.619026 -1.014832 1.271435 -0.206110 0.563817
219573975 -6.929618 1.267537 -1.061331 1.284878 -0.171119 0.562262
239532471 -7.184423 1.110047 -0.628960 1.295944 -0.171119 0.562262
259521485 -8.095140 0.414405 0.075619 1.347863 -0.075894 0.574676
279479981 -9.569359 -0.148019 0.557646 1.383049 -0.027408 0.643577
299438477 -10.220451 -0.787703 0.431300 1.405780 0.019828 0.686019
319396973 -9.964653 -1.566265 0.889642 1.429090 0.076404 0.646089
339355469 -9.242188 -2.099577 1.560036 1.460784 0.111752 0.569796
359313965 -9.733799 -2.749257 2.950769 1.472184 0.138706 0.550189
379272461 -8.670650 -3.497109 4.316233 1.507313 0.169138 0.452338
399230957 -6.938779 -3.782796 4.142534 1.552951 0.181282 0.365857
419189453 -6.022794 -4.960129 4.078169 1.646533 0.245300 0.331410
439147950 -5.558298 -6.133183 3.699464 1.738173 0.315303 0.340536
459106446 -4.922942 -6.768625 3.391102 1.823123 0.362445 0.336233
479064942 -3.768780 -7.659126 5.133618 1.923694 0.390672 0.247106
499023438 -0.583660 -8.361542 7.935225 2.109332 0.387670 0.046258
519012452 3.473883 -8.794777 10.752357 2.454056 0.357601 -0.141636
538970948 5.990576 -8.952203 8.893858 -3.103975 0.385877 -0.265537
558929444 4.791298 -7.638557 4.750040 -3.025827 0.412715 -0.241255
578887940 2.525304 -5.926173 3.511212 2.704189 0.353026 -0.085852
598846436 3.413076 -4.917874 4.204670 3.004665 0.271171 -0.140317
618804932 5.068146 -5.114085 2.404660 -2.239231 0.311272 -0.288069
638763428 5.709097 -5.180069 1.380289 -2.080325 0.332558 -0.361212
658721924 7.417338 -5.087531 1.978541 -1.748618 0.292716 -0.463973
678680420 11.099171 -6.397001 1.718263 -1.681742 0.334904 -0.692557
698638916 12.926377 -6.854262 1.516402 -1.635768 0.335488 -0.787736
718627930 12.119176 -5.745031 0.484150 -1.575996 0.290979 -0.799083
738586426 11.301527 -4.550903 0.529709 -1.515032 0.217531 -0.758182
758544922 11.311689 -3.467165 0.680923 -1.452491 0.135663 -0.754887
778503418 11.546420 -3.233395 0.274526 -1.436991 0.113994 -0.791865
798461914 12.160791 -3.341037 -0.363314 -1.458016 0.114996 -0.859760
818420411 11.562265 -2.797959 -1.381474 -1.434359 0.079154 -0.893668
838378907 9.614559 -1.416534 -1.411003 -1.360874 -0.032733 -0.794370
858337403 7.714750 -0.490839 -1.879012 -1.259500 -0.132176 -0.696324
878295899 6.487562 -0.092784 -1.824813 -1.178558 -0.185395 -0.590140
898254395 5.542585 0.260783 -1.781418 -1.187503 -0.185395 -0.590140
918212891 4.558500 0.435127 -2.066255 -0.960715 -0.270853 -0.403498
938171387 3.730910 0.400237 -1.517653 -0.847805 -0.256458 -0.283818
958129883 3.065663 0.453987 -1.857396 -0.723319 -0.272686 -0.212244
978088379 2.682929 0.330966 -1.024914 -0.655899 -0.232234 -0.144974
998077393 2.409165 0.431612 -0.705428 -0.571926 -0.234619 -0.105104
1018035889 1.597272 0.648269 -1.119132 -0.353399 -0.269664 -0.010850
1037994385 1.023598 0.914328 -1.153803 -0.353399 -0.269664 -0.010850
1057952881 0.719728 1.029005 -1.001954 -0.106781 -0.298691 0.094924
1077911377 0.777688 0.876407 -0.566622 -0.141729 -0.263765 0.084426
1097869873 0.929255 0.652424 -0.054677 -0.206569 -0.222107 0.066231
1117828369 0.936760 0.602749 0.138124 -0.219357 -0.206352 0.068345
1137786866 0.669196 0.674662 0.833648 -0.163094 -0.194152 0.094079
1157745362 0.252160 0.669764 0.837619 -0.046229 -0.188639 0.136393
1177703858 0.143199 0.439777 0.928950 -0.025635 -0.162481 0.145419
1197662354 0.507932 0.392192 0.747372 -0.127115 -0.159108 0.111679
1217651368 0.806575 0.224919 0.442806 -0.200560 -0.145077 0.084132
1237609864 0.951087 0.198997 0.705225 -0.240560 -0.137403 0.067559
1257568360 0.873499 0.159184 0.509754 -0.228398 -0.135247 0.075935
1277526856 0.767755 0.284565 0.200131 -0.194866 -0.151742 0.087563
1297485352 0.886741 0.044725 -0.610037 -0.225617 -0.136620 0.077876
1317443848 1.491680 -0.202961 -0.403034 -0.409455 -0.103490 0.005219
1337402344 2.045957 -0.111835 -0.598624 -0.545537 -0.111806 -0.059631
1357360840 2.372725 -0.018414 -0.749927 -0.601578 -0.119258 -0.096768
1377319336 2.615029 -0.292391 0.009463 -0.690626 -0.078335 -0.108517
1397277832 2.608154 -0.392078 0.425964 -0.695308 -0.065268 -0.097960
1417236328 2.876925 -0.408484 -0.484317 -0.781798 -0.068831 -0.139903
1437194825 3.403218 -0.723462 -0.942097 -0.757018 -0.068831 -0.139903
1457153321 3.677635 -0.832409 -0.458436 -0.973674 -0.013753 -0.241766
1477142334 4.017465 -0.762251 -0.281971 -0.972468 -0.013753 -0.241766
1497100830 4.342935 -0.760799 -0.397324 -1.012660 -0.021845 -0.269909
