0 2.074958 -0.580245 0.014069 -0.781770 -0.027537 -0.196930
19958496 2.498499 -0.537177 -0.336896 -0.826306 -0.020549 -0.219706
39916992 2.873378 -0.722004 -0.305409 -0.891039 -0.027417 -0.270160
59875488 3.264282 -0.698983 -0.236214 -0.980867 -0.012800 -0.340791
79833984 3.619141 -0.721293 -0.372953 -1.002203 -0.010916 -0.377158
99792480 3.768025 -0.939731 -0.252460 -1.037547 0.011215 -0.384151
119750976 3.916843 -1.315090 0.068521 -1.038879 0.011215 -0.384151
139709473 4.204594 -1.802614 0.112432 -1.162206 0.089853 -0.405770
159667969 4.476854 -2.296916 0.180883 -1.208568 0.131950 -0.423936
179626465 5.135640 -2.455148 0.064286 -1.228956 0.131950 -0.423936
199584961 5.822033 -2.646751 -0.313236 -1.294804 0.157026 -0.546967
219543457 6.305783 -3.151523 -0.522896 -1.288826 0.157026 -0.546967
239501953 6.649758 -3.459613 -0.546904 -1.367254 0.224668 -0.613310
259490967 6.991562 -3.791909 -0.400914 -1.395795 0.248915 -0.628216
279449463 7.348884 -4.029017 0.124425 -1.384596 0.257350 -0.627292
299407959 8.062448 -4.342104 0.331578 -1.390608 0.271074 -0.666095
319366455 8.070426 -5.173665 0.421526 -1.451418 0.331397 -0.667923
339324951 8.218162 -6.235014 0.829924 -1.531518 0.394599 -0.666069
359283447 8.079679 -6.939605 1.624943 -1.586654 0.425743 -0.634079
379241943 8.581251 -7.071621 2.569137 -1.571837 0.408171 -0.635252
399200439 8.667733 -7.416578 2.952048 -1.593613 0.418609 -0.636539
419158935 7.912389 -8.528663 2.990614 -1.782985 0.485595 -0.607571
439117432 6.574830 -9.930271 3.130025 -2.112700 0.568765 -0.543908
459075928 5.929557 -10.670361 3.315217 -2.370286 0.602924 -0.520213
479034424 6.377737 -11.129533 3.118968 -2.449361 0.615931 -0.573546
498992920 5.235663 -12.349349 3.867795 -2.856618 0.661892 -0.502666
518951416 3.189897 -13.721114 5.043883 2.961427 0.706828 -0.362947
538909912 1.102387 -13.835199 6.067197 2.606526 0.696534 -0.227021
558868408 -0.326886 -13.835409 5.617792 2.465102 0.711697 -0.155891
578826904 0.377026 -13.642296 3.013781 2.645454 0.779983 -0.261745
598815918 1.103590 -13.933246 1.865453 2.763785 0.818037 -0.359421
618774414 -0.723442 -14.772823 1.925763 2.587611 0.863245 -0.211180
638732910 -4.064669 -15.344068 2.575668 2.287257 0.859935 0.081452
658691406 -5.701842 -14.997205 1.624374 2.172025 0.870275 0.241393
678649902 -5.351870 -14.198163 0.693842 2.206091 0.879473 0.242855
698608398 -5.006805 -13.156389 0.952207 2.251381 0.823628 0.221403
718566894 -4.945468 -11.986124 1.851540 2.278268 0.725893 0.216026
738525390 -5.541063 -11.269909 1.978858 2.260435 0.672979 0.280993
758483887 -6.098816 -10.825309 1.417289 2.241328 0.657511 0.360108
778442383 -6.798930 -10.189513 0.729980 2.215602 0.630103 0.459185
798400879 -7.440189 -9.130507 0.595900 2.195892 0.553237 0.533156
818359375 -7.663092 -8.045458 0.343535 2.207867 0.480992 0.580338
838317871 -7.677448 -6.986474 -0.161004 2.208953 0.414909 0.625375
858276367 -7.227351 -5.869433 -1.015229 2.212560 0.352689 0.657857
878234863 -6.598250 -4.814389 -1.771392 2.210869 0.283982 0.672739
898193359 -6.239852 -4.042025 -2.581934 2.209430 0.226421 0.712411
918182373 -5.958287 -3.482963 -2.952127 2.234114 0.226421 0.712411
938140869 -5.821546 -2.921425 -2.493544 2.210964 0.112197 0.688688
958099365 -5.547190 -2.465644 -1.916676 2.221088 0.061365 0.629499
978057861 -5.012623 -2.132606 -1.695079 2.231168 0.026586 0.567435
998016357 -4.346553 -1.789078 -1.333825 2.252990 -0.009253 0.482731
1017974853 -3.648083 -1.462924 -0.976622 2.269626 -0.042103 0.394435
1037933349 -3.251908 -1.343363 -0.455259 2.265269 -0.042103 0.394435
1057891846 -3.169751 -1.115504 -0.242102 2.284785 -0.070048 0.315588
1077850342 -3.230622 -1.108478 0.067378 2.270571 -0.066995 0.309198
1097808838 -3.481319 -1.154254 0.039298 2.267813 -0.061583 0.329788
1117767334 -3.555038 -1.286749 0.026245 2.261359 -0.047995 0.332919
1137725830 -3.420829 -1.409032 0.124245 2.273724 -0.035663 0.312546
1157684326 -3.518821 -1.718215 0.075731 2.282014 -0.005654 0.318175
1177642822 -4.298114 -2.077558 0.000909 2.251310 0.028727 0.385842
1197601318 -4.444071 -2.177499 0.199021 2.250501 0.035479 0.383379
1217559814 -4.452120 -2.346045 -0.107446 2.248153 0.049360 0.384875
1237548828 -4.393426 -2.968345 -0.682539 2.253349 0.114307 0.389816
1257507324 -4.641258 -3.597941 -0.691843 2.258646 0.176861 0.402263
1277465820 -5.446979 -3.899961 -0.911222 2.209418 0.205862 0.476766
1297424316 -5.304981 -4.104971 -0.849594 2.207256 0.229034 0.447919
1317382812 -4.934133 -4.660320 -0.888678 2.178747 0.229034 0.447919
1337341308 -4.507510 -5.061462 -0.817178 2.239153 0.343342 0.340899
1357299805 -4.191820 -5.262080 -0.492053 2.234352 0.363047 0.285409
1377258301 -3.962727 -5.145367 -0.707543 2.213864 0.370743 0.257705
1397216797 -4.051919 -5.253909 -0.809208 2.181684 0.395134 0.262451
1417175293 -4.385434 -5.735828 -0.783926 2.148743 0.448782 0.289864
1437133789 -4.375456 -6.617258 -0.249128 2.136473 0.515440 0.263126
1457092285 -3.626757 -6.790526 0.087266 2.168014 0.533778 0.166469
1477050781 -2.526110 -6.061395 -0.066496 2.200280 0.497558 0.039917
1497009277 -2.143831 -6.666727 -0.666203 2.234411 0.589130 -0.010554
1516967773 -2.136523 -7.971732 -0.692286 2.260535 0.702188 -0.016720
