0 1.019025 -0.414496 0.018735 -0.650071 -0.066570 -0.111183
19958496 1.405970 -0.407731 0.151728 -0.756820 -0.052551 -0.155557
39916992 1.635895 -0.178583 0.185676 -0.758671 -0.052551 -0.155557
59875489 1.718098 -0.208536 -0.305032 -0.772080 -0.078043 -0.193977
79833985 1.709824 -0.403210 -0.332886 -0.795067 -0.057418 -0.191612
99792481 1.951330 -0.518874 0.006566 -0.837318 -0.043261 -0.206356
119750977 2.281604 -0.794215 0.060252 -0.901323 -0.016634 -0.235064
139709473 2.759367 -0.941500 -0.142856 -0.988865 -0.003836 -0.283238
159667969 3.181682 -0.778918 -0.584306 -1.015063 -0.021279 -0.332238
179626465 3.446607 -0.945980 -0.805241 -1.063825 -0.003015 -0.359418
199584961 3.655391 -1.417380 -0.686760 -1.066586 -0.003015 -0.359418
219543457 3.814268 -1.979792 -0.434841 -1.216684 0.103946 -0.370418
239501953 3.887995 -2.448596 -0.100948 -1.271884 0.146274 -0.359207
259460450 3.869406 -2.244372 -0.494567 -1.251288 0.131461 -0.361730
279418946 4.711947 -1.673432 -1.538842 -1.224343 0.080683 -0.476946
299377442 5.536622 -1.667470 -1.857132 -1.236597 0.084610 -0.564190
319335938 5.431328 -2.237463 -1.478133 -1.295248 0.150022 -0.530395
339294434 4.530308 -3.078009 -0.502646 -1.369610 0.231459 -0.403506
359252930 3.694473 -3.911468 -0.069888 -1.494634 0.308638 -0.315010
379241944 4.005323 -4.063905 -0.257404 -1.518768 0.324209 -0.357433
399200440 5.523642 -3.723477 -0.739473 -1.441005 0.288844 -0.519203
419158936 6.477706 -3.896611 -0.939838 -1.435788 0.299437 -0.611278
439117432 6.134853 -4.701960 -0.769596 -1.527048 0.373499 -0.583650
459075928 5.482232 -5.733213 -0.070745 -1.686382 0.447362 -0.513335
479034424 5.338399 -6.343148 0.496607 -1.785154 0.475503 -0.498555
498992920 6.010238 -6.652328 0.859150 -1.766537 0.474305 -0.553603
518951416 6.700140 -7.406334 1.632468 -1.796141 0.474305 -0.553603
538909912 6.252874 -8.566399 2.850542 -1.853580 0.489477 -0.585752
558868409 4.722497 -9.738051 3.001990 -2.452228 0.603028 -0.454210
578826905 3.325395 -10.775904 2.373198 -2.853059 0.689047 -0.409233
598785401 3.158067 -10.965306 2.320794 -3.022588 0.689047 -0.409233
618743897 4.050176 -10.761079 3.444824 -2.990718 0.640301 -0.488679
638702393 3.826935 -10.590487 5.249464 3.095824 0.640301 -0.488679
658660889 3.346675 -9.952633 5.916163 2.684760 0.548095 -0.430013
678619385 3.002908 -9.627202 6.105246 2.552541 0.548095 -0.430013
698577881 2.293262 -9.650686 6.141933 2.376007 0.538426 -0.409548
718536377 1.565844 -9.652751 6.886513 2.244789 0.523612 -0.374927
738525391 1.093736 -9.744926 6.902226 2.210593 0.524173 -0.370032
758483887 0.218941 -10.599908 6.147708 2.261964 0.580942 -0.348381
778442383 -1.021285 -11.665627 5.367532 2.265795 0.652002 -0.285699
798400879 -3.052603 -12.933277 4.187250 2.244133 0.749838 -0.148345
818359375 -6.131610 -14.707759 3.163276 2.299646 0.749838 -0.148345
838317871 -9.323660 -15.514744 3.412377 2.153699 0.849486 0.113079
858276367 -10.756632 -14.181470 4.242617 1.911870 0.720391 0.446638
878234864 -10.186539 -12.243212 3.934865 1.950475 0.644614 0.430007
898193360 -9.777866 -10.567560 2.749980 1.984668 0.590891 0.458067
918151856 -9.981292 -9.349184 1.574901 2.041198 0.590891 0.458067
938110352 -10.254619 -8.108564 -0.129171 1.988306 0.490466 0.655490
958068848 -10.250435 -6.565282 -1.123819 1.995790 0.390458 0.727788
978027344 -9.888027 -5.616226 -1.726030 2.020855 0.390458 0.727788
997985840 -9.204601 -4.715473 -2.338901 2.034540 0.263033 0.754799
1017944336 -8.202261 -3.930121 -1.818649 2.071515 0.190877 0.640897
1037902832 -7.416962 -3.478838 -0.395609 2.075501 0.190877 0.640897
1057861328 -6.381497 -2.901038 0.244298 2.123335 0.076396 0.368675
1077819825 -4.738441 -1.800266 0.185893 2.131606 -0.035188 0.207159
1097778321 -3.236204 -0.929724 -0.328832 2.123100 -0.135616 0.051668
1117736817 -2.251114 -0.396879 -0.256443 2.094943 -0.191584 -0.057142
1137725830 -1.957255 -0.224436 -0.047473 2.078395 -0.203958 -0.085147
1157684326 -1.913069 -0.224180 0.098335 2.094397 -0.203958 -0.085147
1177642823 -1.850247 -0.183620 -0.202841 2.108094 -0.200169 -0.085285
1197601319 -1.966245 -0.205375 -0.597916 2.084662 -0.214033 -0.076429
1217559815 -2.031011 -0.263064 -0.260835 2.078400 -0.196379 -0.064393
1237518311 -1.741768 -0.130640 0.168104 2.110006 -0.197937 -0.093016
1257476807 -1.526139 0.021004 0.292491 2.093509 -0.197937 -0.093016
1277435303 -1.707877 -0.268952 0.393284 2.081831 -0.207968 -0.115817
1297393799 -2.068515 -0.432746 0.768466 2.120467 -0.173994 -0.096250
1317352295 -2.122282 -0.526372 0.884995 2.134157 -0.136903 -0.053707
1337310791 -2.157885 -0.430915 0.627768 2.115130 -0.149127 -0.054172
1357269287 -2.308609 -0.523607 0.551312 2.100062 -0.149127 -0.054172
1377227784 -2.473158 -0.699587 0.377456 2.089115 -0.140875 -0.042360
1397186280 -3.070344 -1.113335 0.378686 2.115038 -0.082814 0.029181
1417144776 -4.128849 -1.967952 0.407109 2.089321 -0.082814 0.029181
1437103272 -4.196423 -2.404054 0.973861 2.115692 0.007971 0.134429
1457061768 -3.731008 -2.409534 0.674490 2.154569 0.049635 0.071378
1477020264 -4.635082 -2.892621 -0.446376 2.136034 0.107549 0.170246
1496978760 -6.453618 -3.983331 -0.575219 2.077279 0.222315 0.356302
