0 -0.892899 0.185903 -0.101509 -0.269609 -0.116278 0.167649
19958496 -1.013771 0.271708 -0.842230 -0.166036 -0.132709 0.186486
39916992 -1.035238 0.305064 -0.363933 -0.150582 -0.132709 0.186486
59875488 -1.465618 0.387783 -0.655437 -0.020775 -0.141477 0.231386
79833984 -1.969311 0.556015 -1.082848 0.152825 -0.163242 0.303326
99792480 -1.833007 0.622774 -0.224567 0.132398 -0.163242 0.303326
119750976 -1.414885 0.458056 0.020872 0.024085 -0.156834 0.271416
139709472 -1.039322 0.314327 0.319715 -0.197475 -0.121341 0.194453
159667968 -0.407376 0.105153 0.687390 -0.230281 -0.121341 0.194453
179626465 0.066291 -0.188842 1.047425 -0.568212 -0.068250 0.088892
199584961 0.133753 0.062752 1.435797 -0.575047 -0.091477 0.087128
219543457 0.447967 0.150028 0.540857 -0.599746 -0.111658 0.071540
239532470 0.625571 0.362660 0.431383 -0.620984 -0.137726 0.061062
259490966 1.142434 0.424895 0.044060 -0.697288 -0.153670 0.014799
279449463 2.543467 0.150340 0.150852 -0.934100 -0.127772 -0.123452
299407959 4.870737 -0.096413 0.303661 -1.155100 -0.102445 -0.336567
319366455 6.852715 0.013027 -0.263011 -1.240821 -0.115256 -0.523988
339324951 8.521551 0.223788 -0.311403 -1.284948 -0.128005 -0.648600
359283447 10.547443 -0.374919 0.685212 -1.291277 -0.128005 -0.648600
379241943 13.563597 -1.951151 1.048192 -1.393694 0.037274 -0.848514
399200439 16.287661 -3.489325 2.117503 -1.434502 0.111371 -0.902486
419158935 17.213659 -4.587633 2.145530 -1.444115 0.160492 -0.933284
439117431 16.710957 -5.419722 1.177932 -1.457959 0.211129 -0.963566
459075927 15.881331 -6.030981 0.967560 -1.458616 0.252991 -0.953046
479034424 16.964605 -7.490095 1.539029 -1.471715 0.308786 -0.966315
499023437 17.808661 -10.439712 3.617793 -1.512925 0.406010 -0.911979
518981933 17.121387 -13.624702 6.292635 -1.592022 0.500132 -0.803765
538940429 13.137087 -15.632818 6.148124 -1.763666 0.624008 -0.678698
558898925 8.163652 -16.764023 6.255449 -2.053048 0.725889 -0.469483
578857422 3.064324 -17.543293 7.025145 -2.523282 0.776267 -0.193455
598815918 -1.984820 -18.881987 6.652669 3.106869 0.833791 0.098088
618774414 -3.522767 -20.492695 6.858186 2.874704 0.863990 0.184484
638732910 -6.582708 -19.905890 7.411203 2.521001 0.811608 0.339322
658691406 -16.342241 -18.230522 6.313024 1.816826 0.664044 0.767977
678649902 -18.147551 -15.638703 2.899277 1.627687 0.612044 0.932118
698608398 -15.250143 -13.806701 0.503974 1.629766 0.648583 0.937150
718566894 -15.719664 -11.688985 -2.045573 1.493713 0.606201 1.074126
738525390 -13.876285 -9.460634 -0.077052 1.468695 0.606201 1.074126
758483886 -11.841153 -8.431438 1.808743 1.581462 0.488328 0.720617
778472900 -10.980047 -7.068000 -0.811975 1.548491 0.476862 0.809720
798431396 -11.210665 -5.285716 -3.565155 1.464398 0.399722 1.004100
818389892 -10.610884 -3.773463 -4.002622 1.438041 0.308448 1.009394
838348388 -9.367960 -2.699170 -1.909991 1.463010 0.219648 0.784471
858306884 -8.485352 -2.045925 0.148596 1.455072 0.154172 0.608889
878265381 -7.521083 -1.978723 0.232406 1.452247 0.154172 0.608889
898223877 -6.758428 -1.626826 0.006295 1.467886 0.129054 0.495594
918182373 -6.467587 -1.102535 -0.810071 1.446048 0.087744 0.515003
938140869 -5.416570 -0.800660 -1.277033 1.433091 0.067863 0.446146
958099365 -4.947160 -0.607738 -0.448572 1.427146 0.051290 0.370164
978057861 -4.540402 -0.205496 0.479536 1.383386 0.014840 0.306533
998016357 -4.506143 0.159609 0.705084 1.389839 0.014840 0.306533
1018005371 -4.017880 0.471672 0.401996 1.323693 -0.045236 0.271264
1037963867 -3.569829 0.854665 0.183969 1.282077 -0.080897 0.237434
1057922363 -3.134810 1.169722 0.247931 1.235170 -0.108216 0.197303
1077880859 -2.818481 1.142952 0.255846 1.221687 -0.102001 0.172393
1097839355 -2.336347 1.013402 0.700843 1.223129 -0.082855 0.126732
1117797851 -2.105212 0.916274 0.965901 1.233998 -0.069862 0.106276
1137756347 -1.588105 0.523642 0.497854 1.262549 -0.032725 0.063178
1157714843 -1.424294 0.225571 0.481791 1.296255 -0.000938 0.047828
1177673340 -1.264963 0.139965 0.518240 1.308287 0.010279 0.032714
1197631836 -1.139985 0.119995 0.585847 1.308011 0.013923 0.022745
1217590332 -0.859611 -0.057614 0.362222 1.326615 0.033669 -0.001897
1237548828 -0.544496 -0.088200 0.389547 1.307514 0.038750 -0.032628
1257507324 -0.420659 -0.104951 0.479610 1.326300 0.041191 -0.045445
1277465820 -0.507458 -0.049653 0.243526 1.308323 0.036427 -0.037410
1297424316 -0.721228 -0.011118 0.002670 1.303480 0.032434 -0.014748
1317413330 -0.480836 -0.136307 -0.178879 1.327540 0.045524 -0.039558
1337371826 -0.287410 -0.188421 -0.211375 1.323022 0.051146 -0.059758
1357330322 -0.171567 -0.339927 -0.285986 1.363900 0.068137 -0.072856
1377288818 -0.429347 -0.400300 -0.307108 1.400676 0.075990 -0.046714
1397247314 -0.370437 -0.552816 -0.348179 1.427909 0.093521 -0.053039
1417205810 -0.150660 -0.623508 -0.647994 1.445776 0.106353 -0.076328
1437164306 0.107410 -0.772138 -0.216684 1.452963 0.119693 -0.097873
1457122802 0.558752 -0.836971 0.415463 1.448502 0.118719 -0.132768
1477081299 0.410833 -0.909653 0.299627 1.468298 0.126336 -0.115421
1497039795 0.315440 -0.882778 0.071637 1.462823 0.126478 -0.105512
