0 -1.156330 0.129996 -0.698444 0.400016 -0.109804 0.132790
19958496 -1.480785 0.316102 -0.613252 0.450865 -0.128864 0.165399
39916992 -1.135267 0.206862 -0.961762 0.398016 -0.123505 0.138370
59875489 -0.559454 -0.047897 -0.854795 0.366876 -0.123505 0.138370
79833985 -0.543636 0.101832 -0.727420 0.245004 -0.113005 0.090706
99792481 -0.252380 0.258822 -0.872001 0.163522 -0.133367 0.071119
119750977 0.498405 0.561612 -0.639807 -0.045585 -0.162961 -0.002593
139709473 1.766604 0.613831 -0.365434 -0.372294 -0.163013 -0.127827
159667969 3.189904 0.547751 0.058174 -0.614599 -0.148468 -0.253707
179626465 5.161907 0.386381 0.151679 -0.884475 -0.127645 -0.422834
199584961 6.364652 0.836400 -0.721903 -0.969103 -0.170986 -0.562269
219543457 8.152403 0.934056 -0.802814 -1.065623 -0.161017 -0.701878
239501953 10.835571 -0.636345 0.073387 -1.208595 -0.022284 -0.809394
259490967 13.332637 -2.109974 0.524710 -1.282348 0.069837 -0.893527
279449463 13.654488 -2.355273 0.933473 -1.296080 0.081828 -0.885660
299407959 13.874459 -3.919102 2.135756 -1.346022 0.162066 -0.842013
319366455 13.769963 -6.002009 2.870040 -1.432843 0.264536 -0.809962
339324951 13.436391 -7.068527 2.950070 -1.451862 0.264536 -0.809962
359283448 13.915163 -8.004986 3.016425 -1.528589 0.357738 -0.814733
379241944 10.921934 -9.555421 4.466757 -1.709235 0.448424 -0.643075
399200440 8.556787 -12.253749 5.002185 -2.024189 0.587003 -0.518422
419158936 6.789729 -14.609812 6.818998 -2.332324 0.653571 -0.388685
439117432 0.722885 -15.766606 7.205748 3.100214 0.719299 -0.059163
459075928 -8.271045 -16.336138 4.123514 2.111274 0.775151 0.496281
479034424 -12.038952 -14.541589 0.834636 1.739116 0.740285 0.797624
499023438 -14.201271 -12.058243 1.431815 1.679127 0.740285 0.797624
518981934 -15.716291 -9.975637 3.487597 1.476617 0.474219 0.818931
538940430 -17.382429 -7.895669 4.178922 1.397655 0.362262 0.847244
558898926 -19.529823 -6.092692 2.407396 1.343810 0.278796 0.972885
578857422 -18.468016 -5.073149 1.381376 1.352245 0.250420 0.985574
598815918 -16.449327 -5.016716 1.706061 1.384985 0.259864 0.914276
618774414 -12.207551 -3.268028 0.030820 1.422630 0.205725 0.831940
638732910 -9.409389 -0.592651 -1.922405 1.402059 0.005826 0.798935
658691407 -9.978703 1.959383 -3.921184 1.424882 -0.263446 0.980819
678649903 -10.065656 2.399763 -6.962589 1.546672 -0.359143 1.266163
698608399 -8.383253 2.612663 -7.781441 1.583745 -0.453400 1.309335
718566895 -4.938791 2.009873 -5.634684 1.335948 -0.474287 0.782526
738555909 -2.683500 0.876237 -1.630842 1.180089 -0.192087 0.220215
758514405 -1.976655 -0.352349 0.807992 1.302892 -0.021921 0.103542
778472901 -1.472807 -0.708717 1.605031 1.343581 0.012939 0.055962
798431397 -1.146606 -0.829107 0.485177 1.360810 0.019900 0.037963
818389893 -0.722107 -0.802440 -0.894113 1.341811 0.014973 0.001604
838348389 -0.212085 -0.477559 -1.216828 1.238838 -0.021058 -0.060449
858306885 -0.303910 -0.237960 -1.020458 1.220365 -0.042284 -0.052640
878265381 -0.994689 -0.143544 -0.508875 1.262865 -0.043082 0.024122
898223877 -1.410788 0.118741 0.131368 1.257797 -0.059802 0.067588
918182373 -1.281261 0.194878 0.564753 1.238118 -0.059151 0.055117
938140869 -0.514569 0.291141 0.831483 1.178294 -0.062633 -0.017472
958099366 -0.299694 0.229514 0.946849 1.168893 -0.054403 -0.038528
978057862 -0.781804 0.144623 0.618570 1.223710 -0.047929 0.005939
998016358 -1.355930 -0.026978 0.204789 1.277137 -0.032729 0.065053
1018005371 -0.993256 -0.189749 0.070000 1.298867 -0.015414 0.029870
1037963867 -0.204476 -0.237152 0.098291 1.257443 -0.008159 -0.050413
1057922364 -0.122870 -0.305143 0.365511 1.259300 0.000467 -0.058892
1077880860 -0.614303 -0.365667 0.513050 1.303230 0.005996 -0.012453
1097839356 -0.585352 -0.371315 0.316565 1.317078 0.004230 -0.015984
1117797852 -0.458713 -0.393097 0.129436 1.291194 0.002873 -0.027292
1137756348 -0.501981 -0.455725 0.111172 1.307026 0.005277 -0.022549
1157714844 -0.197084 -0.443920 -0.120811 1.309334 0.005277 -0.022549
1177673340 -0.226824 -0.532778 -0.489605 1.305746 0.006634 -0.054621
1197631836 -0.280672 -0.601375 -0.623239 1.310359 0.013466 -0.051820
1217590332 -0.194099 -0.611563 -0.514709 1.313958 0.014332 -0.060950
1237579346 -0.374135 -0.684369 -0.273462 1.362434 0.020979 -0.040478
1257537842 -0.623451 -0.594758 -0.228130 1.337693 0.010949 -0.014931
1277496338 -0.469605 -0.575551 -0.159415 1.323772 0.006917 -0.030145
1297454834 -0.259785 -0.611671 -0.172463 1.315758 0.006922 -0.049464
1317413330 -0.850551 -0.671847 -0.431217 1.351143 0.010177 0.011705
1337371826 -1.663301 -0.602261 -0.626291 1.361177 0.001552 0.097970
1357330323 -2.032729 -0.232978 -0.355259 1.323463 -0.038040 0.134107
1377288819 -2.104997 -0.257287 -0.114905 1.322666 -0.036098 0.140033
1397247315 -2.084893 -0.639180 -0.194909 1.375838 0.002461 0.140227
1417205811 -2.896171 -1.327754 0.301762 1.467096 0.066509 0.208735
1437164307 -3.608047 -0.908851 -0.087687 1.421832 0.020311 0.283945
1457153321 -3.950990 0.088516 -0.958753 1.342292 -0.092309 0.348292
1477111817 -4.033962 0.217538 -1.802042 1.339593 -0.118206 0.396406
1497070313 -4.169679 -0.610499 -1.719560 1.404098 -0.016337 0.407109
