0 0.062500 -0.065032 1.416350 -0.603154 -0.101756 -0.091942
19958496 0.205606 -0.025820 0.660692 -0.673991 -0.115717 -0.107714
39916992 0.708443 0.056561 0.460135 -0.746929 -0.129158 -0.156117
59906006 1.234743 -0.057952 0.475414 -0.761345 -0.129158 -0.156117
79864502 1.757528 -0.351141 0.151696 -1.008035 -0.099822 -0.256725
99822998 2.650222 -0.461386 -0.106382 -1.117376 -0.093686 -0.346564
119781494 3.572912 -0.648111 -0.027102 -1.203934 -0.077952 -0.425881
139739990 4.196373 -1.256886 0.018946 -1.312488 -0.025901 -0.475234
159698486 4.290552 -2.023007 -0.111738 -1.420853 0.038533 -0.485448
179656982 4.369518 -2.239813 -0.779712 -1.463747 0.054781 -0.517751
199615479 4.654970 -2.425791 -1.647434 -1.490250 0.070326 -0.584815
219573975 5.457277 -3.008214 -1.855853 -1.548678 0.120740 -0.665342
239532471 6.021582 -4.105357 -1.495028 -1.558329 0.120740 -0.665342
259490967 6.107782 -5.093327 -0.340229 -1.733059 0.275939 -0.629197
279449463 6.010999 -6.079599 0.451608 -1.816831 0.337033 -0.578484
299407959 6.031390 -6.885053 -0.125844 -1.873279 0.409776 -0.598671
319366455 6.665624 -7.518865 -1.047629 -1.867677 0.409776 -0.598671
339324951 7.271709 -7.911427 -0.779088 -1.850931 0.477086 -0.707413
359283447 7.269462 -8.413127 -0.348907 -1.876579 0.502046 -0.678784
379241943 7.328168 -8.962317 -0.101527 -1.909765 0.533333 -0.664537
399200439 7.347694 -9.785769 0.539301 -1.952197 0.567044 -0.632728
419158936 7.414860 -10.745477 1.386684 -1.999619 0.595218 -0.602473
439117432 8.206827 -11.226091 1.862212 -1.984931 0.593633 -0.634413
459106445 8.944797 -12.090161 2.696657 -1.978493 0.604329 -0.644868
479064941 9.287173 -13.277930 4.955924 -1.981050 0.604329 -0.644868
499023437 9.023768 -14.453149 6.982586 -2.055780 0.601457 -0.586945
518981934 7.979777 -15.754321 7.026836 -2.296076 0.666332 -0.484101
538940430 6.482606 -17.397289 7.620273 -2.548655 0.722144 -0.412974
558898926 4.446187 -18.830503 8.591204 -2.868683 0.757760 -0.313825
578857422 2.074221 -19.274328 7.787630 3.088360 0.806545 -0.224162
598815918 0.696613 -19.708538 8.444770 2.836307 0.806320 -0.159880
618774414 0.773012 -19.841471 7.561180 2.790788 0.831826 -0.179780
638732910 1.228733 -21.757799 5.285578 2.865315 0.940083 -0.238202
658691406 -0.216277 -24.867674 5.140129 2.742606 1.015295 -0.154445
678649902 -5.056231 -29.922899 7.869887 2.391108 1.025732 0.130849
698608398 -9.759433 -33.076569 11.156842 2.172251 0.973174 0.319118
718566895 -11.556581 -31.136572 12.080140 2.112719 0.906960 0.386568
738525391 -12.229587 -26.570541 8.485591 2.056121 0.879121 0.508519
758483887 -14.732469 -22.299564 1.492525 1.866546 0.865988 0.874855
778442383 -18.143862 -19.183506 -5.206745 1.672577 0.765223 1.312624
798400879 -20.947460 -16.121477 -8.102664 1.697045 0.608732 1.485552
818359375 -19.648474 -12.880025 -6.312855 1.809742 0.519044 1.393595
838348389 -14.473266 -9.286012 -4.984035 1.887423 0.474078 1.244923
858306885 -9.372326 -5.943725 -3.874012 1.999480 0.379866 0.982793
878265381 -5.987027 -3.516068 -3.111792 2.081834 0.198929 0.670460
898223877 -4.989424 -2.384896 -3.081628 2.062431 0.062473 0.558796
918182373 -5.064135 -2.144262 -3.189575 2.046683 0.023365 0.565227
938140869 -5.149754 -2.065986 -2.763702 2.060112 0.006658 0.538965
958099365 -5.377211 -2.364045 -2.105792 2.079926 0.038048 0.520257
978057861 -4.866540 -2.260247 -1.908215 2.091987 0.026565 0.456062
998016357 -3.910882 -1.577829 -1.010556 2.102312 -0.050932 0.313097
1017974854 -2.812074 -0.948292 -0.590063 2.090872 -0.120694 0.178906
1037933350 -2.215277 -0.558043 -0.713026 2.060672 -0.167839 0.111557
1057891846 -2.134935 -0.448315 -0.584267 2.053758 -0.176663 0.099882
1077850342 -2.304129 -0.446476 0.340173 2.073931 -0.161117 0.108889
1097808838 -2.546321 -0.776110 -0.043458 2.084399 -0.133919 0.142750
1117767334 -2.859411 -1.354030 -0.468948 2.118724 -0.075056 0.188588
1137725830 -2.973819 -1.243380 -0.790730 2.104740 -0.086594 0.209663
1157684326 -2.464439 -1.007558 -0.681089 2.101377 -0.108957 0.146012
1177642822 -2.091591 -1.554705 -0.095618 2.197705 -0.041236 0.085680
1197601318 -2.552936 -2.389782 0.924416 2.236775 0.046792 0.106247
1217590332 -2.367326 -2.682050 2.269226 2.266404 0.068078 0.065781
1237548828 -0.719057 -1.638259 1.771324 2.281817 -0.022587 -0.087919
1257507324 0.535691 -0.753255 0.650903 2.273186 -0.110905 -0.224607
1277465820 0.907077 -0.377313 -0.100422 2.250241 -0.156875 -0.284071
1297424316 0.416680 -0.424617 -0.551534 2.159657 -0.161281 -0.252489
1317382812 -0.904980 -0.999071 -0.522076 2.107570 -0.099083 -0.113625
1337341309 -2.012566 -1.544211 0.143037 2.093851 -0.032198 0.006040
1357299805 -2.769852 -1.621336 0.221003 2.046279 -0.020907 0.080744
1377258301 -3.752244 -1.943046 -0.199151 2.014819 0.016981 0.182155
1397216797 -4.389221 -2.636164 0.030922 2.027742 0.093458 0.229863
1417175293 -4.195671 -2.955032 0.594403 2.039682 0.125742 0.181304
1437133789 -4.326015 -2.792716 1.135568 2.000987 0.110017 0.170380
1457092285 -4.926915 -2.683227 0.971003 1.976711 0.110017 0.170380
1477050781 -5.179853 -3.399871 1.103286 1.917057 0.108053 0.222442
1497039795 -4.666965 -4.199335 1.921066 1.927567 0.181699 0.238207
