0 -0.547575 0.162442 -0.373997 0.031422 -0.026391 0.043672
19958496 -0.802108 0.235448 -0.057695 0.031422 -0.026391 0.043672
39947509 -1.464560 0.254097 -0.152749 0.107204 -0.034318 0.069699
59906006 -1.965524 0.335787 -0.785773 0.435978 -0.050911 0.210040
79864502 -2.183165 0.496349 -0.610486 0.446028 -0.066390 0.233038
99822998 -2.301696 0.597690 -0.555094 0.467459 -0.075771 0.248392
119781494 -1.607913 0.575790 -0.318338 0.461247 -0.075771 0.248392
139739990 0.805216 0.591735 -0.003364 0.289032 -0.073523 0.179631
159698486 4.252314 0.101221 -1.579406 -0.911480 -0.044536 -0.435409
179656982 8.035220 -0.796138 -3.289513 -1.240310 0.046917 -0.852887
199615478 11.049957 -1.059305 -1.911937 -1.256391 0.058457 -0.919170
219573974 12.288159 -0.547292 -0.566380 -1.253361 0.058457 -0.919170
239532470 13.327115 -0.318198 -1.146658 -1.226673 0.008865 -0.970939
259521484 15.306345 -0.829222 -1.361865 -1.226407 0.045558 -1.052710
279479980 17.535902 -1.803728 -0.734701 -1.245511 0.097095 -1.084080
299438476 18.509487 -3.327391 0.651607 -1.262597 0.166465 -1.046001
319396972 17.638037 -4.672277 1.599843 -1.289922 0.233455 -0.982335
339355468 15.554996 -6.035902 1.147373 -1.279407 0.233455 -0.982335
359313964 13.711588 -8.472439 2.179596 -1.443568 0.460347 -0.837560
379272461 14.848071 -11.819598 4.724915 -1.528405 0.540396 -0.786888
399230957 16.121094 -14.762268 7.589152 -1.602099 0.576545 -0.738145
419189453 15.514091 -18.626730 8.913189 -1.757997 0.669625 -0.679158
439147949 12.550940 -23.011309 9.106574 -2.085407 0.803384 -0.571440
459106445 8.624059 -26.764156 9.690289 -2.473161 0.903297 -0.408455
479095459 3.283623 -30.108414 9.361895 -3.082973 0.997950 -0.177344
499053955 -3.016140 -32.373138 8.338256 2.654930 1.055680 0.134536
519012451 -9.141706 -32.670040 6.788267 2.261992 1.052138 0.461478
538970947 -13.912750 -30.010134 4.011705 1.886331 1.003794 0.747670
558929443 -18.356754 -25.960051 1.740861 1.651276 0.889239 0.976138
578887939 -21.445978 -21.199408 1.287013 1.578804 0.732578 1.065119
598846435 -21.796181 -17.011696 -0.775425 1.543070 0.635418 1.151967
618804931 -20.322702 -14.002503 -0.459388 1.568508 0.566152 1.109875
638763427 -17.448210 -12.408525 0.077055 1.647136 0.551978 1.018546
658721923 -15.559981 -10.088584 -1.905270 1.651894 0.502592 1.067212
678680420 -12.965623 -7.289052 -5.424774 1.643019 0.433345 1.222733
698669433 -10.296760 -4.853509 -8.002442 1.670321 0.323644 1.393666
718627929 -9.391733 -3.023026 -8.139885 1.788033 0.148248 1.398723
738586425 -9.597921 -1.847055 -6.434423 1.863949 0.019285 1.227055
758544922 -8.582660 -0.847767 -3.065742 1.855088 -0.072495 0.881006
778503418 -6.500231 -0.448443 -1.296332 1.865085 -0.109433 0.623021
798461914 -5.459534 -0.625115 -1.396297 1.883511 -0.096895 0.552922
818420410 -4.811676 -0.547277 -1.311293 1.893192 -0.103086 0.496311
838378906 -3.596315 -0.524464 -0.948670 1.927842 -0.099753 0.364507
858337402 -3.412525 -0.043685 -0.236194 1.911159 -0.133539 0.323584
878295898 -3.556425 0.547876 0.480784 1.917786 -0.133539 0.323584
898254394 -3.278775 0.769680 0.430961 1.859122 -0.193815 0.303831
918243408 -2.556532 0.125165 0.220425 1.932658 -0.137271 0.250220
938201904 -1.877292 -0.038534 0.545020 1.988858 -0.117119 0.183279
958160400 -1.435183 0.218886 0.075260 1.970283 -0.145317 0.148842
978118896 -1.911905 0.238330 -0.066346 1.959476 -0.141741 0.198737
998077392 -2.406442 0.121535 0.445673 1.944970 -0.141741 0.198737
1018035888 -1.787480 0.327695 0.905971 1.960068 -0.127966 0.171809
1037994384 -1.348231 0.145460 0.469027 2.003587 -0.113357 0.137608
1057952881 -1.390466 -0.124154 0.352795 2.021372 -0.084176 0.142364
1077911377 -1.570819 -0.354385 0.495047 2.050139 -0.056962 0.155468
1097869873 -1.920630 -0.213987 0.308702 2.015176 -0.068392 0.190219
1117828369 -2.425899 -0.252945 0.133185 1.978492 -0.062240 0.240741
1137786865 -2.543240 -0.368313 0.364521 1.985959 -0.047870 0.245202
1157775879 -2.808629 -0.545185 0.296313 1.982604 -0.030856 0.270010
1177734375 -3.475640 -0.616700 -0.700925 1.938637 -0.025314 0.362896
1197692871 -4.359282 -0.743107 -1.147465 1.922849 -0.008995 0.464765
1217651367 -5.336471 -1.142341 -0.672969 1.922088 0.034334 0.526360
1237609863 -5.684949 -1.993326 -0.213730 1.952830 0.112479 0.531702
1257568359 -5.861403 -2.499716 -0.288299 1.943701 0.158246 0.548302
1277526855 -6.447511 -3.008548 -1.010105 1.938546 0.209408 0.628174
1297485351 -6.911090 -3.602629 -1.314411 1.915679 0.264409 0.676550
1317443847 -6.768598 -4.178940 -1.097157 1.910613 0.315557 0.649800
1337402343 -6.370599 -4.197123 -1.456700 1.910613 0.315557 0.649800
1357360839 -6.527737 -4.365072 -1.548179 1.863720 0.355140 0.650722
1377349853 -7.141066 -5.195770 -0.891706 1.863720 0.355140 0.650722
1397308349 -6.895300 -6.158209 -0.510194 1.857659 0.396951 0.659114
1417266845 -5.860178 -6.792290 -0.840745 1.903657 0.536462 0.573584
1437225341 -5.346819 -7.278976 -1.179340 1.932964 0.592773 0.560932
1457183838 -5.103676 -8.067355 -0.797282 1.922534 0.592773 0.560932
1477142334 -4.116544 -9.349998 -0.579956 2.034704 0.728147 0.444030
1497100830 -2.970082 -9.853838 -0.354839 2.128787 0.772927 0.336973
