0 0.947616 -0.185458 0.849710 -0.567331 -0.067718 -0.049304
19958496 1.237811 -0.235144 0.500547 -0.626061 -0.067110 -0.078025
39916992 1.449279 -0.487304 0.234532 -0.711055 -0.047308 -0.103000
59875488 1.471922 -0.856035 0.060321 -0.768531 -0.014110 -0.109206
79833984 1.841509 -0.923807 0.197872 -0.851877 -0.010512 -0.144330
99792480 2.386295 -1.031533 0.017301 -0.942385 -0.003860 -0.199571
119750976 3.153517 -1.110568 -0.246244 -1.040141 -0.000974 -0.279102
139709472 3.962957 -0.996777 -0.683826 -1.094596 -0.018336 -0.370198
159667968 4.628912 -1.269421 -0.967342 -1.177446 0.005462 -0.443436
179626464 5.109703 -1.755997 -0.935819 -1.183206 0.005462 -0.443436
199584961 5.512617 -2.325953 -0.746928 -1.328733 0.102409 -0.509833
219543457 5.739254 -2.823131 -0.667358 -1.382015 0.144973 -0.524017
239501953 6.232832 -3.117004 -0.906902 -1.408923 0.169828 -0.574578
259460449 6.773954 -3.470277 -1.257207 -1.451626 0.203631 -0.633246
279449462 7.179149 -3.927083 -1.295702 -1.483453 0.245189 -0.663393
299407959 7.196696 -4.441453 -0.636258 -1.514195 0.281723 -0.626887
319366455 7.497799 -4.934628 -0.455406 -1.538251 0.319879 -0.638626
339324951 8.495870 -5.147203 -0.074131 -1.509581 0.323218 -0.683319
359283447 9.624289 -5.351736 0.817327 -1.474407 0.318266 -0.703695
379241943 9.246586 -6.482848 1.789061 -1.572326 0.391363 -0.637779
399200439 7.650092 -8.351027 2.705331 -1.772665 0.514860 -0.507394
419158935 5.413589 -10.085905 4.596894 -2.096428 0.586228 -0.316110
439117431 4.248009 -10.253477 5.768863 -2.310258 0.575645 -0.228333
459075927 4.518296 -9.787919 6.252668 -2.310258 0.575645 -0.228333
479034423 4.647842 -9.525277 5.665401 -2.345980 0.543892 -0.274042
498992920 4.959182 -9.284711 4.764313 -2.224724 0.550011 -0.326468
518951416 5.205991 -9.612400 4.167573 -2.562601 0.573565 -0.376140
538909912 4.109977 -10.712791 4.673155 -2.562601 0.573565 -0.376140
558868408 2.847927 -11.426177 4.931967 3.123744 0.636931 -0.273105
578826904 2.494706 -11.601060 5.053024 2.959616 0.633015 -0.283757
598785400 2.613864 -11.639175 4.318732 2.918222 0.645587 -0.335745
618743896 1.665828 -12.834646 3.339471 2.812127 0.645587 -0.335745
638732910 1.284820 -13.403932 3.568339 2.751478 0.741516 -0.312931
658691406 0.737793 -14.030129 3.512185 2.658572 0.766380 -0.297978
678649902 -0.413220 -15.565888 4.201818 2.553854 0.803255 -0.215220
698608398 -2.674033 -16.968185 5.187787 2.380387 0.820923 -0.047144
718566894 -5.353052 -17.708885 4.935087 2.241329 0.842487 0.145606
738525390 -7.499119 -17.603428 3.350261 2.119813 0.871410 0.329544
758483886 -9.265463 -16.440155 3.629115 2.055210 0.797384 0.443328
778442382 -10.518096 -14.337078 5.366190 2.094720 0.647944 0.470668
798400879 -11.654726 -12.296417 3.593863 2.012232 0.584336 0.596163
818359375 -11.869218 -10.793464 1.928292 1.994291 0.542658 0.682859
838317871 -10.533048 -8.839226 1.242317 2.040659 0.470603 0.645232
858276367 -8.699764 -6.439943 0.532063 2.094153 0.349860 0.564062
878234863 -7.530700 -4.973265 -0.087487 2.116582 0.250293 0.512782
898193359 -6.857988 -4.405262 -0.949089 2.148762 0.212508 0.509464
918151855 -6.390938 -3.807633 -1.571007 2.153003 0.156967 0.511892
938110351 -5.567041 -2.996172 -2.195449 2.134719 0.066681 0.474314
958068847 -5.014592 -2.476139 -2.951700 2.115586 -0.004033 0.464850
978057861 -4.654075 -2.106826 -2.428100 2.115395 -0.057799 0.396028
998016357 -4.288918 -1.713819 -1.921461 2.111415 -0.109050 0.332060
1017974853 -3.697569 -1.566177 -1.483347 2.132411 -0.126270 0.249316
1037933349 -2.934256 -1.183919 -1.078789 2.132983 -0.170089 0.153266
1057891845 -2.274344 -0.775880 -1.428268 2.114137 -0.230482 0.083596
1077850341 -2.282225 -0.556758 -1.879431 2.058554 -0.270530 0.094523
1097808837 -2.340986 -0.725631 -1.341656 2.097893 -0.229661 0.095951
1117767334 -2.593769 -0.749151 -0.443022 2.090194 -0.229661 0.095951
1137725830 -3.197595 -0.992865 -0.527941 2.118910 -0.172932 0.177774
1157684326 -3.404413 -1.216646 -0.118890 2.133964 -0.138459 0.186363
1177642822 -3.277662 -1.278971 0.611202 2.150596 -0.121610 0.153125
1197601318 -3.166467 -1.321329 0.662475 2.135995 -0.116722 0.134966
1217559814 -3.317740 -1.243841 0.509553 2.121393 -0.126586 0.149276
1237518310 -4.314225 -1.928214 -0.294971 2.114677 -0.061151 0.268891
1257476806 -5.994869 -3.057837 -1.179056 2.119309 0.064997 0.472475
1277435302 -6.535706 -3.952191 -1.064766 2.109823 0.162416 0.507954
1297393798 -5.890769 -4.007532 -0.041390 2.153437 0.161904 0.385698
1317352295 -4.694301 -3.661766 -0.026232 2.165296 0.134001 0.252216
1337310791 -4.882064 -3.853374 -1.393319 2.136256 0.182668 0.307714
1357299804 -6.413029 -5.066206 -2.310857 2.069708 0.345952 0.527226
1377258300 -7.856220 -6.493884 -1.740294 1.969065 0.454614 0.626743
1397216796 -7.696267 -7.039051 -0.485836 1.976905 0.477614 0.528074
1417175293 -6.262440 -6.669861 -0.334668 2.016227 0.485791 0.373262
1437133789 -4.985993 -6.568010 -0.265079 2.109626 0.509496 0.225827
1457092285 -4.652913 -7.483652 -0.065787 2.119087 0.595719 0.179089
1477050781 -5.388604 -9.434017 -0.019005 2.057890 0.736223 0.257826
1497009277 -5.606469 -10.248831 1.203141 2.030438 0.736223 0.257826
