0 0.143324 -0.090126 0.135250 -0.242008 -0.032341 0.145647
19958496 0.440096 0.068004 -0.064469 -0.471367 -0.105750 0.009920
39916993 0.054055 -0.016517 0.231623 -0.421924 -0.094890 0.047605
59906006 -0.423765 -0.210217 0.436520 -0.342280 -0.075439 0.092615
79864502 -0.550194 -0.310196 0.660804 -0.334097 -0.066430 0.102956
99822998 -0.266760 -0.004823 0.690469 -0.357676 -0.098739 0.077124
119781495 -0.093236 0.117286 0.162846 -0.357676 -0.098739 0.077124
139739991 -0.235997 -0.091062 -0.168184 -0.349231 -0.103606 0.086089
159698487 -0.143619 -0.136546 0.192795 -0.346702 -0.103606 0.086089
179656983 0.447026 -0.507235 0.611285 -0.558358 -0.062095 0.013920
199615479 1.057311 -0.711077 0.372849 -0.685542 -0.047448 -0.043224
219573975 1.843885 -0.956284 -0.087245 -0.861623 -0.028685 -0.123495
239532471 2.967606 -1.448573 0.056778 -1.028219 0.015788 -0.232214
259490967 4.129119 -2.825396 0.625379 -1.291942 0.133319 -0.322309
279449463 5.418026 -3.759409 -0.483415 -1.428065 0.221095 -0.468862
299407959 6.387959 -4.406681 -2.155709 -1.495891 0.302199 -0.636056
319366455 8.081161 -5.097757 -3.419127 -1.474142 0.357807 -0.860186
339324952 10.639408 -5.062537 -4.436717 -1.396033 0.305864 -1.088448
359283448 12.034235 -5.974455 -3.797091 -1.405670 0.341475 -1.096553
379241944 13.900907 -7.690881 -1.984865 -1.425699 0.400291 -1.043551
399200440 16.893171 -10.094591 -0.006249 -1.424174 0.450651 -1.029799
419158936 19.497093 -12.723417 1.488750 -1.419086 0.502844 -1.030722
439117432 22.181778 -14.123923 3.133352 -1.387254 0.498559 -1.028905
459075928 28.254696 -15.297399 5.022694 -1.325766 0.443161 -1.079573
479034424 34.576393 -18.540602 6.252258 -1.311114 0.448419 -1.133195
498992920 37.267208 -25.181999 4.824127 -1.330095 0.558835 -1.197794
518951416 33.127213 -35.092327 7.208485 -1.517048 0.752680 -1.101473
538909912 14.708303 -39.190472 11.537985 -2.316870 1.064456 -0.631938
558868409 -6.659275 -39.226547 16.798000 2.620868 1.101137 0.180666
578826905 -14.593813 -39.302814 19.628647 2.096434 0.988085 0.383227
598785401 -15.190102 -39.277557 21.651617 1.905560 0.869458 0.361342
618774414 -22.433359 -35.228806 25.540379 1.682996 0.725354 0.493286
638732911 -28.991951 -31.848469 18.966385 1.697777 0.725354 0.493286
658691407 -27.175537 -25.757441 12.089367 1.485010 0.678661 0.827524
678649903 -22.910904 -18.497810 10.351534 1.551395 0.587434 0.766918
698608399 -22.937853 -14.451727 8.166778 1.524933 0.497829 0.827597
718566895 -20.541561 -10.307519 4.430131 1.544520 0.424450 0.882178
738525391 -16.350243 -7.094482 0.983458 1.586572 0.376837 0.884728
758483887 -13.116977 -4.592936 -1.131417 1.622553 0.294201 0.854909
778442383 -11.256466 -3.091191 -2.529962 1.655824 0.205126 0.843584
798400879 -10.347925 -2.742695 -2.916783 1.691804 0.205126 0.843584
818359375 -9.587713 -2.142749 -3.114141 1.716820 0.176336 0.814420
838317871 -9.792858 -2.532072 -2.579684 1.745549 0.109019 0.775929
858276368 -8.570295 -1.949994 -1.798673 1.775749 0.075088 0.596134
878234864 -6.546834 -0.985460 -1.897790 1.758745 -0.040278 0.384715
898193360 -3.988785 0.124519 -1.254860 1.753730 -0.040278 0.384715
918151856 -2.130102 0.881302 -1.021924 1.540805 -0.261870 -0.194365
938110352 -1.642261 1.006659 -0.529181 1.535302 -0.258426 -0.237184
958068848 -2.255795 0.065809 0.231758 1.685811 -0.142470 -0.147589
978027344 -2.181770 -0.338261 0.687698 1.745620 -0.093983 -0.143356
997985840 -1.122454 0.108362 0.153787 1.676561 -0.142465 -0.259361
1017944336 -0.263470 0.441544 0.463553 1.643063 -0.166044 -0.331139
1037902832 0.131427 0.405730 0.574533 1.632305 -0.158069 -0.360193
1057861329 0.346003 0.414467 0.330852 1.641257 -0.160779 -0.385526
1077819825 0.440856 0.126111 0.337978 1.633639 -0.160779 -0.385526
1097778321 0.804124 0.423845 0.584143 1.612534 -0.154061 -0.409855
1117736817 1.064725 0.826416 0.141011 1.513533 -0.197487 -0.446253
1137695313 1.048752 0.894887 -0.365233 1.460656 -0.214182 -0.463209
1157653809 0.334927 0.221367 -0.148968 1.626463 -0.148687 -0.384374
1177612305 -0.564678 -0.495142 0.751771 1.764794 -0.070599 -0.266335
1197570801 -0.684484 -0.447197 0.886795 1.738858 -0.074482 -0.247227
1217529297 -0.097111 0.007026 0.268336 1.665713 -0.124603 -0.316703
1237487793 0.264263 0.245235 -0.469158 1.607287 -0.157817 -0.375835
1257476807 0.418473 0.485001 -0.402547 1.533244 -0.181012 -0.387849
1277435303 0.239682 0.398420 -0.303834 1.583289 -0.171727 -0.365577
1297393799 -0.288674 -0.218452 -0.088131 1.695846 -0.105432 -0.301352
1317352295 -0.345283 -0.206301 0.434767 1.698668 -0.101264 -0.276719
1337310791 -0.229117 -0.036070 -0.123583 1.660132 -0.124006 -0.300205
1357269287 -0.298530 0.009915 -0.231538 1.628835 -0.130160 -0.293611
1377227784 -0.368796 -0.301010 -0.365314 1.719676 -0.097371 -0.288719
1397186280 -0.167457 -0.021456 -0.228746 1.669826 -0.123079 -0.304525
1417144776 0.183945 0.258644 -0.251391 1.646381 -0.123079 -0.304525
1437103272 -0.021892 0.078984 0.095698 1.627087 -0.125384 -0.306396
1457061768 -0.358967 -0.136180 -0.037625 1.649208 -0.104019 -0.276024
1477020264 -0.333019 -0.187099 -0.030592 1.662444 -0.104019 -0.276024
1496978760 -0.007823 -0.159994 0.444156 1.657822 -0.092120 -0.297628
1516937256 0.215178 0.052665 0.280569 1.615028 -0.112749 -0.322809
