0 1.734120 -0.265061 0.415664 -0.821470 -0.069345 -0.118068
19958496 1.792153 -0.483387 -0.309628 -0.860431 -0.048945 -0.128114
39916993 2.108534 -0.477223 -0.218575 -0.918849 -0.047749 -0.160976
59875489 2.197879 -0.605239 0.066607 -0.937360 -0.033753 -0.170620
79833985 2.238539 -0.758053 0.141326 -0.959795 -0.018639 -0.178272
99792481 2.384709 -1.167548 0.255330 -1.042891 0.021672 -0.192498
119750977 2.969177 -1.344650 0.212752 -1.112331 0.038767 -0.248832
139709473 3.635806 -1.690111 0.305171 -1.197987 0.070501 -0.305901
159698487 4.120528 -1.885350 0.208872 -1.245536 0.086832 -0.349855
179656983 4.712512 -2.118314 -0.338580 -1.298958 0.109233 -0.420641
199615479 5.433488 -2.470237 -0.644789 -1.365464 0.140614 -0.494888
219573975 5.860584 -2.813958 -0.926193 -1.393875 0.173885 -0.541865
239532471 6.074292 -3.403416 -0.863045 -1.447661 0.227281 -0.552716
259490967 6.674596 -3.798451 -0.938566 -1.471108 0.259729 -0.600935
279449463 7.104788 -4.299212 -1.038691 -1.508639 0.303386 -0.635898
299407959 7.168642 -4.890985 -1.121980 -1.544542 0.358929 -0.643861
319366455 7.093016 -5.807522 -0.960610 -1.636017 0.434389 -0.630042
339324951 7.300027 -6.528831 -0.635634 -1.677713 0.479398 -0.629838
359283448 7.441859 -7.138981 -0.136948 -1.720368 0.508727 -0.617051
379241944 7.469471 -7.863210 -0.085208 -1.780304 0.557748 -0.620534
399200440 7.473272 -8.703384 0.069032 -1.862436 0.606732 -0.620109
419158936 7.539131 -9.478259 0.502424 -1.932003 0.635665 -0.615291
439117432 7.281844 -10.732159 0.702024 -2.078395 0.696642 -0.606910
459075928 7.903194 -11.419186 1.381601 -2.107749 0.692397 -0.636825
479064942 7.523956 -12.233495 2.529418 -2.107749 0.692397 -0.636825
499023438 5.986384 -13.332523 4.416953 -2.675948 0.716493 -0.461879
518981934 5.481642 -13.437272 5.997695 -2.909161 0.681833 -0.418366
538940430 7.294921 -12.890393 6.341858 -2.807020 0.626014 -0.524334
558898926 7.125185 -13.145665 4.886368 -2.896772 0.663737 -0.577922
578857422 5.333378 -14.672284 3.912586 -3.119361 0.763234 -0.530307
598815918 4.078144 -15.765520 2.484862 3.095547 0.763234 -0.530307
618774414 4.079291 -16.959122 0.744596 -3.135626 0.942964 -0.590694
638732910 1.940648 -19.123453 1.254587 2.922207 1.021105 -0.408958
658691407 -2.033946 -21.552601 3.158515 2.532474 1.038215 -0.050033
678649903 -4.984989 -22.603064 2.940635 2.318038 1.058924 0.182851
698608399 -5.841588 -22.074627 2.893239 2.277727 1.045333 0.244978
718566895 -6.946773 -20.733042 4.494486 2.296147 1.045333 0.244978
738525391 -8.385116 -19.394598 5.906133 2.277569 0.957564 0.287417
758483887 -9.935905 -16.820362 5.217741 2.145898 0.792601 0.463004
778442383 -11.428322 -14.128678 4.395089 2.098651 0.695421 0.582048
798400879 -12.117139 -11.615605 2.373940 2.052876 0.621890 0.708594
818389893 -12.442518 -9.594837 -0.758940 2.001627 0.575936 0.888111
838348389 -12.789877 -8.142590 -2.793679 1.961650 0.515724 1.030614
858306885 -10.983605 -6.345274 -2.679282 2.013334 0.442487 0.952471
878265381 -8.631550 -4.909159 -2.174071 2.094408 0.372983 0.791279
898223877 -6.745996 -3.592668 -2.446716 2.148837 0.288209 0.673000
918182373 -5.070703 -2.661562 -2.354831 2.201605 0.199387 0.517345
938140869 -4.195115 -1.988684 -2.450752 2.209814 0.116116 0.434517
958099366 -4.034919 -1.722491 -2.478543 2.199131 0.071867 0.421513
978057862 -3.619831 -1.504905 -2.363433 2.210993 0.033886 0.370390
998016358 -3.282117 -1.204419 -2.237521 2.199203 -0.012726 0.328265
1017974854 -2.940481 -1.012705 -1.819419 2.217755 -0.042058 0.276454
1037933350 -2.645949 -0.638627 -1.590729 2.207964 -0.091102 0.238987
1057891846 -2.703304 -0.772733 -1.330599 2.220543 -0.076718 0.241872
1077850342 -3.394487 -1.228119 -1.272808 2.216446 -0.025453 0.319010
1097808838 -4.096623 -1.646238 -1.058470 2.216725 0.020126 0.384627
1117767334 -4.833961 -2.026454 -0.474659 2.217159 0.055016 0.428396
1137725830 -5.097361 -2.460100 -0.093538 2.218354 0.091347 0.431644
1157714844 -4.741174 -2.582956 -0.263396 2.231270 0.103335 0.399940
1177673340 -4.063217 -2.481651 -0.187292 2.254163 0.092263 0.325713
1197631836 -3.634541 -2.418149 -0.094125 2.257438 0.082467 0.272222
1217590332 -4.227499 -2.784120 -0.599830 2.225534 0.120062 0.336437
1237548828 -5.067668 -3.608420 -0.761231 2.208475 0.202184 0.414214
1257507325 -4.607866 -3.814720 0.095671 2.224913 0.210241 0.328319
1277465821 -4.193201 -3.991299 0.079412 2.233172 0.230648 0.280348
1297424317 -4.164607 -4.161646 -0.139161 2.215889 0.254569 0.277079
1317382813 -4.415306 -4.404585 -0.404494 2.187093 0.287083 0.304993
1337341309 -4.440393 -4.894766 -0.589320 2.175375 0.345789 0.307897
1357299805 -4.266265 -5.408595 -0.574591 2.189132 0.403216 0.281154
1377258301 -3.911886 -6.031565 -0.073613 2.204622 0.451128 0.222301
1397216797 -4.023853 -6.512406 0.501647 2.153791 0.451128 0.222301
1417175293 -4.060206 -6.224546 -0.075871 2.137467 0.485402 0.231919
1437133789 -3.007639 -6.163469 0.514974 2.092039 0.485402 0.231919
1457092285 -1.915575 -6.098335 0.829869 2.127259 0.474994 0.113140
1477081299 -1.618528 -6.429940 0.718821 2.245278 0.510702 -0.029666
1497039795 -1.450927 -6.891289 1.261430 2.225085 0.533104 -0.042385
