0 1.044058 0.059992 -0.325803 -0.510694 -0.154805 -0.141324
19958496 1.108140 -0.037670 -0.295216 -0.561781 -0.144314 -0.148391
39916992 0.900999 -0.248451 -0.132048 -0.545302 -0.144314 -0.148391
59875488 0.842404 -0.585357 0.439789 -0.547134 -0.080681 -0.111644
79833984 1.092906 -0.793576 0.414375 -0.539985 -0.080681 -0.111644
99792481 1.512542 -0.939119 0.282299 -0.653685 -0.061018 -0.133390
119750977 2.561989 -0.661346 -0.060907 -0.884910 -0.082163 -0.278891
139709473 3.398131 -0.654343 -0.593049 -1.006463 -0.089194 -0.373207
159667969 3.887657 -0.989705 -0.819783 -1.109598 -0.057695 -0.424340
179626465 4.515343 -1.419068 -0.531172 -1.109365 -0.057695 -0.424340
199584961 5.150423 -1.847163 -0.417760 -1.277097 0.024062 -0.505290
219543457 5.964344 -2.565570 -0.549417 -1.374065 0.086766 -0.570030
239501953 6.907353 -3.046873 -0.916979 -1.382061 0.086766 -0.570030
259460449 7.747970 -3.505492 -1.326653 -1.461109 0.163658 -0.730186
279418945 8.184050 -4.185479 -1.552337 -1.506506 0.223096 -0.767505
299377442 8.573274 -4.763040 -1.415218 -1.493508 0.223096 -0.767505
319335938 8.822097 -5.502710 -0.901486 -1.567349 0.320890 -0.761385
339294434 8.892945 -6.239015 -0.589557 -1.613528 0.374927 -0.746701
359283447 9.545996 -6.652561 -0.058349 -1.608078 0.387309 -0.756731
379241943 10.394650 -6.880472 0.247855 -1.583136 0.386138 -0.790233
399200440 11.250465 -7.247398 0.511403 -1.575445 0.386138 -0.790233
419158936 11.794741 -7.936410 1.195098 -1.586000 0.412930 -0.828280
439117432 11.647233 -9.167505 1.670297 -1.665790 0.471116 -0.814922
459075928 11.411310 -10.545446 2.433748 -1.780962 0.524581 -0.790520
479034424 11.603472 -12.082854 3.308242 -1.847357 0.524581 -0.790520
498992920 11.803802 -13.610960 3.736633 -2.043436 0.610492 -0.793415
518951416 11.450542 -15.433939 4.555319 -2.274423 0.660878 -0.770567
538909912 9.664130 -17.458471 6.874280 -2.440661 0.660878 -0.770567
558868408 7.851628 -19.362207 7.250092 -3.049721 0.768616 -0.584737
578826904 5.630125 -21.289425 8.185349 2.951416 0.820444 -0.482329
598785400 3.297594 -22.851402 9.627152 2.714539 0.842370 -0.361164
618743897 0.576741 -23.495239 9.089308 2.562173 0.884628 -0.249611
638702393 -0.998370 -23.438236 6.317812 2.536111 0.964181 -0.205582
658660889 -1.517378 -23.050304 5.020991 2.531275 0.995207 -0.187050
678619385 -2.013260 -22.823460 5.855887 2.497861 0.963821 -0.133262
698577881 -2.375746 -21.892849 7.329653 2.491572 0.894665 -0.082020
718536377 -3.783770 -20.358046 5.662405 2.449424 0.901742 0.031725
738494873 -5.385966 -18.737648 2.296372 2.360377 0.958791 0.223267
758483887 -7.824296 -17.182230 -0.930552 2.148268 0.979695 0.589130
778442383 -10.798198 -15.350552 -4.027613 1.900574 0.897387 1.025311
798400879 -12.997294 -13.251230 -5.773730 1.844461 0.750327 1.248810
818359375 -12.943163 -10.797761 -5.549073 1.905447 0.635061 1.235344
838317871 -10.723284 -8.464581 -4.235982 2.016145 0.566501 1.058199
858276367 -7.568848 -6.214450 -2.530099 2.177946 0.468376 0.725562
878234863 -4.516703 -4.469406 -1.028917 2.360560 0.321032 0.340660
898193359 -2.958099 -3.225596 -0.312390 2.435807 0.183507 0.147377
918151856 -2.550054 -2.376261 -0.364178 2.413836 0.090121 0.104498
938110352 -3.362414 -2.344301 -1.114469 2.336038 0.087186 0.212369
958068848 -3.695989 -2.436330 -1.500580 2.310214 0.096494 0.267207
978027344 -3.677103 -2.186209 -1.600790 2.300673 0.063751 0.271445
997985840 -3.275666 -1.904099 -1.483286 2.313059 0.027825 0.222758
1017944336 -2.488238 -1.350774 -1.343179 2.324085 -0.038263 0.127952
1037902832 -1.763013 -0.811843 -1.135803 2.347710 -0.098851 0.041050
1057861328 -1.363167 -0.536720 -0.838777 2.345648 -0.123879 -0.005509
1077819824 -1.200741 -0.347243 -0.689410 2.354192 -0.139883 -0.024373
1097778320 -1.073924 -0.325802 -0.552949 2.349736 -0.136122 -0.037849
1117736817 -1.329104 -0.522412 -0.508106 2.365674 -0.107744 -0.007422
1137695313 -1.567270 -0.527886 0.009782 2.331736 -0.095383 0.019036
1157684326 -1.832347 -0.630863 0.249448 2.332129 -0.077928 0.044426
1177642822 -1.696756 -0.595441 0.241964 2.331876 -0.077039 0.028340
1197601318 -1.071053 -0.203101 0.502286 2.365902 -0.109904 -0.037108
1217559815 -0.644483 0.073934 0.438147 2.355682 -0.134261 -0.082666
1237518311 -0.448332 0.163385 0.521481 2.374957 -0.138434 -0.103616
1257476807 -0.466968 0.245791 0.658477 2.342816 -0.142067 -0.103146
1277435303 -0.439615 0.323517 0.682021 2.334670 -0.147573 -0.108451
1297393799 -0.475643 0.264242 0.580747 2.340090 -0.142131 -0.108119
1317352295 -0.610636 0.104737 0.441257 2.331764 -0.126925 -0.098247
1337310791 -0.929048 -0.220999 0.710035 2.343011 -0.091796 -0.067465
1357269287 -1.915235 -0.931455 0.734274 2.317623 -0.023708 0.025111
1377227783 -3.185083 -1.907696 0.458765 2.311566 -0.023708 0.025111
1397186279 -4.824569 -2.895553 0.244766 2.241339 0.161759 0.303414
1417144775 -5.293763 -3.729541 0.486439 2.244464 0.229473 0.333918
1437103272 -2.917224 -3.346989 0.294597 2.241620 0.229473 0.333918
1457061768 -2.730377 -3.023927 -1.636691 2.356266 0.206769 0.117889
1477020264 -4.679769 -4.368164 -2.841939 2.244830 0.391509 0.415404
1496978760 -7.423902 -6.400322 -3.502046 2.056284 0.554590 0.758020
