0 -0.169000 -0.238649 0.195334 1.666984 -0.071534 -0.052510
19958496 -0.252472 -0.288477 0.208340 1.675669 -0.066371 -0.033241
39916992 -0.438306 -0.376194 -0.151048 1.690331 -0.061942 -0.017506
59875488 -0.861998 -0.283735 0.019985 1.658393 -0.070173 0.021138
79833985 -1.416281 -0.258383 0.425395 1.668489 -0.070068 0.068825
99792481 -2.402386 -0.273236 0.354485 1.656158 -0.070329 0.160361
119750977 -4.211644 -0.002591 -0.082684 1.626344 -0.097835 0.337938
139709473 -6.105232 0.312402 0.070062 1.621970 -0.097835 0.337938
159698486 -7.599519 0.197194 0.207596 1.625418 -0.118078 0.489015
179656983 -8.681087 0.333862 0.192111 1.636482 -0.105054 0.651998
199615479 -9.731201 0.132342 0.255322 1.635224 -0.084419 0.706751
219573975 -10.061808 -0.412888 0.488704 1.635596 -0.043393 0.710728
239532471 -10.398051 -0.859499 0.367948 1.640529 -0.013192 0.733689
259490967 -11.546825 -1.457507 0.153757 1.642705 0.027652 0.803025
279449463 -12.690378 -2.228641 0.282834 1.622038 0.027652 0.803025
299407959 -12.958425 -3.361449 1.185038 1.617844 0.145966 0.815443
319366455 -13.243711 -4.799150 2.234142 1.604629 0.221121 0.781934
339324951 -13.647846 -6.518596 2.763691 1.597043 0.304185 0.779931
359283447 -13.402672 -8.035069 3.826802 1.612376 0.367433 0.732440
379241943 -12.487411 -9.575367 4.758820 1.636257 0.432055 0.666808
399230957 -12.113290 -11.374089 5.457264 1.666856 0.494604 0.638919
419189453 -11.598042 -13.207166 6.332533 1.726337 0.547067 0.605265
439147949 -10.679790 -14.923212 6.008199 1.793936 0.618224 0.591725
459106445 -10.288475 -16.354982 6.428617 1.871621 0.655404 0.578762
479064942 -9.765954 -17.835512 8.205860 1.962816 0.664498 0.524574
499023438 -8.480834 -19.161880 8.798726 2.111126 0.698240 0.470673
518981934 -6.894803 -20.532677 8.554206 2.311999 0.751781 0.418907
538940430 -5.034034 -21.766733 8.199681 2.552315 0.806079 0.349160
558898926 -1.505448 -21.654402 9.143810 2.949517 0.799554 0.165481
578857422 1.208915 -20.871082 8.772505 -3.016466 0.792326 0.029288
598815918 2.694219 -20.287579 6.381056 -2.828005 0.842882 -0.051330
618774414 2.615342 -19.468460 5.809565 -2.786849 0.835621 -0.036565
638763428 4.669757 -17.992416 5.707221 -2.539779 0.784044 -0.156355
658721924 6.266627 -16.666395 3.736563 -2.356418 0.793035 -0.280864
678680420 6.831305 -15.355762 2.360741 -2.252317 0.787426 -0.349991
698638916 7.030652 -14.478081 2.569148 -2.244469 0.787426 -0.349991
718597412 6.696723 -13.435946 3.399265 -2.194722 0.663309 -0.327067
738555908 6.931417 -12.426758 3.580310 -2.215255 0.663309 -0.327067
758514404 7.925517 -11.460086 3.689300 -2.172251 0.603184 -0.351989
778472901 9.303716 -10.446898 3.478277 -2.095899 0.535652 -0.427416
798431397 9.549195 -9.006565 2.408463 -1.940501 0.400127 -0.595684
818389893 8.666449 -7.619501 0.820743 -1.945925 0.400127 -0.595684
838348389 7.136480 -6.250443 -0.138865 -1.927658 0.292256 -0.573564
858306885 6.230299 -4.782803 -0.553307 -1.878507 0.182784 -0.537758
878295899 5.584231 -3.642524 -0.505900 -1.821277 0.081097 -0.493586
898254395 5.384090 -3.207493 -0.201882 -1.795086 0.039741 -0.468877
918212891 5.229168 -2.994109 -0.873137 -1.799036 0.021029 -0.486716
938171387 4.890081 -2.365778 -1.409579 -1.734947 -0.044524 -0.480453
958129883 4.791359 -1.966274 -1.223504 -1.698392 -0.080198 -0.461992
978088379 4.175476 -1.623158 -0.651337 -1.666767 -0.104001 -0.377276
998046875 3.009887 -1.111732 -0.112931 -1.590128 -0.144380 -0.245100
1018005371 2.423116 -0.803815 0.095483 -1.529766 -0.164035 -0.183399
1037963867 2.525145 -0.551373 0.379765 -1.488387 -0.175165 -0.188648
1057922363 3.013103 -0.530094 1.089713 -1.508739 -0.160214 -0.218381
1077880860 3.024205 -0.459966 0.505961 -1.486262 -0.173107 -0.227924
1097839356 2.325912 -0.370277 0.088256 -1.433445 -0.187920 -0.164660
1117828369 2.007363 -0.194197 0.235477 -1.389631 -0.198607 -0.129640
1137786865 2.109047 -0.186175 0.517099 -1.397038 -0.189596 -0.135314
1157745361 2.171838 -0.516531 0.606854 -1.456483 -0.153522 -0.137773
1177703858 2.198150 -0.848443 0.468913 -1.511801 -0.120465 -0.139134
1197662354 2.524729 -1.100380 0.717124 -1.550475 -0.090470 -0.165529
1217620850 2.835465 -1.265282 0.980704 -1.575957 -0.071276 -0.189733
1237579346 3.057110 -1.531715 0.477237 -1.608518 -0.047772 -0.220195
1257537842 2.991621 -1.686395 -0.065464 -1.640430 -0.032160 -0.226131
1277496338 2.913779 -1.675659 -0.037896 -1.620655 -0.029139 -0.218616
1297454834 2.578003 -1.699623 0.559722 -1.603010 -0.029139 -0.218616
1317413330 2.967161 -2.153751 0.347730 -1.610609 -0.022953 -0.174700
1337371826 3.594711 -2.627301 -0.411654 -1.728270 0.072092 -0.292521
1357360840 3.740798 -3.103603 -0.317044 -1.771446 0.120336 -0.298205
1377319336 3.973665 -3.365677 -0.322639 -1.776609 0.146837 -0.315451
1397277832 3.719962 -3.401225 -0.457245 -1.790616 0.156335 -0.289160
1417236328 2.757407 -3.732514 -0.201986 -1.877472 0.194066 -0.180719
1437194824 2.671264 -4.236395 -0.168147 -1.938824 0.248398 -0.170079
1457153320 3.976692 -4.308403 -0.681590 -1.856275 0.266622 -0.315182
1477111817 3.894499 -4.347884 -0.145100 -1.843430 0.265692 -0.280746
1497070313 2.089936 -4.298237 0.553003 -1.936394 0.258725 -0.077469
