0 0.056863 -0.517832 0.393782 1.266148 -0.000000 -0.103130
19958496 -0.308822 -0.886617 0.013842 1.351229 0.033793 -0.070609
39947510 -0.881730 -1.480660 -0.284541 1.522318 0.095495 -0.012164
59906006 -0.776681 -1.925547 -0.129103 1.630834 0.138718 -0.022938
79864502 -0.904392 -2.036913 0.122655 1.647001 0.144814 -0.010695
99822998 -2.775344 -1.998218 -0.026099 1.592759 0.138734 0.175067
119781495 -5.998912 -1.955098 -0.715103 1.609369 0.138734 0.175067
139739991 -9.453661 -1.255510 -1.945821 1.505366 0.052052 0.818050
159698487 -10.837512 -0.526315 -2.452315 1.501331 -0.010360 0.928172
179656983 -11.882388 0.041158 -2.528882 1.493387 -0.050077 0.982379
199615479 -14.054727 -0.233296 -2.558873 1.489256 -0.018045 1.066344
219573975 -16.974249 -0.874711 -2.006061 1.475829 0.030880 1.118989
239532471 -20.601978 -1.216969 -0.679748 1.447742 0.050538 1.136773
259490967 -23.579899 -2.628609 0.672010 1.411104 0.109276 1.137632
279449463 -24.209301 -4.919689 1.365663 1.368194 0.202378 1.123818
299438477 -23.006273 -7.587375 4.213529 1.364003 0.301524 1.004554
319396973 -21.265347 -11.141585 5.446926 1.379328 0.429675 0.932452
339355469 -21.657457 -16.088993 6.380438 1.401323 0.555963 0.924854
359313965 -18.061729 -20.762657 8.099434 1.404278 0.555963 0.924854
379272461 -8.251753 -24.602751 11.496826 1.559761 0.693757 0.803083
399230957 -1.848594 -27.008060 17.021027 2.456251 0.797658 0.153527
419189454 6.920217 -27.685818 17.141029 -2.836016 0.807144 -0.143910
439147950 13.153093 -26.019529 13.176393 -2.182627 0.820459 -0.402891
459106446 15.390915 -22.099239 12.552450 -1.867027 0.731044 -0.489219
479064942 16.213058 -18.954020 9.927963 -1.722477 0.690554 -0.573820
499023438 16.597710 -16.313944 9.445902 -1.629140 0.616182 -0.600351
518989984 16.764406 -14.077629 7.680806 -1.568254 0.565372 -0.655506
538948480 16.457626 -12.252458 3.974167 -1.537711 0.555462 -0.769608
558906976 15.043307 -10.411252 1.312171 -1.529598 0.535076 -0.832479
578865472 13.717346 -8.666777 0.526638 -1.537696 0.467036 -0.827371
598823968 12.972223 -7.671995 -2.686304 -1.502764 0.457362 -0.997961
618782464 12.395413 -6.606096 -4.599046 -1.483274 0.406306 -1.129125
638740960 11.118869 -5.030808 -3.881763 -1.516065 0.290345 -1.042870
658699456 9.474627 -4.141639 -4.442163 -1.526117 0.237694 -1.028211
678657952 8.081525 -3.206735 -5.240719 -1.519667 0.165879 -1.043344
698616448 6.422480 -2.169848 -4.561085 -1.490861 0.051551 -0.884107
718574945 5.444370 -1.395305 -4.390700 -1.428462 -0.047373 -0.801937
738533441 4.500948 -0.937198 -3.769556 -1.428168 -0.047373 -0.801937
758491937 3.358778 -0.461536 -3.545919 -1.212889 -0.176383 -0.521095
778480950 2.791237 -0.260144 -3.090549 -1.120590 -0.192552 -0.418089
798439446 3.044204 -0.163867 -1.458258 -1.105986 -0.164270 -0.360120
818397943 3.332128 -0.348716 -1.183848 -1.156811 -0.135194 -0.369301
838356439 2.676811 -0.206048 -1.056298 -1.074871 -0.146900 -0.286989
858314935 1.762733 0.192184 -0.122801 -0.872588 -0.172294 -0.161797
878273431 1.377172 0.451912 -0.021542 -0.766138 -0.194017 -0.115576
898231927 1.984712 0.250765 -0.072655 -0.887221 -0.169975 -0.173986
918190423 2.858586 -0.222914 -0.057800 -1.073729 -0.115469 -0.257520
938148919 3.328623 -0.491175 0.277298 -1.164275 -0.081198 -0.290748
958107415 3.290699 -0.568762 0.107770 -1.164249 -0.072346 -0.288707
978065911 2.907591 -0.443002 0.193742 -1.095681 -0.082904 -0.244635
998024407 2.953426 -0.849310 -0.057851 -1.178001 -0.041619 -0.248032
1018013421 3.708469 -1.314960 -0.081757 -1.307780 0.008106 -0.312100
1037971917 4.007714 -1.566532 0.533246 -1.342585 0.032734 -0.309977
1057930413 2.986303 -1.483881 0.719438 -1.265588 0.024028 -0.203176
1077888909 2.183949 -1.355479 -0.261859 -1.184564 0.012684 -0.134363
1097847405 2.471128 -1.567668 -0.673892 -1.272871 0.039653 -0.164192
1117805902 3.119660 -1.768109 1.055467 -1.301828 0.052093 -0.186217
1137764398 3.292975 -2.166064 1.456049 -1.363527 0.080536 -0.182069
1157722894 2.668832 -2.263427 -0.268754 -1.384471 0.099870 -0.139511
1177681390 2.506984 -2.198738 -1.446945 -1.415272 0.107105 -0.133173
1197639886 2.344877 -2.289598 -0.505136 -1.387119 0.110612 -0.096406
1217598382 2.352266 -2.478956 0.107395 -1.375316 0.110612 -0.096406
1237587396 3.209410 -2.639630 0.183043 -1.448029 0.142155 -0.171711
1257545892 3.237809 -2.938893 0.601521 -1.435509 0.142155 -0.171711
1277504388 3.548609 -3.434980 -0.293487 -1.482121 0.165389 -0.164379
1297462884 4.193473 -3.809513 -1.916988 -1.689110 0.317476 -0.337969
1317421380 4.093525 -3.920901 -1.700990 -1.701427 0.339894 -0.326891
1337379876 3.510717 -3.708674 0.416198 -1.600327 0.276257 -0.212702
1357338372 1.749566 -3.377793 1.666481 -1.565146 0.276257 -0.212702
1377296868 1.048747 -3.229026 1.244340 -1.476093 0.237836 0.020793
1397255364 1.486260 -3.572986 0.394428 -1.603619 0.298169 -0.025894
1417213861 2.459294 -3.659448 0.599405 -1.552198 0.309951 -0.126491
1437172357 1.575107 -3.574463 1.809340 -1.344377 0.286058 -0.042269
1457130853 -0.043511 -3.705987 3.098002 -0.698095 0.275752 0.080935
1477119866 0.017455 -4.147532 2.374722 -1.166857 0.332357 0.065830
1497078362 0.752722 -4.394249 1.146298 -1.912109 0.399179 -0.017210
