0 2.229008 -0.435226 -0.347674 -0.843499 -0.073588 -0.205559
19958496 3.104615 -0.496351 -0.468215 -0.959423 -0.066949 -0.295833
39947510 3.873488 -0.810519 -0.077792 -1.059374 -0.032697 -0.354560
59906006 4.693569 -1.107030 0.089559 -1.143893 -0.005373 -0.418179
79864502 5.733045 -1.683416 -0.097977 -1.232587 0.044544 -0.507438
99822998 6.863346 -2.310797 -0.615370 -1.332090 0.097467 -0.614165
119781494 7.437996 -2.802289 -1.286438 -1.379608 0.142517 -0.687537
139739990 7.927712 -3.529988 -1.596998 -1.379970 0.142517 -0.687537
159698486 9.230448 -3.765157 -1.649196 -1.414944 0.215351 -0.815462
179656982 10.186090 -4.008331 -1.871579 -1.401063 0.215351 -0.815462
199615478 10.244112 -4.820371 -1.602004 -1.422625 0.296515 -0.862552
219573974 10.049351 -5.940608 -1.129019 -1.477290 0.382536 -0.821994
239532471 10.759748 -6.686404 -0.252223 -1.479886 0.410432 -0.810186
259490967 11.418424 -7.613655 1.223818 -1.497494 0.432814 -0.770568
279449463 11.662416 -8.748549 2.324430 -1.524912 0.471754 -0.737056
299407959 12.313638 -9.659006 2.300708 -1.541385 0.471754 -0.737056
319366455 13.346932 -10.978224 2.871367 -1.594268 0.537323 -0.800452
339324951 13.832650 -12.814173 4.296434 -1.674090 0.578497 -0.773096
359283447 13.301174 -15.209132 6.850949 -1.837850 0.625091 -0.678499
379241943 11.363298 -17.931686 8.875651 -2.174160 0.692489 -0.560606
399200439 9.480918 -19.958193 11.840836 -2.616433 0.704668 -0.438574
419189453 8.666035 -20.418499 13.207151 -2.912837 0.689647 -0.399793
439147949 7.742302 -21.131071 11.564566 -3.084130 0.735064 -0.404568
459106445 6.163778 -22.093252 8.908060 3.073072 0.818304 -0.394664
479064941 5.119568 -22.418291 5.929055 3.044484 0.901252 -0.408287
499023437 4.413383 -23.199604 2.780559 3.089277 1.010305 -0.442878
518981933 3.034868 -24.357872 1.303096 3.028406 1.094641 -0.377555
538940430 -1.811807 -26.678759 0.759032 2.617935 1.175961 0.042728
558898926 -4.841867 -26.606508 1.315608 2.394898 1.139999 0.292600
578857422 -3.941280 -25.320236 2.548192 2.489408 1.086710 0.194486
598815918 -4.403586 -24.295708 2.985091 2.488307 1.048400 0.241020
618774414 -6.743127 -22.895712 2.234931 2.375096 1.012476 0.455874
638732910 -10.840901 -20.772230 0.721229 2.186220 0.918187 0.778821
658691406 -14.745170 -17.965582 -1.885633 2.036159 0.784979 1.071358
678649902 -15.851852 -15.221026 -3.930969 1.993354 0.687104 1.213254
698608398 -13.724101 -12.421888 -3.276482 2.067132 0.627692 1.124169
718566894 -9.755878 -9.213978 -1.667306 2.214398 0.547319 0.867235
738525390 -6.022443 -6.459202 -0.966399 2.367957 0.422945 0.580518
758514404 -4.311444 -4.518175 -1.974772 2.396623 0.291552 0.483349
778472900 -4.061350 -3.564722 -3.009779 2.349172 0.195067 0.527444
798431396 -4.183151 -3.100240 -4.023598 2.286845 0.134419 0.629001
818389892 -4.409756 -2.911002 -4.538413 2.251074 0.099166 0.711383
838348389 -4.574816 -2.473789 -4.234753 2.232867 0.024932 0.705471
858306885 -3.600373 -1.649578 -3.271774 2.234721 -0.094535 0.513891
878265381 -1.993562 -0.856623 -2.360397 2.237115 -0.094535 0.513891
898223877 -1.135304 -0.165054 -2.177205 2.242037 -0.287345 0.139406
918182373 -0.904506 0.000697 -1.966616 2.240295 -0.298565 0.103410
938140869 -1.112339 -0.149873 -1.562411 2.269890 -0.260456 0.122710
958099365 -1.943949 -0.725511 -0.885453 2.310882 -0.167997 0.206623
978057861 -3.229778 -1.387906 -0.709265 2.286341 -0.083019 0.335480
998016357 -3.765130 -1.848989 -0.748871 2.286425 -0.028548 0.383063
1017974853 -3.889285 -2.304358 -0.615677 2.307409 0.024631 0.380133
1037933349 -4.330595 -2.781455 -0.085291 2.307714 0.074951 0.390504
1057891846 -4.391752 -3.027578 0.455944 2.314024 0.096704 0.365425
1077850342 -4.920105 -3.583789 -0.294474 2.275582 0.157289 0.428284
1097808838 -5.680526 -4.376841 -0.731346 2.250681 0.238033 0.501700
1117797851 -5.727714 -4.974713 -0.691469 2.246476 0.298928 0.488213
1137756348 -4.951752 -4.476119 -0.226935 2.250508 0.255741 0.379060
1157714844 -3.783530 -4.004432 -0.376793 2.275948 0.225367 0.247871
1177673340 -3.669913 -4.190284 -1.541913 2.260097 0.285656 0.252087
1197631836 -5.561492 -5.311056 -1.902400 2.136398 0.409491 0.474747
1217590332 -6.911460 -6.943795 -0.478253 2.086618 0.489856 0.521078
1237548828 -6.244811 -7.387625 0.275622 2.096676 0.523619 0.420223
1257507324 -4.867225 -7.102230 0.127726 2.143564 0.546245 0.287899
1277465820 -4.368577 -7.100428 0.241492 2.133162 0.565935 0.227608
1297424316 -3.936018 -7.811260 1.247821 2.074583 0.565935 0.227608
1317382812 -3.486500 -8.729748 1.784056 2.151676 0.646118 0.104471
1337341308 -2.586226 -9.398864 2.976659 2.171512 0.652061 0.010963
1357299805 -1.069624 -9.106332 4.367140 2.185941 0.596987 -0.110773
1377258301 0.276884 -8.721025 4.954655 2.184303 0.563050 -0.204330
1397216797 0.733688 -9.327578 5.182000 2.178121 0.591942 -0.231349
1417175293 1.460258 -10.407854 5.780990 2.188079 0.625112 -0.261946
1437133789 3.530606 -10.030442 5.964527 2.259539 0.591309 -0.373153
1457092285 5.035172 -9.210818 5.618162 2.335137 0.551204 -0.457254
1477081299 5.369867 -9.067481 5.066713 2.409901 0.554735 -0.481270
1497039795 4.722079 -9.657394 4.518414 2.470013 0.602961 -0.447044
