0 0.571187 -0.255954 0.524826 -0.406721 -0.045482 0.011265
19989014 0.349178 -0.687561 0.955502 -0.413553 -0.018822 0.011653
39947510 0.228437 -0.705342 1.128402 -0.373310 -0.016748 0.024687
59906006 0.196491 -0.668553 0.778238 -0.375334 -0.023220 0.029604
79864502 0.509310 -0.383841 0.019658 -0.419467 -0.057892 -0.001964
99822999 1.036835 -0.118233 -0.365265 -0.431121 -0.057892 -0.001964
119781495 1.047241 -0.039384 -0.220710 -0.505098 -0.091128 -0.062323
139739991 0.937018 -0.109317 0.094597 -0.477055 -0.089339 -0.055040
159698487 1.120503 -0.375120 0.346687 -0.558657 -0.060604 -0.072119
179656983 1.467682 -0.597591 0.637299 -0.539882 -0.060604 -0.072119
199615479 1.935871 -0.670238 0.508802 -0.722347 -0.035122 -0.152228
219573975 2.620897 -0.966164 0.602565 -0.855740 -0.011766 -0.218521
239532471 3.489049 -1.281319 0.565371 -0.992062 0.011567 -0.298957
259490967 4.331586 -1.016740 0.000590 -1.040651 -0.018711 -0.388050
279449463 5.319734 -0.818070 -0.466383 -1.054751 -0.018711 -0.388050
299407959 5.666385 -1.221724 -0.718259 -1.162202 -0.005545 -0.524649
319396973 5.615626 -1.909454 -0.657166 -1.162396 -0.005545 -0.524649
339355469 5.435828 -2.625942 -0.139662 -1.302701 0.124391 -0.475431
359313965 5.666279 -3.239318 0.133630 -1.380053 0.175462 -0.479350
379272461 6.329272 -3.392700 -0.017775 -1.374014 0.175462 -0.479350
399230958 7.123621 -3.566073 -0.036514 -1.395682 0.197007 -0.591326
419189454 7.732762 -3.976259 0.262465 -1.428871 0.221709 -0.618558
439147950 8.025208 -4.582536 0.442693 -1.458456 0.263626 -0.631021
459106446 8.379815 -5.370750 0.934862 -1.514076 0.308790 -0.633669
479064942 8.929215 -5.953626 1.548128 -1.508708 0.308790 -0.633669
499023438 9.512354 -6.430898 1.973823 -1.547928 0.347516 -0.657678
518981934 9.704417 -7.410368 1.882105 -1.621379 0.406391 -0.672820
538940430 10.018661 -8.245995 1.868552 -1.679828 0.451199 -0.692005
558898926 9.773235 -9.195440 2.495723 -1.772123 0.493162 -0.659848
578857422 9.726971 -10.514036 3.742785 -1.905582 0.528065 -0.621390
598815918 10.022276 -11.072352 4.627205 -1.981758 0.528065 -0.621390
618774415 10.101254 -11.727421 4.178922 -2.082461 0.524770 -0.617726
638763428 10.343237 -13.100765 4.269789 -2.231620 0.600590 -0.666917
658721924 9.047653 -14.785339 5.478993 -2.556521 0.651281 -0.584007
678680420 5.771561 -17.063913 7.323497 -3.072244 0.716998 -0.395687
698638917 2.448041 -18.636927 7.047182 3.098597 0.716998 -0.395687
718597413 -0.296901 -19.812622 6.118373 2.644047 0.864421 -0.095980
738555909 -4.217779 -21.117428 5.781365 2.383530 0.902822 0.147359
758514405 -7.343389 -20.743549 4.469620 2.186645 0.907789 0.361039
778472901 -7.243536 -19.389151 3.758826 2.188041 0.895096 0.370027
798431397 -6.730798 -18.251478 4.429655 2.239312 0.846223 0.325832
818389893 -7.610170 -17.193630 4.909709 2.267784 0.846223 0.325832
838348389 -8.421899 -15.616253 3.477679 2.254659 0.786426 0.377329
858306885 -8.285122 -13.896832 1.993017 2.220447 0.761281 0.475216
878265381 -8.361977 -12.256070 0.805326 2.161835 0.698153 0.605875
898223877 -8.805681 -10.745428 -0.051103 2.147450 0.633014 0.696766
918182374 -9.646109 -9.463504 -1.792760 2.098497 0.580412 0.862297
938171387 -9.946503 -8.188347 -3.264287 2.137762 0.580412 0.862297
958129883 -9.411159 -6.698509 -3.548668 2.094985 0.441060 0.993063
978088379 -8.305571 -5.102016 -3.040858 2.136217 0.338140 0.903437
998055695 -6.913898 -3.902902 -2.555602 2.173377 0.255139 0.783060
1018014192 -5.745419 -2.994613 -1.920465 2.213189 0.176886 0.652756
1037972688 -5.000440 -2.290584 -1.530164 2.228604 0.108709 0.564305
1057931184 -4.246690 -1.673895 -1.101988 2.244317 0.044572 0.470075
1077889680 -3.622180 -1.327618 -0.742015 2.263337 0.007400 0.392325
1097848176 -3.189891 -1.158075 -0.427032 2.287136 -0.010705 0.339293
1117806672 -3.068276 -1.026842 -0.270046 2.283884 -0.025008 0.325098
1137765168 -2.690535 -0.944574 -0.531698 2.284505 -0.025008 0.325098
1157723664 -2.166811 -0.678747 -0.768092 2.294984 -0.070040 0.253172
1177682160 -1.742106 -0.292488 -0.885218 2.284627 -0.116580 0.210758
1197640656 -1.754753 -0.221112 -0.936095 2.267256 -0.126818 0.211581
1217599153 -2.106361 -0.419755 -0.758419 2.271664 -0.103476 0.240801
1237588166 -1.887444 -0.518097 -0.300885 2.261962 -0.103476 0.240801
1257546662 -1.491181 -0.387395 0.126731 2.332903 -0.101117 0.154743
1277505158 -1.442870 -0.008157 -0.353162 2.270792 -0.147246 0.158636
1297463654 -1.903228 -0.309835 -0.750045 2.249373 -0.147246 0.158636
1317422151 -2.712239 -1.012409 -0.820656 2.255600 -0.044535 0.299298
1337380647 -3.605054 -1.436460 -0.705327 2.260508 -0.044535 0.299298
1357339143 -3.547142 -1.399514 -0.149956 2.221111 0.000996 0.379213
1377297639 -3.608248 -1.423661 -0.524145 2.236569 -0.004267 0.348892
1397256135 -4.452636 -1.993398 -1.072895 2.208999 0.052617 0.461629
1417214631 -4.647455 -2.519168 -0.701412 2.186866 0.052617 0.461629
1437173127 -4.336181 -2.669844 -0.200979 2.196239 0.101678 0.452403
1457131623 -4.687008 -2.946663 -0.633292 2.227206 0.109884 0.390838
1477090119 -5.482824 -3.679558 -1.040391 2.201420 0.137150 0.427435
1497048615 -6.076702 -4.553580 -0.665848 2.182909 0.281044 0.525413
