0 3.010089 -0.451706 -0.215412 -1.075416 -0.049357 -0.189119
19958497 3.463880 -0.486159 -0.441308 -1.125832 -0.053791 -0.271569
39916993 3.951575 -0.562842 -0.733437 -1.190377 -0.043562 -0.378482
59875489 4.384934 -0.895065 -0.748755 -1.251608 -0.008287 -0.421342
79833985 4.577121 -1.420757 -0.511659 -1.285786 0.045402 -0.429565
99792481 4.692915 -2.072203 -0.346217 -1.361112 0.109218 -0.431435
119750977 4.842459 -2.562830 -0.418174 -1.345794 0.109218 -0.431435
139709473 4.892170 -3.170207 -0.645223 -1.458253 0.220385 -0.453438
159667969 5.219273 -3.580183 -0.874456 -1.489425 0.260637 -0.489393
179626465 5.511714 -3.751364 -1.336215 -1.493146 0.283388 -0.536779
199584961 6.126828 -4.015783 -1.783758 -1.493835 0.311285 -0.614996
219543457 6.725266 -4.236696 -1.602978 -1.479785 0.311285 -0.614996
239501954 7.207249 -4.744182 -1.670053 -1.491864 0.360557 -0.698153
259490967 7.285644 -5.643421 -1.296578 -1.538795 0.428102 -0.685417
279449463 7.250978 -6.346773 -0.902781 -1.516875 0.428102 -0.685417
299407959 6.812123 -7.247010 -0.019894 -1.647814 0.526820 -0.596211
319366456 6.687213 -8.299369 0.221683 -1.649817 0.526820 -0.596211
339324952 7.321065 -9.217343 0.097775 -1.725968 0.634058 -0.649746
359283448 7.709116 -10.206738 0.771111 -1.766983 0.658828 -0.656072
379241944 6.596663 -11.705750 2.059249 -1.973867 0.713826 -0.548484
399200440 5.462262 -13.132277 3.138722 -2.246926 0.759448 -0.454786
419158936 4.906989 -14.204603 4.027062 -2.481942 0.780877 -0.408220
439117432 4.989837 -14.255417 4.037979 -2.548622 0.782926 -0.426496
459075928 4.981649 -14.363786 3.845432 -2.683173 0.793209 -0.446181
479034424 4.064563 -15.303161 4.338783 -3.021912 0.820468 -0.391916
498992920 2.190543 -15.993845 4.576269 2.880469 0.853221 -0.284261
518951416 0.682929 -16.487984 5.143136 2.779031 0.853221 -0.284261
538909913 -0.085218 -15.860195 4.838643 2.540565 0.858151 -0.193708
558868409 -1.393219 -15.853004 3.946583 2.397129 0.880574 -0.096542
578826905 -3.310815 -16.125731 3.299425 2.254550 0.910238 0.035073
598815918 -5.795290 -15.853129 3.119774 2.079915 0.893233 0.219753
618774415 -6.511572 -14.631476 2.631943 2.016899 0.862738 0.275896
638732911 -5.701615 -13.316553 2.751217 2.044834 0.862738 0.275896
658691407 -6.179430 -12.856626 3.129316 2.074749 0.773923 0.230304
678649903 -6.822403 -12.087248 3.075902 2.046043 0.731201 0.279716
698608399 -6.699648 -11.117167 2.368925 2.074619 0.707250 0.292163
718566895 -6.524029 -10.164770 1.906135 2.096004 0.670225 0.301951
738525391 -6.689311 -9.395711 1.426649 2.108699 0.634002 0.344379
758483887 -6.640391 -8.356249 0.815156 2.127180 0.584066 0.377963
778442383 -6.633031 -7.314541 -0.114072 2.132335 0.536562 0.431929
798400879 -6.291363 -6.518588 -1.092918 2.150495 0.507259 0.466554
818359375 -6.027200 -5.630121 -1.657875 2.166914 0.446156 0.492157
838317872 -5.978127 -4.956119 -2.037742 2.171558 0.386779 0.527880
858276368 -6.162523 -4.538035 -2.062863 2.172087 0.334157 0.562155
878234864 -6.033552 -4.063439 -1.757828 2.193773 0.273886 0.543708
898193360 -5.284174 -3.252626 -1.589948 2.210760 0.189666 0.472162
918151856 -4.419676 -2.591332 -1.696726 2.233926 0.121645 0.396501
938110352 -3.617492 -2.025832 -1.005612 2.262189 0.051500 0.290489
958099366 -3.319961 -1.594049 -0.749839 2.268916 0.000522 0.256235
978057862 -3.308830 -1.452863 -0.729044 2.262242 -0.017686 0.259363
998016358 -3.410882 -1.592007 -0.785885 2.274722 -0.004172 0.276222
1017974854 -3.374810 -1.492967 -0.350517 2.278577 -0.015965 0.263495
1037933350 -2.999269 -1.019251 -0.291853 2.261609 -0.068001 0.226273
1057891846 -2.745450 -0.729556 -0.476641 2.246493 -0.102865 0.205857
1077850342 -2.816557 -0.752741 -0.170678 2.260802 -0.099046 0.208699
1097808838 -2.856417 -0.563066 -0.086108 2.223981 -0.119021 0.213225
1117767334 -2.614763 -0.388071 -0.111616 2.222792 -0.139405 0.191561
1137725831 -2.580444 -0.199702 -0.155122 2.198829 -0.161094 0.190064
1157684327 -2.854273 -0.364471 -0.083959 2.209881 -0.143734 0.216319
1177642823 -3.174145 -0.622303 0.344691 2.206316 -0.112989 0.237131
1197601319 -3.553009 -0.844565 0.656132 2.213377 -0.090131 0.262843
1217559815 -3.382356 -0.910099 0.591457 2.220890 -0.087530 0.246087
1237518311 -3.490057 -1.104671 0.473398 2.217769 -0.071858 0.257065
1257476807 -3.782461 -1.432212 0.392426 2.209725 -0.041994 0.285531
1277435303 -4.293165 -1.632324 0.186793 2.188030 -0.023650 0.338032
1297424317 -4.220102 -1.646245 0.359120 2.185059 -0.024296 0.323345
1317382813 -3.842921 -1.814017 0.062885 2.169258 -0.024296 0.323345
1337341309 -4.050762 -2.038043 -0.432961 2.188339 0.009486 0.326330
1357299805 -4.692437 -2.365510 -0.101707 2.144037 0.043013 0.376817
1377258301 -4.826374 -2.643573 0.971268 2.146772 0.063763 0.352652
1397216797 -4.066311 -2.587178 0.940784 2.148215 0.057970 0.286151
1417175293 -3.046053 -2.523827 0.531999 2.155820 0.053274 0.200606
1437133790 -3.125297 -2.837768 0.223088 2.145239 0.085910 0.216269
1457092286 -3.442443 -3.468869 0.341448 2.152365 0.146631 0.246924
1477050782 -3.326209 -3.927749 0.298905 2.144431 0.192779 0.238298
1497009278 -3.195833 -4.432245 0.302757 2.123398 0.192779 0.238298
