0 2.727043 -0.378721 0.040977 -0.897816 -0.075579 -0.205488
19958496 3.479877 -0.572571 -0.103757 -1.093856 -0.065848 -0.374642
39916992 4.183020 -1.001312 -0.147497 -1.180775 -0.026335 -0.438053
59875488 5.008200 -1.450520 0.047997 -1.184713 -0.026335 -0.438053
79833985 5.789246 -2.217653 0.253892 -1.344579 0.074001 -0.545152
99792481 6.740797 -2.877900 0.211650 -1.332513 0.074001 -0.545152
119750977 7.957517 -3.418171 0.229757 -1.429259 0.152742 -0.678738
139709473 9.037085 -4.192587 -0.385567 -1.471139 0.204415 -0.766184
159667969 9.905245 -4.792922 -1.267104 -1.471618 0.204415 -0.766184
179656983 10.865424 -5.885278 -1.666454 -1.502416 0.313324 -0.924901
199615479 11.807258 -6.615381 -1.574407 -1.507394 0.344836 -0.959313
219573975 13.005518 -6.966249 -1.252002 -1.495618 0.343830 -0.987619
239532471 13.657289 -7.858994 -0.806252 -1.494496 0.382384 -0.987538
259490967 14.586329 -9.106342 -0.045629 -1.486591 0.382384 -0.987538
279449463 15.842292 -10.597379 1.269397 -1.497528 0.425421 -0.982717
299407959 16.659798 -12.904001 2.313820 -1.574291 0.520667 -0.956422
319366455 17.168055 -15.423302 3.822648 -1.664082 0.576228 -0.924428
339324951 16.696133 -18.190931 3.992293 -1.796539 0.660828 -0.917481
359283447 15.989355 -21.900364 4.899227 -2.014249 0.753781 -0.878185
379241944 12.978374 -25.558287 8.611180 -2.139068 0.753781 -0.878185
399200440 8.786839 -26.723400 12.114746 -2.617843 0.820448 -0.683195
419158936 7.655066 -26.194235 11.922882 3.135280 0.825428 -0.470410
439117432 7.072122 -26.767071 8.128527 3.093878 0.909722 -0.513200
459075928 4.448584 -27.776505 7.178284 3.025214 0.909722 -0.513200
479034424 2.338785 -27.430473 6.288778 2.788400 1.007537 -0.329281
498992920 0.721770 -26.870361 7.072050 2.663080 0.986383 -0.224688
518951416 -1.876541 -26.886286 6.821033 2.510912 1.000756 -0.064314
538940430 -3.123794 -25.346684 5.242138 2.551444 1.000756 -0.064314
558898926 -2.644867 -23.265604 3.150861 2.534622 1.038890 0.018704
578857422 -2.395170 -21.132751 2.060983 2.570132 1.029222 0.031683
598815918 -2.957194 -19.326273 1.269368 2.551553 1.010868 0.125686
618774414 -4.826710 -17.963444 -0.255432 2.410101 1.010873 0.375938
638732910 -7.218617 -16.288052 -1.858415 2.237220 0.957365 0.695091
658691406 -9.123451 -14.434183 -3.154451 2.135640 0.858954 0.929089
678649902 -10.132266 -12.002531 -4.213260 2.111996 0.736864 1.065822
698608399 -9.200508 -9.972105 -3.488823 2.209850 0.646398 0.971992
718566895 -7.149929 -7.944109 -2.476303 2.346074 0.555427 0.776449
738525391 -5.452139 -6.345543 -1.708613 2.450118 0.448261 0.598252
758483887 -4.864563 -5.020134 -1.661269 2.470305 0.334520 0.552915
778442383 -4.864879 -4.298280 -2.050902 2.440337 0.266665 0.586120
798400879 -5.203716 -3.866013 -2.757438 2.399353 0.223986 0.670581
818359375 -5.028290 -3.278272 -2.766180 2.389754 0.154826 0.659495
838317871 -4.331543 -2.677326 -2.578178 2.418331 0.083520 0.581842
858276367 -3.795864 -2.252280 -2.128534 2.452144 0.029281 0.501189
878265381 -3.316758 -1.877386 -1.596555 2.478382 -0.016947 0.426718
898223877 -3.051891 -1.529002 -1.870196 2.469861 -0.060366 0.414925
918182373 -2.862288 -1.302984 -1.855989 2.459555 -0.087128 0.395234
938140869 -2.806562 -1.328704 -1.586469 2.475399 -0.080427 0.377181
958099365 -3.427302 -1.684322 -1.472103 2.453507 -0.035516 0.435716
978057861 -4.256633 -2.065896 -1.172372 2.445748 0.008555 0.497860
998016358 -4.255185 -2.075778 -0.943462 2.444837 0.009887 0.481117
1017974854 -4.032980 -2.141976 -0.875652 2.462326 0.016454 0.449822
1037933350 -3.626076 -2.167446 -0.879243 2.488906 0.019383 0.402011
1057891846 -3.471426 -2.076523 -0.849660 2.488176 0.010285 0.375446
1077850342 -3.562986 -2.122456 -0.517066 2.484107 0.014451 0.361628
1097808838 -3.897106 -2.585768 -0.553867 2.473536 0.060955 0.386127
1117767334 -3.632255 -2.945284 -0.903201 2.479677 0.101363 0.364814
1137725830 -3.672714 -3.398593 -1.372470 2.478233 0.157997 0.380505
1157684326 -4.010790 -3.455022 -1.902711 2.427876 0.173915 0.432730
1177642822 -4.837011 -4.198980 -2.065908 2.388463 0.256452 0.514580
1197601319 -5.437854 -5.552451 -1.856955 2.373124 0.386592 0.540980
1217559815 -4.619334 -6.362297 -1.143064 2.440641 0.457578 0.396615
1237548828 -4.063925 -5.730182 -1.860261 2.427342 0.443567 0.342860
1257507324 -3.487556 -4.853037 -2.715856 2.389929 0.443567 0.342860
1277465820 -3.141907 -5.021771 -2.890149 2.415127 0.460045 0.234151
1297424317 -2.956554 -5.943089 -2.391398 2.431707 0.557896 0.182735
1317382813 -3.462119 -7.138412 -1.371274 2.381041 0.620761 0.209392
1337341309 -3.157084 -7.689865 -0.859829 2.392595 0.657310 0.148360
1357299805 -2.338872 -7.818002 -0.479486 2.426970 0.669546 0.039804
1377258301 -1.871807 -7.792049 -0.186077 2.430214 0.673757 -0.018457
1397216797 -1.922146 -8.578609 0.701721 2.396682 0.698905 -0.016808
1417175293 -2.223043 -9.960503 1.470517 2.345743 0.755989 0.004911
1437133789 -1.831255 -10.986591 2.351007 2.329926 0.781102 -0.037601
1457092285 -0.328362 -10.354906 2.841649 2.380257 0.742288 -0.165793
1477050781 1.114866 -9.638428 3.356745 2.409386 0.693017 -0.272187
1497009277 1.092773 -10.629257 3.621630 2.370852 0.741450 -0.264351
