0 1.051643 -0.409550 0.424370 -0.926178 -0.008849 -0.121871
19989014 1.802845 -0.399200 0.017148 -1.033186 -0.011020 -0.198711
39947510 2.325438 -0.362798 -0.015695 -1.014206 -0.011020 -0.198711
59906006 2.722192 -0.552164 -0.090051 -1.109878 -0.000000 -0.291502
79864502 3.148824 -0.633134 0.165261 -1.147278 0.004563 -0.326080
99822998 3.582326 -0.588034 0.152333 -1.137349 0.004563 -0.326080
119781494 3.862428 -0.873876 -0.132896 -1.151513 -0.003154 -0.365783
139739990 4.113501 -1.261169 -0.083869 -1.248994 0.056395 -0.418592
159698487 4.614542 -1.382421 0.298293 -1.246554 0.063447 -0.444640
179656983 5.142083 -1.365751 0.287724 -1.260090 0.060096 -0.486418
199615479 5.665973 -1.608950 0.510928 -1.282058 0.077893 -0.518294
219573975 6.118766 -2.187907 1.277079 -1.298247 0.116601 -0.521940
239532471 6.278844 -3.382603 1.973857 -1.389217 0.195597 -0.508204
259490967 6.269534 -4.415655 2.211525 -1.480430 0.261106 -0.499207
279449463 6.687242 -4.875224 1.591260 -1.506163 0.295048 -0.546642
299438477 7.610730 -5.135127 1.065150 -1.510680 0.307689 -0.622290
319396973 8.383108 -5.810056 0.700768 -1.526602 0.345133 -0.681165
339355469 8.244840 -6.937250 0.277960 -1.622084 0.425329 -0.691969
359313965 7.873926 -8.206543 0.182849 -1.730453 0.509363 -0.675561
379272461 8.230736 -9.033702 0.361607 -1.772166 0.540523 -0.691472
399230957 9.280977 -9.656186 0.601189 -1.768848 0.542433 -0.740227
419189453 9.954744 -10.785896 0.311009 -1.810841 0.590766 -0.788010
439147949 9.768176 -12.492147 0.150961 -1.840748 0.590766 -0.788010
459106446 8.920715 -14.440128 0.365926 -2.097975 0.776106 -0.728902
479064942 8.484909 -15.905235 1.206123 -2.256726 0.815280 -0.668956
499023438 8.465020 -17.134480 2.058951 -2.388703 0.830867 -0.637374
518981934 8.234449 -18.641207 3.032263 -2.545914 0.852757 -0.592225
538940430 7.149775 -20.119738 3.825078 -2.749069 0.888672 -0.508115
558898926 5.787527 -21.264082 4.154824 -2.944812 0.926142 -0.420995
578857422 4.713675 -21.666714 4.167860 -3.075257 0.945923 -0.359259
598815918 4.812407 -21.608809 3.596327 -3.040587 0.957763 -0.386420
618774414 5.469923 -21.370113 3.212633 -3.049435 0.953353 -0.443531
638763428 5.624758 -21.646435 3.667453 -3.078247 0.944474 -0.439139
658721924 4.913192 -22.422194 3.087715 -3.118068 0.990747 -0.404802
678680420 3.432907 -22.140808 2.747372 3.070880 1.016143 -0.303470
698638916 1.421767 -21.885012 4.929909 2.896213 0.955539 -0.123797
718597412 -0.235835 -21.479729 3.795008 2.918773 0.955539 -0.123797
738555908 -0.765461 -20.844242 1.966034 2.793899 1.035940 0.041693
758514405 -1.337793 -19.762064 0.879049 2.771851 1.051262 0.107571
778472901 -2.360297 -18.989847 0.220984 2.708307 1.052796 0.219525
798431397 -3.791501 -17.793961 0.621469 2.633060 0.989154 0.340585
818389893 -4.796644 -16.373053 -0.237142 2.569099 0.964561 0.458439
838348389 -5.341689 -15.426322 -1.303059 2.517775 0.965501 0.558346
858306885 -6.134914 -14.393435 -0.529218 2.527087 0.881062 0.589787
878265381 -7.491871 -12.737140 -0.582791 2.467855 0.782598 0.695657
898223877 -8.641232 -11.623719 -1.345168 2.402701 0.723893 0.815075
918182373 -9.373473 -10.533841 -1.837866 2.357644 0.663975 0.887742
938171387 -9.497627 -9.113914 -1.638184 2.366271 0.583410 0.882754
958129883 -9.269238 -7.850919 -1.458888 2.373167 0.514895 0.860867
978088379 -9.193396 -6.704598 -1.442756 2.375226 0.446736 0.855869
998046875 -8.616517 -5.728697 -1.336576 2.373019 0.393521 0.817840
1018005371 -7.503043 -4.602647 -0.863913 2.420675 0.325115 0.724633
1037963867 -6.415655 -3.570696 -0.545291 2.454653 0.255488 0.637399
1057922364 -5.543699 -2.856759 -0.355701 2.495522 0.202926 0.568343
1077880860 -5.201060 -2.278857 -0.394559 2.493505 0.154389 0.547617
1097839356 -5.002632 -1.939005 -0.814233 2.468669 0.126553 0.554732
1117797852 -4.690111 -1.832569 -1.122453 2.477895 0.118698 0.546612
1137756348 -4.406053 -1.517333 -1.443950 2.473634 0.118698 0.546612
1157714844 -4.220273 -1.339288 -1.550945 2.454444 0.075066 0.534360
1177673340 -4.327160 -1.347219 -1.330535 2.455361 0.076127 0.533247
1197662354 -4.758172 -1.498744 -1.094148 2.438838 0.089485 0.555646
1217620850 -4.737883 -1.667697 -0.697477 2.471235 0.103713 0.529725
1237579346 -4.637890 -1.627320 -0.588776 2.456230 0.100828 0.511367
1257537842 -4.444284 -1.511683 -0.471054 2.476667 0.091462 0.484157
1277496338 -4.399350 -1.435403 -0.320267 2.479519 0.084887 0.467311
1297454834 -4.766896 -1.698399 -0.365241 2.436132 0.110491 0.493300
1317413330 -5.160229 -2.007481 -0.123760 2.423706 0.137016 0.506590
1337371826 -4.844638 -2.106133 0.651849 2.461936 0.140917 0.441441
1357330323 -4.226142 -2.318393 1.383315 2.523628 0.153261 0.359384
1377288819 -3.789464 -2.620174 1.465825 2.520593 0.177078 0.313391
1397247315 -3.988871 -3.249785 0.945142 2.531586 0.234471 0.334876
1417205811 -4.575533 -4.196085 0.809292 2.473625 0.309299 0.378782
1437164307 -4.771605 -4.671635 1.151347 2.444196 0.335559 0.376402
1457122803 -4.246078 -4.963561 0.996758 2.492906 0.365690 0.332431
1477081299 -3.665329 -5.458604 0.567449 2.526941 0.420871 0.288722
1497070313 -3.614928 -5.913645 -0.062101 2.501845 0.477492 0.294552
