0 2.682546 -0.383217 0.075129 -0.901681 -0.013957 -0.294086
19989014 3.089033 -0.642750 0.255984 -0.957480 0.010399 -0.326325
39947510 3.478054 -0.759493 0.245042 -1.018667 0.020562 -0.360497
59906006 3.564426 -1.010799 0.214317 -1.063015 0.043812 -0.366467
79864502 3.880827 -1.259216 0.212882 -1.060436 0.043812 -0.366467
99822998 4.422908 -1.392952 0.150899 -1.157873 0.074519 -0.438262
119781494 4.906871 -1.779092 -0.067817 -1.225392 0.107264 -0.486264
139739990 5.274763 -2.062595 -0.057189 -1.248600 0.129254 -0.513931
159698486 5.424484 -2.603216 0.072849 -1.305283 0.172266 -0.518255
179656982 5.774827 -3.102838 -0.154498 -1.310567 0.172266 -0.518255
199615479 6.351513 -3.478400 -0.308658 -1.396821 0.239216 -0.605202
219573975 6.933797 -3.961805 -0.410063 -1.430501 0.271607 -0.652770
239532471 7.394692 -4.562082 -0.460350 -1.468704 0.313156 -0.687353
259490967 7.749471 -4.885910 -0.211034 -1.484259 0.328732 -0.699012
279449463 8.548908 -4.918125 0.176471 -1.453164 0.313223 -0.730843
299407959 9.107024 -5.447199 0.444495 -1.474535 0.336182 -0.753962
319366455 9.248520 -6.250987 0.733381 -1.519174 0.378982 -0.755332
339355469 9.007496 -7.169038 0.986337 -1.604270 0.431834 -0.740492
359313965 8.182159 -8.222184 1.271010 -1.742124 0.498651 -0.694909
379272461 7.497501 -8.979299 1.673910 -1.875447 0.539367 -0.653827
399230957 7.200179 -9.578989 1.934968 -1.966412 0.563079 -0.644751
419189453 7.016248 -10.569801 1.650541 -2.050813 0.563079 -0.644751
439147949 5.976595 -11.694735 2.350372 -2.424059 0.661637 -0.603018
459106445 3.881090 -12.287057 4.194424 -2.959244 0.663132 -0.441354
479064941 2.356754 -12.519476 4.951798 2.947085 0.662679 -0.354023
499023437 1.769164 -12.223150 4.108441 2.831481 0.677901 -0.358420
518981934 3.436259 -11.546419 4.431043 2.928806 0.611748 -0.469359
538940430 4.416800 -11.669616 3.984838 3.025959 0.607542 -0.550541
558898926 3.528729 -12.621145 4.160283 2.874682 0.649968 -0.500803
578857422 1.340508 -14.404089 4.344967 2.654566 0.739347 -0.359545
598815918 -0.290992 -15.585798 3.847126 2.568393 0.811934 -0.249452
618774414 -0.636729 -15.868170 3.815620 2.570618 0.821269 -0.210146
638732910 0.159030 -15.246211 4.048469 2.592932 0.778530 -0.243803
658691406 0.200422 -15.347537 3.155475 2.638555 0.808625 -0.231281
678680420 -1.225657 -16.401737 1.892122 2.558976 0.900400 -0.080625
698638916 -4.722670 -18.028942 0.338824 2.286471 0.989855 0.323034
718597412 -7.217219 -17.258951 -2.648817 2.017736 1.005721 0.756481
738555908 -9.161728 -14.698086 -4.748883 1.966199 0.882955 1.083967
758514404 -11.058408 -12.447533 -5.603208 1.966199 0.882955 1.083967
778472900 -12.261752 -10.278437 -5.764261 1.977763 0.567665 1.292543
798431396 -12.053751 -8.607472 -5.196115 2.014618 0.483388 1.252852
818389893 -10.651952 -7.848755 -4.030002 2.072272 0.470946 1.130551
838348389 -7.419295 -5.520787 -2.189093 2.194426 0.369907 0.845767
858306885 -5.091635 -4.002542 -1.010174 2.293341 0.264035 0.597958
878265381 -4.252973 -3.337967 -0.196463 2.332884 0.198260 0.481179
898223877 -3.958961 -2.964556 0.057240 2.323100 0.198260 0.481179
918182373 -3.774938 -2.771502 -0.467899 2.300425 0.138754 0.448817
938140869 -3.670238 -2.581206 -1.533671 2.273458 0.122123 0.493064
958099365 -3.143566 -2.066067 -2.465671 2.284558 0.122123 0.493064
978057861 -2.581619 -1.633300 -3.087477 2.221524 0.001958 0.472407
998046875 -2.197898 -1.292199 -3.361938 2.225805 0.001958 0.472407
1018005371 -1.958833 -1.007117 -2.952224 2.208365 -0.091607 0.379883
1037963867 -2.008139 -1.000629 -2.359291 2.209104 -0.084633 0.346212
1057922363 -2.296825 -1.217623 -1.555168 2.251548 -0.050168 0.331563
1077880859 -2.900929 -1.607185 -1.008571 2.243334 -0.004708 0.358159
1097839355 -3.120741 -1.904206 -0.656435 2.271826 0.025700 0.350924
1117797852 -3.510478 -2.346388 -0.563044 2.274406 0.071631 0.372787
1137756348 -4.089159 -2.915123 -0.609769 2.272389 0.130992 0.419116
1157714844 -4.691316 -3.319510 -0.055104 2.255350 0.161281 0.438169
1177673340 -4.541410 -3.613336 0.490823 2.235977 0.161281 0.438169
1197631836 -4.067007 -3.751807 -0.491955 2.279906 0.207661 0.367280
1217590332 -4.465855 -3.914915 -1.664842 2.238790 0.246130 0.443399
1237548828 -4.525984 -4.196468 -1.612586 2.218635 0.278954 0.432485
1257507324 -4.065279 -4.723997 -0.901141 2.198406 0.278954 0.432485
1277465820 -4.217385 -4.906073 -0.512111 2.247590 0.333908 0.325128
1297424316 -4.492266 -4.685647 -0.578738 2.192323 0.319069 0.342096
1317382812 -3.878280 -4.898185 -0.672228 2.216415 0.356910 0.270380
1337371826 -3.876551 -5.207199 -0.957946 2.203996 0.409381 0.270858
1357330322 -3.894434 -5.351867 -0.489203 2.184708 0.418568 0.252180
1377288818 -3.635613 -5.762017 -0.052960 2.181337 0.454729 0.206256
1397247314 -3.073264 -6.382195 0.515335 2.219727 0.501868 0.133026
1417205811 -2.121421 -6.319430 1.762119 2.236810 0.467561 0.030839
1437164307 -1.084931 -5.639042 2.490700 2.237700 0.408829 -0.057744
1457122803 -0.644923 -5.126051 2.552415 2.184546 0.383307 -0.091415
1477081299 -0.740827 -5.732229 2.479806 2.179945 0.443193 -0.079465
1497039795 -0.768556 -6.835005 3.652010 2.165934 0.490325 -0.064275
