0 -0.284312 0.216117 -0.357964 -0.045162 -0.039522 0.050717
19958496 -0.570330 0.288623 -0.113357 -0.050153 -0.039522 0.050717
39916992 -0.788248 0.239559 -0.383971 0.031318 -0.046831 0.077529
59875488 -1.103146 0.345168 -0.724235 0.191389 -0.059022 0.145891
79833984 -1.950610 0.585291 -0.758133 0.390456 -0.084343 0.240478
99792480 -2.543331 0.722793 -0.549047 0.495270 -0.095449 0.298061
119781494 -2.742624 0.552296 -0.478711 0.536645 -0.076633 0.319895
139739990 -2.116933 0.329393 0.499395 0.521639 -0.076633 0.319895
159698486 -1.448187 0.176228 0.319972 0.252195 -0.047458 0.197304
179656982 -0.952140 0.028266 -0.058549 0.123503 -0.044270 0.171711
199615478 0.979752 -0.120739 -0.343798 0.071529 -0.044270 0.171711
219573974 4.592246 -0.850342 -1.409399 -1.119213 0.028158 -0.403008
239532470 8.221109 -1.255738 -0.833209 -1.175456 0.028158 -0.403008
259490967 10.796842 -1.353180 -0.549780 -1.312927 0.050602 -0.801748
279449463 11.993466 -1.306485 -0.502943 -1.311515 0.043886 -0.854894
299407959 12.568851 -1.216033 -0.246812 -1.312988 0.038468 -0.867605
319366455 13.660519 -1.734583 0.041273 -1.298377 0.038468 -0.867605
339355469 15.535690 -2.921191 0.055379 -1.339131 0.141030 -0.971610
359313965 16.731537 -4.475381 1.202281 -1.360147 0.213294 -0.958169
379272461 17.126427 -6.125816 1.350583 -1.371321 0.292638 -0.965252
399230957 16.892059 -7.856028 0.546663 -1.395567 0.388336 -0.998093
419189453 16.862196 -9.869507 1.592462 -1.378349 0.388336 -0.998093
439147949 16.545429 -12.155290 4.153241 -1.425776 0.468506 -0.958968
459106445 14.655405 -14.923496 4.319937 -1.635305 0.652680 -0.793357
479064941 13.291824 -18.757143 6.263252 -1.845628 0.752455 -0.681674
499023437 12.384616 -23.343172 11.422833 -1.870192 0.752455 -0.681674
518981933 9.404229 -26.646906 12.581807 -2.395164 0.840804 -0.390832
538940429 2.116591 -27.867739 6.995617 -3.042435 1.027184 -0.128673
558929443 -6.611016 -28.014521 2.418245 3.110801 1.027184 -0.128673
578887939 -14.150135 -26.246372 1.733619 1.807417 0.979306 0.860485
598846435 -15.833447 -23.298544 0.647355 1.658780 0.908858 0.961940
618804931 -16.340385 -19.987398 -0.489797 1.656842 0.908858 0.961940
638763428 -17.327667 -16.878500 -0.782972 1.568304 0.841469 1.028847
658721924 -18.202625 -14.585355 -2.077369 1.529051 0.743027 1.068319
678680420 -19.619131 -12.114949 -1.364148 1.460350 0.553154 1.148658
698638916 -18.221527 -10.768129 0.553650 1.515734 0.512413 1.036318
718597412 -14.322053 -9.801359 -0.185749 1.579901 0.557223 0.959094
738555908 -11.851113 -7.862843 -0.306834 1.639357 0.518097 0.871357
758514404 -10.407973 -5.670210 -1.953403 1.635465 0.451478 0.896174
778472900 -9.358078 -3.449409 -3.993907 1.602479 0.345647 0.984799
798461914 -8.620674 -1.822455 -3.833452 1.623795 0.345647 0.984799
818420410 -7.606827 -0.468820 -3.108083 1.647152 0.204747 0.934123
838378906 -6.281438 0.592458 -3.146771 1.606389 -0.060758 0.723692
858337402 -6.119210 0.491998 -5.069792 1.618526 -0.060758 0.723692
878295898 -6.192243 0.529915 -4.108432 1.635996 -0.056079 0.798352
898254394 -4.964093 0.710362 -1.693886 1.640043 -0.056079 0.798352
918212890 -4.040921 0.637756 -0.461189 1.647168 -0.045483 0.377837
938171387 -3.052207 0.658197 -0.750401 1.631292 -0.045483 0.377837
958129883 -2.485809 0.409945 -1.141026 1.627111 -0.048308 0.296964
978088379 -1.689556 0.327501 -0.698460 1.702656 0.001570 0.153525
998046875 -1.035084 0.412778 0.180728 1.698993 0.001445 0.074259
1018035888 -1.588393 0.167890 0.860264 1.728896 0.030957 0.120570
1037994385 -1.425460 0.119837 0.883129 1.713359 0.030957 0.120570
1057952881 -1.076154 -0.062835 1.089581 1.720932 0.040797 0.105158
1077911377 -1.069810 -0.110683 1.256033 1.750558 0.065455 0.076039
1097869873 -1.083807 -0.244948 0.684846 1.790416 0.084908 0.082001
1117828369 -1.133145 -0.447841 1.023003 1.808414 0.104642 0.082073
1137786865 -1.264585 -0.484782 1.420256 1.804405 0.104642 0.082073
1157745361 -1.807402 -0.347150 0.880400 1.764688 0.098190 0.141772
1177703857 -2.374355 -0.282713 0.457821 1.733201 0.095294 0.199378
1197662353 -2.638107 -0.474257 0.470908 1.723623 0.095294 0.199378
1217620849 -2.712271 -0.820449 0.393206 1.775240 0.145569 0.227143
1237609863 -2.685517 -0.593941 -0.069689 1.759803 0.145569 0.227143
1257568359 -3.504070 -0.779776 -0.667485 1.728005 0.152230 0.323963
1277526855 -4.195913 -1.330943 -0.665691 1.746204 0.204194 0.387127
1297485351 -4.539353 -1.899765 -0.582242 1.770607 0.255911 0.412192
1317443847 -4.382106 -2.157089 -0.490665 1.787433 0.280297 0.391180
1337402344 -4.529107 -2.390272 -0.514872 1.776514 0.280297 0.391180
1357360840 -5.401999 -2.561419 -0.455760 1.734343 0.305119 0.474134
1377319336 -5.639401 -2.910834 -0.568510 1.739879 0.337892 0.491940
1397277832 -5.773516 -3.408919 -0.837559 1.749589 0.391854 0.507007
1417236328 -5.504468 -3.670894 0.000058 1.756511 0.396651 0.438603
1437194824 -5.470068 -3.803419 0.110138 1.732349 0.396651 0.438603
1457183838 -5.949028 -3.815109 -0.475409 1.732784 0.405498 0.424522
1477142334 -6.105995 -4.343171 -0.591619 1.684631 0.418536 0.483274
1497100830 -5.879671 -4.968532 0.114795 1.736341 0.490072 0.446817
