0 -0.454346 -0.303880 0.151071 1.433314 -0.039479 0.017775
19958496 -0.428083 -0.120104 0.304270 1.437970 -0.037512 -0.002375
39916992 -0.357697 -0.192630 0.208254 1.439029 -0.037512 -0.002375
59875488 -0.543857 -0.362558 0.074895 1.453831 -0.032601 -0.008633
79833984 -1.142519 -0.252557 -0.070767 1.492737 -0.017498 0.010209
99822998 -1.547686 -0.237381 0.142853 1.483528 -0.030270 0.101104
119781494 -2.128166 -0.163312 0.226976 1.494773 -0.040219 0.154953
139739990 -3.397837 -0.191308 -0.155822 1.498067 -0.042538 0.286052
159698486 -5.364573 -0.013711 -0.921741 1.509808 -0.061530 0.493553
179656982 -5.887625 -0.192137 -0.959070 1.532093 -0.039877 0.533818
199615478 -6.267043 -0.577586 -0.234571 1.542811 0.000437 0.521749
219573974 -6.753925 -0.945241 -0.062899 1.560523 0.031386 0.544566
239532471 -6.941234 -1.264136 -0.783130 1.580745 0.057946 0.590107
259490967 -7.431800 -1.333881 -1.358678 1.567551 0.061875 0.657167
279449463 -7.616652 -1.531425 -1.469145 1.564968 0.061875 0.657167
299407959 -8.328506 -1.806223 -0.796188 1.565799 0.101380 0.681175
319366455 -8.176514 -2.011087 0.152751 1.556349 0.101380 0.681175
339355469 -8.207036 -2.251415 0.616726 1.565152 0.134463 0.596794
359313965 -8.399977 -2.500620 1.004341 1.545668 0.134463 0.596794
379272461 -8.706681 -3.061421 1.464989 1.558150 0.188152 0.592370
399230957 -8.603838 -3.676916 2.221642 1.538523 0.188152 0.592370
419189453 -8.124490 -4.052808 3.570398 1.547083 0.225288 0.556929
439147949 -7.846346 -5.226206 5.256085 1.597762 0.279581 0.430599
459106445 -6.974854 -6.776507 5.711263 1.605939 0.279581 0.430599
479064941 -5.840089 -8.133451 4.893575 1.770685 0.436344 0.366583
499023437 -3.998513 -9.291374 4.301399 1.952034 0.515838 0.294263
518981933 -1.540260 -9.896000 4.089437 2.209922 0.563826 0.160380
538940429 -0.535931 -9.518888 4.092536 2.320322 0.547351 0.111606
558898926 -0.739378 -9.688090 2.859112 2.363800 0.547351 0.111606
578887939 -0.064054 -9.806273 3.031155 2.506945 0.615040 0.102483
598846435 2.701932 -9.430029 4.489172 2.964605 0.554711 -0.092656
618804931 3.776973 -9.073115 6.210101 -2.991318 0.486873 -0.135729
638763428 3.766142 -8.668366 4.230641 -2.764950 0.486873 -0.135729
658721924 5.252135 -9.084500 0.938400 -2.438457 0.644542 -0.303039
678680420 6.723690 -8.759057 0.844806 -2.364530 0.644542 -0.303039
698638916 7.028092 -8.281943 1.876122 -1.973569 0.538440 -0.411216
718597412 7.591293 -8.393312 1.568454 -1.909015 0.541451 -0.464328
738555908 8.296972 -8.503718 0.458571 -1.851395 0.565880 -0.563671
758514404 9.104303 -8.241404 0.716084 -1.760230 0.523113 -0.610078
778472900 9.297030 -7.778989 1.073270 -1.713932 0.478805 -0.608571
798431396 9.041336 -7.084333 1.361092 -1.719627 0.478805 -0.608571
818420410 9.277588 -6.408036 0.996569 -1.632659 0.383107 -0.624094
838378906 9.310302 -5.648215 0.254212 -1.646379 0.383107 -0.624094
858337402 8.811583 -4.770751 -0.001904 -1.552263 0.282419 -0.671676
878295898 7.530514 -3.715846 -0.525524 -1.509887 0.217295 -0.628642
898254394 6.060808 -2.759499 -1.144873 -1.460815 0.148806 -0.564279
918212890 5.126044 -2.056976 -1.537919 -1.393266 0.084388 -0.518267
938171387 4.977906 -1.679546 -1.229729 -1.349635 0.040927 -0.500725
958129883 4.926360 -1.447427 -1.014844 -1.360908 0.040927 -0.500725
978088379 4.232034 -1.035171 -1.367944 -1.329237 0.013053 -0.494137
998046875 3.488679 -0.660224 -1.544785 -1.256075 -0.033960 -0.455130
1018005371 2.845350 -0.349192 -1.579106 -1.056168 -0.118294 -0.340894
1037963867 2.477986 -0.208089 -1.705767 -0.991793 -0.136555 -0.312374
1057952881 2.322803 -0.042395 -0.949986 -0.988689 -0.136555 -0.312374
1077911377 2.236751 0.150918 -0.480643 -0.893044 -0.158699 -0.254377
1097869873 2.187847 -0.013931 -1.010730 -0.893044 -0.158699 -0.254377
1117828369 1.704850 0.007944 -0.892589 -0.854843 -0.151641 -0.214626
1137786865 1.475175 0.083792 -0.571485 -0.846392 -0.151641 -0.214626
1157745361 1.188477 0.169048 -0.271141 -0.791071 -0.152744 -0.187062
1177703857 1.036750 0.310431 0.066873 -0.730590 -0.155129 -0.154485
1197662353 0.841866 0.280946 -0.019841 -0.684952 -0.163037 -0.135221
1217620849 0.695132 0.124257 -0.321634 -0.644329 -0.148914 -0.107513
1237579346 0.845190 0.072646 -0.418489 -0.647436 -0.148914 -0.107513
1257537842 1.157541 -0.096190 -0.183006 -0.765315 -0.115887 -0.158361
1277496338 1.409949 -0.183874 0.682756 -0.817047 -0.096138 -0.169113
1297485351 1.185872 -0.156124 0.393277 -0.823794 -0.096138 -0.169113
1317443847 0.781295 -0.226261 -0.024087 -0.708512 -0.098994 -0.116793
1337402344 0.928616 -0.319427 0.098568 -0.759010 -0.087508 -0.128803
1357360840 1.700697 -0.589102 0.173443 -0.779477 -0.087508 -0.128803
1377319336 2.399530 -0.814152 0.272614 -0.963980 -0.059338 -0.200472
1397277832 2.601660 -0.936671 0.441093 -1.104155 -0.037094 -0.260393
1417236328 3.028399 -1.302001 -0.295516 -1.243698 0.003861 -0.326634
1437194824 3.551662 -1.413215 -0.414029 -1.291885 0.012012 -0.374350
1457153320 3.629737 -1.586532 -0.205888 -1.295556 0.012012 -0.374350
1477111816 3.769468 -2.001014 -0.605640 -1.385984 0.063028 -0.386775
1497070312 4.041746 -2.233916 -1.064336 -1.448901 0.085807 -0.419930
1517028808 3.906651 -2.299862 0.021299 -1.447332 0.078549 -0.349885
