0 0.027874 -0.079404 -0.374017 -0.147804 -0.130050 0.008239
19958496 -0.377032 -0.320048 0.448140 -0.058333 -0.096572 0.045380
39916992 -0.298528 -0.348510 0.322792 -0.082058 -0.095429 0.037338
59875488 -0.097959 -0.328656 0.206994 -0.139086 -0.098502 0.017924
79833984 -0.022194 -0.304948 0.234816 -0.148005 -0.100620 0.010628
99792480 -0.004991 -0.219188 0.286311 -0.152482 -0.100620 0.010628
119750976 -0.184421 -0.196808 0.200178 -0.119400 -0.112420 0.028591
139709472 -0.240947 -0.219840 0.101100 -0.109478 -0.112578 0.034756
159667968 -0.244554 -0.287386 -0.074111 -0.096350 -0.108726 0.035896
179626464 -0.142883 -0.278614 -0.014898 -0.132081 -0.110076 0.025775
199584961 -0.038199 -0.126323 -0.189565 -0.151598 -0.129062 0.015150
219543457 0.081238 -0.114822 -0.082693 -0.152570 -0.129062 0.015150
239501953 0.200782 -0.117988 -0.001807 -0.182433 -0.129638 0.001998
259460449 0.042813 -0.239074 0.097769 -0.178698 -0.113232 0.011765
279418945 -0.166843 -0.274420 0.146199 -0.124932 -0.109738 0.034133
299377441 0.260871 -0.253976 0.171352 -0.240495 -0.112895 -0.009245
319335937 0.433637 -0.327481 0.252954 -0.278203 -0.105271 -0.025091
339294433 0.465361 -0.314262 0.468446 -0.285553 -0.105385 -0.025030
359252929 0.686057 -0.504805 0.489020 -0.347260 -0.088324 -0.043349
379211425 1.401831 -0.556817 0.343162 -0.502911 -0.085853 -0.111497
399169921 2.990693 -0.412373 0.865946 -0.718580 -0.094517 -0.247224
419128418 4.855831 -0.725600 1.562168 -0.924587 -0.061819 -0.376233
439086914 5.705412 -1.949838 1.466960 -1.120266 0.034756 -0.434290
459045410 6.789726 -3.296160 1.030931 -1.293118 0.136417 -0.519485
479034423 8.620978 -4.150506 -0.306541 -1.374928 0.197511 -0.697473
498992919 10.160896 -4.727743 -2.600353 -1.412457 0.247874 -0.923882
518951416 12.709604 -4.759194 -3.416988 -1.376340 0.218287 -1.089852
538909912 14.890935 -5.191926 -3.184433 -1.365663 0.220883 -1.142331
558868408 15.145065 -6.832112 -2.577681 -1.387933 0.321238 -1.112123
578826904 15.836055 -8.917470 -1.159235 -1.414201 0.416559 -1.053531
598785400 17.314959 -10.292856 0.414184 -1.425037 0.442094 -1.020985
618743896 20.789562 -10.486634 1.273808 -1.379681 0.389044 -1.073853
638702392 25.080284 -11.178548 2.553819 -1.355122 0.349422 -1.115938
658660888 28.552210 -13.499170 5.679649 -1.388193 0.362234 -1.086829
678619384 29.852221 -17.537281 8.226091 -1.492658 0.434714 -1.049557
698577880 24.735680 -24.722219 10.420505 -1.832334 0.628989 -0.920723
718536377 16.079222 -31.550014 15.994303 -2.569666 0.780562 -0.618034
738494873 1.123413 -37.712681 23.175793 2.560312 0.845583 -0.122514
758453369 -8.092258 -38.116825 22.524418 2.430795 0.845583 -0.122514
778411865 -10.785168 -34.482403 17.522560 2.112987 0.858723 0.141308
798370361 -10.365325 -29.503210 13.219614 1.998697 0.883444 0.276859
818328857 -11.941450 -27.237494 12.277883 1.927760 0.850567 0.348861
838287353 -17.794565 -27.465208 11.166209 1.748013 0.818852 0.591765
858245849 -19.568201 -23.265476 11.224560 1.739572 0.706012 0.650899
878204345 -19.364925 -18.607054 7.352535 1.778662 0.706012 0.650899
898162841 -20.309063 -14.925524 3.197233 1.701175 0.565726 0.933711
918121337 -21.164328 -12.049103 0.011105 1.687909 0.475999 1.092147
938079834 -19.533092 -9.285414 -1.051294 1.712499 0.475999 1.092147
958038330 -16.052814 -6.547359 -1.061152 1.802021 0.313122 1.003701
977996826 -11.537172 -3.973835 -1.003121 1.862761 0.198257 0.787170
997955322 -8.256783 -2.367870 -1.140111 1.859470 0.198257 0.787170
1017913818 -6.550245 -1.551506 -2.172986 1.878468 -0.018313 0.432011
1037902832 -5.080676 -0.480785 -2.825794 1.809827 -0.187059 0.271264
1057861328 -3.981277 -0.215669 -3.290538 1.752116 -0.251392 0.109096
1077819824 -2.684687 0.085370 -2.548308 1.718510 -0.264582 -0.105765
1097778320 -1.506850 0.490668 -1.711145 1.667696 -0.276282 -0.251779
1117736816 -1.323052 0.273451 -1.054516 1.751315 -0.224524 -0.252061
1137695312 -1.158093 0.302072 -0.678863 1.770731 -0.212052 -0.258201
1157653808 -0.798160 0.393086 -0.422640 1.759227 -0.208122 -0.290638
1177612304 -0.785427 0.216089 0.084196 1.753770 -0.208122 -0.290638
1197570800 -0.538382 0.436513 0.593924 1.776011 -0.180101 -0.290312
1217529296 -0.528840 0.388293 1.126789 1.800377 -0.163399 -0.278362
1237487793 -0.157875 0.285356 1.389448 1.814251 -0.146846 -0.305373
1257446289 0.151229 0.354826 1.150499 1.817682 -0.153237 -0.340277
1277404785 0.499002 0.569275 1.039845 1.771685 -0.171427 -0.374421
1297363281 0.473403 0.486050 0.867276 1.790909 -0.165712 -0.377084
1317321777 0.477787 0.525776 0.896766 1.773083 -0.169119 -0.375347
1337280273 0.367217 0.570372 0.704456 1.748701 -0.178330 -0.371247
1357238769 -0.097843 0.191795 0.139783 1.805207 -0.154068 -0.346385
1377197265 -0.176814 0.134191 0.103979 1.801323 -0.149715 -0.339211
1397155761 -0.140416 0.264454 0.270946 1.784416 -0.160414 -0.335692
1417114257 -0.346578 0.272512 0.252645 1.769462 -0.163167 -0.313872
1437072753 -0.912353 -0.117778 0.106250 1.811471 -0.128823 -0.260505
1457031250 -0.987725 -0.148782 -0.018414 1.814581 -0.129294 -0.257767
1476989746 -1.121063 -0.203509 -0.031448 1.806186 -0.127032 -0.248726
1496948242 -1.659270 -0.392821 -0.029673 1.814895 -0.112978 -0.201086
1516906738 -1.460827 -0.528613 -0.450956 1.838332 -0.104429 -0.240874
