0 -0.341649 0.021468 -0.372947 -0.128694 -0.030013 0.035118
19958496 -0.536855 0.035551 -0.747821 -0.052958 -0.031238 0.057232
39916992 -0.031559 0.012447 -0.258738 -0.221321 -0.024152 -0.001007
59875488 0.095257 0.038136 0.151889 -0.257516 -0.023631 -0.014470
79833984 0.133599 0.066643 0.317929 -0.250194 -0.026556 -0.017076
99792480 0.202549 -0.104061 -0.317308 -0.258349 -0.026556 -0.017076
119781494 0.344407 -0.035673 -0.620968 -0.326188 -0.016730 -0.039749
139739990 0.658441 0.038749 -0.422988 -0.427929 -0.021456 -0.072617
159698486 1.435137 0.117388 0.117433 -0.407780 -0.021456 -0.072617
179656982 1.502487 0.339904 -0.402234 -0.560719 -0.027788 -0.144269
199615478 1.205803 0.662208 -1.134030 -0.473108 -0.094858 -0.134042
219573974 1.318223 0.860754 -1.071688 -0.466243 -0.094858 -0.134042
239532470 2.123937 0.912554 -0.080057 -0.471912 -0.112967 -0.145599
259490967 2.921249 0.949833 -0.426749 -0.586070 -0.104638 -0.209640
279449463 3.956196 1.309978 -0.327596 -0.722821 -0.111131 -0.292210
299407959 5.585498 0.687051 -0.408884 -0.970419 -0.082191 -0.519035
319366455 8.071675 -0.298540 0.036431 -1.139273 0.005763 -0.668861
339324951 10.245305 -0.817572 0.200000 -1.202592 0.040432 -0.779337
359313965 12.284811 -1.289704 0.778577 -1.231052 0.062359 -0.842870
379272461 14.387687 -2.643395 0.057532 -1.233533 0.062359 -0.842870
399230957 16.369711 -4.149411 -0.152416 -1.316741 0.202914 -1.028116
419189453 17.522373 -5.948800 0.896119 -1.359352 0.273545 -1.013436
439147949 17.328064 -8.227191 1.779691 -1.416054 0.370683 -0.972853
459106445 16.953709 -10.096592 2.348877 -1.470919 0.447489 -0.943248
479064941 15.609600 -11.784001 3.510921 -1.470318 0.447489 -0.943248
499023437 13.870913 -14.377661 4.817999 -1.725731 0.617457 -0.759332
518981933 11.196630 -17.240570 6.958638 -2.009234 0.705418 -0.586618
538940429 8.601518 -20.808588 8.027021 -2.345668 0.806885 -0.445603
558898926 6.137632 -24.384439 6.707262 -2.628543 0.939957 -0.360856
578887939 -0.087812 -26.781677 4.785279 -2.721101 0.939957 -0.360856
598846435 -8.909818 -26.852200 3.337234 2.206115 1.043058 0.563425
618804931 -15.081738 -24.620192 3.329146 1.807833 0.896982 0.832196
638763428 -16.423008 -21.634094 1.903290 1.798291 0.896982 0.832196
658721924 -16.288029 -18.899794 1.250331 1.650002 0.771800 0.955943
678680420 -15.732822 -16.235102 -0.371902 1.651532 0.771800 0.955943
698638916 -17.838511 -13.456245 -1.668934 1.506474 0.615027 1.123576
718597412 -17.726065 -10.401203 -2.001790 1.504721 0.512921 1.133780
738555908 -13.993665 -7.826178 -0.930818 1.497316 0.512921 1.133780
758514404 -10.283163 -5.927553 -0.728938 1.660623 0.423440 0.792713
778472900 -9.603247 -3.980823 -3.641399 1.681315 0.423440 0.792713
798461914 -9.762323 -2.243284 -6.176065 1.646692 0.335734 0.949021
818420410 -9.441008 -0.710126 -5.659055 1.631731 0.032861 1.119553
838378906 -8.428112 0.387625 -4.136964 1.648553 0.032861 1.119553
858337402 -7.061456 0.784358 -3.253490 1.626122 -0.125177 0.747090
878295898 -6.180832 1.326269 -2.485730 1.642477 -0.125177 0.747090
898254394 -5.480439 1.798091 -1.789727 1.606104 -0.178727 0.613588
918212890 -5.083280 2.135228 -1.681760 1.573376 -0.219803 0.505389
938171386 -5.256349 2.001584 -1.463329 1.551937 -0.251336 0.463167
958129883 -4.283700 2.187672 -0.054721 1.551948 -0.205657 0.323250
978088379 -3.255566 1.938179 1.189937 1.535084 -0.205657 0.323250
998046875 -2.861561 1.669168 1.311215 1.548229 -0.157972 0.204441
1018035888 -2.932443 1.322946 0.840178 1.617237 -0.093211 0.195817
1037994385 -2.484422 0.912110 1.204263 1.666335 -0.045686 0.152550
1057952881 -2.048129 0.268854 1.022457 1.655640 -0.045686 0.152550
1077911377 -1.316474 -0.181461 1.571921 1.822766 0.071806 0.045984
1097869873 -0.776838 -0.415349 2.445231 1.866978 0.091408 -0.001580
1117828369 -0.514892 -0.616800 2.052495 1.908038 0.113314 -0.022844
1137786865 -0.850976 -0.687206 1.155895 1.900522 0.113314 -0.022844
1157745361 -1.498181 -0.747649 0.328594 1.890648 0.147680 0.071104
1177703857 -1.085227 -0.891944 0.045988 1.885449 0.147680 0.071104
1197662353 -0.828157 -0.755881 0.626982 1.927197 0.153904 0.002322
1217620849 -0.443543 -0.805574 1.197232 1.931104 0.152271 -0.032984
1237579345 -0.446293 -0.653781 0.969269 1.941032 0.152271 -0.032984
1257587443 -0.900021 -0.428899 0.189461 1.926069 0.140445 -0.031422
1277545939 -0.887963 -0.374311 -0.374677 1.873907 0.128700 0.014894
1297504435 -0.566753 -0.356902 -0.191470 1.865468 0.128700 0.014894
1317462931 -0.162419 -0.505622 -0.205505 1.933234 0.140086 -0.060973
1337421428 -0.457567 -0.395738 -0.324460 1.902434 0.130522 -0.029117
1357379924 -0.851662 -0.542928 -0.190978 1.882296 0.143574 0.014609
1377338420 -1.230799 -0.652995 -0.006850 1.898362 0.143574 0.014609
1397296916 -1.097058 -0.449923 -0.303227 1.853524 0.134117 0.045330
1417255412 -1.016929 -0.354541 -0.257028 1.857891 0.134117 0.045330
1437213908 -0.778933 -0.570357 0.274778 1.850328 0.125087 0.036007
1457172404 -0.641185 -0.552218 0.786119 1.892264 0.131654 -0.002740
1477161418 -0.778418 -0.456466 0.587935 1.856365 0.122626 0.013023
1497119914 -0.980347 -0.426682 0.728383 1.834356 0.114964 0.034833
