0 1.172152 -0.247206 -0.037672 -0.575810 -0.088733 -0.101429
19958496 1.437391 -0.366286 -0.331166 -0.655686 -0.079673 -0.130749
39916992 1.834055 -0.385260 -0.218449 -0.735770 -0.077301 -0.170128
59875488 2.301474 -0.361501 0.037720 -0.798856 -0.078536 -0.210289
79833984 2.743195 -0.560935 0.090062 -0.801114 -0.078536 -0.210289
99790391 3.303860 -0.845673 -0.174664 -0.990682 -0.036414 -0.303256
119748887 3.730352 -0.866767 -0.727158 -1.065563 -0.039523 -0.355314
139707383 4.019868 -0.724855 -1.343287 -1.072858 -0.060239 -0.399959
159665879 4.414293 -0.833938 -1.839685 -1.121434 -0.050501 -0.456277
179624376 4.946798 -1.163858 -1.785711 -1.125301 -0.050501 -0.456277
199582872 5.450303 -1.659135 -1.057774 -1.187838 -0.009599 -0.503007
219541368 5.570539 -2.399029 -0.317181 -1.313410 0.114906 -0.483970
239530381 5.945110 -3.044982 -0.344508 -1.397952 0.175573 -0.512071
259488878 6.573044 -3.410553 -0.715240 -1.442200 0.212830 -0.576639
279447374 7.163814 -3.798918 -0.748501 -1.451881 0.246160 -0.621574
299405870 7.354180 -4.354843 -0.628031 -1.483530 0.295040 -0.628606
319364366 7.268096 -4.928594 -0.120165 -1.531255 0.338645 -0.597356
339322862 6.873616 -5.572567 0.297911 -1.614455 0.389818 -0.551682
359281358 6.925434 -6.112496 0.114450 -1.669999 0.438494 -0.570370
379239854 6.883966 -6.837042 0.088976 -1.664185 0.438494 -0.570370
399198350 6.731293 -7.650997 0.621408 -1.814112 0.535238 -0.568232
419156846 6.952237 -8.416742 1.815767 -1.904422 0.541936 -0.557851
439115342 7.159937 -9.122112 2.736486 -1.979694 0.553165 -0.556901
459073838 6.748957 -9.934542 3.364816 -2.085077 0.586460 -0.527710
479032335 6.190092 -10.705042 3.763062 -2.289740 0.622727 -0.497499
498990831 5.709991 -10.780376 3.899841 -2.437001 0.629553 -0.485422
518949327 5.979668 -10.824656 3.792602 -2.466184 0.625960 -0.530756
538907823 6.204671 -11.186271 3.617652 -2.570339 0.634962 -0.580231
558866319 6.509388 -11.566463 4.264603 -2.693310 0.621680 -0.605727
578824815 5.669194 -12.524397 5.787004 -3.104013 0.628171 -0.543356
598783311 4.758845 -13.354997 6.327297 2.816172 0.650983 -0.504370
618772325 4.524709 -14.027120 6.707435 2.807846 0.660397 -0.497416
638730821 4.005527 -14.650875 6.399923 2.732621 0.685302 -0.489170
658689317 3.504102 -15.991616 4.555346 2.822160 0.774428 -0.520584
678647813 0.999608 -18.323055 4.125818 2.679083 0.886040 -0.379254
698606309 -2.208573 -19.896515 5.525167 2.437550 0.902305 -0.129507
718564805 -4.867078 -19.798527 5.154124 2.286899 0.906199 0.067789
738523301 -5.328187 -18.553335 3.515652 2.276562 0.918143 0.135477
758481797 -4.937563 -16.995787 1.475868 2.314734 0.943673 0.160762
778440294 -5.584307 -15.523346 -0.748961 2.387827 0.943673 0.160762
798398790 -7.235606 -14.395117 -1.511586 2.196398 0.922529 0.553091
818357286 -9.382570 -13.310034 -1.887994 2.045933 0.815557 0.769868
838315782 -11.106210 -11.616463 -2.049675 2.033056 0.678030 0.895248
858274278 -11.482806 -9.900683 -1.882427 2.069206 0.570094 0.908780
878232774 -9.923356 -8.048750 -1.310396 2.161018 0.487095 0.788582
898191270 -7.600551 -5.992283 -1.117944 2.237283 0.384494 0.612672
918149766 -5.797045 -4.346243 -0.556334 2.303185 0.251792 0.424854
938108262 -5.065021 -3.291666 -0.359382 2.307067 0.150728 0.345611
958066758 -5.145178 -2.944565 -0.323786 2.282686 0.114668 0.353838
978025254 -5.095546 -2.806872 -0.418022 2.274714 0.101057 0.357266
997983751 -4.672700 -2.376361 -0.779239 2.263719 0.058663 0.333584
1017972764 -4.126369 -1.849226 -1.137809 2.263959 0.000550 0.292721
1037931260 -3.728919 -1.533848 -1.146358 2.252866 -0.036732 0.252676
1057889756 -3.158053 -1.104299 -1.220971 2.257731 -0.088702 0.191581
1077848253 -2.575620 -0.815012 -1.286026 2.269589 -0.124330 0.124716
1097806749 -2.417035 -0.566740 -1.477648 2.236734 -0.155800 0.105909
1117765245 -2.329484 -0.577604 -1.278584 2.246511 -0.147431 0.086054
1137723741 -2.130902 -0.499276 -0.562108 2.246511 -0.147431 0.086054
1157682237 -1.988840 -0.479334 -0.076254 2.296805 -0.132020 0.021022
1177640733 -2.043169 -0.843008 0.532809 2.323023 -0.083129 0.017821
1197599229 -1.899681 -0.720385 1.066916 2.322114 -0.086658 -0.002744
1217557725 -1.481547 -0.470721 1.209079 2.343120 -0.106427 -0.047347
1237516221 -1.424790 -0.409051 0.893711 2.297030 -0.114238 -0.059028
1257474717 -1.713864 -0.580307 0.464458 2.297030 -0.114238 -0.059028
1277433213 -2.079470 -1.007331 0.450513 2.306841 -0.057495 -0.010243
1297391710 -2.330191 -1.200786 0.917492 2.268734 -0.037797 0.004668
1317350206 -2.739517 -1.351896 0.523612 2.241725 -0.026752 0.037956
1337308702 -3.412253 -1.954372 -0.141487 2.247395 0.036919 0.108417
1357267198 -3.777239 -2.785474 0.009127 2.268317 0.128311 0.142763
1377225694 -3.678654 -2.821913 0.487815 2.263632 0.130028 0.125260
1397184190 -3.861789 -2.734697 -0.208097 2.225208 0.132276 0.153482
1417142686 -4.780530 -2.916378 -1.142405 2.162823 0.167789 0.273381
1437101182 -5.339541 -3.632668 -1.138042 2.139323 0.167789 0.273381
1457090196 -5.187144 -4.346513 -0.327190 2.177586 0.313020 0.268404
1477048692 -4.532798 -4.208432 0.501595 2.193260 0.288093 0.166601
1497007188 -4.100811 -4.141225 0.527618 2.153754 0.290391 0.108249
