0 0.155209 -0.553803 0.396168 1.239050 0.041163 -0.108598
19958496 -0.241943 -0.530759 -0.300571 1.270466 0.044963 -0.099995
39916992 -0.185090 -0.273177 -0.456288 1.289918 0.039852 -0.065662
59875488 0.098599 -0.227439 -0.106801 1.227672 0.008722 -0.071893
79833985 -0.155451 -0.327966 0.123114 1.226319 0.006281 -0.068656
99822998 -0.699109 -0.352557 0.252335 1.235552 0.006281 -0.068656
119781494 -1.009634 -0.256008 -0.132391 1.281743 0.003825 -0.012906
139739990 -2.207041 -0.063119 -0.717247 1.292265 -0.010938 0.018397
159698486 -4.687594 0.013129 -0.539846 1.317637 -0.034065 0.146272
179656983 -6.829511 0.094037 0.240236 1.383578 -0.037559 0.387305
199615479 -7.786878 0.047754 -0.033475 1.421086 -0.046233 0.617910
219573975 -7.824102 0.007673 -2.233692 1.434921 -0.046233 0.617910
239532471 -9.827089 0.071700 -4.288285 1.444363 -0.062104 0.751340
259490967 -13.666462 -0.137190 -4.131687 1.464633 -0.068872 1.029437
279449463 -18.639475 -0.237260 -2.303915 1.447266 -0.028595 1.161425
299407959 -20.534311 -0.616613 0.104418 1.416698 -0.004274 1.175677
319366455 -18.201031 -1.379379 1.611378 1.387892 0.023668 1.105269
339355469 -19.590872 -2.839184 0.192498 1.372341 0.067225 0.986842
359313965 -21.496349 -5.611364 0.670950 1.330592 0.136829 1.082311
379272461 -20.323433 -8.415240 3.059481 1.316049 0.244550 1.105278
399230957 -24.692022 -12.022148 4.402252 1.328406 0.353591 0.993420
419189453 -21.006731 -16.209120 7.491508 1.297910 0.414286 1.043622
439147949 -11.819641 -20.479193 12.218663 1.397021 0.551045 0.881543
459106445 -2.861224 -22.319561 14.516920 1.796818 0.694403 0.504822
479064942 3.570306 -24.168297 13.810545 2.509265 0.742087 0.157127
499023438 7.560030 -22.661167 12.756049 -2.933270 0.796485 -0.078386
518981934 9.398926 -20.635302 7.461820 -2.463176 0.770459 -0.231803
538940430 9.896005 -18.564470 2.951591 -2.246828 0.830017 -0.382385
558898926 11.713316 -17.223810 4.922527 -2.106625 0.891981 -0.528499
578887940 12.722296 -15.419461 5.568658 -1.953965 0.771233 -0.563945
598846436 11.538886 -13.591344 2.728471 -1.831803 0.682333 -0.592693
618804932 11.468056 -11.962529 3.803763 -1.821040 0.703482 -0.632933
638763428 12.353763 -11.106657 2.157891 -1.781557 0.606865 -0.592329
658721924 13.528257 -10.186495 1.016669 -1.714595 0.582490 -0.705326
678680420 15.124650 -9.084789 0.112651 -1.637886 0.526358 -0.821449
698638916 15.523383 -7.693579 -2.338041 -1.584031 0.439820 -0.940993
718597412 14.217161 -5.844419 -3.642694 -1.530223 0.374107 -1.093134
738555908 11.540652 -3.819145 -4.696593 -1.505216 0.289324 -1.142289
758514404 8.332765 -1.943705 -5.599619 -1.452796 0.042686 -1.087804
778472901 6.614567 -0.888967 -3.773501 -1.362684 -0.082000 -0.802116
798431397 5.897885 -0.532025 -3.137571 -1.373471 -0.082000 -0.802116
818420410 4.479608 -0.445379 -2.946822 -1.309908 -0.128485 -0.683807
838378906 2.929626 0.089013 -2.395971 -1.236955 -0.152336 -0.518992
858337402 1.843508 0.469716 -2.037650 -1.005078 -0.222311 -0.299523
878295899 1.699096 0.353781 -1.493005 -0.746723 -0.263835 -0.146849
898254395 2.211358 -0.010554 -1.091685 -0.767539 -0.230748 -0.118032
918212891 2.554422 -0.129945 0.060440 -0.905221 -0.172241 -0.169794
938171387 1.827471 0.060757 -0.381093 -0.966546 -0.136466 -0.181160
958129883 0.611324 0.615201 -0.073260 -0.829820 -0.160486 -0.110031
978088379 0.068108 0.769340 -0.283022 -0.527012 -0.209090 0.022074
998046875 0.396597 0.647181 -0.181688 -0.356903 -0.225112 0.080848
1018005371 0.917428 0.243562 0.149540 -0.450261 -0.206716 0.046620
1037963867 1.303272 0.007862 0.811632 -0.750694 -0.120378 -0.037122
1057952881 1.170347 -0.062845 0.688585 -0.732960 -0.112211 -0.021332
1077911377 0.382634 0.249105 0.935918 -0.530835 -0.136561 0.054271
1097869873 0.432986 0.280088 0.757113 -0.542248 -0.140633 0.049201
1117828369 0.906499 0.055637 0.500978 -0.544242 -0.140633 0.049201
1137786865 1.266332 0.054323 0.461952 -0.732017 -0.123436 -0.026994
1157745361 1.557159 0.015596 0.140631 -0.729115 -0.123436 -0.026994
1177703858 2.550786 -0.349606 -0.620056 -0.983998 -0.096772 -0.161267
1197662354 4.122378 -0.620346 -1.807860 -1.193457 -0.071298 -0.371275
1217620850 5.176826 -0.995054 -2.182393 -1.286733 -0.020384 -0.499618
1237579346 4.795073 -1.190869 -1.534991 -1.283188 0.009823 -0.410910
1257537842 3.400877 -0.900451 -1.320879 -1.151789 -0.016466 -0.224459
1277496338 3.490770 -1.264744 -0.291696 -1.205207 0.032682 -0.185473
1297485352 3.896504 -1.682582 1.063572 -1.259073 0.074028 -0.182851
1317443848 3.537858 -1.482159 1.869831 -1.195404 0.055267 -0.129449
1337402344 3.414313 -1.550586 1.429775 -1.191943 0.064554 -0.119967
1357360840 3.895655 -1.998679 0.623505 -1.296131 0.114630 -0.174997
1377319336 3.866357 -1.813438 1.744950 -1.237732 0.085646 -0.152424
1397277832 4.202975 -2.120291 0.982915 -1.306686 0.114135 -0.192085
1417236328 4.695071 -2.546951 -0.135622 -1.405295 0.163425 -0.263587
1437194824 5.066279 -3.122032 -0.128966 -1.478234 0.216467 -0.296900
1457153320 5.127958 -3.413394 -0.292006 -1.542769 0.249192 -0.301352
1477111817 4.775793 -3.474883 -0.332214 -1.549778 0.262544 -0.259312
