0 2.056031 -0.474241 0.201636 -0.725895 -0.021213 -0.116954
19958497 2.461247 -0.573190 -0.488625 -0.928341 -0.029886 -0.268786
39916993 2.973022 -0.606624 -0.532839 -0.918718 -0.029886 -0.268786
59875489 3.361472 -0.819313 -0.329741 -0.963755 -0.027106 -0.320971
79833985 3.663667 -1.060344 -0.246716 -1.017208 -0.005252 -0.350443
99792481 4.291458 -1.466595 -0.106056 -1.073246 0.018299 -0.373709
119750977 4.845681 -1.774953 -0.379924 -1.144137 0.055251 -0.421262
139709473 5.223197 -2.431383 -0.652092 -1.203939 0.083476 -0.475647
159667969 5.820925 -2.856930 -0.669849 -1.281451 0.145818 -0.514364
179626465 6.517684 -3.211074 -0.729508 -1.368852 0.208360 -0.608722
199584961 7.150846 -3.435112 -1.079884 -1.355608 0.208360 -0.608722
219543458 7.983501 -3.755235 -0.833894 -1.378582 0.228724 -0.668828
239501954 8.699785 -4.326038 -0.566324 -1.366659 0.244621 -0.708226
259460450 8.789283 -5.180459 -0.235226 -1.375027 0.279135 -0.736221
279418946 9.160156 -5.764925 0.379048 -1.453084 0.366920 -0.712950
299377442 9.810244 -6.249337 0.726956 -1.443167 0.382977 -0.735091
319366456 10.416718 -7.030874 0.857732 -1.457352 0.382977 -0.735091
339324952 10.436883 -8.193228 0.692286 -1.567828 0.484940 -0.782633
359283448 10.004082 -9.661963 0.991544 -1.679868 0.562848 -0.757411
379241944 9.854245 -10.695509 1.848179 -1.784363 0.593768 -0.724767
399200440 9.114838 -11.608277 2.581548 -1.951814 0.628409 -0.673460
419158936 7.942856 -12.586919 3.389462 -2.227130 0.666796 -0.600613
439117432 6.843583 -13.742950 3.934977 -2.372257 0.666796 -0.600613
459075928 4.344646 -14.731495 6.516436 3.127159 0.706485 -0.366658
479034424 2.696952 -14.682052 8.606813 2.678766 0.659566 -0.270540
498992920 2.199283 -14.168938 8.202099 2.567102 0.649208 -0.272909
518951417 2.114477 -14.193004 7.048819 2.569932 0.674446 -0.300593
538909913 0.879638 -14.400745 6.545874 2.498604 0.698413 -0.246595
558868409 -0.652252 -15.135942 5.374379 2.451952 0.762488 -0.172736
578826905 -3.614329 -15.874989 3.696804 2.294503 0.848443 0.025561
598785401 -6.155622 -15.773254 2.322768 2.121217 0.881436 0.237542
618743897 -6.297305 -15.209304 2.373644 2.124233 0.855479 0.246903
638702393 -5.972491 -14.504604 2.552235 2.166146 0.822355 0.222292
658691407 -6.122755 -13.682859 2.775466 2.173788 0.776149 0.238469
678649903 -6.376309 -12.580459 2.902206 2.172332 0.716765 0.265493
698608399 -6.450399 -11.504072 3.017724 2.186174 0.653993 0.284782
718566895 -6.390967 -10.577362 2.228682 2.205724 0.625951 0.326381
738525391 -7.173434 -10.125351 1.323984 2.187135 0.610756 0.448698
758483887 -7.812419 -9.441784 1.208525 2.174097 0.551865 0.533044
778442383 -7.754950 -8.203750 -0.073002 2.177872 0.500978 0.617530
798400879 -7.703611 -7.133512 -1.876698 2.158034 0.462284 0.744585
818359375 -7.798291 -5.935252 -3.709485 2.118863 0.392892 0.909581
838317872 -7.803580 -4.732602 -4.820672 2.096091 0.292037 1.024141
858276368 -6.702174 -3.719106 -4.235523 2.128927 0.196391 0.911465
878234864 -5.357903 -2.578284 -3.255202 2.149394 0.196391 0.911465
898193360 -3.782642 -1.421825 -2.468400 2.171011 -0.076673 0.509035
918151856 -2.496414 -0.789689 -1.793605 2.176314 -0.154712 0.327639
938110352 -2.017362 -0.404931 -1.357943 2.175898 -0.195414 0.254826
958068848 -2.046386 -0.353546 -0.869355 2.189608 -0.193845 0.239790
978027344 -1.899821 -0.586412 -0.821639 2.238669 -0.171221 0.217450
998016358 -1.823589 -0.617713 -0.322373 2.253162 -0.161489 0.195200
1017974854 -1.485808 -0.478913 0.249578 2.278040 -0.170434 0.150922
1037933350 -1.531900 -0.567293 -0.320360 2.248870 -0.174460 0.168855
1057891846 -2.041642 -0.889800 -0.664268 2.253109 -0.147240 0.232988
1077850342 -1.995773 -0.927058 -0.465381 2.262080 -0.144628 0.221301
1097808838 -1.679063 -0.853641 -0.462775 2.284343 -0.157618 0.182884
1117767334 -1.692387 -0.923913 -0.157061 2.278424 -0.148500 0.173208
1137725831 -1.709120 -1.037019 0.425096 2.298104 -0.132336 0.160520
1157684327 -1.846844 -1.236933 0.352128 2.302707 -0.116607 0.172725
1177642823 -2.225604 -1.176101 0.236506 2.263557 -0.126321 0.208665
1197601319 -1.925239 -1.128837 0.526168 2.267761 -0.132643 0.167326
1217559815 -1.915164 -1.390113 0.373566 2.275798 -0.115209 0.158332
1237518311 -2.426339 -1.794242 0.243714 2.276081 -0.082564 0.195963
1257476807 -2.685242 -2.068031 0.424792 2.271549 -0.060753 0.200589
1277435303 -2.522743 -2.332197 0.744570 2.259167 -0.060753 0.200589
1297393799 -2.723588 -2.732492 0.182257 2.289867 -0.011980 0.168513
1317382813 -2.863008 -2.766476 -0.286305 2.272140 -0.021220 0.162532
1337341309 -1.623120 -1.912205 -1.631542 2.244242 -0.137517 -0.004465
1357299805 -3.726193 -2.009120 -3.365376 2.109494 -0.144029 0.277410
1377258301 1.316925 0.991169 0.283603 2.097226 -0.356603 -0.398755
1397216797 3.543035 -0.554608 2.302950 2.569052 -0.163568 -0.515420
1417175293 0.853116 -2.599868 0.805308 2.510143 -0.007358 -0.365391
1437133790 -2.181978 -2.681144 1.277491 2.274594 -0.002347 -0.070940
1457092286 -2.944603 -2.937278 2.055311 2.243443 0.015802 -0.003950
1477050782 -1.857994 -2.827655 2.137953 2.243443 0.015802 -0.003950
1497009278 -0.504592 -2.174409 1.511039 2.299749 -0.076297 -0.244430
