0 -0.955501 -0.107897 0.244052 1.724378 -0.034860 0.045879
19958496 -1.008043 -0.169346 0.264000 1.754736 -0.034860 0.045879
39916992 -1.174446 -0.330897 0.116887 1.771430 -0.022225 0.071582
59875488 -1.671753 -0.476518 -0.048573 1.773476 -0.011247 0.125022
79833984 -1.984286 -0.372696 0.183247 1.739452 -0.023794 0.151456
99792480 -1.919905 -0.335637 0.300503 1.745646 -0.030151 0.140897
119750976 -2.320511 -0.603039 0.203124 1.759093 -0.007096 0.179303
139709473 -2.963213 -0.665004 0.073390 1.746174 -0.003786 0.241305
159667969 -3.811093 -0.765044 0.092928 1.737229 -0.003786 0.241305
179626465 -4.637583 -1.004928 0.175639 1.732771 0.004162 0.316046
199584961 -5.401633 -1.245616 0.092478 1.734842 0.024634 0.382420
219573975 -6.458534 -1.149150 0.164258 1.733070 0.044386 0.445554
239532471 -8.102302 -1.097405 0.173059 1.688207 0.022670 0.631929
259490967 -9.461716 -1.266860 -0.250204 1.679674 0.032763 0.733431
279449463 -10.083539 -1.362884 -0.644970 1.657996 0.039658 0.786986
299407959 -10.576910 -1.938933 -0.240008 1.647986 0.082119 0.789447
319366455 -10.921740 -2.850886 0.733279 1.640168 0.140402 0.757213
339324951 -11.745538 -4.026250 1.399895 1.630751 0.203120 0.767771
359283447 -12.476707 -5.342045 1.115947 1.613853 0.274719 0.817437
379241943 -13.514064 -6.841562 1.133612 1.587717 0.342190 0.864075
399200439 -14.303721 -8.767926 2.267911 1.568923 0.342190 0.864075
419158935 -14.170433 -10.507615 4.037900 1.608844 0.458416 0.782777
439117432 -13.334571 -12.497885 4.625514 1.608844 0.458416 0.782777
459106445 -12.901315 -14.652260 4.266989 1.694935 0.616001 0.748864
479064941 -11.943608 -16.807592 4.382102 1.752700 0.695139 0.717892
499023437 -10.819686 -18.622751 5.011130 1.878419 0.751402 0.659376
518981934 -8.575320 -19.978582 5.995955 2.072834 0.797139 0.538896
538940430 -7.248212 -20.839579 6.471663 2.224119 0.821749 0.474590
558898926 -6.278913 -22.739849 7.991615 2.408197 0.837470 0.408056
578857422 -2.822294 -23.848808 8.875696 2.816547 0.864018 0.237850
598815918 1.479332 -22.958782 7.658641 -2.980649 0.887800 0.024995
618774414 4.249522 -21.346287 5.774392 -2.658420 0.898014 -0.138998
638732910 5.338915 -19.798918 4.195529 -2.499979 0.901865 -0.219117
658691406 5.730157 -17.948872 3.872878 -2.395420 0.855686 -0.241814
678649902 6.098695 -16.455923 4.037565 -2.315845 0.796264 -0.258087
698638916 6.367276 -15.473968 3.151585 -2.245948 0.789473 -0.292026
718597412 6.612899 -14.462276 3.138390 -2.197793 0.747845 -0.308503
738555908 7.441841 -13.105709 3.694943 -2.094005 0.660440 -0.353042
758514404 7.547368 -11.822714 3.836182 -2.045075 0.594360 -0.356506
778472900 7.238849 -10.406637 3.441584 -2.023685 0.535260 -0.348527
798431396 7.517788 -9.293188 2.383705 -1.965282 0.498254 -0.406489
818389893 7.543395 -8.180926 1.417104 -1.923419 0.455027 -0.451883
838348389 7.097736 -6.942546 1.327723 -1.896311 0.376174 -0.432093
858306885 6.618874 -5.934856 1.236161 -1.885969 0.307350 -0.408665
878265381 6.291249 -4.935231 0.553755 -1.850050 0.243180 -0.417550
898223877 6.190307 -4.178456 0.149417 -1.848991 0.243180 -0.417550
918182373 6.012147 -3.663837 -0.354713 -1.770259 0.146727 -0.451922
938140869 5.955287 -3.185241 -0.633238 -1.740059 0.106814 -0.467135
958129883 5.541845 -2.542854 -0.479953 -1.695698 0.047717 -0.428120
978088379 4.749784 -2.143832 -0.419943 -1.670179 0.014435 -0.355916
998046875 4.215066 -1.706281 -0.360774 -1.621037 -0.022565 -0.308271
1018005371 3.394194 -1.320471 -0.143994 -1.618270 -0.022565 -0.308271
1037963867 3.218963 -1.064201 -0.121427 -1.530430 -0.069090 -0.218292
1057922363 2.969349 -0.716896 0.101586 -1.476896 -0.092901 -0.192899
1077880859 2.581096 -0.341856 0.797552 -1.412891 -0.115330 -0.145200
1097839355 2.375298 -0.277358 1.093042 -1.385809 -0.114582 -0.122529
1117797851 2.523023 -0.154956 0.704981 -1.375456 -0.128078 -0.140787
1137756348 2.357462 -0.245300 0.570984 -1.362946 -0.119329 -0.126794
1157714844 2.245724 -0.511281 0.397803 -1.406402 -0.092686 -0.118974
1177673340 2.327060 -0.731133 0.420660 -1.397219 -0.092686 -0.118974
1197662353 2.497755 -0.847792 0.793361 -1.464303 -0.051122 -0.138408
1217620850 2.628739 -1.044255 0.905316 -1.492135 -0.031121 -0.148533
1237579346 2.740049 -1.272961 0.670803 -1.503206 -0.009672 -0.161439
1257537842 2.619959 -1.466862 0.543252 -1.546884 0.008877 -0.150554
1277496338 2.294975 -1.628721 0.514903 -1.554299 0.024936 -0.118869
1297454834 2.374002 -1.704274 0.629530 -1.550692 0.031604 -0.125393
1317413330 2.719825 -2.062996 0.728800 -1.616846 0.063199 -0.156554
1337371826 3.081069 -2.594652 0.467299 -1.672319 0.111864 -0.192622
1357330322 3.107341 -3.036853 0.097685 -1.729210 0.154872 -0.197776
1377288818 3.377097 -3.226146 -0.352901 -1.742275 0.176787 -0.230946
1397247314 3.631645 -3.115677 -0.536250 -1.719511 0.166824 -0.259342
1417236328 3.058022 -3.364027 -0.228915 -1.754993 0.190467 -0.191441
1437194824 2.248893 -3.606603 0.039615 -1.822010 0.213450 -0.104329
1457153320 2.277544 -3.738219 0.215621 -1.838510 0.224084 -0.106822
1477111816 2.460443 -4.055499 0.250146 -1.863630 0.254554 -0.125320
1497070312 2.507087 -4.239722 -0.043089 -1.887318 0.281451 -0.133180
