0 -0.851902 -0.162475 -0.264448 2.080265 -0.046473 0.015165
19958496 -1.842565 -0.164205 -0.382792 2.004834 -0.048296 0.117287
39916992 -2.261716 -0.176994 -0.548208 1.984992 -0.048903 0.160914
59875489 -3.273113 -0.282866 -0.799259 1.949355 -0.037758 0.270836
79833985 -4.484684 -0.512767 -0.672026 1.923959 -0.010319 0.383791
99792481 -5.250590 -0.815951 -0.023385 1.933088 0.021206 0.422669
119750977 -6.286284 -1.045970 0.307839 1.917162 0.041882 0.486745
139709473 -7.348564 -1.145479 0.618628 1.900743 0.041882 0.486745
159667969 -8.345723 -1.096866 1.089217 1.870483 0.041892 0.586048
179626465 -9.540020 -1.396134 1.348003 1.850504 0.058609 0.646487
199584961 -10.592268 -2.476613 1.433370 1.840180 0.127731 0.700319
219573975 -10.617664 -4.023279 2.023121 1.853486 0.223098 0.674140
239532471 -10.575901 -5.391459 2.797702 1.847726 0.295749 0.637438
259490967 -11.383114 -6.465741 2.578741 1.812881 0.348540 0.684468
279449463 -12.969452 -7.517602 2.293956 1.789010 0.348540 0.684468
299407959 -13.456630 -8.939925 2.702576 1.723799 0.384702 0.769481
319366455 -13.334166 -11.038259 3.675242 1.719312 0.512283 0.736992
339324951 -13.129186 -13.369617 4.736080 1.743795 0.581786 0.696307
359283448 -13.785522 -15.177361 4.628057 1.726594 0.581786 0.696307
379241944 -14.836219 -17.078764 4.652404 1.680079 0.667611 0.777487
399200440 -15.560872 -19.900913 6.924984 1.680841 0.667611 0.777487
419158936 -14.168478 -24.144014 8.726472 1.834980 0.779003 0.643210
439117432 -12.844788 -27.683369 9.911640 1.881334 0.779003 0.643210
459106446 -10.636384 -29.720760 9.357163 2.156999 0.905943 0.512163
479064942 -9.508807 -30.191313 7.290915 2.266272 0.905943 0.512163
499023438 -8.366641 -29.918356 5.616861 2.394224 1.005373 0.521314
518981934 -6.057370 -29.564262 5.058520 2.626692 1.041212 0.409385
538940430 -1.391887 -29.461357 6.454963 3.057263 1.035521 0.096473
558898926 4.954593 -27.745358 7.702245 3.118958 1.035521 0.096473
578857422 7.305365 -24.580652 7.512988 -2.474039 0.875674 -0.385347
598815918 6.170455 -21.416363 5.209260 -2.461865 0.872148 -0.365772
618774414 4.426498 -18.746986 2.548240 -2.514493 0.903763 -0.310531
638732910 4.250256 -16.435019 2.640462 -2.508423 0.903763 -0.310531
658691407 6.374251 -14.327203 3.491914 -2.295331 0.684290 -0.425339
678680420 6.042833 -11.796299 2.859262 -2.252172 0.590627 -0.418696
698638916 4.729908 -9.563566 1.306505 -2.271759 0.532217 -0.364371
718597412 4.087004 -7.916302 0.358335 -2.249301 0.460069 -0.334871
738555908 3.757614 -6.706720 0.501591 -2.245179 0.460069 -0.334871
758514405 3.489290 -5.885090 2.035580 -2.177033 0.265404 -0.236466
778472901 3.046168 -5.152557 2.042671 -2.161948 0.209362 -0.199411
798431397 2.252247 -5.109348 1.095770 -2.244340 0.226870 -0.142152
818389893 3.330069 -4.950467 0.898492 -2.267271 0.226870 -0.142152
838348389 4.876266 -5.119429 1.514986 -2.160222 0.214124 -0.244760
858306885 5.137612 -4.914353 0.778493 -2.052907 0.205114 -0.408299
878265381 4.945017 -4.417245 -0.050116 -2.063066 0.205114 -0.408299
898254395 4.525388 -3.915958 -0.096621 -2.015048 0.142218 -0.402534
918212891 4.843068 -3.526669 0.009294 -1.975756 0.110295 -0.434462
938171387 4.867953 -2.989671 0.223850 -1.946328 0.065394 -0.433756
958129883 4.681936 -2.626624 0.259803 -1.929216 0.038113 -0.421504
978088379 4.517508 -2.203441 0.015545 -1.927212 0.038113 -0.421504
998033001 4.130675 -1.729969 0.142724 -1.862716 -0.034957 -0.383925
1017991497 3.729150 -1.579324 0.123703 -1.857483 -0.045262 -0.348332
1037949993 3.335375 -1.219103 0.082323 -1.814446 -0.077179 -0.311998
1057908490 2.690829 -0.922358 -0.116925 -1.797648 -0.105463 -0.253816
1077866986 2.323023 -0.678880 -0.185220 -1.762353 -0.125705 -0.219535
1097825482 2.209323 -0.708543 0.029971 -1.779848 -0.112462 -0.206314
1117814495 2.035685 -0.724324 0.691954 -1.791108 -0.098890 -0.177306
1137772992 1.786917 -0.782337 0.804576 -1.782899 -0.098890 -0.177306
1157731488 1.825092 -0.976980 0.217951 -1.802014 -0.090503 -0.150603
1177689984 2.169130 -1.082785 -0.241238 -1.828672 -0.074635 -0.161342
1197648480 2.644832 -1.249200 0.052770 -1.822883 -0.062651 -0.204679
1217606976 2.824641 -1.372430 0.309357 -1.850873 -0.021496 -0.257562
1237565472 2.744060 -1.411278 0.176398 -1.838267 -0.015176 -0.251651
1257523968 2.300894 -1.396120 -0.009209 -1.851852 -0.013662 -0.210889
1277482464 2.409265 -1.630897 0.282187 -1.878459 0.013716 -0.214001
1297440960 2.461957 -1.893768 0.678879 -1.905153 0.040926 -0.208996
1317399456 2.801540 -2.415678 0.810739 -1.951091 0.089523 -0.234364
1337388470 3.522774 -2.976039 0.555976 -1.957942 0.141168 -0.300417
1357346966 3.867480 -3.371937 0.393860 -1.963597 0.175858 -0.328632
1377305462 4.035701 -3.901143 -0.280983 -1.984095 0.234997 -0.358320
1397263958 4.143749 -4.339196 -0.509143 -2.004747 0.282134 -0.370636
1417222454 4.286252 -4.972064 -0.210952 -2.016192 0.332896 -0.369879
1437180950 4.503081 -5.763631 -0.183506 -2.043998 0.399721 -0.385074
1457139447 5.100176 -6.131398 -0.636418 -2.014570 0.399721 -0.385074
1477097943 4.382949 -6.047302 -0.617990 -1.972684 0.439687 -0.449579
1497056439 3.294334 -6.111577 -0.244508 -2.119144 0.456252 -0.239137
