0 -1.168456 -0.065156 0.152987 1.755791 -0.078669 0.108238
19958496 -1.180120 -0.195998 0.001356 1.803111 -0.057777 0.073814
39916992 -1.237238 -0.157101 0.161059 1.822546 -0.046472 0.074969
59875489 -1.214209 -0.310835 -0.041625 1.805987 -0.051490 0.077622
79864502 -1.424574 -0.385916 -0.076038 1.827053 -0.038846 0.074357
99822998 -1.829510 -0.426734 -0.119721 1.822834 -0.033029 0.092848
119781494 -2.821800 -0.338759 -0.066901 1.818411 -0.030094 0.131149
139739990 -4.035085 -0.204495 -0.118383 1.771970 -0.039566 0.225423
159698487 -4.929441 -0.325077 -0.131242 1.745404 -0.052594 0.338250
179656983 -5.990723 -0.463816 0.162485 1.740017 -0.039731 0.414791
199615479 -6.969015 -0.861704 0.556315 1.728743 -0.024002 0.485696
219573975 -7.798783 -1.054700 -0.088423 1.738990 0.010437 0.534980
239532471 -9.010122 -1.370000 -0.772859 1.719391 0.026101 0.613801
259490967 -10.568968 -1.674489 -0.619493 1.701932 0.053822 0.720621
279449463 -11.684755 -2.097018 -0.331718 1.673725 0.103745 0.834009
299407959 -12.636779 -2.928684 -0.136768 1.650688 0.103745 0.834009
319396973 -13.624235 -3.751894 0.811131 1.619100 0.157246 0.866265
339355469 -14.434832 -5.056192 2.115828 1.593347 0.197014 0.861454
359313965 -15.815660 -6.632123 3.212530 1.567479 0.252974 0.836595
379272461 -16.553587 -8.539682 3.856408 1.542187 0.305752 0.844566
399230957 -17.306974 -10.730948 4.194715 1.518311 0.373732 0.847319
419189453 -17.421806 -13.308085 4.987419 1.495000 0.446320 0.861657
439147949 -17.367060 -16.316402 6.114638 1.508768 0.524916 0.841751
459106446 -16.579784 -19.720797 7.525286 1.545453 0.601854 0.809316
479064942 -13.897318 -22.931438 7.912291 1.626562 0.681397 0.749981
499023438 -11.316768 -24.615025 8.264052 1.915546 0.842361 0.562728
518981934 -9.930439 -26.259212 9.708681 2.095094 0.855694 0.486876
538940430 -7.679871 -28.374977 9.499724 2.354023 0.913943 0.412605
558929444 -3.445833 -28.440342 8.381401 2.768648 0.967317 0.243305
578887940 1.896304 -26.932245 7.720959 2.901729 0.967317 0.243305
598846436 6.412726 -25.063108 6.854158 -2.519418 0.931962 -0.286930
618804932 7.693290 -22.622559 5.716634 -2.468270 0.931962 -0.286930
638763428 7.182727 -20.434490 4.967392 -2.312930 0.896398 -0.366417
658721924 6.662637 -18.257359 4.071114 -2.297160 0.867882 -0.340006
678680420 6.694802 -16.410427 2.950798 -2.245002 0.810302 -0.354311
698638916 6.906804 -14.736225 2.019712 -2.178546 0.773130 -0.407794
718597412 5.913096 -13.360682 1.868832 -2.225319 0.730591 -0.350278
738555908 6.057714 -11.951717 1.892359 -2.176077 0.656154 -0.372121
758514405 6.109319 -10.502285 1.518914 -2.130171 0.586850 -0.396320
778472901 5.766621 -9.245310 0.566899 -2.107835 0.546046 -0.411323
798461914 6.050283 -7.845855 0.074625 -2.034249 0.456686 -0.466478
818420410 6.016450 -6.571181 -0.215042 -1.967857 0.362877 -0.489172
838378906 5.340189 -5.508066 -0.650311 -1.947162 0.289271 -0.461678
858337403 4.967999 -4.703938 -1.091126 -1.911740 0.226857 -0.456719
878295899 4.030538 -3.987911 -1.125265 -1.900814 0.163152 -0.371616
898254395 3.948350 -3.272593 -1.193807 -1.831195 0.089663 -0.373668
918212891 4.164921 -2.779908 -1.547432 -1.760389 0.042697 -0.418224
938171387 3.970449 -2.326007 -1.383254 -1.719561 -0.000000 -0.393947
958129883 3.439224 -1.914057 -1.114465 -1.677235 -0.034711 -0.329299
978088379 3.113663 -1.435091 -0.650936 -1.621158 -0.071668 -0.282588
998046875 2.978163 -0.863865 0.316272 -1.524773 -0.109075 -0.247497
1018005371 2.542460 -0.508510 0.966972 -1.472400 -0.127934 -0.198271
1037994385 2.114268 -0.488230 0.696042 -1.451542 -0.127317 -0.165603
1057952881 2.185451 -0.374993 1.188262 -1.432075 -0.128825 -0.163200
1077911377 2.213027 -0.650712 1.076303 -1.499706 -0.105196 -0.163544
1097869873 2.901927 -0.967887 0.356372 -1.550001 -0.080933 -0.237587
1117828369 3.822443 -1.251353 0.224856 -1.597294 -0.052340 -0.323657
1137786865 4.017542 -1.512265 0.350753 -1.606335 -0.052340 -0.323657
1157745362 4.101621 -1.769571 0.289320 -1.651579 -0.000458 -0.342162
1177703858 4.446025 -2.126331 0.397809 -1.687279 0.033204 -0.366336
1197662354 4.564266 -2.348467 0.266175 -1.710133 0.053895 -0.376971
1217620850 4.257817 -2.542010 0.135836 -1.735747 0.073284 -0.349525
1237579346 3.964318 -2.727522 -0.167828 -1.755803 0.095490 -0.328022
1257537842 3.678789 -2.841073 0.114883 -1.732293 0.095490 -0.328022
1277526856 3.993776 -3.308928 0.129608 -1.797862 0.150357 -0.312795
1297485352 4.542812 -3.512532 -0.313793 -1.779586 0.174376 -0.371494
1317443848 4.325954 -3.416813 -0.009314 -1.775956 0.161882 -0.331717
1337402344 3.556557 -3.774795 -0.004243 -1.848099 0.199753 -0.249140
1357360840 3.454792 -4.227828 -0.773813 -1.899476 0.264096 -0.252238
1377319336 4.118996 -4.297867 -1.281709 -1.854979 0.284787 -0.335602
1397277832 4.241259 -4.037885 -0.797470 -1.803208 0.251722 -0.327559
1417236328 3.261540 -4.060713 -0.200508 -1.843371 0.255198 -0.209218
1437194824 2.247640 -4.150847 -0.278344 -1.932810 0.281130 -0.105963
1457153321 2.111392 -4.254004 0.227915 -1.921877 0.287172 -0.088568
1477111817 2.919394 -4.321236 0.229870 -1.848804 0.300347 -0.170734
