0 0.485684 0.011177 0.372300 -0.043672 -0.051513 0.009933
19958496 0.897257 0.117666 0.146326 -0.053321 -0.051513 0.009933
39916992 1.209005 0.218912 0.403360 -0.130675 -0.064221 -0.032886
59875488 1.356053 0.214983 0.097974 -0.192625 -0.074203 -0.064034
79833984 1.832476 0.286490 -0.062192 -0.301575 -0.086082 -0.127336
99792480 2.395583 0.265163 -0.015895 -0.413807 -0.083092 -0.179637
119750976 3.256053 0.052362 -0.140245 -0.552960 -0.060150 -0.261688
139709473 4.527987 -0.114913 0.325150 -0.553317 -0.060150 -0.261688
159667969 5.032903 -0.561282 0.344523 -0.810834 0.003518 -0.391038
179626465 5.963757 -0.844032 0.174140 -0.909118 0.029025 -0.463648
199584961 7.544226 -0.848043 -0.175103 -0.925162 0.029025 -0.463648
219543457 9.360329 -1.133006 -0.811913 -1.016763 0.027613 -0.589743
239501953 11.255248 -1.946900 -0.758478 -1.169815 0.107451 -0.836098
259460449 12.399800 -2.515755 -0.551998 -1.187304 0.143447 -0.875668
279449463 13.099437 -3.310826 -0.280425 -1.220735 0.194691 -0.888953
299407959 13.168179 -4.599690 0.948631 -1.217978 0.194691 -0.888953
319366455 15.341406 -5.836623 3.134232 -1.275866 0.292699 -0.817751
339324951 18.272715 -7.110364 3.387222 -1.306661 0.318618 -0.904570
359283447 19.505159 -8.762066 3.266505 -1.341889 0.375510 -0.944739
379241943 18.720989 -10.576958 4.278073 -1.428668 0.445070 -0.889388
399200439 17.516214 -12.192304 4.282330 -1.545944 0.516742 -0.860978
419158935 17.151333 -13.854649 4.897154 -1.684448 0.563503 -0.840519
439117432 14.974401 -15.969827 7.806077 -1.973667 0.606476 -0.696932
459075928 12.357957 -17.716022 6.867669 -2.334612 0.696390 -0.654263
479034424 11.480455 -19.635746 7.499052 -2.629606 0.735275 -0.632544
498992920 8.120048 -23.692772 8.508753 -3.077202 0.842432 -0.502510
518951416 0.887326 -28.892916 8.635963 2.684149 0.992548 -0.183872
538909912 -6.170432 -31.972553 11.215971 2.273438 0.983596 0.148539
558868408 -7.156965 -30.227413 13.441654 2.211907 0.908104 0.156915
578826904 -3.719553 -27.078278 13.359322 2.342656 0.857932 -0.002965
598785400 -4.227401 -26.415743 10.076785 2.368028 0.916488 0.031093
618743896 -8.335649 -25.499453 7.179379 2.446647 0.916488 0.031093
638702392 -13.545596 -23.403414 5.119345 2.046665 0.873103 0.646750
658660889 -19.126644 -19.576656 -0.209456 1.876516 0.741620 1.069098
678619385 -22.746189 -16.187019 -4.943675 1.831379 0.593750 1.347924
698577881 -20.669548 -12.850745 -4.740258 1.890592 0.524034 1.316864
718566894 -12.678800 -8.384182 -1.013354 2.070329 0.463061 0.898167
738525391 -4.893889 -3.998586 0.021420 2.312341 0.229553 0.263990
758483887 -1.457392 -2.137593 -0.561973 2.472745 0.034905 -0.106030
778442383 -2.109766 -1.988347 -1.145202 2.393504 0.009232 -0.012694
798400879 -3.743303 -2.507644 -2.324071 2.298399 0.066980 0.244032
818359375 -6.030556 -3.368056 -4.531549 2.172223 0.192958 0.712865
838317871 -7.461811 -3.761045 -5.073424 2.129162 0.221659 0.923027
858276367 -6.171696 -2.689147 -3.942564 2.168168 0.074916 0.678074
878234863 -3.660748 -1.347937 -2.912087 2.195127 -0.121279 0.265620
898193359 -1.433440 -0.362948 -1.703482 2.268316 -0.226771 -0.075519
918151855 0.131769 0.526860 -0.709984 2.350576 -0.286512 -0.250747
938110351 0.604215 0.859606 -0.489553 2.380186 -0.305332 -0.296090
958068848 -0.267265 0.347895 0.079947 2.318969 -0.239675 -0.187378
978027344 -1.511398 -0.056237 0.667107 2.264763 -0.187128 -0.048311
997985840 -2.415697 -0.529093 0.319744 2.244764 -0.142422 0.048970
1017944336 -2.607848 -0.657450 0.233532 2.246955 -0.126247 0.071236
1037902832 -1.755128 -0.303990 0.358750 2.268520 -0.157277 -0.020686
1057861328 -0.725005 0.286535 0.483894 2.271069 -0.209702 -0.132137
1077819824 0.264718 0.769027 0.841818 2.310588 -0.241977 -0.228652
1097778320 0.636432 0.673973 1.139132 2.364360 -0.224436 -0.257616
1117736816 0.424462 0.598480 0.694627 2.345371 -0.225615 -0.246322
1137695312 0.574786 0.732117 0.597466 2.343621 -0.237222 -0.259048
1157684326 0.529548 0.886890 0.265993 2.335350 -0.237222 -0.259048
1177642822 0.267773 0.676973 0.095518 2.301635 -0.242316 -0.237128
1197601318 -0.300614 0.338781 0.301435 2.264150 -0.206004 -0.175855
1217559814 -0.802654 0.006243 0.647311 2.270643 -0.168682 -0.122830
1237518310 -1.221910 -0.275482 0.683627 2.270564 -0.168682 -0.122830
1257476807 -0.741076 -0.001924 0.759862 2.258836 -0.165810 -0.130791
1277435303 -0.244775 0.305143 0.783811 2.270591 -0.194242 -0.178694
1297393799 -0.796826 -0.078146 0.426702 2.277735 -0.194242 -0.178694
1317352295 -1.729565 -0.783662 0.572429 2.263258 -0.100639 -0.039441
1337310791 -2.789420 -1.333210 0.956345 2.250099 -0.100639 -0.039441
1357269287 -2.760991 -1.371135 0.876139 2.221009 -0.049082 0.060280
1377227783 -2.100427 -1.153856 0.399279 2.236195 -0.083169 -0.017264
1397186279 -1.852059 -0.927286 -0.229336 2.209641 -0.119378 -0.051278
1417144775 -2.948244 -1.302738 -0.012869 2.178746 -0.082697 0.059091
1437103271 -4.506851 -2.439488 0.511905 2.177941 0.029598 0.195873
1457061767 -4.645781 -3.088702 1.063045 2.192405 0.080903 0.175644
1477020264 -3.639552 -2.747026 0.507635 2.210126 0.040068 0.051276
1496978760 -3.128551 -2.819419 2.408002 2.224615 0.026515 -0.024813
1516937256 -4.308927 -3.573780 2.331855 2.188382 0.079160 0.061495
