0 -0.642875 -0.278408 0.173176 1.534207 -0.031840 0.022562
19958496 -0.930533 -0.270622 -0.595720 1.543599 -0.041652 0.060989
39916992 -1.294478 -0.167728 -0.743010 1.536046 -0.055397 0.099985
59875488 -1.206356 -0.218525 -0.513953 1.533716 -0.055397 0.099985
79833985 -1.553303 -0.385753 -0.089888 1.583658 -0.028049 0.111473
99792481 -2.609745 -0.426922 -0.128430 1.584187 -0.028049 0.111473
119750977 -3.607698 -0.465537 -0.342010 1.593869 -0.019875 0.310405
139709473 -4.650443 -0.767822 -0.505696 1.588364 -0.019875 0.310405
159667969 -5.555090 -1.114709 -0.490046 1.634155 0.045512 0.479078
179626465 -6.163550 -1.363155 -0.154368 1.654906 0.063894 0.505992
199615479 -6.796667 -1.648853 -0.478736 1.646022 0.082083 0.562376
219573975 -8.011974 -1.888888 -1.457357 1.645863 0.094516 0.699604
239532471 -9.005021 -2.218560 -2.128831 1.654271 0.116959 0.805152
259490967 -9.284809 -2.215461 -2.073560 1.654294 0.115425 0.814793
279449463 -9.412678 -2.091141 -1.071551 1.652075 0.102864 0.754276
299407959 -9.769674 -2.370677 0.197783 1.636288 0.102864 0.754276
319366455 -10.027270 -2.913803 1.290774 1.627009 0.121189 0.701043
339324951 -10.755886 -3.901543 1.705901 1.631817 0.154497 0.659601
359283447 -11.045851 -4.944412 2.201166 1.644951 0.273503 0.674592
379241944 -10.503851 -6.138995 3.063305 1.625050 0.273503 0.674592
399200440 -9.372218 -7.211366 2.733798 1.651354 0.337330 0.614544
419189453 -9.253651 -8.202174 1.280375 1.692821 0.501445 0.636769
439147949 -11.962502 -9.411170 1.866323 1.624924 0.499996 0.765859
459106445 -12.103985 -11.144552 4.146139 1.617346 0.499996 0.765859
479064942 -8.719013 -13.722289 2.267796 1.648895 0.530311 0.693680
499023438 -2.804466 -16.313295 2.834752 1.796014 0.736622 0.613059
518981934 4.871093 -17.369650 8.512534 2.897575 0.749399 -0.234900
538940430 7.978740 -16.479231 9.816659 3.039067 0.749399 -0.234900
558898926 6.736210 -14.335043 6.651548 -2.774967 0.673603 -0.346905
578857422 8.007170 -13.237646 2.912022 -2.464505 0.755982 -0.467433
598815918 10.322865 -13.112860 4.655536 -2.311530 0.755982 -0.467433
618774414 12.035543 -12.538586 8.256721 -2.006090 0.674651 -0.532774
638732910 11.970678 -11.277481 6.412606 -1.792322 0.555019 -0.511908
658721924 10.731441 -9.872938 3.224111 -1.724811 0.561902 -0.610825
678680420 9.450378 -8.420337 2.325649 -1.690611 0.526364 -0.587366
698638916 10.277358 -7.668256 1.964758 -1.596745 0.472358 -0.659360
718597412 12.318284 -7.447330 1.290510 -1.513998 0.428570 -0.795362
738555908 12.216643 -6.504757 -0.415773 -1.535790 0.428570 -0.795362
758514404 10.861170 -5.095614 -2.016762 -1.455594 0.346310 -0.917154
778472901 9.034053 -3.595785 -2.756758 -1.412401 0.268640 -0.881211
798431397 7.226044 -2.373214 -2.890903 -1.378386 0.179493 -0.787113
818389893 5.588175 -1.553590 -3.452913 -1.325593 0.112196 -0.708874
838348389 4.805975 -1.217757 -2.440481 -1.243791 0.071397 -0.569074
858306885 5.394421 -1.338751 -0.290114 -1.254016 0.071397 -0.569074
878295899 4.770425 -1.414623 -0.716135 -1.232934 0.069280 -0.471616
898254395 3.836746 -1.185029 -1.796076 -1.208612 0.049733 -0.440418
918212891 3.099291 -0.848876 -1.481379 -1.204007 0.049733 -0.440418
938171387 2.366641 -0.477253 -0.977055 -1.097091 0.010780 -0.360286
958129883 2.004174 -0.241854 -1.037350 -0.833409 -0.059499 -0.240593
978088379 1.946203 -0.158250 -1.241074 -0.821592 -0.070670 -0.244187
998046875 1.951158 -0.073986 -0.943002 -0.825195 -0.070670 -0.244187
1018005371 1.658225 -0.020040 -0.840413 -0.736840 -0.085819 -0.213548
1037963867 1.451236 0.027044 -1.134501 -0.715797 -0.094924 -0.203797
1057922363 1.303534 0.134048 -0.755731 -0.707219 -0.094924 -0.203797
1077880860 1.780685 0.019877 -0.917142 -0.650482 -0.103278 -0.184254
1097869873 2.369783 -0.184032 -1.184909 -0.905562 -0.069074 -0.316029
1117828369 2.334465 -0.214862 -0.695920 -0.900100 -0.060764 -0.293690
1137786865 1.681107 0.051768 -0.261814 -0.726090 -0.085254 -0.212024
1157745362 1.419515 0.153632 -0.268397 -0.748151 -0.085254 -0.212024
1177703858 1.797287 -0.021630 0.011155 -0.762632 -0.071405 -0.210858
1197662354 2.190162 -0.262479 0.285717 -0.764069 -0.071405 -0.210858
1217620850 2.538207 -0.388293 0.169516 -0.858661 -0.044474 -0.240594
1237579346 2.934738 -0.465662 -0.050510 -0.994312 -0.024839 -0.319971
1257537842 3.685138 -0.728600 -0.445968 -1.102798 0.000474 -0.401719
1277496338 4.705655 -1.015339 -0.888360 -1.117587 0.000474 -0.401719
1297454834 5.903681 -1.499891 -0.757124 -1.202522 0.028840 -0.506593
1317443848 6.242197 -1.844952 -0.182371 -1.327772 0.096906 -0.567604
1337402344 6.373356 -2.076614 -0.114626 -1.353904 0.111725 -0.556176
1357360840 6.713231 -2.300427 -0.807372 -1.380557 0.130802 -0.600822
1377319336 7.021270 -2.654616 -1.179604 -1.425571 0.161649 -0.631475
1397277832 7.459914 -3.597916 -0.929832 -1.432842 0.161649 -0.631475
1417236328 7.642100 -4.441253 -0.167148 -1.562818 0.292130 -0.595701
1437194824 7.398453 -4.578942 0.261139 -1.574764 0.296882 -0.544930
1457153320 6.863157 -4.767056 0.057425 -1.569293 0.296882 -0.544930
1477111817 6.728709 -5.136645 -0.230341 -1.607257 0.322154 -0.505526
1497070313 5.786502 -5.761107 0.390068 -1.762362 0.411279 -0.402905
