0 -0.128085 -0.278536 1.030090 1.567970 -0.011502 -0.015485
19958496 -0.732072 -0.531849 1.070495 1.628050 0.007046 0.039644
39916992 -1.448952 -0.349676 0.297567 1.639259 0.007046 0.039644
59875488 -1.390031 -0.011998 -0.427778 1.544000 -0.062468 0.112623
79833984 -1.423731 0.209426 -0.672471 1.503645 -0.094825 0.114697
99792480 -2.585858 0.257112 -0.963552 1.525997 -0.106320 0.241134
119750977 -3.858710 0.339601 -1.100839 1.540313 -0.115950 0.372946
139709473 -5.078393 0.381594 -1.166785 1.556458 -0.116805 0.488565
159667969 -6.249229 0.187301 -0.956315 1.586261 -0.090422 0.574667
179626465 -7.064537 -0.176972 -0.973217 1.603114 -0.052914 0.632820
199615479 -7.861382 -0.424648 -1.045052 1.613733 -0.027338 0.687353
219573975 -8.889599 -0.888191 -0.494157 1.613380 0.013326 0.718278
239532471 -8.944917 -1.694966 -0.005807 1.641681 0.074553 0.692298
259490967 -8.719843 -2.621542 0.034309 1.664805 0.142888 0.674440
279449463 -9.138781 -3.374985 -0.966885 1.667391 0.205428 0.754104
299407959 -9.740959 -4.031461 -0.225861 1.653000 0.205428 0.754104
319366455 -8.834943 -4.533396 1.983019 1.701477 0.246273 0.599606
339324951 -7.404176 -5.032668 3.275730 1.706411 0.246273 0.599606
359283447 -7.294888 -5.554738 2.760638 1.787961 0.273248 0.510477
379241943 -7.401208 -6.201735 1.160066 1.802331 0.313172 0.610966
399200439 -6.840405 -6.662161 -0.693800 1.828733 0.365133 0.701104
419189453 -7.108804 -6.873066 -2.159776 1.801999 0.393739 0.837519
439147949 -6.734431 -7.266866 -0.420418 1.854006 0.393906 0.724712
459106445 -5.998437 -7.939528 2.922298 1.945360 0.383633 0.546184
479064941 -5.688796 -8.499619 4.552056 1.973285 0.394665 0.490474
499023437 -4.344409 -9.466939 6.542274 1.939156 0.394665 0.490474
518981934 -1.755229 -10.819805 9.110577 2.054067 0.427205 0.377142
538940430 0.659995 -11.355005 9.394560 2.601265 0.493628 0.077699
558898926 2.659552 -10.888357 10.175895 2.888954 0.466644 -0.030689
578857422 5.190974 -10.651649 10.133549 -2.846233 0.457404 -0.161036
598815918 7.704058 -9.770051 9.020371 -2.742212 0.457404 -0.161036
618774414 8.703560 -8.529732 6.549445 -2.200280 0.431832 -0.294780
638763428 7.160447 -7.365355 3.248402 -1.966774 0.413638 -0.381115
658721924 6.185054 -6.634285 1.660835 -2.047400 0.437508 -0.334245
678680420 7.950597 -6.703738 1.807930 -1.836565 0.409880 -0.478316
698638916 10.349300 -6.766068 2.065854 -1.672830 0.363892 -0.632732
718597412 10.418957 -6.432257 -0.770964 -1.656148 0.381813 -0.781384
738555908 8.844193 -5.478877 -2.452195 -1.652831 0.367297 -0.793247
758514404 8.069674 -4.771971 -1.929412 -1.637293 0.300399 -0.707659
778472900 8.333473 -4.394364 -1.873281 -1.650056 0.300399 -0.707659
798431396 8.992759 -4.270563 -2.149250 -1.564159 0.227730 -0.809344
818389893 8.883801 -3.813429 -1.766257 -1.541662 0.178615 -0.794110
838348389 8.285491 -3.387481 -2.373997 -1.542170 0.178615 -0.794110
858337402 7.059518 -2.536723 -2.900329 -1.517041 0.148507 -0.814399
878295898 5.531608 -1.663971 -2.534713 -1.357254 -0.011745 -0.653645
898254395 5.161596 -1.337732 -2.378387 -1.351690 -0.011745 -0.653645
918212891 5.240258 -1.296342 -2.177249 -1.297656 -0.044764 -0.627503
938171387 5.331783 -1.294396 -1.325475 -1.294207 -0.042368 -0.633472
958129883 4.273186 -0.921012 -0.957495 -1.177703 -0.068000 -0.489757
978088379 3.317528 -0.429169 -1.536762 -1.043945 -0.122740 -0.432221
998046875 2.599610 0.054914 -1.224955 -0.865419 -0.166694 -0.349455
1018005371 2.592391 0.139175 -0.351171 -0.828267 -0.155670 -0.317730
1037963867 2.440084 0.157598 -0.476358 -0.825402 -0.155670 -0.317730
1057922363 2.133455 0.261004 -0.299656 -0.751559 -0.160818 -0.267463
1077880859 1.796756 0.322426 0.015936 -0.654520 -0.159486 -0.227340
1097869873 1.685581 0.379571 0.051273 -0.653321 -0.159486 -0.227340
1117828369 1.800488 0.151148 -0.227754 -0.688823 -0.139863 -0.240561
1137786865 2.008209 0.041994 -0.287431 -0.688823 -0.139863 -0.240561
1157745361 2.039488 -0.084946 -0.190104 -0.740526 -0.125331 -0.264913
1177703857 2.019192 -0.192238 -0.150356 -0.795318 -0.092816 -0.264381
1197662354 2.310383 -0.362126 -0.163580 -0.865911 -0.071597 -0.292979
1217620850 2.790934 -0.659189 -0.220394 -1.000026 -0.038133 -0.338341
1237579346 3.133632 -0.801692 -0.264109 -0.985008 -0.038133 -0.338341
1257537842 3.369021 -1.019321 0.179761 -1.103179 0.002715 -0.365972
1277496338 3.530214 -1.095785 -0.152389 -1.103822 0.002715 -0.365972
1297454834 3.962410 -1.193304 -0.996036 -1.195843 0.021203 -0.458795
1317443848 4.851140 -1.535763 -1.796072 -1.310668 0.061838 -0.578290
1337402344 5.460636 -2.051343 -1.378870 -1.291657 0.061838 -0.578290
1357360840 5.537364 -2.135933 -1.116821 -1.367796 0.121122 -0.570406
1377319336 5.384323 -2.054726 -0.830496 -1.367655 0.121122 -0.570406
1397277832 5.093274 -2.188964 -0.291265 -1.358679 0.112414 -0.517104
1417236328 5.232645 -2.574830 -0.341446 -1.418108 0.153677 -0.429425
1437194824 6.139725 -3.248987 -0.689938 -1.501800 0.216329 -0.507648
1457153320 6.356455 -3.477501 0.085814 -1.497221 0.222093 -0.480972
1477111816 6.768007 -3.824211 0.502169 -1.529260 0.240577 -0.489809
1497070312 6.549399 -4.254200 0.915771 -1.513108 0.240577 -0.489809
