0 0.774805 0.005388 0.008445 -1.131637 -0.108633 -0.144177
19958496 0.308035 -0.253113 -0.117048 -1.121604 -0.120608 -0.163462
39947510 0.649515 -0.137188 -0.497994 -1.138365 -0.112557 -0.162263
59906006 1.108321 -0.002127 -0.441229 -1.163602 -0.124387 -0.213046
79864502 1.310128 -0.120281 -0.089108 -1.200292 -0.105508 -0.225921
99822998 1.515356 -0.213255 0.003088 -1.184561 -0.105508 -0.225921
119781494 2.077984 -0.032897 -0.053355 -1.235490 -0.107757 -0.297939
139739990 2.651539 0.151694 -0.305653 -1.220522 -0.124909 -0.358434
159698486 2.885175 -0.036880 -0.379930 -1.220522 -0.124909 -0.358434
179656983 3.056634 -0.220875 -0.395735 -1.255845 -0.104440 -0.381572
199615479 3.498660 -0.182021 -0.446916 -1.280044 -0.084096 -0.397575
219573975 3.556794 -0.459328 -0.060940 -1.328281 -0.051203 -0.425914
239532471 4.019858 -0.820218 0.606150 -1.341607 -0.013488 -0.437442
259490967 4.578485 -1.374236 0.926922 -1.402886 0.035421 -0.466529
279449463 4.478374 -1.960612 1.226882 -1.441345 0.083660 -0.444011
299407959 4.994741 -2.151197 0.991289 -1.447834 0.098990 -0.484884
319366455 5.585749 -2.340873 0.519842 -1.454769 0.114932 -0.540626
339324951 5.847549 -2.763459 0.128776 -1.478400 0.151627 -0.572025
359283447 5.787591 -3.065341 0.432871 -1.479099 0.172201 -0.550339
379241943 5.887543 -3.427095 0.375604 -1.503127 0.199538 -0.558002
399230957 6.258204 -4.362159 0.711086 -1.551746 0.261623 -0.569248
419189453 6.763642 -4.994695 1.654058 -1.570899 0.281691 -0.564139
439147949 7.146655 -5.387504 1.062366 -1.556604 0.281691 -0.564139
459106445 7.349148 -6.039036 0.161973 -1.602828 0.371191 -0.660709
479064941 6.991966 -7.140553 0.819650 -1.584054 0.371191 -0.660709
499023438 6.498990 -8.493490 1.690638 -1.781003 0.502819 -0.536402
518981934 6.505631 -9.391424 2.106856 -1.792188 0.502819 -0.536402
538940430 7.111714 -9.826143 2.109395 -1.851418 0.536996 -0.524924
558898926 7.348078 -10.586486 1.999301 -1.851933 0.545162 -0.565340
578857422 7.002189 -11.731594 2.248487 -1.904365 0.579833 -0.583840
598815918 6.611978 -12.838688 3.139432 -2.118125 0.659212 -0.500078
618774414 6.613384 -13.797496 3.628215 -2.212349 0.677816 -0.494092
638732910 7.670284 -14.199327 3.923115 -2.195830 0.661638 -0.553482
658691406 8.042568 -14.946644 4.275652 -2.277921 0.670217 -0.565527
678649902 7.019077 -16.455046 4.955508 -2.366499 0.670217 -0.565527
698608399 5.679688 -17.822487 5.115956 -2.585966 0.719399 -0.489293
718566895 4.664340 -18.691833 4.681541 -2.903279 0.824985 -0.355720
738525391 4.114396 -18.952662 4.301172 -2.992218 0.847850 -0.331549
758514404 3.804904 -18.980774 4.122468 -3.037897 0.847850 -0.331549
778472900 3.489836 -19.166241 4.246849 -3.093472 0.855249 -0.318068
798431397 2.888513 -19.339855 4.014436 3.070317 0.876321 -0.257272
818389893 2.259387 -19.346437 3.599603 3.019951 0.895944 -0.219870
838348389 2.238741 -18.966047 3.382333 3.001363 0.892706 -0.224023
858306885 2.454351 -18.575253 3.718695 3.003187 0.867642 -0.233678
878265381 1.772056 -18.589426 3.561994 2.939533 0.880290 -0.182533
898223877 0.932391 -18.257629 2.912555 2.886038 0.900951 -0.122121
918182373 1.310477 -17.403208 2.435434 2.937644 0.892000 -0.157591
938140869 1.404886 -16.913153 2.141783 2.955305 0.888943 -0.170212
958099365 0.862001 -16.736675 2.124696 2.930838 0.889926 -0.123141
978057861 0.049457 -16.709604 2.214707 2.888164 0.892113 -0.047583
998016358 -1.497944 -16.323927 2.707384 2.791969 0.861426 0.088201
1017974854 -2.581431 -15.428316 2.763140 2.833577 0.861426 0.088201
1037933350 -3.270415 -14.358835 1.842380 2.712847 0.816978 0.269354
1057891846 -4.908107 -13.492023 0.835317 2.606974 0.799964 0.443178
1077850342 -6.946475 -12.894501 0.100626 2.652776 0.799964 0.443178
1097808838 -8.434066 -12.045386 -0.612374 2.422829 0.709773 0.759360
1117797852 -9.135163 -10.866505 0.299822 2.446573 0.709773 0.759360
1137756348 -8.769860 -9.182445 1.373050 2.450980 0.617105 0.745739
1157714844 -7.730008 -7.448535 1.568692 2.495616 0.516347 0.670448
1177673340 -6.948174 -6.021746 1.301102 2.537833 0.434270 0.601421
1197631836 -6.641154 -4.873868 0.674831 2.507483 0.300581 0.579224
1217590332 -6.248587 -3.946494 -0.028288 2.502402 0.247291 0.589941
1237548828 -5.889964 -3.344257 -0.570848 2.494957 0.210796 0.595827
1257507324 -5.848375 -3.005271 -0.916520 2.474245 0.188422 0.614449
1277465820 -5.892262 -2.766995 -0.670517 2.472400 0.165830 0.606620
1297424316 -5.527439 -2.418963 -0.320614 2.480357 0.165830 0.606620
1317382813 -5.041439 -2.067030 -0.673501 2.518885 0.112993 0.544935
1337341309 -4.669147 -1.663485 -0.620240 2.520015 0.112993 0.544935
1357299805 -4.499646 -1.379320 -0.390924 2.535852 0.080626 0.515616
1377258301 -4.347439 -1.259115 -0.306041 2.547709 0.057037 0.493849
1397216797 -4.126029 -1.147750 -0.059343 2.591744 0.042869 0.452257
1417175293 -3.752286 -1.011825 0.091866 2.594586 0.042869 0.452257
1437133789 -3.633312 -1.015746 -0.138300 2.627779 0.039308 0.419664
1457092285 -3.402320 -0.848550 -0.225141 2.636526 0.039308 0.419664
1477081299 -3.030359 -0.486296 -0.041290 2.632069 0.027861 0.404830
1497039795 -2.650976 -0.379533 0.065270 2.740258 -0.011608 0.324687
1516998291 -2.358900 -0.250197 0.267372 2.792522 -0.021139 0.291369
