0 -0.673486 -0.202823 0.215980 1.382992 -0.032664 -0.006248
19958497 -0.970324 -0.305024 0.151366 1.404439 -0.024180 0.021284
39916993 -1.517422 -0.361490 -0.203382 1.404439 -0.024180 0.021284
59906006 -1.826136 -0.473841 -0.294847 1.451711 -0.011090 0.109099
79864502 -1.687088 -0.490653 -0.282487 1.469527 -0.011090 0.109099
99822998 -2.070432 -0.318431 -0.365828 1.448948 -0.031890 0.138173
119781495 -2.890240 -0.367893 -0.510164 1.476783 -0.026321 0.225698
139739991 -3.400682 -0.622879 -0.142279 1.508193 0.001446 0.264983
159698487 -3.790486 -0.575262 -0.001592 1.504598 -0.004716 0.294303
179656983 -4.555004 -0.453524 -0.231349 1.507285 -0.019793 0.368866
199615479 -4.897847 -0.245905 -0.455140 1.497440 -0.043779 0.405267
219573975 -5.680581 -0.573198 -0.535035 1.497440 -0.043779 0.405267
239532471 -5.850935 -0.949707 -0.520405 1.541453 0.025032 0.482103
259490967 -5.975812 -1.249883 -0.383219 1.559279 0.054512 0.478412
279479981 -6.249475 -1.494600 -0.104095 1.567816 0.076834 0.482157
299438477 -5.997170 -1.798799 0.053197 1.567816 0.076834 0.482157
319396973 -5.349598 -1.974173 0.167872 1.598560 0.125159 0.383121
339355469 -5.106627 -2.022869 0.517949 1.604960 0.125933 0.343743
359313965 -4.958966 -2.043981 0.530675 1.591378 0.125821 0.326005
379272461 -4.856553 -2.340386 0.538928 1.620176 0.149481 0.317770
399230957 -4.696633 -2.312804 0.643224 1.597589 0.141242 0.309346
419189454 -4.920683 -2.692990 1.393897 1.602995 0.141242 0.309346
439147950 -4.952905 -3.450010 1.865212 1.644227 0.203164 0.334059
459106446 -4.153510 -3.993625 1.390547 1.641024 0.203164 0.334059
479064942 -3.062541 -4.629924 1.235279 1.709643 0.251630 0.304759
499023438 -2.961649 -5.427984 1.791931 1.856147 0.360060 0.236428
519012452 -2.220967 -6.027340 2.548886 1.856147 0.360060 0.236428
538970948 -0.502788 -6.298970 2.468534 2.091113 0.419898 0.057650
558929444 0.828536 -6.350580 2.258134 2.295506 0.433631 -0.031938
578887940 0.002673 -6.356428 2.252249 2.189195 0.435821 0.063090
598846436 -0.625723 -6.337250 2.283786 2.189195 0.435821 0.063090
618804932 1.066924 -6.170035 2.836882 2.383328 0.410837 0.039474
638763428 3.398647 -6.156345 3.319917 -3.022470 0.396700 -0.112610
658721924 3.923789 -5.681884 2.562454 -3.022470 0.396700 -0.112610
678680420 2.848125 -4.836327 2.021659 -2.573292 0.390582 -0.143998
698638916 2.940181 -4.206738 3.571238 -1.545820 0.287865 -0.069554
718597413 3.732472 -3.907047 4.488348 -1.232923 0.253710 -0.132042
738555909 4.181478 -3.695501 3.760777 -1.180373 0.248967 -0.178602
758544922 4.945063 -3.687678 2.431354 -1.361942 0.263920 -0.260210
778503418 4.878497 -3.655622 1.071645 -1.489230 0.283515 -0.286772
798461915 4.615456 -3.525894 0.127059 -1.512374 0.291882 -0.290073
818420411 4.528749 -3.170806 0.416782 -1.512374 0.291882 -0.290073
838378907 5.135395 -3.102569 0.543640 -1.350424 0.230367 -0.335387
858337403 5.838161 -3.243600 0.366381 -1.384688 0.234118 -0.410196
878295899 5.881413 -3.092066 -0.101029 -1.404208 0.222372 -0.441777
898254395 5.738634 -2.938144 -0.363680 -1.400705 0.208173 -0.449888
918212891 5.427994 -2.551427 -0.532214 -1.339684 0.170813 -0.438843
938171387 5.255363 -2.366565 -0.867251 -1.315238 0.154229 -0.447134
958129883 5.617126 -2.430807 -0.179491 -1.315238 0.154229 -0.447134
978088379 6.099751 -2.357788 0.084093 -1.323392 0.126061 -0.495246
998077393 6.064462 -2.116754 -0.735565 -1.306026 0.105753 -0.539716
1018035889 5.272293 -1.462992 -1.075911 -1.235683 0.042632 -0.499424
1037994385 4.539906 -0.901444 -0.994749 -1.118133 -0.017833 -0.439051
1057952881 4.289635 -0.660118 -1.018053 -1.073959 -0.045506 -0.424474
1077911377 4.402429 -0.615595 -0.639380 -1.066676 -0.050355 -0.423927
1097869873 4.046875 -0.486852 -0.609948 -1.031271 -0.065905 -0.392401
1117828370 3.300098 -0.094838 -0.648470 -0.892207 -0.109638 -0.323333
1137786866 2.428437 0.310255 -0.660096 -0.892159 -0.109638 -0.323333
1157745362 1.750573 0.725869 -0.606573 -0.544461 -0.198453 -0.165574
1177703858 1.423154 0.709603 -0.234075 -0.479899 -0.188983 -0.127522
1197662354 1.283545 0.686036 0.023218 -0.476563 -0.188983 -0.127522
1217620850 1.380404 0.587947 0.099229 -0.486445 -0.170623 -0.121293
1237609864 1.534236 0.337918 -0.111462 -0.549174 -0.148393 -0.140083
1257568360 1.447603 0.245576 0.083505 -0.550508 -0.135717 -0.128679
1277526856 1.147214 0.300494 0.263757 -0.550508 -0.135717 -0.128679
1297485352 0.832529 0.390424 0.262264 -0.393584 -0.148145 -0.066536
1317443848 0.744045 0.325224 0.351406 -0.372931 -0.140858 -0.058840
1337402344 0.959974 0.088947 0.464465 -0.366785 -0.140858 -0.058840
1357360840 1.194236 -0.087209 0.506499 -0.447081 -0.116972 -0.081081
1377319336 1.145781 -0.093812 0.482588 -0.522577 -0.102254 -0.101385
1397277832 0.838210 -0.014335 0.349729 -0.462110 -0.114152 -0.073974
1417236329 0.600372 0.135776 0.169968 -0.390591 -0.133977 -0.053649
1437194825 0.487995 0.179638 0.014533 -0.330665 -0.142923 -0.045201
1457183838 0.656432 0.121602 0.246743 -0.380342 -0.136722 -0.062360
1477142334 0.629669 0.082619 0.183176 -0.363278 -0.137170 -0.061335
1497100831 0.585114 0.126495 0.053113 -0.363278 -0.137170 -0.061335
1517059327 0.483372 0.123143 -0.057174 -0.381941 -0.146717 -0.059244
