0 -0.442717 -0.353736 1.199675 1.505026 -0.010347 -0.035791
19958496 -1.061793 -0.198203 0.374556 1.478378 -0.038628 0.051395
39916992 -1.180500 -0.132287 -0.299707 1.479612 -0.052946 0.065662
59875488 -0.796560 -0.146536 -0.429308 1.477292 -0.054317 0.024110
79833984 -0.263702 -0.141648 -0.248827 1.459541 -0.053791 -0.035736
99792480 -0.190461 -0.170144 0.031194 1.487974 -0.048832 -0.046444
119750976 -0.285796 -0.218609 0.181514 1.487220 -0.043793 -0.039498
139709472 -0.744756 -0.237932 0.164502 1.513634 -0.043429 0.004345
159667969 -1.093731 -0.190609 0.085903 1.506910 -0.050069 0.037471
179626465 -1.078394 -0.170487 0.103278 1.500715 -0.053395 0.033045
199615478 -1.209176 -0.151347 0.135686 1.500723 -0.056601 0.042631
219573974 -1.593954 -0.113874 0.102438 1.516776 -0.062022 0.077218
239532470 -2.109953 -0.152739 -0.010518 1.524289 -0.060043 0.125446
259490967 -2.905333 -0.196731 0.081984 1.537424 -0.055943 0.198992
279449463 -4.066028 -0.116733 0.157836 1.537424 -0.055943 0.198992
299407959 -5.407714 -0.202329 -0.081348 1.566324 -0.055332 0.422419
319366455 -6.286588 -0.275926 -0.104612 1.575033 -0.047236 0.487359
339324951 -7.073763 -0.519199 -0.147678 1.594313 -0.025007 0.542417
359283447 -7.822653 -0.705970 0.065798 1.602036 -0.009073 0.581597
379241943 -8.425930 -1.059006 0.693534 1.618881 0.016207 0.590143
399230957 -8.755089 -1.585150 1.019319 1.631301 0.048200 0.594122
419189453 -8.706036 -2.098496 0.520644 1.640656 0.048200 0.594122
439147949 -8.390678 -2.628161 -0.032251 1.667108 0.116534 0.614643
459106445 -8.340821 -3.245342 -0.002277 1.673046 0.116534 0.614643
479064941 -8.622765 -3.933096 0.363174 1.717035 0.194471 0.615485
499023437 -8.781625 -4.923070 0.779976 1.717035 0.194471 0.615485
518981933 -8.730979 -5.845651 0.546883 1.749973 0.314112 0.631188
538940429 -8.170005 -6.771965 -0.414552 1.770679 0.403198 0.655207
558898926 -7.470842 -7.361647 -0.909914 1.798291 0.467267 0.651888
578857422 -7.305450 -8.440188 0.103666 1.835157 0.509725 0.614507
598815918 -6.396774 -9.620250 1.737414 1.926539 0.546291 0.513076
618774414 -4.356084 -9.843077 2.021087 2.064857 0.584003 0.391877
638763428 -4.123963 -9.831714 3.030995 2.064857 0.584003 0.391877
658721924 -3.645425 -10.286353 5.912222 2.085122 0.526213 0.307606
678680420 0.117119 -10.557182 10.437865 2.332722 0.464746 0.080115
698638916 4.211600 -10.794538 11.511840 3.039461 0.461304 -0.099534
718597412 5.399327 -10.082629 9.463828 -2.989782 0.479375 -0.161233
738555908 5.261472 -8.929060 9.121183 -2.557100 0.446573 -0.157061
758514404 6.216827 -7.848220 9.726603 -2.557100 0.446573 -0.157061
778472900 7.631405 -7.493815 8.635341 -1.734302 0.380221 -0.296486
798431396 9.449868 -7.997794 5.874003 -1.753807 0.432170 -0.448016
818389892 11.166115 -8.045099 4.593637 -1.742699 0.432170 -0.448016
838348388 12.034504 -7.758937 2.972306 -1.685417 0.428624 -0.574401
858337402 11.571576 -6.935710 1.613728 -1.631751 0.418149 -0.679231
878295898 10.083655 -5.767357 -0.124589 -1.574506 0.349872 -0.745948
898254394 9.130654 -4.823118 -1.806096 -1.610803 0.349872 -0.745948
918212890 9.847417 -4.456860 -2.378188 -1.498064 0.249901 -0.910200
938171386 10.365434 -4.123422 -3.439439 -1.547007 0.249901 -0.910200
958129883 9.358506 -3.385618 -4.608866 -1.521312 0.207074 -1.022192
978088379 8.079788 -2.510376 -4.699973 -1.497784 0.151324 -1.079318
998046875 7.206884 -1.711772 -4.426088 -1.407185 -0.016292 -0.978133
1018005371 6.572298 -1.297268 -4.186950 -1.407185 -0.016292 -0.978133
1037963867 6.153701 -1.043358 -3.331047 -1.316187 -0.090317 -0.826889
1057922363 5.255902 -0.709717 -2.892982 -1.232539 -0.131992 -0.719485
1077911377 4.243401 -0.299986 -2.588944 -1.236410 -0.131992 -0.719485
1097869873 3.260300 -0.105506 -2.035586 -1.104050 -0.185121 -0.600637
1117828369 2.378008 0.118587 -1.762213 -0.957410 -0.206419 -0.461623
1137786865 1.952579 0.157793 -1.104096 -0.634338 -0.220258 -0.271672
1157745361 1.292814 0.339888 -0.689493 -0.449663 -0.231442 -0.186125
1177710584 0.750917 0.444329 -0.479811 -0.298364 -0.237802 -0.123065
1197669080 0.628014 0.481599 -0.186663 -0.263579 -0.234916 -0.107758
1217627576 1.004071 0.248200 -0.523778 -0.266611 -0.234916 -0.107758
1237586072 1.139476 0.215521 -0.277795 -0.440918 -0.208407 -0.167227
1257544569 0.690879 0.471530 -0.294093 -0.306130 -0.236318 -0.123786
1277503065 0.441387 0.607626 -0.358666 -0.232438 -0.252114 -0.101668
1297492078 0.509565 0.614795 -0.222895 -0.230767 -0.252114 -0.101668
1317450574 1.017470 0.263808 -0.519075 -0.236763 -0.248903 -0.110825
1337409071 1.484748 0.103678 -0.071581 -0.539530 -0.187738 -0.213184
1357367567 1.566695 0.044688 0.280798 -0.561989 -0.175659 -0.213176
1377326063 1.335417 0.104461 0.062002 -0.506177 -0.186758 -0.196539
1397284559 1.294659 0.105328 -0.198769 -0.517027 -0.191679 -0.201407
1417243055 1.682551 -0.002114 -0.191517 -0.632556 -0.178795 -0.244380
1437201551 2.562991 -0.349597 -0.303807 -0.624655 -0.178795 -0.244380
1457160047 3.895274 -0.878038 -0.299874 -1.119004 -0.085209 -0.459724
1477118543 4.986872 -1.180735 -1.125469 -1.250752 -0.058126 -0.593079
1497077039 6.369721 -1.577963 -1.803149 -1.364780 -0.017340 -0.735359
