0 -0.793068 -0.438618 0.534122 1.654335 -0.011985 0.017057
19958496 -1.566744 -0.573942 0.371272 1.698765 0.001390 0.044981
39916992 -1.990705 -0.595222 0.119118 1.702431 0.013576 0.118723
59875488 -2.649209 -0.512349 0.030781 1.683056 0.015275 0.160125
79833985 -3.832726 -0.694109 0.068050 1.660818 0.007142 0.221303
99792481 -5.286607 -1.010801 0.065210 1.676154 0.056248 0.442793
119750977 -7.219941 -1.458601 -0.068580 1.678987 0.094051 0.585718
139739990 -8.588879 -1.672283 -0.209734 1.670495 0.109546 0.674066
159698487 -8.964690 -1.965776 0.211570 1.664873 0.127554 0.669305
179656983 -8.879549 -2.528309 0.274487 1.664873 0.127554 0.669305
199615479 -9.416113 -3.134872 -0.699680 1.685383 0.166007 0.657711
219573975 -10.157630 -3.484792 -0.855493 1.677839 0.213420 0.740884
239532471 -10.522838 -3.875846 0.050009 1.658480 0.231231 0.792414
259490967 -9.848394 -4.368175 0.666596 1.663572 0.244741 0.761395
279449463 -9.373075 -4.976733 1.079738 1.708086 0.322803 0.641567
299407959 -9.041351 -5.993903 1.763961 1.693355 0.322803 0.641567
319366455 -7.997283 -7.032001 2.209567 1.763556 0.441876 0.523953
339324951 -7.280275 -8.155886 1.830894 1.810741 0.522597 0.507028
359283447 -6.624233 -9.261011 2.172439 1.860512 0.579447 0.471184
379272461 -5.746412 -10.662379 3.167214 1.931819 0.630430 0.400591
399230957 -4.055438 -12.038100 3.734305 1.931819 0.630430 0.400591
419189453 -0.713591 -12.935472 5.489893 2.312418 0.701329 0.045338
439147949 2.072205 -13.005355 6.944921 2.312418 0.701329 0.045338
459106446 2.679801 -12.582143 6.656092 2.649889 0.654440 -0.146638
479064942 3.261357 -12.069712 5.848069 2.813508 0.657039 -0.166382
499023438 4.320828 -11.689909 5.546203 2.903331 0.645847 -0.205978
518981934 5.111320 -11.385651 5.102471 -2.880853 0.642331 -0.234927
538940430 6.697562 -11.165754 4.917526 -2.467391 0.623443 -0.319603
558898926 7.149193 -10.702799 2.558031 -2.378395 0.668024 -0.398558
578857422 6.921493 -10.019873 0.883512 -2.305004 0.668024 -0.398558
598815918 7.350730 -9.724166 0.419601 -2.109025 0.680698 -0.492121
618804932 8.549291 -9.701107 -0.267740 -2.109025 0.680698 -0.492121
638763428 10.074901 -9.947676 -1.182431 -1.927609 0.667648 -0.618678
658721924 12.308557 -9.877862 -1.366701 -1.781737 0.658721 -0.774997
678680420 12.435415 -8.617756 -1.894202 -1.574772 0.518994 -0.951123
698638916 11.228790 -7.124231 -2.753383 -1.563081 0.468195 -0.959942
718597412 10.071672 -5.732452 -2.768076 -1.538148 0.394372 -0.913646
738555908 9.124951 -4.573141 -1.812866 -1.520968 0.302824 -0.807787
758514405 8.738969 -3.936930 -1.283821 -1.525875 0.302824 -0.807787
778472901 8.598664 -3.317217 -1.182493 -1.504138 0.246290 -0.760787
798431397 7.970700 -2.556784 -1.188046 -1.410792 0.134210 -0.720214
818389893 7.047935 -2.027897 -1.387980 -1.429013 0.134210 -0.720214
838348389 5.938097 -1.293089 -0.747718 -1.389148 0.096172 -0.677182
858337403 4.939887 -0.738447 -0.971222 -1.219983 -0.020509 -0.507608
878295899 3.997165 -0.343633 -1.198449 -1.135076 -0.059745 -0.440975
898254395 3.363522 0.062231 -0.795836 -1.027235 -0.096570 -0.368823
918212891 3.047133 0.311654 0.030547 -0.929901 -0.112359 -0.312315
938171387 2.617672 0.423362 0.062780 -0.862335 -0.123600 -0.270090
958129883 1.805769 0.425987 -0.072669 -0.739449 -0.126109 -0.194062
978088379 1.266805 0.520521 0.067761 -0.749663 -0.126109 -0.194062
998046875 0.808733 0.664677 0.842198 -0.537104 -0.134248 -0.086094
1018005371 0.574540 0.688912 1.167111 -0.471129 -0.133477 -0.061710
1037963867 0.661454 0.420919 0.939452 -0.517537 -0.114200 -0.071021
1057922363 0.923027 0.103335 0.341115 -0.628754 -0.091665 -0.103421
1077911377 1.206279 0.068293 0.351381 -0.719508 -0.089827 -0.135993
1097869873 1.499925 0.010636 0.281579 -0.768620 -0.087191 -0.170479
1117828369 1.590474 -0.021596 0.051021 -0.790350 -0.089465 -0.187705
1137786865 1.566089 -0.116150 -0.374144 -0.810066 -0.086925 -0.197101
1157745362 1.647143 -0.179559 -0.584243 -0.849654 -0.084119 -0.212129
1177703858 1.858969 -0.215885 -0.417356 -0.876014 -0.080837 -0.230060
1197662354 2.214083 -0.349095 -0.326951 -0.947444 -0.069205 -0.261553
1217620850 2.344780 -0.408718 -0.383395 -0.983825 -0.067969 -0.273218
1237579346 2.436353 -0.430919 -0.629004 -0.996722 -0.072595 -0.287248
1257537842 2.652650 -0.452332 -0.984318 -1.052259 -0.076419 -0.318950
1277496338 2.707825 -0.530495 -0.445867 -1.052259 -0.076419 -0.318950
1297454834 2.658986 -0.586155 -0.325475 -1.038899 -0.068968 -0.303651
1317443848 2.926440 -1.008725 -1.053980 -1.065660 -0.070422 -0.288594
1337402344 3.326450 -1.520274 -2.088079 -1.301819 0.008151 -0.402675
1357360840 4.483054 -1.989108 -2.155251 -1.413259 0.056891 -0.512359
1377319336 5.217405 -2.442401 -1.770568 -1.491807 0.100286 -0.540599
1397277832 5.501835 -2.811992 -0.779745 -1.487051 0.100286 -0.540599
1417236328 6.024850 -2.990952 -0.730614 -1.526933 0.124619 -0.492414
1437194824 6.455467 -3.345592 -0.515844 -1.539672 0.135687 -0.513913
1457153321 6.606201 -3.817520 -0.154482 -1.598073 0.204309 -0.497719
1477111817 5.285463 -4.077977 0.310994 -1.583200 0.204309 -0.497719
1497070313 3.539597 -3.810838 0.857689 -1.675095 0.214405 -0.162645
