0 -0.874749 0.044986 0.195560 1.562000 -0.025518 -0.060364
19958496 -1.046601 0.145972 -0.446572 1.539333 -0.045178 0.013949
39916992 -1.087447 0.146809 -0.576090 1.511090 -0.061619 0.032396
59875488 -1.579206 0.085938 -0.227849 1.520181 -0.052587 0.082808
79833984 -1.797848 0.092857 0.066585 1.520376 -0.052587 0.082808
99792480 -2.341207 0.117012 -0.059587 1.520843 -0.051912 0.100200
119750976 -3.625486 0.028259 -0.574576 1.548640 -0.048494 0.293901
139709472 -5.322283 -0.266306 -0.565155 1.579148 -0.011309 0.447843
159698486 -6.343696 -0.796063 0.322008 1.587181 0.042145 0.486657
179656982 -6.744964 -1.320160 0.917686 1.590440 0.042145 0.486657
199615478 -7.810566 -2.063059 0.669739 1.614054 0.084340 0.485406
219573974 -8.771338 -2.727607 -0.180409 1.625259 0.137417 0.568013
239532470 -9.916362 -3.179230 -1.081944 1.614709 0.211266 0.794790
259490966 -10.700359 -3.311625 -0.838414 1.602893 0.204421 0.826997
279449462 -10.475869 -3.815861 -0.317221 1.589760 0.204421 0.826997
299407959 -9.899431 -4.553550 -0.221131 1.602541 0.233411 0.790500
319366455 -8.510868 -5.331912 0.146241 1.624131 0.287715 0.759630
339324951 -7.626786 -6.343230 0.586982 1.682829 0.351257 0.668036
359283447 -7.771168 -7.486930 0.757018 1.731516 0.417457 0.604938
379272461 -7.590388 -8.082643 0.969155 1.757046 0.476686 0.623455
399230957 -6.446879 -8.706187 2.562991 1.762802 0.507098 0.619271
419189453 -5.262002 -9.622406 4.374092 1.841494 0.519638 0.500577
439147949 -3.169654 -10.272566 5.879046 2.064356 0.545682 0.250168
459106445 -1.093594 -10.854053 6.018516 2.259347 0.579942 0.140450
479064941 0.742045 -11.461482 5.701084 2.506499 0.623446 0.049679
499023437 1.777733 -11.192743 7.117522 2.601214 0.623446 0.049679
518981933 3.280502 -10.346440 9.020303 2.930899 0.494677 -0.053351
538940429 4.472508 -9.616525 8.188580 -2.858445 0.479136 -0.106784
558898925 4.109586 -8.739633 5.614368 -2.637377 0.479136 -0.106784
578857421 2.830526 -8.114387 4.590785 -2.928876 0.497423 -0.003383
598815918 4.097438 -8.096036 6.027104 -2.365211 0.448802 -0.083878
618774414 6.722124 -8.619342 5.005342 -2.045770 0.477957 -0.265112
638763427 8.544303 -8.875523 2.201534 -1.913713 0.537539 -0.461040
658721923 8.810989 -8.509375 0.640696 -1.939765 0.537539 -0.461040
678680420 8.755359 -7.853951 1.063069 -1.813855 0.477192 -0.541147
698638916 9.829300 -7.733246 0.897011 -1.746148 0.438229 -0.632670
718597412 10.757552 -7.555644 -0.619154 -1.681690 0.427954 -0.777583
738555908 11.003178 -6.751776 -0.979614 -1.702039 0.427954 -0.777583
758514404 10.789291 -5.755699 -0.939274 -1.660090 0.363124 -0.822716
778472900 10.167470 -4.756185 -0.911113 -1.583221 0.209158 -0.792834
798431396 9.197790 -3.881863 -0.822258 -1.605353 0.209158 -0.792834
818389892 8.507494 -3.083503 -1.188756 -1.526913 0.071825 -0.729346
838348388 7.802481 -2.424258 -1.316397 -1.492515 0.010278 -0.699029
858337402 6.672498 -1.880809 -1.204040 -1.440146 -0.045121 -0.616313
878295898 5.505013 -1.256142 -1.284058 -1.354323 -0.115038 -0.530425
898254394 4.620595 -0.766430 -1.094829 -1.242896 -0.171429 -0.447334
918212890 3.816127 -0.469282 -1.123204 -1.144765 -0.212673 -0.378630
938171386 3.076992 -0.194654 -1.697780 -1.046359 -0.265550 -0.335166
958129882 2.783669 0.030462 -2.106266 -0.985181 -0.304754 -0.331659
978088379 2.304412 0.231207 -1.677395 -0.891933 -0.313026 -0.269522
998046875 1.924091 0.466230 -1.245108 -0.864931 -0.313026 -0.269522
1018005371 1.711457 0.523456 -0.735625 -0.782418 -0.322581 -0.219099
1037963867 1.341867 0.694273 -0.305861 -0.742742 -0.310290 -0.185051
1057922363 0.848793 0.675423 -0.788654 -0.530473 -0.327610 -0.089468
1077880859 0.765336 0.515836 -0.446071 -0.532865 -0.327610 -0.089468
1097869873 0.723781 0.424068 0.406130 -0.555339 -0.256669 -0.066023
1117828369 0.754702 0.379647 0.882654 -0.551694 -0.256669 -0.066023
1137786865 0.929596 0.165535 1.027303 -0.587296 -0.238237 -0.062934
1157745361 0.780023 0.087930 0.866552 -0.625949 -0.208977 -0.064309
1177703857 0.864544 0.056317 0.798407 -0.633805 -0.208977 -0.064309
1197662353 1.023161 0.097545 0.550488 -0.644193 -0.206485 -0.076666
1217620849 1.142728 0.107664 0.462759 -0.692672 -0.217395 -0.111864
1237579345 1.342258 -0.043696 0.343130 -0.764526 -0.205663 -0.132267
1257537841 1.222229 0.071056 0.368442 -0.774642 -0.205663 -0.132267
1277496337 1.159622 0.045330 0.087987 -0.706284 -0.222710 -0.116706
1297454834 1.258366 -0.038715 -0.021403 -0.706807 -0.222710 -0.116706
1317413330 1.646740 -0.151022 0.132913 -0.832366 -0.202028 -0.167072
1337402343 2.076570 -0.327355 0.088107 -0.930622 -0.185512 -0.209124
1357360839 2.300447 -0.357025 -0.088136 -0.936587 -0.185512 -0.209124
1377319336 2.513224 -0.490135 -0.346810 -0.973945 -0.187089 -0.232305
1397277832 2.729334 -0.579201 0.460744 -1.029570 -0.178493 -0.257323
1417236328 2.643998 -0.657453 0.864918 -1.063589 -0.157771 -0.253641
1437194824 2.359181 -0.818522 -0.179906 -1.032323 -0.158262 -0.228111
1457153320 2.497458 -0.959326 -0.857972 -1.064884 -0.158262 -0.228111
1477111816 3.500747 -1.431844 -0.499497 -1.280723 -0.103567 -0.358420
