0 -1.744916 -0.129887 0.149092 2.038030 -0.092427 0.169469
19958496 -1.844709 -0.015529 -0.130543 2.008547 -0.108470 0.184504
39916993 -1.891428 0.063500 -0.420281 1.988834 -0.120079 0.195614
59906006 -1.948257 0.175945 0.004608 1.967573 -0.124958 0.191521
79864502 -1.874962 0.110758 0.256199 2.008178 -0.114710 0.176095
99822998 -2.025955 -0.220254 0.106742 2.041199 -0.082077 0.188110
119781494 -2.146797 -0.507056 0.039925 2.055023 -0.052840 0.195981
139739991 -2.556567 -0.541483 -0.140020 2.021756 -0.049961 0.237678
159698487 -3.193429 -0.712551 -0.366869 2.003818 -0.033168 0.306319
179656983 -3.943407 -1.082221 -0.397630 1.989918 -0.033168 0.306319
199615479 -4.863856 -1.403821 -0.266582 1.991464 0.036892 0.452235
219573975 -5.437521 -1.356406 -0.092042 1.978286 0.036892 0.452235
239532471 -5.920566 -1.244022 -0.263679 1.947575 0.024998 0.524695
259490967 -6.454569 -1.438222 -0.643100 1.927347 0.046043 0.576821
279449463 -6.943228 -1.938142 -0.511034 1.919440 0.093515 0.600293
299438477 -6.843519 -2.241802 0.050479 1.916577 0.119811 0.559924
319396973 -7.279704 -2.596030 0.640233 1.900826 0.142456 0.560099
339355469 -9.264384 -3.277517 1.006245 1.832776 0.176861 0.665712
359313965 -10.681997 -4.212424 1.157781 1.796637 0.226852 0.732595
379272461 -10.714607 -5.578946 1.375037 1.817549 0.310564 0.722290
399230957 -10.518678 -7.179890 1.762238 1.822331 0.401389 0.694119
419189453 -10.722408 -8.502489 2.300323 1.796177 0.457811 0.682120
439147950 -11.110163 -9.878607 2.698491 1.779786 0.507453 0.687374
459106446 -11.760799 -11.650826 2.491498 1.747197 0.574848 0.731223
479064942 -11.728879 -13.378356 2.495137 1.741663 0.640712 0.736696
499023438 -11.097958 -15.156539 2.785799 1.767484 0.709065 0.702997
518981934 -10.639953 -16.686886 3.843764 1.806961 0.743417 0.646832
538970948 -10.071094 -18.182066 5.746457 1.869755 0.753220 0.562874
558929444 -9.383198 -19.548584 6.825862 1.919446 0.773728 0.507148
578887940 -8.410291 -20.941189 7.136702 2.005955 0.810606 0.462287
598846436 -6.983708 -22.023293 7.239273 2.138331 0.845254 0.400911
618804932 -5.418142 -22.813776 7.001058 2.312733 0.879831 0.336242
638763428 -4.474979 -23.153965 6.561090 2.568196 0.903062 0.303235
658721924 -3.482547 -23.461349 6.257826 2.640363 0.923179 0.258943
678680420 -1.966824 -23.239346 6.842302 2.858555 0.908704 0.165430
698638916 -0.426820 -23.283821 7.342961 3.097500 0.898223 0.072802
718597412 0.721339 -23.068485 7.632038 -3.001382 0.882875 0.005799
738555909 2.152789 -21.907812 6.394496 -2.808586 0.884973 -0.084499
758514405 4.500708 -20.406477 3.698558 -2.548439 0.914233 -0.276919
778503418 6.065418 -17.989611 1.033921 -2.321861 0.911532 -0.475543
798461914 5.792195 -15.803990 -0.083441 -2.282918 0.880254 -0.512873
818420410 5.185647 -13.954082 0.108432 -2.289167 0.880254 -0.512873
838378907 5.282192 -12.748544 0.326038 -2.313280 0.806576 -0.468038
858337403 6.457029 -11.604029 0.463702 -2.285548 0.737070 -0.477451
878295899 7.587336 -10.223227 0.429872 -2.182673 0.646879 -0.564788
898254395 7.932006 -8.910886 0.094262 -2.076414 0.545915 -0.642179
918212891 7.388709 -7.659491 0.353017 -2.005227 0.392948 -0.632537
938171387 6.760880 -6.614813 1.460442 -2.012134 0.308986 -0.544087
958129883 6.323574 -5.888556 2.056942 -2.012528 0.253779 -0.494857
978088379 5.799716 -5.179159 1.711180 -1.994513 0.211842 -0.473522
998046875 5.291287 -4.372267 1.022866 -1.962272 0.160028 -0.464012
1018035889 4.990886 -3.663373 0.621260 -1.930592 0.103757 -0.459276
1037994385 4.737473 -3.146372 0.025869 -1.884398 0.060251 -0.467473
1057952881 4.186940 -2.624267 -0.682825 -1.863533 0.013213 -0.456643
1077911377 3.687050 -2.206417 -0.966652 -1.830836 -0.026611 -0.430906
1097869873 3.557930 -1.862967 -1.170627 -1.796811 -0.056905 -0.436533
1117828369 3.295344 -1.574225 -0.746939 -1.781744 -0.076543 -0.400651
1137786866 3.415419 -1.586917 -0.298472 -1.778858 -0.064127 -0.401242
1157745362 3.612798 -1.582385 -0.114373 -1.781994 -0.057747 -0.417135
1177703858 3.448738 -1.494446 -0.078515 -1.764655 -0.063875 -0.404524
1197662354 3.199112 -1.462496 -0.469193 -1.754210 -0.068726 -0.399636
1217620850 2.943012 -1.433381 -1.090043 -1.761911 -0.073674 -0.403449
1237579346 2.788839 -1.408633 -1.304675 -1.752835 -0.071365 -0.400869
1257568360 2.649015 -1.329445 -0.849597 -1.748494 -0.067825 -0.372384
1277526856 2.666250 -1.454816 -0.114150 -1.763508 -0.042974 -0.350159
1297485352 2.613196 -1.576268 0.403346 -1.776997 -0.025526 -0.328670
1317443848 2.538245 -1.726782 0.216938 -1.799618 -0.010228 -0.325572
1337402344 2.354922 -1.873280 -0.186870 -1.806678 0.004860 -0.318369
1357360840 2.244339 -2.178000 -0.354987 -1.848148 0.037686 -0.311083
1377319336 2.623018 -2.285374 -0.576380 -1.833626 0.051530 -0.354375
1397277832 2.850943 -2.281177 -0.320102 -1.825296 0.051342 -0.364842
1417236328 2.350105 -2.379584 -0.190613 -1.847882 0.061817 -0.310038
1437194825 2.172351 -2.508538 -0.867960 -1.832666 0.061817 -0.310038
1457153321 1.978166 -2.441360 -0.940098 -1.830218 0.081760 -0.311785
1477111817 1.777130 -2.205688 -0.722741 -1.828422 0.078724 -0.291405
1497100830 1.867655 -2.461418 -0.501634 -1.799782 0.086116 -0.263565
