0 0.295324 -0.203135 -0.138878 -0.227806 -0.092325 -0.009009
19989014 0.297098 -0.261495 -0.101337 -0.257861 -0.084540 -0.008973
39947510 0.219960 -0.159152 0.379757 -0.235914 -0.084540 -0.008973
59906006 0.033710 -0.248343 0.234560 -0.193190 -0.081652 0.018775
79864502 -0.129131 -0.258533 0.090354 -0.141719 -0.081349 0.036623
99822998 0.155256 -0.146268 0.156918 -0.198616 -0.092407 0.007278
119781494 0.284183 -0.060564 0.204411 -0.218568 -0.101054 -0.005795
139739990 0.492973 -0.149596 0.295198 -0.274748 -0.092054 -0.025353
159698486 0.806826 -0.376936 0.276857 -0.276038 -0.092054 -0.025353
179656982 1.579270 -0.498063 0.264717 -0.521317 -0.060390 -0.128901
199615478 2.413331 -0.965075 0.316916 -0.697971 -0.017300 -0.206750
219573975 3.430835 -1.713799 0.405757 -0.934171 0.048917 -0.296232
239532471 4.647707 -2.264930 0.282198 -1.092356 0.089482 -0.403325
259490967 5.468809 -2.563802 -0.934246 -1.216229 0.113320 -0.521390
279449463 6.427533 -2.971410 -2.472385 -1.316634 0.155636 -0.687843
299407959 7.525390 -3.421772 -3.389099 -1.351161 0.199027 -0.836016
319366455 8.797965 -3.852826 -3.476920 -1.358179 0.199027 -0.836016
339324951 9.159426 -4.477530 -2.878596 -1.398298 0.275842 -0.896966
359283447 8.992596 -5.099316 -1.701677 -1.419687 0.320434 -0.804580
379241943 9.324007 -5.519509 -0.755934 -1.428421 0.337600 -0.766794
399200439 10.173326 -6.069664 -0.365114 -1.427677 0.359891 -0.794956
419158935 11.816550 -6.645495 -0.401765 -1.404707 0.371572 -0.882566
439117432 13.753673 -7.680518 0.004079 -1.414284 0.393504 -0.945891
459075928 14.518006 -9.409377 0.750941 -1.448162 0.458587 -0.944909
479034424 15.973036 -11.683820 2.293570 -1.505956 0.509674 -0.935072
498992920 18.261374 -13.572968 4.631660 -1.515240 0.511052 -0.924587
518951416 19.916256 -14.636144 4.518436 -1.555118 0.511052 -0.924587
538909912 20.410950 -16.914913 2.988161 -1.640116 0.586813 -1.056516
558898926 19.983391 -20.220526 4.327974 -1.888531 0.661940 -1.019082
578857422 18.035549 -25.484737 6.756178 -2.048258 0.661940 -1.019082
598815918 10.600435 -33.481716 11.983534 3.073764 0.927469 -0.591850
618774414 -1.411757 -38.858326 18.238113 2.901741 0.927469 -0.591850
638732910 -4.938797 -37.539909 15.353662 2.160243 0.999213 0.001982
658691406 -4.155583 -34.241196 10.324976 2.160675 0.999213 0.001982
678649902 -5.740817 -32.070667 11.840577 2.171692 0.994251 0.034125
698608398 -8.101490 -28.843868 11.946876 2.113489 0.929843 0.154927
718566894 -9.928867 -25.681982 8.860614 2.065823 0.924767 0.295685
738525391 -13.138429 -22.409849 4.832865 1.932965 0.903500 0.578490
758483887 -16.073881 -18.646259 1.731901 1.842624 0.801896 0.848887
778442383 -17.475235 -14.927779 -1.101075 1.825935 0.683241 1.044054
798400879 -15.910832 -11.524424 -2.363912 1.886258 0.595497 1.070785
818359375 -12.738783 -8.950682 -2.444933 1.966369 0.546403 0.956472
838317871 -9.119676 -5.959031 -2.408984 2.089185 0.425843 0.735261
858276367 -6.857652 -4.276404 -2.756289 2.173603 0.306369 0.555799
878234863 -6.314522 -3.615591 -3.580297 2.171589 0.243546 0.565871
898193359 -6.229070 -3.048428 -4.084352 2.155228 0.164147 0.612009
918151855 -5.763021 -2.430621 -4.033111 2.155282 0.063785 0.557048
938110351 -5.355111 -1.920519 -4.019898 2.149650 -0.022283 0.504237
958068848 -4.866496 -1.725538 -3.459126 2.163617 -0.050334 0.391561
978027344 -3.887093 -0.900351 -2.141043 2.151669 -0.155517 0.187104
997985840 -2.785232 -0.557301 -1.322504 2.185122 -0.183397 0.021285
1017944336 -2.284861 -0.331092 -0.856578 2.197798 -0.196122 -0.041929
1037902832 -1.963365 -0.172732 -0.615737 2.215392 -0.202960 -0.074042
1057861328 -2.153068 -0.334499 -0.496108 2.237250 -0.176340 -0.045522
1077819824 -2.312980 -0.311559 -0.461540 2.214055 -0.172351 -0.023467
1097778320 -1.997028 -0.124715 -0.363145 2.217467 -0.184716 -0.058187
1117767334 -1.552523 -0.068695 -0.003516 2.254842 -0.176927 -0.105309
1137725830 -1.104753 0.175774 0.493992 2.258458 -0.187457 -0.149877
1157684326 -0.678850 0.340571 0.256276 2.268819 -0.203267 -0.202048
1177642822 -0.659152 0.351907 0.541081 2.263270 -0.194741 -0.200501
1197601318 -1.041566 0.112558 0.707417 2.265148 -0.166640 -0.162258
1217559814 -1.104178 0.118356 0.664739 2.235662 -0.165615 -0.160673
1237518310 -0.706014 0.490298 0.486406 2.229459 -0.165615 -0.160673
1257476807 -0.497515 0.626174 0.509321 2.207769 -0.210497 -0.233011
1277435303 -0.313719 0.808300 0.857308 2.201538 -0.217884 -0.247440
1297393799 -0.487657 0.617611 1.133322 2.211313 -0.194653 -0.228456
1317352295 -1.054087 0.238063 1.205725 2.194887 -0.159831 -0.176613
1337310791 -1.457866 -0.169044 1.354349 2.196379 -0.120658 -0.136943
1357269287 -1.430572 -0.258063 1.124003 2.204459 -0.115041 -0.141702
1377227783 -1.391108 -0.195207 0.734366 2.198727 -0.126361 -0.150443
1397186279 -1.317235 -0.169262 0.573011 2.179021 -0.132522 -0.160067
1417144775 -1.244101 -0.177166 0.198281 2.178399 -0.138453 -0.173801
1437103271 -1.108948 -0.187452 -0.030634 2.184798 -0.141958 -0.192774
1457061768 -1.115732 -0.286894 -0.046465 2.181507 -0.133228 -0.193771
1477020264 -1.193472 -0.318473 -0.145946 2.164380 -0.132376 -0.189949
1496978760 -1.107828 -0.236531 -0.130817 2.146938 -0.141719 -0.202686
1516937256 -1.240691 -0.431365 -0.106416 2.148520 -0.121970 -0.191793
