0 -0.049509 -0.182078 -0.212316 -0.421358 0.307743 9.792759 1.865861 -0.031386 0.043001
19958496 -0.231875 -0.029554 -0.021422 -0.411336 0.298847 9.793462 1.857477 -0.030479 0.041976
39916992 -0.300929 0.065731 -0.250830 -0.399751 0.289745 9.794214 1.872024 -0.029550 0.040792
59875489 -0.376711 0.133961 -0.198110 -0.386192 0.278963 9.795072 1.848393 -0.028450 0.039407
79833985 -0.293918 0.086668 -0.297655 -0.386192 0.278963 9.795072 1.882822 -0.028450 0.039407
99822998 -0.425279 0.025590 -0.425692 -0.382845 0.268790 9.795486 1.875230 -0.027412 0.039064
119781494 -0.702857 -0.006067 -0.229660 -0.356983 0.222547 9.797624 1.873519 -0.022695 0.036420
139739990 -1.149899 0.048949 -0.272989 -0.336050 0.191355 9.799023 1.880450 -0.019514 0.034281
159698487 -1.490413 0.087585 -0.382916 -0.311516 0.152567 9.800513 1.887207 -0.015558 0.031775
179656983 -1.845007 -0.053768 -0.358690 -0.292065 0.102152 9.801767 1.872551 -0.010417 0.029788
199615479 -1.949929 -0.319769 0.095124 -0.292065 0.102152 9.801767 1.865857 -0.010417 0.029788
219573975 -2.450127 -0.359275 0.122828 -0.292455 0.061491 9.802095 1.849609 -0.006270 0.029827
239532471 -3.638133 -0.379867 -0.103756 -0.295032 0.033828 9.802153 1.846378 -0.003450 0.030090
259490967 -3.929123 -0.251365 0.090106 -0.236818 -0.008034 9.803787 1.847646 0.000819 0.024151
279479981 -6.074384 -0.118957 0.065409 -0.136871 -0.055351 9.805538 1.833227 0.005644 0.013958
299438477 -8.539255 -0.003311 0.966632 0.040002 -0.169776 9.805099 1.853813 0.017313 -0.004080
319396973 -9.881883 0.082644 2.110635 0.040002 -0.169776 9.805099 1.790370 0.017313 -0.004080
339355469 -11.607672 -0.366342 2.399806 0.000586 -0.151099 9.805487 1.776422 0.015408 -0.000060
359313965 -11.864630 -1.493830 2.325349 0.000586 -0.151099 9.805487 1.735201 0.015408 -0.000060
379272461 -11.019802 -2.989444 3.041973 -0.063332 -0.119947 9.805712 1.694764 0.012231 0.006459
399230957 -10.971008 -4.521561 3.078531 -0.056545 -0.013029 9.806479 1.622802 0.001329 0.005766
419189453 -12.431460 -5.915021 2.744211 -0.056545 -0.013029 9.806479 1.559840 0.001329 0.005766
439147949 -13.481666 -7.624006 3.313680 -0.018313 0.053805 9.806486 1.499516 -0.005487 0.001867
459106446 -13.499376 -9.715176 3.311252 0.021344 0.143727 9.805573 1.434964 -0.014657 -0.002177
479095459 -12.498739 -11.977695 3.446947 0.067434 0.256301 9.803068 1.330082 -0.026138 -0.006879
499053955 -12.390848 -14.336730 2.377366 0.100726 0.415024 9.797347 1.237554 -0.042333 -0.010281
519012451 -13.532327 -16.423695 1.504414 0.159828 0.579237 9.788224 1.152637 -0.059100 -0.016327
538970947 -13.858520 -18.286364 1.225101 0.280325 0.716164 9.776446 1.055502 -0.073093 -0.028666
558929444 -13.398719 -20.072668 1.912361 0.371266 0.835220 9.763962 0.956378 -0.085272 -0.038006
578887940 -12.222817 -22.016344 1.780596 0.352295 0.983027 9.750894 0.847644 -0.100410 -0.036114
598846436 -10.610281 -23.905790 2.029721 0.264231 1.144888 9.736006 0.717759 -0.117013 -0.027133
618804932 -9.177009 -25.234438 2.128791 0.151417 1.296010 9.719456 0.591617 -0.132544 -0.015577
638763428 -7.566351 -26.285282 1.837734 0.045268 1.432779 9.701314 0.453986 -0.146628 -0.004666
658752442 -5.241254 -26.944233 2.987122 -0.051768 1.517758 9.688349 0.324486 -0.155393 0.005343
678710938 -2.787919 -27.488342 4.043427 -0.159488 1.583881 9.676583 0.174412 -0.162221 0.016480
698669434 -0.303232 -27.202709 4.084955 -0.347369 1.687813 9.654067 0.029261 -0.172970 0.035966
718627930 3.264304 -25.932213 3.764512 -0.600234 1.814695 9.618575 -0.133051 -0.186120 0.062323
738586426 6.714043 -24.013832 3.480757 -0.811334 1.934400 9.579678 -0.245622 -0.198556 0.084492
758544922 8.457740 -21.076475 2.529394 -1.099348 2.121849 9.511024 -0.355575 -0.218093 0.115076
778503418 9.103258 -18.347603 0.874342 -1.099348 2.121849 9.511024 -0.520920 -0.218093 0.115076
798461914 8.719666 -15.656326 0.233024 -1.235483 2.151223 9.487687 -0.605518 -0.221162 0.129491
818420410 7.732477 -13.924713 0.768385 -1.300320 2.083598 9.494113 -0.660102 -0.214100 0.136114
838378906 8.622615 -11.883220 2.161867 -1.272659 1.934336 9.529379 -0.755313 -0.198549 0.132766
858367920 8.340898 -9.760898 2.599617 -1.287452 1.793972 9.554816 -0.804527 -0.183970 0.133937
878326416 6.828901 -7.724512 1.193298 -1.503044 1.648144 9.549602 -0.865888 -0.168865 0.156113
898284912 5.053044 -6.514414 0.220900 -1.503044 1.648144 9.549602 -0.901353 -0.168865 0.156113
918243408 4.415143 -5.693361 1.011885 -1.548460 1.525201 9.562762 -0.911579 -0.156161 0.160533
938201905 5.138528 -4.898083 2.606936 -1.513944 1.358900 9.593317 -0.972674 -0.139017 0.156522
958160401 5.034196 -4.309318 2.505725 -1.431182 1.212670 9.625567 -0.998341 -0.123975 0.147604
978118897 4.713452 -3.620399 1.962805 -1.358820 1.105824 9.648893 -1.042381 -0.113003 0.139906
998077393 5.121548 -3.024313 1.310298 -1.248095 0.958568 9.679555 -1.099027 -0.097903 0.128234
1018035889 4.740522 -2.261800 1.192927 -1.248095 0.958568 9.679555 -1.104388 -0.097903 0.128234
1038024903 3.715815 -1.827546 0.819312 -1.177518 0.894475 9.694521 -1.089032 -0.091338 0.120870
1057983399 3.872121 -1.529554 0.639945 -1.071222 0.828301 9.712712 -1.121915 -0.084564 0.109847
1077941895 3.677350 -1.182746 0.632821 -0.968102 0.764405 9.728765 -1.151918 -0.078027 0.099183
1097900391 2.627997 -0.736835 0.788356 -0.897198 0.709204 9.739737 -1.149099 -0.072382 0.091858
1117858887 2.626248 -0.558781 0.571513 -0.740034 0.625435 9.758666 -1.177815 -0.063820 0.075689
1137817383 2.513741 -0.370487 0.246417 -0.740034 0.625435 9.758666 -1.170793 -0.063820 0.075689
1157775879 1.992537 -0.250439 -0.163495 -0.650822 0.585280 9.767511 -1.170646 -0.059717 0.066533
1177734375 1.853631 -0.236193 0.474104 -0.555194 0.527144 9.776721 -1.187874 -0.053780 0.056726
1197692871 1.789935 -0.316658 0.836061 -0.473075 0.474129 9.783751 -1.192315 -0.048367 0.048316
1217651367 1.481652 -0.220399 0.879807 -0.432876 0.448901 9.786802 -1.217080 -0.045791 0.044202
1237640381 1.240033 -0.081072 0.350899 -0.426039 0.453039 9.786911 -1.206506 -0.046214 0.043504
1257598877 1.417295 0.049781 0.028180 -0.404502 0.457315 9.787626 -1.202427 -0.046650 0.041304
1277557373 1.347938 0.276069 0.493412 -0.366052 0.446120 9.789657 -1.210590 -0.045507 0.037374
1297515869 1.258589 0.170125 0.461895 -0.325104 0.439952 9.791381 -1.198400 -0.044878 0.033191
1317474365 1.011184 0.171020 0.173498 -0.297787 0.445273 9.792009 -1.212743 -0.045421 0.030402
1337432862 1.052468 0.270996 0.510270 -0.280104 0.449156 9.792354 -1.215628 -0.045817 0.028597
1357391358 0.997630 0.315084 0.335487 -0.244516 0.454440 9.793063 -1.212634 -0.046357 0.024963
1377349854 0.888511 0.315281 0.295287 -0.203789 0.458177 9.793821 -1.190142 -0.046738 0.020805
1397308350 0.905030 0.172364 0.484957 -0.171092 0.462725 9.794233 -1.215474 -0.047202 0.017467
1417266846 1.207361 -0.027299 0.617836 -0.163593 0.476304 9.793711 -1.238505 -0.048589 0.016702
1437255860 1.309473 -0.082259 0.364316 -0.173820 0.508361 9.791922 -1.203010 -0.051862 0.017750
1457214356 1.141119 -0.066424 0.163634 -0.175353 0.544234 9.789967 -1.215902 -0.055525 0.017910
1477172852 1.157859 -0.213224 0.264253 -0.150546 0.571563 9.788822 -1.219125 -0.058316 0.015378
1497131348 1.310323 -0.325431 0.317633 -0.124055 0.598698 9.787572 -1.227453 -0.061088 0.012674
