0 0.395467 0.172167 -0.508405 0.014202 0.771807 9.776220 -1.025168 -0.078784 -0.001453
19958496 -0.311002 -0.173790 0.494478 -0.019456 0.750704 9.777855 -1.003042 -0.076625 0.001990
39916992 -0.204576 -0.303316 0.775119 -0.019456 0.750704 9.777855 -1.040195 -0.076625 0.001990
59875488 0.619890 0.266772 0.049586 -0.025335 0.774659 9.775973 -1.017782 -0.079076 0.002592
79833984 0.529481 0.360217 -0.392929 -0.007560 0.820049 9.772300 -1.013398 -0.083719 0.000774
99822998 0.033060 0.216091 -0.459238 -0.007560 0.820049 9.772300 -1.025168 -0.083719 0.000774
119781494 -0.605657 0.022020 -0.211220 -0.033161 0.801493 9.773787 -1.038820 -0.081821 0.003393
139739990 -0.812264 -0.032963 0.117232 -0.055315 0.775305 9.775798 -1.023531 -0.079142 0.005658
159698486 -0.421467 0.091257 0.541710 -0.049799 0.758365 9.777157 -1.022161 -0.077409 0.005093
179656982 -0.136327 0.162589 -0.055104 -0.002551 0.792556 9.774571 -1.036751 -0.080906 0.000261
199615478 -0.222348 0.014079 -0.277167 -0.002551 0.792556 9.774571 -1.033527 -0.080906 0.000261
219573974 -0.375452 0.042441 -0.823151 0.021301 0.811948 9.772956 -1.044204 -0.082891 -0.002180
239532470 -0.349050 0.125722 -0.547329 0.095618 0.815799 9.772191 -1.045437 -0.083285 -0.009784
259490967 -0.444630 0.013783 -0.129523 0.129073 0.817678 9.771648 -1.066342 -0.083477 -0.013208
279449463 -0.342705 -0.085270 -0.095021 0.129073 0.817678 9.771648 -1.044070 -0.083477 -0.013208
299438476 0.098132 0.198276 -0.847445 0.142134 0.821009 9.771189 -1.039572 -0.083818 -0.014545
319396972 0.038294 0.324858 -0.792951 0.170746 0.815527 9.771190 -1.062456 -0.083257 -0.017473
339355469 0.240447 0.497699 0.552899 0.197250 0.784887 9.773199 -1.057008 -0.080122 -0.020180
359313965 0.330234 0.517556 0.124451 0.200955 0.764950 9.774705 -1.075542 -0.078083 -0.020556
379272461 0.611119 0.485353 0.011795 0.187709 0.749754 9.776146 -1.089017 -0.076528 -0.019198
399230957 0.238696 0.193715 0.693517 0.170097 0.724364 9.778382 -1.099595 -0.073932 -0.017393
419189453 1.036143 0.275244 -0.175314 0.183393 0.728445 9.777838 -1.075495 -0.074349 -0.018754
439147949 2.058767 0.328269 -0.431735 0.243308 0.737991 9.775815 -1.106582 -0.075325 -0.024884
459106445 2.492422 -0.451053 0.169967 0.298343 0.723335 9.775386 -1.110268 -0.073827 -0.030510
479064941 4.202478 -0.789663 1.149681 0.429327 0.710606 9.771443 -1.088342 -0.072525 -0.043909
499053955 6.590393 -0.547122 0.775949 0.429327 0.710606 9.771443 -1.101091 -0.072525 -0.043909
519012451 10.009003 -0.150666 -0.506191 0.464210 0.755121 9.766508 -1.084965 -0.077077 -0.047495
538970947 12.762305 -0.968068 0.002152 0.454940 0.770543 9.765740 -1.056798 -0.078655 -0.046552
558929443 14.010887 -3.238917 1.153730 0.435659 0.759337 9.767497 -1.046706 -0.077508 -0.044573
578887939 16.958864 -4.314777 2.718731 0.374183 0.726360 9.772552 -1.014625 -0.074136 -0.038270
598846435 22.204315 -4.824964 4.421140 0.356133 0.728531 9.773065 -0.968437 -0.074358 -0.036424
618804931 27.894068 -6.803146 4.706029 0.443899 0.839238 9.760586 -0.927900 -0.085683 -0.045447
638763428 30.369680 -11.890160 3.855890 0.522591 0.999583 9.741566 -0.868408 -0.102106 -0.053594
658721924 31.281105 -18.198259 4.093891 0.564349 1.132460 9.724682 -0.774783 -0.115737 -0.057968
678680420 36.763329 -21.441158 7.070103 0.599742 1.203481 9.714027 -0.663238 -0.123031 -0.061662
698669433 38.526588 -28.046223 10.257669 0.664627 1.314458 9.695404 -0.566980 -0.134442 -0.068444
718627929 38.547001 -39.332195 9.807926 0.689164 1.523204 9.663089 -0.451747 -0.155955 -0.071199
738586426 38.660732 -41.288013 10.925847 0.667595 1.768861 9.622673 -0.285473 -0.181366 -0.069266
758544922 38.981083 -41.463699 12.491902 0.554892 2.021393 9.580003 -0.144988 -0.207613 -0.057857
778503418 39.374619 -41.611271 14.702863 0.240397 2.190348 9.555886 0.035661 -0.225253 -0.025152
798461914 39.635326 -41.754463 15.607233 -0.144706 2.331410 9.524388 0.136306 -0.240036 0.015192
818420410 39.299984 -41.802071 16.964754 -0.399177 2.468842 9.482398 0.479188 -0.254490 0.042072
838378906 37.032639 -41.733765 20.954987 -0.552652 2.512133 9.463305 0.727119 -0.259054 0.058333
858337402 33.583370 -41.614830 21.507534 -0.786128 2.438189 9.466131 0.973594 -0.251261 0.082856
878326416 27.502871 -41.625076 21.868715 -1.055871 2.315011 9.470810 1.231435 -0.238315 0.111028
898284912 21.375471 -41.847103 21.597729 -1.094330 2.316331 9.466120 1.579328 -0.238453 0.115094
918243408 17.277674 -42.070972 15.855118 -0.898503 2.521506 9.434250 1.871524 -0.260043 0.094952
938201904 13.140395 -42.162373 14.338346 -0.650175 2.734571 9.395200 2.108004 -0.282595 0.069093
958160400 4.330384 -42.228104 12.768264 -0.571735 2.822060 9.374406 2.341593 -0.291898 0.060914
978118896 -6.509142 -42.299168 5.835579 -0.692402 2.886742 9.346534 2.557210 -0.298792 0.073946
998077392 -9.077862 -42.303982 -1.428967 -0.844104 2.965524 9.309325 2.692675 -0.307209 0.090426
1018035888 -7.849492 -36.357574 -2.731234 -0.806011 2.990771 9.304624 2.795827 -0.309911 0.086409
1037994385 -6.082076 -30.748554 3.161276 -0.607705 2.903579 9.347209 2.917238 -0.300589 0.064923
1057952881 -7.558572 -27.085493 4.372402 -0.445498 2.792687 9.390038 3.009128 -0.288771 0.047408
1077941894 -8.059927 -22.601707 0.891128 -0.668690 2.599151 9.432267 3.041032 -0.268245 0.070776
1097900390 -8.872519 -18.719545 -3.084782 -0.668690 2.599151 9.432267 -3.118603 -0.268245 0.070776
1117858887 -9.441117 -16.123392 -2.933455 -0.795564 2.448703 9.462627 -3.053494 -0.252369 0.083877
1137817383 -8.245682 -13.736129 -1.283832 -0.780170 2.274836 9.507200 -3.025922 -0.234101 0.081877
1157775879 -7.921789 -11.599651 0.133170 -0.741891 2.076616 9.555503 -2.964401 -0.213371 0.077485
1177734375 -7.054722 -9.055640 1.361027 -0.778826 1.839341 9.601075 -2.927485 -0.188678 0.080941
1197692871 -4.989385 -6.598920 1.541284 -0.845641 1.618690 9.635098 -2.902741 -0.165819 0.087542
1217651367 -3.068104 -4.647025 0.536819 -0.903812 1.455914 9.655766 -2.896035 -0.149013 0.093331
1237609863 -4.480303 -4.516341 0.234067 -0.923884 1.324379 9.672789 -2.843059 -0.135463 0.095225
1257568359 -5.609971 -4.466516 0.273438 -0.957491 1.184999 9.687589 -2.799233 -0.121132 0.098517
1277526855 -6.039264 -3.983517 0.992449 -1.029016 1.021177 9.698902 -2.763834 -0.104320 0.105701
1297515869 -5.136919 -3.052651 0.376016 -1.148767 0.859575 9.701127 -2.756602 -0.087765 0.117867
1317474365 -4.211713 -2.318177 -0.133854 -1.250143 0.710085 9.700686 -2.731153 -0.072472 0.128165
1337432861 -4.145746 -2.008094 0.970628 -1.279496 0.565688 9.706352 -2.697226 -0.057716 0.131065
1357391357 -4.684782 -2.359406 1.662484 -1.301245 0.428829 9.710471 -2.665291 -0.043742 0.133211
1377349853 -4.994827 -2.284449 1.119038 -1.358691 0.321067 9.706763 -2.647113 -0.032746 0.139070
1397308349 -4.614177 -1.710441 1.017900 -1.453363 0.232428 9.695571 -2.631229 -0.023703 0.148792
1417266845 -4.083502 -1.445047 0.329019 -1.572733 0.166574 9.678283 -2.636774 -0.016987 0.161093
1437225342 -3.528465 -0.692783 -0.948123 -1.665700 0.126646 9.663321 -2.620229 -0.012915 0.170696
1457183838 -2.875307 -0.496783 -0.758617 -1.693955 0.083628 9.658877 -2.610274 -0.008528 0.173612
1477142334 -3.282943 -0.732940 0.353255 -1.677164 0.022464 9.662143 -2.603971 -0.002291 0.171868
1497131347 -3.313498 -0.928394 1.209813 -1.724435 -0.099763 9.653329 -2.624642 0.010173 0.176772
