0 0.104080 -0.010898 0.230057 -0.445987 0.092704 9.796064 2.117399 -0.009453 0.045496
19958497 -0.166090 -0.083046 -0.015945 -0.445987 0.092704 9.796064 2.098208 -0.009453 0.045496
39916993 -0.449279 0.098258 0.403189 -0.405487 0.083407 9.797908 2.100458 -0.008505 0.041361
59875489 -0.068398 0.119803 0.005834 -0.399912 0.093670 9.798045 2.091102 -0.009552 0.040793
79833985 -0.075359 -0.109715 -0.605078 -0.397711 0.115304 9.797904 2.079815 -0.011758 0.040569
99792481 -0.418117 -0.242344 -0.327409 -0.330387 0.099151 9.800582 2.103362 -0.010111 0.033698
119781495 -0.765010 -0.232153 -0.046320 -0.330387 0.099151 9.800582 2.101819 -0.010111 0.033698
139739991 -0.951241 -0.293707 0.096087 -0.284957 0.084101 9.802148 2.099267 -0.008576 0.029063
159698487 -1.809469 -0.502027 -0.033768 -0.261414 0.083391 9.802811 2.108148 -0.008504 0.026661
179656983 -3.691544 -0.543884 0.050706 -0.241060 0.081007 9.803352 2.103450 -0.008260 0.024585
199615479 -4.839511 -0.573309 0.682592 -0.197521 0.060526 9.804474 2.104483 -0.006172 0.020143
219573975 -5.626806 -1.028345 1.340691 -0.126582 0.037160 9.805763 2.094901 -0.003789 0.012908
239532471 -7.880026 -1.201234 1.128946 -0.062033 0.032468 9.806400 2.088977 -0.003311 0.006326
259490967 -9.045197 -1.340184 1.509299 -0.028882 0.052205 9.806468 2.056643 -0.005323 0.002945
279449463 -9.231174 -1.611141 1.664203 -0.034431 0.102917 9.806049 2.029595 -0.010495 0.003511
299438477 -9.408866 -1.658728 0.999247 -0.034431 0.102917 9.806049 2.011243 -0.010495 0.003511
319396973 -9.991752 -2.290228 0.976256 -0.029096 0.160073 9.805301 1.959952 -0.016324 0.002967
339355469 -9.580613 -3.784619 1.496600 -0.020131 0.231509 9.803897 1.898919 -0.023609 0.002053
359313965 -8.825921 -5.737131 3.618610 -0.020131 0.231509 9.803897 1.833358 -0.023609 0.002053
379272461 -7.007403 -7.849502 4.637740 -0.175868 0.325486 9.799669 1.775038 -0.033196 0.017944
399230958 -5.243389 -9.048265 2.346734 -0.517567 0.544650 9.777825 1.704094 -0.055567 0.052883
419189454 -4.322412 -10.145998 1.296552 -0.823630 0.774286 9.741279 1.603317 -0.079037 0.084350
439147950 -4.668282 -10.964108 2.547122 -0.882032 0.903701 9.725005 1.513646 -0.092283 0.090450
459106446 -5.601783 -11.656792 3.248199 -0.599142 1.099056 9.726433 1.416295 -0.112309 0.061522
479064942 -6.530511 -12.357109 1.815682 -0.599142 1.099056 9.726433 1.377290 -0.112309 0.061522
499053956 -7.472176 -13.265366 0.185367 -0.575468 1.280434 9.705653 1.286927 -0.130942 0.059223
519012452 -8.270181 -14.095770 0.282932 -0.620273 1.465136 9.676726 1.199819 -0.149964 0.064012
538970948 -8.275481 -15.037169 0.408511 -0.617738 1.753407 9.628829 1.084854 -0.179764 0.064067
558929444 -8.164124 -16.752687 1.397462 -0.590827 1.865508 9.609432 0.971575 -0.191395 0.061407
578887940 -7.598691 -18.579416 2.287144 -0.590827 1.865508 9.609432 0.883112 -0.191395 0.061407
598846436 -6.268591 -20.112595 2.689541 -0.624928 1.988096 9.582658 0.751668 -0.204144 0.065122
618804932 -5.722467 -20.794600 3.212912 -0.705384 2.109619 9.551038 0.643534 -0.216816 0.073720
638763428 -4.651232 -21.820862 2.932212 -0.758599 2.218040 9.522354 0.510506 -0.228151 0.079497
658721924 -2.966915 -22.900949 3.753885 -0.728759 2.312542 9.502181 0.365570 -0.238056 0.076544
678710938 -1.917876 -23.100878 4.445320 -0.728759 2.312542 9.502181 0.238660 -0.238056 0.076544
698669434 -2.238720 -23.100845 3.925473 -0.691324 2.346301 9.496701 0.098075 -0.241600 0.072668
718627930 -0.431074 -23.675566 3.720981 -0.706317 2.391570 9.484297 -0.059683 -0.246357 0.074335
738586426 2.834458 -23.556211 3.330435 -0.747968 2.432984 9.470560 -0.228728 -0.250714 0.078815
758544922 6.336453 -22.269754 3.598287 -0.758564 2.437093 9.468661 -0.365518 -0.251146 0.079942
778503418 8.910756 -19.731800 2.656962 -0.703536 2.403474 9.481494 -0.469226 -0.247609 0.074065
798461915 10.041426 -16.846210 1.535351 -0.591903 2.329751 9.507486 -0.591916 -0.239862 0.062176
818420411 10.407266 -13.952901 1.290872 -0.301427 2.046639 9.585969 -0.740186 -0.210245 0.031434
838378907 8.338732 -11.489591 1.207690 -0.214726 1.900954 9.618246 -0.814460 -0.195078 0.022321
858337403 6.587667 -9.739677 0.741946 -0.214726 1.900954 9.618246 -0.839686 -0.195078 0.022321
878326417 7.043224 -8.441936 0.941879 -0.187348 1.764591 9.644766 -0.913044 -0.180924 0.019422
898284913 7.338023 -7.023600 0.617764 -0.212261 1.653904 9.663847 -0.968789 -0.169461 0.021961
918243409 6.819542 -5.923596 -0.045639 -0.229587 1.551939 9.680349 -1.011035 -0.158922 0.023712
938201905 5.801558 -4.840496 -0.296725 -0.170279 1.413740 9.702717 -1.007197 -0.144665 0.017548
958160401 5.087668 -3.824979 0.950626 0.002431 1.069001 9.748211 -1.093556 -0.109225 -0.000249
978118897 5.058016 -3.082316 1.356189 0.002431 1.069001 9.748211 -1.080057 -0.109225 -0.000249
998077393 5.019442 -2.378911 0.938728 0.027553 0.966339 9.758884 -1.127220 -0.098699 -0.002823
1018035889 4.439312 -1.752337 0.528360 0.032660 0.893911 9.765769 -1.119834 -0.091280 -0.003344
1037994385 4.192623 -1.303278 0.357819 0.057563 0.821911 9.771977 -1.156679 -0.083910 -0.005891
1057983399 3.907750 -0.991949 0.470013 0.202609 0.643690 9.783404 -1.216891 -0.065685 -0.020706
1077941895 3.211339 -0.832980 0.639673 0.202609 0.643690 9.783404 -1.176971 -0.065685 -0.020706
1097900391 2.718499 -0.617472 1.253074 0.243315 0.560356 9.787603 -1.222308 -0.057172 -0.024854
1117858887 3.077016 -0.757128 0.887538 0.242780 0.511656 9.790283 -1.222395 -0.052198 -0.024793
1137817383 3.328461 -0.866815 0.552880 0.293815 0.419928 9.793248 -1.267362 -0.042834 -0.029993
1157775879 3.146276 -0.715848 0.482844 0.293815 0.419928 9.793248 -1.248322 -0.042834 -0.029993
1177734375 2.596070 -0.392634 1.028836 0.375963 0.344899 9.793369 -1.246126 -0.035177 -0.038371
1197692872 1.671841 0.012279 1.472142 0.452424 0.274793 9.792354 -1.264853 -0.028025 -0.046169
1217651368 1.319709 0.212289 1.207302 0.490674 0.242960 9.791353 -1.273291 -0.024778 -0.050071
1237609864 1.602086 0.116102 0.305070 0.488116 0.253541 9.791212 -1.271774 -0.025857 -0.049811
1257598877 1.586721 0.071877 0.060612 0.478543 0.268348 9.791290 -1.267312 -0.027367 -0.048836
1277557374 1.346634 0.102601 -0.053234 0.484320 0.274285 9.790842 -1.284627 -0.027973 -0.049426
1297515870 0.985204 0.217221 0.391258 0.513858 0.262648 9.789656 -1.287253 -0.026786 -0.052442
1317474366 0.878707 0.219682 0.532471 0.544921 0.253269 9.788222 -1.280784 -0.025829 -0.055614
1337432862 0.747809 0.134475 0.271837 0.550726 0.260332 9.787712 -1.299181 -0.026550 -0.056208
1357391358 0.960397 -0.003163 0.178531 0.533019 0.278545 9.788192 -1.294098 -0.028407 -0.054402
1377349854 0.922475 0.020770 0.500768 0.497388 0.301317 9.789392 -1.300888 -0.030731 -0.050765
1397308350 0.662158 -0.046226 0.093565 0.458402 0.339709 9.790038 -1.303058 -0.034648 -0.046789
1417266846 0.645615 -0.239949 0.017700 0.443082 0.394711 9.788681 -1.298032 -0.040260 -0.045234
1437255860 0.473993 -0.323974 -0.005132 0.443082 0.394711 9.788681 -1.304824 -0.040260 -0.045234
1457214356 0.597667 -0.411224 0.099926 0.452726 0.417614 9.787289 -1.283172 -0.042598 -0.046224
1477172852 0.784414 -0.345512 0.475756 0.428590 0.442860 9.787266 -1.274370 -0.045174 -0.043763
1497131348 0.579368 -0.242307 0.746041 0.428590 0.442860 9.787266 -1.311955 -0.045174 -0.043763
