0 -0.332127 0.060818 -0.004735 -0.127983 0.073504 9.805539 1.990654 -0.007495 0.013051
19958496 -0.293251 0.099391 0.038162 -0.127983 0.073504 9.805539 2.001822 -0.007495 0.013051
39916993 -0.143790 0.068757 -0.214249 -0.139199 0.094375 9.805208 1.981499 -0.009624 0.014195
59906006 0.006239 -0.041219 -0.265374 -0.139199 0.094375 9.805208 2.009351 -0.009624 0.014195
79864502 -0.264356 -0.178802 -0.192676 -0.150416 0.099033 9.804996 2.003015 -0.010099 0.015340
99822998 -0.592434 -0.148144 -0.068148 -0.147985 0.092943 9.805093 1.997890 -0.009478 0.015092
119781494 -0.804760 -0.064463 0.194073 -0.129432 0.079103 9.805476 1.995450 -0.008066 0.013199
139739991 -1.304430 -0.114452 0.016641 -0.129432 0.079103 9.805476 2.002598 -0.008066 0.013199
159698487 -2.215795 -0.101888 0.054167 -0.092543 0.063797 9.806005 2.008980 -0.006506 0.009437
179656983 -2.464725 -0.145161 0.172562 -0.049359 0.049566 9.806400 1.994366 -0.005054 0.005033
199615479 -2.967244 -0.002797 -0.090526 -0.049359 0.049566 9.806400 1.997069 -0.005054 0.005033
219573975 -5.135808 0.353842 0.643555 -0.030976 0.000499 9.806602 1.986490 -0.000051 0.003159
239532471 -7.006792 0.273405 1.593245 -0.030976 0.000499 9.806602 1.985553 -0.000051 0.003159
259521485 -7.867914 0.132043 1.962037 -0.003440 -0.019666 9.806630 1.991909 0.002005 0.000351
279479981 -8.617267 -0.201487 2.124659 0.098726 -0.014002 9.806144 1.940470 0.001428 -0.010067
299438477 -8.586645 -0.761953 1.810590 0.098726 -0.014002 9.806144 1.900741 0.001428 -0.010067
319396973 -9.002488 -1.644990 2.031529 0.154186 0.005388 9.805436 1.848163 -0.000549 -0.015723
339355469 -9.662694 -2.570526 2.475114 0.172411 0.036034 9.805069 1.826158 -0.003674 -0.017582
359313965 -10.387774 -3.532598 2.083611 0.152522 0.099451 9.804960 1.749179 -0.010141 -0.015554
379272461 -12.039679 -4.675389 3.039840 0.154399 0.156211 9.804191 1.708125 -0.015930 -0.015747
399230957 -11.961411 -6.726630 2.611168 0.206517 0.221077 9.801982 1.619794 -0.022546 -0.021066
419189453 -11.961132 -8.919028 3.545012 0.303908 0.378500 9.794629 1.509812 -0.038606 -0.031018
439178467 -13.959910 -11.091475 3.640740 0.303908 0.378500 9.794629 1.472456 -0.038606 -0.031018
459136963 -15.718309 -13.024003 3.561918 0.519706 0.582909 9.775505 1.358670 -0.059475 -0.053114
479095459 -15.932637 -15.416204 3.666800 0.674610 0.680063 9.759754 1.258519 -0.069403 -0.069012
499053955 -14.349792 -18.582857 4.049998 0.674610 0.680063 9.759754 1.181076 -0.069403 -0.069012
519012452 -12.820857 -21.434877 4.485246 0.972795 0.906197 9.716113 1.046521 -0.092538 -0.099789
538970948 -12.378306 -23.524496 4.520294 0.972795 0.906197 9.716113 0.947300 -0.092538 -0.099789
558929444 -11.330717 -25.574242 4.663332 1.099431 1.201610 9.670459 0.782671 -0.122839 -0.113204
578887940 -9.753910 -27.422741 4.789712 1.098285 1.377239 9.647142 0.663792 -0.140905 -0.113358
598846436 -8.559928 -28.561888 3.798725 1.098285 1.377239 9.647142 0.533853 -0.140905 -0.113358
618804932 -5.759056 -29.054222 3.224816 1.047365 1.692328 9.602574 0.396006 -0.173438 -0.108642
638793946 -3.129924 -28.426281 3.688457 1.047365 1.692328 9.602574 0.247476 -0.173438 -0.108642
658752442 -1.565983 -27.756948 2.732858 0.991254 1.840899 9.581174 0.098707 -0.188840 -0.103092
678710938 0.562611 -26.559858 1.891657 0.784424 2.082384 9.550851 -0.018972 -0.213973 -0.081947
698669434 2.954568 -24.892321 2.048282 0.784424 2.082384 9.550851 -0.193964 -0.213973 -0.081947
718627930 5.925580 -22.194210 1.972534 0.721137 2.132542 9.544768 -0.328001 -0.219210 -0.075410
738586426 6.390125 -19.386076 0.902347 0.591713 2.225745 9.532383 -0.425136 -0.228958 -0.061994
758544922 6.408596 -17.118324 0.354214 0.591713 2.225745 9.532383 -0.557402 -0.228958 -0.061994
778503418 5.164558 -15.519375 -0.797813 0.252276 2.309162 9.527566 -0.626137 -0.237701 -0.026472
798461914 4.411040 -14.381675 -0.479846 0.252276 2.309162 9.527566 -0.758573 -0.237701 -0.026472
818450928 5.979251 -13.320364 0.196087 0.066553 2.291597 9.534912 -0.832967 -0.235859 -0.006980
838409424 7.871667 -11.592443 0.806035 -0.061273 2.234046 9.548595 -0.900411 -0.229827 0.006417
858367920 7.762082 -9.903920 0.194717 -0.227452 2.105865 9.575175 -0.964425 -0.216424 0.023750
878326416 6.294624 -8.354035 -0.774821 -0.227452 2.105865 9.575175 -1.017347 -0.216424 0.023750
898284912 5.135822 -6.948599 -0.237741 -0.259435 1.984373 9.600278 -1.018888 -0.203757 0.027017
918243409 5.713522 -6.028843 1.072915 -0.259657 1.823634 9.632098 -1.080088 -0.187048 0.026951
938201905 6.051125 -5.037609 1.973392 -0.262800 1.677928 9.658462 -1.139519 -0.171947 0.027203
958160401 5.531924 -4.320355 0.852921 -0.279662 1.589845 9.672878 -1.166150 -0.162838 0.028904
978118897 4.113443 -3.317076 0.023034 -0.315332 1.428841 9.696875 -1.210218 -0.146222 0.032507
998077393 3.937799 -2.501190 0.436844 -0.315332 1.428841 9.696875 -1.216058 -0.146222 0.032507
1018066407 4.162339 -1.930993 0.965016 -0.268400 1.315476 9.714314 -1.233064 -0.134547 0.027622
1038024903 4.135892 -1.645344 1.061135 -0.209634 1.212899 9.729096 -1.254940 -0.123999 0.021544
1057983399 3.260629 -1.407001 0.480585 -0.101449 1.059978 9.748669 -1.292544 -0.108299 0.010406
1077941895 3.241754 -1.215675 0.393253 -0.101449 1.059978 9.748669 -1.279144 -0.108299 0.010406
1097900391 3.557071 -0.974151 0.751062 -0.033900 0.972877 9.758215 -1.283895 -0.099369 0.003474
1117858887 3.238256 -0.611029 0.736879 0.095488 0.820830 9.771771 -1.309646 -0.083799 -0.009771
1137817383 2.584986 -0.435176 0.251340 0.170118 0.739784 9.777226 -1.333861 -0.075509 -0.017398
1157775879 1.546445 -0.162300 0.564991 0.246925 0.657391 9.781475 -1.351879 -0.067086 -0.025239
1177734375 1.532415 -0.039607 0.778437 0.246925 0.657391 9.781475 -1.317996 -0.067086 -0.025239
1197723389 1.392120 0.014808 1.292473 0.344393 0.545576 9.785404 -1.346345 -0.055662 -0.035180
1217681885 1.171555 0.060635 1.275867 0.344466 0.537630 9.785842 -1.343718 -0.054850 -0.035186
1237640381 1.040538 -0.022585 0.916841 0.336381 0.544025 9.785769 -1.349480 -0.055504 -0.034361
1257598877 1.331285 -0.105376 0.526422 0.342473 0.545261 9.785489 -1.332271 -0.055630 -0.034984
1277557373 1.431643 -0.117499 0.376081 0.366716 0.533237 9.785274 -1.349446 -0.054402 -0.037459
1297515869 1.642986 -0.078596 0.717354 0.385200 0.527606 9.784867 -1.344800 -0.053827 -0.039347
1317474366 2.096581 -0.139935 0.933002 0.385200 0.527606 9.784867 -1.368022 -0.053827 -0.039347
1337432862 1.735971 -0.047969 0.695605 0.362214 0.550509 9.784484 -1.382578 -0.056166 -0.037002
1357391358 1.386325 -0.094718 0.178783 0.310566 0.597488 9.783504 -1.368538 -0.060965 -0.031733
1377349854 1.428495 -0.141842 0.131616 0.267265 0.639633 9.782118 -1.385592 -0.065271 -0.027315
1397338868 1.461424 -0.190426 0.237412 0.253726 0.667722 9.780601 -1.374496 -0.068141 -0.025936
1417297364 1.137863 -0.248448 0.080395 0.268732 0.687598 9.778823 -1.380237 -0.070173 -0.027474
1437255860 0.905864 -0.221772 0.243107 0.307323 0.709359 9.776132 -1.366180 -0.072398 -0.031426
1457214356 0.933426 -0.318178 0.395963 0.307323 0.709359 9.776132 -1.363855 -0.072398 -0.031426
1477172852 1.094403 -0.331040 0.382443 0.324651 0.761144 9.771676 -1.373358 -0.077693 -0.033211
1497131348 0.937600 -0.382641 -0.150466 0.324651 0.761144 9.771676 -1.369439 -0.077693 -0.033211
