0 0.430336 0.225070 -0.561172 0.580247 0.776006 9.758664 -0.794218 -0.079213 -0.059390
19989013 0.511227 0.157504 -0.417727 0.580247 0.776006 9.758664 -0.790547 -0.079213 -0.059390
39947510 0.466276 0.016507 -0.067019 0.576080 0.752720 9.760735 -0.778346 -0.076832 -0.058952
59906006 0.476631 -0.020557 -0.257604 0.544410 0.726128 9.764566 -0.788682 -0.074112 -0.055696
79864502 0.749865 0.134816 -0.285733 0.490975 0.696226 9.769575 -0.804116 -0.071055 -0.050213
99822998 1.068102 0.328078 -0.351744 0.428443 0.660616 9.774989 -0.775895 -0.067415 -0.043803
119781494 2.200449 0.840459 -0.789614 0.363991 0.620641 9.780219 -0.790363 -0.063330 -0.037200
139739990 2.952609 1.238990 -0.796188 0.452682 0.629509 9.775949 -0.808942 -0.064236 -0.046273
159698486 3.532925 1.103465 -0.472404 0.452682 0.629509 9.775949 -0.785721 -0.064236 -0.046273
179656982 3.773162 0.778957 0.496148 0.494990 0.626230 9.774110 -0.767353 -0.063901 -0.050600
199645996 4.682118 0.978093 1.113330 0.441236 0.591333 9.778856 -0.771681 -0.060336 -0.045091
219604492 5.858614 1.368003 1.144333 0.288454 0.544999 9.787245 -0.787223 -0.055603 -0.029464
239562988 6.833321 1.463310 0.517808 0.088596 0.509091 9.793026 -0.752387 -0.051936 -0.009047
259521484 7.099685 0.718963 0.907570 -0.086447 0.480687 9.794481 -0.744983 -0.049036 0.008826
279479980 6.498238 -0.766726 1.286571 -0.189902 0.473059 9.793392 -0.722152 -0.048257 0.019388
299438476 5.881908 -1.978334 1.664122 -0.210822 0.493218 9.791970 -0.680978 -0.050315 0.021527
319396972 6.413666 -2.376409 2.051800 -0.154685 0.545562 9.790241 -0.661646 -0.055661 0.015799
339355469 7.009799 -2.796926 1.653239 -0.073613 0.631630 9.786012 -0.634218 -0.064453 0.007522
359313965 6.692666 -3.665507 1.153127 -0.023434 0.720974 9.780084 -0.608194 -0.073585 0.002396
379272461 5.490922 -4.672042 0.016614 -0.003245 0.808396 9.773273 -0.561254 -0.082527 0.000332
399261474 5.087481 -5.284439 -0.013820 0.034764 0.876299 9.767358 -0.535948 -0.089477 -0.003559
419219970 5.982307 -5.271471 1.092957 0.121864 0.928477 9.761837 -0.491617 -0.094820 -0.012483
439178467 7.159924 -5.341620 1.519389 0.318142 1.075126 9.742344 -0.455261 -0.109853 -0.032644
459136963 7.814663 -6.078282 1.512061 0.318142 1.075126 9.742344 -0.399161 -0.109853 -0.032644
479095459 7.298662 -7.438622 1.515976 0.333520 1.135742 9.734949 -0.345390 -0.116074 -0.034247
499053955 6.636483 -8.916548 1.340822 0.289383 1.173814 9.731845 -0.297499 -0.119983 -0.029727
519012451 6.616723 -9.628341 2.027584 0.219280 1.181427 9.732756 -0.204381 -0.120765 -0.022526
538970947 7.488763 -9.998362 2.632531 0.176939 1.203005 9.730974 -0.142328 -0.122982 -0.018181
558929443 8.775170 -10.649755 2.854499 0.181025 1.270033 9.722379 -0.077340 -0.129872 -0.018617
578887939 9.058369 -11.789803 2.599992 0.192052 1.369053 9.708717 0.018811 -0.140062 -0.019779
598876953 8.986219 -13.183990 2.394812 0.158046 1.463840 9.695494 0.095051 -0.149830 -0.016300
618835449 9.740271 -14.196617 2.821556 0.058590 1.516615 9.688489 0.186382 -0.155275 -0.006047
638793945 9.602544 -15.178097 3.050818 -0.124119 1.528078 9.686070 0.281940 -0.156458 0.012813
658752441 9.361905 -16.610256 3.539312 -0.324655 1.532497 9.680724 0.379710 -0.156914 0.033524
678710937 9.673583 -17.409315 4.001010 -0.432578 1.575398 9.669611 0.532607 -0.161345 0.044706
698669433 9.969340 -18.269705 3.755524 -0.432913 1.683632 9.651340 0.675025 -0.172537 0.044825
718627929 9.841179 -19.279507 3.131981 -0.436589 1.800986 9.629965 0.805065 -0.184698 0.045305
738586426 9.565246 -20.343399 3.927632 -0.547223 1.834788 9.617926 0.934865 -0.188205 0.056835
758544922 9.342266 -20.780365 4.149210 -0.725013 1.807834 9.611269 1.087938 -0.185408 0.075291
778503418 8.609384 -21.382944 3.977442 -0.874683 1.781150 9.603791 1.267724 -0.182640 0.090826
798492431 7.119313 -22.163315 3.765467 -0.950930 1.771742 9.598285 1.452342 -0.181665 0.098751
818450928 5.755197 -22.660517 3.132230 -0.974419 1.772666 9.595757 1.631439 -0.181761 0.101200
838409424 4.852030 -22.584364 2.318273 -1.023472 1.744840 9.595751 1.791425 -0.178877 0.106257
858367920 4.614958 -21.919472 2.800340 -1.131343 1.642371 9.601722 1.957025 -0.168268 0.117286
878326416 5.168406 -20.984921 3.270493 -1.258498 1.496273 9.609774 2.121210 -0.153176 0.130219
898284912 5.834817 -20.536884 3.346407 -1.361841 1.357477 9.616290 2.261817 -0.138870 0.140683
918243408 5.298098 -20.671124 2.788523 -1.405829 1.259519 9.623286 2.450619 -0.128791 0.145060
938201904 4.298203 -20.734350 1.778381 -1.420213 1.198049 9.629022 2.597078 -0.122473 0.146437
958160400 3.062783 -20.569000 0.494002 -1.691607 0.983449 9.609458 2.731638 -0.100453 0.174250
978118896 1.470499 -19.867210 -0.103930 -1.691607 0.983449 9.609458 2.919255 -0.100453 0.174250
998107910 -0.091288 -18.966928 -0.990505 -1.954291 0.804641 9.576204 3.048666 -0.082143 0.201313
1018066406 -1.846764 -17.658791 -2.379328 -2.200318 0.637722 9.535317 -3.112496 -0.065075 0.226785
1038024902 -3.643222 -16.552996 -2.703150 -2.359021 0.488889 9.506124 -3.005964 -0.049873 0.243244
1057983398 -5.340863 -15.124927 -2.617731 -2.418804 0.360026 9.496850 -2.911673 -0.036721 0.249393
1077941894 -5.280652 -12.998448 -1.584782 -2.469704 0.123039 9.489775 -2.857064 -0.012547 0.254601
1097900390 -4.896318 -11.503640 -1.429000 -2.469704 0.123039 9.489775 -2.787548 -0.012547 0.254601
1117858886 -4.173754 -10.103035 -1.227699 -2.533761 0.021158 9.473647 -2.723429 -0.002157 0.261337
1137817383 -4.030640 -9.064026 -1.841845 -2.586298 -0.048626 9.459339 -2.688118 0.004959 0.266889
1157775879 -4.677558 -7.985555 -2.540909 -2.586640 -0.087083 9.458969 -2.672225 0.008880 0.266933
1177734375 -5.049145 -7.095470 -2.387390 -2.510670 -0.107503 9.479208 -2.635024 0.010962 0.258916
1197723388 -4.965336 -6.323950 -1.762617 -2.417472 -0.135905 9.503039 -2.606347 0.013859 0.249106
1217681885 -4.815233 -5.459111 -1.906974 -2.396275 -0.189553 9.507487 -2.562972 0.019330 0.246899
1237640381 -4.229425 -4.596627 -1.407539 -2.432334 -0.274537 9.496250 -2.537181 0.027999 0.250746
1257598877 -3.737391 -3.925157 -1.089938 -2.443814 -0.352301 9.490735 -2.562959 0.035932 0.252020
1277557373 -3.035207 -3.186526 -0.599075 -2.404038 -0.406446 9.498726 -2.522445 0.041458 0.247885
1297515869 -2.731148 -2.692343 -0.498814 -2.353732 -0.451006 9.509307 -2.508398 0.046006 0.242642
1317474365 -2.964917 -2.414841 -0.419261 -2.326847 -0.509773 9.512955 -2.479733 0.052006 0.239888
1337432861 -2.901563 -1.977185 -0.398048 -2.332017 -0.576909 9.507853 -2.468893 0.058862 0.240525
1357391357 -2.881131 -1.750764 -0.514100 -2.351870 -0.641355 9.498829 -2.453373 0.065447 0.242715
1377349853 -2.823415 -1.570698 -0.667182 -2.357597 -0.695630 9.493588 -2.444167 0.070994 0.243412
1397338867 -2.757601 -1.269055 -0.769848 -2.328772 -0.737029 9.497579 -2.445433 0.075227 0.240453
1417297363 -2.275583 -0.776005 -0.384035 -2.284181 -0.785184 9.504545 -2.416150 0.080152 0.235852
1437255859 -1.886231 -0.533275 -0.029757 -2.238961 -0.842749 9.510375 -2.433327 0.086043 0.231213
1457214355 -1.717448 -0.551736 0.341247 -2.201425 -0.908497 9.513083 -2.419446 0.092774 0.227407
1477172851 -1.516623 -0.605301 0.716502 -2.177671 -0.976226 9.511841 -2.409178 0.099712 0.225064
1497131347 -1.354277 -0.550973 0.943999 -2.161732 -1.032524 9.509532 -2.405677 0.105484 0.223524
