0 -0.088233 -0.133197 0.209209 -0.025576 0.738884 9.778741 1.848375 -0.075417 0.002615
19958496 -0.128824 -0.176317 0.251455 -0.005273 0.734200 9.779127 1.862431 -0.074938 0.000539
39916992 -0.173414 -0.163244 0.046571 -0.005273 0.734200 9.779127 1.864163 -0.074938 0.000539
59875488 -0.480823 -0.066189 -0.353210 0.001994 0.758356 9.777284 1.867917 -0.077408 -0.000204
79833985 -0.680883 0.092847 -0.470647 0.001994 0.758356 9.777284 1.876347 -0.077408 -0.000204
99792481 -1.151695 0.099789 -0.354467 0.015352 0.757517 9.777336 1.869060 -0.077322 -0.001570
119781494 -1.638282 0.210106 -0.224422 0.031333 0.750685 9.777825 1.885374 -0.076624 -0.003204
139739990 -1.866833 0.126828 -0.381119 0.043914 0.745778 9.778152 1.869436 -0.076122 -0.004491
159698487 -2.709032 0.075708 -0.423610 0.042626 0.738181 9.778735 1.860993 -0.075345 -0.004359
179656983 -3.533484 0.073210 -0.104372 0.037261 0.717549 9.780293 1.841906 -0.073235 -0.003810
199615479 -3.739867 -0.121246 0.333302 0.047737 0.686428 9.782481 1.840563 -0.070053 -0.004880
219573975 -4.539811 -0.077304 0.283629 0.062648 0.665219 9.783861 1.835296 -0.067886 -0.006403
239532471 -6.676154 0.130257 0.210255 0.077337 0.654675 9.784468 1.829124 -0.066808 -0.007904
259490967 -8.328822 0.613955 0.233281 0.189308 0.609582 9.785855 1.820264 -0.062200 -0.019343
279449463 -8.271868 0.832652 0.004519 0.189308 0.609582 9.785855 1.785063 -0.062200 -0.019343
299407959 -8.442104 0.442557 0.082002 0.257152 0.587183 9.785677 1.744116 -0.059912 -0.026272
319396973 -9.157091 -0.051438 0.861552 0.317550 0.555812 9.785736 1.706616 -0.056707 -0.032439
339355469 -8.739717 -0.545900 1.074663 0.386299 0.537237 9.784300 1.682033 -0.054810 -0.039461
359313965 -9.486991 -1.000340 0.115671 0.529995 0.614925 9.772991 1.624526 -0.062746 -0.054177
379272461 -10.172287 -2.033251 0.108158 0.529995 0.614925 9.772991 1.578428 -0.062746 -0.054177
399230957 -10.383974 -3.415956 0.359299 0.525908 0.676244 9.769160 1.531719 -0.069013 -0.053782
419189453 -10.816789 -4.132193 1.188534 0.416389 0.752184 9.768891 1.473105 -0.076777 -0.042598
439147949 -11.872195 -5.072267 1.814421 0.293115 0.846157 9.765678 1.390575 -0.086391 -0.030006
459106446 -11.148312 -7.056077 2.396859 0.203611 0.962615 9.757167 1.338143 -0.098318 -0.020865
479064942 -9.058022 -9.364491 1.734695 0.106578 1.117014 9.742243 1.263161 -0.114152 -0.010939
499053955 -7.218247 -10.434012 1.104054 -0.025651 1.285211 9.722034 1.183243 -0.131433 0.002638
519012451 -7.414196 -11.103516 1.813895 -0.165952 1.412007 9.703045 1.093968 -0.144487 0.017101
538970947 -8.037486 -11.870958 3.023144 -0.233538 1.482976 9.691059 1.015488 -0.151804 0.024094
558929444 -7.688497 -13.001687 3.887869 -0.218186 1.512097 9.686916 0.939021 -0.154809 0.022520
578887940 -6.840524 -13.818659 4.244184 -0.159883 1.535281 9.684407 0.845502 -0.157202 0.016508
598846436 -6.224266 -14.308042 4.574746 -0.160142 1.579744 9.677250 0.762453 -0.161794 0.016547
618804932 -8.010869 -14.342041 4.448572 -0.225503 1.665081 9.661627 0.688906 -0.170618 0.023336
638763428 -9.570154 -15.511906 4.248205 -0.291646 1.754685 9.643983 0.618411 -0.179897 0.030232
658721924 -8.810596 -17.258778 4.183329 -0.307487 1.821683 9.631060 0.519477 -0.186845 0.031916
678680420 -7.004340 -18.525236 4.260386 -0.276906 1.862845 9.624111 0.423035 -0.191119 0.028764
698669434 -6.268292 -19.523920 5.109170 -0.190462 1.928074 9.613358 0.316435 -0.197898 0.019810
718627930 -5.244641 -20.152786 5.073325 -0.136904 2.009900 9.597498 0.219502 -0.206415 0.014264
738586426 -4.356526 -19.737511 3.358895 -0.136904 2.009900 9.597498 0.128905 -0.206415 0.014264
758544922 -5.092702 -19.640560 3.445395 -0.030785 2.145688 9.568984 0.014474 -0.220584 0.003217
778503418 -3.204976 -19.596142 2.309793 -0.030785 2.145688 9.568984 -0.059535 -0.220584 0.003217
798461914 -0.672692 -19.191994 1.594870 0.006307 2.199375 9.556835 -0.184098 -0.226198 -0.000660
818420410 0.548586 -18.205011 2.089632 0.002310 2.215048 9.553216 -0.290981 -0.227838 -0.000242
838378906 1.998643 -17.229969 2.316098 -0.097747 2.225516 9.550282 -0.376587 -0.228934 0.010235
858337403 3.294947 -16.591501 2.075780 -0.097747 2.225516 9.550282 -0.493260 -0.228934 0.010235
878295899 4.375482 -15.309332 1.858852 -0.144468 2.221223 9.550690 -0.585932 -0.228485 0.015125
898284912 5.375936 -14.306668 1.880424 -0.238864 2.147276 9.565696 -0.670336 -0.220750 0.024966
918243408 5.933302 -12.929316 2.478859 -0.317783 2.101573 9.573546 -0.750001 -0.215976 0.033182
938201904 6.361528 -11.754120 2.393671 -0.317783 2.101573 9.573546 -0.817188 -0.215976 0.033182
958160401 6.602890 -10.634001 1.944090 -0.392039 2.061518 9.579501 -0.877838 -0.211796 0.040902
978118897 6.482250 -9.435885 1.840297 -0.451854 2.014451 9.586877 -0.922268 -0.206890 0.047098
998077393 6.237329 -8.323924 1.475522 -0.470255 1.960967 9.597076 -0.985337 -0.201320 0.048961
1018035889 5.927667 -6.817080 1.755764 -0.484099 1.893032 9.610020 -1.035192 -0.194255 0.050332
1037994385 5.727024 -5.664591 1.067698 -0.514545 1.851121 9.616599 -1.065120 -0.189901 0.053455
1057952881 5.180956 -4.759534 -0.030940 -0.568056 1.833742 9.616918 -1.108203 -0.188097 0.059000
1077941895 4.286557 -4.064568 -0.123598 -0.626020 1.796338 9.620377 -1.121453 -0.184216 0.064981
1097900391 4.406523 -3.659254 -0.017962 -0.641888 1.724447 9.632479 -1.160156 -0.176764 0.066539
1117858887 4.070030 -3.264342 0.687404 -0.618330 1.625721 9.651171 -1.180693 -0.166546 0.063980
1137817383 4.148167 -2.971903 0.054865 -0.559180 1.536716 9.669343 -1.203851 -0.157350 0.057766
1157775879 4.045964 -2.631495 -0.102823 -0.488543 1.445200 9.687265 -1.237843 -0.147908 0.050389
1177734375 3.967587 -2.074793 0.210089 -0.393653 1.251156 9.718541 -1.284492 -0.127931 0.040483
1197692871 3.843358 -1.792778 0.147131 -0.393653 1.251156 9.718541 -1.293617 -0.127931 0.040483
1217651367 3.593810 -1.527109 -0.088474 -0.374668 1.164934 9.730002 -1.303591 -0.119071 0.038487
1237609863 3.179902 -1.319975 -0.087393 -0.340391 1.066298 9.742563 -1.301188 -0.108948 0.034924
1257568360 2.862854 -1.081221 0.749305 -0.280391 0.939713 9.757495 -1.304761 -0.095971 0.028728
1277557373 2.886570 -0.851820 1.156997 -0.202074 0.819442 9.770265 -1.306236 -0.083657 0.020680
1297515869 2.867800 -0.732010 1.071188 -0.129390 0.727806 9.778749 -1.338173 -0.074284 0.013231
1317474365 2.851867 -0.617060 0.472917 -0.091147 0.674298 9.783016 -1.364845 -0.068814 0.009317
1337432862 2.470239 -0.250545 0.372993 -0.099188 0.635571 9.785530 -1.363653 -0.064856 0.010136
1357391358 2.087871 -0.095954 0.281857 -0.105432 0.594310 9.788057 -1.379008 -0.060640 0.010771
1377349854 2.082597 -0.057910 0.381413 -0.077229 0.535034 9.791739 -1.391159 -0.054585 0.007887
1397308350 2.427233 -0.188465 0.700828 -0.028540 0.462929 9.795677 -1.390070 -0.047223 0.002914
1417266846 2.119649 -0.115725 1.058294 0.000489 0.401443 9.798430 -1.396359 -0.040947 -0.000050
1437225342 1.676542 0.035658 0.761920 -0.003195 0.371422 9.799613 -1.412261 -0.037884 0.000326
1457214356 1.531178 -0.083847 0.519398 -0.015038 0.358704 9.800076 -1.411068 -0.036586 0.001535
1477172852 1.598564 -0.173748 0.578238 -0.018121 0.343970 9.800599 -1.403087 -0.035082 0.001849
1497131348 1.715286 -0.205766 0.603610 -0.004037 0.328358 9.801150 -1.415962 -0.033489 0.000412
