0 0.453396 0.527122 -0.682167 0.308715 0.484429 9.789812 -1.003166 -0.049418 -0.031524
19989013 0.958240 0.590905 -0.974363 0.308715 0.484429 9.789812 -1.011171 -0.049418 -0.031524
39947509 1.159201 0.635835 -0.580666 0.321203 0.478303 9.789711 -1.004630 -0.048793 -0.032798
59906005 0.948185 0.264896 -0.507733 0.311840 0.452583 9.791237 -0.995445 -0.046167 -0.031838
79864501 0.823922 0.017831 0.012884 0.317046 0.421285 9.792466 -1.005656 -0.042972 -0.032365
99822998 0.525674 -0.051238 0.664575 0.308444 0.378001 9.794507 -0.995216 -0.038555 -0.031481
119781494 0.356712 0.007479 0.517138 0.271318 0.376643 9.795658 -1.008344 -0.038416 -0.027691
139739990 0.269242 0.207532 0.007781 0.271318 0.376643 9.795658 -0.988329 -0.038416 -0.027691
159698486 -0.250647 -0.009185 -0.022285 0.193723 0.340533 9.798821 -0.970000 -0.034732 -0.019767
179656982 -0.420209 -0.107967 -0.056474 0.186100 0.314759 9.799830 -0.958899 -0.032102 -0.018988
199615478 -0.118756 -0.192873 0.233715 0.186100 0.314759 9.799830 -0.976883 -0.032102 -0.018988
219604492 0.455508 -0.332961 0.470171 0.186293 0.289422 9.800608 -0.963339 -0.029517 -0.019006
239562988 1.189891 -0.307218 0.572462 0.181797 0.271375 9.801209 -0.964724 -0.027676 -0.018546
259521484 2.237675 0.012298 0.150457 0.170388 0.274290 9.801332 -0.983487 -0.027973 -0.017382
279479980 3.173641 0.013878 -0.154900 0.173820 0.302806 9.800432 -0.961396 -0.030883 -0.017734
299438476 4.417678 -0.143083 0.227609 0.173820 0.302806 9.800432 -0.967809 -0.030883 -0.017734
319396972 5.350100 -0.339611 0.526758 0.209587 0.330573 9.798837 -0.952680 -0.033715 -0.021386
339355468 5.641511 -0.826433 0.137565 0.209587 0.330573 9.798837 -0.943888 -0.033715 -0.021386
359313964 6.014622 -1.785434 0.074617 0.191058 0.333738 9.799108 -0.927742 -0.034038 -0.019495
379272460 6.333329 -2.232622 0.189381 0.193532 0.356049 9.798273 -0.922689 -0.036315 -0.019749
399230957 6.715390 -2.049991 -0.200860 0.193532 0.356049 9.798273 -0.874306 -0.036315 -0.019749
419219970 7.441004 -1.966816 -0.738140 0.213736 0.388978 9.796601 -0.851445 -0.039675 -0.021814
439178466 7.950767 -2.308451 -0.378589 0.247463 0.355461 9.797080 -0.835823 -0.036255 -0.025254
459136962 8.220707 -3.197743 0.607829 0.264752 0.306024 9.798298 -0.779139 -0.031211 -0.027014
479095458 7.698139 -4.408838 1.823365 0.260345 0.281396 9.799155 -0.748502 -0.028698 -0.026562
499053955 6.770117 -5.061878 1.986888 0.260345 0.281396 9.799155 -0.696735 -0.028698 -0.026562
519012451 7.043806 -5.041033 0.831871 0.272649 0.391173 9.795052 -0.654202 -0.039899 -0.027828
538970947 7.139603 -5.365309 -0.089588 0.272649 0.391173 9.795052 -0.604633 -0.039899 -0.027828
558929443 6.484255 -6.438272 0.708323 0.306130 0.418560 9.792930 -0.543968 -0.042694 -0.031250
578887939 5.142527 -8.387061 2.287262 0.362756 0.409225 9.791389 -0.490264 -0.041741 -0.037032
598846435 3.811966 -9.730835 2.511130 0.444573 0.437357 9.786799 -0.398298 -0.044613 -0.045395
618835449 3.965222 -9.288374 1.653668 0.543693 0.530569 9.777182 -0.366045 -0.054129 -0.055551
638793945 5.172544 -8.454237 0.553443 0.605315 0.647548 9.766507 -0.295898 -0.066080 -0.061900
658752441 5.465889 -8.955774 0.832790 0.633220 0.722817 9.759455 -0.210858 -0.073774 -0.064792
678710937 4.610265 -10.498697 1.713974 0.649013 0.774452 9.754456 -0.113861 -0.079054 -0.066437
698669433 2.505178 -12.790201 2.775075 0.649013 0.774452 9.754456 -0.020456 -0.079054 -0.066437
718627929 1.685568 -13.732924 3.241780 0.637225 0.898620 9.744579 0.067901 -0.091762 -0.065300
738586425 2.973644 -13.055996 2.676662 0.627260 1.024534 9.732793 0.161660 -0.104664 -0.064359
758544921 4.709700 -12.398531 2.286919 0.627260 1.024534 9.732793 0.248026 -0.104664 -0.064359
778503417 5.350148 -12.541843 1.335955 0.576801 1.165057 9.720099 0.356109 -0.119084 -0.059272
798461914 4.914342 -13.224502 0.622827 0.478273 1.293035 9.709259 0.426183 -0.132238 -0.049220
818450927 5.093109 -13.662641 0.518265 0.374042 1.391518 9.700214 0.528182 -0.142376 -0.038541
838409423 5.880939 -13.484945 1.319264 0.298970 1.542363 9.679985 0.636767 -0.157933 -0.030876
858367919 6.168973 -13.789143 1.851908 0.298970 1.542363 9.679985 0.752208 -0.157933 -0.030876
878326416 5.516213 -14.764594 1.413588 0.200016 1.677959 9.659960 0.851909 -0.171950 -0.020703
898284912 4.980517 -15.794041 1.890492 0.142337 1.702479 9.656692 0.958525 -0.174489 -0.014739
918243408 5.313198 -15.810981 2.195920 0.142337 1.702479 9.656692 1.072345 -0.174489 -0.014739
938201904 5.787507 -16.025608 2.437921 0.121056 1.734183 9.651340 1.203587 -0.177772 -0.012542
958160400 5.392824 -16.818855 2.446368 0.101762 1.762368 9.646455 1.333230 -0.180693 -0.010549
978118896 5.253154 -17.348396 2.445330 0.060910 1.766121 9.646113 1.454365 -0.181082 -0.006314
998077392 5.447660 -17.421144 2.622760 -0.055720 1.699456 9.658113 1.579260 -0.174176 0.005769
1018066406 5.464490 -17.797470 2.678929 -0.055720 1.699456 9.658113 1.699834 -0.174176 0.005769
1038024902 5.507145 -18.171249 2.153552 -0.134541 1.645455 9.666683 1.818980 -0.168587 0.013917
1057983398 4.791952 -18.388622 2.405009 -0.229666 1.555837 9.679721 1.952482 -0.159324 0.023722
1077941894 3.775416 -18.009308 2.486268 -0.446391 1.332857 9.705392 2.120564 -0.136335 0.045962
1097900390 3.083690 -17.139042 2.250520 -0.446391 1.332857 9.705392 2.224483 -0.136335 0.045962
1117858886 2.944861 -16.624039 2.310069 -0.496800 1.262566 9.712337 2.232318 -0.129104 0.051107
1137817382 3.446167 -15.905430 2.022464 -0.482510 1.245614 9.715246 2.468965 -0.127361 0.049624
1157775878 3.960567 -15.729402 2.049331 -0.423764 1.254988 9.716780 2.574471 -0.128325 0.043584
1177734375 3.553283 -15.702060 2.300923 -0.425548 1.219334 9.721240 2.685518 -0.124660 0.043747
1197692871 2.918910 -15.462955 1.872147 -0.425548 1.219334 9.721240 2.827789 -0.124660 0.043747
1217681884 2.506621 -15.378002 1.255730 -0.456757 1.215035 9.720363 2.921441 -0.124218 0.046955
1237640380 2.450386 -15.029800 0.693052 -0.489943 1.216806 9.718525 3.043842 -0.124400 0.050371
1257598876 1.906852 -14.632349 0.294156 -0.548908 1.195067 9.718071 -3.105905 -0.122167 0.056423
1277557373 1.090149 -14.244800 -0.163901 -0.793988 1.068071 9.715925 -3.033641 -0.109129 0.081539
1297515869 0.235132 -13.684263 -0.207888 -0.793988 1.068071 9.715925 -2.892457 -0.109129 0.081539
1317474365 -1.109044 -13.081676 -0.711762 -0.926292 1.006346 9.710800 -2.814081 -0.102800 0.095100
1337432861 -1.264224 -11.994486 -1.118285 -0.980557 0.980187 9.708147 -2.732772 -0.100118 0.100662
1357391357 -1.455068 -11.149787 -1.527585 -0.980557 0.980187 9.708147 -2.662475 -0.100118 0.100662
1377349853 -1.936256 -10.429963 -1.347322 -0.948823 0.960247 9.713292 -2.576152 -0.098075 0.097374
1397308349 -3.112290 -10.084930 -0.770810 -0.921155 0.800983 9.730380 -2.511514 -0.081769 0.094387
1417297363 -3.579201 -9.397516 -0.238081 -0.921155 0.800983 9.730380 -2.448338 -0.081769 0.094387
1437255859 -3.671170 -8.400116 0.592772 -0.797291 0.652322 9.752394 -2.395459 -0.066568 0.081572
1457214355 -3.757760 -7.780177 0.980226 -0.743543 0.620896 9.758689 -2.341697 -0.063356 0.076046
1477172851 -4.411788 -7.216381 0.459551 -0.750224 0.583463 9.760489 -2.294921 -0.059532 0.076713
1497131347 -4.624297 -6.379383 0.038220 -0.750224 0.583463 9.760489 -2.241558 -0.059532 0.076713
