0 0.450112 0.254863 -0.423776 -0.072008 0.834164 9.770843 -0.985240 -0.085164 0.007370
19958496 0.143427 0.116684 -0.109113 -0.095786 0.809513 9.772713 -0.976396 -0.082641 0.009801
39947510 -0.617986 -0.157722 -0.028542 -0.095786 0.809513 9.772713 -0.976396 -0.082641 0.009801
59906006 -0.466974 -0.050406 -0.543610 -0.134139 0.791788 9.773713 -0.994353 -0.080828 0.013724
79864502 0.638103 0.361847 0.265509 -0.127148 0.785229 9.774336 -1.010437 -0.080157 0.013008
99822998 1.513891 0.688667 0.061109 -0.068461 0.808666 9.773011 -0.983857 -0.082555 0.007005
119781494 1.612058 0.431610 -0.235651 -0.015167 0.836209 9.770922 -0.988414 -0.085373 0.001552
139739990 1.594687 0.033021 0.574524 -0.031975 0.825182 9.771818 -0.987344 -0.084245 0.003272
159698486 1.815174 -0.221389 0.577560 -0.100943 0.806895 9.772877 -0.980581 -0.082374 0.010328
179656982 2.812099 -0.248155 0.157786 -0.163532 0.807305 9.771996 -0.956209 -0.082415 0.016733
199615478 4.320331 -0.348731 0.359352 -0.174053 0.829291 9.769973 -0.955475 -0.084665 0.017813
219573975 6.457242 -0.504877 1.446467 -0.170296 0.869948 9.766502 -0.947091 -0.088827 0.017435
239532471 8.834363 -0.533939 2.259168 -0.170296 0.869948 9.766502 -0.932457 -0.088827 0.017435
259521484 11.441519 -0.982303 2.148075 -0.272792 0.883778 9.762936 -0.906933 -0.090243 0.027934
279479980 14.360873 -1.976277 2.349822 -0.408846 0.905274 9.756215 -0.880143 -0.092444 0.041882
299438477 17.197741 -2.643157 3.651302 -0.488296 0.945668 9.748727 -0.867824 -0.096581 0.050046
319396973 18.574266 -4.075887 3.666712 -0.542397 1.022270 9.738130 -0.809664 -0.104432 0.055641
339355469 19.180090 -6.313869 3.476423 -0.644356 1.103429 9.723046 -0.777408 -0.112757 0.066174
359313965 18.802572 -9.319347 3.628323 -0.842106 1.147624 9.702794 -0.731369 -0.117294 0.086573
379272461 18.432489 -12.033349 4.481208 -1.009609 1.179132 9.683011 -0.607724 -0.120530 0.103891
399230957 18.189043 -15.196541 5.595710 -1.022106 1.244356 9.673534 -0.596893 -0.127232 0.105269
419189453 17.921494 -18.870461 7.023766 -0.931533 1.327155 9.671675 -0.413801 -0.135749 0.096019
439147949 16.404961 -23.312990 7.531430 -0.864367 1.398057 9.667921 -0.328934 -0.143049 0.089169
459136963 15.522063 -27.029200 8.051161 -0.850468 1.452318 9.661152 -0.328008 -0.148642 0.087803
479095459 17.136944 -29.892773 9.475780 -0.814493 1.527067 9.652722 -0.212564 -0.156354 0.084180
499053955 21.702499 -31.949703 11.009628 -0.733957 1.634086 9.641653 0.051635 -0.167411 0.075977
519012451 22.992340 -36.517387 10.497087 -0.659255 1.785617 9.620153 0.030958 -0.183104 0.068422
538970947 20.232706 -41.173473 9.499681 -0.760024 1.893131 9.592122 0.194106 -0.194265 0.079069
558929443 18.222670 -41.234409 9.464592 -1.009976 1.924656 9.562741 0.498221 -0.197543 0.105226
578887939 16.690870 -41.283203 8.155246 -1.177864 1.986788 9.530777 0.534472 -0.204008 0.122962
598846435 15.876494 -41.248581 8.683200 -1.213522 2.038433 9.515385 0.730048 -0.209389 0.126848
618804932 12.576466 -41.139740 9.530900 -1.252763 2.006726 9.517039 1.140304 -0.206085 0.130881
638763428 11.327415 -41.000858 8.864285 -1.409512 1.899692 9.517081 1.195094 -0.194947 0.147035
658752441 10.074499 -40.828365 7.218293 -1.596557 1.762768 9.513886 1.397827 -0.180735 0.166264
678710937 7.418314 -40.678299 6.613314 -1.723513 1.592897 9.521689 1.843782 -0.163153 0.179070
698669434 2.332731 -40.565948 4.638020 -1.730805 1.444629 9.543990 1.890299 -0.147849 0.179400
718627930 0.104792 -39.264229 4.314581 -1.622408 1.334050 9.579064 2.094762 -0.136458 0.167778
738586426 -3.864172 -37.285183 2.397223 -1.502717 1.240112 9.611157 2.441572 -0.126796 0.155096
758544922 -8.197267 -33.043365 -0.768875 -1.518988 1.134693 9.621618 2.607728 -0.115966 0.156580
778503418 -11.218635 -28.155907 -1.580198 -1.612743 1.022413 9.618946 2.602456 -0.104447 0.166118
798461914 -10.736013 -23.296282 -1.330346 -1.643813 0.963030 9.619815 2.766814 -0.098360 0.169243
818420410 -7.346886 -18.553646 -1.838801 -1.591749 0.959832 9.628885 2.780052 -0.098033 0.163828
838378906 -5.564133 -14.732098 -1.329279 -1.530316 0.925336 9.642213 2.861427 -0.094499 0.157397
858367920 -6.828976 -12.537984 -1.113930 -1.509156 0.834453 9.653834 3.018441 -0.085194 0.155072
878326416 -7.150520 -11.116475 -0.606965 -1.499637 0.728085 9.663920 3.024555 -0.074312 0.153951
898284912 -7.809341 -10.027403 -0.049710 -1.503914 0.623014 9.670599 3.084870 -0.063573 0.154278
918243408 -8.213381 -8.857882 0.365565 -1.584359 0.479836 9.665916 3.124243 -0.048949 0.162467
938201904 -7.119678 -7.201132 -1.210371 -1.584359 0.479836 9.665916 -3.089703 -0.048949 0.162467
958160400 -5.999491 -5.760277 -0.842084 -1.577031 0.451132 9.668497 -3.073400 -0.046019 0.161686
978118896 -5.226173 -4.902099 0.277875 -1.548016 0.422788 9.674465 -3.020391 -0.043126 0.158666
998077393 -4.789914 -4.278396 -0.359272 -1.544916 0.411934 9.675429 -3.019932 -0.042018 0.158338
1018035889 -4.703259 -3.652562 -1.574262 -1.578868 0.415468 9.669796 -2.982766 -0.042379 0.161850
1037994385 -4.172523 -3.024170 -1.654963 -1.618543 0.407511 9.663572 -2.941445 -0.041567 0.165949
1057983398 -3.500730 -2.748634 -1.624047 -1.623467 0.392192 9.663382 -2.943475 -0.040003 0.166448
1077941894 -3.262367 -2.221598 -1.388505 -1.611390 0.356138 9.666798 -2.945145 -0.036324 0.165175
1097900391 -3.294529 -1.736401 -0.537387 -1.601457 0.298218 9.670408 -2.932033 -0.030414 0.164114
1117858887 -2.683883 -1.448602 0.186182 -1.602857 0.238892 9.671824 -2.917301 -0.024363 0.164232
1137817383 -2.256299 -1.294043 0.165945 -1.600090 0.199821 9.673167 -2.900373 -0.020377 0.163931
1157775879 -2.210593 -1.006784 -0.040061 -1.581849 0.179192 9.676571 -2.891315 -0.018274 0.162039
1177734375 -1.829341 -0.769827 0.029222 -1.593855 0.145537 9.675166 -2.910167 -0.014841 0.163270
1197692871 -1.777138 -0.662118 0.120931 -1.620606 0.099885 9.671300 -2.875894 -0.010186 0.166026
1217651367 -2.356765 -0.858653 0.094358 -1.639036 0.059031 9.668530 -2.877494 -0.006020 0.167926
1237609863 -2.726349 -0.907203 0.206595 -1.638393 0.030373 9.668771 -2.868039 -0.003097 0.167858
1257568359 -2.089325 -0.551579 0.120704 -1.612946 0.031033 9.673047 -2.866961 -0.003164 0.165226
1277557373 -0.803049 -0.100321 0.103613 -1.569491 0.048967 9.680119 -2.879496 -0.004993 0.160737
1297515869 0.087451 0.309218 0.375698 -1.529068 0.057417 9.686540 -2.888114 -0.005855 0.156563
1317474365 -0.179220 0.365567 0.532174 -1.504630 0.050066 9.690407 -2.882263 -0.005105 0.154040
1337432861 -0.860462 -0.021785 0.689210 -1.481670 0.041561 9.693983 -2.892247 -0.004238 0.151670
1357391357 -1.182702 -0.233781 0.362153 -1.470165 0.041031 9.695737 -2.863513 -0.004184 0.150484
1377349853 -1.061650 -0.215017 0.101855 -1.477937 0.047127 9.694528 -2.878524 -0.004806 0.151286
1397308350 -0.677597 -0.181282 -0.407481 -1.474290 0.066710 9.694968 -2.886760 -0.006803 0.150911
1417266846 -0.086719 0.019705 -0.381547 -1.451512 0.085698 9.698256 -2.880048 -0.008739 0.148565
1437225342 -0.019247 0.116231 -0.005362 -1.420092 0.090641 9.702861 -2.890647 -0.009243 0.145326
1457183838 -0.239207 0.129446 0.209486 -1.406127 0.080273 9.704987 -2.884948 -0.008186 0.143886
1477172852 -0.659973 -0.002518 0.269260 -1.411071 0.062233 9.704401 -2.879696 -0.006346 0.144393
1497131348 -0.505121 -0.022420 0.238512 -1.406615 0.055301 9.705089 -2.886412 -0.005639 0.143934
1517089844 -0.465218 -0.041487 0.098378 -1.403234 0.056046 9.705575 -2.885844 -0.005715 0.143585
