0 0.737941 0.303639 -0.026847 0.522890 0.575221 9.775791 -1.158377 -0.058690 -0.053437
19958496 0.860957 0.362404 -1.095446 0.493393 0.586940 9.776628 -1.174655 -0.059887 -0.050424
39916993 1.899023 0.652649 -2.006854 0.471363 0.585958 9.777774 -1.170093 -0.059787 -0.048170
59875489 2.365658 0.817102 -1.802170 0.494867 0.544365 9.779017 -1.165637 -0.055538 -0.050562
79833985 1.726117 0.313910 -2.023277 0.494867 0.544365 9.779017 -1.150892 -0.055538 -0.050562
99792481 1.777807 -0.082974 -1.034042 0.526610 0.497647 9.779848 -1.120488 -0.050768 -0.053795
119781495 2.449471 -0.186738 -0.718017 0.546905 0.435362 9.781705 -1.128543 -0.044409 -0.055853
139739991 3.089520 -0.410116 -0.483956 0.561773 0.270160 9.786819 -1.133147 -0.027552 -0.057338
159698487 3.455941 -1.067329 0.289790 0.597286 0.199779 9.786405 -1.118825 -0.020373 -0.060957
179656983 4.850685 -2.152430 0.981154 0.662299 0.154905 9.783033 -1.115459 -0.015797 -0.067596
199615479 7.124502 -2.387873 1.798871 0.662299 0.154905 9.783033 -1.082042 -0.015797 -0.067596
219573975 9.113222 -2.590951 0.952210 0.671741 0.146022 9.782526 -1.073599 -0.014891 -0.068560
239532471 10.944780 -3.292626 0.080321 0.574606 0.138352 9.788824 -1.068185 -0.014108 -0.058633
259490967 12.596637 -4.614848 -0.221666 0.320208 0.103435 9.800876 -1.025725 -0.010548 -0.032660
279449463 14.718005 -6.187346 -0.037808 0.320208 0.103435 9.800876 -1.007613 -0.010548 -0.032660
299407959 17.342575 -7.233754 1.381255 0.277277 0.076791 9.802429 -0.943963 -0.007831 -0.028279
319396973 19.064243 -9.276539 2.942178 0.319254 0.064982 9.801237 -0.896100 -0.006626 -0.032561
339355469 20.974823 -12.303775 4.910473 0.406152 0.077252 9.797932 -0.841555 -0.007878 -0.041429
359313965 21.776894 -16.020359 6.144396 0.494799 0.129984 9.793297 -0.754286 -0.013255 -0.050481
379272461 22.861074 -20.459641 7.551164 0.617907 0.243371 9.784138 -0.684914 -0.024819 -0.063070
399230957 23.271526 -26.109417 9.166486 0.758853 0.416380 9.768375 -0.585453 -0.042472 -0.077529
419189454 23.172888 -32.488239 10.235069 0.892115 0.638103 9.745119 -0.468356 -0.065114 -0.091290
439147950 22.856766 -39.005203 11.700210 1.002416 0.896193 9.714030 -0.332722 -0.091514 -0.102829
459106446 23.548885 -40.929390 13.334692 1.141615 1.225496 9.662570 -0.180188 -0.125293 -0.117603
479064942 26.186783 -41.374393 13.879134 1.249503 1.638975 9.587643 -0.007147 -0.167917 -0.129594
499023438 27.443689 -41.750359 13.668443 1.194974 2.059850 9.513120 0.184469 -0.211622 -0.124959
519012452 24.196535 -42.019009 12.819284 0.882979 2.414814 9.463583 0.361461 -0.248801 -0.093033
538970948 22.610910 -42.237492 13.466410 0.411392 2.670193 9.427154 0.625653 -0.275766 -0.043611
558929444 20.993374 -42.390347 11.001449 -0.123723 2.879717 9.373490 0.906337 -0.298042 0.013198
578887940 19.034475 -42.473274 10.310470 -0.606856 3.032670 9.306183 1.222685 -0.314400 0.065118
598846436 16.691126 -42.472935 9.336327 -0.944375 3.121642 9.248454 1.521175 -0.323956 0.101759
618804932 13.083549 -42.349815 7.695706 -1.167813 3.132585 9.219193 1.791327 -0.325133 0.126001
638763428 9.425353 -42.190601 9.232002 -1.309813 3.025830 9.235753 2.053384 -0.313667 0.140880
658721924 7.308932 -42.022720 8.784586 -1.327428 2.879309 9.279973 2.253012 -0.297999 0.142078
678680420 3.991703 -41.795414 5.050419 -1.293321 2.722646 9.331928 2.501389 -0.281329 0.137714
698638916 0.252153 -41.495319 4.536201 -1.191204 2.509797 9.404910 2.692284 -0.258808 0.125987
718627930 -5.598605 -41.218422 4.888910 -1.091460 2.222686 9.488876 2.907159 -0.228638 0.114522
738586426 -10.071467 -37.976871 1.537161 -1.042250 1.954642 9.553192 3.032354 -0.200662 0.108670
758544922 -10.940419 -31.373814 0.883183 -0.959360 1.714393 9.607855 3.131384 -0.175722 0.099522
778503418 -10.748049 -25.305153 0.200738 -0.869063 1.486153 9.654349 -3.064545 -0.152132 0.089776
798461914 -10.321127 -20.730589 0.560269 -0.823669 1.250029 9.691717 -2.986062 -0.127815 0.084783
818420411 -10.586476 -17.360300 0.190418 -0.791728 1.036365 9.719543 -2.913289 -0.105877 0.081278
838378907 -10.459928 -14.461929 -0.987717 -0.799448 0.843607 9.737535 -2.868917 -0.086130 0.081916
858337403 -10.436348 -12.414392 -0.718295 -0.877544 0.620430 9.747582 -2.824253 -0.063309 0.089785
878295899 -10.616463 -10.104451 -0.206882 -1.014416 0.366976 9.747137 -2.779449 -0.037430 0.103700
898254395 -9.733256 -7.782343 -0.501040 -1.138724 0.142723 9.739267 -2.772518 -0.014554 0.116392
918243409 -8.115550 -6.236634 -0.547034 -1.197152 -0.031915 9.733253 -2.756898 0.003254 0.122381
938201905 -6.454202 -4.753927 0.110666 -1.219665 -0.191601 9.728622 -2.745638 0.019539 0.124718
958160401 -5.655736 -3.374679 0.726034 -1.242385 -0.340920 9.721658 -2.731459 0.034771 0.127107
978118897 -4.816116 -2.422348 0.819334 -1.282665 -0.463494 9.711350 -2.721028 0.047281 0.131319
998077393 -4.399125 -1.778939 0.011793 -1.353962 -0.561558 9.696486 -2.715037 0.057294 0.138737
1018035889 -3.741096 -1.168240 -0.079996 -1.419814 -0.647904 9.681670 -2.716290 0.066116 0.145612
1037994385 -3.796932 -0.841477 0.095335 -1.459083 -0.725631 9.670312 -2.709225 0.074061 0.149753
1057952881 -3.426986 -0.456835 0.113718 -1.469561 -0.787713 9.663865 -2.688741 0.080411 0.150911
1077911377 -2.636270 0.142129 0.505750 -1.456170 -0.840783 9.661421 -2.697147 0.085841 0.149594
1097869873 -1.477806 0.682997 1.138870 -1.474963 -0.901990 9.653046 -2.695130 0.092108 0.151625
1117858887 -0.664748 0.631516 0.880553 -1.544232 -0.962313 9.636374 -2.688068 0.098287 0.158899
1137817383 -0.405799 0.658422 0.707095 -1.622473 -1.019452 9.617623 -2.673937 0.104143 0.167124
1157775879 -0.636672 0.550152 0.707174 -1.683368 -1.073696 9.601241 -2.675838 0.109706 0.173564
1177734375 -0.632827 0.430448 0.264028 -1.728700 -1.117398 9.588191 -2.663206 0.114191 0.178378
1197692871 -0.836659 0.177393 -0.012073 -1.769770 -1.164180 9.575123 -2.659324 0.118994 0.182767
1217651368 -1.092390 0.241499 -0.107800 -1.818651 -1.221181 9.558850 -2.651276 0.124850 0.188011
1237609864 -1.109356 0.371922 0.072785 -1.854238 -1.279306 9.544399 -2.663786 0.130826 0.191885
1257568360 -0.490751 0.646162 0.644617 -1.846784 -1.322540 9.539950 -2.662782 0.135274 0.191219
1277526856 0.001500 0.659526 0.828259 -1.809538 -1.342174 9.544345 -2.663812 0.137295 0.187369
1297485352 -0.069102 0.719771 0.610581 -1.798560 -1.359483 9.543970 -2.663242 0.139077 0.186265
1317474366 0.066691 0.796596 0.934594 -1.808687 -1.380622 9.539021 -2.650111 0.141254 0.187385
1337432862 0.467200 0.957422 0.916503 -1.837791 -1.389670 9.532142 -2.671880 0.142185 0.190462
1357391358 0.731680 0.874658 0.243890 -1.868318 -1.377881 9.527919 -2.670382 0.140971 0.193632
1377349854 0.800816 0.923934 0.107799 -1.888179 -1.367203 9.525540 -2.664695 0.139872 0.195686
1397308350 0.595729 0.891203 0.040575 -1.899777 -1.364001 9.523693 -2.673237 0.139542 0.196895
1417266846 0.507117 0.931887 0.223161 -1.910150 -1.374282 9.520141 -2.670516 0.140601 0.198014
1437225342 0.735573 0.946326 0.283786 -1.907798 -1.381303 9.519595 -2.687261 0.141324 0.197787
1457183838 0.816760 0.860317 0.182668 -1.882997 -1.371998 9.525876 -2.674286 0.140365 0.195156
1477142334 0.999906 0.971769 -0.157212 -1.864123 -1.358174 9.531569 -2.682750 0.138942 0.193136
1497100830 1.129720 0.983051 0.012393 -1.851652 -1.359802 9.533767 -2.679455 0.139109 0.191832
