0 0.418267 0.355148 -1.332580 0.185981 0.864171 9.766729 -1.439915 -0.088235 -0.019040
19958496 0.234666 0.182099 -0.759068 0.238067 0.881480 9.764052 -1.430690 -0.090007 -0.024377
39916992 -0.216367 0.057543 -0.127048 0.268582 0.872883 9.764032 -1.428017 -0.089127 -0.027500
59906006 -0.413066 0.065428 0.253989 0.255478 0.860191 9.765511 -1.414506 -0.087828 -0.026155
79864502 -0.252747 0.257193 0.256935 0.255478 0.860191 9.765511 -1.428992 -0.087828 -0.026155
99822998 0.089859 0.488871 -0.283862 0.219564 0.864633 9.765991 -1.423900 -0.088283 -0.022479
119781494 0.099444 0.461589 -0.407247 0.183382 0.862901 9.766891 -1.431549 -0.088105 -0.018774
139739990 -0.045234 0.264979 -0.186271 0.173813 0.856824 9.767601 -1.390971 -0.087483 -0.017793
159698486 -0.189505 0.022485 0.053051 0.204256 0.850637 9.767552 -1.411763 -0.086850 -0.020909
179656982 -0.263511 0.004463 0.047992 0.204256 0.850637 9.767552 -1.427163 -0.086850 -0.020909
199615478 -0.108714 0.046640 0.009392 0.206438 0.849488 9.767607 -1.431327 -0.086732 -0.021132
219573974 -0.007118 0.121317 -0.210001 0.190480 0.850400 9.767852 -1.432363 -0.086826 -0.019498
239532470 0.172862 0.167344 -0.357038 0.175054 0.852427 9.767963 -1.418997 -0.087033 -0.017919
259521484 0.389829 0.216946 -0.256322 0.170803 0.838421 9.769251 -1.405776 -0.085600 -0.017482
279479980 0.560981 0.085087 -0.137078 0.170803 0.838421 9.769251 -1.416762 -0.085600 -0.017482
299438476 0.981957 -0.024569 -0.103541 0.167255 0.826642 9.770315 -1.417606 -0.084394 -0.017117
319396972 2.291665 0.164348 -0.197404 0.167660 0.821410 9.770750 -1.421068 -0.083859 -0.017158
339355468 3.261804 -0.099645 -0.053798 0.198799 0.828889 9.769534 -1.419533 -0.084624 -0.020346
359313965 4.647897 0.122997 0.621919 0.215104 0.824726 9.769542 -1.404503 -0.084198 -0.022014
379272461 5.208671 -0.034720 0.076964 0.169597 0.826842 9.770259 -1.391668 -0.084415 -0.017357
399230957 5.132263 -0.707747 0.012807 0.029901 0.802512 9.773713 -1.375850 -0.081925 -0.003059
419189453 4.961007 -1.484955 0.266891 -0.147851 0.757234 9.776254 -1.363746 -0.077293 0.015122
439147949 5.802148 -1.728936 0.639916 -0.264146 0.729935 9.775879 -1.338997 -0.074502 0.027014
459136963 7.284842 -1.773386 1.403742 -0.281668 0.739176 9.774695 -1.331838 -0.075447 0.028808
479095459 8.743852 -1.623484 1.103931 -0.298984 0.768907 9.771887 -1.302309 -0.078487 0.030587
499053955 9.590163 -2.146298 0.371562 -0.369335 0.800758 9.766922 -1.254414 -0.081746 0.037797
519012451 10.349250 -3.423583 0.898166 -0.500108 0.776542 9.763057 -1.227946 -0.079268 0.051180
538970947 10.089437 -4.937049 1.897057 -0.500108 0.776542 9.763057 -1.168671 -0.079268 0.051180
558929443 9.762759 -6.137501 2.993134 -0.493827 0.757307 9.764887 -1.118032 -0.077301 0.050529
578887939 10.425110 -7.054095 3.458587 -0.473109 0.769467 9.764962 -1.079044 -0.078545 0.048412
598846435 11.394253 -8.360124 3.443886 -0.469315 0.808806 9.761966 -1.016586 -0.082569 0.048039
618804931 11.597679 -10.441423 2.896251 -0.480257 0.864060 9.756697 -0.962499 -0.088224 0.049184
638763427 11.766646 -13.067618 3.030359 -0.378374 0.973183 9.750905 -0.886225 -0.099401 0.038785
658752441 12.243228 -14.978733 3.868448 -0.378374 0.973183 9.750905 -0.814322 -0.099401 0.038785
678710937 12.784050 -17.286953 5.320632 -0.242325 1.015672 9.750901 -0.742363 -0.103756 0.024846
698669433 14.235911 -20.473860 7.060542 -0.117965 1.061830 9.748281 -0.680638 -0.108489 0.012101
718627929 14.735859 -23.716045 8.241236 -0.094937 1.104779 9.743760 -0.584765 -0.112896 0.009743
738586426 14.816360 -26.483761 8.059839 -0.196073 1.159299 9.735911 -0.497305 -0.118493 0.020136
758544922 14.856357 -29.396547 7.455271 -0.341325 1.246859 9.721071 -0.404458 -0.127489 0.035097
778503418 14.744389 -32.737766 7.171227 -0.436991 1.364821 9.701376 -0.276705 -0.139626 0.045014
798461914 13.671567 -35.971901 7.926363 -0.444383 1.485654 9.683270 -0.121436 -0.152080 0.045860
818420410 13.018575 -38.543434 9.844183 -0.401478 1.581088 9.670023 0.011858 -0.161933 0.041494
838403170 12.653276 -40.858059 11.454525 -0.361621 1.668979 9.656817 0.161688 -0.171021 0.037430
858361666 12.345033 -41.176201 11.503244 -0.383249 1.776543 9.636773 0.335786 -0.182163 0.039749
878350680 10.805070 -41.312202 9.884992 -0.470360 1.912948 9.606757 0.523960 -0.196325 0.048922
898309176 9.275876 -41.396873 8.772723 -0.566218 2.046474 9.574014 0.703494 -0.210227 0.059072
918267672 7.142042 -41.429737 8.433893 -0.755588 2.165621 9.534651 0.940878 -0.222667 0.079081
938226168 6.040319 -41.391117 7.755557 -0.892818 2.130297 9.530745 1.162266 -0.218976 0.093405
958184664 6.684608 -41.325596 7.624125 -1.071136 2.068416 9.526002 1.383285 -0.212516 0.111973
978143160 6.660728 -40.889881 5.493232 -1.071136 2.068416 9.526002 1.568216 -0.212516 0.111973
998101656 5.947272 -39.393139 3.761905 -1.205934 2.006737 9.523084 1.765288 -0.206086 0.125962
1018060152 4.765577 -37.614227 2.786938 -1.228161 1.947771 9.532481 1.955325 -0.199947 0.128134
1038018649 4.411642 -35.474850 2.411241 -1.142230 1.879409 9.556857 2.145142 -0.192839 0.118955
1057977145 5.834208 -32.603439 3.008625 -0.966298 1.593759 9.627907 2.365023 -0.163242 0.100029
1077966158 6.684902 -29.873869 2.924838 -0.966298 1.593759 9.627907 2.497597 -0.163242 0.100029
1097924654 6.945182 -28.407410 2.894992 -0.917990 1.413812 9.660684 2.666947 -0.144673 0.094739
1117883150 5.441658 -27.897806 2.709414 -0.863045 1.246335 9.688766 2.840626 -0.127435 0.088842
1137841647 3.168375 -27.442213 2.590767 -0.801330 1.096626 9.712140 3.022575 -0.112059 0.082322
1157800143 2.153242 -25.908865 1.231539 -0.764487 0.971781 9.728391 -3.094949 -0.099257 0.078422
1177758639 0.230570 -24.207083 0.264243 -0.803336 0.822855 9.738992 -2.929980 -0.084007 0.082300
1197717135 -2.098034 -22.665325 -0.064758 -0.863760 0.653781 9.746634 -2.812901 -0.066717 0.088390
1217675631 -4.051602 -21.325884 -0.101590 -0.858056 0.505553 9.755949 -2.692989 -0.051575 0.087726
1237634127 -5.031618 -19.525862 0.485948 -0.692044 0.286685 9.777999 -2.588821 -0.029238 0.070658
1257592623 -6.785334 -17.944134 1.489937 -0.661601 0.217783 9.781883 -2.515788 -0.022210 0.067533
1277581637 -7.524420 -16.008331 0.959249 -0.661601 0.217783 9.781883 -2.398010 -0.022210 0.067533
1297540133 -7.498289 -14.185225 -1.064538 -0.693104 0.187607 9.780327 -2.332888 -0.019132 0.070749
1317498629 -7.932359 -12.512649 -1.260874 -0.738719 0.145817 9.777700 -2.265002 -0.014870 0.075408
1337457125 -8.229345 -11.047892 -0.902888 -0.755093 0.096478 9.777061 -2.215024 -0.009838 0.077078
1357415621 -8.509814 -10.000240 -1.239714 -0.783918 0.049022 9.775145 -2.155856 -0.004999 0.080024
1377374117 -8.122416 -8.682564 -1.287965 -0.848561 -0.007543 9.769866 -2.107728 0.000769 0.086637
1397332613 -7.057501 -7.052015 -1.257707 -0.920324 -0.066009 9.763146 -2.071332 0.006731 0.093987
1417291109 -6.501314 -6.010736 -1.249390 -0.956069 -0.102129 9.759400 -2.054190 0.010414 0.097652
1437249606 -6.008652 -5.129631 -1.640675 -0.961870 -0.118767 9.758642 -2.041989 0.012111 0.098249
1457208102 -5.336873 -4.291481 -1.440178 -0.971420 -0.142899 9.757373 -1.998546 0.014572 0.099231
1477197115 -5.153741 -4.058621 -1.185696 -1.070847 -0.251996 9.744751 -1.968134 0.025699 0.109450
1497155611 -4.983991 -3.819630 -1.542537 -1.121590 -0.319011 9.737076 -1.963036 0.032536 0.114682
1517114107 -4.493764 -3.045822 -1.889127 -1.121590 -0.319011 9.737076 -1.910095 0.032536 0.114682
