0 -0.093634 0.010636 -0.223166 0.443757 1.130460 9.731162 -1.389700 -0.115532 -0.045570
19958496 0.368554 0.204142 -0.468542 0.479720 1.128740 9.729655 -1.382373 -0.115355 -0.049265
39916992 0.239319 0.173509 -0.080380 0.479720 1.128740 9.729655 -1.378506 -0.115355 -0.049265
59906006 -0.257067 -0.082854 0.157976 0.498859 1.121074 9.729580 -1.358736 -0.114568 -0.051228
79864502 -0.425850 -0.181225 0.196900 0.506803 1.113999 9.729981 -1.370256 -0.113842 -0.052040
99822998 -0.175807 0.048448 0.079741 0.527137 1.116507 9.728613 -1.364021 -0.114099 -0.054131
119781494 0.004911 0.014825 0.104907 0.559634 1.126230 9.725677 -1.363006 -0.115097 -0.057479
139739991 0.196731 0.248630 -0.004452 0.594113 1.131875 9.722977 -1.359673 -0.115677 -0.061028
159698487 0.629031 0.078241 -0.018402 0.594113 1.131875 9.722977 -1.390106 -0.115677 -0.061028
179656983 0.853830 0.373233 0.162492 0.607148 1.129866 9.722405 -1.379977 -0.115471 -0.062367
199615479 0.578815 -0.132949 0.074898 0.607322 1.131602 9.722193 -1.356803 -0.115649 -0.062387
219573975 0.629541 -0.148221 0.003155 0.594986 1.130159 9.723123 -1.379159 -0.115501 -0.061117
239532471 0.960438 -0.149666 -0.120522 0.587336 1.135842 9.722926 -1.337526 -0.116084 -0.060334
259521485 1.322938 -0.091763 -0.192528 0.582080 1.142132 9.722506 -1.367898 -0.116730 -0.059798
279479981 1.648285 -0.325061 -0.046492 0.569150 1.141767 9.723313 -1.334109 -0.116692 -0.058468
299438477 2.064346 -0.618046 0.323646 0.550236 1.130845 9.725677 -1.353439 -0.115571 -0.056515
319396973 2.824453 -0.613965 0.640220 0.541077 1.121930 9.727224 -1.340989 -0.114656 -0.055568
339355469 3.444528 -0.591590 0.500396 0.527758 1.122229 9.727921 -1.338694 -0.114687 -0.054199
359313965 3.345009 -0.942678 0.289968 0.482123 1.118661 9.730701 -1.311708 -0.114320 -0.049506
379272461 3.226502 -1.158206 -0.107975 0.428310 1.115224 9.733613 -1.301227 -0.113968 -0.043975
399230957 3.663604 -1.105495 -0.120778 0.403189 1.115344 9.734672 -1.294806 -0.113980 -0.041394
419189453 3.919327 -1.204174 -0.025349 0.416229 1.120138 9.733572 -1.290312 -0.114472 -0.042736
439147949 3.849376 -1.633959 0.089750 0.471749 1.137420 9.729034 -1.268670 -0.116246 -0.048451
459106446 3.630272 -1.900547 0.288110 0.536912 1.155344 9.723543 -1.253466 -0.118087 -0.055162
479095459 3.717358 -1.853217 0.197901 0.569192 1.167992 9.720196 -1.217416 -0.119385 -0.058491
499053955 3.419017 -2.266812 0.085547 0.577815 1.177998 9.718478 -1.209405 -0.120413 -0.059385
519012451 2.996258 -2.818574 0.500052 0.598425 1.189362 9.715848 -1.172426 -0.121580 -0.061515
538970948 2.744357 -2.692221 0.506415 0.628421 1.209406 9.711478 -1.163018 -0.123640 -0.064619
558929444 3.243190 -2.346385 -0.081776 0.626431 1.236064 9.708250 -1.115131 -0.126380 -0.064436
578887940 3.683733 -2.679771 -0.177464 0.596935 1.249474 9.708392 -1.099605 -0.127758 -0.061409
598846436 3.518776 -3.528230 0.977927 0.587440 1.243071 9.709792 -1.055165 -0.127100 -0.060426
618804932 3.298573 -4.141712 1.455033 0.637234 1.257877 9.704745 -1.021487 -0.128622 -0.065568
638763428 3.671672 -3.934359 0.935198 0.689414 1.295983 9.696159 -0.980679 -0.132541 -0.070982
658721924 4.414749 -3.312691 -0.196021 0.684810 1.337142 9.690897 -0.947054 -0.136777 -0.070548
678710938 4.367225 -3.913675 -0.834756 0.650584 1.366921 9.689099 -0.891191 -0.139843 -0.067045
698669434 3.327700 -5.226177 0.608032 0.636225 1.355762 9.691621 -0.853603 -0.138693 -0.065553
718627930 1.787594 -6.379752 1.969617 0.684486 1.346603 9.689609 -0.797913 -0.137751 -0.070524
738586426 1.325141 -6.340310 2.040398 0.777966 1.383612 9.677333 -0.760424 -0.141562 -0.080218
758544922 2.354806 -5.798389 0.842288 0.856731 1.467679 9.658278 -0.710659 -0.150226 -0.088473
778503418 2.381093 -6.018954 0.036456 0.880404 1.543227 9.644362 -0.660827 -0.158022 -0.091035
798461914 1.350753 -6.861688 0.828230 0.878404 1.572791 9.639767 -0.607929 -0.161076 -0.090872
818420410 0.322422 -7.635625 2.351346 0.912773 1.587251 9.634204 -0.552263 -0.162570 -0.094461
838378907 0.467707 -7.027850 1.716775 0.973237 1.641965 9.619103 -0.499671 -0.168226 -0.100834
858337403 1.977340 -6.236175 0.757319 1.019150 1.723129 9.600133 -0.454514 -0.176627 -0.105764
878326416 2.605246 -6.257761 1.119756 1.032295 1.779051 9.588521 -0.385063 -0.182423 -0.107246
898284912 1.689099 -7.248731 2.077689 1.026792 1.805184 9.584227 -0.318704 -0.185133 -0.106726
918243408 0.236534 -8.473189 2.532941 1.018358 1.832842 9.579876 -0.239041 -0.188003 -0.105904
938201905 0.017481 -8.711811 2.418148 0.995722 1.868845 9.575298 -0.186861 -0.191742 -0.103616
958160401 1.025958 -8.163949 1.703451 0.965550 1.924707 9.567320 -0.127366 -0.197548 -0.100581
978118897 2.058097 -7.891565 0.944369 0.919674 1.989450 9.558592 -0.063380 -0.204285 -0.095919
998077393 2.285251 -8.187716 1.012564 0.796124 2.076376 9.551190 0.024215 -0.213346 -0.083161
1018035889 1.429201 -9.084541 1.408525 0.757052 2.116496 9.545560 0.091976 -0.217534 -0.079144
1037994385 0.820105 -9.713604 1.705295 0.757052 2.116496 9.545560 0.174024 -0.217534 -0.079144
1057952881 1.419853 -9.399795 2.067512 0.734310 2.156962 9.538275 0.257303 -0.221762 -0.076834
1077941895 2.319227 -9.337592 1.780110 0.699689 2.202201 9.530537 0.315188 -0.226494 -0.073284
1097900391 3.398853 -9.644909 2.054406 0.674539 2.289467 9.511768 0.410301 -0.235635 -0.070798
1117858887 3.397140 -10.548864 2.480509 0.674539 2.289467 9.511768 0.506606 -0.235635 -0.070798
1137817383 3.181281 -11.446718 3.061057 0.642993 2.314073 9.507998 0.587351 -0.238216 -0.067524
1157775879 3.547940 -12.129282 4.056655 0.642993 2.314073 9.507998 0.699995 -0.238216 -0.067524
1177734375 4.385379 -12.482024 3.885532 0.596910 2.329550 9.507223 0.797592 -0.239841 -0.062703
1197692871 6.088070 -12.983486 3.406164 0.568523 2.379319 9.496632 0.919706 -0.245069 -0.059794
1217651367 7.604574 -13.737186 3.569171 0.589478 2.453885 9.476357 1.006653 -0.252914 -0.062125
1237609864 8.671122 -14.530973 3.531058 0.648020 2.536467 9.450757 1.112776 -0.261622 -0.068461
1257568360 8.558730 -15.983415 2.876239 0.682651 2.616401 9.426497 1.220808 -0.270070 -0.072292
1277526856 8.402613 -17.610640 4.067225 0.656649 2.643226 9.420857 1.386095 -0.272909 -0.069589
1297515869 8.141597 -18.180771 4.157337 0.476111 2.639326 9.432796 1.508060 -0.272496 -0.050431
1317474366 7.531856 -19.136600 3.096575 0.476111 2.639326 9.432796 1.648643 -0.272496 -0.050431
1337432862 6.691966 -20.415277 3.224546 0.420850 2.640131 9.435199 1.791666 -0.272581 -0.044575
1357391358 6.040492 -21.293131 3.660168 0.423239 2.614528 9.442218 1.947051 -0.269872 -0.044794
1377349854 5.295543 -22.102215 3.906327 0.542042 2.481708 9.471942 2.144273 -0.255846 -0.057164
1397308350 2.762516 -23.009359 5.077070 0.609291 2.369565 9.496543 2.294697 -0.244044 -0.064071
1417266846 -0.027533 -23.654457 6.077150 0.609291 2.369565 9.496543 2.397295 -0.244044 -0.064071
1437225342 -0.333763 -22.401281 5.730224 0.842137 2.196321 9.520367 2.602966 -0.225878 -0.088227
1457183838 0.545505 -20.928024 5.830908 0.842137 2.196321 9.520367 2.688180 -0.225878 -0.088227
1477142334 -0.637690 -20.798840 6.631156 0.900922 2.091218 9.538633 2.850499 -0.214895 -0.094170
1497131348 -3.138509 -20.707298 6.632318 0.862138 1.979034 9.566114 3.004557 -0.203201 -0.089881
