0 -0.397322 -0.245975 -1.060963 0.696468 1.444002 9.674719 -0.907298 -0.147785 -0.071864
19958496 0.671378 0.093385 -1.270711 0.719516 1.465028 9.669869 -0.906067 -0.149953 -0.074271
39916992 2.105014 0.543615 -0.632762 0.733473 1.456954 9.670041 -0.920114 -0.149120 -0.075705
59875488 2.812667 0.412189 -0.077906 0.741318 1.447507 9.670862 -0.907643 -0.148146 -0.076505
79833984 2.672929 -0.274704 -0.390756 0.661623 1.437454 9.678140 -0.885403 -0.147110 -0.068256
99792481 3.898896 -0.636059 0.155890 0.661623 1.437454 9.678140 -0.886357 -0.147110 -0.068256
119781494 5.713026 -1.061465 1.228420 0.512570 1.381874 9.695260 -0.880768 -0.141382 -0.052819
139739990 6.322538 -1.494648 1.624349 0.297007 1.317858 9.713158 -0.872222 -0.134792 -0.030568
159698486 5.437367 -1.883545 -0.256510 0.017328 1.285568 9.722007 -0.880694 -0.131470 -0.001782
179656982 4.957880 -1.770058 -1.654723 -0.242332 1.282245 9.719440 -0.880552 -0.131128 0.024928
199615479 5.213745 -2.151814 -2.266976 -0.400379 1.309054 9.710637 -0.878920 -0.133886 0.041208
219573975 6.298237 -2.479597 -2.010382 -0.417471 1.348069 9.704577 -0.848521 -0.137901 0.042991
239532471 7.532003 -3.091829 -0.959306 -0.304789 1.376078 9.704839 -0.835778 -0.140786 0.031396
259490967 7.912186 -4.151974 1.408152 -0.112530 1.339357 9.714106 -0.809087 -0.137005 0.011584
279449463 8.151135 -5.176131 2.139003 -0.112530 1.339357 9.714106 -0.786237 -0.137005 0.011584
299407959 9.193931 -5.330221 1.046994 -0.116792 1.337903 9.714256 -0.767234 -0.136855 0.012022
319396973 9.652211 -6.420549 0.553398 -0.144583 1.338668 9.713777 -0.727049 -0.136934 0.014883
339355469 9.522460 -7.511838 0.463760 -0.172093 1.313524 9.716761 -0.684075 -0.134346 0.017709
359313965 9.427155 -8.347578 1.174058 -0.171691 1.260566 9.723780 -0.649516 -0.128899 0.017655
379272461 9.061022 -9.237390 2.634870 -0.099918 1.205335 9.731781 -0.584435 -0.123222 0.010267
399230957 8.124224 -10.665058 3.404878 0.051567 1.193961 9.733560 -0.538792 -0.122053 -0.005298
419189453 7.616330 -12.160381 3.752668 0.218005 1.217365 9.728354 -0.462384 -0.124458 -0.022405
439147949 7.088910 -13.622846 3.342885 0.323683 1.236428 9.723007 -0.402314 -0.126417 -0.033278
459106445 6.515064 -15.231211 3.684771 0.396007 1.227685 9.721437 -0.322862 -0.125518 -0.040713
479064941 6.387575 -16.549889 4.680455 0.519403 1.201883 9.718852 -0.234290 -0.122867 -0.053392
499023438 6.941590 -17.852531 6.369302 0.712935 1.182767 9.708922 -0.143828 -0.120903 -0.073299
519012451 7.568586 -20.028776 6.976799 0.936982 1.204008 9.687250 -0.051211 -0.123085 -0.096423
538970947 7.866275 -22.086401 5.793807 1.158600 1.279385 9.653560 0.043014 -0.130834 -0.119447
558929443 8.959183 -24.497936 6.038294 1.350507 1.361222 9.617358 0.163897 -0.139256 -0.139512
578887940 11.642588 -27.117609 6.860829 1.498739 1.428121 9.585648 0.290680 -0.146148 -0.155097
598846436 13.263149 -30.550711 6.920737 1.616751 1.520183 9.552254 0.415273 -0.155643 -0.167664
618804932 14.710437 -34.311806 7.291189 1.720387 1.644769 9.513432 0.552938 -0.168516 -0.178904
638763428 16.879725 -37.741985 7.176113 1.815570 1.795289 9.468423 0.722991 -0.184107 -0.189450
658721924 18.745461 -41.273689 7.081987 1.879404 1.950460 9.425176 0.895649 -0.200227 -0.196821
678680420 18.438347 -41.337597 10.191859 1.828091 2.012995 9.422119 1.117617 -0.206738 -0.191640
698638916 15.008628 -41.474266 11.135659 1.689023 2.071966 9.435283 1.689134 -0.212886 -0.177135
718627930 12.233615 -41.627022 10.249707 1.584198 2.202460 9.423900 1.642287 -0.226521 -0.166547
738586426 10.114246 -41.730721 8.851853 1.515350 2.350685 9.399382 1.900035 -0.242060 -0.159843
758544922 8.937273 -41.757160 7.830135 1.471991 2.453392 9.380005 2.158935 -0.252862 -0.155659
778503418 4.349196 -41.731903 9.709922 1.496143 2.482035 9.368642 2.397924 -0.255880 -0.158360
798461914 0.303435 -41.694820 12.882739 1.662081 2.458421 9.346872 2.655583 -0.253392 -0.175983
818420410 -2.537040 -41.648415 13.704123 1.890441 2.420173 9.313397 2.889414 -0.249365 -0.200260
838378906 -5.724689 -41.605740 12.573477 2.025584 2.372395 9.297265 3.075623 -0.244341 -0.214517
858337402 -6.148910 -38.643284 10.496762 2.098905 2.330220 9.291666 -3.051745 -0.239911 -0.222162
878295898 -6.431758 -34.015671 7.766852 2.182563 2.332995 9.271674 -2.886989 -0.240203 -0.231192
898254395 -7.259875 -30.142544 7.131924 2.275037 2.343465 9.246770 -2.770040 -0.241302 -0.241244
918212891 -7.421543 -26.242376 6.699693 2.151177 2.313618 9.283857 -2.679338 -0.238169 -0.227693
938201904 -8.413729 -23.247433 4.447498 2.151177 2.313618 9.283857 -2.543035 -0.238169 -0.227693
958160400 -9.553075 -20.664982 0.845326 1.886640 2.310262 9.342038 -2.429824 -0.237817 -0.199271
978118897 -9.750939 -17.357235 -1.728091 1.593841 2.282305 9.403252 -2.342437 -0.234884 -0.167903
998077393 -8.828901 -14.287539 -0.949764 1.401776 2.220360 9.448566 -2.247977 -0.228394 -0.147284
1018035889 -7.694330 -12.616824 0.707172 1.312486 2.135591 9.480877 -2.191878 -0.219529 -0.137561
1037994385 -6.783491 -10.772629 1.101016 1.214648 2.043917 9.514064 -2.116281 -0.209961 -0.126982
1057952881 -6.392570 -9.836611 0.792258 1.066876 1.954550 9.550492 -2.053362 -0.200652 -0.111248
1077911377 -6.716241 -8.691799 0.244907 0.826012 1.829786 9.598957 -2.023709 -0.187686 -0.085841
1097869873 -7.679827 -7.473085 -0.415480 0.528510 1.682813 9.646720 -1.996793 -0.172453 -0.054732
1117828369 -9.001443 -7.103689 -0.023335 0.290984 1.548031 9.679324 -1.964738 -0.158518 -0.030053
1137817383 -8.439397 -6.264808 -0.274535 0.161973 1.462184 9.695679 -1.918160 -0.149659 -0.016704
1157775879 -7.095943 -5.188231 -0.666355 0.102803 1.409570 9.704274 -1.899428 -0.144236 -0.010593
1177734375 -5.767952 -3.754644 -0.372148 0.042666 1.334730 9.715301 -1.898498 -0.136528 -0.004392
1197692871 -4.944300 -2.294297 0.042650 -0.011665 1.247147 9.727017 -1.884292 -0.127519 0.001199
1217651367 -4.825466 -1.602257 -0.166760 -0.016509 1.185069 9.734768 -1.865811 -0.121139 0.001696
1237609863 -4.925904 -1.545307 -0.270251 0.032320 1.139622 9.740154 -1.844307 -0.116472 -0.003318
1257568359 -5.268926 -1.512998 0.163184 0.104169 1.087657 9.745591 -1.824331 -0.111139 -0.010688
1277526856 -5.157469 -1.408491 0.956170 0.150409 1.012159 9.753118 -1.808371 -0.103396 -0.015420
1297485352 -5.215711 -1.454442 1.399266 0.163412 0.931092 9.760981 -1.770824 -0.095088 -0.016740
1317443848 -5.327821 -1.257660 1.351455 0.164093 0.866286 9.766933 -1.764910 -0.088452 -0.016799
1337432861 -5.511994 -1.227284 0.998877 0.165985 0.822210 9.770711 -1.745020 -0.083941 -0.016986
1357391357 -5.552069 -0.882408 1.029621 0.158546 0.777139 9.774524 -1.716949 -0.079329 -0.016219
1377349854 -5.632102 -0.811834 1.094767 0.145884 0.738394 9.777723 -1.744812 -0.075367 -0.014919
1397308350 -5.568290 -0.876768 0.727204 0.130097 0.715366 9.779658 -1.746793 -0.073012 -0.013302
1417266846 -5.442911 -0.838381 0.667810 0.138060 0.703490 9.780411 -1.743280 -0.071798 -0.014115
1437225342 -5.120862 -0.628307 0.795516 0.175399 0.703222 9.779831 -1.747359 -0.071770 -0.017933
1457183838 -4.974483 -0.554993 0.675463 0.252590 0.730620 9.776133 -1.756289 -0.074572 -0.025832
1477142334 -5.263532 -0.678712 0.470948 0.297290 0.748857 9.773496 -1.773276 -0.076437 -0.030409
1497100830 -5.159743 -0.800552 0.955848 0.297290 0.748857 9.773496 -1.773276 -0.076437 -0.030409
