0 0.553421 0.256858 -1.064380 0.408101 0.958848 9.751125 -1.227701 -0.097932 -0.041827
19958496 0.384359 0.190171 -1.297271 0.439207 0.978099 9.747862 -1.263044 -0.099904 -0.045026
39916992 0.319142 -0.042961 -1.033882 0.439207 0.978099 9.747862 -1.228585 -0.099904 -0.045026
59906005 0.611785 -0.015461 -0.544189 0.466349 0.962742 9.748130 -1.219504 -0.098331 -0.047803
79864502 1.317478 0.056428 -0.009847 0.523431 0.969022 9.744609 -1.222347 -0.098974 -0.053663
99822998 1.967415 0.140188 -0.174114 0.555152 0.983288 9.741424 -1.205964 -0.100436 -0.056927
119781494 2.558066 0.103038 -0.133985 0.502055 0.965422 9.746091 -1.214209 -0.098605 -0.051468
139739990 3.124595 0.303703 -0.552454 0.452732 0.951684 9.749858 -1.210208 -0.097198 -0.046401
159698486 3.456882 0.317162 -0.827960 0.388679 0.919359 9.755722 -1.214508 -0.093886 -0.039820
179656982 3.462683 -0.027279 -0.620385 0.388679 0.919359 9.755722 -1.172019 -0.093886 -0.039820
199615478 3.675066 -0.522347 0.155071 0.323691 0.839517 9.765287 -1.198113 -0.085712 -0.033135
219573974 4.213786 -1.291833 0.712920 0.292389 0.808994 9.768849 -1.174758 -0.082588 -0.029922
239532470 5.199257 -1.546538 0.973190 0.292389 0.808994 9.768849 -1.150634 -0.082588 -0.029922
259521484 6.200796 -1.704774 1.229095 0.124676 0.794897 9.773586 -1.121508 -0.081146 -0.012756
279479980 6.691091 -1.751278 0.200432 0.003092 0.817439 9.772522 -1.096137 -0.083452 -0.000316
299438476 7.732505 -1.813088 -0.482332 0.003092 0.817439 9.772522 -1.099103 -0.083452 -0.000316
319396972 7.828320 -2.478910 -0.625120 -0.037551 0.855587 9.769184 -1.064629 -0.087357 0.003844
339355468 7.163698 -3.745365 0.363222 -0.018441 0.870589 9.767913 -1.020037 -0.088892 0.001888
359313964 6.878248 -4.754974 2.103885 -0.005040 0.839361 9.770662 -0.977346 -0.085696 0.000516
379272461 6.674653 -5.535802 2.744307 -0.049976 0.794814 9.774261 -0.955756 -0.081137 0.005113
399230957 6.626091 -5.649939 1.335482 -0.143078 0.784684 9.774158 -0.899719 -0.080101 0.014637
419189453 6.766936 -5.924176 0.657689 -0.091746 0.851800 9.769156 -0.868165 -0.086969 0.009391
439147949 7.336356 -6.838212 1.363856 -0.091746 0.851800 9.769156 -0.805063 -0.086969 0.009391
459136963 7.612203 -8.234497 3.352949 0.052039 0.870033 9.767840 -0.749125 -0.088835 -0.005328
479095459 6.302919 -10.027627 4.391737 0.134964 0.871700 9.766898 -0.682935 -0.089006 -0.013818
499053955 5.532289 -11.377974 4.346695 0.151058 0.900976 9.764007 -0.623382 -0.092004 -0.015470
519012451 6.389431 -12.263811 3.222555 0.164768 0.994626 9.754689 -0.557195 -0.101598 -0.016890
538970947 7.454440 -13.149755 2.313289 0.207354 1.126682 9.739506 -0.488401 -0.115144 -0.021287
558929443 7.636197 -14.503200 1.481888 0.271799 1.264065 9.721042 -0.411832 -0.129258 -0.027953
578887939 7.112093 -16.118994 1.970530 0.324302 1.357633 9.706804 -0.321687 -0.138886 -0.033397
598846435 6.848868 -17.683395 3.586792 0.373978 1.407355 9.697932 -0.221817 -0.144007 -0.038544
618804931 7.188445 -18.746620 3.856267 0.568373 1.565894 9.664125 -0.159180 -0.160363 -0.058745
638763427 7.814569 -20.077909 3.721700 0.568373 1.565894 9.664125 -0.022725 -0.160363 -0.058745
658752441 8.103328 -21.889565 3.867280 0.706882 1.669820 9.637551 0.074373 -0.171108 -0.073216
678710937 8.235337 -23.875095 4.794853 0.823845 1.746961 9.614562 0.181876 -0.179096 -0.085478
698669433 7.994351 -25.402269 5.741266 0.882381 1.787168 9.601970 0.289320 -0.183265 -0.091638
718627929 8.052485 -26.391201 5.756000 0.906982 1.828178 9.591951 0.420915 -0.187519 -0.094276
738586425 8.634239 -27.597775 5.648464 0.948406 1.886434 9.576653 0.564602 -0.193569 -0.098711
758544922 9.611342 -29.121174 6.406495 1.026184 1.947181 9.556455 0.719533 -0.199886 -0.106971
778503418 10.525538 -30.866140 7.523879 1.096264 1.989292 9.539984 0.840063 -0.204269 -0.114411
798461914 10.289462 -32.871670 7.612931 1.095615 2.017736 9.534083 0.994184 -0.207232 -0.114414
818420410 10.009636 -34.678188 7.976416 1.030179 2.029708 9.538836 1.192504 -0.208480 -0.107581
838378906 10.011155 -36.145863 8.107244 0.975028 2.058131 9.538544 1.380708 -0.211443 -0.101866
858367920 10.805281 -37.174908 8.372854 0.940140 2.097494 9.533470 1.602302 -0.215550 -0.098297
878326416 10.517678 -37.955063 8.598198 0.869812 2.110430 9.537291 1.838735 -0.216901 -0.090950
898284912 8.960616 -38.816193 8.037184 0.723685 2.095262 9.552829 2.040945 -0.215317 -0.075612
918243408 8.060949 -39.119507 7.657751 0.507705 2.042833 9.578072 2.261713 -0.209848 -0.052957
938201904 6.156145 -38.725971 6.487741 0.276216 1.979043 9.600911 2.490801 -0.203202 -0.028762
958160400 3.780711 -38.389221 5.128970 0.138600 1.946769 9.610477 2.693323 -0.199843 -0.014421
978118896 2.646882 -36.350380 5.142273 0.158085 1.929114 9.613736 2.867734 -0.198006 -0.016442
998077392 1.860683 -34.243130 5.036523 0.285034 1.922959 9.612042 3.051463 -0.197366 -0.029645
1018035888 1.016246 -32.169086 4.883762 0.399891 1.900797 9.612359 -3.060411 -0.195062 -0.041578
1037994384 -0.109490 -30.407265 4.447275 0.449279 1.854195 9.619277 -2.897239 -0.190220 -0.046672
1057983398 -0.552839 -28.075283 3.339729 0.464303 1.808457 9.627269 -2.746657 -0.185473 -0.048191
1077941894 -1.783932 -26.148203 2.411738 0.467569 1.772303 9.633832 -2.601815 -0.181723 -0.048496
1097900390 -3.747229 -24.678442 1.710214 0.473393 1.734399 9.640443 -2.500895 -0.177795 -0.049066
1117858886 -5.510937 -22.468395 1.021100 0.488431 1.689622 9.647641 -2.371364 -0.173158 -0.050584
1137817382 -6.780449 -20.037575 0.714834 0.519422 1.646874 9.653413 -2.260870 -0.168734 -0.053755
1157775879 -7.268841 -17.960882 0.778776 0.530357 1.584202 9.663302 -2.155204 -0.162255 -0.054829
1177734375 -7.004766 -15.766102 0.169272 0.492733 1.501552 9.678479 -2.061004 -0.153720 -0.050866
1197692871 -7.078881 -13.885349 -0.527986 0.406430 1.405963 9.696829 -1.979792 -0.143864 -0.041889
1217651367 -7.818715 -12.250902 -0.057582 0.298963 1.284263 9.717597 -1.901316 -0.131336 -0.030755
1237609863 -8.195346 -10.793959 -0.144382 0.132092 1.067322 9.747500 -1.855644 -0.109053 -0.013551
1257598877 -8.047821 -9.549255 0.210544 0.085011 0.991196 9.756059 -1.810960 -0.101247 -0.008713
1277557373 -8.188772 -8.819236 -0.221907 0.085011 0.991196 9.756059 -1.768338 -0.101247 -0.008713
1297515869 -8.029522 -7.872733 -0.763783 -0.039137 0.833098 9.771121 -1.747504 -0.085055 0.004005
1317474365 -7.476213 -6.759461 -0.455661 -0.039137 0.833098 9.771121 -1.684241 -0.085055 0.004005
1337432861 -7.066708 -5.682874 0.096081 -0.114017 0.730013 9.778777 -1.675601 -0.074510 0.011659
1357391357 -7.168415 -5.127438 -0.357957 -0.312861 0.576956 9.784663 -1.699921 -0.058867 0.031964
1377349853 -7.351123 -4.898023 -1.042077 -0.312861 0.576956 9.784663 -1.635216 -0.058867 0.031964
1397308349 -7.328074 -4.598329 -1.776646 -0.408636 0.519864 9.784331 -1.605422 -0.053036 0.041740
1417266845 -7.236749 -4.163435 -1.975479 -0.465946 0.454785 9.785011 -1.602173 -0.046392 0.047582
1437225341 -6.966643 -3.817541 -1.353689 -0.505351 0.364356 9.786840 -1.568850 -0.037162 0.051590
1457214355 -6.561976 -3.465277 -0.475882 -0.546226 0.252326 9.788174 -1.560619 -0.025733 0.055747
1477172851 -5.745926 -2.625987 -0.148399 -0.597030 0.148193 9.787337 -1.567760 -0.015112 0.060925
1497131347 -5.066951 -1.778169 -0.532990 -0.656964 0.064739 9.784406 -1.568807 -0.006602 0.067043
