0 -0.090528 0.455681 -0.549516 0.478321 0.577527 9.777937 -1.195712 -0.058925 -0.048879
19958496 -0.200375 0.380455 -1.200249 0.478321 0.577527 9.777937 -1.184097 -0.058925 -0.048879
39916992 -0.244085 0.309352 -0.456868 0.483066 0.562276 9.778593 -1.187314 -0.057368 -0.049360
59906006 1.073946 1.033858 -0.057545 0.483775 0.542704 9.779664 -1.221190 -0.055369 -0.049427
79864502 0.866715 0.715361 -0.796429 0.501532 0.564967 9.777508 -1.196631 -0.057643 -0.051250
99822998 0.513496 0.139490 -1.214727 0.541001 0.605577 9.772972 -1.168629 -0.061791 -0.055300
119781494 1.110039 0.150926 -0.834358 0.563954 0.616686 9.770980 -1.179115 -0.062926 -0.057653
139739990 1.475821 0.021794 -0.399391 0.561401 0.591334 9.772694 -1.175816 -0.060336 -0.057383
159698486 1.906939 -0.302991 -0.242533 0.554786 0.523973 9.776915 -1.191742 -0.053456 -0.056684
179656982 2.882314 -0.879714 0.156516 0.554786 0.523973 9.776915 -1.164340 -0.053456 -0.056684
199615478 4.013408 -1.611835 0.516555 0.551406 0.492746 9.778728 -1.165962 -0.050267 -0.056329
219573975 6.339753 -1.373595 0.637795 0.550188 0.482582 9.779305 -1.173251 -0.049230 -0.056201
239532471 8.248449 -1.550685 -0.148062 0.546011 0.512020 9.778042 -1.170759 -0.052235 -0.055783
259490967 9.654093 -2.098352 -0.998968 0.514585 0.549859 9.777691 -1.158203 -0.056099 -0.052580
279479980 11.563908 -2.078574 -0.679199 0.474162 0.551817 9.779624 -1.148950 -0.056299 -0.048447
299438477 12.618766 -3.039767 0.105090 0.455985 0.522793 9.782084 -1.078587 -0.053335 -0.046581
319396973 12.937859 -4.762762 1.611013 0.469960 0.396731 9.787346 -1.062070 -0.040466 -0.047980
339355469 13.560930 -6.486991 2.955462 0.469960 0.396731 9.787346 -1.005200 -0.040466 -0.047980
359313965 14.241963 -8.394758 3.716230 0.515923 0.372776 9.785972 -0.961818 -0.038022 -0.052672
379272461 15.275498 -10.864597 3.896963 0.594110 0.407021 9.780171 -0.873765 -0.041516 -0.060672
399230957 16.377090 -13.519292 4.485751 0.711411 0.475881 9.769228 -0.790729 -0.048545 -0.072693
419189453 16.522369 -16.844994 5.684330 0.845738 0.556507 9.754251 -0.736308 -0.056778 -0.086488
439147949 15.543419 -20.924776 7.287869 1.046277 0.798385 9.717936 -0.639450 -0.081503 -0.107251
459106445 14.713812 -24.634626 7.517177 1.046277 0.798385 9.717936 -0.538776 -0.081503 -0.107251
479095459 14.870690 -28.595804 7.362331 1.104688 1.004308 9.692337 -0.408167 -0.102591 -0.113486
499053955 15.484619 -32.372490 7.807663 1.177306 1.249089 9.655263 -0.278282 -0.127719 -0.121335
519012451 15.419684 -36.126282 8.719012 1.271180 1.532528 9.602387 -0.124643 -0.156918 -0.131616
538970947 15.449697 -39.910759 8.706594 1.308680 1.839729 9.543224 0.026753 -0.188718 -0.136282
558929443 15.690016 -41.561882 8.788626 1.209465 2.099087 9.502706 0.177363 -0.215716 -0.126595
578887939 16.307995 -41.684525 10.133260 0.935766 2.255545 9.497749 0.335315 -0.232079 -0.098208
598846436 16.189011 -41.862995 9.690382 0.570080 2.373822 9.497914 0.574863 -0.244491 -0.059950
618804932 14.155934 -42.081104 8.391180 0.264367 2.548219 9.466101 0.850674 -0.262863 -0.027921
638763428 14.090647 -42.234726 7.145416 0.086749 2.764774 9.408447 1.077479 -0.285804 -0.009220
658721924 13.508355 -42.198597 4.827588 -0.114737 2.922894 9.360230 1.341956 -0.302652 0.012257
678710937 10.385413 -42.010235 4.025019 -0.872711 2.729536 9.378613 1.631067 -0.282060 0.092786
698669434 8.572568 -41.778843 3.869061 -0.872711 2.729536 9.378613 1.828532 -0.282060 0.092786
718627930 7.882966 -41.492943 2.600198 -1.128261 2.513280 9.411738 2.062824 -0.259175 0.119309
738586426 6.633196 -41.102314 2.500726 -1.241915 2.241253 9.465982 2.280205 -0.230582 0.130453
758544922 3.347100 -40.690571 3.585312 -1.336439 1.861271 9.535196 2.510774 -0.190955 0.139251
778503418 -1.466839 -40.321846 2.857644 -1.427976 1.455245 9.592368 2.740745 -0.148944 0.147781
798461914 -6.307942 -36.961372 0.303918 -1.499215 1.089752 9.629910 2.913818 -0.111354 0.154443
818420410 -9.578550 -30.728331 -0.838602 -1.543565 0.753192 9.655076 3.066673 -0.076880 0.158529
838378906 -10.040808 -24.462929 -0.513987 -1.553759 0.449664 9.672333 -3.120564 -0.045869 0.159279
858337402 -8.695788 -20.565504 -0.544530 -1.550894 0.208880 9.680986 -3.043349 -0.021301 0.158850
878326416 -7.096702 -17.673548 -0.100839 -1.545051 0.008857 9.684169 -2.973318 -0.000903 0.158211
898284912 -6.824594 -15.020828 -0.543148 -1.532820 -0.281457 9.682027 -2.902196 0.028705 0.157013
918243408 -7.315500 -12.830308 -1.279985 -1.532820 -0.281457 9.682027 -2.832067 0.028705 0.157013
938201904 -7.880241 -11.206424 -1.074998 -1.577656 -0.416961 9.669930 -2.791449 0.042531 0.161726
958160400 -7.759531 -9.657351 -1.286279 -1.672463 -0.545923 9.647551 -2.752318 0.055697 0.171650
978118896 -7.165339 -8.256824 -1.906052 -1.787027 -0.648061 9.620652 -2.730496 0.066132 0.183656
998077393 -6.356169 -6.423177 -2.381041 -1.896809 -0.731214 9.593635 -2.705491 0.074632 0.195198
1018035889 -5.230303 -5.069469 -2.016294 -1.968667 -0.802508 9.573438 -2.696799 0.081925 0.202811
1037994385 -4.527662 -4.337934 -1.337458 -2.003052 -0.867959 9.560587 -2.687454 0.088623 0.206524
1057952881 -3.760517 -3.686184 -1.157559 -2.020825 -0.919225 9.552052 -2.663072 0.093873 0.208485
1077941894 -3.216380 -3.149561 -0.986667 -2.036089 -0.962599 9.544534 -2.667880 0.098316 0.210175
1097900391 -3.634758 -2.720189 -1.213595 -2.058125 -0.996235 9.536353 -2.636003 0.101763 0.212559
1117858887 -3.456432 -2.108835 -1.278683 -2.094577 -1.032806 9.524518 -2.650432 0.105513 0.216468
1137817383 -2.760930 -1.429195 -1.375419 -2.124571 -1.064732 9.514355 -2.638639 0.108787 0.219697
1157775879 -2.291812 -0.990414 -1.407592 -2.116859 -1.088543 9.513378 -2.622191 0.111230 0.218947
1177734375 -2.225942 -0.679070 -0.940561 -2.069893 -1.115817 9.520551 -2.614113 0.114029 0.214082
1197692871 -1.827433 -0.402299 -0.118897 -2.007173 -1.154265 9.529391 -2.603012 0.117976 0.207595
1217651367 -1.797123 -0.293791 0.224906 -1.974577 -1.205558 9.529851 -2.573805 0.123244 0.204308
1237609863 -1.721724 -0.201838 0.091926 -1.989822 -1.270258 9.518269 -2.587465 0.129895 0.206085
1257568359 -1.662275 -0.212955 0.070781 -2.007185 -1.337602 9.505389 -2.585778 0.136824 0.208106
1277557373 -1.454660 -0.117868 0.299645 -2.008710 -1.402433 9.495717 -2.561877 0.143500 0.208465
1297515869 -1.438517 -0.159111 0.355871 -1.981234 -1.453678 9.493783 -2.559910 0.148782 0.205735
1317474365 -1.593649 -0.364511 0.572931 -1.953794 -1.502629 9.491848 -2.534013 0.153832 0.203004
1337432861 -1.776193 -0.348990 0.571596 -1.946222 -1.549980 9.485788 -2.539981 0.158720 0.202364
1357391357 -1.562316 -0.181309 0.396286 -1.935180 -1.583645 9.482486 -2.548778 0.162197 0.201315
1377349853 -1.193289 -0.107084 0.493911 -1.918628 -1.606920 9.481934 -2.548458 0.164603 0.199650
1397308350 -0.942994 -0.000163 0.413196 -1.903985 -1.627709 9.481339 -2.537898 0.166752 0.198178
1417266846 -0.852137 0.171558 0.480019 -1.899962 -1.652533 9.477851 -2.540981 0.169319 0.197841
1437225342 -0.967265 0.186638 0.881588 -1.908754 -1.684601 9.470437 -2.541160 0.172638 0.198884
1457214355 -0.668272 0.347653 0.641538 -1.917077 -1.698684 9.466238 -2.550947 0.174096 0.199815
1477172852 -0.249847 0.519415 0.472904 -1.909011 -1.696325 9.468292 -2.548563 0.173851 0.198954
1497131348 -0.197063 0.495005 0.508695 -1.910421 -1.700087 9.467333 -2.537862 0.174241 0.199117
