0 0.192037 0.302436 -0.178073 0.408565 0.718717 9.771740 -1.126968 -0.073355 -0.041787
19958496 -0.248654 0.181763 -0.040348 0.376494 0.705502 9.773991 -1.121261 -0.072003 -0.038501
39916993 -0.510657 -0.023730 0.258681 0.367105 0.692155 9.775302 -1.112883 -0.070639 -0.037537
59875489 -0.558964 -0.006558 0.370996 0.346981 0.669658 9.777604 -1.122671 -0.068339 -0.035472
79833985 -0.233663 0.294047 0.168890 0.346981 0.669658 9.777604 -1.138798 -0.068339 -0.035472
99792481 0.427893 0.659300 -0.317855 0.346559 0.674189 9.777308 -1.112437 -0.068802 -0.035430
119750977 0.307496 0.504725 -0.631811 0.346559 0.674189 9.777308 -1.137673 -0.068802 -0.035430
139709473 -0.108995 0.136219 -0.181439 0.356815 0.646948 9.778780 -1.129918 -0.066018 -0.036472
159698487 -0.293380 -0.174630 0.107421 0.392628 0.656072 9.776798 -1.136581 -0.066951 -0.040138
179656983 0.055934 -0.170185 -0.306023 0.392628 0.656072 9.776798 -1.124821 -0.066951 -0.040138
199615479 0.593415 -0.099049 -0.154195 0.421566 0.661299 9.775242 -1.125677 -0.067485 -0.043099
219573975 0.385673 -0.109616 -0.108889 0.401328 0.642940 9.777318 -1.136014 -0.065609 -0.041024
239532471 0.103627 -0.117408 -0.582013 0.340764 0.599388 9.782382 -1.107852 -0.061159 -0.034820
259490967 0.880787 -0.128779 -0.605083 0.340764 0.599388 9.782382 -1.107852 -0.061159 -0.034820
279449463 2.123119 0.031475 0.020417 0.370704 0.522667 9.785693 -1.130395 -0.053323 -0.037864
299407959 3.035401 -0.224071 0.319603 0.415904 0.481335 9.785996 -1.116473 -0.049102 -0.042474
319366455 4.267820 -0.484413 1.225425 0.415904 0.481335 9.785996 -1.119317 -0.049102 -0.042474
339324952 5.523397 -0.843944 1.638446 0.418594 0.439813 9.787835 -1.113919 -0.044864 -0.042741
359313965 7.563756 -0.685675 1.589294 0.355215 0.401660 9.791981 -1.098311 -0.040969 -0.036260
379272461 10.144076 -0.616598 0.266668 0.282949 0.410584 9.793965 -1.090794 -0.041880 -0.028882
399230957 11.546584 -1.460431 -0.944368 0.259693 0.456070 9.792597 -1.089778 -0.046523 -0.026513
419189454 12.600057 -2.580134 0.193980 0.293627 0.471603 9.790902 -1.065194 -0.048109 -0.029981
439147950 14.265204 -3.785384 0.942731 0.341162 0.461183 9.789858 -1.029277 -0.047045 -0.034834
459106446 15.091043 -5.705224 1.562000 0.337401 0.426153 9.791575 -0.994133 -0.043469 -0.034445
479064942 15.948931 -7.783134 1.738043 0.258806 0.377925 9.795947 -0.970927 -0.038547 -0.026414
499023438 16.000294 -10.657937 1.574415 0.210300 0.353579 9.798018 -0.884920 -0.036063 -0.021460
518981934 16.238424 -13.966534 1.498451 0.277916 0.364546 9.795931 -0.823551 -0.037182 -0.028363
538940430 18.000732 -17.836189 2.817347 0.468730 0.397272 9.787382 -0.746556 -0.040522 -0.047855
558929444 20.516308 -22.760666 4.824672 0.780391 0.463554 9.764554 -0.671214 -0.047287 -0.079751
578887940 21.884350 -28.975397 4.928060 1.060000 0.577612 9.732069 -0.577549 -0.058934 -0.108491
598846436 24.558506 -34.958065 8.130490 1.157536 0.632006 9.717565 -0.464506 -0.064491 -0.118559
618804932 31.138205 -39.124950 12.564980 1.164766 0.697055 9.712251 -0.356297 -0.071140 -0.119357
638763428 33.311073 -40.715233 8.284541 1.167012 1.011237 9.684311 -0.251449 -0.103301 -0.119927
658721924 33.871178 -41.060158 4.994856 1.011642 1.446734 9.646446 -0.088506 -0.148066 -0.104490
678680420 32.618393 -41.268066 4.547369 0.695632 1.782734 9.618126 0.087735 -0.182805 -0.072199
698638916 33.581078 -41.398449 7.493008 0.424554 1.988052 9.593634 0.324788 -0.204140 -0.044225
718597412 30.428946 -41.487999 11.157435 0.270646 2.116526 9.571701 0.588246 -0.217537 -0.028268
738586426 24.468929 -41.541920 13.266928 0.089938 2.202547 9.555684 0.915026 -0.226530 -0.009412
758544922 17.193033 -41.558697 11.305306 -0.195847 2.252532 9.542438 1.215502 -0.231764 0.020521
778503418 12.576370 -41.457664 7.394264 -0.505735 2.268918 9.527153 1.542945 -0.233481 0.053034
798461914 12.491800 -41.321762 8.482018 -0.727499 2.043619 9.563721 2.109759 -0.209930 0.075922
818420411 10.129762 -41.136108 6.827693 -0.727499 2.043619 9.563721 2.297075 -0.209930 0.075922
838378907 4.836943 -40.856102 5.623796 -0.838488 1.592833 9.640032 2.594491 -0.163146 0.086761
858337403 -0.930589 -40.571514 3.807401 -0.838488 1.592833 9.640032 2.594491 -0.163146 0.086761
878295899 -2.449579 -39.986691 1.164978 -0.963587 1.315975 9.670061 2.792424 -0.134598 0.099319
898254395 -2.950036 -35.047359 0.258993 -0.861006 1.111189 9.705376 2.939315 -0.113554 0.088483
918212891 -4.321254 -30.672558 0.798451 -0.596730 0.960143 9.741275 3.076319 -0.098064 0.061181
938171387 -5.392785 -26.156424 0.809512 -0.440258 0.783920 9.765348 -3.084462 -0.080023 0.045053
958160401 -6.229272 -22.576256 0.310732 -0.488531 0.590531 9.776655 -3.007353 -0.060254 0.049928
978118897 -6.360520 -19.092226 -1.639174 -0.650181 0.446241 9.774893 -2.943862 -0.045520 0.066418
998077393 -6.404363 -16.136292 -3.328090 -0.813815 0.354302 9.766400 -2.863649 -0.036137 0.083136
1018035889 -6.169321 -13.267845 -4.247503 -0.941855 0.277892 9.757360 -2.829248 -0.028341 0.096229
1037994385 -5.536757 -11.044661 -3.021313 -1.010333 0.174192 9.752912 -2.785019 -0.017764 0.103225
1057952881 -5.001909 -9.623530 -1.305605 -1.045245 0.040457 9.750704 -2.756922 -0.004125 0.106789
1077911377 -4.738861 -8.111296 -0.605074 -1.110491 -0.100635 9.743052 -2.721032 0.010262 0.113488
1097869873 -4.754934 -7.091061 -1.167850 -1.228502 -0.232370 9.726622 -2.679535 0.023697 0.125638
1117828370 -4.806180 -6.330241 -1.260983 -1.350159 -0.355880 9.706740 -2.641706 0.036298 0.138208
1137786866 -5.620153 -6.005466 -1.624764 -1.455977 -0.473845 9.686381 -2.624838 0.048338 0.149195
1157775879 -5.935705 -5.210900 -1.474575 -1.527397 -0.586843 9.669181 -2.576006 0.059877 0.156671
1177734375 -5.454092 -4.162913 -0.778347 -1.551705 -0.686113 9.658772 -2.560841 0.070021 0.159291
1197692871 -4.912340 -3.350014 -0.637901 -1.568331 -0.765858 9.650087 -2.518732 0.078175 0.161111
1217651368 -4.311984 -2.795945 -0.782989 -1.611252 -0.840362 9.636806 -2.509751 0.085798 0.165665
1237609864 -4.025249 -2.082502 -1.022435 -1.655500 -0.909956 9.622977 -2.490727 0.092923 0.170368
1257568360 -3.681063 -1.524201 -0.655478 -1.669251 -0.976296 9.614096 -2.447704 0.099720 0.171912
1277526856 -3.466430 -1.067945 -0.099751 -1.654352 -1.035879 9.610435 -2.448975 0.105828 0.170471
1297485352 -3.117414 -0.698425 -0.068516 -1.576317 -1.098997 9.616539 -2.434454 0.112302 0.162472
1317443848 -2.900460 -0.610627 -0.490669 -1.576317 -1.098997 9.616539 -2.424050 0.112302 0.162472
1337402344 -2.707926 -0.503149 -0.286246 -1.544607 -1.138434 9.617096 -2.423383 0.116350 0.159250
1357391358 -2.411483 -0.176995 0.341004 -1.526499 -1.197232 9.612847 -2.423737 0.122389 0.157483
1377349854 -2.072393 0.035375 0.674684 -1.506573 -1.249384 9.609353 -2.381669 0.127749 0.155516
1397308350 -1.857538 0.015437 0.489614 -1.471859 -1.278808 9.610862 -2.398722 0.130775 0.151965
1417266846 -1.850711 0.041782 0.285441 -1.451770 -1.305912 9.610273 -2.376692 0.133563 0.149931
1437225342 -1.654175 -0.096572 0.388971 -1.448649 -1.341012 9.605908 -2.384671 0.137175 0.149680
1457183838 -1.850670 -0.094646 0.505037 -1.453123 -1.378880 9.599871 -2.375802 0.141074 0.150229
1477142334 -1.481388 0.101897 0.660923 -1.457101 -1.408560 9.594957 -2.401977 0.144132 0.150710
1497100830 -0.885569 0.328033 0.596438 -1.457035 -1.422346 9.592934 -2.385822 0.145552 0.150734
