0 -0.391780 0.401986 -0.711275 0.662565 0.390281 9.776456 -0.915698 -0.039808 -0.067668
19958496 -0.026055 0.688427 -0.808349 0.631841 0.385572 9.778675 -0.914408 -0.039328 -0.064525
39916992 -0.019076 0.658436 -0.483927 0.652073 0.373654 9.777810 -0.916802 -0.038111 -0.066591
59906006 -0.470282 0.343089 -0.103338 0.652073 0.373654 9.777810 -0.891621 -0.038111 -0.066591
79864502 -0.073311 0.437923 0.135733 0.677012 0.372989 9.776141 -0.896063 -0.038043 -0.069141
99822998 0.327255 0.675765 -0.081397 0.682180 0.373885 9.775746 -0.897478 -0.038135 -0.069670
119781494 0.633983 0.839816 -0.211983 0.660038 0.365940 9.777567 -0.875247 -0.037324 -0.067403
139739990 0.670406 0.791493 -0.297864 0.628441 0.346159 9.780370 -0.904304 -0.035306 -0.064167
159698486 0.524485 0.604653 -0.311280 0.628441 0.346159 9.780370 -0.879832 -0.035306 -0.064167
179656983 0.602895 0.460339 -0.048830 0.630785 0.332013 9.780708 -0.866477 -0.033862 -0.064404
199615479 0.911202 0.368462 -0.194457 0.624233 0.318381 9.781582 -0.877028 -0.032472 -0.063731
219573975 1.790682 0.380714 -0.045023 0.593860 0.295493 9.784191 -0.877276 -0.030136 -0.060621
239532471 2.935131 0.467162 0.013404 0.547793 0.269020 9.787642 -0.867259 -0.027436 -0.055909
259521485 3.702000 0.019482 0.139672 0.504871 0.244924 9.790583 -0.866417 -0.024978 -0.051521
279479981 4.793047 -0.343190 0.473453 0.485029 0.228183 9.791989 -0.857689 -0.023270 -0.049493
299438477 6.331693 -0.743830 0.468748 0.518870 0.245906 9.789825 -0.864809 -0.025078 -0.052951
319396973 7.292830 -1.028173 0.246514 0.569430 0.291802 9.785755 -0.839161 -0.029760 -0.058124
339355469 8.040423 -0.979801 -0.567770 0.561067 0.341079 9.784644 -0.839359 -0.034787 -0.057279
359313965 8.680557 -1.063225 -1.057859 0.512971 0.378668 9.785901 -0.827667 -0.038623 -0.052371
379272461 8.406540 -2.231811 -1.142107 0.486106 0.404609 9.786234 -0.811237 -0.041270 -0.049632
399230957 8.253289 -3.913212 -0.030768 0.530214 0.414502 9.783529 -0.769510 -0.042280 -0.054142
419189453 8.936853 -4.875865 1.551319 0.639592 0.419853 9.776759 -0.732928 -0.042826 -0.065327
439147949 10.092908 -5.639198 1.503182 0.773228 0.467155 9.764951 -0.722479 -0.047655 -0.079019
459106445 11.261071 -6.499607 1.345941 0.855885 0.525628 9.755079 -0.666806 -0.053625 -0.087513
479095459 12.136884 -7.828154 0.580168 0.968990 0.696149 9.733798 -0.632849 -0.071047 -0.099222
499053955 12.556343 -9.455690 -0.159702 0.968990 0.696149 9.733798 -0.594021 -0.071047 -0.099222
519012451 13.623583 -10.939152 0.486253 1.018126 0.747646 9.724959 -0.526371 -0.076313 -0.104312
538970947 14.303870 -12.853027 1.801182 1.049815 0.758208 9.720772 -0.468593 -0.077393 -0.107580
558929444 15.074592 -15.053514 3.116433 1.049815 0.758208 9.720772 -0.392514 -0.077393 -0.107580
578887940 16.384651 -17.719473 4.171499 1.043501 0.778399 9.719855 -0.299128 -0.079458 -0.106948
598846436 18.263021 -20.056574 5.026947 1.138072 0.952689 9.693686 -0.211072 -0.097301 -0.116868
618804932 20.424715 -22.927830 5.939033 1.138072 0.952689 9.693686 -0.086950 -0.097301 -0.116868
638763428 22.252012 -26.617790 6.828861 1.000627 1.201113 9.681243 0.073062 -0.122788 -0.102992
658721924 21.321865 -31.827908 6.881034 1.000627 1.201113 9.681243 0.172322 -0.122788 -0.102992
678710938 18.944448 -35.800808 5.254587 0.649800 1.278594 9.701203 0.355982 -0.130753 -0.066881
698669434 17.586666 -38.836582 4.496131 0.194552 1.281512 9.720610 0.533526 -0.131053 -0.020012
718627930 14.801113 -40.365173 4.410283 -0.241748 1.212182 9.728441 0.784344 -0.123925 0.024845
738586426 10.746349 -40.229359 3.647479 -0.645191 1.111398 9.722083 1.040875 -0.113575 0.066266
758544922 8.441918 -39.282368 2.775426 -1.433315 0.836801 9.665183 1.395373 -0.085434 0.147224
778503418 7.785415 -36.619801 1.954273 -1.433315 0.836801 9.665183 1.551703 -0.085434 0.147224
798461914 8.093155 -34.508827 1.192956 -1.753495 0.701606 9.623065 1.808940 -0.071605 0.180240
818420410 7.181627 -32.577675 0.057423 -2.017314 0.510226 9.583345 2.010660 -0.052052 0.207473
838378906 5.067329 -29.696177 -0.480682 -2.017314 0.510226 9.583345 2.224904 -0.052052 0.207473
858367920 2.542337 -26.964035 0.503385 -1.928330 0.450862 9.604616 2.365300 -0.045991 0.198137
878326416 0.952710 -24.520102 1.195750 -1.796088 0.410729 9.632017 2.503647 -0.041895 0.184353
898284912 -0.436448 -21.824450 0.861914 -1.739703 0.375924 9.643781 2.642835 -0.038343 0.178477
918243408 -1.206435 -19.665068 0.090068 -1.748640 0.366712 9.642519 2.754604 -0.037403 0.179397
938201904 -1.754522 -17.595816 -0.883091 -1.773657 0.395297 9.636818 2.831212 -0.040320 0.182013
958160401 -1.889867 -15.808773 -1.458151 -1.791655 0.456299 9.630793 2.915456 -0.046546 0.183931
978118897 -2.387226 -14.184195 -2.886617 -1.811141 0.550302 9.622231 2.989283 -0.056145 0.186048
998077393 -2.541198 -12.467096 -3.460524 -1.862178 0.639866 9.606937 3.044429 -0.065295 0.191462
1018035889 -2.783694 -11.067505 -3.967990 -1.969347 0.690438 9.582032 3.116222 -0.070463 0.202702
1037994385 -2.982107 -9.848321 -4.409163 -2.146173 0.680995 9.544662 -3.124926 -0.069498 0.221177
1057983399 -3.613028 -8.948242 -4.186710 -2.339159 0.612872 9.503846 -3.093630 -0.062536 0.241331
1077941895 -4.006431 -8.168371 -3.441161 -2.468697 0.523501 9.476386 -3.051942 -0.053408 0.254846
1097900391 -4.101661 -7.251829 -3.004927 -2.500011 0.453212 9.471797 -3.022156 -0.046231 0.258057
1117858887 -4.083436 -6.580771 -2.526119 -2.469878 0.403936 9.481927 -2.975824 -0.041202 0.254820
1137817383 -3.631161 -5.989583 -1.897127 -2.447140 0.346160 9.490104 -2.982032 -0.035306 0.252365
1157775879 -3.392052 -5.142352 -1.644279 -2.460270 0.277078 9.488976 -2.955622 -0.028258 0.253690
1177734375 -2.963500 -4.521787 -0.963341 -2.484977 0.200851 9.484458 -2.936521 -0.020483 0.256245
1197692871 -2.486092 -3.676356 -0.627642 -2.506845 0.135710 9.479858 -2.920378 -0.013839 0.258522
1217651367 -2.242194 -3.150895 -0.543004 -2.510227 0.099501 9.479412 -2.925828 -0.010146 0.258867
1237609863 -1.844110 -2.709903 -0.983191 -2.505107 0.086389 9.480894 -2.907650 -0.008809 0.258323
1257568360 -1.733039 -2.270617 -1.055098 -2.515980 0.066769 9.478173 -2.900656 -0.006809 0.259466
1277557373 -1.749143 -1.814721 -1.246408 -2.541636 0.034473 9.471498 -2.894778 -0.003515 0.262169
1297515869 -1.386230 -1.379131 -1.282513 -2.564860 -0.004883 9.465298 -2.883832 0.000498 0.264621
1317474365 -1.139897 -0.879097 -1.153175 -2.574580 -0.052716 9.462513 -2.863864 0.005376 0.265651
1337432861 -0.929100 -0.409300 -0.557806 -2.558585 -0.107586 9.466386 -2.867099 0.010971 0.263974
1357391358 -0.945620 -0.394639 -0.248810 -2.520655 -0.160965 9.475801 -2.859544 0.016415 0.259989
1377349854 -1.424716 -0.768280 -0.096626 -2.489681 -0.218874 9.482825 -2.845393 0.022321 0.256752
1397308350 -1.662241 -0.898647 0.019821 -2.490352 -0.351949 9.478642 -2.837383 0.035897 0.256926
1417266846 -1.526382 -0.785499 0.109507 -2.490352 -0.351949 9.478642 -2.827323 0.035897 0.256926
1437225342 -1.114386 -0.382417 0.174700 -2.486664 -0.407653 9.477379 -2.826127 0.041581 0.256595
1457183838 -1.012657 -0.361466 0.257628 -2.462276 -0.451587 9.481753 -2.801969 0.046065 0.254074
1477172852 -0.973100 -0.328748 0.146160 -2.434019 -0.486848 9.487303 -2.796159 0.049665 0.251139
1497131348 -0.857895 -0.190058 0.213806 -2.410807 -0.519511 9.491497 -2.817108 0.053000 0.248737
