0 -0.395208 0.012726 0.386600 0.026580 0.448404 9.796357 2.337479 -0.045740 -0.002713
19958496 -0.414020 0.070134 0.208645 0.026580 0.448404 9.796357 2.352097 -0.045740 -0.002713
39916992 -0.527795 -0.026035 -0.149680 0.040657 0.453219 9.796087 2.352443 -0.046232 -0.004150
59875488 -0.444265 -0.026996 -0.048828 0.044309 0.453645 9.796051 2.339154 -0.046275 -0.004523
79833984 -0.290136 -0.054885 -0.115284 0.042179 0.454621 9.796016 2.335167 -0.046375 -0.004306
99792481 -0.427983 -0.149322 -0.238797 0.046085 0.453803 9.796036 2.343616 -0.046292 -0.004704
119750977 -0.548245 -0.167423 -0.047215 0.049872 0.447722 9.796297 2.334005 -0.045671 -0.005091
139709473 -0.355256 -0.142329 0.034031 0.055224 0.441875 9.796535 2.339537 -0.045074 -0.005637
159698486 -0.609304 -0.270623 -0.113977 0.058582 0.440712 9.796567 2.312110 -0.044955 -0.005980
179656983 -1.062717 -0.388287 -0.013848 0.076581 0.418488 9.797418 2.318400 -0.042687 -0.007816
199615479 -1.376380 -0.423567 0.343282 0.088591 0.405776 9.797852 2.308172 -0.041389 -0.009042
219573975 -1.477097 -0.379861 0.341692 0.088591 0.405776 9.797852 2.312255 -0.041389 -0.009042
239532471 -2.288462 -0.457660 0.244794 0.088738 0.405093 9.797877 2.312736 -0.041320 -0.009057
259490967 -3.216029 -0.583216 0.591475 0.071657 0.406239 9.797971 2.291900 -0.041437 -0.007313
279449463 -3.331248 -0.780092 0.879759 0.046237 0.407187 9.798084 2.287921 -0.041533 -0.004719
299407959 -3.510547 -0.737464 0.623592 0.032115 0.417161 9.797721 2.259641 -0.042551 -0.003278
319366455 -4.096330 -0.657654 0.526263 0.083805 0.438204 9.796496 2.252778 -0.044699 -0.008554
339324951 -4.345420 -0.947033 0.520329 0.083805 0.438204 9.796496 2.229831 -0.044699 -0.008554
359313965 -4.094577 -1.362392 0.400084 0.107864 0.454565 9.795515 2.207795 -0.046369 -0.011011
379272461 -3.852468 -1.330128 0.605236 0.110794 0.472455 9.794637 2.175091 -0.048196 -0.011311
399230957 -3.309704 -1.292733 0.205235 0.087212 0.560779 9.790215 2.119059 -0.057215 -0.008908
419189453 -3.395151 -1.442035 -0.283113 0.087212 0.560779 9.790215 2.098032 -0.057215 -0.008908
439147949 -3.426933 -1.908230 -0.192770 0.038530 0.614487 9.787304 2.057119 -0.062701 -0.003937
459106445 -3.116265 -2.167351 0.523091 -0.120851 0.707837 9.780325 1.993545 -0.072242 0.012356
479064941 -3.065275 -2.465709 0.589660 -0.120851 0.707837 9.780325 1.958870 -0.072242 0.012356
499023438 -2.948840 -2.660329 0.136229 -0.205431 0.776264 9.773719 1.926671 -0.079240 0.021016
518981934 -2.929283 -3.165953 -0.165645 -0.254891 0.836880 9.767550 1.885197 -0.085442 0.026090
538940430 -3.035807 -3.407998 0.361349 -0.269724 0.863861 9.764804 1.820748 -0.088204 0.027615
558929443 -2.779279 -3.824351 0.763142 -0.263730 0.876020 9.763884 1.779925 -0.089448 0.027004
578887940 -2.644415 -4.272014 0.750495 -0.256820 0.899528 9.761931 1.703400 -0.091855 0.026302
598846436 -2.873418 -4.699637 0.624686 -0.252773 0.940026 9.758220 1.657089 -0.096003 0.025898
618804932 -2.689682 -4.826982 0.180648 -0.239203 0.989302 9.753689 1.603647 -0.101053 0.024519
638763428 -2.692251 -5.225409 -0.199784 -0.212274 1.040218 9.749013 1.538406 -0.106273 0.021770
658721924 -2.556831 -5.768521 -0.200624 -0.185811 1.079951 9.745234 1.484744 -0.110348 0.019065
678680420 -2.554381 -6.441061 0.002935 -0.247321 1.180965 9.732140 1.398274 -0.120718 0.025407
698638916 -2.223059 -6.743451 0.300560 -0.247321 1.180965 9.732140 1.339140 -0.120718 0.025407
718597412 -2.648798 -7.021149 -0.398338 -0.368303 1.287574 9.714777 1.296790 -0.131676 0.037893
738586426 -3.112966 -7.359870 -1.344310 -0.498637 1.408464 9.692161 1.210933 -0.144122 0.051402
758544922 -3.132380 -7.931563 -0.971258 -0.571648 1.480964 9.677312 1.152315 -0.151596 0.059002
778503418 -2.908456 -8.553327 0.912593 -0.517958 1.469380 9.682098 1.075956 -0.150401 0.053446
798461914 -2.465924 -8.865519 2.026896 -0.517958 1.469380 9.682098 1.001051 -0.150401 0.053446
818420410 -2.677018 -9.485668 1.401617 -0.510155 1.517904 9.675024 0.929960 -0.155408 0.052680
838378906 -2.866022 -9.795862 0.938166 -0.557879 1.602181 9.658787 0.840580 -0.164113 0.057695
858337402 -2.423671 -9.604564 0.844269 -0.627985 1.678644 9.641482 0.773341 -0.172021 0.065042
878295899 -2.259431 -10.410932 1.020651 -0.687827 1.727646 9.628735 0.688589 -0.177095 0.071314
898254395 -1.533078 -10.786527 2.371370 -0.713592 1.720556 9.628129 0.610597 -0.176361 0.073980
918212891 -0.436955 -10.618192 3.501410 -0.672395 1.691138 9.636302 0.506739 -0.173314 0.069664
938201904 -0.400887 -10.431223 3.140828 -0.672395 1.691138 9.636302 0.437192 -0.173314 0.069664
958160400 -0.646639 -10.230679 1.940174 -0.631251 1.733115 9.631626 0.358906 -0.177662 0.065446
978118897 -0.862352 -9.992850 1.132214 -0.591217 1.781729 9.625295 0.297266 -0.182701 0.061346
998077393 -0.853526 -9.521242 0.771300 -0.586379 1.822468 9.617960 0.213425 -0.186927 0.060892
1018035889 -1.340763 -9.784953 0.826661 -0.624432 1.849926 9.610319 0.129425 -0.189777 0.064884
1037994385 -1.015305 -10.048826 1.424211 -0.688529 1.841566 9.607546 0.053348 -0.188909 0.071543
1057952881 -0.083588 -10.092388 2.333973 -0.755937 1.799113 9.610522 -0.024982 -0.184503 0.078496
1077911377 1.251807 -9.665118 2.482936 -0.811500 1.760639 9.613116 -0.110855 -0.180514 0.084216
1097869873 1.712844 -8.950747 1.728883 -0.873266 1.749391 9.609757 -0.197465 -0.179348 0.090624
1117828369 1.003928 -8.556417 1.157457 -0.956497 1.743748 9.602857 -0.245065 -0.178763 0.099278
1137817383 0.846686 -8.576133 1.447812 -1.033532 1.703966 9.602015 -0.326534 -0.174643 0.107224
1157775879 1.812907 -8.479400 2.276756 -1.068079 1.613148 9.613914 -0.400145 -0.165246 0.110643
1177734375 3.387313 -7.939106 2.282116 -0.983433 1.385593 9.658332 -0.488321 -0.141766 0.101472
1197692871 4.301870 -7.549100 1.999722 -0.983433 1.385593 9.658332 -0.551485 -0.141766 0.101472
1217651367 4.514456 -6.918569 1.682746 -0.920586 1.277216 9.679443 -0.610411 -0.130611 0.094822
1237609863 3.899073 -6.353327 1.655872 -0.936747 1.196774 9.688169 -0.686605 -0.122342 0.096390
1257568359 3.868420 -5.953626 1.373494 -1.030200 1.152996 9.683990 -0.738779 -0.117845 0.105983
1277526856 4.509205 -5.442234 0.555017 -1.224818 1.108690 9.666489 -0.782434 -0.113297 0.126036
1297485352 5.124033 -5.023207 0.200743 -1.246613 1.039448 9.671396 -0.872176 -0.106194 0.128190
1317443848 4.759697 -4.621851 0.317680 -1.246613 1.039448 9.671396 -0.888686 -0.106194 0.128190
1337432861 3.934165 -4.238848 0.657123 -1.208147 0.930010 9.687407 -0.919851 -0.094977 0.124073
1357391358 3.775108 -3.807888 1.679824 -1.143727 0.785737 9.707981 -0.976257 -0.080209 0.117273
1377349854 4.279773 -3.470875 1.613647 -1.079569 0.665057 9.724331 -1.018573 -0.067869 0.110565
1397308350 4.699233 -3.282625 1.313036 -1.047281 0.581154 9.733234 -1.057830 -0.059296 0.107186
1417266846 4.906477 -2.976567 1.415354 -1.030592 0.516960 9.738635 -1.114660 -0.052740 0.105433
1437225342 4.650546 -2.651095 0.844619 -1.012310 0.473918 9.742741 -1.136226 -0.048345 0.103532
1457183838 4.321832 -2.201244 0.561687 -0.986003 0.435562 9.747230 -1.147954 -0.044430 0.100814
1477142334 3.929587 -1.669855 0.789801 -0.954049 0.392568 9.752234 -1.169705 -0.040042 0.097518
1497100830 3.394306 -1.240831 0.631293 -0.915849 0.363793 9.757010 -1.215077 -0.037105 0.093591
