0 0.959049 0.033801 -0.424478 0.385438 0.899634 9.757689 -1.392738 -0.091866 -0.039480
19958497 0.510586 -0.191811 -0.556137 0.348903 0.911385 9.757973 -1.378963 -0.093070 -0.035740
39916993 0.115601 -0.261370 -0.451822 0.330579 0.929356 9.756915 -1.348904 -0.094910 -0.033869
59875489 0.246678 -0.243160 0.016645 0.330579 0.929356 9.756915 -1.383127 -0.094910 -0.033869
79833985 1.126080 0.101351 -0.443152 0.362380 0.959104 9.752906 -1.399953 -0.097958 -0.037139
99792481 1.821736 0.736818 -0.359430 0.383331 0.978760 9.750152 -1.381595 -0.099972 -0.039295
119750977 1.568528 0.642210 -0.353455 0.386839 0.989870 9.748892 -1.394995 -0.101111 -0.039660
139709473 0.420978 -0.027346 0.267973 0.413379 0.983050 9.748493 -1.358503 -0.100412 -0.042379
159698487 -0.513301 -0.400077 1.137390 0.413379 0.983050 9.748493 -1.356420 -0.100412 -0.042379
179656983 -0.050995 -0.120032 1.297991 0.456892 0.996145 9.745221 -1.364231 -0.101754 -0.046849
199615479 0.692470 0.107173 1.193733 0.487548 1.021949 9.741063 -1.363014 -0.104399 -0.050009
219573975 0.930406 -0.102004 0.914345 0.481181 1.047911 9.738621 -1.370048 -0.107062 -0.049369
239532471 1.528194 -0.490816 0.356841 0.472852 1.079430 9.735585 -1.355652 -0.110295 -0.048531
259490967 2.660428 -0.270060 0.087632 0.487894 1.113707 9.730982 -1.355204 -0.113812 -0.050096
279449463 3.914713 -0.115375 -0.353902 0.509945 1.169225 9.723335 -1.326255 -0.119512 -0.052398
299407959 5.057502 -0.573446 -0.262337 0.506808 1.172447 9.723112 -1.356246 -0.119843 -0.052077
319366455 6.287511 -1.019144 0.416035 0.506808 1.172447 9.723112 -1.323203 -0.119843 -0.052077
339324952 7.061141 -1.522023 0.423562 0.494852 1.196143 9.720841 -1.318562 -0.122277 -0.050862
359313965 7.099702 -2.050338 -0.106835 0.494852 1.196143 9.720841 -1.299490 -0.122277 -0.050862
379272461 7.056408 -2.634988 0.247458 0.432377 1.188192 9.724794 -1.267163 -0.121460 -0.044432
399230957 7.620256 -2.779796 0.508660 0.379866 1.174175 9.728689 -1.212774 -0.120020 -0.039026
419189454 8.124496 -3.343262 1.369193 0.395325 1.170269 9.728544 -1.169406 -0.119619 -0.040613
439147950 8.156577 -4.296523 2.482993 0.436640 1.158351 9.728204 -1.149992 -0.118395 -0.044854
459106446 7.223710 -5.678035 3.657111 0.466223 1.147794 9.728083 -1.111310 -0.117311 -0.047889
479064942 7.547045 -6.372959 4.190483 0.494527 1.246711 9.714501 -1.075198 -0.127474 -0.050862
499023438 8.559116 -6.776970 3.167735 0.494527 1.246711 9.714501 -1.038879 -0.127474 -0.050862
518981934 9.458981 -7.366286 2.215811 0.473140 1.455223 9.686529 -0.955575 -0.148942 -0.048806
538940430 9.460135 -8.820823 2.362866 0.473140 1.455223 9.686529 -0.934109 -0.148942 -0.048806
558929444 8.928669 -10.447253 2.782585 0.424198 1.533806 9.676666 -0.861179 -0.157050 -0.043809
578887940 7.320964 -12.362823 3.417539 0.366944 1.607075 9.667111 -0.795098 -0.164619 -0.037940
598846436 6.948354 -13.858908 3.786455 0.322840 1.700939 9.652615 -0.700227 -0.174329 -0.033433
618804932 7.609243 -14.978136 3.512227 0.288593 1.820345 9.631898 -0.635253 -0.186706 -0.029953
638763428 7.526595 -16.206100 3.915924 0.245797 1.932194 9.611274 -0.549955 -0.198327 -0.025568
658721924 6.539217 -17.652349 3.782462 0.204355 2.047431 9.588359 -0.444417 -0.210327 -0.021310
678680420 6.215868 -18.853317 3.642669 0.195862 2.175617 9.560266 -0.342412 -0.223713 -0.020484
698638916 6.491969 -19.806597 4.447718 0.217380 2.294046 9.532077 -0.244545 -0.236115 -0.022801
718597413 7.169912 -20.562935 5.489582 0.254195 2.503104 9.478409 -0.115314 -0.258102 -0.026812
738555909 7.207825 -21.875050 5.809183 0.254195 2.503104 9.478409 -0.020641 -0.258102 -0.026812
758544922 6.732924 -22.987270 6.119341 0.197737 2.588702 9.456738 0.106317 -0.267140 -0.020907
778503418 5.877492 -23.887325 6.257370 0.070666 2.652179 9.440940 0.242364 -0.273857 -0.007485
798461914 5.801826 -24.465227 6.262869 -0.049516 2.719470 9.421912 0.403020 -0.280992 0.005255
818420411 7.215566 -24.427940 6.910255 -0.126389 2.781300 9.403127 0.530669 -0.287560 0.013440
838378907 8.379016 -24.517796 7.315576 -0.208270 2.830844 9.386869 0.673608 -0.292833 0.022184
858337403 8.801201 -25.579140 7.608817 -0.379117 2.844871 9.377279 0.807920 -0.294327 0.040407
878295899 7.946158 -26.347221 7.229894 -0.655545 2.815958 9.370754 0.957412 -0.291248 0.069843
898254395 6.967569 -26.795013 6.735717 -0.952814 2.767762 9.359595 1.141538 -0.286121 0.101451
918212891 7.934010 -26.572075 7.317888 -1.161417 2.715986 9.351198 1.309957 -0.280622 0.123567
938171387 8.244890 -26.922087 6.980786 -1.294827 2.672580 9.346182 1.504810 -0.276019 0.137664
958129883 7.813290 -27.738049 6.259407 -1.448263 2.604164 9.342978 1.643703 -0.268775 0.153787
978118897 7.201439 -27.772682 6.351850 -1.673835 2.461538 9.343955 1.829671 -0.253720 0.177256
998077393 6.181180 -27.320210 6.158038 -1.915518 2.283664 9.342700 2.000289 -0.235027 0.202226
1018035889 6.715020 -26.402599 6.034925 -2.093657 2.120573 9.342920 2.171239 -0.217960 0.220448
1037994385 6.672292 -25.904249 5.234916 -2.226558 1.980215 9.342996 2.328085 -0.203324 0.233949
1057952881 5.911851 -25.546602 4.643521 -2.319824 1.852248 9.346549 2.493988 -0.190018 0.243285
1077911377 4.550290 -25.207777 3.835795 -2.418610 1.716348 9.347453 2.690372 -0.175925 0.253192
1097869873 2.353360 -24.329824 2.858440 -2.543834 1.570309 9.339884 2.834549 -0.160819 0.265913
1117828370 -0.196742 -23.138712 1.513834 -2.638160 1.445136 9.333920 2.971222 -0.147901 0.275457
1137786866 -1.678323 -21.809580 0.744338 -2.657207 1.356398 9.341832 3.091147 -0.138759 0.277123
1157745362 -2.009423 -19.943106 0.952982 -2.614443 1.287561 9.363613 -3.072243 -0.131675 0.272279
1177734375 -2.531927 -18.277624 0.673146 -2.533545 1.250877 9.390785 -2.984480 -0.127902 0.263517
1197692872 -3.784190 -16.805578 -0.196866 -2.433312 1.247682 9.417679 -2.900644 -0.127574 0.252847
1217651368 -4.658440 -15.269781 -1.330113 -2.345963 1.261102 9.438033 -2.814202 -0.128954 0.243627
1237609864 -4.713392 -13.665822 -1.756203 -2.288416 1.212368 9.458526 -2.760306 -0.123944 0.237381
1257568360 -5.028185 -12.037413 -2.264987 -2.288416 1.212368 9.458526 -2.677440 -0.123944 0.237381
1277526856 -5.328446 -10.694320 -2.110294 -2.287754 1.145833 9.466976 -2.621487 -0.117110 0.237110
1297485352 -5.258262 -9.319397 -1.650108 -2.194663 0.994619 9.506029 -2.589941 -0.101598 0.226895
1317443848 -5.444945 -8.265836 -1.362712 -2.194663 0.994619 9.506029 -2.534460 -0.101598 0.226895
1337402344 -5.653944 -7.408171 -1.156275 -2.147290 0.912561 9.525059 -2.502774 -0.093190 0.221729
1357360840 -5.560570 -6.708988 -0.869846 -2.105988 0.829837 9.541832 -2.480261 -0.084721 0.217228
1377349854 -5.307689 -5.910338 -0.890224 -2.084370 0.747377 9.553388 -2.421726 -0.076285 0.214815
1397308350 -5.035437 -5.352114 -0.954189 -2.078271 0.556544 9.567729 -2.427391 -0.056782 0.213894
1417266846 -5.124553 -4.860700 -0.768299 -2.078271 0.556544 9.567729 -2.360927 -0.056782 0.213894
1437225342 -5.309052 -4.366167 -0.536724 -2.055808 0.456456 9.577875 -2.346564 -0.046562 0.211433
1457183838 -5.361203 -3.795314 -0.250277 -2.023711 0.362880 9.588707 -2.310419 -0.037012 0.207999
1477142334 -4.891148 -3.012561 0.015367 -2.004085 0.279281 9.595626 -2.311866 -0.028483 0.205894
1497100830 -4.134657 -2.483883 -0.029755 -1.999073 0.213882 9.598351 -2.290195 -0.021812 0.205337
1517059327 -3.844551 -2.262811 -0.705460 -1.988519 0.168226 9.601452 -2.287840 -0.017155 0.204219
