0 0.142565 0.183805 -0.796911 0.450237 0.794952 9.764002 -1.156053 -0.081152 -0.046079
19958496 -0.176935 0.150488 -0.115259 0.488405 0.786477 9.762854 -1.163176 -0.080285 -0.049985
39916992 -0.661460 -0.004414 -0.134617 0.525335 0.776770 9.761713 -1.160190 -0.079292 -0.053764
59875488 -0.877261 -0.097391 0.068387 0.502713 0.742267 9.765588 -1.191584 -0.075763 -0.051433
79833984 -0.470788 0.165184 0.119869 0.502713 0.742267 9.765588 -1.186456 -0.075763 -0.051433
99792480 0.538716 0.427512 -0.366159 0.488881 0.743000 9.766234 -1.184604 -0.075838 -0.050017
119781494 1.565133 0.901967 -0.585145 0.504142 0.744153 9.765370 -1.180208 -0.075955 -0.051580
139739990 1.685578 0.828043 -0.041384 0.569484 0.748687 9.761431 -1.200701 -0.076419 -0.058274
159698486 1.426075 0.433251 0.067227 0.621284 0.750735 9.758115 -1.180621 -0.076629 -0.063583
179656982 1.729451 0.145827 0.591851 0.626932 0.738465 9.758689 -1.182713 -0.075374 -0.064155
199615478 2.672593 0.293401 0.971247 0.596334 0.719209 9.762044 -1.183751 -0.073405 -0.061011
219573975 3.209561 0.230947 0.417752 0.548415 0.719653 9.764821 -1.177873 -0.073450 -0.056103
239532471 3.605331 -0.162180 -0.147816 0.456904 0.719653 9.769530 -1.181578 -0.073450 -0.046734
259490967 4.634783 -0.657344 -0.034610 0.348777 0.705823 9.774997 -1.172569 -0.072036 -0.035665
279449463 5.842729 -1.765762 0.356748 0.295001 0.719445 9.775774 -1.157571 -0.073429 -0.030168
299407959 7.374863 -2.215364 0.674287 0.266424 0.732996 9.775589 -1.132032 -0.074815 -0.027247
319396973 8.212953 -2.707084 0.431327 0.266424 0.732996 9.775589 -1.132032 -0.074815 -0.027247
339355469 8.681889 -3.378242 0.309858 0.180410 0.736150 9.777318 -1.116404 -0.075137 -0.018450
359313965 10.018014 -3.214428 0.443562 0.090106 0.736883 9.778511 -1.098807 -0.075212 -0.009214
379272461 11.804575 -3.171540 1.111473 0.027438 0.773828 9.776033 -1.081379 -0.078991 -0.002807
399230957 12.509881 -4.328035 1.513706 0.027438 0.773828 9.776033 -1.048854 -0.078991 -0.002807
419189453 11.618640 -6.310153 2.466960 0.011741 0.785375 9.775144 -0.954150 -0.080172 -0.001201
439147949 10.863302 -8.013089 3.680154 -0.007926 0.814708 9.772747 -0.916445 -0.083173 0.000811
459106445 11.627890 -9.342448 4.691769 -0.007926 0.814708 9.772747 -0.916445 -0.083173 0.000811
479064941 13.578448 -10.613832 5.155403 0.124502 0.982440 9.756521 -0.805253 -0.100349 -0.012760
499023437 15.299802 -12.815912 6.117009 0.124502 0.982440 9.756521 -0.805253 -0.100349 -0.012760
518981934 15.384656 -16.632416 6.655970 0.206907 1.097478 9.742849 -0.735540 -0.112147 -0.021234
538970947 13.297813 -20.283941 6.687737 0.203019 1.198628 9.731005 -0.598391 -0.122532 -0.020860
558929443 13.092600 -22.029482 7.839764 0.154708 1.274097 9.722300 -0.494121 -0.130290 -0.015911
578887939 13.991756 -24.081079 7.445785 0.191196 1.419019 9.701557 -0.485787 -0.145209 -0.019705
598846435 14.239055 -26.997108 7.571656 0.445690 1.809070 9.628033 -0.276264 -0.185536 -0.046258
618804932 14.207287 -30.750595 9.430197 0.485196 1.959296 9.596673 -0.276510 -0.201146 -0.050516
638763428 14.546717 -34.627819 12.498036 0.485196 1.959296 9.596673 -0.016421 -0.201146 -0.050516
658721924 13.471171 -38.045452 12.505067 0.424018 2.120695 9.565209 0.001697 -0.217973 -0.044300
678680420 11.805923 -41.535896 11.097607 0.169585 2.586117 9.457993 0.329564 -0.266867 -0.017928
698638916 12.152342 -42.115814 10.531971 0.169585 2.586117 9.457993 0.329564 -0.266867 -0.017928
718597412 12.275812 -42.216187 8.904070 -0.325032 2.913353 9.358264 0.782152 -0.301632 0.034718
738586426 12.516796 -42.170307 8.971181 -0.325032 2.913353 9.358264 0.904367 -0.301632 0.034718
758544922 11.925013 -42.091980 9.813871 -1.193012 2.806243 9.320521 1.236623 -0.290214 0.127306
778503418 10.438298 -42.008766 8.240705 -1.547135 2.733015 9.290176 1.461527 -0.282430 0.165020
798461914 12.119711 -41.912987 6.688982 -1.547135 2.733015 9.290176 1.461527 -0.282430 0.165020
818420410 12.789682 -41.095184 4.412981 -1.926099 2.510897 9.282022 1.961366 -0.258924 0.204605
838378906 10.819389 -41.243813 3.486269 -1.926099 2.510897 9.282022 1.961366 -0.258924 0.204605
858337402 8.952896 -40.296940 6.069156 -1.918272 2.288910 9.340852 2.214054 -0.235577 0.202548
878295898 8.031126 -38.104439 7.376545 -1.851675 1.844246 9.452006 2.434163 -0.189187 0.193453
898254394 7.712220 -36.120121 5.021311 -1.851675 1.844246 9.452006 2.768239 -0.189187 0.193453
918212891 5.567114 -35.096348 3.630075 -1.902769 1.465361 9.508027 2.976602 -0.149987 0.197513
938201904 0.599475 -33.833389 2.235546 -1.902769 1.465361 9.508027 3.116691 -0.149987 0.197513
958160400 -4.166808 -30.891233 0.530552 -1.779309 1.223338 9.565975 -3.021232 -0.125072 0.183902
978118896 -6.529156 -27.058544 0.099255 -1.707279 1.126337 9.590982 -3.005068 -0.115108 0.176164
998077392 -5.887154 -23.435026 0.721292 -1.707279 1.126337 9.590982 -2.921126 -0.115108 0.176164
1018035889 -3.783051 -19.928759 -0.343721 -1.636231 1.060762 9.610824 -2.754523 -0.108380 0.168632
1037994385 -3.882670 -17.286018 -1.178202 -1.454386 0.922297 9.654248 -2.670262 -0.094187 0.149523
1057952881 -5.811540 -15.593067 -0.927657 -1.454386 0.922297 9.654248 -2.670262 -0.094187 0.149523
1077911377 -7.316801 -13.893978 -0.886142 -1.432127 0.789806 9.669312 -2.488939 -0.080625 0.147042
1097869873 -7.763126 -11.905351 -0.755040 -1.479295 0.621685 9.674481 -2.525390 -0.063437 0.151732
1117828369 -7.364670 -10.461807 -0.429827 -1.550874 0.441368 9.673178 -2.482974 -0.045022 0.158974
1137817383 -7.017955 -9.400607 -0.318020 -1.620618 0.121786 9.671047 -2.362674 -0.012419 0.166032
1157775879 -6.853071 -8.418401 -0.286027 -1.620618 0.121786 9.671047 -2.362674 -0.012419 0.166032
1177734375 -6.751301 -7.525135 0.238173 -1.641321 -0.028592 9.668280 -2.348159 0.002916 0.168160
1197692871 -6.522280 -6.686020 0.871262 -1.768721 -0.283009 9.641676 -2.300089 0.028863 0.181428
1217651367 -6.011170 -5.579541 0.336314 -1.768721 -0.283009 9.641676 -2.300089 0.028863 0.181428
1237609863 -4.929235 -4.393836 -0.737396 -1.833414 -0.350555 9.627361 -2.233565 0.035754 0.188185
1257568359 -4.246050 -3.774237 -0.844983 -1.852068 -0.401640 9.621794 -2.213812 0.040967 0.190161
1277526855 -4.386318 -3.298645 -0.911084 -1.868111 -0.535038 9.612194 -2.244225 0.054586 0.191955
1297485351 -4.001880 -2.823697 -0.494964 -1.868111 -0.535038 9.612194 -2.210149 0.054586 0.191955
1317443848 -3.286675 -2.140954 -0.138916 -1.951956 -0.682809 9.586138 -2.166567 0.069683 0.200877
1337402344 -2.862242 -1.622004 -0.226583 -1.951956 -0.682809 9.586138 -2.142692 0.069683 0.200877
1357391357 -2.676958 -0.990027 -0.386524 -1.983407 -0.737372 9.575634 -2.159937 0.075262 0.204242
1377349853 -2.300424 -0.672900 -0.443637 -1.986498 -0.780482 9.571576 -2.133664 0.079671 0.204636
1397308350 -2.206352 -0.459092 -0.118723 -1.970218 -0.829640 9.570806 -2.142434 0.084701 0.203021
1417266846 -2.485174 -0.483671 0.942512 -1.931948 -0.932287 9.569160 -2.091277 0.095211 0.199215
1437225342 -2.773433 -0.948189 0.688972 -1.931948 -0.932287 9.569160 -2.097401 0.095211 0.199215
1457183838 -2.420805 -1.004696 0.579679 -1.905674 -0.955635 9.572124 -2.072741 0.097603 0.196516
1477142334 -1.994560 -0.992917 0.372336 -1.859666 -0.965634 9.580166 -2.068430 0.098627 0.191732
1497100830 -1.819444 -0.855804 0.411165 -1.856081 -1.041992 9.572858 -2.075917 0.106455 0.191514
