0 -0.431128 0.292709 -0.582190 -0.331784 0.816553 9.766962 2.460904 -0.083362 0.033957
19958496 -0.379094 0.326212 -0.528974 -0.282373 0.800961 9.769806 2.457955 -0.081766 0.028895
39916992 -0.208442 0.303500 -0.557137 -0.282373 0.800961 9.769806 2.451482 -0.081766 0.028895
59875488 0.275848 0.206104 0.035565 -0.280717 0.775940 9.771873 2.451743 -0.079207 0.028719
79864502 0.627260 0.032402 -0.256535 -0.273674 0.750168 9.774085 2.448694 -0.076571 0.027993
99822998 0.508425 0.008114 -0.415165 -0.273674 0.750168 9.774085 2.461076 -0.076571 0.027993
119781494 0.547712 -0.139126 -0.196651 -0.236194 0.726667 9.776837 2.451083 -0.074167 0.024154
139739990 0.315538 -0.253857 -0.097705 -0.189165 0.701532 9.779696 2.447950 -0.071598 0.019340
159698486 0.281806 -0.280380 -0.194057 -0.095364 0.665620 9.783569 2.472062 -0.067927 0.009747
179656982 -0.260408 -0.333492 -0.385642 -0.095364 0.665620 9.783569 2.459310 -0.067927 0.009747
199615478 -1.057804 -0.290983 0.444069 -0.070234 0.637366 9.785665 2.448380 -0.065039 0.007177
219573974 -1.330228 -0.229819 0.403448 -0.053285 0.618597 9.786975 2.465266 -0.063121 0.005444
239532470 -2.401201 -0.768054 -0.161798 -0.020160 0.614762 9.787341 2.454041 -0.062729 0.002060
259490966 -3.721632 -0.947579 0.137684 0.035836 0.592755 9.788653 2.438781 -0.060481 -0.003661
279479980 -5.048291 -0.739760 0.764681 0.097119 0.551878 9.790627 2.440928 -0.056306 -0.009919
299438476 -7.358380 -0.419302 2.009066 0.130964 0.511349 9.792434 2.440369 -0.052167 -0.013373
319396972 -9.442702 -1.004227 2.552944 0.113730 0.501627 9.793152 2.426179 -0.051174 -0.011613
339355468 -10.359006 -1.751905 2.629008 0.081423 0.516122 9.792721 2.387020 -0.052654 -0.008314
359313964 -10.785867 -2.495226 1.962446 0.092606 0.549673 9.790795 2.342898 -0.056080 -0.009458
379272461 -12.132309 -2.931544 2.641475 0.160163 0.574245 9.788512 2.306587 -0.058590 -0.016361
399230957 -16.618061 -3.275952 6.601739 0.199090 0.569397 9.788081 2.264746 -0.058095 -0.020337
419189453 -21.601797 -4.215031 8.515780 0.149897 0.614907 9.786205 2.213417 -0.062744 -0.015316
439147949 -23.305593 -6.827863 6.589887 0.096153 0.812211 9.772485 2.128981 -0.082917 -0.009839
459136962 -22.067240 -11.920696 4.992943 0.199090 1.054420 9.747766 1.999449 -0.107729 -0.020421
479095459 -19.188793 -17.198450 5.747738 0.469995 1.211860 9.720128 1.876954 -0.123892 -0.048315
499053955 -15.026940 -21.745213 7.203488 0.808901 1.306209 9.685551 1.755127 -0.133593 -0.083323
519012451 -12.968198 -25.274113 7.031365 1.165429 1.603499 9.604216 1.618458 -0.164249 -0.120755
538970947 -13.667838 -27.778637 6.913963 1.165429 1.603499 9.604216 1.538155 -0.164249 -0.120755
558929443 -13.955071 -30.345648 8.881580 0.995841 1.985200 9.551841 1.371065 -0.203843 -0.103881
578887939 -13.616891 -33.096928 7.836021 0.995841 1.985200 9.551841 1.268724 -0.203843 -0.103881
598846435 -14.381818 -35.333714 6.730368 0.847442 2.225081 9.513215 1.152854 -0.228888 -0.088846
618804931 -14.379017 -37.180401 7.866872 0.794435 2.478050 9.455080 0.987788 -0.255460 -0.083825
638763427 -14.871094 -38.390366 9.553714 0.794435 2.478050 9.455080 0.856905 -0.255460 -0.083825
658752441 -15.063385 -39.739174 9.052839 0.770629 2.569716 9.432553 0.717930 -0.265134 -0.081518
678710937 -14.685631 -41.017830 8.269418 0.739600 2.658491 9.410409 0.553764 -0.274526 -0.078433
698669433 -13.449116 -41.796963 8.291087 0.780006 2.655672 9.407943 0.396413 -0.274227 -0.082720
718627929 -8.459672 -41.729671 10.609079 0.810099 2.495381 9.449191 0.243409 -0.257287 -0.085523
738586425 -5.095961 -40.852303 11.474288 0.810099 2.495381 9.449191 0.042843 -0.257287 -0.085523
758544921 -5.980806 -38.472923 9.721475 0.535840 2.556803 9.452303 -0.121616 -0.263769 -0.056628
778503418 -4.478995 -35.938293 7.813061 0.219898 2.659731 9.436518 -0.265596 -0.274657 -0.023299
798461914 -1.945958 -33.580383 7.532020 0.044897 2.680956 9.432965 -0.395096 -0.276907 -0.004759
818420410 0.532396 -31.347870 6.939842 0.025817 2.633888 9.446288 -0.552985 -0.271920 -0.002733
838378906 2.387821 -28.453812 5.946450 0.056651 2.572855 9.462958 -0.663215 -0.265465 -0.005987
858367919 3.491533 -24.730333 5.007976 0.020795 2.549463 9.469436 -0.809663 -0.262994 -0.002196
878326416 3.785326 -21.136330 4.160537 -0.140099 2.582675 9.459416 -0.920775 -0.266503 0.014809
898284912 3.037269 -18.257408 2.458103 -0.367970 2.664385 9.430591 -1.008943 -0.275150 0.038999
918243408 1.138857 -15.560743 0.977458 -0.574544 2.720341 9.404256 -1.085310 -0.281084 0.061018
938201904 -0.425768 -13.811111 0.883088 -0.665022 2.671303 9.412346 -1.111153 -0.275883 0.070537
958160400 0.049536 -13.121576 2.859900 -0.586370 2.306366 9.513530 -1.247702 -0.237408 0.061557
978118896 2.685908 -12.862714 3.155767 -0.586370 2.306366 9.513530 -1.282317 -0.237408 0.061557
998077392 5.834426 -12.698986 2.551350 -0.598814 2.175597 9.543510 -1.438254 -0.223710 0.062664
1018035888 7.237225 -11.960618 2.513359 -0.707935 2.078745 9.557616 -1.509549 -0.213593 0.073935
1037994384 7.623616 -10.863132 2.942369 -0.853033 1.986613 9.565359 -1.573213 -0.203990 0.088944
1057983398 7.306817 -9.729937 3.076812 -0.967624 1.898645 9.572316 -1.666959 -0.194838 0.100743
1077941894 6.666978 -8.752071 2.458323 -1.029507 1.827427 9.579719 -1.721422 -0.187441 0.107056
1097900390 6.624517 -7.634256 1.809620 -1.055460 1.758617 9.589768 -1.770659 -0.180304 0.109620
1117858886 6.305008 -6.587169 1.916720 -1.104616 1.679391 9.598430 -1.824973 -0.172098 0.114579
1137817382 6.202083 -5.687211 2.108001 -1.188130 1.603603 9.601416 -1.875480 -0.164260 0.123119
1157775878 6.831752 -4.854857 1.753606 -1.267714 1.550406 9.599975 -1.891760 -0.158764 0.131294
1177734375 6.431594 -4.102285 1.072444 -1.347476 1.512562 9.595148 -1.941306 -0.154857 0.139521
1197692871 5.517715 -3.302440 0.832212 -1.407942 1.463806 9.594028 -1.928363 -0.149827 0.145712
1217651367 5.992099 -2.974851 1.071985 -1.399314 1.386564 9.606755 -1.952574 -0.141866 0.144642
1237640380 6.084640 -2.663118 1.405432 -1.356241 1.287951 9.626640 -1.964065 -0.131715 0.139963
1257598877 5.659046 -2.442155 0.893661 -1.328634 1.200265 9.641810 -1.980460 -0.122701 0.136937
1277557373 5.074120 -2.092344 0.421607 -1.324504 1.122272 9.651766 -1.997303 -0.114691 0.136377
1297515869 4.750753 -1.643620 0.780884 -1.307025 0.910826 9.676387 -2.017374 -0.093012 0.134261
1317474365 4.465770 -1.193109 1.510605 -1.307025 0.910826 9.676387 -2.011147 -0.093012 0.134261
1337432861 4.464670 -0.982348 1.736755 -1.241113 0.803641 9.694545 -2.027334 -0.082041 0.127329
1357391357 4.474768 -1.119364 1.306842 -1.104058 0.660815 9.721871 -2.048184 -0.067435 0.113080
1377349853 3.921077 -1.045538 1.167611 -1.104058 0.660815 9.721871 -1.991787 -0.067435 0.113080
1397308349 3.226617 -0.804458 1.075659 -1.110299 0.619941 9.723852 -2.024342 -0.063259 0.113691
1417266845 2.842452 -0.423583 1.031232 -1.143597 0.593911 9.721617 -1.986807 -0.060599 0.117096
1437255859 3.111485 -0.433495 1.061082 -1.171070 0.571792 9.719672 -1.999223 -0.058340 0.119907
1457214355 2.585465 -0.255471 1.206378 -1.166924 0.508122 9.723707 -1.985969 -0.051837 0.119437
1477172851 1.895097 -0.138177 1.136587 -1.166924 0.508122 9.723707 -1.968556 -0.051837 0.119437
1497131347 1.325230 0.137996 1.129840 -1.117328 0.466929 9.731595 -1.955247 -0.047631 0.114314
