0 -0.178219 0.008545 -0.613208 0.375762 0.715306 9.773308 -1.068889 -0.073006 -0.038429
19958496 -0.084642 0.038505 0.201241 0.428608 0.707229 9.771720 -1.048707 -0.072180 -0.043834
39916992 -0.032372 0.178851 0.420074 0.469194 0.701118 9.770296 -1.070127 -0.071555 -0.047986
59875488 0.015528 0.217980 0.116657 0.479106 0.704288 9.769587 -1.077596 -0.071879 -0.049001
79833984 0.190948 0.224069 -0.457836 0.450240 0.708213 9.770676 -1.051502 -0.072281 -0.046048
99792480 0.314400 0.247913 -0.580741 0.413662 0.702263 9.772722 -1.064367 -0.071672 -0.042303
119750976 0.658123 0.379077 -0.192239 0.410034 0.688136 9.773880 -1.047838 -0.070228 -0.041927
139709472 1.454059 0.360614 0.359780 0.435125 0.671893 9.773925 -1.054119 -0.068568 -0.044490
159667968 2.463884 0.547955 0.408815 0.438768 0.651839 9.775121 -1.057634 -0.066518 -0.044856
179626464 3.114274 0.225988 0.671260 0.434376 0.641453 9.776004 -1.024287 -0.065457 -0.044404
199615478 3.748878 -0.092028 0.697419 0.401429 0.637522 9.777669 -1.047196 -0.065055 -0.041033
219573974 4.996466 -0.316102 1.294902 0.336329 0.624846 9.780942 -1.035897 -0.063760 -0.034373
239532470 5.720006 -0.421713 1.061811 0.093197 0.608973 9.787280 -1.013696 -0.062138 -0.009522
259490966 5.803240 -0.815289 0.374512 0.093197 0.608973 9.787280 -1.009344 -0.062138 -0.009522
279449462 5.741184 -1.411386 0.445065 -0.052406 0.595438 9.788417 -0.988035 -0.060755 0.005354
299407959 6.075834 -1.887232 0.868463 -0.153195 0.578530 9.788372 -0.953182 -0.059028 0.015649
319366455 6.548454 -2.242344 1.495254 -0.186137 0.575337 9.787989 -0.923514 -0.058702 0.019015
339324951 7.414826 -2.577941 1.534673 -0.184596 0.590118 9.787138 -0.891140 -0.060212 0.018859
359283447 8.239052 -2.800009 1.218522 -0.203816 0.682558 9.780745 -0.862304 -0.069658 0.020835
379241943 8.627056 -3.303077 0.936998 -0.203816 0.682558 9.780745 -0.857617 -0.069658 0.020835
399230957 8.720490 -4.212946 1.481356 -0.170452 0.740021 9.777203 -0.794259 -0.075533 0.017432
419189453 8.343196 -5.301698 2.259600 -0.105920 0.797038 9.773633 -0.752978 -0.081365 0.010837
439147949 8.375783 -6.367694 1.744865 -0.059077 0.874509 9.767401 -0.717782 -0.089294 0.006048
459106445 9.002392 -7.205434 1.357520 -0.077195 0.953358 9.759894 -0.684452 -0.097369 0.007909
479064941 9.226043 -7.848805 1.401313 -0.143290 1.019695 9.752439 -0.598525 -0.104168 0.014692
499023437 9.008929 -9.347589 2.675455 -0.160944 1.083229 9.745312 -0.526803 -0.110685 0.016513
518981933 8.680847 -11.227118 4.172991 -0.144903 1.149202 9.738005 -0.477883 -0.117456 0.014879
538940429 8.609547 -12.743127 5.284792 -0.151781 1.240619 9.726676 -0.404104 -0.126848 0.015603
558898925 9.132889 -13.717485 4.491209 -0.190078 1.393523 9.705274 -0.334056 -0.142582 0.019583
578857421 10.426331 -14.499704 3.986612 -0.215029 1.584343 9.675434 -0.243373 -0.162269 0.022221
598815918 10.859632 -15.902050 4.515754 -0.220229 1.765543 9.643897 -0.154152 -0.181022 0.022832
618804931 10.040532 -18.171877 5.042524 -0.227192 1.925296 9.613116 -0.051960 -0.197609 0.023629
638763427 9.294718 -19.942942 6.080609 -0.264747 2.052691 9.585758 0.075536 -0.210876 0.027612
658721923 9.724023 -21.408333 7.663718 -0.303668 2.174129 9.557790 0.201708 -0.223557 0.031761
678680419 10.587147 -22.864681 7.768611 -0.315961 2.342631 9.517490 0.342543 -0.241214 0.033186
698638916 10.855669 -24.503010 6.743155 -0.340639 2.540791 9.465660 0.458902 -0.262078 0.035971
718597412 10.692512 -26.188240 6.871253 -0.416910 2.698874 9.418739 0.616217 -0.278807 0.044235
738555908 10.899636 -27.517439 8.097013 -0.540088 2.776634 9.389833 0.768116 -0.287064 0.057455
758514404 10.458454 -28.747427 8.497309 -0.859189 2.839360 9.347204 0.963360 -0.293740 0.091662
778472900 9.561221 -29.982471 8.988790 -1.009939 2.855302 9.327254 1.128709 -0.295439 0.107858
798431396 10.152442 -30.168871 9.291636 -1.112708 2.890400 9.304722 1.323414 -0.299182 0.119020
818389892 10.782828 -30.162054 8.753180 -1.112708 2.890400 9.304722 1.521049 -0.299182 0.119020
838378906 10.810740 -30.577175 7.909558 -1.212222 2.915542 9.284423 1.679174 -0.301866 0.129831
858337402 9.815611 -31.237268 8.021333 -1.365875 2.871277 9.276881 1.871229 -0.297142 0.146184
878295898 7.891712 -32.005424 7.416354 -1.725951 2.647768 9.283361 2.056555 -0.273390 0.183820
898254394 6.874866 -31.568401 7.077731 -1.725951 2.647768 9.283361 2.242672 -0.273390 0.183820
918212890 6.114418 -30.038069 5.623970 -1.856107 2.511682 9.296059 2.420914 -0.259006 0.197074
938171386 5.102196 -29.146482 5.141670 -1.941702 2.354880 9.319588 2.585779 -0.242501 0.205408
958129882 3.564986 -28.740957 4.668789 -2.005069 2.170069 9.350984 2.775646 -0.223132 0.211225
978088378 1.222817 -27.739199 3.825479 -2.117826 1.948098 9.374973 2.958732 -0.199981 0.222173
998046875 -1.690523 -26.133627 2.550183 -2.272993 1.717831 9.383653 3.099898 -0.176078 0.237652
1018005371 -3.974546 -24.613459 1.400757 -2.393008 1.524970 9.387139 -3.054000 -0.156137 0.249608
1037994384 -5.295440 -22.402441 0.496877 -2.452471 1.383992 9.393634 -2.983281 -0.141601 0.255377
1057952880 -5.713620 -19.469601 -0.685366 -2.411517 1.318711 9.413606 -2.921952 -0.134880 0.250781
1077911377 -4.656620 -16.403431 -0.363518 -2.291740 1.293574 9.446956 -2.892597 -0.132293 0.237993
1097869873 -3.264668 -14.186883 0.547571 -2.152220 1.273673 9.482409 -2.767095 -0.130246 0.223188
1117828369 -3.176059 -12.599036 -0.648436 -2.083814 1.264934 9.498845 -2.751746 -0.129348 0.215955
1137786865 -3.880713 -11.265142 -1.907241 -2.087967 1.243706 9.500735 -2.694211 -0.127165 0.216330
1157745361 -4.284254 -10.128886 -1.899671 -2.109195 1.194096 9.502412 -2.631144 -0.122067 0.218423
1177703857 -4.588053 -9.050906 -1.420869 -2.115016 1.121271 9.509988 -2.570518 -0.114588 0.218838
1197662353 -4.834485 -8.422712 -1.449507 -2.128915 1.034142 9.516757 -2.451079 -0.105650 0.220078
1217651367 -5.102460 -7.642543 -1.460489 -2.245633 0.786974 9.513579 -2.449299 -0.080335 0.231802
1237609863 -5.172812 -6.725535 -1.371721 -2.245633 0.786974 9.513579 -2.372781 -0.080335 0.231802
1257568359 -5.031925 -5.906711 -0.854847 -2.286687 0.653608 9.513898 -2.309308 -0.066699 0.235878
1277526855 -4.641171 -5.382691 -0.270595 -2.274173 0.541867 9.523912 -2.277587 -0.055283 0.234396
1297485351 -4.596540 -4.925349 -0.243011 -2.266732 0.442463 9.530821 -2.296355 -0.045134 0.233494
1317443847 -4.955075 -4.617041 -0.845926 -2.291799 0.347599 9.528758 -2.260037 -0.035453 0.236031
1337402343 -5.113625 -3.990476 -1.216871 -2.330958 0.248601 9.522353 -2.180741 -0.025353 0.240067
1357360839 -5.003280 -3.411080 -0.663704 -2.349866 0.142527 9.519884 -2.207138 -0.014534 0.242000
1377319335 -4.606816 -2.941079 -0.367178 -2.334890 0.050283 9.524503 -2.187179 -0.005128 0.240405
1397277832 -4.327321 -2.612296 -0.699418 -2.285897 -0.104058 9.535944 -2.126412 0.010611 0.235274
1417236328 -4.238038 -2.389522 -0.348606 -2.259126 -0.188979 9.541018 -2.136877 0.019272 0.232499
1437225341 -4.271135 -2.134799 -0.063692 -2.219660 -0.267374 9.548404 -2.097262 0.027268 0.228407
1457183837 -3.845483 -1.676479 0.238664 -2.174248 -0.338481 9.556593 -2.121089 0.034522 0.223705
1477142334 -3.192120 -1.106430 0.725951 -2.126385 -0.396535 9.565125 -2.106838 0.040446 0.218749
1497100830 -2.801702 -1.020544 0.933474 -2.126385 -0.396535 9.565125 -2.086679 0.040446 0.218749
