0 1.570602 0.081406 10.151413 0.017330 -0.007925 -0.153501
40100098 2.078171 0.057465 9.710876 -0.076283 -0.005786 -0.210824
79925537 2.432510 -0.201111 9.835388 -0.156213 0.019847 -0.242457
119995117 2.901779 -0.450104 9.797073 -0.276358 0.044023 -0.287956
160125732 3.423706 -0.828400 10.065231 -0.399288 0.077762 -0.327875
199951172 4.367020 -0.603333 10.103531 -0.541946 0.054759 -0.407976
240081787 4.711792 -1.259354 9.955093 -0.709427 0.113848 -0.442064
280181885 4.898544 -2.159576 9.562439 -0.940262 0.198358 -0.473415
320068359 5.913681 -2.298431 10.280701 -0.990668 0.191421 -0.522001
360198974 5.851425 -3.696640 11.013321 -1.208336 0.288162 -0.488376
400024414 5.808334 -4.932053 10.352524 -1.560324 0.393783 -0.511291
440155029 5.971146 -6.282379 10.405197 -2.207934 0.482405 -0.520979
480316162 5.669464 -7.843399 11.185715 -2.512343 0.558921 -0.469111
520233154 5.544968 -9.433151 11.214447 -2.664323 0.646071 -0.459197
560394287 5.008667 -11.109100 10.898407 -2.814883 0.747104 -0.430790
600189209 4.697418 -12.708420 12.315781 -2.962492 0.767139 -0.364383
640319824 5.717361 -13.445831 13.287827 3.050858 0.748877 -0.406326
680450439 5.137955 -15.136139 13.148956 3.010645 0.820218 -0.372507
720367431 4.903320 -16.352402 12.670120 3.012951 0.877546 -0.369248
760498047 3.375824 -18.291702 12.832916 2.881449 0.943201 -0.257232
800292969 0.866699 -19.536682 12.023682 2.681906 1.017943 -0.071958
840515137 1.570602 -17.429794 12.071564 2.878068 0.961132 -0.129381
880615234 1.671158 -16.443375 13.579910 2.867010 0.876793 -0.122445
920440674 -0.699112 -16.261414 14.824890 2.708480 0.831023 0.047123
960571289 -1.125275 -13.934250 13.579910 2.672766 0.796566 0.082674
1000366211 -3.452438 -12.689270 13.278244 2.517905 0.746399 0.254375
1040466308 -6.354218 -11.243164 11.583145 2.781677 0.705080 0.501748
1080596924 -6.943192 -8.513779 9.840164 2.665870 0.615369 0.614473
1120513916 -8.456314 -6.770798 9.222458 2.528845 0.496002 0.742088
1160644531 -8.441956 -4.850647 9.121902 2.485516 0.372094 0.746705
1200439453 -6.751648 -2.825165 9.342178 2.533266 0.240362 0.625803
1240509033 -6.196198 -1.628052 8.997406 2.579338 0.147938 0.603078
1280639648 -5.324707 -0.866699 8.556885 2.602514 0.085785 0.556635
1320526123 -4.414902 -0.196320 8.896851 2.817563 0.019764 0.460629
1360656738 -4.022263 0.225052 9.093185 2.978189 -0.022630 0.416464
1400451660 -3.811569 0.411804 9.193741 3.107182 -0.041353 0.393014
1440551758 -3.840302 0.454895 9.313446 -2.026986 -0.045124 0.391098
1480682373 -3.533844 0.603333 10.065231 -1.671478 -0.056497 0.337649
