0 1.091751 0.517151 10.026917 0.656476 -0.051228 -0.108455
40100098 1.115692 0.301666 9.653427 0.671437 -0.031033 -0.115064
80169678 1.862686 -0.043091 9.639053 0.540260 0.004389 -0.190891
120452881 3.620026 -0.196320 9.734818 0.069634 0.018900 -0.356018
160461426 5.329498 -1.058243 10.031708 -0.472600 0.092891 -0.488346
200225830 5.726929 -1.359909 9.514557 -0.714661 0.121851 -0.541824
240295410 8.288727 -1.982407 9.677368 -1.107154 0.154345 -0.708259
280364991 7.814682 -4.266464 10.620682 -1.866041 0.312931 -0.634350
320373535 8.298309 -5.540176 10.299850 -2.039399 0.396658 -0.678190
360412598 11.822571 -5.353439 8.863342 -1.711575 0.347595 -0.927489
400207520 14.681244 -8.135498 10.448303 -1.809932 0.424084 -0.952276
440277100 13.048401 -12.502518 13.723572 -2.253277 0.583532 -0.760184
480377198 12.674911 -15.720322 17.894272 -2.719347 0.621972 -0.616290
520416260 7.852982 -20.575775 16.697159 -3.006624 0.839770 -0.439622
560546875 -2.341522 -23.793579 20.087357 2.612163 0.866331 0.116043
600311280 -6.057327 -20.757736 17.788925 2.378120 0.835062 0.328197
640441895 -7.618347 -17.123337 16.869553 2.250230 0.746502 0.424186
680511475 -7.896072 -13.709198 15.519211 2.546367 0.666962 0.470658
720520020 -7.005432 -9.667786 12.646179 2.511175 0.589431 0.505876
760620117 -7.259216 -6.904877 10.979813 2.440216 0.483122 0.584168
800384522 -7.685394 -4.850647 9.849747 2.368790 0.370344 0.662590
840576172 -6.617569 -2.279282 8.073242 2.314183 0.214972 0.686633
880371094 -6.215347 -0.670380 7.541733 2.479807 0.068489 0.689281
920440674 -5.439621 0.201111 7.623138 2.481112 -0.021472 0.619774
960571289 -3.552994 1.369476 8.801086 2.637516 -0.143300 0.383691
1000366211 -1.944092 2.082962 9.916779 2.915900 -0.203274 0.193586
1040527344 -1.513138 2.193085 9.878479 2.999141 -0.216023 0.151994
1080322266 -1.651993 2.111679 9.672577 -3.137463 -0.211967 0.169159
1120422364 -1.254562 2.355896 9.246414 -3.030787 -0.247308 0.134857
1160552979 -0.311249 2.671936 9.600754 -2.707472 -0.271300 0.032408
1200347901 -0.205902 2.461243 9.993393 -2.717025 -0.241432 0.020601
1240509033 -0.569824 2.197876 9.912003 -2.833843 -0.217860 0.057425
1280395508 -0.454895 2.183517 10.074799 -2.730269 -0.213219 0.045121
1320465088 -0.110138 2.341522 10.127472 -2.624076 -0.227200 0.010875
1360565186 -0.378281 2.341522 9.715668 -2.681982 -0.236322 0.038915
1400390625 -0.718262 2.207458 9.686935 -2.797400 -0.223461 0.074012
1440551758 -1.292862 1.877060 9.672577 -2.995554 -0.190028 0.132875
1480621338 -1.972824 1.470047 9.394852 3.042384 -0.151953 0.206983
