0 0.885849 0.933731 9.950302 1.115964 -0.093199 -0.088793
40008545 0.818817 0.794876 9.500198 1.140932 -0.083168 -0.085977
80444336 1.177948 0.804459 9.969452 1.111475 -0.079964 -0.117610
120208740 1.695099 0.871490 9.610321 1.005622 -0.089068 -0.174587
160217285 2.882614 0.924164 9.466675 0.699427 -0.093119 -0.295581
200256347 3.744537 0.565033 9.691727 0.403615 -0.054329 -0.368697
240234375 4.314346 0.172379 9.639053 0.077631 -0.016321 -0.420848
280303955 5.707779 -0.134079 9.030930 -1.065779 0.012549 -0.563635
320068359 6.555328 -0.809235 9.179367 -1.485540 0.071619 -0.620151
360137939 7.340622 -1.891418 9.840164 -1.862270 0.152866 -0.640927
400177002 9.184158 -2.916138 9.605545 -2.049333 0.216006 -0.762975
440216064 9.351746 -4.922485 9.878479 -2.283306 0.347210 -0.758014
480255127 8.810669 -7.048523 11.918335 -2.612929 0.443908 -0.636588
520050049 8.197754 -8.738831 12.694061 -2.794097 0.524318 -0.573413
560125613 7.709335 -9.821014 15.447388 -3.009141 0.517210 -0.462904
600195193 7.809891 -10.903198 16.869553 3.097077 0.530448 -0.433577
640234255 5.123596 -13.177689 18.708298 2.877976 0.596739 -0.267313
680273318 1.891418 -13.962982 20.149597 2.665356 0.603938 -0.093595
720068240 -1.810013 -13.350067 15.935806 2.477578 0.694180 0.113097
760168337 -11.056427 -15.188812 12.780243 1.990684 0.732149 0.713206
800237917 -11.439499 -11.903976 13.670898 2.316249 0.588786 0.696767
840246462 -11.722015 -7.675812 12.205643 2.271160 0.425824 0.765189
880316042 -13.876801 -5.090073 7.465118 2.152212 0.312448 1.077246
920110964 -12.042831 -1.072601 4.994308 2.142773 0.082086 1.177672
960211062 -9.030930 0.392654 5.904099 2.147206 -0.036376 0.991779
1000036501 -5.573700 1.953674 7.522583 2.408674 -0.205719 0.637670
1040106081 -3.141190 3.375824 8.303085 2.527821 -0.363384 0.361675
1080175662 -2.652771 3.342300 8.116348 2.594517 -0.373090 0.315898
1120031619 -2.135635 3.457230 8.255203 2.711690 -0.385193 0.253152
1160131716 -2.035065 3.414139 8.192963 2.736221 -0.384317 0.243464
1200231814 -1.546661 2.758118 8.906433 2.903784 -0.296139 0.171942
1240270876 -0.033524 2.935287 10.515335 -2.976294 -0.272213 0.003188
1280370974 1.503555 3.447647 10.362106 -2.624057 -0.318088 -0.144096
1320196414 2.470810 3.648758 10.160995 -2.445854 -0.335718 -0.238537
1360357546 2.240967 3.327942 10.314224 -2.524373 -0.305433 -0.213944
1400182986 1.561020 3.117249 9.696518 -2.644308 -0.307338 -0.159618
1440283083 1.177948 3.059784 9.672577 -2.726572 -0.304265 -0.121185
1480413699 0.636856 2.815582 9.634262 -2.868763 -0.283742 -0.066007
1520239138 -0.071823 2.667145 9.572021 -3.048858 -0.271740 0.007503
