0 -0.474045 0.225052 10.558426 0.986913 -0.021290 0.044867
40008545 -0.311249 0.129288 10.050858 0.985137 -0.012856 0.030957
80047607 0.004791 0.239426 10.041275 0.916269 -0.023840 -0.000477
119842529 0.478836 0.057465 9.868896 0.870957 -0.005816 -0.048482
159912109 1.498764 -0.138870 10.409988 0.683456 0.013203 -0.142991
199981689 2.193085 -0.622498 9.825806 0.424741 0.061753 -0.219597
239990234 3.749313 -1.187531 9.706100 -0.960414 0.113638 -0.368627
280059814 5.391739 -1.704666 8.853760 -1.489539 0.162985 -0.546994
319854736 6.167465 -2.173935 8.619125 -1.605866 0.202312 -0.621090
360015869 6.540955 -2.815582 8.872910 -1.728826 0.250075 -0.635247
400115967 6.330276 -5.640747 9.677368 -2.381128 0.453831 -0.579274
440155029 7.594406 -7.876923 10.649414 -2.415673 0.542046 -0.619483
480255127 8.987839 -10.103531 10.462662 -2.373418 0.632212 -0.709719
520019531 8.030151 -10.998962 11.621460 -2.534711 0.661578 -0.604644
560119629 9.648636 -11.736374 13.790604 -2.487315 0.608921 -0.610493
599945068 2.422928 -17.726669 22.438461 2.852371 0.665804 -0.107564
639984131 -6.512222 -19.709076 23.568527 2.418045 0.678414 0.269584
680114746 -6.392517 -15.653290 17.630905 2.348347 0.695523 0.347833
719909668 -10.903198 -15.121780 19.517532 2.160989 0.594706 0.509449
760040283 -11.453857 -11.487381 14.810532 2.031252 0.550324 0.658284
800079346 -9.801865 -6.995865 8.183380 2.244565 0.501217 0.875146
839965820 -9.662994 -4.726151 4.721359 2.111803 0.414044 1.116309
880096435 -8.556885 -2.360687 3.112457 2.065190 0.253678 1.221936
919921875 -6.478714 -0.153229 3.979156 2.070475 0.020151 1.020009
960052490 -4.663910 1.278503 5.090073 2.017067 -0.183117 0.741735
999877930 -3.126831 1.829163 6.823471 2.792727 -0.239041 0.429690
1039947510 -2.662354 1.963242 8.599976 3.088698 -0.214712 0.300220
1080047607 -2.078171 2.068588 8.911224 -3.032640 -0.222330 0.229113
1119873047 -1.853119 2.035065 8.571243 -2.994028 -0.228031 0.212925
1160034180 -1.584961 2.035065 8.954315 -2.914407 -0.220165 0.175191
1199859619 -0.943314 2.331955 9.835388 -2.750383 -0.231774 0.095618
1239959717 -0.493210 2.509125 9.639053 -2.621965 -0.254338 0.051123
1280090332 -0.354340 2.489975 9.979034 -2.603385 -0.244379 0.035493
1319915771 -0.742203 2.240967 10.012558 -2.715175 -0.219604 0.073992
1360076904 -1.192307 1.853119 9.998184 -2.847457 -0.182005 0.118692
1399902344 -1.259354 1.963242 9.959885 -2.856357 -0.193121 0.125775
1440002441 -1.829163 1.829163 9.605545 -3.028104 -0.184929 0.188175
1480133057 -2.159576 1.613693 9.366119 -3.134657 -0.166334 0.226613
