0 0.636856 -0.134079 10.869675 0.377227 0.012313 -0.058523
40069580 2.494751 0.316040 10.055649 -0.036748 -0.030495 -0.243184
79864502 4.103668 -0.521942 9.988617 -0.400249 0.048296 -0.389811
119941491 4.299988 -2.422928 9.078812 -0.840267 0.236672 -0.442329
160011071 5.975922 -2.652771 7.852982 -1.235250 0.262612 -0.650488
200019616 8.379700 -2.063797 6.047760 -1.223210 0.197113 -0.945644
240089196 7.570465 -4.367020 7.230484 -1.494859 0.395206 -0.808364
279884118 7.058105 -6.119583 9.686935 -1.740961 0.472076 -0.629678
319984215 8.552094 -7.331039 10.271118 -1.754550 0.501697 -0.694326
360053796 5.971146 -9.888046 11.372452 -2.674325 0.656061 -0.483489
400062340 5.592850 -10.879257 12.464218 -2.820764 0.672508 -0.421783
440162438 3.327942 -13.292603 12.976578 3.080896 0.781505 -0.251047
479957360 2.403778 -14.053970 14.025238 2.926435 0.779184 -0.169740
520087975 1.345535 -14.379578 13.613434 2.812163 0.810333 -0.098519
559913415 2.039856 -14.034805 12.330139 2.884844 0.843265 -0.163952
599982995 1.077393 -14.413101 11.128250 2.819810 0.911047 -0.096515
640113610 1.144424 -13.771454 11.942276 2.808070 0.854152 -0.095538
679939049 1.106125 -13.067551 9.753983 2.840502 0.926520 -0.112920
720100182 1.106125 -12.119446 9.064453 2.849682 0.925075 -0.121429
759925622 -1.843536 -12.167328 8.992615 2.967427 0.924453 0.202204
799995202 -3.122040 -10.362106 9.399643 2.848801 0.807970 0.320680
840125817 -4.333511 -8.408432 8.542511 2.699127 0.720422 0.469461
879951257 -4.730942 -6.995865 9.658203 2.683609 0.576724 0.455484
920081872 -4.917694 -5.760452 9.864105 2.651049 0.481589 0.462482
960212487 -4.496307 -4.438843 9.624695 2.860762 0.395795 0.437035
1000282067 -4.237732 -3.562576 10.831375 2.939941 0.297230 0.372937
1040382165 -3.169922 -2.475601 11.142609 3.139189 0.210529 0.277164
1080177087 -2.442093 -1.680725 10.477020 -3.004093 0.154979 0.229002
1120307702 -2.068588 -1.326385 10.007767 -2.916572 0.129070 0.203828
1160163659 -1.762131 -1.144424 9.983826 -2.786400 0.112407 0.174699
1200233239 -0.756561 -0.861908 10.137054 -2.262456 0.084587 0.074495
1240363854 -1.058243 -0.847549 10.457870 -2.337090 0.080458 0.100848
1280158776 -0.172379 -0.397430 10.577591 -1.945534 0.037550 0.016295
1320319909 0.225052 -0.248993 10.309433 -1.846844 0.024142 -0.021826
1360328454 -0.067032 -0.349548 10.342957 -1.734436 0.033782 0.006481
1400367516 0.143646 -0.349548 10.342957 -1.721113 0.033780 -0.013887
1440498132 0.110138 -0.488419 10.342957 -1.773720 0.047185 -0.010648
1480293053 -0.392654 -0.928955 10.328583 -2.004786 0.089634 0.037998
