0 -0.153229 0.852341 10.783478 1.417506 -0.078869 0.014209
39794922 1.125275 1.211472 9.045288 1.156888 -0.132135 -0.123769
79925537 2.126053 1.321594 9.600754 0.960414 -0.133599 -0.217930
120025634 3.658340 1.484406 9.749191 0.057508 -0.141599 -0.358986
160064697 5.008667 0.780502 9.600754 -1.049507 -0.071953 -0.480853
200134277 5.889740 0.023941 9.758774 -1.593579 -0.002100 -0.543013
239929199 7.249649 -1.321594 9.179367 -1.934845 0.112509 -0.668476
280059814 8.350983 -3.055008 8.125916 -2.084071 0.256416 -0.799057
320129394 8.987839 -3.859451 8.188171 -2.198098 0.307370 -0.831922
360198974 9.016571 -5.755661 7.307098 -2.280847 0.460390 -0.889741
400329590 10.046066 -7.182602 8.116348 -2.314931 0.507546 -0.891249
440124511 12.042831 -8.418015 13.211212 -2.442613 0.440098 -0.739166
480255127 18.234238 -8.882492 16.524780 -2.237220 0.346404 -0.834539
520080566 21.145584 -14.393936 20.652390 -2.631283 0.453176 -0.797197
560150146 6.358994 -27.997803 23.597260 2.970115 0.853162 -0.263227
600280761 -7.474701 -30.612259 21.394592 2.394982 0.933522 0.336116
640106201 -12.339722 -25.287552 21.452042 2.214405 0.796183 0.522002
680236816 -14.154526 -17.817657 17.353180 2.072394 0.672083 0.684225
720367431 -12.780243 -10.390839 11.396408 2.345012 0.545418 0.842574
760406494 -12.674911 -6.416458 6.440399 2.185015 0.423945 1.100672
800506592 -9.916779 -2.849106 4.721359 2.153123 0.253808 1.126452
840270996 -6.837845 -0.847549 5.315125 2.188540 0.097552 0.910045
880340576 -4.434067 1.048660 5.884949 2.147937 -0.141369 0.645711
920501709 -2.130844 2.375046 6.914459 2.740143 -0.317174 0.298937
960540771 -1.580170 2.561798 8.259995 3.124177 -0.295691 0.189020
1000640869 -1.905792 2.063797 8.801086 3.062911 -0.225291 0.213248
1040405273 -1.115692 2.346313 8.394073 -2.982111 -0.270302 0.132140
1080505371 0.359131 3.050217 9.236832 -2.463445 -0.318724 -0.038861
1120605468 1.201889 3.193863 9.495407 -2.333590 -0.322077 -0.125906
1160614013 0.799667 2.782059 9.634262 -2.491341 -0.280206 -0.082813
1200714111 0.660797 2.715027 9.926361 -2.546883 -0.266425 -0.066472
1240478515 0.512360 2.542648 9.955093 -2.603367 -0.249749 -0.051422
1280578613 0.244202 2.489975 10.046066 -2.671669 -0.242891 -0.024303
1320678711 0.196320 2.566589 9.749191 -2.680805 -0.257371 -0.020134
1360687256 0.186752 2.614471 9.624695 -2.670856 -0.265194 -0.019401
1400787353 -0.344772 2.475601 9.375702 -2.843385 -0.257986 0.036756
1440551758 -0.632065 2.317581 9.414001 -2.951841 -0.240863 0.067040
1480647240 -1.120483 2.020706 10.046066 -3.097793 -0.197304 0.111075
