0 1.091751 0.454895 9.931152 0.660947 -0.045499 -0.109492
39794921 1.656784 0.641647 9.428360 0.502444 -0.066928 -0.173948
79864502 1.628052 0.646439 9.557648 0.541098 -0.066577 -0.168721
119934082 1.690308 0.603333 9.471466 0.529177 -0.062627 -0.176604
159942627 1.972824 0.445328 9.538498 0.488276 -0.045688 -0.203952
199981689 2.312805 0.004791 9.821014 0.478551 -0.000475 -0.231282
239776611 2.341522 -0.363922 9.902420 0.533953 0.035749 -0.232195
279876709 3.021484 -0.201111 9.064453 0.200324 0.021045 -0.321751
319946289 2.882614 -0.737411 9.447525 0.378289 0.074517 -0.296146
359954834 3.217804 -0.450104 9.093185 0.141345 0.046630 -0.340118
399993896 3.289627 -0.943314 8.935165 0.110495 0.098750 -0.352766
439819336 2.552216 -1.086975 9.279922 0.600154 0.112462 -0.268390
479888916 3.438080 -1.862686 9.174576 -2.310637 0.187874 -0.358543
519989013 3.213013 -2.331955 10.314224 2.147647 0.212598 -0.301985
559997558 4.242523 -3.265686 9.964661 -2.713751 0.292864 -0.402512
600067138 5.233719 -4.774033 10.711655 -2.664205 0.380888 -0.454486
639862060 7.287949 -5.329498 10.802643 -2.260294 0.388225 -0.593506
679962158 4.769257 -7.642288 10.046066 -2.954866 0.602094 -0.443235
720031738 3.878601 -8.140289 12.018890 3.084059 0.572541 -0.312158
760192871 3.490753 -7.843399 12.770676 2.986831 0.534841 -0.266823
800231933 -1.206680 -9.653427 12.995728 2.454476 0.636834 0.092587
840026855 -2.183517 -8.978256 14.499283 2.312599 0.549426 0.149472
880096435 -3.744537 -8.686157 15.825668 2.396087 0.490568 0.232339
919891357 -5.827484 -8.078033 14.111420 2.260723 0.486660 0.391631
959960937 -3.725372 -5.607224 12.756302 2.305243 0.399276 0.284140
1000030517 -4.424484 -5.051773 12.148178 2.239032 0.372496 0.349277
1039855957 -4.774033 -3.926498 10.314224 2.158674 0.332638 0.433496
1079986572 -4.027054 -2.576157 9.035721 2.431734 0.254757 0.419257
1120086669 -3.969589 -1.551437 9.002197 2.383752 0.156402 0.415309
1160095214 -4.046204 -1.063019 8.839386 2.344904 0.108915 0.429278
1200164794 -3.213013 -0.081406 8.743622 2.330887 0.008739 0.352152
1239990234 -2.815582 0.488419 8.489838 2.300108 -0.054551 0.320227
1280090332 -3.284851 0.450104 8.686157 2.579315 -0.048431 0.361548
1320159912 -2.375046 1.221039 8.762772 2.645257 -0.133689 0.264679
1360168457 -1.335968 1.824387 8.820236 2.818007 -0.201727 0.150324
1400238037 -1.570602 1.757339 9.351746 2.795890 -0.183241 0.166395
1440063476 -0.938522 1.987183 9.873688 2.968884 -0.197739 0.094768
1480133056 -0.699112 2.063797 9.979034 -3.023401 -0.203453 0.069944
