0 0.052673 1.364700 11.032486 1.484308 -0.123072 -0.004774
40069580 -0.292099 1.288086 9.346970 1.438590 -0.136879 0.031240
79895019 0.028732 1.532288 9.701309 1.380558 -0.156652 -0.002962
119964600 0.684738 1.800446 10.012558 1.284779 -0.177511 -0.068282
159790039 -0.373489 1.359909 10.074799 1.446510 -0.134079 0.037055
199645996 0.871490 1.771713 9.299072 1.234438 -0.187467 -0.093445
239807129 1.618484 1.747772 9.548080 1.116535 -0.178553 -0.167913
279907227 3.035843 1.278503 10.984604 1.209090 -0.111718 -0.269642
319946289 5.243301 0.641647 9.926361 -1.633530 -0.057095 -0.485968
360046387 6.919250 0.201111 8.236053 -1.720285 -0.018694 -0.698729
399871826 9.447525 -0.708679 8.786728 -1.837724 0.054873 -0.821622
440063477 11.597519 -2.159576 10.472244 -1.982397 0.137335 -0.836341
480224609 18.124115 -3.940857 13.728348 -1.966462 0.171622 -0.922536
520263672 20.618866 -7.335831 12.143387 -2.013099 0.297470 -1.038545
560394287 20.671539 -10.697296 15.255859 -2.174278 0.394542 -0.935011
600189209 8.518570 -18.224670 23.736115 -3.080014 0.625781 -0.344569
640289307 -10.381256 -22.821533 33.001678 2.448521 0.583135 0.304767
680328369 -13.666107 -17.161636 26.934769 2.288302 0.516711 0.469533
720306396 -18.602951 -14.542389 25.680206 2.149396 0.429984 0.626920
760437012 -16.812088 -8.609543 14.168884 2.005289 0.373230 0.870509
800231934 -16.007629 -5.501877 6.727707 1.888461 0.306849 1.172929
840332031 -13.057983 -2.303223 4.237732 2.185922 0.166222 1.256988
880126953 -6.933609 0.794876 6.272812 2.208606 -0.084809 0.835393
920074463 -2.786850 3.217804 6.957550 2.076312 -0.405533 0.380981
960235596 -2.734177 3.308792 7.364563 2.088410 -0.398643 0.355489
1000427246 -1.541870 3.538635 7.580048 2.091501 -0.429046 0.200674
1040771484 -0.995987 3.394974 7.824249 2.401326 -0.406462 0.126614
1080841064 -0.454895 2.964020 8.700531 2.583449 -0.327924 0.052236
1120788574 1.403000 3.462021 9.088394 2.892505 -0.360057 -0.153164
1160827637 2.236191 3.299210 9.567230 3.063781 -0.323964 -0.229612
1200927734 2.398987 3.193863 9.394852 3.105500 -0.318197 -0.250009
1240875244 2.461243 3.107681 8.935165 3.104828 -0.323533 -0.268790
1280914307 2.566589 3.275269 8.786728 3.136778 -0.343607 -0.284192
1320861816 2.461243 3.481171 9.452316 3.072200 -0.342368 -0.254729
1360900879 2.102112 3.337524 9.078812 3.012707 -0.343910 -0.227531
1400726318 1.594543 3.313568 9.145844 2.897962 -0.342826 -0.172611
1440734863 1.077393 2.983170 8.834610 2.784802 -0.323416 -0.121352
1480804443 1.134857 3.145981 9.346970 2.784654 -0.322462 -0.120823
