0 2.355896 0.186752 10.797852 -0.278211 -0.016896 -0.214815
40130615 3.428497 0.196320 9.672577 -0.489149 -0.019128 -0.340638
80230713 3.471588 -0.866699 9.667786 -0.617629 0.084174 -0.344748
120208740 4.338287 -1.335968 9.825806 -0.804773 0.123746 -0.415779
160247803 5.181046 -1.656784 9.777924 -0.941618 0.148618 -0.487258
200073242 5.329498 -2.638412 10.314224 -1.076904 0.223463 -0.476929
240203857 7.235275 -3.093307 11.075577 -1.205078 0.229694 -0.578666
280273437 8.020569 -4.601654 11.094727 -1.400924 0.324263 -0.625942
320251465 8.058884 -6.291962 10.836151 -1.616315 0.436014 -0.639459
360321045 7.402878 -8.360550 11.180923 -1.900518 0.557504 -0.584834
400146484 5.382172 -11.243164 10.979813 -2.411924 0.743463 -0.455767
440246582 4.783615 -12.603073 11.089935 -3.007041 0.806684 -0.407235
480346680 4.410126 -13.867218 10.888824 -3.055410 0.867943 -0.384821
520294189 3.974380 -15.011642 12.038040 3.118876 0.869511 -0.318884
560607910 3.821152 -15.519211 12.473785 3.083395 0.871766 -0.297258
600372314 3.442856 -15.811310 12.282257 3.046678 0.891957 -0.273297
640441894 3.404556 -15.835251 11.932709 2.892072 0.906121 -0.277929
680572510 2.073380 -16.160858 12.344498 2.770993 0.911767 -0.166407
720489502 2.236191 -15.447388 11.664551 2.796478 0.915330 -0.189410
760620117 2.652771 -15.236694 11.688492 2.831430 0.904257 -0.223175
800415039 1.374268 -15.840042 12.033264 2.715835 0.918009 -0.113713
840515137 -0.517151 -16.031570 11.846512 3.039807 0.933950 0.043627
880645752 -2.916138 -15.064316 10.366898 2.837589 0.950151 0.274207
920532226 -5.908890 -13.421890 8.207321 2.542145 0.925072 0.623992
960693359 -7.287949 -10.702087 8.054092 2.448308 0.777984 0.735502
1000488281 -5.990295 -7.182602 9.097961 2.540400 0.582941 0.582273
1040557861 -6.186615 -5.276825 8.853760 2.821889 0.454443 0.609890
1080688476 -7.144302 -4.501099 9.342178 2.731158 0.365521 0.652866
1120605469 -7.259216 -3.390182 9.682159 2.696305 0.273149 0.643342
1160736084 -6.866577 -2.341522 9.313446 2.659842 0.199663 0.635308
1200531006 -5.578491 -1.407791 9.600754 2.803570 0.126112 0.526367
1240631103 -4.443634 -0.622498 9.988617 2.990150 0.056879 0.418579
1280761719 -4.098877 -0.536301 9.792282 3.105437 0.050477 0.396422
1320678711 -3.394974 -0.177170 9.653427 -2.807849 0.017312 0.338176
1360748291 -2.499542 0.349548 9.682159 -2.187649 -0.034942 0.252643
1400573730 -1.853119 0.464478 10.036499 -1.971005 -0.045478 0.182582
1440734863 -2.212250 0.210693 10.074799 -1.664245 -0.020423 0.216152
1480865478 -1.968033 0.493210 10.046066 -1.526778 -0.048142 0.193451
