0 -0.727844 0.804459 10.682922 1.359329 -0.074988 0.068026
40130615 -0.866699 0.526718 10.333374 1.411927 -0.050751 0.083678
80261231 -0.861908 0.608124 10.333374 1.397045 -0.058580 0.083217
120086670 -0.742203 0.847549 10.328583 1.348473 -0.081666 0.071736
160217285 -0.301666 1.158798 9.519348 1.246846 -0.121075 0.031679
200073242 0.378281 1.441315 9.193741 1.109732 -0.155376 -0.041122
240142822 1.149216 1.297653 8.848969 1.001999 -0.144411 -0.129147
280273438 2.432510 1.331177 9.222458 0.660552 -0.138672 -0.257886
320159912 5.051773 0.905014 9.634262 -0.793178 -0.083003 -0.482941
360290527 6.330276 -0.502777 10.673355 -1.704149 0.040494 -0.535324
400115967 7.781158 -1.005569 9.232040 -1.822332 0.083093 -0.700324
440216065 7.647079 -2.039856 8.571243 -2.000604 0.175752 -0.728477
480346680 7.862564 -3.007111 10.386047 -2.208824 0.226871 -0.647986
520172119 8.753204 -3.864243 9.576813 -2.181910 0.289471 -0.740496
560394287 9.313446 -5.027817 12.133820 -2.350340 0.317575 -0.654646
600250244 9.677368 -6.957550 14.872787 -2.698039 0.373683 -0.576850
640106201 6.742065 -9.634262 17.606964 -3.074400 0.472411 -0.365696
680328369 2.604889 -11.300629 18.210297 2.879179 0.550875 -0.142081
720245361 0.833176 -11.099518 20.163971 2.722355 0.502838 -0.041297
760437012 0.105347 -11.099518 20.451279 2.671249 0.497239 -0.005151
800262451 -4.443634 -13.369217 20.412964 2.521329 0.569278 0.214343
840362549 -10.721237 -15.648499 22.912506 2.349318 0.553981 0.437656
880554199 -11.583145 -12.196060 18.511963 2.261267 0.509346 0.559111
920379639 -16.170441 -10.635040 9.394852 2.009277 0.517066 1.044473
960479736 -15.021225 -5.200211 1.790863 1.927643 0.331102 1.452134
1000305176 -8.475479 -0.205902 1.254562 2.291809 0.024027 1.423841
1040405274 -4.501099 1.407791 4.458008 2.359525 -0.218667 0.790208
1080261231 -1.838745 3.275269 5.841858 2.449581 -0.491091 0.304937
1120147705 -1.896210 3.687073 5.774811 2.299546 -0.545266 0.317267
1160278320 -1.484406 4.299988 6.373367 2.362123 -0.581346 0.228828
1200164795 -1.273712 4.151550 7.584824 2.862829 -0.494972 0.166377
1240264893 -0.919373 4.065353 8.734055 3.019155 -0.433532 0.104877
1280426026 -0.110138 4.505890 8.221695 -3.075810 -0.501306 0.013395
1320281983 0.660797 4.654327 8.652649 -2.880610 -0.492300 -0.076221
1360504151 0.498001 4.165909 9.701309 -2.976497 -0.405129 -0.051288
1400360108 0.234634 4.084503 9.346970 -3.053870 -0.411864 -0.025097
1440460205 0.067032 3.912125 8.901642 -3.090867 -0.414064 -0.007530
1480651856 0.699112 4.194641 9.174576 -2.939421 -0.427734 -0.076054
