0 0.421387 1.000778 9.662994 0.788929 -0.103103 -0.043581
40100098 0.565033 0.876282 9.342178 0.776700 -0.093355 -0.060408
80230713 1.517929 0.550659 10.338165 0.695151 -0.052651 -0.145786
120239258 2.882614 0.651230 9.294296 0.249340 -0.066823 -0.300741
160308838 3.481171 -0.014359 9.117126 0.040638 0.001471 -0.364743
200103760 5.066132 -1.383850 10.089172 -0.756444 0.121968 -0.465355
240203858 7.345413 -2.705444 11.429916 -1.448474 0.196554 -0.571190
280242920 7.460327 -3.653549 8.930374 -1.969147 0.304227 -0.695950
320281983 6.009445 -5.420471 7.829041 -2.416951 0.502239 -0.654660
360382080 5.482727 -6.291962 8.470688 -2.640357 0.557570 -0.574446
400177002 7.173035 -6.421249 8.465897 -2.362926 0.524606 -0.702916
440338135 5.386948 -9.466675 10.366898 -2.910932 0.680988 -0.479228
480133057 5.439621 -12.229584 15.083466 3.028167 0.651587 -0.346117
520233154 3.960007 -16.481689 17.707520 2.870006 0.737402 -0.220014
560363770 3.390182 -19.033905 19.282898 2.819744 0.771291 -0.174034
600158692 -2.662354 -22.189468 22.979553 2.479916 0.764577 0.115343
640319824 -2.580948 -18.794479 22.179886 2.450690 0.699648 0.115843
680145264 -9.399643 -21.466415 22.883774 2.362452 0.714688 0.389744
720214844 -12.780243 -18.813644 22.936447 2.257209 0.621732 0.508356
760314942 -11.501740 -14.413101 21.279663 2.248387 0.537363 0.495523
800140381 -13.599060 -13.326126 15.725113 2.116727 0.570019 0.713023
840301514 -17.942154 -9.931152 9.356537 1.929509 0.456248 1.090110
880432129 -14.595047 -2.820374 5.185837 2.184008 0.180116 1.229395
920471192 -10.716446 0.272934 2.906555 2.158841 -0.024576 1.305944
960601807 -6.971909 2.164352 5.152328 2.112914 -0.244660 0.934364
1000366211 -4.405334 2.868256 7.163452 2.108525 -0.328695 0.551357
1040771484 -2.274490 3.854660 7.781158 2.039922 -0.443845 0.284385
1080841065 -0.914581 4.606445 7.675812 -3.023598 -0.537407 0.118592
1120819092 -0.239426 5.056549 7.331039 -1.614298 -0.603561 0.032648
1160888672 0.421387 4.970367 8.825027 -2.170591 -0.512444 -0.047713
1200653076 0.718262 4.352661 10.591949 -2.512296 -0.389096 -0.067708
1240753174 1.154007 4.141968 11.018112 -2.497008 -0.357787 -0.104357
1280517578 1.537079 4.204224 10.582367 -2.290291 -0.374596 -0.144240
1320587158 1.216248 4.003113 10.046066 -2.332283 -0.376696 -0.120481
1360656738 0.766144 3.711014 9.299072 -2.419656 -0.378544 -0.082204
1400451660 0.713470 3.696640 9.006989 -2.398688 -0.388359 -0.079048
1440582276 0.416595 3.529053 8.547302 -2.482488 -0.391146 -0.048701
1480377197 0.110138 3.490753 8.207321 -2.566457 -0.402111 -0.013419
