0 0.641647 -0.746994 11.343735 0.132345 0.065651 -0.056504
39825439 1.642426 -0.411804 9.988617 -0.151350 0.040659 -0.162971
79956054 2.130844 -0.723053 9.725250 -0.270056 0.072498 -0.215696
120056152 2.719818 -0.732620 9.461884 -0.427869 0.074278 -0.279904
159912109 3.351883 -0.861908 9.294296 -0.583261 0.087015 -0.346121
200042724 4.367020 -1.244980 9.548080 -0.771288 0.118026 -0.428967
239868164 4.778824 -1.934509 9.696518 -0.913209 0.177078 -0.457903
279998779 4.879379 -2.734177 9.830597 -1.064512 0.244159 -0.460720
320129394 4.558563 -3.916916 10.055649 -1.336976 0.340919 -0.425623
360015869 5.588074 -4.371811 10.769119 -1.372960 0.345852 -0.478651
400177002 6.177048 -4.932053 10.587158 -1.482870 0.382551 -0.528159
440002441 5.894531 -6.813904 10.400406 -1.867596 0.518053 -0.515619
480133056 5.688629 -9.232040 11.224014 -2.660161 0.632971 -0.469094
520263671 5.252884 -11.678909 11.918335 -2.859701 0.730979 -0.415126
560211181 5.463562 -13.057983 11.353302 -2.832932 0.803265 -0.448520
600341796 5.808334 -14.374786 11.654968 -2.823991 0.834732 -0.462332
640167236 6.224930 -16.223114 11.568787 -2.798314 0.890118 -0.493645
680267334 5.966354 -18.028336 11.985367 -3.079397 0.932032 -0.461889
720397949 5.544968 -19.460068 11.037277 -3.077857 1.005232 -0.465554
760345459 2.432510 -22.165527 10.414780 2.949050 1.121238 -0.229450
800476074 -0.565033 -22.510284 12.287048 2.650776 1.070707 0.045954
840270996 -1.474823 -20.350708 12.100296 2.564289 1.031121 0.121285
880371093 -5.329498 -18.607742 11.736374 2.672360 0.964980 0.426259
920501709 -6.703766 -15.619766 11.257538 2.570561 0.872820 0.537098
960418701 -8.303085 -12.622238 11.185715 2.471247 0.736164 0.638551
1000549316 -7.647079 -9.246414 10.319016 2.452588 0.623970 0.637759
1040344238 -8.087616 -7.053314 9.610321 2.379685 0.511663 0.699571
1080413818 -7.762009 -4.946426 9.758774 2.518544 0.377649 0.671922
1120544433 -6.363785 -2.849106 9.926361 2.548882 0.237087 0.570093
1160461425 -6.028595 -2.092529 8.820236 2.470852 0.193414 0.599563
1200592041 -5.477936 -1.561020 8.590393 2.474755 0.152034 0.567667
1240386963 -4.079727 -0.565033 9.074020 2.625734 0.056732 0.422526
1280456543 -3.308792 -0.043091 9.236832 -3.078378 0.004392 0.343976
1320587158 -3.150772 -0.004791 9.433151 -2.906224 0.000482 0.322360
1360534668 -2.944870 0.052673 9.921570 -2.648963 -0.005089 0.288532
1400665283 -2.705444 0.143646 9.897629 -2.480283 -0.013999 0.266825
1440460205 -2.068588 0.593765 9.926361 -1.991243 -0.058492 0.205453
1480549202 -2.418137 0.143646 10.342957 -1.634025 -0.013523 0.229670
