0 1.043869 0.909790 9.643845 0.783414 -0.093518 -0.107822
40130616 1.450882 0.593765 9.576813 0.754449 -0.061224 -0.150356
79956055 2.552216 0.239426 9.969452 0.499616 -0.023261 -0.250621
120082468 4.237732 -0.383072 9.873688 -0.645633 0.035637 -0.405418
160182566 5.683838 -1.417374 9.562439 -1.475963 0.126731 -0.536286
200099558 6.531387 -2.054230 8.959106 -1.673939 0.183203 -0.629940
240199656 7.656662 -2.801208 9.088394 -1.764840 0.231492 -0.700104
280025095 9.993393 -3.744537 10.663773 -1.772732 0.250825 -0.752957
320155711 11.726807 -5.171478 12.215210 -1.936512 0.296410 -0.765002
360255808 13.024460 -8.106766 13.958191 -2.103773 0.401563 -0.750807
400081248 14.666885 -11.750748 16.314087 -2.237074 0.491751 -0.732280
440211863 11.161774 -16.347610 18.248611 -2.648486 0.652534 -0.548942
480067820 0.828400 -19.507950 21.504715 2.783685 0.736381 -0.038503
520167918 -8.935165 -19.407394 24.741684 2.449882 0.635624 0.346563
560023875 -11.444290 -16.328461 22.112854 2.311023 0.580437 0.477581
599910349 -13.713989 -15.356415 19.713852 2.202613 0.568928 0.607802
640071482 -13.201630 -10.783478 12.229584 2.045940 0.539849 0.823602
679957957 -13.503296 -7.259216 5.870590 1.856029 0.458041 1.160694
720119089 -12.124237 -4.865021 7.062897 2.293155 0.333752 1.043311
760249705 -6.603210 -1.221039 8.796295 2.418890 0.110561 0.643937
800197214 -2.571365 1.235413 9.045288 2.540902 -0.130627 0.276970
840327830 -1.901001 2.135635 7.671021 2.454260 -0.263925 0.242922
880183787 -1.082184 3.093307 6.588837 2.289548 -0.433834 0.162792
920283884 -0.502777 3.265686 7.436386 2.621334 -0.412955 0.067508
960383982 -0.009583 2.801208 9.021347 2.870570 -0.301070 0.001062
1000300974 1.355118 3.337524 8.949524 -3.096402 -0.353258 -0.150276
1040431589 1.762131 3.485962 8.968674 -2.986386 -0.364361 -0.194005
1080287546 1.814804 3.064575 9.390060 -3.014589 -0.310097 -0.190915
1120387644 1.690308 2.916138 9.428360 -3.094656 -0.295526 -0.177395
1160487742 1.800446 3.270477 8.662216 -3.019597 -0.354077 -0.204933
1200404734 1.465256 3.107681 8.786728 -3.117664 -0.335660 -0.165237
1240535349 1.450882 3.102890 9.112335 -3.134968 -0.324400 -0.157896
1280360789 1.565811 3.193863 9.169800 -3.109067 -0.330723 -0.169126
1320491404 0.742203 2.901779 9.030930 2.995345 -0.309917 -0.082000
1360591502 0.057465 2.633621 9.878479 2.870973 -0.260538 -0.005817
1400508494 -2.298431 1.364700 10.189728 2.644759 -0.129911 0.221851
1440639109 -2.815582 0.924164 8.384491 2.564003 -0.104111 0.323976
1480464548 -1.302444 1.637634 9.725250 2.595496 -0.165376 0.133132
