0 1.110916 0.234634 9.912003 0.727963 -0.023520 -0.111612
40069581 1.398209 0.220261 9.715668 0.683841 -0.022436 -0.142931
80078125 1.460464 -0.129288 9.643845 0.726279 0.013254 -0.150298
120147706 1.953674 -0.574615 9.811432 0.711900 0.057375 -0.196551
159912110 2.212250 -1.221039 9.725250 0.800122 0.121820 -0.223669
200012207 2.810791 -2.154785 9.399643 0.975113 0.216199 -0.290568
240051270 3.897766 -2.983170 9.035721 -2.960991 0.294344 -0.407256
280059815 6.004654 -3.011902 8.619125 -1.785453 0.279233 -0.608485
320129395 7.278366 -2.987961 8.499420 -1.639345 0.260934 -0.708161
359924317 8.384491 -4.003113 9.888046 -1.763773 0.299492 -0.703298
400085450 8.705322 -6.224930 10.486603 -2.135492 0.428444 -0.692849
439880372 6.081268 -9.715668 11.894394 -2.887727 0.628804 -0.472624
479980469 3.801987 -12.267883 10.874466 -3.136654 0.816830 -0.336341
520080567 -0.052673 -14.499283 12.014099 2.694628 0.878854 0.004384
559906006 1.407791 -13.417114 15.093048 2.765282 0.724532 -0.093005
600067139 4.180283 -11.267120 19.062637 2.886312 0.523590 -0.215875
640167237 -0.445328 -13.508087 20.484787 2.526618 0.582861 0.021736
680023194 -2.212250 -12.277466 19.646820 2.421939 0.555706 0.112129
720184327 -7.752426 -13.503296 18.813644 2.192754 0.585882 0.390863
759979248 -10.098740 -11.281479 16.294937 2.058267 0.531906 0.554813
800109864 -8.978256 -7.019806 12.545624 1.986480 0.427025 0.621151
839935303 -10.113113 -4.793198 9.083603 2.194394 0.338995 0.838976
880004883 -10.113113 -2.738968 7.149094 2.136501 0.217651 0.955446
920166016 -6.110001 0.158020 6.493073 2.128915 -0.017722 0.755012
959960938 -2.753326 1.781281 7.048523 2.091939 -0.231186 0.372398
1000122071 -1.115692 2.365479 7.584824 2.111132 -0.299282 0.146048
1040191651 0.229843 2.925720 7.704544 2.991334 -0.362772 -0.029823
1080230713 0.761353 3.035843 8.106766 -3.070751 -0.356877 -0.093641
1120330811 0.881073 2.796432 8.437164 -3.049474 -0.318432 -0.104050
1160125733 0.876282 2.293640 9.567230 -3.099167 -0.234353 -0.091337
1200256348 1.474823 2.700653 8.853760 -2.896644 -0.292267 -0.165060
1240325928 2.140411 2.940079 8.997406 -2.709613 -0.307795 -0.233551
1280212403 2.255341 2.772491 9.442734 -2.743011 -0.278174 -0.234452
1320343018 2.025497 2.691086 9.217682 -2.784968 -0.277773 -0.216303
1360137940 2.054230 2.868256 9.270355 -2.764220 -0.293358 -0.218068
1400268555 1.556229 2.633621 9.193741 -2.905897 -0.275270 -0.167681
1440307618 1.273712 2.341522 9.165009 -2.986181 -0.247850 -0.138091
