0 2.015915 -0.411804 10.223236 -0.045500 0.039500 -0.194692
40100098 3.596085 -0.383072 10.117889 -0.399243 0.035659 -0.341494
80200195 4.242523 -1.283295 10.328583 -0.632360 0.114427 -0.389744
120178223 4.970367 -1.824387 10.108322 -0.871685 0.160569 -0.456994
160278320 6.220139 -1.795654 9.888046 -0.999850 0.152521 -0.561511
200073242 5.406113 -2.868256 9.538498 -1.198019 0.255873 -0.515625
240203857 5.468353 -3.122040 8.992615 -1.458530 0.288370 -0.546350
280273438 6.047760 -4.165909 10.347748 -1.616649 0.334517 -0.528909
320159912 6.057327 -6.033386 11.520905 -2.017257 0.434046 -0.484049
360229492 6.584061 -7.129929 10.606308 -2.121053 0.518927 -0.555551
400054932 5.856216 -9.026138 10.898407 -2.454420 0.630285 -0.493076
440246582 7.541733 -11.137833 13.527237 -2.855882 0.623462 -0.508600
480377197 11.822571 -13.081924 14.331696 -2.522385 0.613494 -0.689755
520263672 13.067551 -16.797714 13.800186 -2.508850 0.723814 -0.758137
560394287 8.542511 -22.400146 15.126572 -2.938371 0.911154 -0.514086
600219727 4.304779 -24.660278 14.164093 3.049146 1.030149 -0.295051
640289307 1.388641 -24.746475 14.293381 2.925367 1.044979 -0.096849
680450440 -0.991196 -23.228546 14.484924 2.766825 1.012167 0.068323
720336914 -0.790085 -20.973206 13.594284 2.775268 0.994936 0.058054
760467529 -2.853882 -18.847153 12.856857 2.622632 0.960897 0.218432
800292969 -4.347870 -15.662872 11.578354 2.488904 0.902414 0.359224
840362549 -6.550537 -13.206421 11.343735 2.866077 0.789473 0.523680
880493164 -8.489838 -10.486603 9.270355 2.659232 0.695264 0.741479
920562744 -9.040512 -7.800308 9.145844 2.596421 0.545229 0.779606
960693359 -9.121902 -5.827484 8.384491 2.526056 0.439642 0.827496
1000457764 -8.259995 -3.878601 8.001419 2.506298 0.325289 0.801298
1040527344 -6.991074 -2.039856 8.858551 2.611254 0.178829 0.668114
1080657959 -6.062119 -1.225830 9.050079 2.704365 0.112064 0.590197
1120544434 -4.544189 -0.110138 9.236832 3.024505 0.010699 0.457198
1160675049 -4.161118 0.335190 9.720459 -3.026412 -0.031690 0.404475
1200469971 -3.691864 0.521942 9.677368 -2.811574 -0.050349 0.364452
1240539551 -3.337524 0.794876 9.844955 -1.843319 -0.076316 0.326850
1280364990 -2.806000 0.828400 10.074799 -1.728456 -0.079045 0.271633
1320220947 -2.226608 1.077393 10.108322 -1.568706 -0.103716 0.216812
1360351563 -1.757339 1.058243 9.859329 -1.566508 -0.105278 0.176389
1400207520 -1.661575 1.000778 9.888046 -1.590401 -0.099482 0.166483
1440338135 -1.278503 0.905014 9.595963 -1.432228 -0.093215 0.132453
1480468750 -1.283295 0.694321 9.974243 -1.521127 -0.068933 0.127958
