0 -0.100555 0.751785 10.405197 1.235760 -0.072122 0.009664
40100098 0.531509 1.067810 10.151413 1.080523 -0.104661 -0.052310
80139161 -0.986404 0.411804 10.098740 1.350322 -0.040562 0.097367
120147705 -0.742203 0.378281 9.461884 1.342191 -0.039836 0.078281
160217286 -0.866699 0.344772 9.892838 1.357312 -0.034704 0.087386
200012207 -0.344772 0.430954 9.959885 1.309124 -0.043216 0.034602
240112305 1.312027 0.723053 10.386047 1.049113 -0.068959 -0.125660
280181885 2.446869 0.402222 9.610321 0.712954 -0.040537 -0.249311
320190430 4.568130 0.062256 10.357315 -0.957149 -0.005500 -0.415389
360229493 7.110779 1.292862 8.805878 -1.131865 -0.113733 -0.679300
400054932 8.844177 0.268158 7.326263 -1.429998 -0.023345 -0.878994
440124512 7.594406 -2.202667 8.006210 -1.863682 0.197015 -0.759008
480224610 7.082047 -3.471588 9.265564 -2.178081 0.289327 -0.652616
520233155 7.168243 -5.281616 10.697296 -2.392457 0.389235 -0.590375
560302735 10.998962 -5.291183 14.259872 -2.167612 0.285767 -0.657009
600097657 13.426682 -7.158661 16.903061 -2.197405 0.320210 -0.671277
640258789 11.425125 -10.831375 17.578232 -2.500567 0.476873 -0.576346
680145264 2.729385 -18.195938 20.192703 2.971368 0.728931 -0.134353
720214844 -6.248871 -22.007507 14.116211 2.445707 0.959088 0.416744
760314942 -11.722015 -21.064194 11.918335 2.122889 0.899962 0.777094
800109864 -12.919113 -18.526337 17.539917 2.203166 0.704754 0.634841
840240479 -13.005310 -13.713989 15.964539 2.134237 0.587545 0.683603
880065918 -12.871231 -8.580826 11.851303 2.339797 0.455967 0.826630
920166016 -13.532028 -5.918472 7.407654 2.169540 0.366329 1.069939
960327149 -10.721237 -3.232178 4.922485 2.114358 0.267414 1.140373
1000152588 -5.616791 0.426163 5.894531 2.112972 -0.052293 0.761275
1040313721 -3.055008 2.035065 6.315903 1.970686 -0.282315 0.450524
1080444336 -3.155563 2.020706 6.694183 2.414147 -0.266547 0.440498
1120483399 -3.270477 1.728607 7.967911 2.603102 -0.198066 0.389488
1160583496 -2.676712 1.647217 8.858551 2.819784 -0.176153 0.293439
1200378418 -1.546661 1.953674 9.093185 3.114333 -0.208724 0.168478
1240509034 -1.000778 2.102112 9.279922 -2.997808 -0.221521 0.107428
1280609131 -0.517151 2.145203 9.260773 -3.049927 -0.227287 0.055785
1320434571 0.268158 2.494751 9.040512 -2.788267 -0.269139 -0.029653
1360565186 0.335190 2.643204 9.346970 -2.764322 -0.275423 -0.035845
1400360108 -0.368713 1.910568 9.979034 -3.013921 -0.189043 0.036932
1440490723 -0.311249 2.054230 10.237610 -2.994868 -0.197936 0.030393
1480316163 -0.129288 2.403778 9.548080 -2.993368 -0.246608 0.013540
