0 1.039078 0.392654 9.672577 -0.170064 -0.040340 -0.107015
40100097 1.493988 0.569824 9.677368 -0.270208 -0.058127 -0.153170
79925537 1.307236 0.292099 10.007767 -0.235428 -0.028933 -0.129887
119995117 1.666367 0.076614 9.888046 -0.342830 -0.007640 -0.166955
160064697 2.552216 -0.004791 9.667786 -0.556120 0.000479 -0.258103
199951172 3.500320 -0.569824 9.897629 -0.782723 0.054224 -0.339925
240081787 5.066132 -1.398209 10.477020 -1.032997 0.119573 -0.450399
279998779 6.722916 -2.121262 10.017334 -1.214826 0.174052 -0.591085
320037841 8.499420 -2.868256 9.634262 -1.307777 0.219651 -0.722898
360137939 9.844955 -4.778824 10.285492 -1.434881 0.323829 -0.763518
399993896 10.587158 -6.531387 10.405197 -1.535840 0.414499 -0.794066
440155029 10.568008 -8.959106 10.151413 -1.686339 0.548748 -0.805502
480102539 9.806656 -11.559204 10.534485 -2.156074 0.676651 -0.749632
520172119 9.495407 -13.656525 11.415558 -2.302607 0.743606 -0.693830
560333252 7.517792 -17.535141 13.354858 -2.662050 0.852542 -0.512713
600128173 7.096420 -19.330780 14.537598 -2.765599 0.873980 -0.454117
640273356 5.588074 -20.973206 14.906296 -2.932944 0.921541 -0.358666
680403972 3.663132 -21.576553 14.226349 2.838225 0.973039 -0.252015
720412516 3.011902 -19.938919 14.489716 2.781885 0.932281 -0.204946
760512614 1.680725 -19.172775 13.148956 2.705699 0.965870 -0.127133
800368571 -0.244202 -17.803284 12.770676 2.552907 0.948453 0.019120
840499186 -0.933731 -15.796936 13.038818 2.484179 0.879501 0.071490
880568766 -1.910568 -13.962982 12.483368 2.770421 0.835532 0.151871
920577311 -4.132385 -12.234375 13.024460 2.647509 0.730242 0.307233
960646891 -4.204224 -9.667786 12.579132 2.628596 0.629875 0.322550
1000472331 -4.764465 -7.359772 11.803421 2.572245 0.524237 0.383650
1040541911 -4.290405 -5.420471 11.042053 2.565095 0.429129 0.370598
1080336833 -3.667923 -3.734955 11.109100 2.831691 0.309027 0.318903
1120375895 -3.849884 -2.906555 10.256760 2.772406 0.259331 0.359078
1160720134 -4.218582 -2.149994 9.840164 2.698286 0.198179 0.405009
1200484538 -3.758896 -1.498764 9.816223 2.717298 0.141631 0.365702
1240584636 -3.912125 -0.900223 10.098740 2.681865 0.082932 0.369586
1280684733 -3.485962 -0.536301 9.801865 2.816442 0.051505 0.341693
1320693278 -3.007111 -0.435745 10.323792 2.961197 0.040502 0.283437
1360793376 -2.777267 -0.435745 10.749969 3.046085 0.039226 0.252823
1400588298 -2.006348 -0.062256 10.644623 -3.038252 0.005747 0.186299
1440718913 -1.355118 0.268158 10.232819 -2.844568 -0.025973 0.131663
1480788493 -1.154007 0.263367 10.333374 -2.404823 -0.025324 0.111217
