0 0.033524 0.402222 10.534485 1.521130 -0.038163 -0.003182
40100098 -0.129288 0.181961 10.371689 1.576184 -0.017541 0.012465
80200195 0.818817 0.440536 9.524139 1.483398 -0.046052 -0.085762
120208740 1.584961 0.742203 9.782715 1.329232 -0.074753 -0.160621
160278320 1.465256 0.560242 9.203308 1.393269 -0.060045 -0.157885
200073242 2.106903 0.622498 8.719681 1.240376 -0.069282 -0.237082
240173340 2.576157 1.436523 8.532928 0.716873 -0.159792 -0.293206
280242920 1.786072 0.761353 7.445969 1.380953 -0.099104 -0.235423
320251465 2.121262 -0.234634 12.138596 2.010346 0.019039 -0.173006
360321045 4.443634 0.076614 11.037277 -2.935603 -0.006439 -0.382748
400146484 4.012680 -0.215485 9.102753 -2.685825 0.021658 -0.415194
440307617 6.177048 0.622498 8.078033 -1.786073 -0.061138 -0.652825
480407715 2.815582 -1.364700 10.022125 3.090205 0.130350 -0.273877
520294189 1.771713 -2.173935 12.009323 2.713357 0.177204 -0.146472
560424805 3.380615 -1.915359 10.381256 -3.052512 0.173667 -0.314816
600219727 3.404556 -2.992752 13.982132 2.997922 0.205042 -0.238845
640289307 4.932053 -3.926498 15.318100 -2.981915 0.239319 -0.311494
680419922 1.556229 -5.626373 13.532028 2.961419 0.391714 -0.114500
720306397 1.072601 -5.612015 12.157761 2.931246 0.430985 -0.087996
760437012 2.705444 -4.644745 9.260773 -3.062560 0.448679 -0.284231
800231934 0.387863 -6.105209 13.139374 2.849369 0.434803 -0.029511
840393066 -6.406891 -9.255981 16.314087 2.505091 0.485872 0.374216
880493164 -11.104309 -10.405197 17.310074 2.346296 0.468397 0.570372
920379639 -9.672577 -6.435608 15.174454 2.305508 0.343457 0.567484
960540772 -9.524139 -3.347092 11.396408 2.181310 0.221657 0.696142
1000335693 -9.816223 -2.154785 7.795517 2.079773 0.170237 0.899635
1040466309 -7.771576 -0.632065 6.282379 2.183661 0.063165 0.890967
1080566406 -4.194641 1.546661 6.871353 2.147237 -0.189807 0.548070
1120452881 -2.911346 1.881836 6.512222 2.135484 -0.257931 0.420405
1160583496 -2.528275 2.303223 7.335831 2.157216 -0.288550 0.331898
1200378418 -1.968033 2.896988 7.091629 2.001577 -0.375004 0.270703
1240447998 -1.101334 3.064575 8.097183 2.972016 -0.358789 0.135185
1280273438 -0.713470 2.911346 9.361328 -3.127772 -0.300695 0.076068
1320404053 -0.632065 3.040634 8.346191 -3.123920 -0.348451 0.075587
1360534668 -0.521942 2.758118 8.906433 -3.082130 -0.299827 0.058536
1400329590 0.105347 3.093307 9.260773 -2.888580 -0.322351 -0.011375
1440551758 0.258575 3.476379 8.614334 -2.848623 -0.383413 -0.030008
1480621338 -0.086197 3.059784 9.643845 -2.994267 -0.307221 0.008938
