0 0.464478 0.866699 10.927139 0.788706 -0.079079 -0.042481
40069580 0.885849 1.015137 10.309433 0.696736 -0.097792 -0.085716
80078125 0.766144 0.847549 10.084381 0.731679 -0.083609 -0.075828
120117187 1.067810 0.991196 9.346970 0.639791 -0.104972 -0.113748
159912109 1.613693 1.163589 9.217682 0.505362 -0.123708 -0.173309
199981689 1.297653 0.861908 9.394852 0.594398 -0.090631 -0.137255
240203857 2.130844 0.220261 10.568008 0.556669 -0.020428 -0.198964
280181884 3.620026 -0.378281 10.793060 0.225360 0.033217 -0.323612
320220947 4.563354 -1.853119 10.850525 -0.203563 0.156148 -0.398108
359985351 5.789185 -2.489975 9.634262 -1.308296 0.218011 -0.541078
400054931 6.124374 -2.557007 7.412445 -1.703747 0.259918 -0.690531
440093994 6.406891 -4.180283 9.045288 -2.070542 0.360636 -0.616283
480133056 5.305557 -5.755661 11.109100 -2.714435 0.437329 -0.445557
520233154 6.751648 -6.052536 10.170563 -2.362734 0.460283 -0.586045
560028076 7.805099 -7.287949 10.443512 -2.337867 0.509713 -0.641812
600158691 6.057327 -11.219223 12.737152 -2.849069 0.671965 -0.443908
640258789 8.825027 -11.578354 12.057205 -2.561620 0.659246 -0.631836
680114746 8.686157 -14.264648 16.007629 -2.762243 0.664435 -0.497164
720184326 3.907333 -18.152832 18.320435 3.058011 0.769685 -0.210129
759979248 -1.685516 -21.744141 21.088135 2.661108 0.799121 0.079758
800079345 -12.665329 -24.478317 22.347473 2.199711 0.761310 0.515609
840179443 -13.857635 -18.732239 19.891022 2.110084 0.657878 0.608493
880187988 -12.483368 -12.473785 13.852844 2.015294 0.589560 0.733445
920318603 -14.211975 -8.647858 9.313446 1.867722 0.470777 0.990688
960083007 -13.421890 -4.903320 6.315903 1.820260 0.319247 1.130971
1000183105 -8.331818 -1.268921 6.809113 2.196242 0.117384 0.885630
1040283203 -5.003876 0.148438 8.034943 2.293002 -0.015680 0.556990
1080291748 -2.724594 1.197098 7.814682 2.358257 -0.143650 0.335472
1120361328 -1.388641 1.829163 7.603989 2.452665 -0.232365 0.180630
1160156250 -0.972046 1.877060 7.546524 2.552280 -0.241864 0.128102
1200286865 -0.474045 1.733398 8.274368 3.084921 -0.206175 0.057228
1240417480 0.110138 1.996765 8.633499 -3.007561 -0.227267 -0.012756
1280303955 0.239426 1.920151 9.035721 -2.979075 -0.209320 -0.026491
1320404052 0.612915 1.881836 9.457092 -2.892445 -0.196020 -0.064720
1360198974 0.627274 2.025497 9.768341 -2.888426 -0.204047 -0.064127
1400329589 0.837967 2.197876 9.864105 -2.818671 -0.218472 -0.084748
1440460205 0.828400 2.164352 9.844955 -2.823180 -0.215663 -0.083947
1480346679 0.392654 1.833954 9.821014 -2.952249 -0.184467 -0.039960
