0 0.818817 0.426163 9.888046 0.615359 -0.042925 -0.082620
39825440 0.569824 0.344772 9.591171 0.666975 -0.035868 -0.059342
79895020 0.737411 0.258575 9.696518 0.649817 -0.026584 -0.075903
119995117 1.321594 0.421387 9.399643 0.507004 -0.044364 -0.139685
160003662 1.671158 0.397430 9.452316 0.431171 -0.041380 -0.174990
200073242 2.063797 -0.828400 10.352524 0.543689 0.078314 -0.196772
239898682 3.308792 -2.308014 11.089935 0.407787 0.196848 -0.289951
279998779 5.482727 -2.552216 9.921570 -1.105497 0.221456 -0.504842
320068360 6.947968 -3.327942 8.901642 -1.627603 0.286598 -0.662754
360107422 7.120361 -4.338287 9.983826 -1.827045 0.340035 -0.619523
400238037 6.928818 -5.784393 9.988617 -2.148217 0.444122 -0.606466
440032959 8.049301 -7.359772 11.985367 -2.243729 0.471432 -0.591406
480163574 9.830597 -9.849747 15.327682 -2.343214 0.495844 -0.570279
519958496 8.054092 -12.349289 21.083344 -3.089264 0.500668 -0.364904
560058594 4.826706 -13.196838 18.013977 2.994784 0.615827 -0.261793
600189209 -2.217026 -15.294159 18.483231 2.447678 0.687757 0.119378
640014649 -8.599976 -14.250290 15.337250 2.038500 0.681063 0.511040
680145264 -7.575256 -10.328583 11.477798 1.958913 0.644171 0.583368
720214844 -10.568008 -9.849747 10.175354 2.109032 0.591274 0.804325
760253906 -10.941498 -8.872910 13.220779 2.162939 0.477182 0.691344
800384522 -11.219223 -7.929596 14.911087 2.175019 0.401821 0.645041
840179444 -10.788269 -5.032608 10.175354 2.086605 0.327162 0.814627
880310059 -9.466675 -1.541870 6.124374 2.018183 0.135908 0.996575
920410156 -8.518570 -0.009583 5.262451 2.315060 0.000957 1.017419
960418701 -6.612778 1.039078 6.378159 2.336798 -0.112619 0.803456
1000518799 -3.624817 2.523483 7.618347 2.393876 -0.290637 0.444102
1040283203 -2.078171 2.772491 8.700531 2.595484 -0.300550 0.234463
1080413819 -1.728607 2.595322 9.931152 2.725303 -0.251988 0.172333
1120239258 -0.411804 3.294418 8.911224 -3.088287 -0.353763 0.046179
1160278320 -0.507568 3.260910 8.341400 -3.124212 -0.372038 0.060774
1200408936 -0.545883 3.064575 8.853760 -3.128095 -0.332639 0.061578
1240203858 -0.134079 3.260910 8.887283 -3.011289 -0.351630 0.015085
1280364990 -0.004791 3.174713 9.150635 -2.983967 -0.333945 0.000524
1320404053 -0.019150 3.011902 10.175354 -2.979766 -0.287782 0.001882
1360443115 -0.067032 3.059784 9.797073 -2.984539 -0.302711 0.006842
1400543213 -0.306458 3.083725 9.428360 -3.040289 -0.315946 0.032492
1440338135 -0.320816 3.021484 9.557648 -3.045615 -0.306029 0.033554
1480468750 -0.205902 3.069366 9.193741 -3.013568 -0.322144 0.022392
