0 -0.138045 -0.034963 -0.137341 -0.070658 0.204819 9.804256 -1.016157 -0.020887 0.007207
19958496 0.308888 -0.093633 0.025431 -0.063277 0.203229 9.804339 -1.021344 -0.020725 0.006454
39916993 0.727963 -0.244934 0.116095 -0.069694 0.204451 9.804272 -1.018426 -0.020850 0.007108
59875489 0.492526 -0.101298 -0.322818 -0.076985 0.212105 9.804054 -1.021874 -0.021630 0.007852
79833985 0.373753 0.047342 -0.512105 -0.053134 0.202401 9.804417 -1.026455 -0.020641 0.005419
99822998 0.366565 0.048759 -0.476439 -0.045930 0.191423 9.804674 -1.020667 -0.019521 0.004684
119781494 0.739854 -0.029221 -0.436003 -0.060158 0.183215 9.804754 -1.021463 -0.018684 0.006136
139739991 0.912476 -0.027907 -0.524436 -0.070030 0.172320 9.804885 -1.020547 -0.017573 0.007142
159698487 1.140659 -0.023336 -0.841534 -0.070030 0.172320 9.804885 -1.021654 -0.017573 0.007142
179656983 1.420023 -0.090534 -0.585395 -0.068391 0.138944 9.805428 -1.024916 -0.014169 0.006975
199615479 1.933422 -0.081701 0.003242 -0.060428 0.086190 9.806086 -1.029700 -0.008789 0.006162
219573975 2.438473 -0.124582 0.212806 -0.047040 0.038811 9.806460 -1.019330 -0.003958 0.004797
239532471 3.162358 -0.365503 0.378647 -0.039688 0.009702 9.806565 -1.027643 -0.000989 0.004047
259490967 4.559944 -0.812867 0.453780 -0.050147 0.006404 9.806520 -1.059021 -0.000653 0.005114
279479981 5.473686 -1.313823 0.782603 -0.107231 0.032518 9.806010 -1.046643 -0.003316 0.010935
299438477 6.066281 -1.706733 1.011320 -0.197725 0.083567 9.804300 -1.029933 -0.008522 0.020164
319396973 7.094092 -2.369603 0.693001 -0.283009 0.151103 9.801402 -1.017072 -0.015409 0.028866
339355469 7.757561 -3.168399 0.195331 -0.372584 0.220441 9.797090 -1.015754 -0.022481 0.038012
359313965 8.414115 -3.933211 0.372404 -0.442610 0.258061 9.793257 -0.980090 -0.026318 0.045165
379272461 8.964735 -4.475531 1.603138 -0.438378 0.237514 9.793967 -0.962253 -0.024222 0.044730
399230957 8.701635 -5.269397 2.278676 -0.370805 0.195354 9.797689 -0.935380 -0.019922 0.037828
419189453 8.273083 -6.234962 1.793857 -0.250697 0.170149 9.801969 -0.893280 -0.017351 0.025571
439147950 8.246865 -7.456041 0.869809 -0.104226 0.158737 9.804811 -0.843621 -0.016187 0.010630
459136963 8.098989 -8.193178 0.134151 0.061084 0.134727 9.805534 -0.794425 -0.013739 -0.006229
479095459 6.739297 -9.357676 0.518611 0.281003 0.067332 9.802392 -0.725708 -0.006866 -0.028659
499053955 5.009692 -10.171803 1.401380 0.539383 -0.037198 9.791735 -0.643529 0.003793 -0.055030
519012451 4.281923 -10.939455 1.851657 0.827041 -0.132784 9.770811 -0.591312 0.013541 -0.084443
538970948 4.031495 -11.883187 1.495986 1.093628 -0.174145 9.743923 -0.526960 0.017759 -0.111769
558929444 3.600934 -13.260962 1.132994 1.289620 -0.163979 9.720102 -0.457622 0.016722 -0.131905
578887940 3.148563 -14.565852 0.897151 1.397789 -0.126951 9.705692 -0.404084 0.012946 -0.143034
598846436 2.866180 -15.897920 1.411697 1.503879 -0.105342 9.690080 -0.321761 0.010742 -0.153969
618804932 3.512396 -17.428867 2.453535 1.664150 -0.109114 9.663803 -0.231598 0.011127 -0.170532
638763428 3.714695 -19.264277 1.820620 1.818642 -0.067483 9.636305 -0.162187 0.006881 -0.186534
658752442 2.327484 -20.901133 1.801336 1.924491 0.014764 9.615951 -0.046773 -0.001506 -0.197526
678710938 0.743282 -21.999340 1.598644 2.011397 0.118363 9.597429 0.063575 -0.012070 -0.206587
698669434 0.049794 -23.132900 1.264024 2.109097 0.219525 9.574649 0.215408 -0.022387 -0.216817
718627930 0.157596 -24.267895 1.118961 2.235851 0.298796 9.543694 0.329322 -0.030473 -0.230125
738586426 -0.625072 -25.327919 1.737943 2.399235 0.355824 9.501970 0.518403 -0.036292 -0.247329
758544922 -1.644382 -26.393976 1.205132 2.576488 0.433390 9.452209 0.690716 -0.044208 -0.266115
778503418 -3.326276 -27.474749 -0.280040 2.771529 0.536195 9.391565 0.856544 -0.054704 -0.286963
798461914 -5.824574 -27.365244 -0.123624 2.957573 0.592650 9.331233 1.024298 -0.060470 -0.306938
818420410 -6.096251 -26.480154 1.303216 3.028672 0.599168 9.307981 1.209404 -0.061136 -0.314580
838382786 -5.717489 -25.790129 0.957580 2.874007 0.653104 9.353285 1.424211 -0.066647 -0.298115
858341282 -9.975666 -24.976833 0.869382 2.510137 0.772833 9.448403 1.633598 -0.078889 -0.259670
878299778 -15.630410 -21.878355 1.872290 2.100216 0.865846 9.539906 1.762571 -0.088407 -0.216694
898258274 -16.156445 -17.827154 2.462824 1.792006 0.881248 9.601172 1.901796 -0.089984 -0.184521
918216771 -15.046366 -14.317181 1.882606 1.601337 0.848348 9.637759 2.003722 -0.086616 -0.164648
938175267 -13.905201 -11.430876 1.308717 1.478821 0.801027 9.661358 2.107297 -0.081773 -0.151887
958133763 -13.405469 -9.368367 1.560264 1.396914 0.740392 9.678370 2.178435 -0.075571 -0.143344
978092259 -12.760502 -7.966203 2.012493 1.343060 0.679627 9.690443 2.282260 -0.069358 -0.137719
998050755 -10.667067 -7.443403 1.019711 1.291862 0.651733 9.699316 2.332079 -0.066507 -0.132412
1018039769 -9.530405 -7.112855 0.234654 1.209810 0.651155 9.709930 2.397801 -0.066448 -0.123956
1037998265 -9.429390 -5.706188 -0.020618 1.117442 0.646647 9.721293 2.439226 -0.065987 -0.114446
1057956761 -9.612321 -4.016760 -0.163786 1.050415 0.629001 9.729921 2.493959 -0.064184 -0.107541
1077915257 -9.036512 -2.735176 -0.723974 0.945841 0.550674 9.745385 2.510755 -0.056183 -0.096752
1097873753 -8.554869 -1.865877 -1.042185 0.871548 0.456886 9.757154 2.532786 -0.046606 -0.089088
1117832249 -7.790950 -0.672289 -0.368650 0.871548 0.456886 9.757154 2.562666 -0.046606 -0.089088
1137790745 -5.741631 -0.166817 0.664799 0.792165 0.335120 9.768856 2.593484 -0.034179 -0.080914
1157749241 -4.225616 0.053135 0.789505 0.710105 0.230983 9.778179 2.603037 -0.023556 -0.072494
1177707737 -3.719605 0.033991 0.009895 0.629783 0.163660 9.785039 2.606331 -0.016689 -0.064273
1197666233 -3.751286 0.232038 0.341223 0.563841 0.091246 9.790003 2.591577 -0.009305 -0.057530
1217655247 -3.240004 0.480208 0.909954 0.513672 0.007448 9.793184 2.614283 -0.000759 -0.052404
1237613743 -2.339459 0.434474 1.052360 0.466308 -0.068932 9.795315 2.602991 0.007029 -0.047569
1257572239 -1.498795 0.168401 1.075505 0.422338 -0.133768 9.796638 2.599685 0.013641 -0.043084
1277530735 -1.095250 -0.141881 1.389948 0.385670 -0.193631 9.797151 2.599890 0.019746 -0.039345
1297489231 -0.955616 -0.268908 1.679424 0.364806 -0.247459 9.796738 2.597801 0.025236 -0.037220
1317447728 -0.868825 -0.317564 1.609694 0.358896 -0.288017 9.795847 2.586672 0.029374 -0.036621
1337406224 -0.728720 -0.196386 1.591705 0.348383 -0.315861 9.795368 2.578556 0.032214 -0.035551
1357364720 -0.791336 -0.097138 1.291831 0.327645 -0.321891 9.795888 2.599028 0.032830 -0.033435
1377323216 -0.836801 -0.149990 1.045104 0.294173 -0.310761 9.797310 2.582252 0.031694 -0.030017
1397312230 -1.151327 -0.142292 0.523884 0.248404 -0.281618 9.799458 2.573337 0.028721 -0.025343
1417270726 -1.465995 -0.105044 0.035367 0.218046 -0.250881 9.801016 2.565650 0.025586 -0.022244
1437229222 -1.581854 -0.127732 0.369051 0.226259 -0.240225 9.801096 2.568766 0.024499 -0.023081
1457187718 -1.475490 -0.148229 0.547503 0.241552 -0.231838 9.800934 2.568457 0.023643 -0.024641
1477146214 -1.269305 -0.267783 -0.094619 0.230887 -0.201648 9.801857 2.570874 0.020564 -0.023551
1497104710 -1.076723 -0.419310 -0.428085 0.211419 -0.168247 9.802928 2.534176 0.017157 -0.021564
