0 -0.133386 0.417034 -0.133704 0.249325 0.105335 9.802915 -0.638816 -0.010741 -0.025428
19958496 -0.092598 0.592780 -0.142285 0.249325 0.105335 9.802915 -0.648568 -0.010741 -0.025428
39947509 0.082843 0.559149 -0.432789 0.224589 0.135761 9.803138 -0.639551 -0.013844 -0.022906
59906005 0.135722 0.620113 -0.717289 0.224589 0.135761 9.803138 -0.651267 -0.013844 -0.022906
79864501 0.132108 0.764022 -0.795252 0.176356 0.151534 9.803893 -0.661563 -0.015453 -0.017986
99822998 0.355270 0.818716 -1.087156 0.114646 0.154201 9.804768 -0.669876 -0.015725 -0.011692
119781494 0.676441 0.714060 -0.887051 0.090253 0.129488 9.805380 -0.670662 -0.013204 -0.009204
139739990 2.359630 0.373751 -0.187526 0.090253 0.129488 9.805380 -0.699948 -0.013204 -0.009204
159698486 2.977675 0.490579 -0.377149 0.039602 0.120202 9.805833 -0.703760 -0.012258 -0.004039
179656982 3.620160 0.204959 -0.221932 -0.037838 0.118300 9.805863 -0.706371 -0.012064 0.003859
199615478 4.943901 -0.180675 -0.424098 -0.199944 0.095124 9.804151 -0.714519 -0.009700 0.020391
219604492 6.192032 -0.853458 0.385139 -0.199944 0.095124 9.804151 -0.749901 -0.009700 0.020391
239562988 7.591351 -1.527398 0.822951 -0.256123 0.063800 9.803097 -0.760544 -0.006506 0.026121
259521484 9.046195 -2.398985 1.821889 -0.271613 0.028818 9.802845 -0.771020 -0.002939 0.027700
279479980 10.451603 -3.616055 1.775559 -0.304280 0.028893 9.801886 -0.795863 -0.002946 0.031033
299438476 10.788555 -4.625048 1.124811 -0.393106 0.063374 9.798563 -0.795753 -0.006462 0.040097
319396972 10.803669 -5.331317 0.629716 -0.462129 0.086036 9.795377 -0.802483 -0.008773 0.047143
339355468 10.037748 -6.210271 -0.066713 -0.433988 0.059559 9.796862 -0.775889 -0.006073 0.044270
359313964 9.118878 -7.258185 1.118021 -0.328461 -0.038788 9.801071 -0.753656 0.003955 0.033500
379272460 9.483909 -8.244946 2.559960 -0.189321 -0.159740 9.803521 -0.728390 0.016290 0.019309
399230957 8.592522 -9.762128 1.997872 0.007468 -0.198125 9.804646 -0.724925 0.020205 -0.000762
419219970 7.411344 -11.550524 0.538432 0.007468 -0.198125 9.804646 -0.669100 0.020205 -0.000762
439178466 6.575922 -13.523485 0.136235 0.082628 -0.186124 9.804536 -0.637847 0.018980 -0.008427
459136962 6.495499 -15.376655 1.009228 0.195107 -0.238671 9.801804 -0.567530 0.024340 -0.019903
479095459 6.220891 -17.443874 2.296605 0.409493 -0.362934 9.791372 -0.501424 0.037017 -0.041797
499053955 5.755074 -20.172434 2.260979 0.687726 -0.502287 9.769603 -0.422560 0.051241 -0.070279
519012451 3.553580 -22.542572 2.554529 1.012063 -0.654757 9.732286 -0.328977 0.066816 -0.103618
538970947 -0.008796 -23.988434 5.716625 1.422422 -0.872154 9.663667 -0.199982 0.089053 -0.146143
558929443 -0.706475 -25.649343 8.086218 1.876167 -1.072639 9.565554 -0.099084 0.109598 -0.193679
578887939 -1.393027 -27.389797 7.399054 2.256239 -1.114805 9.478237 0.015470 0.113925 -0.233695
598876953 -3.373183 -28.826475 4.529048 2.505616 -0.966612 9.431752 0.173677 0.098727 -0.259660
618835449 -5.118339 -29.915869 2.878449 2.688640 -0.715828 9.403680 0.358136 0.073059 -0.278484
638793945 -6.988515 -30.866093 1.646865 2.856057 -0.399421 9.373035 0.537665 0.040741 -0.295772
658752441 -10.571976 -30.390350 0.007958 2.944004 0.004714 9.354315 0.753520 -0.000481 -0.304907
678710937 -13.631099 -29.139589 -3.378169 2.920047 0.467217 9.350157 0.972167 -0.047661 -0.302702
698669433 -16.276031 -26.496014 -4.648518 2.801999 0.845518 9.359716 1.123668 -0.086326 -0.290877
718627929 -14.299212 -22.973618 -1.387628 2.569186 1.035023 9.407359 1.321506 -0.105740 -0.266603
738586425 -13.756663 -20.721184 0.045429 2.218162 1.164517 9.481247 1.496033 -0.119029 -0.229819
758544921 -16.701208 -18.289129 -0.894680 1.812532 1.304215 9.549039 1.663486 -0.133388 -0.187581
778533935 -17.573589 -15.289310 -0.903771 1.497227 1.366178 9.594908 1.774337 -0.139766 -0.154796
798492431 -16.575180 -12.239233 0.131824 1.286318 1.329299 9.630614 1.884419 -0.135969 -0.132780
818450927 -14.799805 -9.233384 0.197500 1.074585 1.264430 9.665240 1.973690 -0.129296 -0.110726
838409423 -12.393620 -7.471105 -0.793010 0.865225 1.214285 9.692641 2.036086 -0.124141 -0.089030
858367919 -11.698585 -5.495766 -0.113862 0.700085 1.143468 9.714564 2.093338 -0.116867 -0.071941
878326416 -11.320325 -4.077956 -0.630612 0.622734 1.074283 9.727718 2.142608 -0.109767 -0.063929
898284912 -10.578654 -2.858929 -0.397259 0.623333 0.992764 9.736338 2.180362 -0.101407 -0.063934
918243408 -9.433706 -2.004869 -0.050538 0.643651 0.894045 9.744577 2.200392 -0.091294 -0.065956
938201904 -7.704803 -1.778577 -0.122703 0.667582 0.791213 9.751857 2.229376 -0.080769 -0.068350
958160400 -7.008834 -1.024508 0.823482 0.653051 0.683897 9.760953 2.254811 -0.069795 -0.066805
978149414 -6.343535 -0.550817 0.735662 0.578758 0.604121 9.770899 2.283652 -0.061642 -0.059164
998107910 -5.561566 -0.503176 0.534989 0.467755 0.546348 9.780239 2.296605 -0.055741 -0.047790
1018066406 -4.364333 -0.443667 1.233720 0.369551 0.478854 9.787979 2.313552 -0.048849 -0.037738
1038024902 -3.221073 -0.322411 1.021041 0.316076 0.418561 9.792614 2.291090 -0.042694 -0.032266
1057983398 -2.703882 -0.349611 0.381000 0.302625 0.373355 9.794867 2.306171 -0.038081 -0.030886
1077941894 -1.908232 0.047285 0.405922 0.302541 0.323484 9.796642 2.331124 -0.032992 -0.030872
1097900390 -1.582259 0.382005 0.011049 0.267915 0.290189 9.798694 2.314123 -0.029595 -0.027335
1117858886 -1.230804 0.450313 -0.124082 0.199985 0.266533 9.800987 2.320868 -0.027182 -0.020402
1137817382 -1.066766 0.453544 -0.005608 0.144981 0.236303 9.802731 2.313985 -0.024099 -0.014789
1157806396 -0.911505 0.309225 0.360332 0.124442 0.189611 9.804027 2.315034 -0.019336 -0.012692
1177764892 -0.525579 0.390631 0.553077 0.107885 0.141981 9.805029 2.308303 -0.014479 -0.011003
1197723388 -0.420017 0.198316 0.583181 0.066389 0.108180 9.805828 2.303592 -0.011032 -0.006770
1217681884 -0.292879 0.228117 0.761195 0.013099 0.079984 9.806315 2.303956 -0.008156 -0.001336
1237640380 0.038250 0.162475 0.738387 -0.028128 0.059596 9.806429 2.303822 -0.006077 0.002868
1257598876 -0.443707 0.267046 0.768017 -0.057771 0.048530 9.806359 2.287401 -0.004949 0.005891
1277557373 -0.783395 0.187138 0.444860 -0.054623 0.049291 9.806374 2.285134 -0.005026 0.005570
1297515869 -0.849553 -0.021031 -0.024310 -0.035628 0.052592 9.806445 2.297106 -0.005363 0.003633
1317474365 -0.678220 0.001956 0.090120 -0.031704 0.050054 9.806471 2.294931 -0.005104 0.003233
1337463378 -0.561627 -0.060074 0.223051 -0.022683 0.045975 9.806516 2.272044 -0.004688 0.002313
1357421875 -0.514606 -0.252855 0.107616 -0.016999 0.052035 9.806497 2.280342 -0.005306 0.001733
1377380371 -0.825027 -0.312536 -0.331264 -0.016999 0.052035 9.806497 2.258073 -0.005306 0.001733
1397338867 -1.047097 -0.416502 -0.210546 -0.017833 0.049454 9.806509 2.258316 -0.005043 0.001819
1417297363 -1.082423 -0.384675 0.133566 -0.020835 0.038447 9.806553 2.244493 -0.003921 0.002125
1437255859 -1.540879 -0.374551 -0.295855 -0.023840 0.040135 9.806539 2.241525 -0.004093 0.002431
1457214355 -2.155979 -0.623959 -0.804237 -0.029902 0.049236 9.806481 2.227845 -0.005021 0.003049
1477172851 -2.376811 -0.959226 -0.271423 -0.022892 0.040031 9.806541 2.220090 -0.004082 0.002334
1497131347 -2.455875 -1.346411 0.106361 -0.007869 0.025662 9.806613 2.197592 -0.002617 0.000802
