0 -0.020914 0.005202 0.045036 0.152216 0.456866 9.794820 -1.070801 -0.046604 -0.015539
19958496 0.122920 -0.140154 0.296859 0.141055 0.429312 9.796233 -1.077404 -0.043792 -0.014398
39916992 0.257302 -0.099271 0.185689 0.141055 0.429312 9.796233 -1.087620 -0.043792 -0.014398
59875488 0.101514 -0.066495 -0.210995 0.126303 0.431489 9.796338 -1.069680 -0.044014 -0.012892
79833984 -0.109820 0.016927 -0.353611 0.114466 0.427475 9.796660 -1.069869 -0.043604 -0.011684
99792480 0.193892 -0.014329 -0.147826 0.110317 0.411088 9.797410 -1.075211 -0.041932 -0.011259
119750977 0.486698 -0.093071 -0.038232 0.093846 0.394416 9.798266 -1.090523 -0.040230 -0.009577
139709473 0.843243 -0.186632 -0.062570 0.047618 0.365496 9.799722 -1.104927 -0.037279 -0.004859
159667969 0.922530 -0.204583 -0.015324 0.047618 0.365496 9.799722 -1.089871 -0.037279 -0.004859
179626465 0.929376 -0.201586 -0.025517 0.049747 0.345056 9.800451 -1.074465 -0.035193 -0.005076
199615479 0.709019 -0.161444 0.059651 0.047683 0.322795 9.801220 -1.088014 -0.032922 -0.004865
219573975 0.780458 -0.124411 -0.041395 0.033338 0.301711 9.801951 -1.083756 -0.030771 -0.003401
239532471 1.362362 -0.159045 -0.237383 0.019299 0.278937 9.802664 -1.071796 -0.028448 -0.001969
259490967 2.074916 -0.177796 0.053649 0.016777 0.246419 9.803538 -1.087556 -0.025130 -0.001711
279449463 2.658204 -0.087702 0.100462 0.022512 0.212327 9.804325 -1.083527 -0.021653 -0.002296
299407959 2.720540 -0.123699 0.085300 0.013797 0.184332 9.804908 -1.071525 -0.018798 -0.001407
319366455 3.252089 -0.035901 0.094264 -0.005539 0.162772 9.805298 -1.070833 -0.016599 0.000565
339324951 3.801155 0.070582 0.146158 -0.047266 0.131125 9.805660 -1.070805 -0.013371 0.004820
359283447 4.097730 0.227662 0.297878 -0.061379 0.112817 9.805809 -1.067645 -0.011504 0.006259
379272461 3.883270 0.435049 0.596637 -0.061379 0.112817 9.805809 -1.051067 -0.011504 0.006259
399230957 3.502473 0.314288 0.903580 -0.076808 0.096859 9.805870 -1.034366 -0.009877 0.007833
419189453 3.954326 -0.276975 1.209153 -0.093468 0.088257 9.805808 -1.022788 -0.009000 0.009532
439147949 4.705307 -1.044207 1.656669 -0.109570 0.085695 9.805664 -1.016101 -0.008739 0.011174
459106445 6.217074 -2.178889 2.274486 -0.142277 0.096321 9.805144 -1.023553 -0.009822 0.014509
479064941 7.045826 -3.470442 2.532745 -0.222359 0.185595 9.802372 -0.990893 -0.018927 0.022680
499023437 7.958371 -4.831292 2.565925 -0.220055 0.248507 9.801031 -1.005957 -0.025343 0.022448
518981934 8.981193 -6.361408 2.436913 -0.220055 0.248507 9.801031 -1.010239 -0.025343 0.022448
538940430 9.683181 -7.923381 2.418183 -0.174934 0.312968 9.800094 -1.001164 -0.031919 0.017848
558929443 9.651859 -10.093410 2.777593 -0.086940 0.370881 9.799249 -0.981204 -0.037828 0.008872
578887939 10.334364 -12.073510 2.938008 0.011087 0.433313 9.797066 -0.948172 -0.044200 -0.001132
598846436 10.043374 -14.174789 2.509532 0.103779 0.516223 9.792504 -0.917262 -0.052664 -0.010597
618804932 8.858411 -16.034966 2.357467 0.212012 0.600556 9.785948 -0.880220 -0.061278 -0.021662
638763428 7.342763 -17.826437 2.449251 0.366183 0.664167 9.777278 -0.812099 -0.067778 -0.037435
658721924 5.896743 -19.640440 2.375302 0.558425 0.716533 9.764482 -0.748597 -0.073131 -0.057127
678680420 3.917375 -21.317724 2.004801 0.771648 0.762781 9.746442 -0.663003 -0.077861 -0.079007
698638916 2.453020 -22.924046 2.158995 0.958297 0.801884 9.726718 -0.563141 -0.081861 -0.098205
718597412 1.377208 -24.515625 2.483214 1.080645 0.846662 9.710085 -0.480573 -0.086443 -0.110835
738555908 0.297706 -26.675159 2.388630 1.154907 0.905332 9.696234 -0.363926 -0.092450 -0.118550
758544922 -0.013019 -28.839483 2.217572 1.223667 0.957679 9.682761 -0.211329 -0.097812 -0.125709
778503418 -0.197335 -30.860989 3.052013 1.290201 0.981836 9.671700 -0.073621 -0.100287 -0.132617
798461914 -0.522478 -33.316494 3.336730 1.330817 1.011350 9.663151 0.101654 -0.103313 -0.136860
818420410 -2.652323 -35.663425 3.718639 1.316571 1.063006 9.659557 0.277425 -0.108610 -0.135462
838378906 -5.562445 -36.940002 5.090300 1.202232 1.135527 9.666209 0.479006 -0.116052 -0.123739
858337402 -7.833579 -36.823059 4.083592 0.968400 1.262382 9.676723 0.702658 -0.129085 -0.099743
878295898 -6.986236 -36.010788 1.881867 0.618616 1.418861 9.683725 0.917342 -0.145193 -0.063795
898254395 -4.449702 -36.001751 -0.038773 0.147851 1.562093 9.680309 1.150630 -0.159971 -0.015272
918212891 -7.508709 -35.335518 -0.848255 -0.762983 1.586453 9.647353 1.398498 -0.162487 0.078923
938201904 -12.960287 -32.352337 -0.278636 -0.762983 1.586453 9.647353 1.574078 -0.162487 0.078923
958160400 -15.903350 -28.182047 1.215068 -0.795865 1.373240 9.677355 1.789602 -0.140493 0.082055
978118896 -16.813398 -24.658278 1.926786 -0.624870 1.119361 9.722498 1.993888 -0.114392 0.064182
998077393 -18.745617 -19.766100 2.252624 -0.508985 0.903061 9.751707 2.171715 -0.092217 0.052147
1018035889 -17.527180 -16.147478 1.857595 -0.525327 0.759613 9.763063 2.330337 -0.077537 0.053756
1037994385 -14.419678 -14.448506 1.472046 -0.575130 0.669070 9.766881 2.418346 -0.068279 0.058818
1057952881 -11.514282 -13.119020 0.091751 -0.545770 0.607106 9.772613 2.510546 -0.061947 0.055789
1077911377 -9.918838 -11.784278 -1.274817 -0.448581 0.570449 9.779761 2.605088 -0.058203 0.045836
1097869873 -10.330937 -9.881923 -2.232543 -0.368138 0.538492 9.784932 2.677570 -0.054939 0.037605
1117858887 -11.468678 -7.028821 -2.923359 -0.363479 0.494462 9.787430 2.764990 -0.050442 0.037120
1137817383 -11.344094 -4.446833 -2.877062 -0.443026 0.409187 9.788089 2.827964 -0.041738 0.045231
1157775879 -10.126976 -2.686001 -1.422922 -0.559500 0.259025 9.787249 2.870995 -0.026416 0.057104
1177734375 -7.643315 -2.025157 0.562504 -0.676474 0.072126 9.783025 2.900751 -0.007355 0.069038
1197692871 -6.064074 -1.820096 1.399014 -0.795157 -0.082377 9.774013 2.919549 0.008400 0.081175
1217651367 -6.351241 -1.349444 1.468537 -0.933205 -0.173028 9.760613 2.934483 0.017645 0.095320
1237609863 -6.399759 -0.785611 1.162981 -1.057497 -0.207937 9.747248 2.962332 0.021205 0.108069
1257568359 -6.016999 -0.465696 0.121876 -1.108747 -0.201717 9.741682 2.973955 0.020571 0.113327
1277526855 -4.854949 -0.459646 -0.200905 -1.083944 -0.195918 9.744593 2.969433 0.019979 0.110780
1297515869 -3.955626 -0.329999 0.554364 -1.034148 -0.206772 9.749778 2.955847 0.021086 0.105674
1317474365 -3.581176 -0.293829 0.304213 -1.023130 -0.202221 9.751036 2.961915 0.020622 0.104543
1337432861 -3.370204 -0.215558 0.035907 -1.047733 -0.185594 9.748754 2.957390 0.018926 0.107063
1357391357 -2.285635 -0.196479 -0.043556 -1.067017 -0.172816 9.746896 2.940542 0.017623 0.109038
1377349854 -1.358034 -0.075582 0.170393 -1.050094 -0.172727 9.748736 2.944584 0.017614 0.107302
1397308350 -0.902444 -0.131211 0.055034 -0.962764 -0.156507 9.758020 2.921834 0.015960 0.098346
1417266846 -0.362084 -0.303547 -0.257262 -0.962764 -0.156507 9.758020 2.914086 0.015960 0.098346
1437225342 0.002098 -0.205488 -0.368685 -0.942936 -0.142169 9.760177 2.899193 0.014498 0.096312
1457183838 0.031700 -0.114449 -0.549387 -0.962594 -0.125276 9.758489 2.898649 0.012775 0.098324
1477142334 0.126249 0.068005 -0.712513 -0.997354 -0.110958 9.755172 2.881088 0.011315 0.101884
1497131348 0.092437 0.063151 -0.893073 -1.006122 -0.106701 9.754318 2.863867 0.010881 0.102783
