0 -0.558367 0.262732 -0.375894 0.707294 0.233847 9.778315 -1.269571 -0.023848 -0.072207
19958496 -0.453007 0.328700 -0.778608 0.707294 0.233847 9.778315 -1.269532 -0.023848 -0.072207
39916993 -0.555187 0.450432 -0.798735 0.712334 0.230236 9.778034 -1.275615 -0.023480 -0.072722
59875489 -0.421613 0.704878 -0.775791 0.719796 0.180100 9.778540 -1.280083 -0.018366 -0.073477
79833985 -0.593877 1.013185 -1.071221 0.739154 0.135451 9.777817 -1.257510 -0.013813 -0.075451
99822998 -0.087273 1.237310 -0.855286 0.739154 0.135451 9.777817 -1.260711 -0.013813 -0.075451
119781495 0.452440 1.256388 -0.437194 0.759526 0.083962 9.776833 -1.264878 -0.008562 -0.077531
139739991 1.211511 0.831637 -0.453930 0.756279 0.050664 9.777314 -1.276446 -0.005166 -0.077197
159698487 2.327843 -0.301787 -0.128298 0.633981 -0.009429 9.786131 -1.279056 0.000962 -0.064693
179656983 4.529537 -1.985016 0.342298 0.633981 -0.009429 9.786131 -1.287781 0.000962 -0.064693
199615479 6.848380 -3.123832 2.315198 0.620438 -0.111880 9.786365 -1.284825 0.011409 -0.063313
219573975 9.656634 -4.377709 5.184556 0.656388 -0.241145 9.781687 -1.303134 0.024592 -0.067003
239532471 12.886699 -5.634450 4.564158 0.675933 -0.269594 9.779613 -1.326511 0.027494 -0.069007
259490967 13.696033 -6.588632 2.086876 0.651390 -0.075863 9.784698 -1.307661 0.007736 -0.066474
279449463 12.526844 -7.636338 1.718049 0.651390 -0.075863 9.784698 -1.305668 0.007736 -0.066474
299438477 11.148916 -8.819560 2.166476 0.769384 -0.015319 9.776410 -1.275154 0.001562 -0.078536
319396973 9.611425 -11.013675 2.893949 0.979190 0.027625 9.757603 -1.233058 -0.002817 -0.100017
339355469 8.877163 -13.282485 2.297957 1.184741 0.103859 9.734269 -1.201699 -0.010591 -0.121113
359313965 8.072819 -16.223164 1.212322 1.344213 0.215587 9.711694 -1.158235 -0.021986 -0.137538
379272461 7.384532 -19.987894 0.648242 1.493083 0.309852 9.687366 -1.105255 -0.031601 -0.152923
399230957 6.149965 -23.888935 1.579002 1.697444 0.334154 9.652845 -1.042761 -0.034081 -0.174069
419189454 7.320410 -27.431370 2.668653 1.934050 0.304250 9.609229 -0.966586 -0.031030 -0.198617
439147950 7.610317 -31.292185 5.034680 2.153528 0.284077 9.563055 -0.871579 -0.028972 -0.221498
459106446 4.467261 -36.430298 7.836589 2.331974 0.359327 9.518570 -0.757153 -0.036649 -0.240260
479095459 -0.773108 -40.324020 8.856139 2.489556 0.609644 9.465772 -0.608008 -0.062207 -0.257182
499053955 -5.462377 -40.899750 7.043248 2.538120 1.064481 9.412503 -0.426749 -0.108761 -0.263389
519012452 -6.358984 -41.436340 5.722426 2.402336 1.624403 9.368057 -0.196051 -0.166410 -0.251030
538970948 -7.086917 -41.849934 7.037914 2.130340 2.151219 9.327609 0.107479 -0.221162 -0.224539
558929444 -11.524951 -42.097912 8.750983 1.832971 2.561599 9.287024 0.470958 -0.264276 -0.194865
578887940 -14.318319 -42.164921 8.608670 1.500071 2.812274 9.274227 0.834541 -0.290856 -0.160357
598846436 -17.995693 -42.101604 7.881505 1.021897 2.886959 9.316200 1.180931 -0.298815 -0.109254
618804932 -20.286797 -41.570313 3.062974 0.378344 2.833113 9.380870 1.518896 -0.293075 -0.040310
638763428 -20.386778 -31.627169 -0.822667 -0.390143 2.631536 9.438919 1.760629 -0.271671 0.041310
658752442 -16.978607 -25.494766 1.146801 -1.095323 2.276258 9.475721 1.826209 -0.234250 0.115082
678710938 -14.614964 -22.850649 2.072770 -1.646473 1.893984 9.480103 2.135717 -0.194354 0.171961
698669434 -15.726089 -20.056324 1.178487 -2.095095 1.582965 9.448555 2.286615 -0.162127 0.218207
718627930 -15.662018 -15.472597 -2.421521 -2.377660 1.374566 9.414228 2.380045 -0.140630 0.247387
738586426 -14.432575 -10.309792 -2.728738 -2.384815 1.174250 9.439501 2.441583 -0.120028 0.247464
758544922 -11.011113 -6.796441 -2.490480 -2.194253 0.964642 9.509211 2.498288 -0.098525 0.226781
778503418 -8.138302 -4.559339 -2.284374 -1.950580 0.757276 9.580823 2.534028 -0.077298 0.200847
798461914 -4.163465 -4.355502 -0.051620 -1.727951 0.538060 9.638208 2.563233 -0.054894 0.177397
818420411 -2.249235 -3.954059 -0.047224 -1.632919 0.359342 9.663066 2.627904 -0.036651 0.167404
838378907 -4.105378 -2.508700 -0.256293 -1.688636 0.226997 9.657503 2.659840 -0.023149 0.173102
858367920 -4.493033 -1.345137 0.942454 -1.775518 0.094612 9.644115 2.693068 -0.009648 0.182065
878326416 -3.714938 -1.033563 1.087241 -1.807369 -0.014646 9.638651 2.710805 0.001493 0.185360
898284913 -3.315175 -0.884554 1.065347 -1.779661 -0.109821 9.643191 2.734511 0.011199 0.182498
918243409 -2.312093 -0.759385 1.485891 -1.591680 -0.290790 9.672248 2.762089 0.029657 0.163100
938201905 -1.854339 -0.548367 2.079358 -1.591680 -0.290790 9.672248 2.755422 0.029657 0.163100
958160401 -2.026841 -0.303258 1.704385 -1.496364 -0.343336 9.685732 2.779874 0.035018 0.153280
978118897 -1.510263 -0.495179 1.065112 -1.496364 -0.343336 9.685732 2.766000 0.035018 0.153280
998077393 -0.638965 -0.654742 0.692691 -1.428729 -0.342725 9.695961 2.772312 0.034955 0.146300
1018035889 -0.204389 -0.500714 0.090075 -1.333577 -0.331621 9.709890 2.789258 0.033822 0.136488
1038024903 -0.133651 -0.141845 -0.582612 -1.242676 -0.308792 9.722695 2.788867 0.031493 0.127123
1057983399 -0.274416 0.107671 -0.946891 -1.171135 -0.280295 9.732433 2.797693 0.028586 0.119757
1077941895 -0.471654 0.193776 -1.238935 -1.136741 -0.252601 9.737268 2.811578 0.025761 0.116215
1097900391 -0.051768 0.066207 -1.415469 -1.131799 -0.233762 9.738315 2.802119 0.023839 0.115702
1117858887 -0.011907 0.128527 -1.070662 -1.159495 -0.230893 9.735124 2.822689 0.023547 0.118546
1137817383 -0.740237 0.332494 -0.868147 -1.232633 -0.231097 9.726130 2.807102 0.023567 0.126062
1157775879 -1.004501 0.348051 -0.434081 -1.284688 -0.243467 9.719089 2.809947 0.024829 0.131420
1177734375 -1.106418 0.284204 -0.211150 -1.293475 -0.258886 9.717525 2.802899 0.026402 0.132330
1197692871 -0.810051 0.015155 -0.604551 -1.273229 -0.266797 9.719985 2.790396 0.027209 0.130249
1217681885 -0.504757 -0.051546 -0.168607 -1.244632 -0.284906 9.723173 2.779840 0.029056 0.127314
1237640381 -0.587678 0.077977 -0.096090 -1.238808 -0.299464 9.723479 2.782700 0.030542 0.126721
1257598877 -0.338281 0.225530 -0.297983 -1.242062 -0.304438 9.722910 2.769703 0.031049 0.127058
1277557373 0.198142 0.124677 -0.033777 -1.223669 -0.313067 9.724969 2.746424 0.031929 0.125170
1297515870 0.666196 -0.078674 0.339098 -1.185943 -0.327001 9.729183 2.743368 0.033351 0.121297
1317474366 0.783401 -0.060863 -0.009958 -1.151443 -0.329481 9.733242 2.732758 0.033604 0.117753
1337432862 0.381633 0.139025 -0.194304 -1.111130 -0.328173 9.737971 2.711339 0.033471 0.113612
1357391358 -0.459579 0.197298 0.106116 -1.078552 -0.331728 9.741513 2.708363 0.033833 0.110268
1377349854 -0.573577 -0.024278 -0.094256 -1.075276 -0.327778 9.742008 2.696673 0.033430 0.109930
1397338868 -1.176306 0.096110 0.334152 -1.080937 -0.326482 9.741426 2.681086 0.033298 0.110511
1417297364 -1.704276 -0.244751 0.415966 -1.081283 -0.317605 9.741680 2.642960 0.032392 0.110543
1437255860 -1.790176 -0.689403 0.362700 -1.074991 -0.297706 9.743006 2.621201 0.030362 0.109890
1457214356 -2.491862 -0.869297 0.400718 -1.060768 -0.265154 9.745504 2.592400 0.027042 0.108420
1477172852 -3.577809 -1.238767 0.377287 -1.057857 -0.210330 9.747158 2.564079 0.021449 0.108107
1497131348 -4.486867 -1.901399 0.298086 -1.067905 -0.124372 9.747538 2.523264 0.012683 0.109121
