0 0.327427 -0.036377 -0.038390 0.166449 0.719202 9.778825 -1.017833 -0.073404 -0.017020
19958496 0.140530 0.034620 -0.339246 0.166449 0.719202 9.778825 -1.033263 -0.073404 -0.017020
39916992 0.175293 0.143467 -0.548690 0.152204 0.710547 9.779691 -1.016053 -0.072519 -0.015562
59875488 0.489771 0.184694 -0.805678 0.141376 0.692789 9.781127 -1.017478 -0.070704 -0.014453
79833984 0.910747 0.238972 -0.508860 0.128559 0.661270 9.783484 -1.019273 -0.067482 -0.013140
99792481 1.410013 0.144989 -0.489667 0.114556 0.626126 9.785972 -1.024685 -0.063891 -0.011706
119750977 1.857368 0.232438 -0.699418 0.103678 0.590782 9.788289 -1.026778 -0.060280 -0.010592
139709473 2.604077 0.529794 -0.813458 0.092038 0.551193 9.790715 -1.034286 -0.056236 -0.009400
159698486 3.761799 1.193988 -0.202918 0.077899 0.497947 9.793691 -1.034974 -0.050798 -0.007954
179656983 5.066773 1.431200 0.996564 0.059720 0.436744 9.796738 -1.015021 -0.044550 -0.006096
199615479 5.959076 1.347142 1.786629 0.042688 0.395396 9.798582 -1.021974 -0.040330 -0.004357
219573975 6.749711 0.480726 2.303599 0.016924 0.388060 9.798954 -1.028960 -0.039581 -0.001727
239532471 7.113893 -0.664320 1.651979 -0.022080 0.430558 9.797170 -1.018937 -0.043919 0.002254
259490967 7.664909 -2.287895 1.297697 -0.060741 0.483651 9.794528 -1.001268 -0.049339 0.006201
279449463 8.815928 -3.492322 1.539283 -0.051461 0.502877 9.793613 -1.017309 -0.051302 0.005255
299407959 9.355295 -4.644196 2.265651 0.049142 0.473666 9.795080 -0.989260 -0.048319 -0.005017
319366455 9.350477 -5.983991 3.114272 0.049142 0.473666 9.795080 -0.989260 -0.048319 -0.005017
339355469 8.705075 -7.272077 2.975717 0.149550 0.481565 9.793678 -0.989134 -0.049126 -0.015269
359313965 7.808386 -8.622633 2.507961 0.459449 0.552074 9.780312 -0.920249 -0.056326 -0.046942
379272461 7.583069 -10.161308 2.035111 0.459449 0.552074 9.780312 -0.920249 -0.056326 -0.046942
399230957 7.147758 -11.462201 1.752115 0.602254 0.596050 9.769975 -0.879278 -0.060818 -0.061565
419189453 6.017914 -12.743638 2.237844 0.753743 0.617853 9.758100 -0.761966 -0.063045 -0.077090
439147949 3.865301 -13.962578 2.150917 0.938325 0.624919 9.741632 -0.795178 -0.063767 -0.096025
459106445 3.211031 -14.792512 2.864820 1.154021 0.603279 9.719809 -0.748544 -0.061556 -0.118176
479064942 3.549903 -15.741006 3.906021 1.364585 0.585097 9.693604 -0.613200 -0.059699 -0.139853
499023438 3.169299 -17.180840 3.423460 1.529275 0.636636 9.665733 -0.641129 -0.064964 -0.156915
518981934 1.433993 -18.501032 2.210438 1.643246 0.757460 9.638277 -0.481409 -0.077316 -0.168868
538970947 -0.181402 -19.436457 2.275833 1.758126 0.874113 9.608086 -0.495351 -0.089253 -0.180982
558929443 -0.995774 -20.538464 2.696462 1.906348 0.965604 9.570990 -0.415831 -0.098624 -0.196607
578887940 -1.813754 -21.781509 3.089156 2.039081 1.060856 9.533473 -0.291481 -0.108389 -0.210712
598846436 -2.960098 -23.030210 2.828965 2.095209 1.191516 9.505829 -0.055053 -0.121802 -0.216944
618804932 -3.253790 -24.384911 2.852340 2.074699 1.347428 9.489492 -0.048025 -0.137835 -0.215244
638763428 -3.007051 -25.931183 3.566373 2.002370 1.514126 9.479890 0.095980 -0.155018 -0.208163
658721924 -3.329085 -28.176947 4.547069 1.892628 1.709648 9.469184 0.429339 -0.175231 -0.197273
678680420 -4.948463 -29.805094 3.736825 1.710644 1.977399 9.451665 0.446894 -0.203031 -0.179050
698638916 -5.630466 -31.178120 1.828904 1.424966 2.281615 9.430488 0.658204 -0.234812 -0.149968
718627930 -6.512498 -31.556728 1.311240 1.083543 2.522737 9.414463 1.065029 -0.260173 -0.114589
738586426 -9.176738 -31.515602 1.353512 0.695675 2.653307 9.415221 1.095922 -0.273977 -0.073754
758544922 -13.889862 -29.726274 1.399323 0.319968 2.656322 9.434615 1.330359 -0.274296 -0.033901
778503418 -18.060207 -24.864311 2.931921 0.080830 2.478424 9.487953 1.567099 -0.255500 -0.008519
798461914 -17.895966 -18.684193 3.539177 -0.001670 2.185251 9.560076 1.770790 -0.224720 0.000175
818420410 -16.230387 -14.518740 3.408442 -0.022484 1.901780 9.620453 1.913758 -0.195164 0.002337
838378906 -15.737521 -11.657470 3.655477 -0.084553 1.654639 9.665683 2.055591 -0.169537 0.008748
858337402 -15.140006 -9.618798 3.710198 -0.195254 1.456941 9.695853 2.143720 -0.149119 0.020135
878295899 -13.995101 -8.528475 3.407479 -0.285710 1.224248 9.725738 2.245311 -0.125165 0.029368
898284912 -12.741642 -7.964865 2.422262 -0.285710 1.224248 9.725738 2.311597 -0.125165 0.029368
918243408 -11.378330 -7.166247 1.096555 -0.202507 1.162034 9.735454 2.368745 -0.118774 0.020798
938201904 -10.457924 -6.089071 -0.432433 -0.061491 1.114775 9.742888 2.403926 -0.113922 0.006311
958160400 -9.351958 -4.603345 -0.475142 0.096384 1.043429 9.750505 2.447966 -0.106602 -0.009885
978118897 -8.617438 -2.980602 -0.918403 0.221910 0.970438 9.755993 2.503431 -0.099119 -0.022742
998077393 -7.390377 -1.882642 -1.334311 0.268393 0.904164 9.761190 2.534664 -0.092330 -0.027489
1018035889 -6.577930 -0.934019 -1.254761 0.219110 0.831107 9.768912 2.548397 -0.084851 -0.022426
1037994385 -5.745947 -0.422570 -0.860429 -0.029133 0.644004 9.785438 2.593426 -0.065717 0.002977
1057952881 -4.329860 -0.143705 -0.361866 -0.029133 0.644004 9.785438 2.593426 -0.065717 0.002977
1077941895 -3.403506 0.140471 0.422161 -0.110017 0.536615 9.791340 2.600169 -0.054747 0.011236
1097900391 -3.191685 0.371046 0.264743 -0.150870 0.452650 9.795037 2.604566 -0.046174 0.015402
1117858887 -2.966214 0.710473 -0.277405 -0.161652 0.389013 9.797598 2.605116 -0.039679 0.016498
1137817383 -2.905432 0.783681 -0.320919 -0.171747 0.326801 9.799699 2.605901 -0.033331 0.017524
1157775879 -2.561048 0.596888 0.189251 -0.199296 0.252953 9.801361 2.609124 -0.025797 0.020331
1177734375 -1.647985 0.396079 1.055440 -0.242363 0.165973 9.802250 2.607756 -0.016925 0.024720
1197692871 -0.833433 0.115502 1.508276 -0.288987 0.088300 9.801993 2.587968 -0.009004 0.029474
1217651367 -0.450180 -0.100056 1.572752 -0.327901 0.028363 9.801126 2.587633 -0.002892 0.033443
1237609863 -0.450948 -0.188315 1.464826 -0.347098 -0.014977 9.800493 2.580611 0.001527 0.035402
1257568359 -0.646982 -0.034522 1.438261 -0.346060 -0.046606 9.800431 2.569153 0.004753 0.035296
1277557373 -0.961789 -0.225155 1.035682 -0.341270 -0.061576 9.800516 2.567996 0.006279 0.034808
1297515869 -1.372489 -0.148465 0.992324 -0.347135 -0.067271 9.800274 2.573000 0.006860 0.035406
1317474365 -1.361339 -0.024481 0.543846 -0.352871 -0.062499 9.800101 2.572443 0.006373 0.035991
1337432861 -1.266190 -0.172530 0.250380 -0.349526 -0.052344 9.800280 2.568158 0.005338 0.035650
1357391358 -1.012787 -0.331382 0.416489 -0.353666 -0.043122 9.800176 2.564276 0.004397 0.036072
1377349854 -1.050043 -0.286232 0.010568 -0.377229 -0.023042 9.799365 2.543064 0.002350 0.038476
1397308350 -1.269794 -0.283732 -0.412722 -0.436531 0.020443 9.796908 2.526233 -0.002085 0.044529
1417266846 -0.970286 -0.337668 -0.453201 -0.448887 0.026525 9.796335 2.506520 -0.002705 0.045790
1437225342 -0.664451 -0.285828 -0.393257 -0.462764 0.032179 9.795672 2.495676 -0.003281 0.047207
1457214356 -0.668011 -0.177178 -0.348036 -0.462764 0.032179 9.795672 2.495676 -0.003281 0.047207
1477172852 -0.681868 -0.096734 -0.188668 -0.473686 0.038475 9.795128 2.480173 -0.003923 0.048322
1497131348 -0.651927 -0.150735 -0.492444 -0.483868 0.053883 9.794557 2.470055 -0.005495 0.049362
