0 -0.683424 0.088257 -0.408796 0.249048 0.724230 9.776700 2.502548 -0.073918 -0.025468
19989014 -0.000914 0.419235 -1.014225 0.244147 0.715101 9.777494 2.498854 -0.072985 -0.024965
39947510 -0.250275 0.488642 -0.263616 0.251331 0.681165 9.779737 2.511029 -0.069516 -0.025694
59906006 -0.392774 0.822634 0.489207 0.266174 0.640338 9.782101 2.501650 -0.065343 -0.027204
79864502 -1.030697 0.938796 0.348381 0.279386 0.617294 9.783214 2.505642 -0.062988 -0.028550
99822998 -1.791061 1.168668 -0.214643 0.313146 0.615955 9.782276 2.500928 -0.062851 -0.032001
119781494 -2.331019 1.373582 -0.626946 0.313146 0.615955 9.782276 2.501876 -0.062851 -0.032001
139739991 -2.888175 1.696735 -0.484536 0.345823 0.617146 9.781100 2.480007 -0.062973 -0.035342
159698487 -3.830671 1.365674 0.310800 0.386157 0.610147 9.780030 2.472839 -0.062258 -0.039464
179656983 -4.922868 1.071997 0.756243 0.423817 0.610743 9.778434 2.468251 -0.062319 -0.043315
199615479 -5.894802 0.764500 0.989543 0.471995 0.661089 9.772951 2.448436 -0.067463 -0.048259
219604492 -7.406434 0.176065 0.075387 0.471995 0.661089 9.772951 2.450940 -0.067463 -0.048259
239562989 -8.674981 -0.391155 0.667503 0.446475 0.665454 9.773853 2.425409 -0.067910 -0.045649
259521485 -9.088858 -1.066111 2.020410 0.446049 0.657958 9.774381 2.412300 -0.067143 -0.045603
279479981 -10.414453 -2.367322 2.339109 0.438158 0.671668 9.773806 2.375007 -0.068545 -0.044800
299438477 -12.555244 -4.745788 4.029957 0.369699 0.669811 9.776761 2.342547 -0.068355 -0.037796
319396973 -14.186755 -7.617566 4.296532 0.259110 0.691302 9.778821 2.319416 -0.070552 -0.026491
339355469 -15.769506 -11.325113 3.092905 0.123228 0.746277 9.777437 2.296287 -0.076173 -0.012603
359313965 -17.418158 -14.571650 4.113432 -0.080018 0.751513 9.777485 2.252385 -0.076708 0.008184
379272461 -17.068083 -17.642479 5.674945 -0.341061 0.726299 9.773768 2.207850 -0.074130 0.034881
399261475 -14.312643 -20.545843 4.574451 -0.883934 0.873345 9.727607 2.099036 -0.089175 0.090620
419219971 -11.328885 -23.351734 2.785340 -0.883934 0.873345 9.727607 2.086622 -0.089175 0.090620
439178467 -10.346568 -26.071320 0.612660 -1.216145 0.953192 9.684152 2.000573 -0.097352 0.124927
459136963 -10.320066 -30.205429 0.406854 -1.597115 0.957937 9.628186 1.925625 -0.097838 0.164382
479095459 -8.597062 -35.876976 2.199224 -1.937521 0.917204 9.569489 1.826551 -0.093666 0.199768
499053955 -5.047661 -40.103809 0.450034 -2.264015 0.900037 9.499187 1.775813 -0.091908 0.233973
519012451 -0.651316 -39.989494 -1.806375 -2.614892 0.871189 9.411363 1.649817 -0.088954 0.271008
538970948 1.380463 -39.840816 0.320342 -2.917782 0.759598 9.331664 1.502013 -0.077535 0.303045
558929444 0.634888 -39.856621 4.014418 -3.129118 0.612508 9.273826 1.334514 -0.062499 0.325419
578887940 4.200768 -40.000950 2.948205 -3.054966 0.772781 9.286570 1.125848 -0.078884 0.317815
598876953 15.984997 -40.097340 7.747368 -3.054966 0.772781 9.286570 0.920744 -0.078884 0.317815
618835450 28.527409 -40.297150 14.988173 -2.784247 0.869511 9.362815 0.640707 -0.088782 0.289045
638793946 31.282047 -40.585720 11.152975 -2.299679 1.067555 9.473235 0.448789 -0.109076 0.238149
658752442 34.776321 -40.696663 9.716394 -1.431899 1.355292 9.606417 0.180697 -0.138645 0.147967
678710938 34.498196 -40.059547 8.838876 -0.465361 1.288066 9.710546 -0.142816 -0.131727 0.047887
698669434 27.851410 -32.133778 8.755490 -0.465361 1.288066 9.710546 -0.387849 -0.131727 0.047887
718627930 23.809460 -26.863119 7.503170 -0.587996 1.027788 9.734901 -0.590164 -0.104998 0.060328
738586426 20.282312 -22.184254 4.827824 -0.676887 0.856285 9.745717 -0.765007 -0.087428 0.069343
758544922 16.123281 -20.592644 3.844770 -0.644984 0.759985 9.755860 -0.907012 -0.077575 0.066016
778533936 13.060473 -18.853596 3.945575 -0.608651 0.662671 9.765285 -1.034403 -0.067625 0.062248
798492432 12.221831 -15.820103 2.325694 -0.581378 0.613752 9.770143 -1.182944 -0.062626 0.059435
818450928 12.090411 -12.788808 1.508487 -0.542582 0.596929 9.773416 -1.285539 -0.060908 0.055459
838409424 11.665190 -9.616101 1.291090 -0.437020 0.612868 9.777719 -1.427138 -0.062536 0.044666
858367920 10.836919 -7.043442 0.838550 -0.437020 0.612868 9.777719 -1.521887 -0.062536 0.044666
878326416 9.744792 -5.250480 0.540056 -0.427686 0.644841 9.776075 -1.589826 -0.065803 0.043720
898284912 8.272196 -4.411047 -0.637172 -0.522281 0.666604 9.770018 -1.657668 -0.068027 0.053407
918243408 7.397748 -3.619808 -1.279388 -0.703124 0.660456 9.759089 -1.716262 -0.067399 0.071924
938201905 7.182924 -2.300336 -1.320073 -0.703124 0.660456 9.759089 -1.785716 -0.067399 0.071924
958160401 6.299006 -1.514483 -0.763973 -0.680701 0.644217 9.761764 -1.773263 -0.065739 0.069619
978149414 5.097569 -1.610247 0.331925 -0.649747 0.586945 9.767483 -1.833005 -0.059887 0.066424
998107910 3.121217 -2.179337 1.382993 -0.640698 0.491751 9.773335 -1.850591 -0.050166 0.065462
1018066407 2.477403 -2.084109 1.684738 -0.598760 0.409848 9.779770 -1.866382 -0.041805 0.061148
1038024903 2.513731 -1.524527 1.656951 -0.510579 0.362525 9.786637 -1.893732 -0.036976 0.052124
1057983399 2.946710 -0.870365 2.322095 -0.417948 0.320146 9.792508 -1.913609 -0.032652 0.042655
1077941895 3.024574 -0.422459 1.866074 -0.278087 0.299812 9.798120 -1.949608 -0.030577 0.028374
1097900391 2.724419 -0.166508 1.784867 -0.278087 0.299812 9.798120 -1.958015 -0.030577 0.028374
1117858887 2.169641 -0.128952 1.599725 -0.250928 0.297410 9.798927 -1.968283 -0.030332 0.025602
1137817383 1.834491 -0.050565 0.853131 -0.222991 0.312122 9.799146 -1.965177 -0.031833 0.022752
1157775879 1.664614 0.257634 0.600804 -0.189808 0.324432 9.799444 -1.961162 -0.033089 0.019367
1177764893 1.292497 0.343237 0.378484 -0.130733 0.341534 9.799829 -1.963703 -0.034834 0.013340
1197723389 0.837430 0.337190 0.205015 -0.065851 0.356238 9.799956 -1.949382 -0.036334 0.006719
1217681885 0.487783 0.336598 0.095219 -0.004202 0.362171 9.799960 -1.973840 -0.036940 0.000429
1237640381 0.078080 0.184736 -0.150404 0.081024 0.376931 9.799068 -1.968876 -0.038446 -0.008268
1257598877 0.060745 0.331376 0.041121 0.201916 0.399253 9.796438 -1.943237 -0.040724 -0.020608
1277557373 0.135536 0.497166 0.165292 0.337256 0.429394 9.791438 -1.938522 -0.043800 -0.034430
1297515869 0.126307 0.586936 0.207045 0.438326 0.459501 9.786068 -1.943218 -0.046873 -0.044761
1317474366 -0.186073 0.347877 -0.175637 0.499397 0.493750 9.781472 -1.923504 -0.050370 -0.051011
1337432862 -0.170214 0.420608 -0.693892 0.538392 0.535981 9.777180 -1.890968 -0.054682 -0.055011
1357421875 0.184107 0.729284 -1.008622 0.579676 0.582583 9.772152 -1.901991 -0.059442 -0.059250
1377380371 0.336165 0.841673 -0.769611 0.636765 0.623258 9.766088 -1.878112 -0.063597 -0.065110
1397338867 0.410346 0.758696 -0.501178 0.690220 0.654377 9.760419 -1.854518 -0.066777 -0.070599
1417297364 0.108418 0.285308 -0.427743 0.711709 0.675020 9.757469 -1.845648 -0.068887 -0.072811
1437255860 -0.060573 -0.008134 -0.520337 0.697895 0.683970 9.757844 -1.826511 -0.069802 -0.071400
1457214356 0.189838 -0.109892 -0.682487 0.694729 0.694960 9.757293 -1.768543 -0.070926 -0.071081
1477172852 0.485828 -0.150321 -0.526161 0.723056 0.703400 9.754629 -1.777755 -0.071788 -0.073989
1497131348 0.632221 -0.398443 -0.218238 0.734640 0.697865 9.754162 -1.730879 -0.071223 -0.075174
