0 -1.217367 -0.130761 -0.503991 -0.001881 0.575121 9.789771 2.666868 -0.058680 0.000192
19958496 -0.745224 0.071748 0.221602 -0.044956 0.523129 9.792584 2.656799 -0.053370 0.004591
39916992 -0.348655 0.410245 0.320454 -0.044956 0.523129 9.792584 2.643397 -0.053370 0.004591
59875488 -0.308090 0.583512 -0.123711 -0.029683 0.524508 9.792568 2.641565 -0.053510 0.003031
79833984 -0.604368 0.562655 -0.713923 -0.003165 0.538045 9.791879 2.649878 -0.054893 0.000323
99792480 -0.842825 0.714414 -0.864176 0.020233 0.539945 9.791753 2.641018 -0.055087 -0.002066
119750976 -0.902306 0.880049 -0.423819 0.028880 0.517641 9.792936 2.645853 -0.052809 -0.002949
139709472 -1.285861 0.883888 0.157401 0.021296 0.476481 9.795045 2.634592 -0.048607 -0.002174
159698486 -2.002084 0.569602 0.274114 0.002574 0.434174 9.797033 2.630506 -0.044288 -0.000263
179656982 -2.983265 0.235554 0.376895 -0.009511 0.383116 9.799159 2.631397 -0.039077 0.000971
199615478 -3.584880 0.150170 0.279695 0.007964 0.382246 9.799193 2.634539 -0.038988 -0.000813
219573974 -4.083898 0.336698 0.101813 0.007964 0.382246 9.799193 2.598089 -0.038988 -0.000813
239532470 -4.202434 0.526769 0.057672 0.008983 0.377647 9.799373 2.598757 -0.038519 -0.000917
259490966 -4.347604 0.500036 0.409288 -0.011383 0.359899 9.800038 2.579363 -0.036708 0.001161
279449463 -5.467638 -0.447206 0.611985 -0.063080 0.337653 9.800632 2.570136 -0.034438 0.006436
299407959 -6.323180 -1.094893 0.727850 -0.063080 0.337653 9.800632 2.555006 -0.034438 0.006436
319366455 -6.933523 -1.832102 1.171434 -0.079027 0.329197 9.800805 2.513602 -0.033575 0.008063
339324951 -7.432266 -2.188106 2.008801 -0.115087 0.300040 9.801383 2.499953 -0.030600 0.011741
359313964 -8.481462 -3.219224 2.500381 -0.190813 0.267871 9.801134 2.487818 -0.027319 0.019466
379272461 -9.573615 -5.054881 2.042400 -0.266511 0.273901 9.799201 2.451167 -0.027934 0.027191
399230957 -9.913707 -6.621836 1.453353 -0.332675 0.308711 9.796143 2.411243 -0.031485 0.033947
419189453 -10.326019 -8.733734 1.834378 -0.394313 0.333471 9.793044 2.378713 -0.034011 0.040243
439147949 -12.093427 -11.837406 1.646393 -0.436316 0.361948 9.790251 2.339337 -0.036917 0.044537
459106445 -12.985802 -15.298554 2.538883 -0.478312 0.376707 9.787732 2.297904 -0.038423 0.048830
479064941 -11.748612 -17.229084 3.673796 -0.590097 0.361072 9.782218 2.247341 -0.036827 0.060250
499023437 -9.786703 -19.168425 3.530877 -0.809034 0.337409 9.767394 2.161014 -0.034413 0.082641
518981933 -8.632321 -22.625086 2.928545 -1.114033 0.317840 9.737983 2.096297 -0.032416 0.113906
538970947 -7.589578 -25.796230 2.188080 -1.424713 0.321486 9.697279 2.032655 -0.032788 0.145875
558929443 -6.191411 -28.718166 1.479083 -1.878925 0.389195 9.617097 1.845916 -0.039697 0.192943
578887939 -4.926210 -31.667723 1.937525 -1.878925 0.389195 9.617097 1.845916 -0.039697 0.192943
598846435 -1.507330 -34.403309 2.334357 -2.175769 0.384096 9.554522 1.744338 -0.039177 0.223903
618804931 3.330576 -36.411003 2.451732 -2.495356 0.404161 9.475244 1.629206 -0.041225 0.257508
638763427 7.015006 -38.332676 2.619135 -2.785528 0.466951 9.391122 1.494913 -0.047634 0.288347
658721923 10.316622 -39.212334 2.417734 -3.012488 0.771550 9.300539 1.185972 -0.078758 0.313241
678680420 12.299025 -38.840519 2.551244 -3.012488 0.771550 9.300539 1.185972 -0.078758 0.313241
698638916 13.008575 -37.712204 3.004720 -2.921162 0.955706 9.312563 1.051182 -0.097610 0.303959
718597412 12.281590 -36.205696 3.070334 -2.743120 1.169662 9.342247 0.720863 -0.119557 0.285598
738586425 10.720535 -35.323700 2.230855 -2.743120 1.169662 9.342247 0.720863 -0.119557 0.285598
758544922 10.926250 -34.504349 2.272056 -2.636004 1.229475 9.365376 0.560499 -0.125702 0.274365
778503418 12.874167 -31.471441 2.037630 -2.470414 1.285151 9.402968 0.395135 -0.131427 0.256921
798461914 13.517659 -27.083517 1.497519 -2.274354 1.311001 9.448755 0.216312 -0.134086 0.236211
818420410 12.621862 -24.563061 0.379163 -2.079654 1.283810 9.497224 0.052613 -0.131289 0.215572
838378906 12.581607 -22.618423 1.405774 -1.813877 1.188681 9.563853 -0.088480 -0.121511 0.187433
858337402 12.725156 -19.963692 2.582609 -1.495015 1.044684 9.635557 -0.236718 -0.106731 0.153929
878295898 12.758267 -18.202751 4.856771 -1.199880 0.863812 9.694560 -0.372287 -0.088199 0.123142
898254394 13.920406 -14.978932 6.309287 -0.870409 0.600069 9.749497 -0.618942 -0.061228 0.089041
918243408 13.669561 -11.966009 4.162602 -0.870409 0.600069 9.749497 -0.618942 -0.061228 0.089041
938201904 11.086965 -10.842442 2.000602 -0.915869 0.521154 9.749870 -0.708900 -0.053168 0.093662
958160400 8.700588 -10.320441 1.929351 -1.058865 0.397290 9.741220 -0.812113 -0.040523 0.108274
978118896 8.095970 -8.888934 3.245547 -1.124355 0.286129 9.737779 -0.902316 -0.029181 0.114954
998077392 7.578878 -7.180358 2.071918 -1.131535 0.252326 9.737882 -0.971682 -0.025733 0.115681
1018035888 7.016801 -6.379547 0.623662 -1.169578 0.243448 9.733613 -1.045282 -0.024827 0.119585
1037994384 6.903811 -5.790252 0.661427 -1.220988 0.203789 9.728209 -1.122507 -0.020782 0.124857
1057952880 7.109789 -4.399207 0.883301 -1.170090 0.174592 9.735029 -1.193720 -0.017804 0.119620
1077911377 7.020160 -2.983627 1.540909 -1.015913 0.167331 9.752452 -1.263241 -0.017064 0.103796
1097869873 6.360689 -2.513626 1.292405 -0.877129 0.169063 9.765882 -1.290063 -0.017240 0.089575
1117858886 5.892413 -2.402817 1.477980 -0.815548 0.153810 9.771469 -1.340423 -0.015685 0.083269
1137817382 5.891402 -1.838628 0.676650 -0.801700 0.148244 9.772701 -1.384035 -0.015117 0.081851
1157775879 6.089356 -0.602901 -0.184990 -0.791002 0.149080 9.773561 -1.423082 -0.015203 0.080757
1177734375 5.698270 0.245610 -0.575224 -0.754394 0.134363 9.776668 -1.460330 -0.013702 0.077010
1197692871 4.939817 0.188935 -0.489326 -0.659996 0.099754 9.783907 -1.486788 -0.010172 0.067355
1217651367 4.286734 0.050883 0.437225 -0.518610 0.041168 9.792842 -1.496992 -0.004198 0.052909
1237609863 3.489257 -0.096967 1.599815 -0.391389 -0.041557 9.798749 -1.531553 0.004238 0.039922
1257568359 2.893133 -0.100709 1.633515 -0.287369 -0.109529 9.801826 -1.543979 0.011169 0.029310
1277526855 2.989380 0.088748 1.515708 -0.202984 -0.153785 9.803343 -1.562391 0.015682 0.020703
1297515869 2.796335 0.102062 1.389481 -0.150438 -0.190038 9.803655 -1.528250 0.019380 0.015344
1317474365 2.361094 0.021466 1.092301 -0.120003 -0.222473 9.803391 -1.536906 0.022688 0.012240
1337432861 2.045531 0.117055 1.058519 -0.091636 -0.247167 9.803106 -1.549979 0.025207 0.009347
1357391357 1.408431 -0.016626 0.838895 -0.068058 -0.261248 9.802934 -1.541220 0.026643 0.006942
1377349853 0.777272 -0.374606 0.700920 -0.048603 -0.266335 9.802913 -1.554412 0.027162 0.004958
1397308349 0.917626 -0.526166 0.773375 -0.015941 -0.257794 9.803247 -1.553163 0.026291 0.001626
1417266845 1.256553 -0.361045 0.616727 -0.016359 -0.237650 9.803757 -1.560045 0.024236 0.001669
1437225341 1.348454 -0.303587 0.394020 -0.016359 -0.237650 9.803757 -1.546925 0.024236 0.001669
1457183838 1.136500 -0.440253 0.029569 -0.022077 -0.218438 9.804193 -1.517448 0.022276 0.002252
1477142334 0.715324 -0.768918 -0.137678 -0.020815 -0.201467 9.804558 -1.549737 0.020545 0.002123
1497131347 0.585049 -0.924586 -0.170773 -0.011441 -0.188850 9.804826 -1.522593 0.019258 0.001167
