0 -0.207904 0.143795 -0.058809 0.683171 0.270286 9.779090 -1.274271 -0.027565 -0.069747
19958496 -0.239477 0.439886 -0.334602 0.701004 0.266149 9.777941 -1.295268 -0.027143 -0.071570
39916992 -0.518218 0.523445 -0.556850 0.703946 0.266973 9.777708 -1.285070 -0.027227 -0.071871
59875489 -0.464080 0.661302 -0.502585 0.705163 0.260152 9.777804 -1.296371 -0.026531 -0.071994
79833985 -0.800470 0.860756 -0.687945 0.694371 0.251705 9.778798 -1.272676 -0.025670 -0.070889
99792481 -0.829302 1.020718 -0.710347 0.667254 0.239170 9.780999 -1.268367 -0.024391 -0.068114
119750977 -0.011889 0.953349 -0.227911 0.643796 0.213518 9.783166 -1.264555 -0.021775 -0.065712
139709473 0.400492 0.758461 0.213943 0.616683 0.190049 9.785397 -1.299041 -0.019381 -0.062938
159667969 0.717278 0.552013 -0.018033 0.582691 0.183837 9.787597 -1.293088 -0.018747 -0.059463
179656983 1.121712 0.056581 -0.035017 0.548601 0.184376 9.789557 -1.286406 -0.018802 -0.055981
199615479 2.176818 -0.653965 1.204910 0.508306 0.167540 9.792034 -1.301802 -0.017085 -0.051864
219573975 3.963197 -1.249453 1.799940 0.334386 0.199359 9.798921 -1.286000 -0.020330 -0.034112
239532471 5.379033 -1.605922 1.665635 0.250109 0.263035 9.799931 -1.286137 -0.026825 -0.025516
259490967 6.898487 -2.194780 0.995927 0.250109 0.263035 9.799931 -1.316649 -0.026825 -0.025516
279449463 7.851498 -2.764753 0.315825 0.224710 0.324500 9.798704 -1.307309 -0.033096 -0.022929
299407959 8.519732 -3.163059 0.259128 0.253030 0.357811 9.796853 -1.286528 -0.036495 -0.025822
319366455 8.235746 -3.910805 1.243770 0.469759 0.368554 9.788456 -1.271597 -0.037591 -0.047954
339324951 8.350577 -5.313519 2.211656 0.469759 0.368554 9.788456 -1.269541 -0.037591 -0.047954
359313965 10.613134 -7.527163 1.758639 0.568719 0.434131 9.780515 -1.258336 -0.044284 -0.058083
379272461 13.686452 -9.309122 1.561613 0.598871 0.534439 9.773746 -1.243638 -0.054525 -0.061197
399230957 13.634900 -11.098864 2.382849 0.632259 0.633900 9.765696 -1.185333 -0.064685 -0.064653
419189453 11.456070 -13.181070 2.117788 0.738952 0.735867 9.751043 -1.128334 -0.075108 -0.075637
439147949 8.859977 -15.314886 1.473046 0.912826 0.828714 9.728842 -1.051322 -0.084606 -0.093553
459106446 6.736435 -17.128344 1.787141 1.111130 0.883092 9.703398 -0.950493 -0.090172 -0.114013
479064942 5.580373 -18.663403 3.019470 1.263606 0.914318 9.681825 -0.880760 -0.093370 -0.129780
499023438 5.164801 -20.382439 3.197606 1.368045 0.972706 9.661920 -0.801898 -0.099352 -0.140656
518981934 4.349516 -23.236166 2.169451 1.460031 1.061301 9.639105 -0.686354 -0.108435 -0.150327
538970948 2.932993 -27.399433 2.699069 1.649319 1.098712 9.604321 -0.527134 -0.112273 -0.170068
558929444 2.904932 -30.462294 6.565385 1.878895 1.044332 9.568151 -0.416889 -0.106695 -0.193902
578887940 2.471856 -34.096169 6.645241 1.922032 1.087833 9.554726 -0.331840 -0.111157 -0.198511
598846436 0.057054 -36.830826 5.571359 1.729675 1.269042 9.569124 -0.167288 -0.129770 -0.178825
618804932 -1.617012 -38.968231 5.245700 1.454750 1.495026 9.582223 0.039395 -0.153047 -0.150667
638763428 0.651162 -41.257114 4.626846 0.739063 1.996003 9.572886 0.318928 -0.204968 -0.077051
658721924 3.071346 -41.575096 4.951878 0.739063 1.996003 9.572886 0.456045 -0.204968 -0.077051
678680420 4.758078 -41.802135 2.607976 0.116041 2.314887 9.528810 0.685106 -0.238302 -0.012177
698638916 -0.930622 -41.702229 0.546606 -0.709687 2.550447 9.442561 0.999355 -0.263098 0.075017
718627930 -9.813080 -41.314980 2.543318 -1.423540 2.464325 9.384616 1.300573 -0.254014 0.150541
738586426 -18.846655 -40.872612 4.535955 -1.766523 2.084193 9.418383 1.607547 -0.214162 0.185407
758544922 -22.953573 -32.311363 3.415253 -1.787355 1.642323 9.501501 1.862910 -0.168263 0.185940
778503418 -20.556486 -24.803957 0.472187 -1.714932 1.316103 9.565420 2.047894 -0.134611 0.177400
798461914 -16.124405 -21.193483 -0.772191 -1.659716 1.063502 9.606491 2.176708 -0.108661 0.171081
818420410 -14.938166 -19.289967 2.250108 -1.605262 0.767787 9.643859 2.275610 -0.078373 0.164942
838378906 -14.387614 -16.512758 4.214233 -1.491749 0.511664 9.679012 2.376739 -0.052199 0.152919
858337403 -12.428934 -15.705367 1.679155 -1.274022 0.424910 9.714252 2.483298 -0.043342 0.130405
878295899 -11.140193 -14.772187 -2.742495 -1.040476 0.487950 9.739080 2.579154 -0.049778 0.106431
898254395 -11.438803 -10.527711 -4.069594 -0.885682 0.507139 9.753398 2.649017 -0.051737 0.090559
918243408 -11.495709 -5.488702 -3.906660 -0.885682 0.507139 9.753398 2.728762 -0.051737 0.090559
938201905 -10.057009 -2.230932 -2.635571 -0.859070 0.430104 9.759477 2.746802 -0.043873 0.087798
958160401 -7.668165 -0.571089 -1.132350 -0.761914 0.319161 9.771797 2.775438 -0.032551 0.077813
978118897 -5.790835 -0.049837 -0.516889 -0.613672 0.216011 9.785047 2.808736 -0.022029 0.062633
998077393 -4.183381 0.015796 0.231188 -0.494703 0.135587 9.793225 2.860961 -0.013826 0.050472
1018035889 -3.618583 0.225562 0.312468 -0.474069 0.089237 9.794778 2.887406 -0.009100 0.048362
1037994385 -4.079467 0.054046 0.735701 -0.526189 0.051967 9.792385 2.895922 -0.005299 0.053683
1057952881 -3.383980 0.235845 1.249742 -0.562873 0.003404 9.790483 2.905627 -0.000347 0.057429
1077911377 -3.141878 0.009896 1.296289 -0.549335 -0.039328 9.791173 2.891424 0.004010 0.056046
1097869873 -2.829053 -0.100790 1.389597 -0.475415 -0.076488 9.794821 2.904912 0.007800 0.048499
1117858887 -1.700377 -0.129780 1.683757 -0.362449 -0.109192 9.799341 2.893007 0.011135 0.036970
1137817383 -0.622580 -0.193426 1.234401 -0.246682 -0.108841 9.802943 2.893666 0.011099 0.025159
1157775879 -0.244452 -0.023075 0.240952 -0.004504 -0.048354 9.806530 2.916342 0.004931 0.000459
1177734375 -0.102641 0.176596 -0.078970 -0.004504 -0.048354 9.806530 2.890520 0.004931 0.000459
1197692871 -0.473076 0.254469 0.160736 0.106568 -0.023179 9.806045 2.892675 0.002364 -0.010867
1217651367 -0.351140 -0.005378 -0.072113 0.179506 0.018315 9.804991 2.895180 -0.001868 -0.018306
1237609864 0.425596 -0.268267 -0.289296 0.280834 0.114124 9.801964 2.911229 -0.011638 -0.028643
1257568360 0.705172 -0.353649 -0.558118 0.280834 0.114124 9.801964 2.899662 -0.011638 -0.028643
1277526856 0.203027 -0.172486 -0.421160 0.307024 0.199717 9.799809 2.880843 -0.020367 -0.031319
1297515869 -0.397044 0.084012 -0.828135 0.308659 0.225638 9.799193 2.879426 -0.023011 -0.031488
1317474365 -0.423653 0.240246 -0.475060 0.330420 0.241728 9.798101 2.887391 -0.024652 -0.033710
1337432862 0.070983 0.195295 -0.123433 0.357546 0.262611 9.796611 2.884175 -0.026782 -0.036481
1357391358 0.350102 0.065422 -0.140458 0.357546 0.262611 9.796611 2.864078 -0.026782 -0.036481
1377349854 0.233991 0.282051 -0.276596 0.385965 0.323940 9.793695 2.870855 -0.033039 -0.039389
1397308350 -0.262391 0.398187 -0.249574 0.385965 0.323940 9.793695 2.860198 -0.033039 -0.039389
1417266846 -0.286125 0.355081 -0.145155 0.403431 0.356074 9.791876 2.861836 -0.036317 -0.041177
1437225342 -0.108225 0.216661 -0.478034 0.446088 0.389427 9.788756 2.852476 -0.039721 -0.045540
1457183838 0.011574 0.062013 -0.447014 0.521617 0.412868 9.784061 2.812045 -0.042113 -0.053263
1477172852 0.038188 0.030100 -0.152070 0.597805 0.423898 9.779229 2.826210 -0.043239 -0.061054
1497131348 0.001668 -0.163022 0.062488 0.618995 0.441367 9.777139 2.821794 -0.045022 -0.063226
