0 -0.080600 -0.004648 -0.097364 0.032852 0.461435 9.795733 -1.098575 -0.047071 -0.003354
19958497 0.001766 0.102358 -0.049134 0.032852 0.461435 9.795733 -1.098575 -0.047071 -0.003354
39916993 -0.182515 0.248963 -0.716350 0.005369 0.456974 9.795996 -1.089209 -0.046615 -0.000548
59875489 -0.178983 0.399340 -0.823602 0.011452 0.431172 9.797160 -1.095479 -0.043981 -0.001169
79833985 0.001218 0.478096 -0.711296 0.011452 0.431172 9.797160 -1.098926 -0.043981 -0.001169
99792481 0.155527 0.506909 -0.861787 0.013210 0.400287 9.798469 -1.083649 -0.040829 -0.001348
119781495 0.549071 0.438201 -0.806878 0.007326 0.361846 9.799969 -1.104891 -0.036906 -0.000748
139739991 1.058049 0.330536 -0.394581 -0.003207 0.310685 9.801727 -1.117064 -0.031686 0.000327
159698487 1.176563 0.305413 -0.403252 -0.027526 0.213122 9.804296 -1.104522 -0.021734 0.002808
179656983 1.435058 0.258623 -0.721295 -0.046737 0.163889 9.805169 -1.114382 -0.016713 0.004767
199615479 1.857347 0.226343 -1.189978 -0.046737 0.163889 9.805169 -1.118765 -0.016713 0.004767
219573975 1.683429 0.469143 -0.902799 -0.123391 0.033904 9.805816 -1.121031 -0.003457 0.012583
239532471 1.327990 0.442875 -0.391704 -0.209215 -0.021666 9.804394 -1.111405 0.002209 0.021336
259490967 1.632781 0.222744 -0.038235 -0.209215 -0.021666 9.804394 -1.126523 0.002209 0.021336
279449463 2.929178 -0.137297 0.152698 -0.328243 -0.065261 9.800938 -1.125126 0.006655 0.033478
299407959 5.646606 -0.458302 0.804377 -0.428360 -0.117451 9.796586 -1.121012 0.011977 0.043698
319396973 8.159397 -1.003320 1.581532 -0.478928 -0.170323 9.793468 -1.137465 0.017369 0.048864
339355469 9.215854 -1.519482 1.722818 -0.516109 -0.200038 9.791016 -1.115514 0.020400 0.052664
359313965 9.725130 -2.510842 2.719610 -0.571847 -0.225015 9.787377 -1.132370 0.022947 0.058361
379272461 10.663335 -3.673239 3.208538 -0.597004 -0.248675 9.785302 -1.112966 0.025361 0.060935
399230957 11.188622 -5.044545 2.772944 -0.581442 -0.259144 9.785967 -1.112112 0.026428 0.059346
419189454 11.036430 -6.121551 3.623412 -0.516872 -0.290632 9.788707 -1.088920 0.029641 0.052754
439147950 9.876001 -7.498672 4.243654 -0.401954 -0.324094 9.793048 -1.046073 0.033054 0.041022
459106446 9.101905 -9.014073 3.427623 -0.241557 -0.330119 9.798116 -1.014921 0.033669 0.024648
479064942 8.976750 -10.374587 3.113331 0.134988 -0.311749 9.800764 -1.008168 0.031795 -0.013772
499053956 8.440407 -12.015016 2.348260 0.134988 -0.311749 9.800764 -0.935067 0.031795 -0.013772
519012452 7.885049 -13.685618 2.663036 0.377579 -0.318020 9.794217 -0.891897 0.032435 -0.038532
538970948 6.423190 -15.602320 3.291488 0.676123 -0.336988 9.777509 -0.831686 0.034370 -0.069041
558929444 4.337045 -16.780855 2.754406 0.955730 -0.315960 9.754851 -0.764147 0.032225 -0.097663
578887940 3.451230 -18.281429 1.229877 1.174836 -0.234355 9.733203 -0.691012 0.023900 -0.120123
598846436 2.907399 -19.747105 0.558211 1.320267 -0.133066 9.716459 -0.615576 0.013569 -0.135052
618804932 1.935803 -21.115459 0.604353 1.449907 -0.047521 9.698758 -0.546911 0.004846 -0.148395
638763428 1.068345 -22.472166 2.004972 1.642524 -0.006100 9.668116 -0.429504 0.000622 -0.168284
658721924 -0.287782 -23.941782 1.924594 1.887046 0.047382 9.623262 -0.320565 -0.004832 -0.193635
678710938 -2.576972 -24.999229 0.925594 2.099016 0.150676 9.578196 -0.207705 -0.015365 -0.215735
698669434 -3.710024 -24.956213 1.080630 2.250835 0.263149 9.541221 -0.064357 -0.026837 -0.231671
718627930 -3.121580 -25.198936 1.137257 2.339833 0.381330 9.515784 0.069634 -0.038895 -0.241106
738586426 -2.587327 -25.739397 1.177292 2.322847 0.531205 9.512758 0.219764 -0.054194 -0.239496
758544922 -2.531526 -26.539766 0.251737 2.180179 0.738936 9.532638 0.381992 -0.075422 -0.224840
778503418 -3.465521 -27.020222 -1.728119 1.962756 0.977450 9.558377 0.533786 -0.099838 -0.202529
798461914 -2.468871 -27.794407 -2.737289 1.721860 1.167001 9.583512 0.704839 -0.119284 -0.177772
818420411 -2.291443 -29.221413 -2.128831 1.469995 1.279119 9.611106 0.877964 -0.130807 -0.151771
838378907 -2.485316 -30.165506 -2.078947 1.164023 1.350409 9.643228 1.061491 -0.138142 -0.120128
858367920 -3.673301 -30.305187 -1.724462 0.791502 1.394257 9.674707 1.241336 -0.142658 -0.081630
878326416 -5.933669 -29.408625 -2.120768 0.390371 1.409323 9.697000 1.445930 -0.144210 -0.040235
898284913 -10.114502 -26.427425 -1.618332 -0.342198 1.195616 9.727476 1.683651 -0.122223 0.035164
918243409 -12.479902 -22.814268 0.538136 -0.342198 1.195616 9.727476 1.842766 -0.122223 0.035164
938201905 -15.272474 -18.820127 0.494489 -0.565272 1.019333 9.737137 1.873353 -0.104131 0.057988
958160401 -16.288872 -15.181575 1.814331 -0.738713 0.834734 9.743094 2.149410 -0.085222 0.075674
978118897 -14.936698 -12.361667 1.820374 -0.876947 0.674824 9.744022 2.257058 -0.068867 0.089757
998077393 -12.176287 -11.593724 0.838344 -0.935702 0.572982 9.745077 2.355487 -0.058461 0.095724
1018035889 -9.254268 -11.273301 0.666949 -0.947008 0.493512 9.748334 2.435724 -0.050345 0.096842
1037994385 -10.513860 -9.949727 -1.780592 -1.020003 0.469517 9.742152 2.527642 -0.047896 0.104320
1057982360 -11.712594 -7.471562 -3.024088 -1.112063 0.433990 9.733723 2.620853 -0.044269 0.113755
1077940856 -11.649120 -4.646733 -2.478436 -1.181145 0.180951 9.733579 2.670182 -0.018453 0.120757
1097899352 -9.202554 -3.167310 -1.574200 -1.181145 0.180951 9.733579 2.724455 -0.018453 0.120757
1117857848 -6.264409 -2.877267 -0.587118 -1.248813 0.016707 9.726796 2.818598 -0.001704 0.127690
1137816344 -4.901394 -2.563232 0.621682 -1.401408 -0.135989 9.705048 2.794692 0.013867 0.143409
1157774840 -4.999626 -1.925247 1.196715 -1.572629 -0.259530 9.676253 2.822819 0.026468 0.161116
1177733336 -5.615582 -1.158031 0.573092 -1.679479 -0.342445 9.655696 2.853202 0.034927 0.172214
1197691833 -5.834540 -0.551536 -0.298749 -1.646144 -0.410794 9.658770 2.871466 0.041902 0.168808
1217650329 -5.841527 -0.040444 0.756931 -1.487801 -0.500642 9.680196 2.897196 0.051073 0.152502
1237639342 -4.742211 -0.153442 1.271595 -1.330223 -0.571243 9.699204 2.906144 0.058284 0.136297
1257597838 -3.493048 -0.111513 0.602382 -1.264325 -0.591884 9.706778 2.901411 0.060392 0.129523
1277556334 -2.930017 0.180712 0.196670 -1.277469 -0.590396 9.705147 2.916837 0.060240 0.130876
1297514831 -2.113607 0.235948 0.346931 -1.308755 -0.590348 9.700981 2.908129 0.060235 0.134100
1317473327 -0.774792 -0.409836 0.368460 -1.305928 -0.597548 9.700921 2.906158 0.060971 0.133815
1337431823 0.169556 -0.673597 0.768236 -1.260388 -0.617279 9.705709 2.911724 0.062987 0.129138
1357390319 -0.240188 -0.399108 0.981812 -1.227279 -0.631044 9.709065 2.911542 0.064393 0.125739
1377348815 -1.133852 -0.307672 0.136019 -1.223892 -0.613064 9.710645 2.904237 0.062556 0.125375
1397307311 -1.326302 -0.152254 -0.163852 -1.220675 -0.594217 9.712221 2.924136 0.060630 0.125029
1417296325 -0.957706 -0.178718 0.065291 -1.200541 -0.586800 9.715181 2.912034 0.059873 0.122950
1437254821 -0.460716 -0.428374 0.110109 -1.166708 -0.579409 9.719747 2.907055 0.059118 0.119463
1457213317 -0.381822 -0.372360 0.006930 -1.112786 -0.569097 9.726675 2.905480 0.058064 0.113910
1477171813 -0.679506 -0.156334 -0.219321 -1.057421 -0.553227 9.733765 2.908623 0.056443 0.108210
1497130309 -0.554871 -0.077794 -0.586277 -1.003872 -0.534609 9.740474 2.898950 0.054542 0.102699
