0 0.217278 -0.006760 -0.249877 0.076758 0.661390 9.784020 -1.171304 -0.067494 -0.007845
19958497 0.038447 0.094545 -0.578491 0.079997 0.651667 9.784646 -1.169333 -0.066501 -0.008176
39916993 0.385099 0.189875 -0.782403 0.055755 0.608462 9.787597 -1.182922 -0.062086 -0.005696
59875489 0.547106 0.389024 -0.981475 0.055755 0.608462 9.787597 -1.175531 -0.062086 -0.005696
79833985 0.535939 0.482507 -0.989717 0.051770 0.562555 9.790365 -1.161729 -0.057396 -0.005288
99792481 1.173880 0.587633 -0.941186 0.053391 0.497649 9.793870 -1.155736 -0.050768 -0.005451
119781495 1.731739 0.788429 -0.773506 0.061974 0.411288 9.797826 -1.151627 -0.041952 -0.006325
139739991 2.044577 1.154612 -0.843972 0.074039 0.310446 9.801455 -1.159869 -0.031662 -0.007554
159698487 1.794643 1.538388 -1.484112 0.101429 0.197278 9.804141 -1.147193 -0.020118 -0.010345
179656983 1.717715 1.887258 -1.508134 0.165239 0.051813 9.805120 -1.149660 -0.005284 -0.016851
199615479 2.906926 1.458958 0.769708 0.228532 -0.131155 9.803109 -1.174824 0.013375 -0.023308
219573975 4.436679 0.382224 2.327557 0.217073 -0.269080 9.800554 -1.224135 0.027442 -0.022145
239532471 6.635581 -1.366049 2.094124 0.127673 -0.293544 9.801424 -1.258377 0.029938 -0.013025
259490967 8.620904 -3.105916 1.253917 0.010792 -0.230041 9.803946 -1.287565 0.023460 -0.001101
279449463 9.524263 -4.939052 0.601318 -0.102964 -0.146307 9.805018 -1.308963 0.014920 0.010501
299438477 9.730199 -6.788798 1.124673 -0.192804 -0.103750 9.804206 -1.286595 0.010580 0.019663
319396973 9.815140 -8.729855 2.540436 -0.245706 -0.111894 9.802933 -1.298820 0.011410 0.025059
339355469 10.529539 -10.853339 4.005567 -0.258581 -0.138848 9.802257 -1.288451 0.014159 0.026374
359313965 10.547059 -12.792677 4.200618 -0.259006 -0.126760 9.802410 -1.250924 0.012926 0.026417
379272461 9.413345 -14.530288 3.174634 -0.256840 -0.059420 9.803106 -1.225602 0.006059 0.026194
399230957 7.696929 -16.461077 2.448439 -0.214566 0.011840 9.804296 -1.148923 -0.001207 0.021881
419189454 6.055034 -18.044735 2.245867 -0.107063 0.046326 9.805957 -1.095435 -0.004724 0.010918
439147950 3.211619 -19.147654 2.288835 0.030920 0.044978 9.806499 -1.002551 -0.004587 -0.003153
459106446 1.113715 -19.953896 2.529219 0.168231 0.027426 9.805168 -0.921745 -0.002797 -0.017156
479064942 -0.552303 -20.776094 2.761197 0.316184 0.010141 9.801546 -0.840541 -0.001034 -0.032247
499053956 -1.152797 -21.702002 3.423508 0.458063 0.008729 9.795942 -0.862748 -0.000890 -0.046726
519012452 -1.637144 -22.533901 3.647061 0.719927 0.132388 9.779293 -0.650964 -0.013500 -0.073485
538970948 -3.067714 -23.993637 3.121590 0.836375 0.249886 9.767724 -0.542555 -0.025484 -0.085418
558929444 -4.519661 -26.217354 2.607031 0.978970 0.365203 9.750828 -0.421921 -0.037249 -0.100063
578887940 -5.037767 -27.885002 1.352015 0.978970 0.365203 9.750828 -0.246677 -0.037249 -0.100063
598846436 -5.444416 -29.368713 0.507800 1.136466 0.432878 9.730953 -0.067825 -0.044156 -0.116262
618804932 -5.841084 -31.333401 1.939868 1.364496 0.404134 9.702846 0.114461 -0.041222 -0.139712
638763428 -7.347475 -32.487858 4.465858 1.615180 0.344036 9.666603 0.296405 -0.035089 -0.165559
658721924 -7.995134 -33.655869 5.331502 1.791992 0.396318 9.633384 0.242322 -0.040424 -0.183917
678710938 -9.707765 -34.212940 2.422382 1.839498 0.660755 9.609892 0.799631 -0.067429 -0.189129
698669434 -11.885350 -34.245716 -1.128840 1.788870 1.037989 9.586080 1.070313 -0.106044 -0.184489
718627930 -13.466076 -32.190418 -1.744062 1.690423 1.336692 9.566929 1.275641 -0.136730 -0.174889
738586426 -16.167583 -28.338774 -0.396713 1.574442 1.480469 9.565549 1.479750 -0.151545 -0.163132
758544922 -17.745199 -23.313879 1.266346 1.499691 1.489153 9.576207 1.667568 -0.152441 -0.155344
778503418 -17.295515 -18.211691 0.857116 1.390238 1.447748 9.599045 1.843449 -0.148171 -0.143831
798461915 -14.286551 -14.768829 -0.783564 1.152382 1.414406 9.635448 1.960379 -0.144734 -0.119033
818420411 -12.321293 -13.519016 -1.816553 0.800167 1.364237 9.678274 2.061390 -0.139566 -0.082489
838378907 -11.750360 -11.951708 -0.700377 0.465693 1.236392 9.717245 2.091996 -0.126413 -0.047888
858367920 -11.217046 -9.783779 0.860031 0.280856 1.032714 9.748076 2.188216 -0.105503 -0.028804
878326416 -11.278224 -7.628109 1.203963 0.230588 0.820714 9.769526 2.245703 -0.083788 -0.023598
898284913 -11.248754 -5.715016 0.624339 0.243991 0.635398 9.783002 2.315896 -0.064838 -0.024935
918243409 -11.239950 -3.721482 0.348430 0.223846 0.472812 9.792686 2.387374 -0.048232 -0.022855
938201905 -10.263664 -2.275393 -0.047929 0.113105 0.335467 9.800259 2.425184 -0.034215 -0.011541
958160401 -8.696959 -1.698495 -0.104813 -0.250887 0.061625 9.803246 2.451946 -0.006284 0.025587
978118897 -6.505446 -1.275269 0.137239 -0.250887 0.061625 9.803246 2.475679 -0.006284 0.025587
998077393 -4.893584 -1.055773 0.256352 -0.389829 -0.080836 9.798565 2.500867 0.008243 0.039763
1018035889 -4.457553 -1.093846 0.838513 -0.494491 -0.220572 9.791691 2.518423 0.022494 0.050458
1038024903 -4.897305 -0.489792 1.065368 -0.586507 -0.341767 9.783128 2.549247 0.034858 0.059879
1057983399 -5.119395 0.145143 0.870326 -0.669152 -0.434197 9.774155 2.550265 0.044290 0.068355
1077941895 -5.036060 0.597895 0.859806 -0.720083 -0.514209 9.766649 2.578179 0.052459 0.073596
1097900391 -4.763317 0.900046 1.241917 -0.731261 -0.589070 9.761590 2.558460 0.060105 0.074772
1117858887 -4.312784 1.058070 1.239030 -0.706333 -0.647048 9.759754 2.575071 0.066028 0.072246
1137817383 -3.137738 0.913332 0.794070 -0.662805 -0.685187 9.760204 2.562495 0.069927 0.067805
1157775879 -2.518668 0.815931 0.825069 -0.630618 -0.717535 9.760013 2.555944 0.073234 0.064523
1177734375 -1.905693 0.613282 1.203325 -0.631693 -0.744479 9.757925 2.563366 0.075989 0.064646
1197692872 -1.076697 0.227328 1.121996 -0.640982 -0.756906 9.756362 2.546754 0.077260 0.065605
1217651368 -0.621177 -0.039661 1.201748 -0.650832 -0.763174 9.755223 2.548037 0.077901 0.066617
1237640381 0.186693 -0.278994 0.960597 -0.646230 -0.763862 9.755475 2.529081 0.077971 0.066146
1257598877 0.440736 -0.316816 0.801621 -0.620471 -0.763560 9.757171 2.516746 0.077940 0.063506
1277557373 0.213597 -0.301251 0.995671 -0.591626 -0.763741 9.758948 2.517187 0.077959 0.060550
1297515870 -0.110369 -0.177737 0.964013 -0.574815 -0.750133 9.761008 2.518032 0.076567 0.058821
1317474366 -0.348915 -0.119125 0.337358 -0.571365 -0.715141 9.763837 2.519169 0.072989 0.058452
1337432862 -0.504704 -0.121770 0.290850 -0.576946 -0.677745 9.766175 2.515628 0.069166 0.059007
1357391358 -0.437526 -0.077120 0.216377 -0.593484 -0.636557 9.767955 2.510012 0.064956 0.060684
1377349854 -0.862026 -0.096542 -0.191090 -0.622364 -0.585227 9.769369 2.515648 0.059712 0.063620
1397308350 -1.040496 -0.037207 -0.306463 -0.648078 -0.536980 9.770467 2.497000 0.054784 0.066233
1417297364 -0.710118 -0.046841 -0.283942 -0.656462 -0.495706 9.772089 2.501320 0.050570 0.067076
1437255860 -0.579120 -0.107075 -0.304431 -0.642104 -0.462092 9.774690 2.486232 0.047138 0.065596
1457214356 -0.464843 -0.100616 -0.338325 -0.619891 -0.435361 9.777350 2.481674 0.044409 0.063316
1477172852 -0.567481 0.076098 -0.290082 -0.604929 -0.413084 9.779253 2.463510 0.042135 0.061780
1497131348 -0.394557 0.079393 -0.084523 -0.602919 -0.393466 9.780187 2.471008 0.040133 0.061569
