0 -0.786991 0.395275 -0.654699 -0.644427 0.507139 9.772304 2.506568 -0.051737 0.065849
19958496 -0.606037 0.716649 -0.801234 -0.686114 0.470247 9.771311 2.488759 -0.047970 0.070102
39916992 -0.671705 0.891932 -0.142406 -0.681980 0.385761 9.775299 2.512934 -0.039347 0.069653
59875488 -1.438342 0.871679 0.318380 -0.681980 0.385761 9.775299 2.502050 -0.039347 0.069653
79833984 -2.106455 0.775526 0.449648 -0.676552 0.358108 9.776729 2.506607 -0.036525 0.069090
99792480 -2.504482 0.914612 0.123508 -0.706539 0.338995 9.775290 2.496698 -0.034575 0.072153
119781494 -2.807346 1.339827 -0.134656 -0.706539 0.338995 9.775290 2.505625 -0.034575 0.072153
139739990 -3.035622 1.558338 -0.186713 -0.735480 0.336886 9.773228 2.502334 -0.034360 0.075113
159698486 -3.332666 1.403369 0.300185 -0.735480 0.336886 9.773228 2.486894 -0.034360 0.075113
179656982 -4.362795 0.751311 0.265277 -0.754190 0.338517 9.771745 2.484910 -0.034526 0.077028
199615479 -5.089410 0.505817 -0.485805 -0.767638 0.358331 9.769990 2.465957 -0.036548 0.078410
219573975 -5.325547 -0.002104 -0.012547 -0.791087 0.350346 9.768410 2.464412 -0.035733 0.080808
239532471 -6.884214 -1.323574 -0.401070 -0.791087 0.350346 9.768410 2.458672 -0.035733 0.080808
259490967 -8.472445 -2.407756 0.853998 -0.807689 0.307274 9.768501 2.448761 -0.031338 0.082495
279449463 -9.020540 -3.997920 1.730189 -0.799066 0.270893 9.770286 2.418621 -0.027627 0.081604
299438477 -9.548348 -5.793825 2.636662 -0.838742 0.228130 9.768052 2.405952 -0.023265 0.085656
319396973 -12.203732 -8.866444 2.349375 -0.945542 0.185213 9.759203 2.400584 -0.018888 0.096586
339355469 -14.901239 -12.838675 1.985188 -1.069391 0.164389 9.746782 2.370545 -0.016764 0.109280
359313965 -15.573963 -15.888321 1.612617 -1.170112 0.180934 9.734911 2.340733 -0.018451 0.119624
379272461 -15.484434 -18.976002 1.102545 -1.298301 0.203719 9.718194 2.282694 -0.020775 0.132809
399230957 -14.043774 -21.644258 1.679399 -1.479119 0.202599 9.692346 2.216801 -0.020661 0.151439
419189453 -11.080729 -24.603672 2.102823 -1.867857 0.292597 9.622676 2.124255 -0.029841 0.191726
439147949 -7.140416 -27.604010 2.297982 -1.867857 0.292597 9.622676 2.124255 -0.029841 0.191726
459106445 -3.171837 -30.101624 1.252678 -2.081260 0.407796 9.574574 1.955960 -0.041596 0.214044
479064941 -0.930893 -32.268398 0.354080 -2.319816 0.518661 9.514191 1.863054 -0.052913 0.239160
499053955 -0.499480 -36.216846 -0.059693 -2.552177 0.596727 9.449904 1.742983 -0.060887 0.263781
519012451 1.967190 -39.897762 1.378850 -2.744338 0.633231 9.393509 1.625406 -0.064617 0.284242
538970947 4.986487 -39.931252 2.483054 -2.880273 0.660918 9.350807 1.494869 -0.067446 0.298802
558929443 8.231178 -39.979794 4.243941 -2.980743 0.694737 9.316808 1.333948 -0.070903 0.309641
578887939 11.662202 -40.072567 6.164031 -3.024420 0.743338 9.298964 1.174957 -0.075872 0.314451
598846436 13.221018 -40.243587 6.944608 -2.977272 0.835555 9.306346 1.016689 -0.085306 0.309629
618804932 16.164310 -40.485352 7.574115 -2.774127 1.005342 9.352213 0.829410 -0.102697 0.288360
638763428 22.233931 -40.736469 7.254001 -2.396683 1.245799 9.427316 0.658138 -0.127380 0.248954
658721924 26.436090 -40.905884 5.560520 -1.834301 1.497293 9.516503 0.484948 -0.153281 0.190414
678710938 28.229967 -35.794289 4.660511 -1.165844 1.669774 9.592865 0.281197 -0.171103 0.120939
698669434 27.183302 -28.869392 5.174920 -0.527071 1.723104 9.639683 0.048791 -0.176625 0.054623
718627930 24.231956 -23.614935 4.772776 -0.061564 1.694018 9.659033 -0.171630 -0.173613 0.006374
738586426 20.315065 -19.610626 2.272856 0.169073 1.629663 9.668816 -0.371608 -0.166954 -0.017485
758544922 16.709682 -17.082970 -0.105062 0.245425 1.543043 9.681382 -0.525870 -0.158003 -0.025345
778503418 14.431841 -14.123581 -0.269022 0.240646 1.387820 9.704970 -0.655746 -0.141995 -0.024791
798461914 12.759695 -12.108794 0.507564 0.234657 1.207267 9.729225 -0.767783 -0.123420 -0.024114
818420410 10.840741 -10.262424 1.708549 0.250044 1.022217 9.750022 -0.878574 -0.104427 -0.025640
838378906 8.666882 -8.752625 1.697905 0.234392 0.870713 9.765107 -0.945813 -0.088905 -0.023998
858337402 7.102253 -7.433831 -0.469738 0.143435 0.773250 9.775065 -1.053504 -0.078931 -0.014673
878326416 7.300160 -6.338702 -0.700721 0.022840 0.676076 9.783292 -1.139883 -0.068995 -0.002335
898284912 8.677023 -4.115233 0.916045 -0.002625 0.572665 9.789915 -1.192693 -0.058429 0.000268
918243408 8.386374 -2.661079 0.666721 0.052149 0.518240 9.792808 -1.254783 -0.052870 -0.005325
938201904 7.279314 -2.250012 0.565504 0.079359 0.471816 9.794972 -1.279374 -0.048130 -0.008102
958160400 6.134701 -2.249107 0.360508 0.042062 0.410321 9.797972 -1.319501 -0.041853 -0.004293
978118897 5.726288 -1.661377 0.224075 -0.000757 0.347259 9.800500 -1.382730 -0.035418 0.000077
998077393 5.233805 -0.837757 -0.302105 -0.004140 0.300709 9.802037 -1.391781 -0.030669 0.000422
1018035889 4.986508 -0.318875 -0.253912 0.038138 0.262521 9.803061 -1.415767 -0.026773 -0.003890
1037994385 4.708301 -0.378423 0.779874 0.098551 0.213048 9.803840 -1.444182 -0.021727 -0.010052
1057952881 4.389248 -0.035579 1.036917 0.098991 0.148184 9.805030 -1.447569 -0.015111 -0.010096
1077941895 3.585338 0.011294 0.140253 0.058988 0.092745 9.806034 -1.455730 -0.009458 -0.006015
1097900391 2.586247 -0.126464 -0.322703 0.025038 0.041244 9.806532 -1.444916 -0.004206 -0.002553
1117858887 2.272310 0.146085 -0.082424 0.023360 -0.017129 9.806608 -1.464864 0.001747 -0.002382
1137817383 1.966642 0.149298 0.171774 0.163679 -0.110629 9.804660 -1.459750 0.011281 -0.016692
1157775879 1.555586 0.197340 0.696483 0.163679 -0.110629 9.804660 -1.464129 0.011281 -0.016692
1177734375 1.232274 0.329726 1.051270 0.210585 -0.163234 9.803029 -1.466903 0.016646 -0.021478
1197692871 1.129643 0.338574 0.617911 0.222483 -0.204388 9.801995 -1.486709 0.020843 -0.022694
1217651367 1.318406 0.696925 0.439348 0.224478 -0.236966 9.801216 -1.494400 0.024166 -0.022899
1237609863 1.229144 0.923828 0.128350 0.236717 -0.259964 9.800345 -1.467301 0.026512 -0.024149
1257598877 0.544343 0.756530 -0.009237 0.244520 -0.285618 9.799439 -1.462497 0.029129 -0.024947
1277557373 -0.051242 0.391059 0.078321 0.249353 -0.319274 9.798280 -1.453711 0.032563 -0.025443
1297515869 -0.615363 -0.077738 0.565870 0.265463 -0.355840 9.796596 -1.450264 0.036294 -0.027091
1317474365 -0.829490 -0.231217 0.784025 0.293069 -0.384799 9.794714 -1.435123 0.039249 -0.029912
1337432861 -0.470671 0.003973 0.676976 0.329697 -0.398681 9.792994 -1.432651 0.040665 -0.033654
1357391357 0.035015 0.211822 0.755316 0.367991 -0.403863 9.791418 -1.424055 0.041194 -0.037565
1377349854 0.060419 0.123104 0.484975 0.384008 -0.405645 9.790730 -1.440910 0.041376 -0.039201
1397308350 0.010152 -0.061461 0.344927 0.387206 -0.407801 9.790513 -1.418742 0.041596 -0.039528
1417266846 0.241480 -0.170716 0.206261 0.408547 -0.400382 9.789952 -1.410144 0.040839 -0.041707
1437225342 0.479904 -0.382401 0.092298 0.454589 -0.382176 9.788651 -1.421768 0.038981 -0.046407
1457214355 0.781533 -0.516781 0.102403 0.503099 -0.362145 9.787039 -1.388626 0.036937 -0.051359
1477172852 1.113082 -0.696539 0.103088 0.541148 -0.342780 9.785706 -1.373874 0.034961 -0.055244
1497131348 1.460848 -0.936810 0.051671 0.641544 -0.267986 9.781973 -1.372544 0.027330 -0.065491
