0 0.363655 0.336265 -0.359577 -0.011932 0.131351 9.805763 2.629048 -0.013395 0.001217
19989013 0.257451 0.478859 -0.052815 0.005062 0.123527 9.805870 2.626519 -0.012597 -0.000516
39947509 -0.218583 0.560562 0.295421 0.049049 0.119803 9.805796 2.629449 -0.012217 -0.005002
59906005 -0.525583 0.598629 0.265405 0.079770 0.119472 9.805598 2.646843 -0.012183 -0.008135
79864502 -0.658331 0.869359 -0.097991 0.085096 0.119702 9.805551 2.647857 -0.012207 -0.008678
99822998 -0.920879 0.991808 -0.216131 0.088563 0.121914 9.805493 2.627942 -0.012432 -0.009032
119781494 -1.372792 0.976365 -0.075880 0.121302 0.133565 9.804990 2.624414 -0.013620 -0.012371
139739990 -1.992156 0.961615 -0.222246 0.201477 0.163809 9.803212 2.631060 -0.016705 -0.020549
159698486 -3.040869 0.564053 0.185202 0.201477 0.163809 9.803212 2.622125 -0.016705 -0.020549
179656982 -4.115555 0.100273 0.863024 0.239865 0.173506 9.802180 2.622638 -0.017694 -0.024466
199645996 -4.764348 0.014032 0.995554 0.325520 0.254138 9.797951 2.627107 -0.025918 -0.033211
219604492 -5.187343 0.037948 0.914834 0.325520 0.254138 9.797951 2.611902 -0.025918 -0.033211
239562988 -5.705937 -0.181447 0.845153 0.379667 0.330660 9.793717 2.600667 -0.033724 -0.038747
259521484 -6.222934 -0.736254 0.675450 0.419286 0.420614 9.788650 2.577261 -0.042904 -0.042808
279479980 -7.369421 -1.568448 0.763082 0.411471 0.576691 9.781028 2.565265 -0.058840 -0.042043
299438476 -8.277700 -2.524669 1.307399 0.411471 0.576691 9.781028 2.551961 -0.058840 -0.042043
319396972 -8.435698 -3.649635 1.599579 0.371531 0.641943 9.778562 2.517080 -0.065507 -0.037976
339355468 -10.033012 -5.688629 2.109847 0.285289 0.693840 9.777913 2.496225 -0.070811 -0.029169
359313964 -11.988675 -8.373638 2.573441 0.003297 0.800272 9.773943 2.431148 -0.081696 -0.000337
379272461 -12.356168 -10.945533 2.286761 0.003297 0.800272 9.773943 2.425479 -0.081696 -0.000337
399261474 -11.725305 -13.457557 1.641025 -0.150486 0.876487 9.766244 2.372087 -0.089496 0.015408
419219970 -10.601088 -16.102793 1.790565 -0.320813 0.926750 9.757490 2.321190 -0.094643 0.032867
439178466 -10.008753 -18.905495 2.244539 -0.524508 0.933199 9.748047 2.254173 -0.095304 0.053755
459136963 -9.449048 -21.970858 2.400139 -0.784657 0.900792 9.733615 2.175823 -0.091985 0.080439
479095459 -8.588209 -25.630499 1.751042 -1.126122 0.843822 9.705164 2.074156 -0.086152 0.115517
499053955 -6.743713 -29.173714 1.387626 -1.505030 0.759127 9.660694 1.991932 -0.077487 0.154547
519012451 -3.673215 -32.529964 1.659230 -1.800545 0.682721 9.615732 1.873147 -0.069674 0.185106
538970947 -0.283167 -36.543976 2.549398 -1.953871 0.639506 9.588734 1.757934 -0.065258 0.201015
558929443 2.179489 -39.634342 3.605493 -2.110539 0.564718 9.560184 1.594133 -0.057617 0.217278
578887939 4.222210 -39.536343 5.858642 -2.396118 0.404693 9.500801 1.437393 -0.041279 0.247050
598876953 7.056666 -39.594776 7.208323 -2.666008 0.306982 9.432314 1.289778 -0.031309 0.275461
618835449 10.990221 -39.745083 7.197165 -2.803844 0.364343 9.390213 1.126667 -0.037161 0.290165
638793945 14.828239 -39.890656 6.694360 -2.856563 0.512788 9.367363 0.907189 -0.052314 0.295990
658752441 16.188963 -39.990665 6.236648 -2.841602 0.657111 9.362900 0.699099 -0.067057 0.294661
678710937 16.872946 -40.061138 7.390175 -2.741133 0.756895 9.385290 0.479449 -0.077259 0.284163
698669433 17.435549 -40.158482 8.281488 -2.580688 0.827217 9.424763 0.260206 -0.084453 0.267269
718627929 17.940895 -37.909668 6.830973 -2.412870 0.923982 9.460165 0.053089 -0.094360 0.249731
738586425 16.829067 -33.868126 3.567162 -2.251507 1.035948 9.488304 -0.174722 -0.105835 0.232984
758544922 17.438784 -29.685579 4.917499 -2.117296 1.061850 9.516297 -0.389267 -0.108491 0.218926
778533935 18.169937 -23.717989 6.163936 -1.978136 1.022601 9.550479 -0.587689 -0.104466 0.204236
798492431 16.350805 -19.615236 4.009806 -1.828970 1.040504 9.578236 -0.745042 -0.106302 0.188679
818450927 13.982668 -17.498854 2.343124 -1.744726 1.046854 9.593248 -0.904871 -0.106953 0.179904
838409423 12.472489 -15.380431 2.471322 -1.734327 0.966829 9.603527 -1.028973 -0.098750 0.178667
858367920 10.402901 -13.806251 2.587765 -1.757496 0.846017 9.610715 -1.117959 -0.086377 0.180870
878326416 8.926162 -12.400372 2.594019 -1.776031 0.737474 9.616248 -1.240803 -0.075272 0.182633
898284912 8.818874 -10.826406 3.197014 -1.731052 0.677212 9.628875 -1.331062 -0.069111 0.177877
918243408 9.239875 -8.497229 2.278616 -1.637579 0.692669 9.644114 -1.445814 -0.070691 0.168197
938201904 9.586040 -6.352350 1.086772 -1.531987 0.752741 9.656956 -1.523773 -0.076834 0.157330
958160400 9.530206 -4.622156 0.047476 -1.235555 0.886388 9.688040 -1.613999 -0.090510 0.126849
978149414 9.439651 -2.886098 0.001877 -1.235555 0.886388 9.688040 -1.679530 -0.090510 0.126849
998107910 8.781762 -1.867325 0.392361 -1.045316 0.927416 9.706574 -1.746420 -0.094712 0.107278
1018066406 8.009904 -1.082036 0.436941 -0.871364 0.952795 9.721280 -1.781086 -0.097312 0.089396
1038024902 7.824846 -0.159623 -0.125754 -0.707718 0.991254 9.730721 -1.822221 -0.101253 0.072602
1057983398 7.452588 0.653870 -0.629872 -0.575489 1.022050 9.736253 -1.827358 -0.104410 0.059039
1077941894 6.556738 1.167777 -0.505243 -0.481155 1.013500 9.742263 -1.826980 -0.103533 0.049348
1097900390 5.057300 1.009421 0.028066 -0.404185 0.969149 9.750270 -1.836778 -0.098987 0.041430
1117858886 3.627079 0.552069 0.636879 -0.336399 0.911972 9.758357 -1.840266 -0.093130 0.034459
1137817382 2.457186 0.200382 0.653346 -0.304255 0.856641 9.764424 -1.836355 -0.087465 0.031149
1157775879 1.614052 0.138217 0.685616 -0.321799 0.796220 9.768975 -1.805831 -0.081281 0.032929
1177764892 0.819981 -0.007735 0.103159 -0.359651 0.743188 9.771832 -1.819772 -0.075857 0.036788
1197723388 0.297936 0.030428 0.046825 -0.403441 0.630617 9.778033 -1.817116 -0.064349 0.041237
1217681884 -0.174937 -0.091873 0.343315 -0.403441 0.630617 9.778033 -1.788067 -0.064349 0.041237
1237640380 -0.562950 -0.270516 0.572535 -0.394973 0.580418 9.781487 -1.771584 -0.059221 0.040358
1257598877 -0.712171 -0.363969 0.553350 -0.385124 0.543407 9.784006 -1.777839 -0.055441 0.039342
1277557373 -0.533645 -0.216527 0.596426 -0.369878 0.517008 9.786025 -1.771400 -0.052745 0.037779
1297515869 -0.054194 0.012861 0.554027 -0.332830 0.508283 9.787811 -1.769578 -0.051854 0.033991
1317474365 0.077797 0.077514 0.388313 -0.288157 0.491740 9.790073 -1.778466 -0.050165 0.029425
1337432861 0.044581 0.005390 0.294748 -0.288157 0.491740 9.790073 -1.744603 -0.050165 0.029425
1357421875 -0.058559 -0.231019 0.306441 -0.274066 0.477612 9.791178 -1.741772 -0.048722 0.027984
1377380371 -0.070484 -0.250173 0.404040 -0.252322 0.464974 9.792371 -1.729097 -0.047432 0.025761
1397338867 0.057206 -0.145080 0.416313 -0.221248 0.460101 9.793352 -1.748212 -0.046935 0.022588
1417297363 0.255074 0.034762 0.057558 -0.186145 0.474591 9.793390 -1.755549 -0.048414 0.019005
1437255859 0.429841 0.198909 -0.213441 -0.161394 0.513642 9.791860 -1.738444 -0.052401 0.016481
1457214355 0.321569 0.199400 -0.344960 -0.161394 0.513642 9.791860 -1.735802 -0.052401 0.016481
1477172851 0.046670 0.029171 -0.499657 -0.168068 0.527591 9.791006 -1.726454 -0.053825 0.017164
1497131347 0.096510 0.039714 -0.668124 -0.161379 0.544703 9.790181 -1.729468 -0.055573 0.016482
