0 -1.012219 0.309305 0.197754 -0.102939 0.154209 9.804897 2.144675 -0.015726 0.010498
19958496 -0.567173 0.451482 -1.080386 -0.098944 0.176735 9.804559 2.135913 -0.018023 0.010091
39916993 -0.757460 0.754469 -1.237669 -0.098944 0.176735 9.804559 2.147202 -0.018023 0.010091
59875489 -1.482167 0.905922 -0.712822 -0.037641 0.165894 9.805174 2.133001 -0.016917 0.003839
79833985 -2.351842 0.950825 -0.109362 0.010386 0.093642 9.806197 2.131415 -0.009549 -0.001059
99792481 -2.515384 0.869115 -0.204268 0.030397 0.065038 9.806387 2.125075 -0.006632 -0.003100
119750977 -2.536343 1.014850 -0.160051 0.030397 0.065038 9.806387 2.108446 -0.006632 -0.003100
139709473 -2.905404 1.020671 -0.033994 0.172368 0.047454 9.805019 2.115082 -0.004839 -0.017578
159667969 -3.557703 0.859079 0.149614 0.172368 0.047454 9.805019 2.088509 -0.004839 -0.017578
179656983 -4.185139 0.511060 0.284815 0.260209 0.051048 9.803064 2.068761 -0.005205 -0.026537
199615479 -5.095710 0.140380 0.171521 0.323002 0.049504 9.801205 2.030530 -0.005048 -0.032943
219573975 -6.076262 -0.246277 0.622561 0.367167 0.037032 9.799706 1.995086 -0.003776 -0.037450
239532471 -7.142987 -1.007726 2.200940 0.566809 0.079203 9.789935 1.998981 -0.008077 -0.057833
259490967 -8.637538 -1.836401 2.856332 0.566809 0.079203 9.789935 1.970045 -0.008077 -0.057833
279449463 -9.728133 -2.751289 1.103678 0.749515 0.238121 9.775065 1.956635 -0.024284 -0.076526
299407959 -10.497808 -4.137669 -0.176117 0.868539 0.392295 9.760232 1.881794 -0.040014 -0.088754
319366455 -10.557595 -4.683560 1.021318 0.872679 0.423980 9.758538 1.847249 -0.043247 -0.089190
339324952 -9.870862 -5.133191 2.540656 0.831748 0.390332 9.763515 1.798103 -0.039813 -0.084984
359283448 -9.568352 -5.736317 2.826555 0.776209 0.370304 9.768867 1.732594 -0.037769 -0.079291
379272461 -9.552607 -6.849524 3.353065 0.733953 0.443589 9.769080 1.661348 -0.045249 -0.074989
399230957 -10.046048 -8.636005 3.444781 0.733953 0.443589 9.769080 1.636168 -0.045249 -0.074989
419189454 -11.277470 -11.187395 3.056197 0.651846 0.515379 9.771379 1.580386 -0.052578 -0.066611
439147950 -12.412339 -13.750542 3.663799 0.441337 0.538004 9.781930 1.541970 -0.054889 -0.045087
459106446 -13.215537 -17.193264 2.991126 0.168184 0.567343 9.788781 1.463361 -0.057885 -0.017180
479064942 -14.150493 -21.761520 2.677947 -0.076894 0.624002 9.786475 1.426376 -0.063674 0.007857
499023438 -13.417531 -25.993303 2.503266 -0.257076 0.714431 9.777212 1.362679 -0.072916 0.026287
518981934 -11.681580 -29.901682 2.461543 -0.636672 0.756715 9.756660 1.308671 -0.077240 0.065163
538940430 -9.949460 -34.625057 3.309463 -0.777969 0.653278 9.753890 1.218403 -0.066665 0.079591
558929444 -6.537701 -38.594135 7.141041 -0.777969 0.653278 9.753890 1.095160 -0.066665 0.079591
578887940 1.369852 -39.890133 11.153669 -0.806919 0.570262 9.756744 0.985268 -0.058183 0.082516
598846436 11.334723 -39.865356 9.708439 -0.753463 0.656325 9.755610 0.840957 -0.066977 0.077081
618804932 18.788540 -35.024101 5.413312 -0.627455 1.183249 9.714763 0.632169 -0.120952 0.064498
638763428 21.447687 -28.055691 2.830384 -0.627455 1.183249 9.714763 0.519549 -0.120952 0.064498
658721924 19.051277 -23.989664 1.462292 -0.525796 1.458205 9.683365 0.343225 -0.149249 0.054246
678680420 16.256342 -21.229883 0.827730 -0.496165 1.654781 9.653285 0.195790 -0.169552 0.051353
698638916 14.979969 -18.872705 0.055739 -0.584229 1.765932 9.628632 0.046160 -0.181063 0.060602
718597413 15.328138 -16.192703 -0.533229 -0.744950 1.807008 9.609899 -0.079420 -0.185322 0.077364
738586426 15.881725 -12.963622 -0.444750 -0.898301 1.784461 9.600997 -0.189451 -0.182984 0.093292
758544922 13.657361 -11.495493 -1.618934 -1.022959 1.739008 9.596864 -0.284298 -0.178272 0.106192
778503418 10.167241 -11.806855 -1.345421 -1.186332 1.615977 9.599565 -0.379424 -0.165539 0.122958
798461914 8.111484 -11.015985 0.900416 -1.377321 1.408175 9.606790 -0.455880 -0.144092 0.142399
818420411 7.935443 -9.565055 1.640854 -1.492625 1.254614 9.610847 -0.531027 -0.128287 0.154075
838378907 8.156958 -8.300259 0.253604 -1.391118 1.260570 9.625287 -0.577828 -0.128899 0.143534
858337403 8.956433 -6.023684 -0.342706 -1.320195 1.264813 9.634713 -0.670771 -0.129335 0.136177
878295899 8.643161 -4.338220 -0.497198 -1.247131 1.246951 9.646769 -0.764595 -0.127499 0.128567
898254395 8.171987 -3.326418 -0.416647 -1.173795 1.203116 9.661527 -0.818437 -0.122994 0.120899
918212891 7.829512 -1.929011 0.122949 -1.089586 1.151313 9.677689 -0.878262 -0.117673 0.112115
938201905 7.366791 -0.570947 0.420937 -1.089586 1.151313 9.677689 -0.894047 -0.117673 0.112115
958160401 6.575254 0.274582 0.155746 -0.980230 1.119522 9.693101 -0.932537 -0.114409 0.100784
978118897 5.697788 0.322366 0.414565 -0.880966 0.991199 9.716574 -0.979118 -0.101247 0.090419
998077393 4.467154 0.282974 1.093566 -0.885461 0.914488 9.723685 -1.010624 -0.093387 0.090812
1018035889 3.685850 0.040144 1.253719 -0.885461 0.914488 9.723685 -1.001966 -0.093387 0.090812
1037994385 3.697734 0.315326 1.231988 -0.784570 0.842225 9.738865 -1.040199 -0.085989 0.080387
1057952881 3.994090 0.868920 1.292426 -0.784570 0.842225 9.738865 -1.061159 -0.085989 0.080387
1077911377 3.461287 0.794933 1.115048 -0.735284 0.814637 9.745056 -1.058068 -0.083166 0.075309
1097869873 2.496732 0.385778 1.411212 -0.699805 0.782623 9.750290 -1.064541 -0.079890 0.071650
1117828370 2.075353 0.306653 1.464105 -0.653347 0.737999 9.756990 -1.088295 -0.075326 0.066862
1137817383 1.759970 0.213465 1.246191 -0.653347 0.737999 9.756990 -1.090542 -0.075326 0.066862
1157775879 1.363819 0.092811 1.144412 -0.639150 0.730145 9.758522 -1.089951 -0.074523 0.065403
1177734375 1.518366 0.308639 0.747530 -0.615993 0.740346 9.759244 -1.097125 -0.075566 0.063035
1197692871 1.492718 0.259363 0.600655 -0.578569 0.758994 9.760100 -1.086412 -0.077473 0.059210
1217651368 1.073175 0.033989 0.564672 -0.535051 0.784387 9.760576 -1.106093 -0.080071 0.054763
1237609864 0.940909 -0.101281 0.591704 -0.535051 0.784387 9.760576 -1.099281 -0.080071 0.054763
1257568360 0.818827 -0.151466 0.481012 -0.510158 0.830839 9.758064 -1.099756 -0.084824 0.052233
1277526856 0.788894 -0.071237 0.280929 -0.510158 0.830839 9.758064 -1.110736 -0.084824 0.052233
1297485352 0.877793 -0.037057 0.210951 -0.518521 0.851167 9.755872 -1.095344 -0.086904 0.053100
1317474366 0.651172 -0.151316 0.069439 -0.545252 0.864867 9.753209 -1.092676 -0.088307 0.055847
1337432862 0.649926 -0.290181 0.080504 -0.562928 0.878629 9.750975 -1.088653 -0.089716 0.057666
1357391358 0.784793 -0.280420 0.028978 -0.552043 0.902673 9.749401 -1.060878 -0.092178 0.056563
1377349854 1.186173 -0.237615 0.331308 -0.537489 0.941185 9.746572 -1.062606 -0.096122 0.055091
1397308350 0.935541 -0.418725 0.280276 -0.537489 0.941185 9.746572 -1.049934 -0.096122 0.055091
1417266846 0.614413 -0.862180 0.091061 -0.559860 0.954667 9.744000 -1.037806 -0.097503 0.057394
1437225342 0.848555 -1.040357 0.040122 -0.559556 0.976869 9.741817 -1.044270 -0.099778 0.057375
1457183838 1.401448 -1.141444 0.175426 -0.508420 1.026592 9.739507 -1.041121 -0.104875 0.052154
1477142334 1.790437 -1.168578 0.234743 -0.509548 1.044218 9.737575 -1.012987 -0.106683 0.052280
1497100830 1.743632 -1.393036 0.104218 -0.509548 1.044218 9.737575 -0.989828 -0.106683 0.052280
