0 -0.752857 0.450744 -0.499660 0.405174 0.237082 9.795408 -1.254577 -0.024178 -0.041340
19958496 -0.735595 0.488568 -0.321025 0.405174 0.237082 9.795408 -1.253229 -0.024178 -0.041340
39916992 -0.816767 0.676002 -0.376422 0.421246 0.198926 9.795579 -1.265132 -0.020286 -0.042977
59875488 -1.304051 0.995515 -0.497281 0.421246 0.198926 9.795579 -1.250107 -0.020286 -0.042977
79833984 -1.738306 1.356324 -0.259552 0.458301 0.157464 9.794670 -1.274755 -0.016058 -0.046757
99792480 -1.869564 1.791869 -0.042917 0.499716 0.113005 9.793258 -1.261881 -0.011524 -0.050982
119781494 -2.416893 2.390580 0.034542 0.515991 0.079897 9.792740 -1.277914 -0.008147 -0.052642
139739990 -3.255528 2.854839 -0.034402 0.526973 0.055940 9.792321 -1.262905 -0.005704 -0.053763
159698486 -3.291857 3.033252 -0.172519 0.621023 -0.002173 9.786967 -1.300481 0.000222 -0.063369
179656982 -3.256606 2.947128 0.332160 0.657346 -0.021280 9.784572 -1.287105 0.002170 -0.067081
199615478 -1.906968 2.421917 0.729488 0.657346 -0.021280 9.784572 -1.303416 0.002170 -0.067081
219573975 0.821581 1.606535 0.843770 0.525194 0.097472 9.792091 -1.305515 -0.009940 -0.053583
239532471 2.636860 0.255139 -0.241844 0.525194 0.097472 9.792091 -1.361188 -0.009940 -0.053583
259490967 4.172906 -1.680016 -1.128992 0.330943 0.251524 9.797836 -1.382203 -0.025651 -0.033764
279449463 7.271539 -3.998251 -0.647773 0.330943 0.251524 9.797836 -1.427670 -0.025651 -0.033764
299438477 10.597708 -6.313921 -0.396873 0.335261 0.237951 9.798029 -1.462466 -0.024267 -0.034204
319396973 12.756342 -8.153420 -0.409039 0.403686 0.178934 9.796704 -1.515248 -0.018247 -0.041183
339355469 15.290559 -10.566627 0.806735 0.490279 0.084457 9.794023 -1.534769 -0.008612 -0.050017
359313965 16.364878 -13.018832 0.942976 0.576868 -0.067352 9.789436 -1.573384 0.006868 -0.058860
379272461 16.478985 -16.317722 1.247344 0.576868 -0.067352 9.789436 -1.563366 0.006868 -0.058860
399230957 17.003902 -19.013596 0.362618 0.648140 -0.148271 9.784084 -1.547391 0.015120 -0.066148
419189453 15.078447 -21.173183 0.326937 0.942560 -0.389424 9.753477 -1.535054 0.039721 -0.096339
439147949 12.699390 -23.574425 1.593050 1.180798 -0.518687 9.721475 -1.479770 0.052916 -0.120871
459106445 8.472366 -26.187077 1.183928 1.180798 -0.518687 9.721475 -1.368759 0.052916 -0.120871
479064941 2.829926 -29.244846 0.001678 1.780244 -0.798595 9.610586 -1.317543 0.081524 -0.183162
499053955 -0.130635 -32.404755 0.878541 1.780244 -0.798595 9.610586 -1.164823 0.081524 -0.183162
519012451 0.922274 -36.857330 2.740378 2.102368 -1.008973 9.525355 -1.045839 0.103069 -0.217230
538970947 2.375219 -38.010910 3.411890 2.770851 -1.184370 9.332205 -0.969604 0.121068 -0.288622
558929443 -0.567336 -38.261093 6.576893 3.015767 -0.936263 9.284339 -0.774953 0.095618 -0.314072
578887939 -4.878662 -38.923721 8.505777 3.020365 -0.292641 9.325350 -0.531757 0.029845 -0.313225
598846436 -10.616190 -39.768440 4.195371 3.020365 -0.292641 9.325350 -0.371481 0.029845 -0.313225
618804932 -14.971659 -40.492878 1.960559 2.782903 0.523907 9.388895 -0.086455 -0.053449 -0.288154
638763428 -12.838896 -41.093155 3.774024 2.512526 1.228938 9.399325 0.235350 -0.125647 -0.261202
658721924 -15.152849 -41.519367 3.110241 2.113956 1.818062 9.401926 0.589980 -0.186470 -0.221165
678710937 -18.683199 -41.639454 0.108479 1.487676 2.243609 9.429922 0.959326 -0.230829 -0.156472
698669434 -18.769762 -41.378422 -2.530670 0.738941 2.375283 9.485905 1.281755 -0.244645 -0.077742
718627930 -18.401560 -40.951786 1.233880 -0.846470 1.712764 9.618748 1.675255 -0.175554 0.087776
738586426 -17.772713 -36.116936 2.188072 -1.561383 1.324595 9.590513 1.873524 -0.135485 0.161389
758544922 -17.766520 -29.520685 -0.083417 -2.099448 0.946094 9.532451 2.052980 -0.096625 0.216781
778503418 -17.995905 -24.532429 0.309154 -2.405169 0.580438 9.489396 2.221782 -0.059223 0.248231
798461914 -16.739922 -19.498262 1.085110 -2.405169 0.580438 9.489396 2.339338 -0.059223 0.248231
818420410 -13.807762 -16.913982 -0.570859 -2.498755 0.119537 9.482212 2.473981 -0.012190 0.257663
838378906 -11.471117 -14.873945 -1.037662 -2.498755 0.119537 9.482212 2.527112 -0.012190 0.257663
858367920 -9.219024 -12.750070 -1.167835 -2.274486 -0.199742 9.537148 2.669611 0.020369 0.234114
878326416 -9.376274 -9.768651 -1.766545 -2.274486 -0.199742 9.537148 2.669611 0.020369 0.234114
898284912 -11.157372 -6.096594 -2.099390 -2.170675 -0.325381 9.557859 2.723452 0.033186 0.223321
918243408 -11.044814 -2.731679 -1.396248 -2.085309 -0.452063 9.571704 2.779100 0.046114 0.214510
938201904 -8.833957 -1.287634 -0.403285 -2.011153 -0.563707 9.581643 2.802848 0.057514 0.206893
958160400 -6.752017 -0.324540 0.195619 -1.961213 -0.641393 9.587108 2.833063 0.065451 0.201784
978118896 -6.579161 0.822199 -0.575170 -1.897503 -0.665071 9.598310 2.852292 0.067871 0.195175
998077393 -6.625672 1.248702 -0.948915 -1.789141 -0.667157 9.618954 2.859295 0.068084 0.183900
1018035889 -5.334301 0.599065 -1.279016 -1.658586 -0.667445 9.642303 2.849785 0.068113 0.170344
1038024902 -1.602811 -0.798713 -0.354209 -1.520958 -0.692718 9.663188 2.848737 0.070696 0.156116
1057983398 -0.312940 -0.536649 0.287807 -1.387252 -0.743543 9.679518 2.835622 0.075893 0.142349
1077941894 -1.794681 0.037981 0.428723 -1.387252 -0.743543 9.679518 2.837117 0.075893 0.142349
1097900391 -2.312496 0.351573 0.053881 -1.394095 -0.738610 9.678912 2.832716 0.075389 0.143050
1117858887 -1.179729 0.287455 0.299363 -1.287353 -0.734087 9.694031 2.822951 0.074926 0.132026
1137817383 0.894236 -0.485161 1.000929 -1.212094 -0.703881 9.705966 2.793072 0.071838 0.124238
1157775879 1.487676 -0.290826 0.220300 -1.164715 -0.654888 9.715192 2.790572 0.066830 0.119316
1177734375 0.287204 0.267816 -0.612532 -1.119455 -0.620601 9.722760 2.778845 0.063326 0.114633
1197692871 -0.674043 0.863224 -0.325911 -1.078483 -0.584664 9.729616 2.773069 0.059655 0.110395
1217651367 -0.011325 0.775203 -0.319539 -1.057038 -0.540632 9.734515 2.761276 0.055157 0.108163
1237640381 1.195310 0.329390 -0.531213 -1.057038 -0.540632 9.734515 2.750211 0.055157 0.108163
1257598877 1.538457 -0.001864 -0.675599 -1.004393 -0.473785 9.743567 2.728948 0.048331 0.102720
1277557373 1.353220 0.257106 -0.066410 -0.973019 -0.441267 9.748277 2.713613 0.045012 0.099485
1297515869 0.849620 0.603675 -0.086066 -0.973019 -0.441267 9.748277 2.705075 0.045012 0.099485
1317474365 0.309951 0.765206 -0.437781 -0.929917 -0.395978 9.754427 2.696411 0.040390 0.095046
1337432861 0.433045 0.735172 -0.651083 -0.846740 -0.352420 9.763668 2.683048 0.035945 0.086507
1357391357 0.824494 0.669966 -0.675422 -0.613785 -0.287194 9.783209 2.683163 0.029290 0.062656
1377349853 0.522162 0.575055 -0.715496 -0.613785 -0.287194 9.783209 2.642671 0.029290 0.062656
1397308350 0.023267 0.552880 -1.109979 -0.537901 -0.250421 9.788684 2.640253 0.025539 0.054896
1417297363 -0.307524 0.333070 -1.329672 -0.504285 -0.214542 9.791326 2.619851 0.021879 0.051458
1437255859 -0.414760 0.225717 -0.891586 -0.441170 -0.203806 9.794601 2.612623 0.020784 0.045012
1457214355 -0.322700 0.233596 -0.533112 -0.357294 -0.211636 9.797853 2.601977 0.021582 0.036450
1477172852 -0.259131 -0.147205 -0.495124 -0.357294 -0.211636 9.797853 2.575109 0.021582 0.036450
1497131348 -0.201106 -0.632100 -0.008370 -0.259430 -0.228103 9.800564 2.539723 0.023262 0.026465
