0 -0.029182 0.193027 -0.394055 -0.039898 0.155890 9.805330 -1.074964 -0.015897 0.004069
19989013 0.032758 0.079646 -0.468488 -0.033211 0.152374 9.805410 -1.089845 -0.015538 0.003387
39947509 0.323250 0.095450 -0.475883 -0.032901 0.141231 9.805578 -1.082258 -0.014402 0.003355
59906005 0.732149 0.170483 -0.392646 -0.036109 0.125388 9.805781 -1.110683 -0.012786 0.003682
79864502 0.745692 0.214737 -0.624240 -0.042019 0.101825 9.806031 -1.115541 -0.010383 0.004285
99822998 0.081659 0.259438 -1.183627 -0.042019 0.101825 9.806031 -1.088316 -0.010383 0.004285
119781494 0.151860 0.300619 -0.925440 -0.043594 0.066551 9.806328 -1.060780 -0.006786 0.004445
139739990 0.700360 0.223867 -0.348855 -0.044639 -0.056642 9.806385 -1.080318 0.005776 0.004552
159698486 1.316210 0.101414 -0.103538 -0.044639 -0.056642 9.806385 -1.078020 0.005776 0.004552
179656982 1.765049 0.047100 -0.268965 -0.066870 -0.106895 9.805840 -1.082702 0.010900 0.006819
199615478 1.767701 0.066664 -0.747661 -0.089707 -0.148636 9.805113 -1.075114 0.015157 0.009149
219604492 1.562089 0.286452 -1.265894 -0.102048 -0.202157 9.804034 -1.056907 0.020616 0.010408
239562988 2.133933 0.483545 -1.197927 -0.073455 -0.293489 9.801983 -1.057002 0.029932 0.007494
259521484 3.449568 0.411434 0.237942 -0.032087 -0.419990 9.797601 -1.052352 0.042840 0.003275
279479980 4.425532 0.108673 1.711839 -0.045383 -0.525872 9.792436 -1.061099 0.053650 0.004634
299438476 4.935237 -0.569063 1.805335 -0.145764 -0.553271 9.789945 -1.045035 0.056448 0.014888
319396972 5.553874 -1.151351 1.341367 -0.287564 -0.521290 9.788562 -1.019941 0.053182 0.029369
339355468 6.961352 -2.128562 0.527901 -0.399118 -0.474719 9.787019 -1.085042 0.048427 0.040758
359313964 7.610538 -3.093636 0.858257 -0.456525 -0.464634 9.784993 -1.055648 0.047397 0.046622
379272460 8.689054 -4.425394 2.721595 -0.492849 -0.490752 9.781956 -1.051425 0.050064 0.050341
399261474 9.310122 -5.864959 3.725840 -0.606284 -0.452050 9.777446 -1.026657 0.046113 0.061929
419219970 9.518309 -7.272649 2.927146 -0.606284 -0.452050 9.777446 -1.032077 0.046113 0.061929
439178466 9.491967 -9.051428 1.901786 -0.641342 -0.384452 9.778102 -0.987799 0.039213 0.065496
459136962 8.202555 -10.087765 2.141030 -0.619263 -0.362694 9.780355 -0.960986 0.036993 0.063233
479095459 6.517633 -11.044544 2.997314 -0.526362 -0.393762 9.784595 -0.936978 0.040163 0.053743
499053955 5.106323 -12.352228 2.758185 -0.425792 -0.408363 9.788889 -0.865275 0.041653 0.043470
519012451 6.204307 -13.877378 2.769334 -0.364392 -0.373898 9.792743 -0.826339 0.038136 0.037193
538970947 5.737076 -15.946064 2.269498 -0.355772 -0.294722 9.795762 -0.779783 0.030058 0.036303
558929443 5.921834 -17.873114 2.138128 -0.285994 -0.222912 9.799944 -0.718879 0.022733 0.029175
578918457 4.292516 -19.556080 1.326749 -0.074620 -0.187290 9.804578 -0.646159 0.019099 0.007611
598876953 1.922347 -21.191978 1.422357 0.187812 -0.184909 9.803108 -0.539651 0.018857 -0.019156
618835449 0.988408 -22.481421 2.067253 0.453157 -0.195950 9.794214 -0.442062 0.019983 -0.046235
638793945 -0.752691 -24.114861 1.527306 0.647049 -0.156466 9.784029 -0.346415 0.015956 -0.066037
658752441 -0.992818 -26.223635 -0.062159 0.777256 -0.065822 9.775578 -0.222694 0.006712 -0.079343
678710937 -1.597010 -28.441355 -0.765491 0.976919 -0.011886 9.757862 -0.084717 0.001212 -0.099784
698669433 -2.967084 -30.474442 0.361477 1.300423 -0.034906 9.719983 0.071342 0.003559 -0.132999
718627929 -4.724598 -31.960747 2.343939 1.675366 -0.079513 9.662154 0.239386 0.008108 -0.171688
738586425 -8.111548 -32.845558 1.657469 1.911291 -0.011293 9.618587 0.410313 0.001152 -0.196153
758575439 -7.667491 -33.753609 0.281195 1.946777 0.162918 9.610093 0.613088 -0.016614 -0.199871
778533935 -6.468880 -36.201786 -0.276855 1.836923 0.379614 9.625591 0.847924 -0.038719 -0.188570
798492431 -7.665151 -36.625973 0.021097 1.748733 0.567015 9.632798 1.061841 -0.057852 -0.179584
818450927 -12.502892 -34.192638 -0.669428 1.680356 0.728250 9.634129 1.319264 -0.074329 -0.172680
838409423 -15.550670 -30.073956 -0.964083 1.586589 0.844307 9.640553 1.535847 -0.086202 -0.163112
858367919 -17.522682 -26.131350 1.391441 1.421402 0.870293 9.663984 1.737584 -0.088862 -0.146035
878326416 -18.907722 -22.261337 3.611124 1.211756 0.841202 9.695072 1.912245 -0.085884 -0.124342
898284912 -16.581202 -18.782042 2.477625 1.016352 0.826012 9.718802 2.092942 -0.084330 -0.104197
918243408 -14.703066 -17.090374 0.547569 0.464251 0.851584 9.758570 2.171675 -0.086947 -0.047538
938232421 -16.160654 -14.391451 0.056719 0.464251 0.851584 9.758570 2.321998 -0.086947 -0.047538
958190918 -15.753039 -11.805780 -0.088505 0.264455 0.810758 9.769499 2.448581 -0.082769 -0.027063
978149414 -14.172874 -9.102594 -0.209877 0.177363 0.729524 9.777869 2.539875 -0.074460 -0.018137
998107910 -13.355884 -6.491245 -0.830720 0.066640 0.655079 9.784519 2.614141 -0.066849 -0.006811
1018066406 -11.832359 -4.696564 -0.918981 -0.250587 0.505555 9.790404 2.658261 -0.051575 0.025590
1038024902 -10.226607 -3.307219 -0.863984 -0.250587 0.505555 9.790404 2.725205 -0.051575 0.025590
1057983398 -8.450770 -2.637646 -1.000506 -0.391720 0.337095 9.793024 2.781438 -0.034381 0.039979
1077941894 -7.222159 -2.169552 -0.397360 -0.423520 0.261074 9.794022 2.834450 -0.026625 0.043216
1097900390 -7.097748 -1.493890 -0.115775 -0.423520 0.261074 9.794022 2.868139 -0.026625 0.043216
1117858886 -7.244236 -0.796439 -0.026010 -0.452359 0.202633 9.794115 2.897860 -0.020664 0.046154
1137847900 -6.454371 -0.454219 0.345054 -0.478383 0.151174 9.793808 2.924775 -0.015416 0.048807
1157806396 -5.308405 -0.338812 0.351715 -0.517970 0.071160 9.792703 2.940195 -0.007256 0.052844
1177764892 -4.698405 0.121869 0.581161 -0.517970 0.071160 9.792703 2.962876 -0.007256 0.052844
1197723388 -4.122957 0.272685 0.842227 -0.500363 0.036395 9.793809 2.956821 -0.003711 0.051045
1217681884 -2.812318 0.051811 0.822564 -0.462397 0.009893 9.795737 2.950878 -0.001009 0.047169
1237640380 -2.470263 0.181392 0.952495 -0.451153 -0.003951 9.796266 2.967423 0.000403 0.046021
1257598877 -2.525927 0.271379 0.533634 -0.497943 0.016006 9.793987 2.972074 -0.001632 0.050798
1277557373 -2.289934 0.189850 0.310597 -0.497943 0.016006 9.793987 2.975717 -0.001632 0.050798
1297515869 -2.042638 0.177018 0.211816 -0.484775 0.016126 9.794647 2.980617 -0.001644 0.049454
1317504882 -1.792140 0.154439 0.271300 -0.454120 0.009778 9.796124 2.958150 -0.000997 0.046324
1337463378 -1.486843 0.027545 0.431597 -0.431506 0.008407 9.797149 2.955732 -0.000857 0.044016
1357421875 -1.350379 -0.241389 -0.023311 -0.432618 0.045249 9.796999 2.960881 -0.004614 0.044130
1377380371 -1.226832 -0.416265 -0.414965 -0.432618 0.045249 9.796999 2.935474 -0.004614 0.044130
1397338867 -1.206415 -0.133235 -0.195236 -0.412516 0.047750 9.797854 2.927007 -0.004869 0.042078
1417297363 -1.583325 -0.003145 -0.539224 -0.380154 0.052050 9.799141 2.933328 -0.005308 0.038775
1437255859 -1.038502 0.060725 -0.886196 -0.333529 0.056070 9.800816 2.915807 -0.005718 0.034018
1457214355 -0.257675 -0.031126 -0.825892 -0.231982 0.040927 9.803822 2.914124 -0.004173 0.023658
1477172851 0.084954 0.003558 -1.198885 -0.201081 0.020505 9.804567 2.890705 -0.002091 0.020506
1497161865 0.014668 0.198549 -1.045460 -0.201081 0.020505 9.804567 2.864880 -0.002091 0.020506
