0 -1.598310 0.205213 0.092710 0.461018 0.252232 9.792559 2.457147 -0.025723 -0.047044
19958496 -1.234940 0.520512 -0.612799 0.475646 0.260695 9.791639 2.473425 -0.026587 -0.048539
39916992 -1.090252 1.036955 -0.616871 0.553429 0.280793 9.786994 2.458933 -0.028637 -0.056487
59875488 -2.091516 1.087848 -0.528600 0.595926 0.271957 9.784749 2.450952 -0.027735 -0.060828
79833984 -2.414474 1.324210 -0.704868 0.591800 0.240095 9.785831 2.454877 -0.024485 -0.060402
99792480 -2.091479 1.497601 -0.746532 0.555625 0.190242 9.789049 2.443392 -0.019400 -0.056699
119750976 -2.398319 1.492779 0.107102 0.524726 0.121777 9.791844 2.444392 -0.012418 -0.053537
139739990 -3.227256 1.564199 0.516187 0.554062 0.083210 9.790632 2.441249 -0.008485 -0.056531
159698486 -4.275714 1.552974 1.057279 0.617217 0.073967 9.786928 2.437288 -0.007543 -0.062982
179656982 -5.144425 0.942989 1.229207 0.724544 0.111169 9.779216 2.409835 -0.011336 -0.073955
199615478 -5.663069 0.615867 1.138911 0.724544 0.111169 9.779216 2.409835 -0.011336 -0.073955
219573974 -6.513346 0.044530 0.668860 0.716152 0.122276 9.779701 2.392679 -0.012469 -0.073098
239532471 -7.957980 -0.719574 1.132798 0.656190 0.094898 9.784212 2.362933 -0.009677 -0.066966
259490967 -9.448047 -1.907173 3.049211 0.625629 0.054288 9.786523 2.364429 -0.005536 -0.063841
279449463 -11.272062 -3.919232 2.881799 0.606490 0.059100 9.787700 2.339683 -0.006027 -0.061885
299407959 -12.776502 -5.918180 2.197972 0.509886 0.124514 9.792595 2.259369 -0.012697 -0.052022
319396973 -14.011521 -8.239948 2.338800 0.509886 0.124514 9.792595 2.259369 -0.012697 -0.052022
339355469 -14.879253 -11.108521 2.956930 0.485136 0.176584 9.793051 2.219537 -0.018008 -0.049498
359313965 -14.288127 -13.834271 3.711907 0.394609 0.195895 9.796749 2.123159 -0.019977 -0.040258
379272461 -13.989298 -16.616768 3.122826 0.210040 0.201519 9.802330 2.103588 -0.020551 -0.021424
399230957 -13.876032 -20.205343 1.777602 0.011916 0.235125 9.803823 2.032368 -0.023978 -0.001215
419189453 -14.493282 -24.733780 1.342225 -0.191748 0.256123 9.801430 1.932189 -0.026120 0.019561
439147949 -13.583311 -29.487539 3.324727 -0.435429 0.206856 9.794795 1.858986 -0.021095 0.044426
459106445 -9.352160 -34.400761 5.150421 -0.677743 0.157739 9.781931 1.761674 -0.016086 0.069175
479064941 -5.362464 -38.752510 5.766814 -1.109398 0.222679 9.741152 1.512928 -0.022709 0.113399
499053955 -3.534785 -39.580399 5.280573 -1.109398 0.222679 9.741152 1.512928 -0.022709 0.113399
519012451 -1.353294 -39.759186 4.239437 -1.419283 0.525520 9.689161 1.262227 -0.053614 0.145447
538970947 1.718508 -39.993916 3.875057 -1.419283 0.525520 9.689161 1.135746 -0.053614 0.145447
558929443 5.520754 -40.231174 3.545795 -1.473614 0.757111 9.665693 1.101575 -0.077281 0.151293
578887939 9.466444 -40.467331 3.609409 -1.439894 1.227468 9.622392 0.751164 -0.125496 0.148538
598846435 12.234971 -40.673393 2.665304 -1.439894 1.227468 9.622392 0.751164 -0.125496 0.148538
618804932 13.871202 -40.763767 2.365895 -1.245124 1.435216 9.620821 0.532378 -0.146879 0.128704
638763428 15.558456 -40.796913 5.497128 -0.971126 1.529434 9.637850 0.356073 -0.156598 0.100423
658721924 18.262203 -36.288975 5.987809 -0.692708 1.564559 9.656225 0.030374 -0.160225 0.071614
678680420 20.528923 -29.973877 5.449476 -0.405018 1.611251 9.664897 -0.049416 -0.165050 0.041882
698669433 20.837214 -24.248220 4.594537 -0.182477 1.655382 9.664202 -0.261775 -0.169614 0.018880
718627930 18.699659 -20.771969 2.354902 -0.084037 1.699726 9.657860 -0.591468 -0.174204 0.008701
738586426 17.253939 -17.891920 1.166643 -0.072628 1.715639 9.655139 -0.591803 -0.175851 0.007522
758544922 15.575998 -15.752048 1.440955 -0.092233 1.701065 9.657550 -0.731759 -0.174342 0.009550
778503418 14.317777 -12.904123 0.967185 -0.163400 1.696011 9.657496 -0.943116 -0.173819 0.016918
798461914 12.796782 -10.495321 0.033363 -0.163400 1.696011 9.657496 -0.943116 -0.173819 0.016918
818420410 11.100291 -8.027484 -1.403697 -0.208486 1.712030 9.653801 -1.042045 -0.175478 0.021593
838378906 10.370096 -5.184966 -1.491015 -0.234200 1.673772 9.659918 -1.190196 -0.171517 0.024240
858337402 9.324404 -3.222240 -1.924570 -0.234200 1.673772 9.659918 -1.190196 -0.171517 0.024240
878326416 8.259987 -1.970420 -1.689593 -0.117038 1.652422 9.665723 -1.248529 -0.169308 0.012108
898284912 7.462342 -1.024358 -0.684312 0.082009 1.627898 9.670243 -1.329471 -0.166771 -0.008480
918243408 6.898764 -0.297873 0.479747 0.263352 1.587072 9.673791 -1.356362 -0.162551 -0.027217
938201904 6.411785 -0.153913 0.745345 0.343798 1.534845 9.679692 -1.381287 -0.157157 -0.035503
958160400 5.658553 0.009130 0.183393 0.347008 1.485584 9.687261 -1.397796 -0.152073 -0.035806
978118896 5.151627 0.229156 -0.272721 0.362865 1.451311 9.691875 -1.428105 -0.148538 -0.037423
998077392 4.292511 0.449157 0.127629 0.434521 1.422651 9.693174 -1.436276 -0.145584 -0.044798
1018035889 3.234507 0.502304 0.594313 0.523175 1.393691 9.693002 -1.433839 -0.142600 -0.053922
1037994385 2.129305 0.216504 0.995066 0.566072 1.354082 9.696206 -1.447057 -0.138520 -0.058315
1057952881 1.163190 0.025717 0.875242 0.516676 1.298824 9.706518 -1.430037 -0.132833 -0.053180
1077941894 0.590255 -0.081185 0.269713 0.433478 1.254144 9.716460 -1.429587 -0.128238 -0.044583
1097900390 -0.064279 -0.161901 -0.166255 0.383616 1.226656 9.722065 -1.434435 -0.125413 -0.039438
1117858887 -0.094184 -0.074415 -0.070868 0.401418 1.211653 9.723228 -1.423865 -0.123871 -0.041261
1137817383 -0.260433 -0.027081 0.400035 0.441117 1.191166 9.724039 -1.434241 -0.121766 -0.045332
1157775879 -0.370292 -0.156067 0.262480 0.463725 1.172226 9.725288 -1.440538 -0.119820 -0.047646
1177734375 -0.562055 -0.332030 0.120516 0.463391 1.152550 9.727655 -1.420571 -0.117800 -0.047600
1197692871 -0.525567 -0.309969 -0.038688 0.460659 1.114775 9.732186 -1.416367 -0.113922 -0.047298
1217651367 -0.030967 -0.001531 -0.005115 0.460659 1.114775 9.732186 -1.416367 -0.113922 -0.047298
1237609863 0.289571 0.238848 -0.190574 0.488114 1.103162 9.732172 -1.409837 -0.112730 -0.050113
1257598877 0.404843 0.343276 0.119891 0.531739 1.087847 9.731609 -1.425985 -0.111158 -0.054586
1277557373 0.386168 0.322407 0.586154 0.569822 1.069430 9.731496 -1.433024 -0.109269 -0.058488
1297515869 0.210414 0.164890 0.439200 0.588389 1.061181 9.731294 -1.416502 -0.108423 -0.060390
1317474365 0.193357 0.228845 0.226594 0.582017 1.055612 9.732283 -1.414747 -0.107851 -0.059732
1337432861 0.140757 0.239412 0.025357 0.575028 1.053764 9.732898 -1.414874 -0.107662 -0.059012
1357391357 0.174546 0.316200 0.115775 0.579746 1.052744 9.732728 -1.440516 -0.107557 -0.059496
1377349853 0.135028 0.330497 0.133842 0.584226 1.052483 9.732490 -1.418036 -0.107530 -0.059956
1397308349 0.051894 0.367321 0.046611 0.580587 1.052450 9.732711 -1.417853 -0.107527 -0.059583
1417266846 -0.221550 0.322846 -0.149718 0.554006 1.055341 9.733947 -1.422142 -0.107824 -0.056854
1437225342 -0.335089 0.253025 -0.278484 0.543083 1.053477 9.734763 -1.420626 -0.107632 -0.055730
1457214355 -0.476163 0.222606 -0.172999 0.535738 1.050454 9.735497 -1.409698 -0.107322 -0.054974
1477172851 -0.634310 0.152588 -0.245236 0.535738 1.050454 9.735497 -1.396285 -0.107322 -0.054974
1497131348 -0.674538 0.018450 -0.037386 0.526316 1.039176 9.737223 -1.380988 -0.106166 -0.053999
1517089844 -0.731313 -0.052000 -0.033632 0.504232 1.020044 9.740413 -1.384759 -0.104204 -0.051721
