0 -0.676285 -0.103543 0.103873 -0.484084 0.497015 9.782076 2.805544 -0.050703 0.049447
19958496 -0.327637 0.031024 -0.535690 -0.497425 0.511123 9.780681 2.797576 -0.052144 0.050814
39916992 -0.281426 0.340637 -0.802824 -0.477479 0.520352 9.781187 2.807269 -0.053086 0.048777
59875488 -0.639811 0.370597 -0.315859 -0.418427 0.517396 9.784049 2.791112 -0.052784 0.042740
79833984 -1.246372 0.457494 0.002899 -0.361658 0.506653 9.786873 2.803454 -0.051687 0.036937
99792480 -1.533552 0.512255 0.221032 -0.348826 0.481932 9.788588 2.806218 -0.049163 0.035621
119750977 -1.408541 0.761357 -0.052332 -0.339811 0.470066 9.789481 2.792220 -0.047952 0.034698
139709473 -1.386497 1.050775 -0.534402 -0.339811 0.470066 9.789481 2.792220 -0.047952 0.034698
159698486 -1.870544 1.188155 -0.624204 -0.309199 0.477643 9.790129 2.794498 -0.048725 0.031572
179656982 -2.889479 1.086243 0.058633 -0.275262 0.469659 9.791529 2.763140 -0.047910 0.028105
199615479 -3.801206 0.788232 0.353386 -0.197484 0.491188 9.792350 2.763121 -0.050108 0.020164
219573975 -4.365720 0.561945 0.252229 -0.178770 0.521116 9.791162 2.770148 -0.053164 0.018256
239532471 -4.915963 0.355399 0.090451 -0.178770 0.521116 9.791162 2.745735 -0.053164 0.018256
259490967 -5.642870 -0.081929 -0.198877 -0.169588 0.560070 9.789175 2.744247 -0.057142 0.017322
279449463 -6.313084 -0.910082 -0.210972 -0.156139 0.600069 9.787028 2.738316 -0.061228 0.015952
299407959 -6.890083 -1.708126 0.621113 -0.062769 0.660441 9.784184 2.698602 -0.067397 0.006415
319366455 -7.238502 -2.947450 1.229602 -0.062769 0.660441 9.784184 2.662508 -0.067397 0.006415
339355469 -7.508980 -3.902634 2.221819 -0.044697 0.673596 9.783387 2.664481 -0.068742 0.004569
359313965 -8.031064 -5.536395 2.751854 -0.090211 0.689568 9.781960 2.626151 -0.070374 0.009222
379272461 -8.858001 -7.591592 1.710848 -0.161686 0.756573 9.776085 2.620301 -0.077226 0.016537
399230957 -9.771585 -10.227401 1.160727 -0.234728 0.847877 9.767107 2.599032 -0.086567 0.024028
419189453 -10.470672 -13.120698 1.803295 -0.378983 0.888033 9.759005 2.554782 -0.090678 0.038815
439147949 -11.017248 -15.784708 2.308623 -0.646140 0.864689 9.747061 2.516405 -0.088288 0.066194
459106445 -10.077089 -18.524416 2.484071 -0.945324 0.832099 9.725449 2.439636 -0.084953 0.096897
479064941 -7.457305 -21.539797 2.511560 -1.208047 0.812909 9.697948 2.349410 -0.082989 0.123929
499023438 -5.455994 -24.086803 2.892264 -1.464550 0.763263 9.666588 2.325841 -0.077910 0.150363
518981934 -4.321580 -27.209888 3.600986 -1.748177 0.676462 9.625834 2.259452 -0.069035 0.179655
538970947 -3.455127 -31.157866 3.515564 -2.030458 0.600627 9.575326 2.083112 -0.061285 0.208956
558929443 -1.997744 -34.544666 3.088657 -2.345738 0.540577 9.506612 1.951879 -0.055151 0.241916
578887939 1.747634 -37.402241 3.277762 -2.720115 0.475173 9.409866 1.824386 -0.048473 0.281400
598846436 6.580421 -39.598198 4.280834 -3.066103 0.426540 9.305239 1.663571 -0.043509 0.318299
618804932 10.079363 -39.628414 5.432128 -3.333197 0.400999 9.214086 1.521670 -0.040902 0.347104
638763428 11.858396 -39.629925 5.764091 -3.546237 0.397851 9.134348 1.525090 -0.040581 0.370320
658721924 12.532446 -39.711140 7.145149 -3.702722 0.399591 9.071966 1.177616 -0.040758 0.387512
678680420 13.883831 -39.933262 8.553099 -3.669290 0.480167 9.081637 1.161002 -0.048983 0.383979
698638916 16.473583 -40.199116 8.690416 -3.385818 0.700331 9.176936 0.981986 -0.071475 0.353455
718627930 18.599545 -40.357784 7.496533 -3.021651 0.964448 9.279539 0.659965 -0.098506 0.314797
738586426 19.429659 -40.405430 7.244229 -2.741081 1.123626 9.348494 0.584823 -0.114830 0.285217
758544922 19.657721 -38.242512 7.636635 -2.514070 1.172977 9.406059 0.358022 -0.119897 0.261177
778503418 19.496090 -32.708576 7.556684 -2.248102 1.199646 9.469810 0.018676 -0.122637 0.233082
798461914 17.850506 -27.655384 4.915857 -1.954658 1.263851 9.526404 -0.065146 -0.129236 0.202374
818420410 15.473066 -25.121077 3.519009 -1.719601 1.287777 9.568438 -0.260741 -0.131697 0.177818
838378906 15.150604 -22.586670 4.288485 -1.590121 1.197179 9.602534 -0.562957 -0.122384 0.164105
858337402 15.677216 -18.839918 4.795330 -1.507727 1.062289 9.631651 -0.606516 -0.108536 0.155279
878295898 15.451375 -15.096814 4.133482 -1.430726 0.959355 9.654173 -0.747713 -0.097984 0.147127
898254395 13.066777 -13.891015 2.080650 -1.381807 0.893604 9.667599 -0.987943 -0.091249 0.141970
918243408 11.094532 -13.588373 1.791395 -1.339440 0.813560 9.680620 -1.015572 -0.083055 0.137490
938201904 11.102646 -11.371766 3.521421 -1.259096 0.697965 9.700407 -1.138797 -0.071233 0.129077
958157121 10.850837 -8.569933 3.667268 -1.114156 0.610583 9.724003 -1.328521 -0.062302 0.114080
978115618 10.012229 -6.902526 2.480294 -1.114156 0.610583 9.724003 -1.328521 -0.062302 0.114080
998074114 8.628258 -5.752959 0.632151 -1.098689 0.637953 9.724005 -1.404548 -0.065099 0.112510
1018032610 7.647476 -4.562679 -0.423182 -1.089440 0.671314 9.722800 -1.564655 -0.068509 0.111585
1037991106 7.475149 -3.276656 -0.325936 -1.024174 0.702582 9.727684 -1.556172 -0.071705 0.104898
1057949602 7.629287 -2.019508 -0.263783 -0.895640 0.743392 9.737329 -1.629025 -0.075878 0.091722
1077908098 7.806948 -0.942857 0.014085 -0.743749 0.779502 9.747287 -1.763467 -0.079571 0.076156
1097897112 7.593544 -0.144736 -0.084619 -0.600729 0.809215 9.754725 -1.748849 -0.082611 0.061506
1117855608 7.299649 0.430070 -0.191443 -0.463977 0.834917 9.760022 -1.798604 -0.085241 0.047503
1137814104 6.882076 0.856181 -0.082900 -0.347237 0.849282 9.763634 -1.826152 -0.086711 0.035549
1157772600 6.143680 0.919087 0.015487 -0.288770 0.839853 9.766353 -1.844340 -0.085746 0.029559
1177731096 4.614111 0.505982 -0.124894 -0.283002 0.810463 9.769004 -1.830427 -0.082739 0.028961
1197689592 3.708016 0.270944 -0.374504 -0.256985 0.787881 9.771570 -1.815594 -0.080428 0.026293
1217648088 3.178710 0.386323 -0.275841 -0.184028 0.774077 9.774320 -1.824629 -0.079016 0.018825
1237606584 2.534236 0.484248 0.222370 -0.114322 0.744960 9.777646 -1.805659 -0.076038 0.011692
1257565080 1.796335 0.246673 0.662343 -0.073104 0.704348 9.781050 -1.811489 -0.071885 0.007474
1277523576 1.524935 0.015425 0.409430 -0.048620 0.678285 9.783044 -1.783420 -0.069221 0.004970
1297512590 1.118291 -0.239854 0.367018 -0.040568 0.650791 9.784948 -1.764123 -0.066411 0.004146
1317471086 0.515777 -0.406087 0.315486 -0.045725 0.613827 9.787314 -1.773968 -0.062634 0.004672
1337429582 0.073841 -0.627727 0.760619 -0.027376 0.578835 9.789515 -1.782380 -0.059059 0.002796
1357388078 -0.069359 -0.825804 1.018979 0.007567 0.556053 9.790870 -1.737839 -0.056732 -0.000773
1377346575 -0.084807 -0.831189 0.566020 0.035827 0.552744 9.790994 -1.745868 -0.056394 -0.003659
1397305071 0.048033 -0.777614 0.191457 0.032118 0.548402 9.791252 -1.730002 -0.055951 -0.003280
1417263567 0.482258 -0.413432 -0.018653 0.028566 0.542671 9.791582 -1.716131 -0.055365 -0.002917
1437222063 0.816129 -0.134408 -0.413131 0.131931 0.550816 9.790280 -1.710783 -0.056197 -0.013475
1457180559 0.732523 -0.277342 -0.184127 0.258609 0.559720 9.787248 -1.699528 -0.057107 -0.026417
1477169573 0.380286 -0.688162 0.567209 0.258609 0.559720 9.787248 -1.699528 -0.057107 -0.026417
1497128069 0.422742 -0.899401 0.487754 0.544101 0.630766 9.771206 -1.686619 -0.064365 -0.055627
1517086565 0.516192 -1.198548 0.182289 0.544101 0.630766 9.771206 -1.707139 -0.064365 -0.055627
