0 -0.578654 -0.027410 -0.816003 -0.096800 0.781482 9.774983 2.597938 -0.079774 0.009902
19958496 -0.266342 0.351187 -0.607211 -0.045052 0.786204 9.774981 2.597473 -0.080257 0.004609
39916992 -0.552425 0.541883 -0.138264 -0.045052 0.786204 9.774981 2.583815 -0.080257 0.004609
59875488 -1.226459 0.389769 0.141780 -0.007842 0.777477 9.775779 2.590996 -0.079364 0.000802
79833984 -1.532177 0.409298 0.058468 -0.008982 0.757065 9.777380 2.587120 -0.077276 0.000919
99792480 -1.639164 0.446291 -0.286326 -0.028934 0.737438 9.778842 2.571639 -0.075269 0.002959
119750976 -1.926249 0.338867 -0.643999 -0.037126 0.697930 9.781713 2.566326 -0.071229 0.003795
139709472 -2.195924 0.330228 -0.590571 -0.037126 0.697930 9.781713 2.559135 -0.071229 0.003795
159698486 -2.461177 0.307552 0.171951 0.062426 0.623760 9.786594 2.563639 -0.063649 -0.006379
179656982 -3.096863 0.238042 0.734889 0.062426 0.623760 9.786594 2.550198 -0.063649 -0.006379
199615478 -3.642370 0.224068 0.913795 0.075636 0.568354 9.789874 2.526791 -0.057988 -0.007726
219573974 -4.294841 -0.183845 0.925682 0.056017 0.510056 9.793218 2.526426 -0.052035 -0.005720
239532470 -5.117850 -0.397844 0.566600 0.014038 0.457916 9.795943 2.501774 -0.046711 -0.001433
259490967 -5.642711 -0.582493 0.619430 -0.017218 0.372506 9.799558 2.503957 -0.037994 0.001757
279449463 -6.176285 -0.953028 0.881516 -0.048715 0.321429 9.801260 2.480733 -0.032783 0.004970
299407959 -7.578924 -1.959327 1.147376 -0.048715 0.321429 9.801260 2.451303 -0.032783 0.004970
319366455 -8.804230 -3.151087 1.532020 -0.106561 0.264454 9.802505 2.438279 -0.026970 0.010870
339324951 -9.301099 -4.512246 1.453909 -0.270713 0.202519 9.800821 2.407205 -0.020653 0.027614
359313965 -9.884445 -6.220409 0.729306 -0.381413 0.182000 9.797540 2.350947 -0.018560 0.038910
379272461 -11.442633 -8.820363 0.393320 -0.381413 0.182000 9.797540 2.347877 -0.018560 0.038910
399230957 -12.705376 -11.613210 1.335552 -0.460585 0.153103 9.794632 2.311430 -0.015613 0.046990
419189453 -12.553748 -14.272091 1.957848 -0.528423 0.130286 9.791535 2.271575 -0.013286 0.053915
439147949 -11.357442 -17.074747 1.113650 -0.654941 0.126659 9.783936 2.215641 -0.012916 0.066841
459106445 -9.926032 -19.824709 0.249907 -0.810846 0.137514 9.772103 2.158404 -0.014023 0.082786
479064941 -7.593495 -22.342789 -0.250210 -0.934083 0.162700 9.760707 2.077133 -0.016592 0.095408
499023437 -4.451368 -24.732157 -0.844009 -0.996645 0.204956 9.753721 2.003014 -0.020901 0.101828
518981933 -1.216112 -26.671856 -0.047184 -1.031495 0.224100 9.749677 1.904645 -0.022854 0.105406
538970947 1.268298 -28.166418 1.195148 -1.276995 0.120201 9.722408 1.836663 -0.012257 0.130598
558929443 3.112374 -29.628576 1.740315 -1.276995 0.120201 9.722408 1.719980 -0.012257 0.130598
578887939 4.852425 -31.191830 1.842912 -1.505713 0.050359 9.690236 1.615027 -0.005135 0.154152
598846435 5.841789 -33.039425 1.069032 -1.735726 0.023981 9.651792 1.499755 -0.002445 0.177933
618804931 6.873736 -34.767483 0.737921 -1.882118 0.061385 9.624150 1.386257 -0.006260 0.193125
638763427 8.433531 -36.129288 0.904801 -1.957500 0.141941 9.608248 1.242299 -0.014474 0.200981
658721924 10.703809 -37.188465 1.266399 -2.061955 0.326769 9.581856 1.084564 -0.033327 0.211961
678680420 13.034061 -37.053707 1.780077 -2.077697 0.398387 9.575743 0.913008 -0.040635 0.213663
698638916 14.889746 -35.983921 2.303952 -2.077697 0.398387 9.575743 0.749017 -0.040635 0.213663
718597412 17.903786 -33.239807 3.353271 -2.001898 0.478515 9.588212 0.578526 -0.048814 0.205831
738586426 20.551439 -27.783112 4.474574 -1.824053 0.574740 9.618362 0.403865 -0.058641 0.187417
758544922 20.949072 -21.698336 3.762511 -1.647202 0.682884 9.643173 0.217129 -0.069691 0.169182
778503418 18.096378 -18.434631 0.911524 -1.542934 0.766434 9.654135 0.030218 -0.078234 0.158481
798461914 15.026449 -16.416449 0.388945 -1.493883 0.745719 9.663468 -0.106753 -0.076116 0.153377
818420410 12.399492 -14.390019 2.149731 -1.452222 0.614360 9.679049 -0.220869 -0.062688 0.148927
838378906 10.342304 -13.145535 3.061042 -1.382062 0.478473 9.696977 -0.330113 -0.048810 0.141572
858337402 9.355077 -12.297731 2.895318 -1.198362 0.381791 9.725665 -0.486956 -0.038942 0.122599
878295898 8.781938 -11.358765 1.547876 -1.198362 0.381791 9.725665 -0.543515 -0.038942 0.122599
898254394 8.213411 -9.967683 0.762772 -1.146828 0.371712 9.732266 -0.650444 -0.037913 0.117297
918243408 7.765835 -8.403543 0.155982 -1.085800 0.359717 9.739715 -0.731759 -0.036689 0.111023
938201904 7.244390 -7.704132 0.743790 -0.968319 0.342274 9.752722 -0.826074 -0.034909 0.098963
958160400 6.996119 -7.068790 1.425713 -0.612508 0.309639 9.782604 -0.943097 -0.031580 0.062530
978118896 7.138525 -5.455916 1.770912 -0.612508 0.309639 9.782604 -0.992942 -0.031580 0.062530
998077392 7.093800 -3.971834 1.394609 -0.471150 0.310267 9.790410 -1.036464 -0.031644 0.048087
1018035888 6.649291 -3.468052 0.835162 -0.411487 0.305622 9.793245 -1.129241 -0.031170 0.041993
1037994385 6.802883 -2.976377 0.678369 -0.373691 0.299737 9.794942 -1.198818 -0.030569 0.038133
1057952881 7.144936 -1.771676 0.469727 -0.321041 0.301226 9.796763 -1.251798 -0.030721 0.032758
1077911377 7.014226 -0.707810 0.085904 -0.246099 0.317613 9.798415 -1.304622 -0.032393 0.025111
1097869873 6.448186 -0.068407 0.042519 -0.186919 0.321591 9.799593 -1.329889 -0.032799 0.019072
1117858886 5.204937 -0.266395 -0.152762 -0.190733 0.294982 9.800357 -1.397738 -0.030084 0.019459
1137817383 3.708751 -0.910290 -0.357077 -0.235822 0.243748 9.800783 -1.381636 -0.024858 0.024057
1157775879 3.108754 -1.000225 -0.204155 -0.252926 0.188282 9.801579 -1.406064 -0.019201 0.025799
1177734375 3.440534 -0.400893 -0.433442 -0.203359 0.153551 9.803339 -1.429271 -0.015659 0.020741
1197692871 3.735554 0.056181 -0.365586 -0.113266 0.123905 9.805213 -1.460561 -0.012635 0.011551
1217651367 3.552982 0.166672 0.326775 -0.034333 0.073559 9.806314 -1.463989 -0.007501 0.003501
1237609863 2.718973 -0.374359 0.615929 0.004832 0.010561 9.806643 -1.475541 -0.001077 -0.000493
1257568359 2.174287 -0.600538 1.104036 0.033341 -0.113510 9.805936 -1.518059 0.011575 -0.003400
1277526855 2.058974 -0.426782 1.422930 0.057747 -0.143667 9.805429 -1.539511 0.014650 -0.005889
1297515869 2.328148 -0.132568 1.263666 0.080719 -0.160122 9.805011 -1.513226 0.016329 -0.008232
1317474365 2.325639 0.113441 1.062241 0.080719 -0.160122 9.805011 -1.500268 0.016329 -0.008232
1337432861 2.040352 0.112523 0.919092 0.097595 -0.171443 9.804666 -1.498573 0.017483 -0.009954
1357391357 1.157967 -0.259445 1.262684 0.114738 -0.184837 9.804236 -1.494494 0.018849 -0.011702
1377349853 0.443563 -0.513805 1.347620 0.149567 -0.186254 9.803741 -1.513451 0.018994 -0.015255
1397308349 0.521219 -0.272316 1.266072 0.212719 -0.166358 9.802932 -1.507935 0.016965 -0.021696
1417266845 0.754019 0.029917 1.237603 0.292994 -0.129989 9.801411 -1.509306 0.013256 -0.029884
1437225342 0.617841 -0.087437 1.066009 0.361670 -0.087380 9.799589 -1.523872 0.008910 -0.036890
1457183838 0.548373 -0.153883 1.066549 0.406647 -0.046616 9.798104 -1.543323 0.004754 -0.041479
1477142334 0.667590 -0.304753 0.728446 0.437539 0.005440 9.796884 -1.534760 -0.000555 -0.044631
1497131347 0.933809 -0.401405 0.411594 0.452208 0.065228 9.796001 -1.536286 -0.006651 -0.046130
