0 -0.312455 0.440908 -0.471510 -0.260886 0.499846 9.790427 2.831795 -0.050992 0.026641
19958496 -0.208933 0.570133 -0.818858 -0.248287 0.508222 9.790324 2.844057 -0.051847 0.025355
39916992 -0.554801 0.700106 0.160044 -0.179363 0.503687 9.792064 2.841066 -0.051384 0.018315
59906005 -1.218308 0.456366 0.519926 -0.135041 0.483753 9.793780 2.843280 -0.049349 0.013788
79864501 -1.672903 0.250129 0.430695 -0.146690 0.454346 9.795021 2.841305 -0.046347 0.014975
99822998 -1.545672 0.288766 0.318351 -0.170939 0.430588 9.795702 2.825839 -0.043922 0.017449
119781494 -1.788936 0.319942 0.411701 -0.126598 0.432438 9.796293 2.830550 -0.044111 0.012922
139739990 -2.344275 0.326508 0.424039 -0.126598 0.432438 9.796293 2.808966 -0.044111 0.012922
159698486 -3.078578 0.337310 0.236418 -0.102711 0.444934 9.796013 2.812570 -0.045386 0.010485
179656982 -3.723206 0.229383 0.217010 -0.096231 0.458023 9.795476 2.799613 -0.046722 0.009824
199615478 -4.262622 0.130617 -0.020827 -0.098030 0.479710 9.794420 2.788648 -0.048936 0.010008
219573974 -4.903339 0.063112 -0.099359 -0.028740 0.564670 9.790338 2.784409 -0.057612 0.002936
239562988 -5.672417 0.059753 0.004314 -0.028740 0.564670 9.790338 2.745613 -0.057612 0.002936
259521484 -6.356122 -0.556922 0.049311 0.017327 0.615976 9.787270 2.737783 -0.062853 -0.001770
279479980 -6.883831 -0.831373 0.561498 0.030665 0.643708 9.785452 2.702066 -0.065687 -0.003134
299438476 -6.647639 -0.900491 1.473974 0.092310 0.732905 9.778790 2.669732 -0.074805 -0.009440
319396972 -6.076012 -1.172310 2.041900 0.119128 0.821983 9.771415 2.634036 -0.083917 -0.012191
339355468 -6.442414 -2.262764 2.123761 0.119128 0.821983 9.771415 2.603195 -0.083917 -0.012191
359313964 -7.583209 -3.785288 1.940264 0.107160 0.929841 9.761880 2.594064 -0.094960 -0.010977
379272460 -8.193253 -5.555347 2.058454 0.055688 1.038797 9.751316 2.552579 -0.106127 -0.005711
399230957 -8.169415 -8.089871 2.010579 -0.223775 1.199405 9.730454 2.504814 -0.122612 0.022993
419219970 -8.437929 -11.098633 1.577561 -0.223775 1.199405 9.730454 2.521375 -0.122612 0.022993
439178466 -9.644296 -14.841167 2.225492 -0.700138 1.188584 9.709144 2.471270 -0.121501 0.071987
459136962 -10.311753 -18.725420 3.314459 -1.016517 1.135824 9.687466 2.423104 -0.116082 0.104549
479095458 -9.236537 -22.385633 3.053726 -1.016517 1.135824 9.687466 2.430647 -0.116082 0.104549
499053955 -7.232379 -25.706438 2.284573 -1.638723 1.019921 9.614819 2.336529 -0.104191 0.168815
519012451 -4.451857 -28.983210 1.772382 -1.638723 1.019921 9.614819 2.291422 -0.104191 0.168815
538970947 -1.619713 -31.739017 2.782739 -1.861070 0.931241 9.583299 2.199658 -0.095103 0.191812
558929443 1.329936 -33.991997 4.189198 -2.091278 0.786161 9.548764 2.090886 -0.080252 0.215606
578887939 4.572252 -35.993095 5.573016 -2.370281 0.612207 9.496176 1.984688 -0.062468 0.244606
598846435 8.410429 -37.591282 6.176348 -2.648548 0.487693 9.429620 1.845376 -0.049751 0.273820
618835449 12.823983 -38.015049 6.296631 -2.990293 0.521912 9.325028 1.688362 -0.053245 0.310314
638793945 14.798916 -38.265106 5.907142 -2.990293 0.521912 9.325028 1.556759 -0.053245 0.310314
658752441 13.021560 -39.580582 5.895049 -2.868236 0.726934 9.349608 1.383459 -0.074195 0.297662
678710937 11.425667 -40.056091 6.547393 -2.868236 0.726934 9.349608 1.251964 -0.074195 0.297662
698669433 12.557054 -40.136772 7.662481 -2.688998 0.904008 9.387355 1.060399 -0.092314 0.278979
718627929 15.861710 -40.208866 8.081696 -2.688998 0.904008 9.387355 0.874440 -0.092314 0.278979
738586425 17.452015 -40.288761 7.865686 -2.638705 0.976122 9.394403 0.666848 -0.099702 0.273825
758544921 17.568214 -40.374958 7.167781 -2.556022 1.056515 9.408555 0.459730 -0.107944 0.265268
778503417 19.228367 -40.467426 7.632788 -2.365080 1.143740 9.448209 0.224338 -0.116895 0.245280
798461914 20.006687 -34.788155 6.479673 -2.065615 1.237281 9.506458 -0.002053 -0.126505 0.213960
818450927 18.659405 -29.197546 5.292505 -1.530373 1.337811 9.593676 -0.299199 -0.136845 0.158186
838409423 17.469580 -25.152393 4.498971 -1.530373 1.337811 9.593676 -0.427519 -0.136845 0.158186
858367919 16.590708 -21.024035 3.589486 -1.299395 1.330343 9.628716 -0.647611 -0.136077 0.134140
878326416 15.429876 -18.047482 2.679162 -0.874393 1.237181 9.688922 -0.850935 -0.126494 0.090003
898284912 15.798429 -14.611260 3.999436 -0.744423 1.156977 9.709667 -0.985410 -0.118254 0.076519
918243408 14.893462 -11.162819 3.914635 -0.734349 1.112248 9.715659 -1.110147 -0.113662 0.075441
938201904 11.849284 -9.565944 1.845524 -0.734349 1.112248 9.715659 -1.198321 -0.113662 0.075441
958160400 9.182366 -8.758082 0.831834 -0.850666 1.052591 9.712816 -1.266526 -0.107542 0.087359
978118896 7.100961 -8.877197 0.659652 -1.004711 0.968256 9.706876 -1.342499 -0.098896 0.103138
998107910 6.352561 -7.905224 0.382919 -1.112267 0.896218 9.702064 -1.409345 -0.091517 0.114144
1018066406 7.184265 -5.711393 1.208020 -1.028458 0.857686 9.714784 -1.508119 -0.087571 0.105472
1038024902 7.516437 -3.849642 0.272580 -1.028458 0.857686 9.714784 -1.553859 -0.087571 0.105472
1057983398 7.905633 -2.394271 -0.104678 -0.881834 0.902161 9.725167 -1.631930 -0.092125 0.090428
1077941894 7.771550 -1.440327 -0.321895 -0.763552 0.917325 9.733749 -1.665549 -0.093678 0.078284
1097900390 6.642190 -1.064078 -0.282976 -0.702502 0.794225 9.749159 -1.731856 -0.081077 0.071933
1117858886 5.504694 -1.000020 0.536792 -0.661361 0.725078 9.757421 -1.749849 -0.074005 0.067677
1137817382 4.807170 -0.676453 0.519417 -0.661361 0.725078 9.757421 -1.733478 -0.074005 0.067677
1157775878 4.296283 -0.558892 0.317082 -0.573054 0.618671 9.770325 -1.796656 -0.063129 0.058585
1177734375 3.747890 -0.566249 0.411698 -0.573054 0.618671 9.770325 -1.803946 -0.063129 0.058585
1197723388 3.169618 -0.660493 0.629960 -0.551251 0.553917 9.775464 -1.791774 -0.056514 0.056332
1217681884 2.629092 -0.651124 0.866687 -0.528232 0.489800 9.780157 -1.818291 -0.049966 0.053958
1237640380 2.468807 -0.460864 0.764747 -0.499788 0.436987 9.784152 -1.782328 -0.044575 0.051037
1257598876 2.450756 -0.021409 0.401569 -0.459986 0.343123 9.789845 -1.826043 -0.034996 0.046952
1277557373 2.447746 0.308589 0.178344 -0.459986 0.343123 9.789845 -1.802737 -0.034996 0.046952
1297515869 2.236779 0.558958 0.056030 -0.437751 0.295506 9.792417 -1.822457 -0.030138 0.044673
1317474365 1.944818 0.652338 0.334923 -0.379938 0.190888 9.797428 -1.838669 -0.019466 0.038760
1337432861 1.351125 0.491562 0.532258 -0.379938 0.190888 9.797428 -1.798141 -0.019466 0.038760
1357391357 0.957946 0.460690 0.424574 -0.365525 0.145615 9.798754 -1.798892 -0.014849 0.037286
1377380371 0.806080 0.393839 0.060708 -0.369712 0.104552 9.799121 -1.772096 -0.010662 0.037711
1397338867 0.823999 0.513172 0.141357 -0.385458 0.056377 9.798910 -1.771362 -0.005749 0.039317
1417297363 0.857350 0.497278 0.411149 -0.350390 -0.023274 9.800362 -1.798205 0.002373 0.035738
1437255859 0.715855 0.397503 0.427032 -0.309316 -0.052811 9.801628 -1.774852 0.005385 0.031547
1457214355 0.571007 0.293231 0.633943 -0.279248 -0.082638 9.802325 -1.741900 0.008427 0.028480
1477172851 0.467769 0.070475 0.792482 -0.279248 -0.082638 9.802325 -1.730299 0.008427 0.028480
1497131347 0.400894 -0.187843 0.917193 -0.247752 -0.128242 9.802681 -1.735451 0.013077 0.025268
