0 0.361894 -0.112709 -0.210156 0.534580 0.661476 9.769702 -1.185206 -0.067503 -0.054664
19958496 0.219578 -0.176119 -0.467120 0.554023 0.638880 9.770122 -1.178815 -0.065194 -0.056645
39916992 -0.048594 -0.010857 -0.332494 0.554023 0.638880 9.770122 -1.185639 -0.065194 -0.056645
59875488 0.035693 0.056301 -0.174991 0.563764 0.612466 9.771256 -1.164418 -0.062495 -0.057632
79833984 -0.026320 0.216939 -0.137347 0.565732 0.588329 9.772625 -1.168545 -0.060029 -0.057825
99792480 0.017876 0.154740 -0.691623 0.555893 0.576104 9.773918 -1.180730 -0.058780 -0.056814
119750976 0.336072 0.176084 -0.662544 0.528908 0.511626 9.779002 -1.172925 -0.052195 -0.054033
139709472 0.473175 0.181883 -0.357341 0.516314 0.467347 9.781891 -1.167083 -0.047674 -0.052734
159667968 0.740406 0.158150 -0.182187 0.516314 0.467347 9.781891 -1.158435 -0.047674 -0.052734
179626464 0.716761 0.167171 -0.289032 0.498017 0.428623 9.784613 -1.166113 -0.043721 -0.050854
199615478 0.797072 0.115700 -0.075886 0.478498 0.385869 9.787366 -1.164423 -0.039358 -0.048850
219573974 0.752729 0.138714 0.126918 0.460339 0.341307 9.789892 -1.159531 -0.034811 -0.046987
239532470 0.803085 0.244013 0.052424 0.437472 0.303676 9.792180 -1.158519 -0.030971 -0.044646
259490966 0.966617 0.438447 0.240639 0.406054 0.274802 9.794386 -1.166495 -0.028026 -0.041434
279449462 1.474947 0.509345 0.041671 0.366727 0.262215 9.796283 -1.134009 -0.026742 -0.037418
299407959 1.786581 0.533247 -0.566164 0.298514 0.267950 9.798442 -1.168196 -0.027327 -0.030456
319366455 2.012361 0.379859 -0.703702 0.216299 0.263241 9.800730 -1.158222 -0.026846 -0.022066
339324951 3.176305 0.244612 0.260518 0.167447 0.220120 9.802749 -1.170076 -0.022448 -0.017080
359283447 4.200058 0.007461 1.292133 0.110131 0.141773 9.805007 -1.160138 -0.014457 -0.011232
379272460 4.542109 -0.420946 1.080350 0.110131 0.141773 9.805007 -1.148882 -0.014457 -0.011232
399230957 5.012118 -0.846632 0.818179 0.045416 0.148764 9.805417 -1.152646 -0.015170 -0.004632
419189453 6.263644 -1.725903 1.063664 -0.125436 0.194429 9.803920 -1.146461 -0.019828 0.012794
439147949 8.124703 -2.690379 1.022150 -0.125436 0.194429 9.803920 -1.172162 -0.019828 0.012794
459106445 9.086655 -3.665257 0.931918 -0.162195 0.210780 9.803043 -1.151803 -0.021495 0.016544
479064941 9.067627 -4.770953 1.232528 -0.108834 0.184189 9.804317 -1.156033 -0.018783 0.011100
499023437 8.652241 -5.907471 1.798739 -0.108834 0.184189 9.804317 -1.117704 -0.018783 0.011100
518981933 7.976532 -7.274240 1.975984 -0.090768 0.171315 9.804733 -1.099277 -0.017470 0.009257
538940429 8.145718 -8.698764 2.271506 -0.046991 0.158854 9.805250 -1.090206 -0.016199 0.004792
558929443 8.022620 -10.113882 2.690016 0.018514 0.146681 9.805535 -1.048428 -0.014958 -0.001888
578887939 7.206904 -11.336128 2.626476 0.195477 0.169148 9.803243 -1.026292 -0.017249 -0.019937
598846435 5.855627 -12.548573 1.874256 0.195477 0.169148 9.803243 -0.952188 -0.017249 -0.019937
618804931 4.642254 -13.779127 1.775963 0.325074 0.184273 9.799528 -0.904190 -0.018792 -0.033160
638763427 3.454517 -15.073672 2.074463 0.464965 0.193591 9.793709 -0.839559 -0.019742 -0.047440
658721923 2.707649 -16.289879 1.804191 0.569538 0.223648 9.787543 -0.794043 -0.022808 -0.058125
678680419 1.834394 -17.381384 1.095998 0.630862 0.275801 9.782450 -0.718901 -0.028128 -0.064400
698638916 1.050498 -18.275129 1.064176 0.732349 0.313533 9.774239 -0.626702 -0.031977 -0.074787
718597412 -0.280355 -19.103064 1.182825 0.887785 0.330811 9.760778 -0.559629 -0.033740 -0.090705
738586425 -1.281080 -20.264547 1.043118 1.029990 0.358845 9.745806 -0.453211 -0.036600 -0.105295
758544921 -3.158446 -20.988148 0.784719 1.134606 0.399565 9.732594 -0.326449 -0.040756 -0.116054
778503418 -5.090253 -21.748623 1.066883 1.254254 0.428808 9.716653 -0.197010 -0.043740 -0.128373
798461914 -5.716285 -22.173067 1.686701 1.356786 0.451890 9.701820 -0.069825 -0.046096 -0.138947
818420410 -4.823913 -23.237810 2.706915 1.408195 0.497886 9.692238 0.079542 -0.050792 -0.144281
838378906 -2.833364 -24.739752 3.350222 1.183451 0.835540 9.699057 0.240548 -0.085305 -0.121417
858337402 -2.588177 -26.104755 1.448215 1.183451 0.835540 9.699057 0.369270 -0.085305 -0.121417
878295898 -5.115604 -27.209469 -0.593606 1.107411 1.065271 9.685516 0.553101 -0.108842 -0.113842
898254394 -7.535209 -26.980854 1.591491 1.261925 1.142753 9.657745 0.758392 -0.116794 -0.129928
918212890 -9.981149 -24.758884 3.997339 1.527981 1.213004 9.610634 0.933007 -0.124010 -0.157669
938201904 -12.401683 -21.574356 2.144316 1.527981 1.213004 9.610634 1.150597 -0.124010 -0.157669
958160400 -13.794975 -18.429081 1.617578 1.146032 1.403989 9.637729 1.357088 -0.143661 -0.118355
978118896 -14.115236 -15.507569 2.506712 1.146032 1.403989 9.637729 1.503809 -0.143661 -0.118355
998077392 -14.205956 -13.697638 1.578940 0.992671 1.461998 9.646116 1.618890 -0.149640 -0.102548
1018035888 -13.880443 -12.372163 1.378706 0.930943 1.477975 9.649837 1.736064 -0.151288 -0.096175
1037994384 -14.121883 -10.003302 1.903081 1.050021 1.381528 9.651902 1.919482 -0.141347 -0.108363
1057952880 -12.988874 -7.673061 1.452610 1.050021 1.381528 9.651902 1.919482 -0.141347 -0.108363
1077911377 -11.550585 -5.973562 0.364524 1.090255 1.337555 9.653636 1.988270 -0.136819 -0.112461
1097869873 -10.020646 -4.885918 -0.428399 1.090255 1.337555 9.653636 2.047550 -0.136819 -0.112461
1117858886 -8.197539 -4.048577 -1.229559 0.982845 1.323859 9.667048 2.115205 -0.135409 -0.101321
1137817382 -7.356497 -3.257580 -1.096038 0.864603 1.268209 9.685789 2.156538 -0.129684 -0.089029
1157775878 -7.007141 -2.509919 -0.167027 0.785040 1.157419 9.706414 2.189455 -0.118300 -0.080703
1177734375 -6.355538 -1.640300 1.188159 0.751769 1.007309 9.725767 2.225501 -0.102898 -0.077143
1197692871 -6.092619 -0.981279 1.345898 0.693115 0.883127 9.742181 2.284746 -0.090176 -0.071026
1217651367 -5.707437 -0.384852 1.003574 0.567514 0.802308 9.757285 2.313490 -0.081904 -0.058098
1237609863 -5.355252 0.036680 0.680810 0.381494 0.750982 9.770409 2.328183 -0.076654 -0.039026
1257568359 -4.729259 0.093364 0.381142 0.195118 0.707117 9.779177 2.357541 -0.072168 -0.019950
1277526855 -3.737434 0.279090 0.865595 0.080435 0.644966 9.785088 2.367392 -0.065816 -0.008220
1297515869 -3.525329 0.583362 1.239458 0.031477 0.578113 9.789544 2.390503 -0.058985 -0.003215
1317474365 -3.640170 0.496886 1.221717 0.020376 0.526855 9.792467 2.386521 -0.053750 -0.002081
1337432861 -3.171840 0.364199 0.851775 0.025100 0.488226 9.794457 2.387023 -0.049806 -0.002563
1357391357 -2.363305 0.363277 0.846186 0.016387 0.452858 9.796174 2.387125 -0.046195 -0.001673
1377349853 -2.119231 0.334088 1.127299 -0.016636 0.424672 9.797437 2.403887 -0.043318 0.001698
1397308349 -1.472134 -0.082636 1.303499 -0.064653 0.410438 9.797844 2.405312 -0.041865 0.006599
1417266845 -1.418682 0.041395 0.697338 -0.113393 0.419920 9.797000 2.412569 -0.042833 0.011574
1437225341 -1.364011 -0.005466 0.193295 -0.123760 0.434658 9.796231 2.392981 -0.044337 0.012633
1457183837 -0.524950 -0.276983 -0.079648 -0.087265 0.438399 9.796457 2.374043 -0.044719 0.008908
1477172851 -0.338240 -0.112258 0.192775 -0.064318 0.432183 9.796910 2.377537 -0.044085 0.006565
1497131347 -0.337046 -0.170903 -0.236029 -0.078707 0.439829 9.796466 2.368147 -0.044865 0.008034
