0 -0.445512 0.358171 -0.199921 0.289648 0.025050 9.802340 2.440936 -0.002554 -0.029540
19958496 -0.101734 0.870104 -0.298348 0.313904 0.035075 9.801562 2.439429 -0.003577 -0.032015
39916992 -0.672581 1.152685 -0.129508 0.313904 0.035075 9.801562 2.427861 -0.003577 -0.032015
59906006 -1.173939 1.364049 -0.181641 0.329384 0.030199 9.801070 2.429192 -0.003079 -0.033594
79864502 -1.418617 1.544126 -0.143092 0.313566 0.010269 9.801630 2.415923 -0.001047 -0.031980
99822998 -2.140293 1.588958 0.211290 0.289999 -0.021529 9.802338 2.416200 0.002195 -0.029576
119781494 -2.780729 1.595952 0.422342 0.312669 -0.032891 9.801609 2.396962 0.003354 -0.031889
139739990 -3.314359 1.385745 0.576054 0.369126 -0.020672 9.799679 2.380026 0.002108 -0.037649
159698486 -4.016083 0.984735 1.202241 0.513043 0.030525 9.793174 2.394396 -0.003113 -0.052340
179656982 -4.687284 0.899667 1.119421 0.513043 0.030525 9.793174 2.372044 -0.003113 -0.052340
199615479 -5.260468 0.885326 0.839060 0.561698 0.067832 9.790316 2.360083 -0.006917 -0.057310
219573975 -5.862144 0.411370 0.545546 0.560122 0.087009 9.790255 2.339912 -0.008873 -0.057150
239562988 -6.449954 -0.078265 1.343465 0.553594 0.086911 9.790627 2.311696 -0.008863 -0.056483
259521484 -7.232738 -0.961481 2.244743 0.664287 0.162116 9.782783 2.292495 -0.016532 -0.067800
279479981 -8.846693 -1.925697 2.566293 0.664287 0.162116 9.782783 2.271565 -0.016532 -0.067800
299438477 -10.231234 -3.306850 2.584603 0.711846 0.249992 9.777585 2.242148 -0.025495 -0.072676
319396973 -10.819525 -5.487948 2.363430 0.634166 0.392822 9.778236 2.193386 -0.040067 -0.064764
339355469 -11.697914 -7.358331 2.943888 0.634166 0.392822 9.778236 2.167129 -0.040067 -0.064764
359313965 -12.582436 -9.518325 3.219847 0.540043 0.438359 9.781953 2.132337 -0.044715 -0.055152
379272461 -12.685841 -12.142436 3.111767 0.447405 0.514733 9.782907 2.091808 -0.052512 -0.045701
399230957 -12.576385 -15.042672 3.502376 0.287605 0.576307 9.785476 2.032853 -0.058801 -0.029383
419189453 -13.265254 -18.415606 3.054468 0.068739 0.640809 9.785450 1.987236 -0.065391 -0.007025
439178467 -12.721333 -21.640089 1.481156 -0.212856 0.708729 9.778689 1.919943 -0.072333 0.021764
459136963 -10.672664 -23.794432 1.684796 -0.520245 0.734270 9.765274 1.848439 -0.074945 0.053225
479095459 -9.184336 -26.267473 1.848601 -0.800069 0.743141 9.745667 1.742141 -0.075852 0.081911
499053955 -7.810022 -29.823345 1.202346 -1.079601 0.754626 9.717788 1.656858 -0.077027 0.110642
519012451 -5.285112 -32.993736 1.872980 -1.388957 0.729005 9.680379 1.559880 -0.074406 0.142509
538970947 -2.505880 -35.677944 2.604087 -1.713697 0.681836 9.631652 1.449345 -0.069584 0.176081
558929443 -0.227144 -39.307281 1.537410 -2.071922 0.632055 9.564414 1.324864 -0.064496 0.213332
578887940 3.010590 -39.724266 1.370095 -2.396137 0.565519 9.492581 1.195031 -0.057699 0.247257
598846436 8.572454 -39.756443 6.154936 -2.470605 0.494998 9.477420 1.069112 -0.050497 0.255008
618835449 14.558109 -39.924175 9.866271 -2.247602 0.526616 9.531072 0.935267 -0.053726 0.231587
638793945 19.176386 -40.172848 9.380854 -1.930208 0.692101 9.589874 0.781209 -0.070633 0.198622
658752441 22.070278 -35.049839 5.660066 -1.698358 0.938106 9.612801 0.612372 -0.095807 0.174872
678710938 23.306263 -28.677202 2.353170 -1.573996 1.182409 9.607020 0.414900 -0.120866 0.162395
698669434 22.565767 -22.187178 0.710350 -1.483662 1.353308 9.598838 0.378378 -0.138441 0.153353
718627930 20.122410 -18.726734 0.255408 -1.394300 1.437022 9.600067 0.103814 -0.147065 0.144230
738586426 18.746948 -16.097122 1.635005 -1.305721 1.408946 9.616670 -0.043044 -0.144171 0.134952
758544922 17.530579 -13.791538 2.673434 -1.259411 1.216871 9.649015 -0.144770 -0.124407 0.129789
778503418 15.736573 -12.255599 2.735373 -1.259411 1.216871 9.649015 -0.265534 -0.124407 0.129789
798461914 13.647036 -11.075817 2.240088 -1.347062 1.058584 9.655838 -0.364847 -0.108156 0.138613
818450928 12.498121 -9.023209 1.863817 -1.347062 1.058584 9.655838 -0.448828 -0.108156 0.138613
838409424 11.443313 -6.953011 1.223666 -1.357619 1.022193 9.658281 -0.518131 -0.104424 0.139650
858367920 9.520844 -5.650851 0.511914 -1.239972 1.041420 9.672036 -0.616940 -0.106396 0.127506
878326416 8.545776 -4.458103 -0.336295 -1.239972 1.041420 9.672036 -0.659286 -0.106396 0.127506
898284912 7.947646 -3.568947 -0.526890 -1.093381 1.070899 9.686490 -0.712121 -0.109419 0.112401
918243408 7.669198 -2.613795 0.328578 -0.920955 1.078154 9.703598 -0.776054 -0.110164 0.094625
938201904 7.614715 -1.045511 0.459379 -0.765972 1.071368 9.717811 -0.832299 -0.109468 0.078659
958160400 6.895651 -0.206133 -0.172116 -0.667636 1.054482 9.726907 -0.880330 -0.107736 0.068531
978118897 5.646606 -0.120800 -0.411894 -0.633229 1.005104 9.734433 -0.899456 -0.102672 0.064959
998107910 4.274717 -0.351202 0.262995 -0.629385 0.914549 9.743607 -0.923448 -0.093394 0.064505
1018066406 3.574467 -0.320440 1.153875 -0.597975 0.823306 9.753716 -0.952461 -0.084053 0.061231
1038024902 3.880185 0.215957 1.528701 -0.509577 0.767720 9.763264 -0.985494 -0.078366 0.052146
1057983399 4.372967 0.640408 1.127364 -0.402264 0.752587 9.769452 -0.990713 -0.076818 0.041152
1077941895 3.773927 0.676396 0.905036 -0.387159 0.710507 9.773211 -1.015291 -0.072515 0.039594
1097900391 2.629951 0.281716 0.802547 -0.425390 0.593820 9.779407 -1.046150 -0.060590 0.043471
1117858887 1.998672 0.131259 0.875746 -0.425390 0.593820 9.779407 -1.029993 -0.060590 0.043471
1137817383 2.163822 0.341731 1.063580 -0.353718 0.571509 9.783590 -1.041603 -0.058311 0.036138
1157775879 2.216667 0.397161 1.380716 -0.235482 0.544183 9.788708 -1.062335 -0.055520 0.024052
1177734375 1.771997 0.228966 1.311543 -0.235482 0.544183 9.788708 -1.057032 -0.055520 0.024052
1197723389 1.427375 0.080565 0.995736 -0.255225 0.525199 9.789249 -1.055387 -0.053581 0.026066
1217681885 1.257096 0.040430 0.486053 -0.274477 0.520093 9.789001 -1.080304 -0.053060 0.028032
1237640381 1.228469 0.141637 0.269045 -0.276521 0.521800 9.788854 -1.072190 -0.053234 0.028241
1257598877 0.945666 0.027815 0.353284 -0.237823 0.529497 9.789456 -1.078329 -0.054020 0.024289
1277557373 0.948553 -0.021008 0.461231 -0.237823 0.529497 9.789456 -1.071077 -0.054020 0.024289
1297515869 0.966468 -0.036336 0.526391 -0.248962 0.535965 9.788827 -1.066239 -0.054680 0.025428
1317474365 0.798328 -0.088590 0.415846 -0.248962 0.535965 9.788827 -1.046060 -0.054680 0.025428
1337432861 0.867493 -0.070192 -0.022615 -0.250504 0.593834 9.785448 -1.042830 -0.060591 0.025594
1357391357 1.008083 -0.005941 -0.307077 -0.250504 0.593834 9.785448 -1.062278 -0.060591 0.025594
1377380371 0.914789 -0.135405 -0.309896 -0.242675 0.615933 9.784280 -1.032048 -0.062849 0.024797
1397338867 0.735387 -0.328348 -0.151117 -0.240389 0.621024 9.784014 -1.032526 -0.063369 0.024565
1417297363 0.797168 -0.488472 -0.055136 -0.228574 0.622504 9.784203 -1.020602 -0.063520 0.023357
1437255859 0.909343 -0.576580 -0.112293 -0.208896 0.624649 9.784506 -1.006394 -0.063740 0.021346
1457214356 1.033318 -0.630375 0.160032 -0.181594 0.622906 9.785163 -1.002338 -0.063561 0.018556
1477172852 0.975030 -0.719623 0.121829 -0.181594 0.622906 9.785163 -0.971554 -0.063561 0.018556
1497131348 0.940086 -0.842753 -0.168638 -0.175955 0.630771 9.784761 -0.984013 -0.064365 0.017981
