0 -0.719127 -0.125095 -0.358804 0.111857 0.646980 9.784646 2.836581 -0.066022 -0.011431
19958496 -0.133013 0.279870 -0.390066 0.077859 0.616516 9.786942 2.806708 -0.062909 -0.007955
39916992 -0.104893 0.516928 -0.163558 0.187259 0.611483 9.785775 2.820687 -0.062394 -0.019133
59875488 -0.926540 0.449468 -0.087352 0.187259 0.611483 9.785775 2.791121 -0.062394 -0.019133
79833984 -1.692675 0.369391 -0.050424 0.204545 0.592674 9.786587 2.787342 -0.060473 -0.020898
99792480 -1.967064 0.477223 -0.309832 0.194925 0.567291 9.788288 2.798738 -0.057880 -0.019911
119750976 -1.986512 0.663659 -0.229092 0.167837 0.497869 9.792566 2.790182 -0.050790 -0.017138
139709472 -2.184649 0.678901 -0.286125 0.167837 0.497869 9.792566 2.768864 -0.050790 -0.017138
159667969 -2.921836 0.264940 -0.086119 0.188949 0.468162 9.793646 2.755496 -0.047757 -0.019291
179656982 -4.113620 -0.199828 0.833112 0.203177 0.422207 9.795450 2.741228 -0.043066 -0.020739
199615478 -4.810630 -0.317811 1.793975 0.217012 0.383836 9.796733 2.734002 -0.039150 -0.022148
219573974 -4.808490 0.029017 1.327124 0.258016 0.405831 9.794851 2.706998 -0.041395 -0.026336
239532470 -4.165816 0.655838 0.215156 0.249854 0.480855 9.791667 2.677380 -0.049053 -0.025511
259490967 -4.329047 0.654483 0.039479 0.163764 0.448564 9.795016 2.648076 -0.045757 -0.016718
279449463 -5.016302 0.156847 0.379900 0.163764 0.448564 9.795016 2.626490 -0.045757 -0.016718
299407959 -6.496795 -0.732823 1.539439 0.103779 0.404874 9.797739 2.595107 -0.041297 -0.010592
319366455 -7.648394 -1.508240 2.069176 -0.003483 0.345301 9.800569 2.574441 -0.035218 0.000355
339324951 -8.045789 -2.693390 2.282430 -0.003483 0.345301 9.800569 2.552251 -0.035218 0.000355
359283447 -8.368530 -4.174121 2.501413 -0.113732 0.313779 9.800969 2.510635 -0.032002 0.011604
379272461 -9.406645 -6.024944 2.702464 -0.260022 0.290554 9.798896 2.484735 -0.029633 0.026530
399230957 -10.880290 -9.083927 4.361248 -0.403948 0.287835 9.794099 2.465152 -0.029355 0.041221
419189453 -11.830524 -12.807377 3.341951 -0.556750 0.376940 9.783575 2.441019 -0.038447 0.056845
439147949 -13.023491 -16.626028 0.793361 -0.796322 0.517108 9.760577 2.401650 -0.052755 0.081405
459106445 -13.926380 -20.978432 -0.819267 -1.185129 0.580882 9.717429 2.340907 -0.059268 0.121360
479064941 -14.289803 -25.330463 0.745332 -1.690993 0.480659 9.647793 2.255082 -0.049033 0.173510
499023437 -12.689041 -29.764673 3.678827 -2.211197 0.308406 9.549129 2.182125 -0.031454 0.227550
518981933 -9.464602 -33.883495 3.383349 -2.655615 0.250829 9.436906 2.105592 -0.025580 0.274313
538940429 -4.384600 -37.090778 1.099240 -3.033733 0.350194 9.319024 1.971382 -0.035717 0.314722
558929443 1.734350 -39.453571 1.458177 -3.363182 0.481391 9.199328 1.841361 -0.049108 0.350495
578887939 7.611256 -39.965446 3.749245 -3.616617 0.597419 9.095799 1.697339 -0.060957 0.378448
598846435 11.409119 -40.157425 6.278946 -3.717957 0.730309 9.045100 1.567443 -0.074540 0.389993
618804931 14.451617 -40.402512 7.414137 -3.671579 0.921336 9.046604 1.410288 -0.094089 0.385541
638763428 16.758318 -38.847717 7.978018 -3.499655 1.166035 9.086428 1.276621 -0.119184 0.367641
658721924 16.516747 -36.866516 6.038326 -3.239593 1.455562 9.140939 1.139822 -0.148976 0.340594
678680420 15.637465 -35.165318 4.240053 -2.908721 1.733443 9.203526 0.978761 -0.177696 0.306110
698638916 16.174002 -33.191200 5.451614 -2.547644 1.915901 9.274116 0.793672 -0.196632 0.268092
718597412 17.387871 -28.871529 6.388443 -2.189998 2.016215 9.343938 0.638912 -0.207073 0.230221
738555908 16.768135 -24.799826 4.901777 -1.835474 2.120601 9.397045 0.465384 -0.217963 0.192896
758544922 15.324546 -21.899414 2.850355 -1.518601 2.214742 9.431816 0.294419 -0.227806 0.159638
778503418 14.745130 -19.458805 2.048762 -1.268345 2.230835 9.464939 0.131659 -0.229491 0.133211
798461914 14.471465 -15.718604 3.075003 -1.120791 2.111030 9.510930 -0.036776 -0.216963 0.117301
818420410 13.110250 -13.788503 3.709617 -1.024072 1.923330 9.561509 -0.148356 -0.197405 0.106697
838378906 12.141802 -12.361164 4.497394 -0.882153 1.729052 9.612626 -0.251223 -0.177241 0.091514
858337402 11.219885 -10.912134 4.809766 -0.691291 1.567405 9.655866 -0.362145 -0.160519 0.071471
878295898 10.362946 -9.819077 5.260649 -0.537821 1.436611 9.685933 -0.472493 -0.147023 0.055469
898254394 9.994245 -8.069656 4.255241 -0.508101 1.331409 9.702555 -0.574205 -0.136187 0.052320
918212890 9.165337 -6.804754 2.635271 -0.584642 1.250805 9.708968 -0.670714 -0.127895 0.060144
938201904 8.617599 -5.466643 1.283536 -0.694692 1.186640 9.709772 -0.740637 -0.121301 0.071424
958160400 8.445661 -4.284386 0.411383 -0.745886 1.141102 9.711432 -0.738001 -0.116624 0.076654
978118896 8.433686 -3.310320 0.930686 -0.698361 1.093760 9.720409 -0.827882 -0.111765 0.071722
998077392 8.214627 -1.824226 1.529979 -0.537723 0.988266 9.741898 -0.938160 -0.100946 0.055141
1018035888 7.263824 -1.190451 1.768330 -0.537723 0.988266 9.741898 -0.973893 -0.100946 0.055141
1037994385 5.947642 -1.111742 1.584417 -0.568406 0.923296 9.746529 -0.989753 -0.094290 0.058253
1057952881 4.918619 -1.154324 0.819255 -0.616884 0.877316 9.747829 -1.031105 -0.089581 0.063200
1077911377 4.523125 -0.700260 -0.203819 -0.602792 0.866987 9.749634 -1.053421 -0.088524 0.061749
1097869873 4.750031 -0.034744 -0.065927 -0.508579 0.863245 9.755335 -1.071088 -0.088141 0.052086
1117828369 4.797987 0.390926 0.744670 -0.380459 0.848974 9.762422 -1.085046 -0.086680 0.038952
1137817383 4.050255 0.223204 0.985737 -0.303369 0.820320 9.767570 -1.105518 -0.083747 0.031049
1157775879 3.038369 -0.232028 0.860129 -0.302490 0.776760 9.771159 -1.115910 -0.079291 0.030948
1177734375 2.328898 -0.405861 0.258704 -0.315270 0.743120 9.773371 -1.148633 -0.075850 0.032247
1197692871 2.171965 -0.263644 -0.612197 -0.266342 0.734891 9.775449 -1.135565 -0.075008 0.027239
1217651367 2.184450 0.004355 -0.552485 -0.123142 0.736593 9.778172 -1.133742 -0.075182 0.012593
1237609863 1.711120 -0.119784 -0.094189 0.080884 0.736939 9.778587 -1.142874 -0.075218 -0.008271
1257568359 1.042018 -0.936034 0.586419 0.287166 0.726967 9.775451 -1.150256 -0.074198 -0.029368
1277526855 0.568334 -1.539293 1.393260 0.540133 0.685148 9.767764 -1.156361 -0.069923 -0.055241
1297485351 0.877366 -1.313276 1.556663 0.540133 0.685148 9.767764 -1.178469 -0.069923 -0.055241
1317474365 1.543466 -0.894842 1.208570 0.704353 0.758190 9.751893 -1.172943 -0.077391 -0.072102
1337432861 1.728397 -0.760820 0.676526 0.704353 0.758190 9.751893 -1.225104 -0.077391 -0.072102
1357391357 1.484214 -0.878064 0.243291 0.705913 0.796374 9.748736 -1.215779 -0.081297 -0.072285
1377349853 1.124612 -1.050832 -0.001463 0.639066 0.832587 9.750322 -1.183871 -0.085003 -0.065449
1397308349 1.104355 -0.992511 -0.046759 0.639066 0.832587 9.750322 -1.186746 -0.085003 -0.065449
1417266845 1.195890 -0.951535 0.110062 0.649787 0.850951 9.748028 -1.179215 -0.086882 -0.066560
1437225342 1.224648 -0.767791 0.224521 0.682806 0.872220 9.743890 -1.187962 -0.089059 -0.069961
1457183838 1.263891 -0.946718 0.274429 0.725884 0.899122 9.738329 -1.168145 -0.091814 -0.074401
1477142334 1.169764 -1.101226 0.022562 0.739240 0.924747 9.734924 -1.181602 -0.094438 -0.075791
1497100830 1.076847 -1.280405 -0.208413 0.732797 0.950020 9.732977 -1.168192 -0.097027 -0.075148
