0 -0.417590 0.245338 -0.057353 0.760014 0.079292 9.776834 -1.287814 -0.008086 -0.077580
19958496 -0.907762 0.480166 -0.471146 0.771291 0.070207 9.776020 -1.281478 -0.007159 -0.078733
39916992 -1.376453 0.739400 -0.659349 0.773244 0.060516 9.775930 -1.303473 -0.006171 -0.078932
59875488 -1.771612 1.260990 -0.913287 0.761597 0.022175 9.777006 -1.315177 -0.002261 -0.077740
79833985 -1.817715 1.674575 -1.208681 0.761597 0.022175 9.777006 -1.288081 -0.002261 -0.077740
99792481 -1.598720 1.986115 -1.283407 0.747864 -0.060904 9.777902 -1.301155 0.006210 -0.076337
119781494 -1.044943 1.915017 -0.630280 0.747864 -0.060904 9.777902 -1.280243 0.006210 -0.076337
139739990 -0.586146 1.652792 0.267600 0.721207 -0.095037 9.779633 -1.296270 0.009691 -0.073613
159698487 -0.040435 1.199913 0.112327 0.636174 -0.081849 9.785651 -1.311336 0.008346 -0.064920
179656983 0.881074 0.904975 -0.968774 0.467505 -0.004734 9.795498 -1.330285 0.000483 -0.047690
199615479 2.311528 0.685331 -0.828135 0.426007 -0.019676 9.797373 -1.338727 0.002006 -0.043454
219573975 4.234274 -0.113764 0.460142 0.389885 -0.034546 9.798836 -1.351493 0.003523 -0.039768
239532471 5.913716 -1.106564 0.787495 0.305147 -0.047246 9.801788 -1.376600 0.004818 -0.031122
259490967 7.916402 -2.611279 1.718662 0.198924 -0.046047 9.804523 -1.379199 0.004695 -0.020286
279449463 9.758378 -4.589442 2.389671 0.138362 -0.031161 9.805625 -1.398440 0.003178 -0.014110
299438477 11.576996 -6.733256 1.624629 0.138362 -0.031161 9.805625 -1.396140 0.003178 -0.014110
319396973 13.142085 -8.838391 2.013241 0.172482 -0.065790 9.804912 -1.423969 0.006709 -0.017590
339355469 13.451311 -11.177765 2.925643 0.286913 -0.143419 9.801403 -1.399899 0.014625 -0.029264
359313965 13.912648 -13.359803 4.014472 0.425787 -0.230577 9.794689 -1.367894 0.023514 -0.043444
379282642 13.797347 -15.743369 4.466306 0.564862 -0.273975 9.786534 -1.349906 0.027941 -0.057654
399241138 10.970124 -17.885509 3.889278 0.742652 -0.260073 9.775030 -1.305762 0.026523 -0.075829
419199634 7.255062 -19.855614 3.328017 0.968335 -0.215394 9.756348 -1.240946 0.021966 -0.098928
439158130 4.753848 -21.915976 2.512326 1.204638 -0.156624 9.731120 -1.163769 0.015972 -0.123166
459116626 3.338766 -24.683346 2.494549 1.452429 -0.103536 9.697945 -1.070094 0.010558 -0.148662
479105640 1.536001 -28.378008 3.130497 1.970694 -0.002794 9.606599 -1.005649 0.000285 -0.202333
499064136 1.451234 -33.979122 2.459605 2.223722 0.107835 9.550593 -0.906716 -0.010996 -0.228760
519022632 2.246978 -38.413887 1.238545 2.223722 0.107835 9.550593 -0.774184 -0.010996 -0.228760
538981128 0.084959 -39.618534 1.624110 2.469408 0.234351 9.487755 -0.612281 -0.023899 -0.254624
558939625 -4.040613 -39.877705 4.025933 2.764345 0.634036 9.387586 -0.435340 -0.064699 -0.286374
578898121 -7.621429 -40.296425 6.263314 2.741335 1.042239 9.357842 -0.204544 -0.106480 -0.284972
598856617 -8.644951 -40.834229 5.895689 2.741335 1.042239 9.357842 0.030211 -0.106480 -0.284972
618815113 -11.303591 -41.240768 2.210554 2.407112 1.975177 9.299187 0.347949 -0.202799 -0.253292
638773609 -13.444207 -41.425591 3.594897 2.407112 1.975177 9.299187 0.639928 -0.202799 -0.253292
658732105 -16.024961 -41.481899 7.095537 2.116468 2.166327 9.327271 0.974207 -0.222741 -0.223133
678721119 -21.127443 -41.419540 7.553173 1.248635 2.172526 9.481110 1.357469 -0.223389 -0.130944
698679615 -24.214787 -39.378437 5.920203 0.793945 1.986290 9.570512 1.615896 -0.203956 -0.082768
718638111 -21.140711 -32.081600 4.304398 0.793945 1.986290 9.570512 1.802304 -0.203956 -0.082768
738596607 -17.333326 -28.802114 6.094998 0.342700 1.679921 9.655610 1.988543 -0.172153 -0.035477
758555103 -12.461786 -26.125250 5.053472 -0.038745 1.379320 9.709086 2.140348 -0.141119 0.003991
778513599 -12.302534 -24.251989 0.156216 -0.431715 0.983306 9.747673 2.313002 -0.100438 0.044260
798472095 -16.527515 -20.138186 -1.839233 -0.431715 0.983306 9.747673 2.420507 -0.100438 0.044260
818430591 -20.047289 -12.287218 -2.277114 -0.445001 0.726924 9.769542 2.535008 -0.074194 0.045518
838389087 -17.449734 -5.370997 -0.757533 -0.459470 0.429283 9.786469 2.619181 -0.043789 0.046915
858378101 -12.497819 -2.535684 -0.970772 -0.561813 0.160525 9.789227 2.679294 -0.016370 0.057328
878336597 -7.564775 -2.118378 -0.445564 -0.676986 -0.087980 9.782859 2.724463 0.008972 0.069091
898295093 -4.524240 -2.506377 0.442259 -0.725587 -0.336609 9.773976 2.745183 0.034331 0.074101
918253589 -4.881013 -1.880420 0.954277 -0.739440 -0.560289 9.762668 2.788730 0.057165 0.075597
938212085 -6.177979 -1.124673 1.503323 -0.845761 -0.909127 9.727721 2.804331 0.092838 0.086725
958170582 -5.864926 -0.787196 1.710402 -0.845761 -0.909127 9.727721 2.835075 0.092838 0.086725
978129078 -5.529876 -0.432280 2.107654 -0.894085 -1.038614 9.710422 2.850898 0.106108 0.091816
998087574 -5.169397 0.199903 2.743486 -0.906977 -1.142181 9.697587 2.851394 0.116735 0.093255
1018046070 -3.623679 0.287887 3.338743 -0.868977 -1.211535 9.692649 2.842689 0.123859 0.089414
1038035084 -2.294755 0.420118 2.640000 -0.786092 -1.230048 9.697392 2.843803 0.125761 0.080885
1057993580 -1.230042 0.525137 1.558097 -0.693074 -1.207649 9.707298 2.833152 0.123459 0.071276
1077952076 -0.374086 0.377146 1.016552 -0.599817 -1.168621 9.718279 2.833220 0.119450 0.061642
1097910572 0.158217 0.311986 0.592534 -0.527621 -1.121321 9.728034 2.834867 0.114594 0.054184
1117869068 0.102383 0.191319 -0.143424 -0.476392 -1.061570 9.737376 2.814025 0.108463 0.048885
1137827564 0.628291 0.028275 -0.782952 -0.416733 -1.004140 9.746200 2.828839 0.102574 0.042733
1157786060 0.120744 0.340315 -0.627581 -0.345350 -0.966573 9.752788 2.832106 0.098723 0.035396
1177744556 -0.292960 0.484759 -1.009864 -0.288858 -0.925212 9.758635 2.823767 0.094486 0.029592
1197703052 -0.071465 0.472176 -0.893868 -0.254083 -0.888708 9.762993 2.809166 0.090748 0.026019
1217692066 0.289036 0.273958 -1.072796 -0.222352 -0.857808 9.766530 2.807746 0.087584 0.022763
1237650562 0.161391 0.344438 -0.764084 -0.190755 -0.837526 9.768958 2.813837 0.085508 0.019524
1257609058 0.148366 0.620880 -0.766351 -0.168816 -0.822343 9.770653 2.806061 0.083954 0.017276
1277567554 -0.186814 0.824099 -0.662754 -0.151286 -0.807217 9.772200 2.792444 0.082407 0.015480
1297526050 -0.059072 0.754879 -0.012514 -0.151352 -0.800143 9.772781 2.774830 0.081683 0.015486
1317484546 0.366524 0.425599 -0.399242 -0.173488 -0.779086 9.774115 2.767374 0.079528 0.017748
1337443043 0.105215 0.330676 -0.425577 -0.191894 -0.761436 9.775162 2.743496 0.077723 0.019628
1357401539 -0.075093 0.413677 0.333784 -0.175025 -0.767179 9.775028 2.744791 0.078311 0.017903
1377360035 -0.088621 0.404699 0.217395 -0.162439 -0.763903 9.775503 2.736986 0.077975 0.016615
1397318531 -0.461459 0.229420 0.021499 -0.191643 -0.750221 9.776033 2.720973 0.076576 0.019601
1417307544 -0.260147 -0.008571 -0.028767 -0.268009 -0.733157 9.775533 2.707922 0.074831 0.027409
1437266041 -0.575882 -0.093287 0.278691 -0.367598 -0.720375 9.773245 2.683546 0.073524 0.037595
1457224537 -1.376922 -0.333648 0.302248 -0.457743 -0.702800 9.770719 2.671862 0.071727 0.046814
1477183033 -2.037983 -0.802923 0.561471 -0.517806 -0.682799 9.769138 2.633014 0.069683 0.052955
1497141529 -2.154659 -0.860598 0.174807 -0.550465 -0.649433 9.769628 2.603522 0.066272 0.056285
