0 -1.315213 1.192278 10.526348 -2.940141 -0.111922 0.124301
20006979 -0.855282 0.847329 10.938371 -2.866494 -0.077075 0.078032
40013959 -0.912773 0.995849 10.497602 -2.873488 -0.094228 0.086732
60020938 -1.123575 1.221024 9.937060 -2.910847 -0.121496 0.112591
80027917 -1.291259 1.431826 9.764585 -2.940378 -0.144358 0.131476
100033698 -1.066084 1.465363 9.371727 -2.793313 -0.154126 0.113268
120039479 -0.797790 1.431826 9.271117 -2.736985 -0.152673 0.085840
140045261 -0.869654 1.498899 9.544202 -2.744982 -0.155143 0.090868
160051042 -0.936728 1.542018 9.376518 -2.756626 -0.162203 0.099571
180056823 -0.836118 1.431826 9.242372 -2.745581 -0.153083 0.090220
200062188 -0.678016 1.288097 9.132179 -2.725755 -0.139746 0.074109
220067552 -0.888818 1.494108 9.017197 -2.752649 -0.163426 0.098252
240072917 -1.008592 1.518063 8.935750 -2.779844 -0.167238 0.112396
260078282 -1.353541 1.771984 8.950123 -2.845942 -0.193314 0.150094
280083646 -1.736818 1.848639 8.883050 -2.953705 -0.201470 0.193085
300089011 -1.506852 1.537227 8.739321 -2.963729 -0.171635 0.170743
320094375 -2.024275 1.690538 8.423118 -3.126021 -0.192724 0.235851
340099740 -2.215913 1.575555 9.041151 -3.138404 -0.167666 0.240354
360105104 -1.363123 1.173114 9.769377 -2.917599 -0.118373 0.138635
380110469 -1.554761 1.043758 9.826868 -2.961859 -0.104527 0.156915
400115938 -1.722445 0.947939 10.099953 -2.990904 -0.092257 0.168915
420121407 -1.454151 0.789838 10.176608 -2.943109 -0.076682 0.141931
440126875 -1.387078 0.823374 9.913106 -2.935235 -0.082073 0.139021
460132344 -1.578716 0.991058 9.989760 -2.964171 -0.097679 0.156737
480137813 -1.717654 1.096459 10.099953 -2.985114 -0.106618 0.168454
500143490 -1.875755 1.244979 10.234099 -3.017358 -0.119091 0.181273
520149167 -2.345269 1.575555 10.258055 -3.112595 -0.148625 0.224764
540154844 -2.177586 1.556391 10.138281 -3.080609 -0.148981 0.211574
560160521 -1.823055 1.455781 9.659184 -3.021030 -0.147031 0.186544
580166198 -1.607462 1.537227 9.338191 -2.977297 -0.160830 0.170468
600172136 -1.861382 1.800730 9.204043 -3.040960 -0.189463 0.199544
620178073 -2.881856 2.279825 8.964496 2.910679 -0.237543 0.311040
640184011 -3.279506 2.298989 8.801603 2.777624 -0.240043 0.356668
660189948 -2.786037 1.834266 8.950123 2.964954 -0.193240 0.301777
680195886 -2.340478 1.522854 9.227999 3.112517 -0.158617 0.248390
700202188 -2.541698 1.671374 9.429219 2.944011 -0.169504 0.263298
720208490 -3.135777 1.973204 9.611276 2.812362 -0.192753 0.315371
740214792 -4.280816 2.399599 9.889151 2.594777 -0.219106 0.408526
760221094 -4.208951 2.481045 9.692721 2.577527 -0.230612 0.409670
780227396 -3.437607 1.743238 9.069897 2.728563 -0.177826 0.362284
800234115 -2.445879 1.139578 8.447073 2.924213 -0.128867 0.281845
820240834 -1.870964 0.732346 8.135660 3.048473 -0.087503 0.226041
840247552 -1.660162 0.550290 8.638711 3.120023 -0.062474 0.189862
860254271 -2.105721 0.497589 9.175298 3.055382 -0.052808 0.225592
880260990 -3.001630 0.430516 9.457965 2.914689 -0.043359 0.307311
900268177 -3.509472 0.559872 9.716677 2.769519 -0.054140 0.346600
920275365 -3.725065 0.075985 9.141762 2.740865 -0.007697 0.386936
940282552 -3.595709 -0.455811 7.215796 2.685037 0.056478 0.462295
960289740 -4.458081 1.359962 5.452724 2.284560 -0.190741 0.685374
980296927 -6.431955 2.605610 5.558125 2.098503 -0.297423 0.858149
1000304584 -8.837015 3.386536 5.855165 2.064585 -0.309215 0.985633
1020312240 -8.745987 3.693158 8.082960 2.104307 -0.300708 0.824776
1040319896 -7.960270 3.410491 9.697513 2.201769 -0.265421 0.687330
1060327552 -7.639277 4.023734 8.677038 2.099016 -0.334939 0.721881
1080335209 -7.696768 4.512412 7.570327 2.001500 -0.395907 0.793680
1100343282 -6.384046 4.450129 7.670938 2.843756 -0.419445 0.694092
1120351354 -4.994668 3.741067 8.365626 -3.127637 -0.366608 0.538245
1140359427 -4.046059 3.453610 9.304654 -2.918769 -0.328080 0.410178
1160367500 -4.467663 4.292027 9.937060 -2.916281 -0.375269 0.422518
1180375573 -5.171934 5.499349 10.162235 -2.972193 -0.449378 0.470771
1200384063 -5.660612 6.610851 9.884359 -3.064914 -0.525871 0.520092
1220392552 -5.775594 7.564251 9.069897 3.044020 -0.613054 0.567031
1240401042 -5.239007 7.578624 9.333400 -2.981192 -0.616120 0.511491
1260409532 -5.047369 7.482805 9.093852 -2.950238 -0.623663 0.506697
1280418021 -4.625765 7.420523 8.298553 -2.893968 -0.663078 0.508521
1300426875 -4.237697 7.094738 7.905694 -2.693883 -0.669201 0.492055
1320435729 -3.883166 6.562941 7.848203 -2.677134 -0.643186 0.459466
1340444584 -2.364433 6.217992 8.097333 -2.482914 -0.635209 0.284103
1360453438 -3.974195 6.538986 8.111706 -2.692363 -0.626590 0.455562
1380462292 -4.774284 6.395257 6.990622 -2.923314 -0.646987 0.599195
1400471407 -3.744229 6.289856 8.317717 -2.674624 -0.603682 0.422980
1420480521 -3.269924 5.346038 8.054214 -2.684147 -0.551379 0.385659
1440489636 -1.851801 4.905270 7.000204 -2.513293 -0.595417 0.258611
1460498750 -1.219394 4.723214 5.903074 -2.379583 -0.664651 0.203704
1480507865 -0.826536 4.737586 4.690962 -2.150070 -0.782700 0.174407
1500517188 -1.688908 5.130445 3.632161 3.021517 -0.907901 0.435247
1520526511 -2.206331 5.389157 2.889562 2.680262 -0.977314 0.652118
1540535834 -2.393179 5.302919 2.731461 2.625882 -0.970330 0.719483
1560545157 -2.493789 5.168773 2.573359 2.594449 -0.964588 0.769696
1580554479 -2.388388 5.211891 1.950535 2.376777 -1.036532 0.885971
1600563907 -2.786037 5.489767 1.682241 2.338642 -1.035662 1.027579
1620573334 -3.586127 5.633495 1.543303 2.439990 -0.964772 1.164400
1640582761 -4.692838 5.973653 1.763687 2.541270 -0.872584 1.211302
1660592188 -5.205471 6.323393 1.514558 2.541774 -0.862054 1.287658
1680601615 -5.421063 6.438376 0.450965 2.530555 -0.869270 1.487800
1700611094 -4.755121 6.165292 1.514558 3.123563 -0.890320 1.262445
1720620573 -3.964612 5.604750 3.962737 -2.990971 -0.785333 0.785635
1740630052 -3.600500 6.079054 5.582080 -2.944967 -0.741134 0.572860
1760639532 -5.315662 6.610851 3.052455 -3.075062 -0.823142 1.049535
1780649011 -5.952860 7.755889 1.902625 3.123928 -0.892542 1.261442
1800656407 -5.689357 7.545087 -1.522909 2.900501 -0.908000 1.832342
1820663802 -5.224634 7.008500 -3.784241 2.860231 -0.826784 2.197650
1840671198 -5.785176 7.152229 -3.458456 2.876733 -0.815054 2.109607
1860678594 -5.124024 7.013291 0.034152 2.982594 -0.939806 1.564131
1880685990 -2.948930 6.265902 3.541133 -2.913952 -0.936675 0.694403
1900673959 -4.874895 5.782015 0.599485 3.047782 -0.866613 1.448437
1920661927 -5.421063 6.309021 0.695304 -2.221209 -0.856918 1.443233
1940649896 -5.507301 6.136546 -0.909667 -2.136732 -0.832692 1.734493
1960637865 -5.492928 5.417902 -5.125709 -2.412015 -0.624772 2.321626
1980625834 -4.889267 4.699259 -7.664916 -2.776337 -0.477063 2.573788
2000605261 -5.018623 4.804660 -6.965436 -2.692688 -0.510223 2.517238
2020584688 -6.302600 5.048999 -6.194092 -2.543192 -0.519093 2.347512
2040564115 -5.459391 4.349519 -5.566477 -2.565074 -0.508855 2.365906
2060543542 -3.461562 3.281135 -5.307765 -2.765075 -0.477780 2.563694
2080522969 -4.093968 3.180525 -6.256375 -2.808024 -0.402197 2.562153
2100502396 -5.732476 3.592547 -9.030339 -2.402683 -0.324034 2.575976
2120481823 -5.416273 3.242808 -10.194541 -2.719278 -0.273850 2.653226
2140461250 -5.052160 2.998469 -10.922767 -2.926426 -0.244183 2.708364
2160440677 -5.536047 3.305090 -12.058224 -2.935452 -0.244128 2.711189
2180420104 -6.666712 3.453610 -10.553864 -2.526636 -0.269910 2.578201
2200399532 -9.426304 4.680095 -8.182340 -1.994184 -0.358719 2.285667
2220378959 -11.213331 6.088636 -7.458905 -1.858820 -0.424597 2.157770
2240358386 -10.212021 7.080365 -6.519877 -1.695790 -0.528861 2.139010
2260337813 -8.611841 7.578624 -6.309075 -1.509676 -0.617341 2.203071
2280317240 -8.262100 8.182284 -6.021618 -1.405915 -0.674944 2.200607
2300296667 -8.516022 9.135685 -4.378319 -1.403522 -0.761891 2.045682
2320276094 -9.095728 9.868702 -2.691903 -1.503272 -0.805184 1.858536
2340255521 -7.917152 10.141786 -1.652265 -1.479321 -0.897603 1.776538
2360234948 -6.163662 8.680544 -0.143114 -1.583460 -0.953227 1.594011
2380214375 -7.485966 6.998918 1.926580 -1.896221 -0.735809 1.318904
2400193802 -12.075703 5.772433 3.306376 -1.870793 -0.432006 1.303542
2420173229 -14.868832 4.545948 3.296794 -1.966685 -0.290069 1.352601
2440152657 -13.330935 2.471464 2.688342 -2.041238 -0.179773 1.371803
2460132084 -11.328314 0.396979 2.017608 -2.131222 -0.034487 1.394541
2480111511 -11.639727 -0.201890 0.455756 -2.213657 0.017330 1.531661
2500090938 -11.788246 -0.302501 -1.858276 -2.107711 0.025343 1.727148
2520070365 -11.294777 -0.551630 -3.300354 -2.256536 0.046845 1.855084
2540049792 -11.007320 -0.498930 -3.597394 -2.289665 0.043058 1.886672
2560029219 -10.671953 -0.312082 -3.242863 -2.242605 0.027973 1.865798
2580008646 -10.082664 0.186177 -3.060806 -2.172434 -0.017667 1.865526
2599988073 -10.312632 1.187487 -2.921869 -1.989727 -0.110338 1.846889
2619967500 -10.561760 1.336007 -2.313417 -1.928440 -0.122942 1.786428
2639946927 -9.828745 1.336007 -1.101305 -1.868298 -0.134270 1.682380
2659926354 -7.481175 1.096459 -2.116988 -1.930336 -0.140101 1.846562
2679905782 -7.327865 1.474944 -4.392693 -2.197310 -0.170952 2.110812
2699885209 -8.736406 1.963622 -4.565167 -1.960666 -0.196632 2.052317
2719864636 -10.389286 0.890448 -3.515947 -2.092694 -0.081008 1.897118
2739844063 -10.293467 0.646109 -2.864377 -1.452592 -0.060398 1.842201
2759823490 -8.650169 -0.029416 -4.248964 -1.522149 0.003052 2.027379
2779802917 -7.370983 -0.613913 -3.971088 -1.668974 0.073193 2.064958
2799782344 -8.151909 -1.241528 -2.313417 -1.718826 0.145478 1.847314
2819761771 -8.137537 -1.639178 -2.418818 -1.781252 0.190738 1.859721
2839741198 -6.273854 -2.444058 -5.868307 -2.518904 0.277180 2.322807
2859720625 -3.135777 -3.795108 -9.451943 2.354331 0.364100 2.821259
2879700052 -1.612253 -4.360441 -10.060394 2.182492 0.404380 2.982687
2899679479 -3.044749 -4.312531 -10.505954 2.309090 0.375549 2.859509
2919658907 -4.256861 -4.384396 -9.911875 2.543342 0.386046 2.735941
2939638334 -4.371844 -4.853909 -9.336960 2.667843 0.440021 2.703683
2959617761 -4.098760 -4.992847 -8.757255 2.698993 0.476664 2.703837
2979597188 -3.878376 -4.930565 -7.770317 2.775925 0.516366 2.678644
2999576615 -3.864002 -4.897028 -6.189301 -2.232508 0.591102 2.583494
3019556042 -4.831776 -4.360441 -6.481550 -1.835181 0.494645 2.501000
3039535469 -5.593538 -4.207130 -5.317347 -1.696645 0.499098 2.330887
3059514896 -5.718103 -4.135266 -5.111336 -1.667955 0.494496 2.300224
3079494323 -6.019933 -4.298159 -5.633550 -1.656401 0.480557 2.323051
3099473750 -6.719413 -4.020283 -6.615696 -1.435236 0.403010 2.348417
3119453177 -6.503820 -4.451469 -6.936690 -1.503644 0.437838 2.388390
3139432604 -6.326554 -5.241977 -6.462386 -1.644399 0.525307 2.366815
3159412032 -7.433266 -5.040757 -6.452804 -1.523108 0.473278 2.285704
3179391459 -8.511230 -4.350859 -6.922318 -1.383114 0.377558 2.253604
3199370886 -8.511230 -3.862182 -7.329549 -1.324246 0.331183 2.281735
3219350313 -7.979434 -3.090838 -7.094792 -1.258235 0.281772 2.297576
3239329740 -7.792587 -2.262002 -6.654024 -1.182374 0.217264 2.277545
3259309167 -8.276474 -1.294229 -5.197573 -1.134877 0.131661 2.131546
3279288594 -9.704180 -0.695359 -2.912287 -1.145478 0.068524 1.862351
3299268021 -10.700699 -0.192309 -1.106096 -1.149441 0.017874 1.673797
3319247448 -11.519953 0.176595 -1.029441 -1.142942 -0.015267 1.659921
3339226875 -11.510370 0.928775 -2.452355 -1.105010 -0.078756 1.780714
3359206302 -11.280405 1.470154 -3.142252 -1.073904 -0.124895 1.842468
3379185729 -11.381014 1.724074 -2.792513 -1.076677 -0.146075 1.811409
3399165157 -11.232494 1.254560 -1.939722 -1.310733 -0.109620 1.741798
3419144584 -10.724653 1.048549 -0.900085 -1.345595 -0.097121 1.654527
3439124011 -10.705490 1.058131 -0.401825 -1.356102 -0.098451 1.608313
3459103438 -10.499477 0.765883 0.259327 -1.384456 -0.072794 1.546102
3479082865 -10.164110 0.981476 0.704886 -1.380301 -0.096035 1.501557
3499062292 -9.464632 1.321634 1.227100 -2.338063 -0.137605 1.441864
3519041719 -8.631004 1.518063 1.979280 -2.151558 -0.169784 1.345372
3539021146 -8.012972 0.411352 3.248884 -2.188170 -0.047538 1.185598
3559000573 -7.347028 0.013703 6.727119 -2.050213 -0.001376 0.829416
3578980000 -8.281265 4.062061 9.347773 -1.827479 -0.314473 0.724975
3598959427 -11.730755 7.391777 9.788541 -1.677091 -0.450611 0.875409
3618938854 -14.581373 8.421832 11.364765 -1.690514 -0.427460 0.908741
3638918282 -13.857939 6.840816 11.954053 -1.772013 -0.357706 0.859025
3658897709 -11.069601 4.363892 11.120427 -1.853868 -0.271263 0.783108
3678877136 -8.290848 2.845158 9.611276 -1.891699 -0.220505 0.711773
3698856563 -7.294328 1.106041 7.982350 -2.605362 -0.101932 0.740391
3718835990 -7.864452 -0.134817 6.305515 -2.844715 0.013374 0.894974
3738815417 -8.012972 -0.355201 4.178330 -3.098396 0.039285 1.090140
3758794844 -7.021243 -0.254591 2.041563 2.929400 0.034804 1.287829
3778774271 -5.674984 0.334697 0.518039 2.661645 -0.058666 1.479764
3798753698 -5.018623 0.967103 -0.167068 2.438694 -0.190266 1.604074
3818733125 -5.641448 1.858221 -0.119159 2.309254 -0.318129 1.591915
3838712552 -7.198509 3.075124 0.752795 2.299706 -0.401762 1.466599
3858691979 -8.760361 3.884796 2.726670 2.667852 -0.400528 1.269050
3878671407 -10.542597 2.682266 2.726670 2.752195 -0.241509 1.317709
3898650834 -12.147568 3.448819 2.884771 2.691453 -0.269508 1.337638
3918630261 -13.350098 5.369993 1.643914 2.878106 -0.379841 1.448274
3938609688 -16.013868 7.650488 -0.464108 2.620851 -0.445519 1.599770
3958589115 -17.269100 6.481495 -3.765077 2.532606 -0.351482 1.785461
3978568542 -12.142776 0.411352 -2.691903 2.700222 -0.033061 1.788956
3998547969 -3.681946 -4.010701 4.513697 -2.745212 0.602991 0.684258
4018527396 3.983585 -5.318633 10.464066 -2.318913 0.443464 -0.363751
4038506823 5.578974 -3.704080 10.444901 -2.341639 0.303163 -0.490580
4058486250 0.701780 0.526335 8.480609 -2.388971 -0.061773 -0.082563
4078465677 -4.870103 4.133926 5.481470 -2.335980 -0.513367 0.726406
4098445729 -6.958961 5.714942 5.438352 -2.381785 -0.574318 0.907445
4118425313 -7.490757 6.160501 3.953155 2.317274 -0.628842 1.085206
4138404896 -8.060881 6.515032 3.253675 2.245480 -0.643166 1.187158
4158384479 -8.813061 6.146128 3.416568 2.330702 -0.576541 1.200963
4178364063 -9.431095 6.567732 4.997583 2.428603 -0.551620 1.083512
4198343646 -9.732925 7.008500 7.642192 2.642026 -0.515315 0.905152
4218323438 -9.138845 6.706670 10.075998 2.919977 -0.458052 0.736664
4238303229 -7.672813 6.519823 11.882189 -3.106061 -0.431926 0.573375
4258283021 -7.423684 5.892207 14.502842 -2.983281 -0.347018 0.473105
4278262813 -8.228565 5.940117 15.116085 -3.018281 -0.332341 0.498501
4298242604 -9.210711 6.653969 12.246302 3.071112 -0.409665 0.644858
4318229948 -8.271683 7.458850 9.362145 2.895228 -0.538248 0.723638
4338217292 -4.965923 6.812071 8.854304 3.120423 -0.591011 0.511134
4358204636 -2.968094 6.189247 8.145242 -2.968488 -0.620019 0.349442
4378191979 -2.881856 6.222783 7.297243 -2.981940 -0.670548 0.376123
4398164688 -2.776455 6.371303 6.913966 -2.973919 -0.707469 0.381861
4418137396 -2.191958 6.366512 5.850374 -2.875236 -0.794831 0.358481
4438110104 -1.123575 6.467122 4.456205 -2.259648 -0.952978 0.246989
4458082813 -0.778626 6.903099 3.823799 -1.599422 -1.056288 0.200880
4478055521 -0.716344 7.248048 3.397404 -1.148579 -1.124057 0.207806
4498030261 -0.586988 7.808590 2.444003 -0.570444 -1.259380 0.235710
4518005209 -0.907982 8.479324 2.865608 2.716959 -1.230108 0.306847
4537980157 -1.698490 9.116521 3.397404 2.793126 -1.176027 0.463598
4557955104 -2.412343 9.260250 2.755416 2.838626 -1.194196 0.719108
4577930052 -1.923665 9.020702 2.530241 2.796238 -1.232028 0.650041
4597905000 -0.869654 8.829063 1.845134 2.609348 -1.343747 0.440444
4617880313 -1.789518 9.753718 -0.468899 -3.112651 -1.383359 1.827060
4637855625 -3.672364 9.772882 -1.115678 -3.110273 -1.196573 1.865739
4657830938 -5.080905 9.303369 0.977970 3.044606 -1.063236 1.380642
4677806250 -5.684566 7.396568 5.040702 2.980948 -0.771994 0.845359
4697781563 -2.972885 2.490627 7.709265 2.980037 -0.292771 0.368053
4717757396 1.099429 -0.182727 5.725809 2.233842 0.031330 -0.189704
4737733229 7.116871 -1.021144 4.326849 2.416080 0.121993 -1.024537
4757709063 10.997547 -1.907471 2.170919 2.653879 0.168547 -1.375902
4777684896 12.372551 -1.572104 2.204456 2.653290 0.124447 -1.394474
4797660729 10.690926 -1.830816 2.472749 2.627889 0.165322 -1.343499
4817644584 9.469231 -2.151810 2.697924 2.607011 0.215162 -1.293236
4837628438 10.700506 -2.908781 3.416568 2.595991 0.253390 -1.261737
4857612292 13.009748 -2.937527 2.003235 2.703007 0.219566 -1.418017
4877596146 14.001476 -3.224984 -2.653575 3.015360 0.222555 -1.758096
4897581302 13.316370 -2.932736 -5.853934 -3.035691 0.198947 -1.984972
4917566563 11.888664 -2.084737 -6.495923 -1.856180 0.152685 -2.070869
4937551823 10.643015 -1.624805 -5.734160 -1.819869 0.133598 -2.064978
4957537084 10.796326 -1.184037 -4.335201 -1.824090 0.101423 -1.952633
4977522344 11.093365 -0.738478 -4.320828 -1.704365 0.061951 -1.942215
4997507604 10.336393 0.090358 -4.953234 -1.488297 -0.007883 -2.017669
5017489688 8.122972 0.856911 -4.627449 -1.325439 -0.091407 -2.088619
5037471771 6.853368 1.570764 -3.424919 -1.055832 -0.202218 -2.034238
5057453854 6.791086 2.418763 -3.458456 -0.893782 -0.307325 -2.041828
5077435938 7.006679 2.231916 -3.793823 -0.977513 -0.273115 -2.067058
5097418021 6.743176 2.394808 -4.153144 -1.013505 -0.293650 -2.122827
5117397448 5.612511 3.161361 -4.387901 -0.824477 -0.417645 -2.234345
5137376875 6.264081 3.856050 -3.961506 -0.517649 -0.479732 -2.134711
5157356302 8.990135 2.993678 -2.600874 0.482841 -0.309593 -1.852411
5177335729 8.990135 2.744548 -3.812986 -0.197245 -0.273983 -1.971930
5197315157 5.622092 2.888277 -5.336511 -1.089984 -0.356671 -2.330140
5217294584 3.106840 3.314672 -1.585192 -0.166148 -0.759942 -2.042592
5237274011 0.912582 2.112142 2.036772 1.636139 -0.757843 -0.421234
5257253438 -1.439778 2.059441 2.975800 2.208012 -0.557143 0.450627
5277232865 -3.370534 1.230606 -0.856966 -2.170930 -0.340100 1.819773
5297212292 -5.032996 0.919193 -5.235901 -1.765738 -0.125896 2.375951
5317200000 -4.822194 1.254560 -10.036440 -2.109617 -0.112197 2.693692
5337187709 -3.806511 1.417453 -12.384008 -2.136497 -0.108973 2.843385
5357175417 -5.703730 1.436617 -11.200643 -2.106353 -0.113802 2.670586
5377163125 -6.245108 2.126515 -10.970676 -2.083322 -0.166888 2.624087
5397135990 -5.775594 2.485837 -10.989841 -2.072409 -0.197614 2.657723
5417108854 -5.689357 1.570764 -8.786000 -2.087607 -0.148954 2.566943
5437081719 -5.957651 -1.552940 -5.096963 -2.100624 0.195537 2.278493
5457054584 -7.265582 -4.959311 -0.689283 -1.780138 0.596852 1.665383
5477027448 -11.198957 -4.820373 2.420049 -1.943534 0.398239 1.357973
5497004896 -12.281713 -4.657480 3.234511 -2.013976 0.351489 1.313284
5516982396 -11.256449 -5.443197 2.956636 -2.093297 0.437474 1.313937
5536959896 -12.133194 -5.711491 1.811597 -2.138181 0.435728 1.422582
5556937396 -15.942005 -3.464532 1.126490 -2.146554 0.213477 1.500252
5576914896 -17.101416 -2.650069 2.142173 -2.120774 0.152566 1.446182
5596892396 -15.175453 -4.255040 7.263706 -2.053951 0.247716 1.124375
5616870052 -11.251657 -6.942767 13.372176 -1.939090 0.378152 0.699494
5636847709 -9.799999 -5.582135 10.516767 -1.951749 0.370398 0.750133
5656825365 -8.142326 -5.706700 6.343843 -1.930683 0.505046 0.908918
5676803021 -4.692838 -7.369162 2.860817 -1.801146 0.929974 1.023338
5696780677 -2.412343 -7.196688 -1.077350 -2.506390 1.218960 1.990819
5716758542 -1.770354 -7.373953 -0.995904 2.259035 1.302000 2.083220
5736736407 -0.725926 -8.025523 2.697924 -2.095632 1.235794 0.262843
5756714271 -0.816954 -8.883104 5.045493 -1.938513 1.048673 0.160524
5776692136 -1.411033 -10.694086 7.206215 -1.939899 0.969088 0.193361
5796670000 -0.371395 -10.674922 10.574258 -1.740229 0.789827 0.035108
5816656667 -0.194129 -11.106109 11.383929 -1.720939 0.772973 0.017051
5836643334 1.521033 -11.796006 13.458414 -1.613604 0.716522 -0.112540
5856630000 2.335496 -10.761160 10.339500 -1.553962 0.792943 -0.222153
5876616667 2.440897 -10.425793 6.679210 -1.477962 0.972197 -0.350369
5896608334 2.062411 -10.191036 7.460135 -1.537328 0.921250 -0.269721
5916585157 1.238367 -11.805589 9.275908 -1.243738 0.900527 -0.132719
5936561979 0.361622 -12.107419 10.128698 -1.225127 0.873838 -0.035688
5956538802 -0.155802 -12.610469 7.819457 -1.592336 1.015656 0.019922
5976515625 -2.675845 -12.476322 7.234961 -2.022829 1.017040 0.354247
5996492448 -5.833086 -11.676232 1.897834 1.796453 1.087078 1.256242
6016469375 -5.449810 -8.135715 -5.360466 0.796233 0.816531 2.347930
6036446302 -3.782556 -5.146158 -7.492442 0.597054 0.550025 2.674073
6056423229 -2.776455 -5.951039 -4.775969 0.674518 0.822563 2.615008
6076400157 -1.573925 -8.346518 1.629541 2.951990 1.305748 0.768039
6096377084 -2.369224 -11.383985 6.952294 -1.888848 0.997805 0.328440
6116354167 -3.677155 -10.900098 11.125217 -0.009490 0.749288 0.319220
6136331250 -5.186306 -9.625703 9.678349 0.021108 0.719752 0.491928
6156308334 -5.473764 -8.590857 5.797673 0.074078 0.822657 0.756669
6176285417 -4.280816 -8.150088 2.281111 0.175943 1.033939 1.081201
6196262500 -4.951550 -8.121343 0.091643 0.223441 1.023202 1.552290
6216239844 -6.144498 -10.444957 0.661767 0.223658 1.036520 1.463509
6236217188 -2.431506 -11.086945 2.161337 0.290593 1.285378 0.844154
6256194532 0.371204 -11.992435 1.696614 -0.962305 1.426977 -0.215397
6276171875 0.711361 -12.303848 0.168299 -0.997721 1.511455 -1.338481
6296149219 -1.933247 -12.878762 -1.968468 0.397866 1.359754 2.365221
6316135729 -1.679326 -12.529023 -2.629620 0.679329 1.326731 2.573260
6336122240 0.021464 -13.568661 -3.190162 0.492603 1.339872 -3.134865
6356108750 0.926955 -13.472841 -1.781621 0.370021 1.422821 -2.661847
6376095261 0.045418 -12.802108 -0.420989 0.899166 1.537732 -3.034123
6396075990 -0.706762 -11.772052 0.427010 -3.130880 1.500767 1.027310
6416056719 -2.168004 -10.971962 -0.286842 2.294363 1.374058 1.702339
6436037448 -3.111822 -10.291646 -0.397034 2.168498 1.274928 1.697700
6456018177 -5.368363 -10.526402 -0.042503 2.002117 1.099176 1.578714
6475998907 -7.059571 -11.920571 2.228410 2.335168 1.015063 1.265037
6495987084 -6.820023 -11.858289 5.989312 -1.960818 0.917498 0.850160
6515964740 -8.832226 -12.059509 8.106915 -1.036811 0.788340 0.828191
6535942396 -11.318731 -11.206718 7.694892 2.974706 0.686103 0.973731
6555920052 -11.237286 -10.397047 5.045493 2.450670 0.701031 1.148778
6575897709 -9.301739 -11.623532 2.439213 2.398330 0.879625 1.314339
6595875365 -7.600949 -12.184074 0.436592 2.259080 1.012290 1.513420
6615853073 -6.652339 -11.000708 -0.612627 2.094230 1.025042 1.662629
6635830782 -6.039097 -9.410110 0.101225 2.197815 1.000167 1.554036
6655808490 -5.842668 -8.538156 0.987552 2.357611 0.964104 1.403355
6675786198 -6.029515 -7.790766 2.276320 2.574962 0.879660 1.209810
6695763907 -5.904950 -6.760711 2.966218 2.699028 0.796814 1.105289
6715741719 -5.454600 -6.013321 3.229720 2.835199 0.759033 1.036199
6735719532 -5.483346 -5.649209 4.034601 3.116314 0.692663 0.936451
6755697344 -5.531256 -5.352169 6.760656 -1.955693 0.549722 0.685713
6775675157 -5.119233 -5.419242 8.729739 -1.601485 0.491640 0.530369
6795652969 -4.505991 -5.318633 9.069897 -1.548696 0.483577 0.461090
6815640469 -4.644928 -4.700599 7.474508 2.401041 0.490590 0.556032
6835627969 -4.549109 -3.890928 5.452724 2.235368 0.501251 0.695298
6855615469 -3.509472 -2.774634 6.046803 2.315929 0.377798 0.525872
6875602969 -2.436297 -2.899199 7.115187 2.685196 0.367939 0.329895
6895598386 -0.965474 -3.843018 7.642192 -3.052279 0.462770 0.125669
6915571459 -0.414513 -4.001119 7.805084 2.413400 0.473129 0.053058
6935544532 -0.179757 -3.311222 8.930960 2.339748 0.354980 0.020125
6955517604 0.490977 -3.569933 9.544202 2.451636 0.357497 -0.051397
6975490677 1.401259 -3.512442 9.074688 2.646126 0.365352 -0.153204
6995463750 1.022774 -2.923154 8.566847 2.536359 0.326672 -0.118825
7015437032 1.377305 -2.827335 9.352564 2.547322 0.290613 -0.146214
7035410313 1.631225 -2.774634 9.970597 2.552019 0.268023 -0.162167
7055383594 1.683926 -2.846499 10.205354 2.555923 0.268553 -0.163531
7075356875 1.971383 -2.745889 9.663976 2.651557 0.271527 -0.201232
7095330157 2.464852 -2.784216 8.566847 2.893066 0.302728 -0.280153
7115303907 2.819383 -2.520714 7.646983 3.101614 0.299952 -0.353229
7135277657 2.148649 -1.830816 7.757175 2.793447 0.223647 -0.270214
7155251407 1.425214 -1.227155 8.672248 2.300488 0.138734 -0.162886
7175225157 1.621643 -1.452330 8.969287 2.390576 0.158011 -0.178867
7195198907 2.469643 -1.974545 9.132179 2.750198 0.205767 -0.264115
7215173334 3.217032 -2.099109 8.969287 2.092815 0.216829 -0.344379
7235147761 3.384716 -2.065573 9.386100 2.067386 0.204135 -0.346095
7255122188 3.672173 -2.491968 9.630439 2.166395 0.237226 -0.364290
7275096615 4.271042 -2.908781 8.878259 2.429026 0.287087 -0.448387
7295071042 4.903449 -3.095628 7.345152 2.875382 0.337140 -0.588632
7315055521 5.372962 -3.205821 6.046803 -2.993595 0.377327 -0.726460
7335040000 5.047178 -3.311222 5.222758 -2.908716 0.427752 -0.768303
7355024479 3.686546 -3.445369 4.758036 3.110744 0.519883 -0.659188
7375008959 2.225304 -3.756781 5.323369 2.647638 0.577158 -0.395948
7394993698 1.631225 -3.852600 7.704474 2.235020 0.454972 -0.208643
7414978438 1.722253 -3.704080 10.588631 2.045271 0.332463 -0.161239
7434963177 1.396468 -3.090838 12.509805 1.888734 0.240784 -0.111170
7454947917 0.682616 -1.998499 11.949263 1.763780 0.165450 -0.057064
7474932657 0.821553 -0.934907 10.938371 1.664520 0.085025 -0.074967
7494929271 1.544988 -0.417484 9.836451 1.614062 0.041904 -0.155795
7514912709 2.230095 -0.206681 9.515456 1.583359 0.021144 -0.230211
7534896146 2.110321 0.061612 9.017197 2.037324 -0.006653 -0.229895
7554879584 1.746208 0.234087 9.146552 1.956567 -0.025134 -0.188644
7574863021 2.052830 -0.024625 9.572948 2.036882 0.002515 -0.211242
7594846459 2.546298 -0.451020 9.788541 2.178782 0.044563 -0.254490
7614825886 2.598999 -0.863043 9.606484 2.273808 0.086505 -0.264221
7634805313 2.100739 -0.676195 9.122598 2.191869 0.072107 -0.226333
7654784740 1.693508 -0.340828 8.729739 2.086805 0.038309 -0.191613
7674764167 1.420423 0.229296 8.403954 1.935978 -0.026896 -0.167436
7694743594 0.572424 1.067713 8.633920 1.708121 -0.122773 -0.066203
7714723021 -0.385768 1.858221 8.830349 1.577330 -0.207217 0.043659
7734702448 -1.444569 2.734966 9.333400 1.511375 -0.281872 0.153556
7754681875 -1.540388 2.974514 9.510665 1.493842 -0.299449 0.160570
7774661302 -0.907982 2.773294 9.525038 1.489983 -0.282114 0.095039
7794640729 0.150819 2.284616 9.266326 1.508489 -0.241699 -0.016275
7814630625 1.540197 1.450990 10.176608 2.820119 -0.140052 -0.150207
7834620521 2.881665 0.694018 11.393511 3.079595 -0.058985 -0.247727
7854610417 3.950048 -0.292919 9.879569 -2.954655 0.027523 -0.380351
7874600313 4.366862 -1.011562 6.890012 -2.720634 0.123377 -0.564900
7894601719 2.163022 -0.843879 6.286351 -3.056307 0.126261 -0.331393
7914568386 -1.540388 0.224505 7.325989 2.387141 -0.029980 0.207245
7934535052 -4.002940 1.115623 8.538101 3.062448 -0.117760 0.438404
7954501719 -5.967233 1.829475 7.532000 2.815643 -0.188134 0.669998
7974468386 -7.950689 2.390017 6.621718 2.627622 -0.227005 0.876344
7994435052 -8.798689 2.964932 5.318578 2.505049 -0.280765 1.027094
8014402188 -8.793898 3.410491 3.890872 2.413324 -0.340821 1.154238
8034369323 -9.129265 3.678785 2.702715 2.361390 -0.368718 1.282968
8054336459 -9.364021 3.803350 2.400885 2.351040 -0.374839 1.319808
8074303594 -9.670643 4.042898 2.683551 2.349634 -0.382949 1.300112
8094270729 -9.661060 3.923124 3.042873 2.364506 -0.369527 1.265669
8114238802 -9.493378 3.559011 3.387822 3.116791 -0.339420 1.228022
8134206875 -9.565241 3.535056 3.229720 3.090760 -0.336810 1.245164
8154174948 -9.560450 3.669203 2.693133 3.009296 -0.353863 1.296216
8174143021 -8.937626 4.282445 2.300275 2.941814 -0.434457 1.318894
8194111094 -8.104000 4.833405 1.888252 2.830926 -0.526229 1.341878
8214080521 -8.190237 4.991507 2.075100 2.866971 -0.533612 1.322655
8234049948 -9.364021 4.636976 2.218828 2.899025 -0.449021 1.338135
8254019375 -11.443296 4.493248 2.726670 2.943217 -0.364859 1.336882
8273988802 -12.765600 4.162672 3.272839 2.987812 -0.305951 1.319822
8293958229 -13.604019 4.109971 3.550714 2.999306 -0.284398 1.315487
8313939011 -13.364470 3.712322 3.359076 2.992501 -0.263149 1.324553
8333919792 -11.721172 2.869113 2.741043 2.978838 -0.233984 1.341071
8353900573 -9.905399 2.356481 1.993653 2.942584 -0.229126 1.372181
8373881354 -8.123163 1.671374 1.409157 2.920266 -0.200016 1.399032
8393863334 -5.943278 0.138267 1.514558 -2.812309 -0.022540 1.321272
8413845313 -3.887957 -1.145709 2.247574 -2.648817 0.249792 1.046646
8433827292 -4.261652 -0.657031 3.172229 -2.519017 0.123047 0.930911
8453809271 -6.848769 0.622154 3.756726 -2.516872 -0.079479 1.069086
8473791250 -9.311321 1.359962 4.106465 -2.558508 -0.132849 1.155436
8493788386 -10.614462 1.690538 3.795053 -2.624963 -0.148861 1.227424
8513785834 -10.475523 1.901340 2.683551 -2.548095 -0.174047 1.320016
8533783282 -9.833534 2.217543 1.524140 -2.722789 -0.219265 1.417026
8553780729 -9.306530 2.797249 0.719259 -2.919386 -0.291158 1.493664
8573778177 -9.205919 3.410491 0.757586 -2.760250 -0.353693 1.488688
8593775625 -9.057400 4.076434 1.116908 -2.043173 -0.420092 1.448101
8613763438 -8.779524 4.694468 1.634332 -1.417759 -0.483977 1.386750
8633751250 -9.181965 4.967553 2.659596 -1.534817 -0.479245 1.288858
8653739063 -9.335276 4.948389 3.287212 -1.621178 -0.463633 1.232227
8673726875 -9.977264 4.905270 3.416568 -1.722253 -0.435364 1.240876
8693714688 -10.441986 4.493248 3.253675 -1.900778 -0.389802 1.268736
8713694115 -10.135365 4.033316 3.363867 -1.707776 -0.361124 1.250342
8733673542 -8.894508 3.353000 3.895663 -1.766445 -0.332487 1.157979
8753652969 -8.151909 2.643938 4.005855 -1.843253 -0.283260 1.114052
8773632396 -7.644068 2.351690 3.933991 -1.864544 -0.267016 1.095500
8793611823 -6.968543 2.140887 3.502805 -1.864773 -0.267896 1.105023
8813602813 -6.685876 1.867803 3.244093 -1.899259 -0.246240 1.119046
8833593802 -6.757740 1.728865 3.114738 -1.931291 -0.228292 1.138903
8853584792 -6.882306 1.374334 2.961427 -2.010648 -0.181414 1.164449
8873575782 -7.337446 1.201860 3.196184 -2.053885 -0.149056 1.159983
8893581459 -7.854870 1.015013 3.847754 -2.072284 -0.115529 1.115297
8913546354 -8.525604 0.928775 4.743663 -2.196576 -0.094910 1.063051
8933511250 -9.263411 0.923984 5.150894 -2.204778 -0.086955 1.063322
8953476146 -10.518642 1.249769 4.566397 -2.253320 -0.108559 1.161223
8973441042 -11.342686 1.623464 3.560296 -2.321317 -0.135720 1.266650
8993405938 -11.630144 1.704910 2.357766 -2.451840 -0.142695 1.370778
9013371407 -11.500788 1.633046 1.600795 -2.564803 -0.139722 1.432495
9033336875 -11.122303 1.345589 1.471439 -2.604279 -0.119366 1.439264
9053302344 -10.849218 1.005431 1.811597 -2.576164 -0.091154 1.405343
9073267813 -10.279095 0.631736 2.420049 -2.508830 -0.059752 1.339573
9093233282 -9.708971 0.334697 3.009336 -2.447186 -0.032916 1.270232
9113199844 -8.942417 1.177905 3.488432 -2.018771 -0.122104 1.198854
9133166407 -7.941107 2.974514 3.828590 -1.630808 -0.325411 1.121552
9153132969 -6.944588 4.148299 2.846444 -1.255517 -0.504926 1.181802
9173099532 -6.465492 3.769813 1.413947 -0.990702 -0.517770 1.355495
9193066094 -6.604430 2.864322 1.112117 -1.242687 -0.404135 1.403972
9213034219 -7.241627 2.289407 2.075100 -1.674999 -0.295044 1.291723
9233002344 -8.559141 2.294198 3.689652 -1.785632 -0.241347 1.163789
9252970469 -10.001219 1.930085 4.508906 -1.901497 -0.174150 1.147248
9272938594 -10.949827 1.680956 4.389132 -1.978925 -0.141540 1.189566
9292906719 -11.040855 1.470154 3.838172 -2.041569 -0.125116 1.236231
9312886771 -11.050438 1.513272 3.224929 -1.717802 -0.130709 1.286845
9332866823 -10.863590 1.570764 2.980591 -1.701245 -0.138544 1.303020
9352846875 -9.828745 1.896549 2.788952 -1.582404 -0.183542 1.294309
9372826927 -9.086145 2.217543 2.348184 -1.443005 -0.232038 1.317894
9392808438 -8.664541 2.246289 1.964908 -1.377624 -0.247641 1.347792
9412789948 -9.023863 1.810311 1.873879 -1.536113 -0.193954 1.366048
9432771459 -9.373604 0.804210 3.282421 -1.813429 -0.080798 1.233964
9452752969 -8.257311 0.200550 4.873019 -1.837461 -0.020914 1.037654
9472734479 -7.418893 0.670064 5.184431 -1.754909 -0.073898 0.960866
9492734688 -7.620113 1.791148 4.422668 -1.590774 -0.200562 1.044918
9512735313 -8.482485 3.108661 3.732771 -1.529737 -0.323643 1.156242
9532735938 -8.975954 4.277655 2.947054 -1.142791 -0.425170 1.253558
9552736563 -9.982056 4.934016 1.672659 -0.657780 -0.453591 1.404772
9572737188 -10.810890 4.780705 1.835552 -0.813891 -0.411128 1.402613
9592737813 -10.930664 4.464502 3.541133 -1.311591 -0.370603 1.257502
9612727396 -9.780834 3.942287 5.802464 -1.553790 -0.333689 1.035356
9632716979 -8.894508 3.391327 6.564227 -1.642481 -0.297668 0.935014
9652706563 -8.769943 3.204480 6.070758 -1.646322 -0.291856 0.965309
9672696146 -8.702869 3.415282 5.021538 -1.561374 -0.327656 1.047462
9692685729 -8.204609 3.592547 4.063347 -1.431613 -0.373924 1.110955
9712665157 -7.586576 3.511101 3.191393 -1.856339 -0.403222 1.172605
9732644584 -6.101379 3.027215 3.747144 -1.809578 -0.399994 1.020040
9752624011 -4.673674 2.390017 5.342533 -1.903387 -0.324780 0.718720
9772603438 -4.338307 2.313362 6.937921 -1.943531 -0.275525 0.558818
9792582865 -4.376635 2.418763 8.178779 -1.956796 -0.255071 0.491348
9812574479 -4.961132 2.581656 7.761966 -1.946088 -0.273240 0.568716
9832566094 -5.689357 2.639147 6.161786 -1.930773 -0.304873 0.745556
9852557709 -6.867933 3.008051 5.021538 -1.919700 -0.339843 0.939464
9872549323 -8.151909 3.463192 4.940092 -1.935923 -0.348495 1.025974
9892559063 -9.306530 3.769813 5.040702 -1.980476 -0.342171 1.074401
9912522657 -9.871862 3.822513 4.940092 -2.305532 -0.333353 1.106812
9932486250 -9.392767 3.645248 4.743663 -2.299561 -0.333481 1.103130
9952449844 -8.482485 3.376955 4.331641 -2.276656 -0.340727 1.098660
9972413438 -7.893198 3.099079 3.819008 -2.312598 -0.339728 1.120164
9992377032 -7.696768 2.945768 3.536342 -2.358884 -0.334692 1.140105
10012341250 -7.509921 2.811621 3.277630 -2.405176 -0.330543 1.159276
10032305469 -7.509921 2.773294 3.229720 -2.423899 -0.327059 1.164647
10052269688 -7.711141 2.691848 3.200975 -2.482917 -0.311888 1.177332
10072233907 -8.329174 2.825994 3.426150 -2.505440 -0.304050 1.180550
10092198125 -8.908880 3.271553 3.498014 -2.490278 -0.329368 1.196648
10112163542 -9.110100 3.290717 3.363867 -2.289871 -0.326711 1.217080
10132128959 -8.750778 3.180525 3.248884 -2.283626 -0.328394 1.215302
10152094375 -8.377085 3.075124 3.574669 -2.227215 -0.325615 1.167470
10172059792 -8.161491 3.017633 4.144793 -2.173931 -0.318445 1.100890
10192025209 -7.965062 3.022424 4.331641 -2.145136 -0.321769 1.072702
10211992344 -7.984226 3.094288 4.346014 -2.133723 -0.328088 1.072321
10231959479 -8.046509 3.175734 4.609516 -2.115276 -0.329942 1.050572
10251926615 -7.941107 3.506310 5.083821 -2.043653 -0.356018 1.001348
10271893750 -8.214191 4.004570 5.026330 -1.984773 -0.394089 1.021667
10291860886 -8.453739 4.613022 4.777200 -1.895504 -0.443507 1.056435
10311840834 -8.065672 4.847778 3.828590 -1.922783 -0.497432 1.127612
10331820782 -7.576994 4.857360 3.157856 -1.832844 -0.534318 1.175918
10351800729 -7.509921 4.790287 3.881290 -1.869395 -0.515541 1.093782
10371780677 -7.883615 4.660931 4.896974 -1.960162 -0.465419 1.014964
10391762240 -8.008181 4.469293 5.721018 -2.011045 -0.426269 0.950473
10411743802 -7.974644 4.306400 5.721018 -2.030142 -0.413483 0.948487
10431725365 -8.166283 4.397429 5.299414 -2.027465 -0.424274 0.995168
10451706927 -8.094418 4.330355 4.844273 -2.030241 -0.430356 1.031502
10471688490 -7.447639 3.827304 4.547234 -2.056672 -0.413337 1.022648
10491692188 -7.188927 3.146989 3.953155 -2.162147 -0.366276 1.068034
10511696250 -7.529085 2.265452 3.493223 -2.556556 -0.266456 1.136391
10531700313 -8.290848 2.078605 2.448794 -2.779791 -0.235963 1.283601
10551704375 -9.799999 2.524164 0.637812 3.120461 -0.251579 1.505805
10571708438 -11.203749 2.802040 0.340773 3.056721 -0.244962 1.540390
10591712500 -11.285194 2.734966 0.987552 -3.121323 -0.236894 1.483510
10611701302 -9.038237 2.155260 1.667868 -2.953059 -0.230339 1.388314
10631690104 -7.054780 1.906131 2.031981 -2.777593 -0.254026 1.290358
10651678907 -5.919323 2.217543 2.731461 -2.492605 -0.327881 1.138463
10671667709 -5.502510 2.778085 3.162647 -2.286871 -0.412599 1.049139
10691656511 -5.842668 3.180525 3.876500 -2.222088 -0.425846 0.985002
10711635886 -6.163662 3.410491 4.940092 -2.318690 -0.407582 0.895150
10731615261 -6.168453 3.587757 6.085131 -2.269706 -0.392569 0.792198
10751594636 -6.834396 3.717112 7.110395 -2.291939 -0.360433 0.765608
10771574011 -7.490757 3.769813 7.110395 -2.330526 -0.349980 0.811442
10791553386 -7.739887 3.669203 6.343843 -2.381749 -0.351426 0.884200
10811545886 -8.271683 3.678785 5.764137 -2.455724 -0.349876 0.962186
10831538386 -8.952000 3.501519 5.467097 -2.556238 -0.322184 1.022537
10851530886 -9.215502 3.041587 5.812046 -2.588705 -0.272237 1.008122
10871523386 -9.225084 2.687057 6.789402 -2.549160 -0.230425 0.936334
10891537396 -8.827435 2.442718 7.527209 -2.503721 -0.207530 0.864733
10911499427 -8.343548 3.036797 6.923548 -2.652707 -0.273096 0.878142
10931461459 -9.220293 3.094288 5.596453 -2.912107 -0.279381 1.025267
10951423490 -9.359230 3.108661 4.460996 -3.126586 -0.291303 1.126010
10971385521 -8.631004 3.084706 3.656116 3.050971 -0.317927 1.170110
10991347552 -7.893198 2.658311 3.124319 3.000058 -0.303473 1.193895
11011310261 -6.982915 2.370853 3.660907 -3.040893 -0.292101 1.087925
11031272969 -6.546938 2.227125 4.369968 -2.829568 -0.275732 0.982229
11051235677 -6.508611 2.289407 4.791573 -2.745225 -0.276036 0.936193
11071198386 -6.614012 2.452300 5.404815 -2.657889 -0.279584 0.885669
11091161094 -7.083526 2.778085 6.822938 -2.546471 -0.275295 0.804135
11111125104 -7.691978 3.860841 8.514146 -2.728329 -0.324580 0.734710
11131089115 -10.049128 5.116072 8.614757 -3.027041 -0.368831 0.862100
11151053125 -12.827883 5.638287 6.434871 2.563849 -0.374348 1.105844
11171017136 -12.765600 5.082535 4.183121 2.351978 -0.361702 1.254136
11190981146 -11.107929 4.747169 4.441833 2.408442 -0.377760 1.190394
11210947032 -10.202438 3.975824 4.686172 2.552367 -0.340344 1.140220
11230912917 -10.274303 3.975824 4.738872 2.558771 -0.337914 1.138638
11250878802 -9.982056 4.282445 4.489742 2.485574 -0.372949 1.148124
11270844688 -9.531704 4.181836 4.192703 2.455184 -0.381880 1.156399
11290810573 -8.870552 4.129135 3.809426 2.397304 -0.404168 1.165166
11310790104 -8.228565 4.071643 3.138692 2.950600 -0.433057 1.206393
11330769636 -7.773424 3.975824 2.467958 2.830808 -0.453585 1.263375
11350749167 -7.509921 3.822513 2.506286 2.860826 -0.449807 1.248689
11370728698 -6.633176 3.760231 2.640433 2.952481 -0.484769 1.191960
11390710000 -6.182826 3.549429 2.841653 -3.044177 -0.480796 1.139984
11410691302 -5.761221 3.458401 3.162647 -2.968472 -0.484399 1.068756
11430672604 -5.641448 3.285926 3.244093 -2.953543 -0.467583 1.048927
11450653907 -5.353990 3.290717 3.450104 -2.901157 -0.476879 0.998369
11470635209 -5.191098 3.621293 3.761517 -2.832286 -0.514201 0.943744
11490642448 -5.114442 4.474084 4.101675 -2.730004 -0.598843 0.894850
11510650052 -6.067843 5.801179 4.259776 -2.740719 -0.663969 0.958713
11530657657 -6.834396 7.013291 4.082510 -2.714566 -0.722200 1.032329
11550665261 -6.681085 7.367822 3.081201 -2.746161 -0.786109 1.138682
11570672865 -7.356610 7.521132 1.715778 -2.988266 -0.783215 1.341663
11590680469 -8.731615 7.880455 0.733632 3.099394 -0.732456 1.486973
11610669792 -9.320902 8.206240 0.556366 3.072011 -0.721005 1.511177
11630659115 -9.617943 7.985856 2.228410 -3.024697 -0.680133 1.343121
11650648438 -9.354439 7.410941 2.903935 -2.962054 -0.647724 1.269795
11670637761 -8.065672 6.687506 2.194874 -2.987152 -0.674764 1.305105
11690627084 -5.967233 5.681405 1.931371 -2.910699 -0.736030 1.257774
11710606511 -4.386217 5.001089 2.808116 -3.071823 -0.765123 1.001332
11730585938 -3.749020 4.847778 3.833381 -2.881390 -0.735084 0.774273
11750565365 -3.638828 4.675304 3.890872 -2.872268 -0.720309 0.751937
11770544792 -3.466353 4.383056 3.330330 -2.903729 -0.739306 0.805409
11790524219 -2.992048 4.220163 3.105155 -2.853014 -0.774622 0.766850
11810517604 -3.226805 4.478875 3.229720 -2.867161 -0.775826 0.784947
11830510990 -3.849630 4.823824 3.622579 -2.911916 -0.739706 0.815775
11850504375 -3.907121 5.106490 3.747144 -2.895947 -0.756217 0.806296
11870497761 -4.256861 5.628705 4.393923 -2.873152 -0.743785 0.769556
11890516094 -4.515573 6.011981 5.146103 -2.849495 -0.720598 0.720230
11910476511 -4.630556 6.251529 4.901764 -2.861346 -0.747588 0.756954
11930436927 -4.026895 6.074264 4.417878 -2.817965 -0.793406 0.739132
11950397344 -3.552590 5.753269 4.532861 -2.768774 -0.784888 0.664748
11970357761 -3.792138 5.805970 5.285041 -2.780980 -0.728696 0.622390
11990318177 -4.295189 5.820343 5.922238 -2.816543 -0.672040 0.627482
12010279323 -4.290398 5.403530 5.567708 3.073517 -0.655392 0.656547
12030240469 -4.932386 5.552049 6.003685 3.043322 -0.620425 0.687750
12050201615 -6.714622 6.174874 6.688791 2.951479 -0.577442 0.787325
12070162761 -7.303910 6.534195 6.818147 2.919869 -0.579155 0.819782
12090123907 -6.920633 6.807280 6.746283 2.926794 -0.613633 0.798155
12110086511 -6.422374 6.653969 6.928339 2.979640 -0.613630 0.747518
12130049115 -5.842668 6.821653 8.188361 3.121636 -0.595914 0.619751
12150011719 -5.147979 6.572523 8.691411 -3.071798 -0.576826 0.534743
12169974323 -4.343098 6.237156 9.237580 -2.983268 -0.548490 0.439488
12189936927 -3.634037 5.571213 8.969287 -2.941849 -0.522350 0.384951
12209901563 -3.629246 5.096908 7.551164 -2.881796 -0.546548 0.448024
12229866198 -4.242488 5.077744 6.104295 -3.087002 -0.599268 0.607363
12249830834 -4.994668 5.317292 5.155685 2.921876 -0.637553 0.769536
12269795469 -5.507301 5.393948 4.614307 2.759378 -0.643973 0.873397
12289760104 -5.497719 5.111281 4.475369 2.759016 -0.624692 0.887552
12309739323 -5.703730 4.603440 5.213177 2.893047 -0.537284 0.830303
12329718542 -5.368363 3.865632 6.147413 3.055320 -0.442340 0.717850
12349697761 -4.184997 2.696639 6.842102 -3.053731 -0.324344 0.548944
12369676979 -2.699800 2.083396 5.970148 -2.944936 -0.307859 0.424696
12389658177 -1.664953 1.570764 5.026330 -2.684955 -0.288386 0.319871
12409639375 -2.120094 1.891758 5.955775 -2.698975 -0.290760 0.341986
12429620573 -4.654510 3.075124 7.996723 -2.835900 -0.320865 0.527118
12449601771 -6.316973 3.975824 8.595592 -2.930174 -0.356767 0.633772
12469582969 -7.327865 5.226264 8.106915 -3.027764 -0.446095 0.734967
12489592917 -6.575684 5.652659 8.830349 -2.889228 -0.474328 0.640080
12509603282 -5.018623 5.738896 10.373037 -2.318922 -0.462067 0.450615
12529613646 -4.803030 6.328184 11.642641 -2.276574 -0.465612 0.391268
12549624011 -7.208091 7.243257 11.628268 -2.370671 -0.486917 0.554907
12569634375 -10.015591 7.937946 10.885670 -2.645161 -0.492520 0.743794
12589644740 -9.483795 7.722353 8.586010 -2.798025 -0.543089 0.835042
12609635313 -6.891888 6.965382 5.759346 -2.675091 -0.659636 0.874680
12629625886 -5.785176 6.170083 6.109086 -2.317812 -0.632756 0.758173
12649616459 -5.430645 5.552049 7.670938 -2.354374 -0.533573 0.616042
12669607032 -4.256861 5.374784 7.383480 -2.201239 -0.562646 0.522990
12689597604 -3.816093 5.163982 6.640882 -2.133831 -0.593211 0.521561
12709576979 -2.589608 4.359101 6.511526 -2.402590 -0.556479 0.378519
12729556354 -1.971575 3.707530 6.545063 -2.421177 -0.496981 0.292586
12749535729 -3.514263 3.961451 6.406125 -2.555805 -0.496807 0.501751
12769515104 -4.860522 3.918333 5.653944 -2.797243 -0.483861 0.710081
12789494479 -5.468973 3.626084 4.911346 -2.996735 -0.458278 0.839066
12809488594 -5.866622 3.621293 5.888701 -2.935683 -0.410861 0.783520
12829482709 -7.787796 4.311192 6.621718 -3.049674 -0.399107 0.866146
12849476823 -9.862280 4.938807 6.238441 3.040522 -0.400358 1.006782
12869470938 -9.325693 4.996298 4.896974 2.916158 -0.442907 1.087267
12889493542 -7.624904 5.058580 2.352975 2.570385 -0.564996 1.271477
12909452552 -6.144498 5.240637 -0.080831 2.158901 -0.706132 1.583951
12929411563 -5.114442 5.753269 -0.890503 3.071232 -0.836691 1.743183
12949370573 -4.573064 6.366512 0.110807 -1.408673 -0.947755 1.546571
12969329584 -4.898849 6.735415 1.102535 -1.684876 -0.930169 1.349425
12989288594 -5.583956 6.649179 1.821179 -1.990812 -0.847266 1.255529
13009248386 -6.015142 6.332975 2.750625 -2.164176 -0.763679 1.141902
13029208177 -5.957651 5.690987 3.656116 -2.263257 -0.683313 1.020376
13049167969 -6.340928 5.336456 3.263257 -2.336005 -0.642418 1.095510
13069127761 -6.853560 5.048999 2.123009 -2.469133 -0.613210 1.270403
13089087552 -7.404520 4.919643 0.738423 -2.711532 -0.584161 1.471399
13109048907 -7.447639 4.819033 -0.631791 -1.870766 -0.572668 1.655425
13129010261 -7.260791 4.660931 -1.240243 -1.912355 -0.564165 1.739977
13148971615 -7.548249 4.531575 -1.839112 -2.072375 -0.528038 1.809787
13168932969 -7.816542 4.387846 -1.944513 -2.167788 -0.498804 1.814616
13188894323 -8.113581 3.932705 -0.770729 -2.145738 -0.449578 1.665505
13208857865 -8.482485 3.539847 0.839033 -2.137138 -0.393614 1.472203
13228821407 -8.607050 3.923124 1.940953 -2.078381 -0.418386 1.348999
13248784948 -8.161491 4.196208 2.372139 -2.030459 -0.458608 1.287939
13268748490 -8.722033 4.512412 1.528931 -2.022027 -0.471288 1.397264
13288712032 -9.407141 4.910061 0.518039 -2.027611 -0.480433 1.515783
13308691042 -9.531704 5.216682 -0.497644 -2.024116 -0.500193 1.622958
13328670052 -9.502958 5.192728 -1.704966 -2.112999 -0.493463 1.748322
13348649063 -9.340067 5.135236 -2.251135 -2.181225 -0.490866 1.807305
13368628073 -10.039547 5.580795 -2.634411 -2.200730 -0.493334 1.827414
13388609219 -10.547388 6.251529 -2.773349 -0.538605 -0.520499 1.827918
13408590365 -10.465940 6.155710 -1.963677 -0.727514 -0.524145 1.756266
13428571511 -10.106619 5.964072 -0.650955 -0.955542 -0.532214 1.635116
13448552657 -9.823954 6.088636 -0.042503 -1.007558 -0.554829 1.575123
13468533802 -9.383184 6.002399 0.220999 -1.023227 -0.568973 1.547248
13488547969 -8.904089 5.796388 0.455756 -1.047990 -0.576466 1.519656
13508562552 -8.726824 5.738896 0.877360 -1.051934 -0.579404 1.470597
13528577136 -8.865761 5.633495 0.743214 -1.056767 -0.564475 1.487162
13548591719 -9.613152 5.393948 0.647394 -1.151093 -0.510361 1.503553
13568606302 -10.044336 5.010671 1.375620 -1.348397 -0.459030 1.434688
13588620886 -10.044336 4.234536 1.964908 -1.530068 -0.392297 1.377613
13608610313 -9.838326 3.741067 2.295484 -1.616933 -0.354651 1.341576
13628599740 -9.603569 3.664412 1.897834 -1.600493 -0.358182 1.375693
13648589167 -9.517332 3.908751 1.423529 -1.523124 -0.385822 1.422325
13668578594 -9.349648 4.143508 1.054626 -1.432909 -0.414825 1.458473
13688568021 -8.999908 4.071643 1.279801 -1.438283 -0.421109 1.429542
13708547396 -8.391457 3.736276 2.314648 -1.539662 -0.405438 1.301655
13728526771 -7.974644 4.095598 2.836862 -2.103666 -0.450663 1.229021
13748506146 -7.687186 5.144818 2.477540 -1.857882 -0.567186 1.259013
13768485521 -7.969853 6.265902 2.630851 -1.663212 -0.641306 1.251958
13788464896 -8.784315 6.888726 3.627370 -1.723328 -0.627203 1.179187
13808459948 -10.355749 7.775054 3.320749 -1.716468 -0.620681 1.260488
13828455000 -12.195477 7.248048 2.103845 -2.029324 -0.529817 1.399967
13848450052 -12.205059 6.136546 1.701405 -2.277382 -0.462024 1.432287
13868445104 -10.748608 5.810761 1.782851 -2.161581 -0.489946 1.406425
13888441459 -8.731615 4.651349 1.691823 -2.152408 -0.481859 1.379410
13908404948 -6.609221 3.602129 2.252365 -2.978354 -0.476272 1.242349
13928368438 -4.539527 2.629565 3.627370 -2.621050 -0.424958 0.896627
13948331927 -3.178896 1.748029 5.208385 -2.521031 -0.279003 0.547989
13968295417 -2.881856 1.542018 6.228859 -2.508561 -0.221008 0.433334
13988258907 -4.026895 2.557701 6.300724 -2.502898 -0.329572 0.568686
14008223021 -5.219843 3.424864 5.582080 -2.527355 -0.421306 0.751876
14028187136 -5.430645 4.109971 4.896974 -2.501245 -0.512047 0.837026
14048151250 -5.904950 5.020253 4.537652 -2.466327 -0.593149 0.915592
14068115365 -6.628385 4.565112 4.513697 -2.607413 -0.517515 0.972960
14088079479 -5.655820 4.560321 3.881290 -2.524028 -0.586722 0.969360
14108044792 -3.552590 5.331665 4.518488 -2.118817 -0.747854 0.666291
14128010104 -3.336997 4.684886 5.773718 -2.644599 -0.612415 0.524058
14147975417 -4.022104 4.407011 7.134350 -2.749475 -0.493658 0.513351
14167940729 -4.970714 4.287237 8.102123 -2.836141 -0.423712 0.550292
14187906042 -5.162352 4.181836 8.236270 -2.855524 -0.406278 0.559880
14207873073 -4.611392 4.138717 7.790711 -2.815867 -0.428789 0.534449
14227840104 -4.333516 4.014152 7.263706 -2.811477 -0.443112 0.537915
14247807136 -4.400590 3.812932 7.153514 -2.836185 -0.426168 0.551495
14267774167 -3.696319 3.194898 7.570327 -2.771994 -0.362481 0.454215
14287741198 -2.809992 2.624774 8.883050 -2.699789 -0.274605 0.306372
14307724479 -2.436297 2.437927 9.649603 -2.947732 -0.240228 0.247308
14327707761 -2.661472 2.351690 9.822078 -2.977271 -0.227108 0.264614
14347691042 -2.905811 2.131306 9.309445 -3.035594 -0.215159 0.302553
14367674323 -2.948930 2.490627 8.782439 -3.060269 -0.262631 0.323947
14387661719 -2.742918 2.495418 9.021988 -3.015198 -0.258703 0.295146
14407650261 -2.527326 2.150470 9.529829 -2.973042 -0.214753 0.259234
14427638802 -2.632727 2.236707 10.099953 -2.968072 -0.211104 0.254993
14447627344 -2.680636 2.370853 9.984970 -2.974359 -0.225424 0.262283
14467615886 -2.666263 2.663102 9.826868 -2.969039 -0.255816 0.264945
14487604427 -2.790828 2.869113 9.448382 -2.995862 -0.283385 0.287209
14507593698 -2.862693 2.960141 9.108225 3.029042 -0.300645 0.304522
14527582969 -2.800410 2.945768 8.748903 3.015606 -0.310315 0.309782
14547572240 -2.857902 3.032006 8.710575 2.997635 -0.319412 0.317029
14567561511 -2.805201 3.012842 8.753694 3.012873 -0.316727 0.310119
14587550782 -2.426715 3.204480 8.566847 3.079572 -0.345463 0.276037
14607540365 -1.832637 3.305090 8.312926 -3.063524 -0.370346 0.216985
14627529948 -1.243349 3.099079 8.638711 -2.908201 -0.341197 0.142946
14647519532 -1.300840 2.912232 9.007615 -2.926919 -0.309692 0.143424
14667509115 -2.335687 3.032006 9.266326 -3.137598 -0.307236 0.246918
14687498698 -3.413653 3.185316 9.074688 2.911908 -0.317426 0.359799
14707485990 -4.357471 3.266762 8.389581 2.895631 -0.332708 0.479040
14727473282 -4.913222 3.530265 8.106915 2.749176 -0.356497 0.544859
14747460573 -4.999459 3.477565 7.857785 2.708684 -0.357362 0.566643
14767447865 -4.721584 3.290717 7.656565 2.740629 -0.350702 0.552588
14787435157 -4.486827 3.075124 7.776339 2.812432 -0.329996 0.523324
14807438907 -4.299980 2.816412 8.260225 2.915713 -0.293690 0.479964
14827442657 -4.084386 2.619983 8.638711 2.995959 -0.267606 0.441652
14847446407 -4.002940 2.437927 8.954914 3.039764 -0.243607 0.420365
14867450157 -3.753811 2.126515 8.835140 3.075585 -0.218003 0.401763
14887332240 -3.408862 2.092978 8.576428 3.114360 -0.223009 0.378322
14907218177 -2.881856 2.150470 8.504564 -2.973438 -0.235058 0.326716
14927104115 -2.455461 2.519373 8.542892 -2.857842 -0.276189 0.279883
14946990052 -1.732027 2.754130 8.308135 -2.677339 -0.313799 0.205530
14966875990 -0.280367 3.099079 7.953604 -2.342380 -0.371338 0.035236
14986761927 2.105530 3.630875 7.771548 -2.091097 -0.423639 -0.264577
15006655313 3.681755 3.544638 8.514146 -2.124952 -0.365003 -0.408145
15026548698 2.397778 2.375644 8.787230 -2.267467 -0.255132 -0.266386
15046442084 -0.385768 2.102560 9.141762 -2.533368 -0.225869 0.042173
15066335469 -3.701110 2.179215 9.913106 -3.041519 -0.203106 0.357328
15086228854 -5.512092 1.460572 11.422257 3.078975 -0.114657 0.449610
15106132813 -5.651030 0.971894 11.613895 -3.108925 -0.075107 0.452850
15126036771 -5.042578 0.641318 10.727569 -3.090030 -0.054050 0.439408
15145940729 -5.138397 0.358652 9.491501 3.109719 -0.033217 0.496192
15165844688 -5.032996 0.205341 8.528519 3.058196 -0.020733 0.533136
15185748646 -4.458081 0.109522 8.015886 3.094815 -0.011940 0.507557
15205665782 -4.113132 -0.010252 7.915277 3.134514 0.001149 0.479240
15225582917 -3.725065 -0.048580 8.044632 -3.086452 0.005480 0.433653
15245500052 -3.116613 -0.494139 8.538101 -2.984155 0.054312 0.349996
15265417188 -3.701110 -0.666613 8.744112 -3.049248 0.070091 0.400403
15285334323 -5.104860 0.075985 9.002824 3.083666 -0.007342 0.515823
15305266615 -6.000770 0.703600 8.849513 -2.908930 -0.065710 0.595870
15325198907 -5.588747 0.444889 8.566847 -2.889236 -0.043467 0.578039
15345131198 -5.076115 0.066403 8.758485 -2.826494 -0.006559 0.525259
15365063490 -5.593538 0.104731 8.849513 -2.880901 -0.010003 0.563669
15384995782 -6.326554 0.344279 8.825559 -2.963654 -0.031694 0.621942
15404944479 -6.872724 0.511962 8.552474 -3.051498 -0.046628 0.676929
15424893177 -6.872724 0.550290 8.150033 -3.091495 -0.051571 0.700577
15444841875 -6.633176 0.363442 7.373898 3.136366 -0.036627 0.732565
15464790573 -5.890577 0.344279 6.473198 3.126587 -0.039316 0.738310
15484739271 -4.688047 0.358652 5.955775 -3.034244 -0.047283 0.666852
15504704948 -4.050850 0.435307 6.545063 -2.694299 -0.056494 0.554213
15524670625 -4.549109 1.139578 7.896112 -2.550136 -0.124407 0.522676
15544636302 -5.684566 2.207961 9.247163 -2.482311 -0.200673 0.551185
15564601979 -6.225945 2.413972 9.822078 -2.507754 -0.204674 0.564954
15584567657 -6.154080 1.522854 9.572948 -2.643018 -0.133023 0.571341
15604550209 -6.307391 1.062922 10.104744 -2.667910 -0.088998 0.558024
15624532761 -6.249899 0.741928 10.425738 -2.661990 -0.060961 0.540028
15644515313 -5.880995 0.564663 10.176608 -2.645165 -0.048004 0.524006
15664497865 -5.857041 0.540708 9.913106 -2.664129 -0.046926 0.533656
15684480417 -5.612702 -0.005461 10.061625 -2.664181 0.000474 0.508837
15704479063 -4.927595 -0.863043 9.980179 -2.880467 0.077385 0.458626
15724477709 -4.070014 -1.519404 9.893942 -2.773785 0.141079 0.390265
15744476354 -3.231596 -1.883516 10.104744 -2.654117 0.175710 0.309530
15764475000 -2.747710 -1.754161 10.655704 -2.548379 0.158077 0.252365
15784473646 -2.546489 -1.667923 11.182709 -2.493527 0.144417 0.223899
15804486927 -2.316523 -1.720624 10.449693 -2.499811 0.159391 0.218155
15824500209 -1.717654 -1.461912 9.012405 -2.457899 0.158015 0.188329
15844513490 -1.228976 -1.093009 8.480609 -2.370838 0.126866 0.143914
15864526771 -1.190649 -0.752851 8.336881 -2.327072 0.089160 0.141858
15884540052 -1.195439 -0.479766 8.284180 -2.290475 0.057257 0.143315
15904566042 -1.113993 -0.225845 8.542892 -2.721178 0.026209 0.129668
15924592032 -1.157112 0.018494 8.983660 -2.696368 -0.002042 0.128097
15944618021 -1.434987 0.205341 9.841241 -2.710504 -0.020644 0.144793
15964644011 -1.703281 0.291578 10.301173 -2.740201 -0.027919 0.163866
15984670000 -1.209812 0.444889 9.357354 -2.656289 -0.047117 0.128577
16004706354 -0.630107 0.516753 8.825559 -2.545310 -0.058337 0.071275
16024742709 -0.337858 0.535917 9.841241 -2.493041 -0.054371 0.034317
16044779063 -0.069565 0.320324 10.689240 -2.481110 -0.029957 0.006508
16064815417 0.007091 -0.043789 10.186190 -2.506370 0.004299 -0.000696
16084851771 -0.074355 0.023285 9.319027 -2.511275 -0.002499 0.007979
16104895782 0.117283 0.454471 10.004133 -2.727256 -0.045394 -0.011723
16124939792 0.634706 0.593408 10.732359 -2.657129 -0.055139 -0.059071
16144983802 0.586797 0.224505 10.133490 -2.680963 -0.022114 -0.057842
16165027813 0.903000 0.555081 9.716677 -2.613664 -0.056820 -0.092667
16185071823 0.960491 1.446199 8.590801 -2.492848 -0.165765 -0.111342
16205120573 0.423904 2.064232 8.269807 -2.478118 -0.244304 -0.051214
16225169323 -0.984637 2.634356 9.434010 -2.743260 -0.270904 0.103995
16245218073 -1.918874 2.864322 10.004133 -2.971630 -0.274110 0.189507
16265266823 -2.081767 2.893068 9.663976 -3.034738 -0.284703 0.212173
16285315573 -1.875755 3.022424 9.491501 -2.971614 -0.302787 0.195111
16305366146 -1.473315 3.261971 9.098642 -2.852183 -0.340147 0.160534
16325416719 -1.171485 3.654830 8.403954 -2.730913 -0.406713 0.138504
16345467292 -1.181067 4.157881 7.397853 -2.598296 -0.506682 0.158314
16365517865 -1.358332 4.565112 7.325989 -2.557536 -0.549703 0.183331
16385568438 -1.487688 4.569903 7.761966 -2.667679 -0.524259 0.189367
16405614740 -1.454151 4.296818 8.538101 -2.732211 -0.460530 0.168695
16425661042 -1.497270 4.095598 8.657875 -2.777754 -0.436186 0.171244
16445707344 -1.482897 4.138717 8.284180 -2.764469 -0.457047 0.177128
16465753646 -1.339168 4.248909 8.389581 -2.694469 -0.463743 0.158287
16485799948 -1.353541 4.047688 8.633920 -2.736646 -0.433740 0.155504
16505806927 -1.166694 3.712322 8.547683 -2.724419 -0.406366 0.135654
16525813907 -1.415823 3.693158 8.394372 -2.721174 -0.409325 0.167091
16545820886 -2.977675 3.741067 8.705785 -3.107512 -0.386180 0.329561
16565827865 -5.737267 4.148299 9.884359 2.772732 -0.348182 0.525912
16585834844 -6.944588 3.851259 9.448382 2.633633 -0.317338 0.633834
16605841823 -6.700249 3.769813 8.494982 2.570849 -0.335278 0.667831
16625848802 -5.900159 3.745858 7.824248 2.565389 -0.365111 0.646111
16645855782 -4.745539 3.099079 7.048113 2.660369 -0.349740 0.592585
16665862761 -2.838738 2.126515 6.243232 2.984085 -0.300664 0.426748
16685869740 -0.524705 1.863012 6.219277 -2.700293 -0.290075 0.084168
16705876771 1.521033 2.203170 7.019367 -2.392853 -0.297639 -0.213392
16725883802 1.899519 2.682266 8.662665 -2.617556 -0.293702 -0.215860
16745890834 0.419113 2.390017 9.913106 -2.938353 -0.236378 -0.042254
16765897865 -0.888818 2.131306 10.162235 3.112602 -0.205968 0.087241
16785904896 -1.727236 2.160051 9.999343 2.968948 -0.209736 0.171047
16805911979 -3.030376 1.556391 9.395682 2.783736 -0.156366 0.311995
16825919063 -4.630556 0.636527 8.092542 2.609329 -0.068164 0.519728
16845926146 -4.414963 0.028075 7.795503 2.646930 -0.003134 0.515307
16865933229 -3.126195 -0.355201 8.451863 2.819027 0.039396 0.354276
16885940313 -1.928456 -0.671404 9.271117 2.988287 0.070783 0.205082
16905947448 -0.941519 -0.350410 9.788541 2.990704 0.035618 0.095891
16925954584 -0.155802 0.128686 9.472338 3.116407 -0.013583 0.016447
16945961719 0.016673 0.349070 8.815976 -3.134081 -0.039574 -0.001891
16965968854 -0.117474 0.516753 8.926168 3.120526 -0.057822 0.013160
16985975990 0.055000 0.900030 9.884359 -3.125728 -0.090804 -0.005564
17005983229 0.059791 1.086877 10.559885 -3.125110 -0.102562 -0.005662
17025990469 0.198729 1.211442 10.809014 -3.097473 -0.111593 -0.018383
17045997709 0.064582 1.819893 10.243682 -3.120231 -0.175822 -0.006305
17066004948 -0.495960 2.337317 9.774168 2.996731 -0.234433 0.050698
17086012188 -0.965474 2.078605 9.256744 2.858842 -0.219733 0.103924
17106019584 -0.519915 1.110832 9.999343 -2.697066 -0.110489 0.051948
17126026979 -0.855282 0.123895 10.813806 -2.801832 -0.011421 0.078927
17146034375 -2.148840 -0.422275 10.464066 -3.004013 0.039509 0.202539
17166041771 -4.103550 -0.312082 8.624338 2.911270 0.032664 0.444109
17186049167 -5.972023 1.019804 6.597763 2.437342 -0.114097 0.735658
17206056719 -7.984226 3.396118 6.243232 2.077610 -0.323318 0.907161
17226064271 -7.797379 4.200999 7.033741 2.020412 -0.380553 0.836842
17246071823 -6.460701 3.889587 7.201424 2.066316 -0.382259 0.731234
17266079375 -5.770803 3.765022 7.072068 2.079146 -0.391218 0.684421
17286086927 -5.703730 3.899169 7.311616 2.080773 -0.398033 0.662483
17306094584 -5.607911 3.741067 8.078169 2.217370 -0.363519 0.606827
17326102240 -5.646239 3.242808 9.127389 -2.917088 -0.293423 0.553987
17346109896 -5.852250 2.524164 9.572948 -2.948929 -0.221284 0.548710
17366117552 -5.833086 2.160051 9.654394 -2.952766 -0.189208 0.543495
17386125209 -5.703730 1.709701 9.817286 -2.935135 -0.149459 0.526323
17406132969 -5.852250 1.781566 9.826868 -2.954606 -0.154524 0.537130
17426140729 -6.384046 2.548119 9.529829 -3.051016 -0.218595 0.590239
17446148490 -6.566103 2.998469 8.801603 3.100958 -0.266562 0.640944
17466156250 -6.278645 3.348209 7.905694 2.988320 -0.320235 0.671190
17486164011 -5.579165 3.501519 7.230170 3.012406 -0.366126 0.657214
17506171875 -4.941968 3.276344 7.033741 -3.081140 -0.364137 0.612475
17526179740 -4.625765 2.437927 7.167887 -3.107111 -0.278357 0.573096
17546187604 -4.989878 1.843848 7.254124 3.101454 -0.206435 0.602537
17566195469 -5.272544 1.748029 7.421808 3.069607 -0.189698 0.617680
17586203334 -5.684566 1.934876 7.383480 2.979800 -0.204734 0.656118
17606211250 -6.019933 2.160051 8.226688 3.033684 -0.208806 0.631723
17626219167 -6.475074 2.294198 9.113016 3.067116 -0.202411 0.617758
17646227084 -6.561311 2.322944 9.132179 3.054857 -0.203712 0.623023
17666235000 -6.096589 2.126515 9.045942 3.124067 -0.192525 0.593034
17686242917 -5.248589 1.527645 9.189671 -3.010262 -0.143360 0.518929
17706250886 -4.333516 0.914402 9.247163 -3.134414 -0.089302 0.438240
17726258854 -3.590918 0.425725 8.998033 -3.050128 -0.043915 0.379711
17746266823 -3.164523 0.253250 8.787230 -3.004849 -0.027109 0.345668
17766274792 -3.011212 0.320324 8.633920 -2.989194 -0.035017 0.335575
17786282761 -3.001630 0.579036 8.499773 -2.988120 -0.064148 0.339472
17806290782 -3.557381 1.158741 8.245852 -3.082273 -0.128320 0.407291
17826298802 -4.347889 1.815102 8.121287 3.049187 -0.194546 0.491541
17846306823 -4.874895 2.179215 8.054214 2.937414 -0.227466 0.544278
17866314844 -5.186306 2.308571 7.900904 2.860374 -0.239575 0.580875
17886322865 -5.186306 2.461882 7.661355 2.818849 -0.260073 0.595084
17906330938 -4.894058 2.572074 7.119977 2.815453 -0.289346 0.602199
17926339011 -4.573064 2.648729 6.688791 2.799747 -0.315947 0.599696
17946347084 -4.376635 2.495418 6.827729 2.867282 -0.298501 0.570029
17966355157 -3.892748 2.140887 7.541582 3.061301 -0.247100 0.476501
17986363229 -3.241178 1.963622 8.150033 -3.047972 -0.220248 0.378513
18006371302 -2.862693 2.131306 8.351254 -2.960343 -0.236885 0.330234
18026379375 -3.059122 1.992368 8.839931 -2.974503 -0.209854 0.333158
18046387448 -4.563482 2.485837 9.481919 3.113287 -0.231978 0.448562
18066395521 -4.151460 2.969723 8.820767 3.126715 -0.295692 0.439890
18086403594 -4.534737 3.036797 7.963186 2.958748 -0.319999 0.517663
18106411667 -4.362262 3.247599 7.522418 2.863101 -0.357428 0.525510
18126419740 -3.715483 2.917022 7.522418 3.026447 -0.334606 0.458773
18146427813 -3.207641 2.706220 8.073378 -3.077375 -0.301988 0.378186
18166435886 -2.805201 2.409181 8.801603 -2.955064 -0.255113 0.308537
18186443959 -2.733337 2.227125 9.366937 -2.925136 -0.224401 0.283923
18206451511 -2.853111 2.538537 9.218417 -2.939051 -0.257237 0.300150
18226459063 -3.107031 2.864322 8.700994 -3.004376 -0.300626 0.342976
18246466615 -3.590918 3.137407 8.298553 -3.141136 -0.333978 0.408388
18266474167 -4.194579 3.348209 8.432700 3.017706 -0.341565 0.461580
18286481719 -4.534737 3.305090 9.036361 3.018409 -0.315950 0.465112
18306489271 -4.549109 3.123034 10.171817 -3.007541 -0.273264 0.420545
18326496823 -4.012522 2.797249 10.545512 -2.929472 -0.243015 0.363580
18346504375 -3.356161 2.950559 8.926168 -2.898668 -0.300062 0.359639
18366511927 -3.365743 3.870423 4.762826 2.637161 -0.585910 0.615188
18386519479 -4.328725 4.148299 7.081650 3.013560 -0.463491 0.548657
