0 -0.176147 -0.268500 0.181741 1.414364 -0.464887 -1.719491
19958496 -0.371460 -0.222310 -0.473967 1.406886 -0.464887 -1.719491
39916992 -0.275022 -0.079084 -0.382448 1.306657 -0.471098 -1.800712
59875488 -0.442629 -0.026218 -0.366494 1.265825 -0.494860 -1.789902
79833985 -0.870733 0.017621 -0.403784 1.266287 -0.494860 -1.789902
99792481 -1.591591 -0.148355 -0.840794 1.195123 -0.523591 -1.803836
119750977 -2.289340 -0.399021 -1.112297 1.016869 -0.545376 -1.883183
139739990 -2.884477 -0.622745 -1.360502 0.568897 -0.572875 -2.036165
159698487 -3.266390 -0.949714 -1.340016 0.583009 -0.572875 -2.036165
179656983 -3.646288 -1.063554 -0.511740 0.520747 -0.566451 -2.080828
199615479 -4.389684 -0.942158 0.687436 0.769205 -0.777691 -1.843944
219573975 -5.799181 -1.611939 0.601177 0.288347 -0.906048 -2.074686
239532471 -7.323861 -2.625704 0.635202 0.338274 -0.906048 -2.074686
259490967 -8.628527 -3.600865 0.138768 -1.727037 -0.613641 2.772691
279449463 -8.359134 -3.717100 0.311200 -1.715100 -0.613641 2.772691
299407959 -7.431840 -3.776979 0.270007 -1.680948 -0.586587 2.870366
319366455 -7.022367 -4.093923 0.520216 -1.502021 -0.506989 -2.952146
339324951 -7.312969 -4.659296 1.576099 -1.656461 -0.371137 -2.762888
359283447 -8.224393 -5.851861 2.244025 -1.139136 1.011630 1.682321
379272461 -10.083496 -7.695975 1.869158 -1.289208 0.838539 1.692793
399230957 -11.625317 -9.060291 1.129883 -1.403373 0.793581 1.779303
419189453 -12.773550 -10.406168 0.326396 -1.426035 0.812531 1.843460
439147949 -13.183388 -11.950836 -0.101136 -1.346623 0.908359 1.865270
459106445 -13.822096 -14.786882 0.876792 -1.001518 1.045819 1.672024
479064942 -14.465099 -19.410467 2.450474 -0.977644 1.045819 1.672024
499023438 -14.422575 -25.132500 3.085837 -0.486368 1.288998 1.364405
518981934 -10.420706 -30.138929 4.366645 0.240765 1.457201 0.695299
538940430 -1.740668 -35.590481 5.547102 0.235337 1.457201 0.695299
558898926 10.087278 -36.986565 4.745560 1.982964 1.360262 -1.062727
578857422 22.095888 -35.102146 4.420372 2.199938 1.156484 -1.405098
598846436 28.332277 -33.479065 2.574498 2.032448 0.971577 -1.470572
618804932 28.069933 -30.128632 -0.284405 1.754337 0.857828 -1.530141
638763428 27.279036 -25.547857 1.346496 1.536288 0.827929 -1.605594
658721924 25.124311 -20.548012 3.616645 1.261644 0.803895 -1.550512
678680420 22.432766 -16.862501 7.078330 1.073630 0.783212 -1.465842
698638916 21.444506 -13.588152 7.277941 0.942027 0.777493 -1.315165
718597412 20.293629 -10.902996 4.516744 0.825753 0.750177 -1.281112
738555908 18.713438 -7.932541 3.895800 0.767911 0.747057 -1.369955
758514404 17.745020 -5.971071 4.061824 0.670265 0.711235 -1.344869
778472901 16.864754 -3.386662 2.079192 0.611875 0.673366 -1.440750
798431397 16.349037 -1.214062 3.096890 0.552474 0.609842 -1.371997
818420410 15.304910 0.025396 3.243224 0.487804 0.592496 -1.344920
838378906 13.682844 0.360385 2.012354 0.490097 0.644353 -1.407870
858337403 12.121316 0.489704 1.270284 0.518729 0.709457 -1.451471
878295899 10.721353 0.161659 1.263379 0.551005 0.796696 -1.434091
898254395 9.653814 0.187252 1.689809 0.560812 0.850867 -1.364459
918212891 8.882198 0.575180 1.692527 0.557836 0.876203 -1.343349
938171387 7.974427 1.025166 1.475150 0.561305 0.911784 -1.348187
958129883 6.871472 0.767111 1.738935 0.596585 0.993848 -1.263863
978088379 6.415552 0.842534 1.265828 0.648143 1.026127 -1.315209
998046875 6.014972 1.207520 -0.134321 0.733864 1.043934 -1.560360
1018005371 5.356950 1.015368 -0.699672 0.836187 1.091821 -1.670671
1037994385 4.512466 0.512693 -0.885092 0.841403 1.091821 -1.670671
1057952881 3.969748 0.266059 -0.802771 1.105462 1.205283 -1.703520
1077911377 3.576807 0.578088 -0.829267 1.136072 1.205283 -1.703520
1097869873 3.039675 0.180678 -0.863713 1.231045 1.205680 -1.708138
1117828369 2.461691 -0.738382 -0.850365 1.582541 1.290962 -1.721778
1137786865 1.998391 -0.917970 -0.972327 1.769055 1.307129 -1.767549
1157745362 2.035545 -0.559019 -0.351396 1.528206 1.271783 -1.549906
1177703858 1.991437 -0.529923 -0.044864 1.602280 1.271783 -1.549906
1197662354 1.730254 -0.906627 0.125550 1.518420 1.242379 -1.457739
1217620850 1.574652 -1.282808 0.133463 1.553931 1.241646 -1.405646
1237579346 1.454768 -1.670774 -0.037250 1.595574 1.232989 -1.402173
1257537842 1.870218 -1.607441 -0.162125 1.599525 1.159532 -1.483714
1277526856 2.300787 -1.731161 0.172737 1.483857 1.095724 -1.432930
1297485352 2.565077 -2.116953 0.074978 1.573788 1.095724 -1.432930
1317443848 2.174285 -2.769927 0.217250 1.598249 1.057517 -1.458982
1337402344 2.277707 -3.102106 0.000197 1.664460 1.043584 -1.464012
1357360840 3.291173 -3.082366 -0.900607 1.664828 0.950947 -1.581100
1377319336 4.500159 -2.957517 -1.600559 1.534043 0.846124 -1.642852
1397277832 6.159396 -3.193085 -1.748312 1.372373 0.746257 -1.638802
1417236328 6.980841 -3.914951 -1.185554 1.427130 0.710388 -1.588164
1437194824 7.414646 -4.611651 -1.080438 1.640349 0.710388 -1.588164
1457153320 6.730990 -5.172018 -1.305011 1.824835 0.688951 -1.594396
1477111817 5.891314 -6.437178 -1.377511 2.168101 0.725537 -1.602005
1497100830 5.015195 -7.740568 -1.079350 2.350393 0.765794 -1.582314
