0 0.147371 0.090358 -0.351213 -1.064376 -1.509829 -0.071867
19958496 -0.013064 0.344480 -0.831834 0.063930 -1.556938 0.906739
39916992 0.320489 0.385056 -0.628035 -1.670930 -1.533957 -0.712784
59875488 0.707624 0.207857 -0.589203 -2.155049 -1.497574 -1.101290
79833984 0.758919 0.075859 -0.531503 -2.102698 -1.486693 -1.050215
99792480 1.022570 0.177271 -0.151665 -2.080256 -1.441798 -0.890830
119750976 1.389885 -0.202845 -0.489621 -2.386107 -1.418142 -1.231503
139709473 1.655126 -0.504314 -0.468324 -2.384051 -1.418142 -1.231503
159667969 1.754116 -0.843513 -0.092745 -2.350550 -1.351232 -1.088792
179626465 2.055544 -1.054814 0.142460 -2.405232 -1.305997 -1.062514
199584961 2.201704 -1.323260 -0.079831 -2.524919 -1.296182 -1.180517
219573974 2.511864 -1.452253 -0.151718 -2.589820 -1.265176 -1.257173
239532471 2.730677 -1.628676 -0.126287 -2.640224 -1.238532 -1.279997
259490967 2.958299 -1.885602 -0.354205 -2.640224 -1.238532 -1.279997
279449463 3.002304 -2.078967 -0.708465 -2.729345 -1.215320 -1.386665
299407959 3.017586 -2.113184 -0.939014 -2.853063 -1.220567 -1.626199
319366455 2.865242 -2.356518 -0.754359 -2.854941 -1.239435 -1.584105
339324951 2.802598 -2.706732 -1.042734 -2.966512 -1.240120 -1.735947
359283447 2.808583 -3.194515 -1.441228 -2.999075 -1.240120 -1.735947
379241943 3.029751 -3.355901 -1.609978 -3.136677 -1.182138 -1.981817
399200439 3.300911 -3.846041 -1.024016 -3.025019 -1.156170 -1.742174
419158935 3.778073 -4.168364 -0.253235 -2.891996 -1.087547 -1.456958
439147949 3.899578 -4.127088 0.535097 -2.785369 -1.076136 -1.213572
459106445 2.943887 -4.212016 0.475360 -2.664149 -1.255625 -1.097139
479064941 2.364691 -4.405622 -1.040771 2.676478 -1.344255 -2.488935
499023437 2.215286 -4.806751 -1.661970 2.433349 -1.212344 -2.962500
518981933 2.311404 -5.310588 -1.814903 2.398991 -1.122033 -3.075699
538940430 2.342624 -5.668800 -2.298049 2.413240 -0.972473 3.082715
558898926 2.777699 -5.435186 -1.945001 2.320531 -1.079172 3.139091
578857422 3.250584 -5.869727 -0.898406 2.216597 -1.322553 -2.957786
598815918 2.993775 -6.762564 -0.166754 -0.037553 -1.306945 1.375217
618774414 2.154022 -7.329546 -0.013583 3.141301 -0.547331 1.383187
638732910 1.521841 -7.446218 -0.944319 2.770660 -0.240574 1.746701
658721924 1.410151 -7.643373 -0.483969 2.939719 -0.057945 1.566655
678680420 1.247885 -7.974626 1.454230 -2.884358 0.112498 1.131009
698638916 0.357383 -8.046410 2.138446 -2.856690 0.171913 1.143718
718597412 -1.404934 -7.653712 1.087597 -3.098847 0.152125 1.395195
738555908 -3.292753 -7.380993 0.103821 3.010315 0.149618 1.532408
758514404 -3.607749 -7.542582 -0.418239 2.929392 0.208203 1.580263
778472900 -3.373889 -7.461751 -0.631935 2.865809 0.254228 1.598309
798431396 -3.110117 -7.596357 -0.761294 2.837115 0.320869 1.611881
818389892 -2.835214 -8.024536 -0.489267 2.892458 0.412873 1.595019
838348389 -4.530692 -8.744416 -0.394773 2.878056 0.456255 1.591842
858337402 -5.846016 -8.986689 -1.342423 2.697442 0.472623 1.656593
878295898 -4.655586 -8.381168 -2.239644 2.476643 0.512218 1.725318
898254394 -3.666973 -8.803946 -1.050220 2.698190 0.617618 1.640623
918212891 -4.166928 -9.918620 0.436627 2.561846 0.617618 1.640623
938171387 -5.395294 -9.497955 -0.023650 2.855882 0.686158 1.544496
958129883 -5.853287 -7.748545 -1.556404 1.871211 0.640770 1.638583
978088379 -4.629561 -7.317211 1.227760 2.802335 0.706061 1.434844
998046875 -3.989832 -9.248470 3.765609 -1.938720 0.829301 1.236274
1018005371 -4.672868 -9.566767 3.013025 -1.580843 0.867782 1.311812
1037963867 -5.138300 -8.751402 1.225477 0.186470 0.879610 1.468895
1057922363 -5.786064 -8.899809 0.970154 0.182684 0.901693 1.509241
1077880859 -6.255232 -9.010714 1.210357 0.087932 0.925739 1.504898
1097869873 -5.697640 -7.211610 1.644625 0.048818 0.932820 1.468241
1117828369 -6.450355 -6.940486 2.047879 0.026404 0.930954 1.434719
1137786865 -7.332685 -7.627388 2.151896 0.074477 0.952202 1.422171
1157745361 -7.358644 -5.751672 2.085953 0.111061 0.930201 1.408349
1177703857 -8.343822 -4.678188 2.591572 0.160136 0.880634 1.351679
1197662353 -8.439440 -4.140564 0.992925 0.227420 0.897474 1.456941
1217620849 -8.456132 -4.010015 -2.882958 0.192407 0.911805 1.796715
1237579346 -8.845229 -3.226761 -3.984420 0.179020 0.878162 1.887213
1257537842 -8.811202 -2.545377 -2.563584 0.183745 0.891205 1.762935
1277496338 -8.469474 -1.997597 -1.463516 0.208379 0.911855 1.659429
1297485351 -6.786310 -1.423980 -1.876946 0.151926 0.997303 1.749069
1317443848 -5.459187 -1.236471 -0.698695 0.205018 1.102847 1.613253
1337402344 -4.909551 -1.139615 1.087292 0.360406 1.141034 1.277983
1357360840 -5.061049 -0.851052 1.406560 0.374744 1.127874 1.218268
1377319336 -5.466303 -0.411104 0.894717 0.306805 1.104900 1.323362
1397277832 -5.601289 -0.212330 0.295345 0.260519 1.104354 1.434338
1417236328 -5.219472 0.197121 -0.105265 0.230688 1.128731 1.509351
1437194824 -4.845473 0.507565 -0.009646 0.242068 1.151723 1.489552
1457153320 -4.601088 0.395136 0.021903 0.240497 1.178727 1.491597
1477111816 -4.693637 0.572431 -0.258998 0.156458 1.161831 1.588545
1497070312 -4.570028 1.028603 -0.549812 0.074241 1.142388 1.701006
