0 -1.074920 -1.100048 -0.275620 -0.672182 -1.150436 2.289624
19958496 -0.690857 -0.967727 -0.533898 -0.474234 -1.163602 2.412985
39916992 -0.782933 -1.022318 -0.498806 -0.527526 -1.154018 2.383612
59875489 -0.603263 -1.149618 0.026890 -0.627820 -1.192791 2.305355
79833985 -0.924125 -1.455200 0.368412 -0.826581 -1.165335 2.161937
99792481 -1.437941 -1.724985 0.493490 -1.053411 -1.100850 2.064487
119781494 -1.785174 -2.034638 -0.388072 -1.039272 -0.995196 2.201242
139739991 -2.067628 -2.282232 -0.790553 -1.123418 -0.928129 2.233775
159698487 -2.158337 -2.498701 -1.020862 -1.169087 -0.891115 2.257083
179656983 -1.514125 -2.165291 -0.389524 -0.950169 -0.999027 2.238126
199615479 -1.452035 -1.951798 0.196327 -1.022640 -1.051743 2.135755
219573975 -1.678485 -2.368627 0.174098 -1.141398 -1.004216 2.113292
239532471 -1.885576 -3.173855 -0.246682 -1.273233 -0.904382 2.166367
259490967 -2.335811 -4.190453 -0.215669 -1.646770 -0.777939 2.108787
279449463 -2.905705 -4.988788 0.339755 -1.654316 -0.777939 2.108787
299407959 -3.202049 -5.727584 0.263914 -2.089062 -0.552247 1.956729
319366455 -3.297423 -6.707504 -0.546353 -2.344431 -0.388484 2.079770
339324951 -4.119989 -7.571663 -1.288806 -2.525418 -0.222459 2.114409
359313965 -5.225304 -9.136917 -1.126087 -2.585065 -0.001868 2.018002
379272461 -6.672053 -11.018270 -0.334971 -2.579133 0.213945 1.856499
399230957 -7.427634 -12.619353 0.358810 -2.556948 0.373718 1.753431
419189453 -7.120652 -14.041502 0.082781 -2.584209 0.541347 1.790942
439147950 -6.794962 -15.947694 -0.663923 -2.623750 0.742773 1.898891
459106446 -7.237954 -18.307777 -1.693031 -2.651486 0.890513 2.015216
479064942 -7.393712 -20.247240 -0.930056 -2.501405 1.055272 1.915930
499023438 -6.379539 -22.642902 1.315064 -1.899380 1.290807 1.481535
518981934 -5.119888 -25.128975 3.021909 -0.382146 1.406349 0.612952
538940430 -3.075955 -28.198774 1.859172 1.637536 1.470621 -0.869613
558929444 -2.353226 -34.240364 -1.984439 3.011045 1.422439 -2.147027
578887940 -2.478609 -42.922916 -1.648709 2.963129 1.444818 -1.923885
598846436 1.646225 -41.857216 4.037824 2.394325 1.365283 -1.151190
618804932 13.596776 -39.253017 7.605867 2.515073 1.212787 -1.224396
638763428 30.516315 -36.541023 6.790865 2.587108 1.053051 -1.392780
658721924 31.898266 -34.150211 0.756712 2.617534 0.887206 -1.552340
678680420 33.037804 -32.496506 -2.995374 2.522005 0.887206 -1.552340
698638916 33.872593 -20.877743 2.957242 1.753476 0.559410 -1.502095
718597412 21.414024 -21.738825 13.495295 1.778637 0.797592 -1.094136
738555909 14.066858 -21.707983 14.756890 1.529361 0.797592 -1.094136
758514405 17.873192 -18.308445 7.815053 1.383138 0.924300 -0.881561
778472901 19.843573 -13.401780 5.381769 1.274945 0.796638 -1.328503
798431397 19.170950 -9.032185 5.363463 0.959266 0.727442 -1.313726
818420410 17.185158 -5.882303 4.025665 0.805223 0.711389 -1.349514
838378907 15.070740 -4.769186 3.057729 0.755371 0.759101 -1.373462
858337403 14.436785 -3.500550 3.372201 0.677619 0.747440 -1.333992
878295899 13.973790 -2.122538 3.140992 0.594357 0.722998 -1.330159
898254395 13.139710 -1.267691 2.671263 0.556516 0.730445 -1.341203
918212891 11.852671 -0.683023 2.571162 0.545087 0.765046 -1.316935
938171387 11.229668 -0.762247 3.320863 0.528715 0.790744 -1.221166
958129883 11.209128 -0.227007 2.347296 0.494983 0.790744 -1.221166
978088379 10.811567 1.105643 0.492346 0.474111 0.781547 -1.296073
998046875 9.302279 1.429993 -0.900107 0.422138 0.746568 -1.466560
1018005371 7.184353 0.686080 -0.982027 0.420091 0.811279 -1.618465
1037994385 4.796793 0.072490 -1.321481 1.114009 1.193580 -1.774268
1057952881 3.075819 0.229637 -0.935633 2.032812 1.334297 -1.749541
1077911377 1.526767 -0.262509 0.190445 1.538511 1.452553 -0.915349
1097869873 0.532950 -0.557605 -0.121710 1.248733 1.525020 -0.369321
1117828369 -0.221224 -0.512371 -0.430219 -0.148010 1.531947 1.181474
1137786866 -0.825913 -0.705101 -0.734948 -0.599991 1.496463 1.747939
1157745362 -1.224836 -0.972437 -0.912117 -0.670273 1.476017 1.867588
1177703858 -1.677568 -0.645457 -1.197100 -0.732964 1.439187 2.003681
1197662354 -1.910078 -0.570873 -0.860846 -0.516818 1.441945 1.748754
1217620850 -2.319870 -0.584072 -0.792739 -0.419961 1.418508 1.672549
1237579346 -2.152453 -0.412468 -0.429283 -0.230866 1.443302 1.406241
1257568360 -1.730747 -0.234074 -0.572047 -0.245179 1.496207 1.449608
1277526856 -1.739498 -0.432669 -0.880197 -0.657666 1.505340 1.897061
1297485352 -1.815137 -0.267802 -0.971349 -0.807753 1.503298 2.069012
1317443848 -1.722268 -0.344011 -0.330203 0.253888 1.521434 0.900536
1337402344 -1.904191 -0.681956 -0.474395 0.268790 1.521434 0.900536
1357360840 -1.913978 -0.849027 -0.603308 -0.289586 1.532862 1.499483
1377319336 -1.995109 -0.883164 -0.297443 0.260376 1.520772 0.925505
1397277832 -2.226273 -0.481090 -0.433748 -0.105706 1.508418 1.305868
1417236328 -2.285594 -0.359232 -0.382421 -0.066853 1.503117 1.273324
1437194825 -1.872051 -0.246060 -0.096101 0.708370 1.516706 0.447842
1457153321 -1.412416 -0.113712 -0.429201 2.130236 1.542557 -0.968501
1477142334 -1.067035 0.075088 -0.549759 2.664465 1.510436 -1.513474
1497100830 -0.921354 -0.017988 -0.621164 2.793403 1.494807 -1.641647
1517059326 -0.511908 0.002423 -0.245246 2.360683 1.446937 -1.311462
