0 -0.933740 -0.284546 -0.165559 1.476796 -1.035306 -1.684556
19958496 -0.883370 -0.219353 -0.676725 1.377577 -1.001336 -1.812023
39916992 -0.687876 -0.224580 -0.794852 1.416062 -0.980395 -1.819591
59906006 -0.743153 -0.443393 -0.947614 1.435802 -0.980395 -1.819591
79864502 -1.155859 -0.545370 -1.231885 1.421667 -0.967731 -1.849987
99822998 -1.592885 -0.732038 -1.076077 1.288657 -0.989754 -1.928760
119781494 -1.802666 -0.780646 -0.661122 1.209956 -1.024719 -1.924057
139739990 -2.189989 -1.222317 -0.508898 1.249462 -1.057243 -1.836529
159698486 -2.811067 -1.618083 -0.620234 1.212583 -1.077090 -1.815131
179656982 -3.579211 -1.814080 -0.994701 1.024054 -1.121607 -1.892548
199615478 -3.833303 -2.248038 -1.057115 0.527990 -1.181471 -2.122452
219573974 -3.973495 -2.828218 -1.479721 0.424017 -1.178180 -2.182371
239532471 -4.086639 -3.482942 -2.040756 0.129886 -1.106347 -2.332942
259490967 -4.757261 -4.307149 -2.279197 -0.379803 -0.984222 -2.485482
279479980 -6.314062 -5.014159 -2.408748 -1.381532 -0.902329 -2.725760
299438476 -7.890906 -5.962669 -2.974154 -1.983981 -0.789064 2.957048
319396972 -8.656599 -6.897817 -2.907193 -2.381239 -0.111726 2.420542
339355469 -8.750818 -7.784616 -2.460399 -2.381239 -0.111726 2.420542
359313965 -8.243973 -8.433612 -1.752013 -2.288278 0.499249 2.370793
379272461 -7.842419 -9.160177 -0.833734 -1.959519 0.973151 2.261616
399230957 -8.423161 -10.128178 -0.979289 -1.959519 0.973151 2.261616
419189453 -8.164633 -11.106775 -0.225789 -1.057507 1.360663 1.789922
439147949 -6.764052 -11.953283 0.839785 1.685090 1.389223 -0.556531
459106445 -4.794552 -12.364613 1.290054 2.295554 1.152764 -1.044027
479064941 -3.285373 -13.560741 1.585154 2.428826 1.068017 -1.131770
499053955 -2.488888 -14.582488 1.618244 2.459686 1.063029 -1.169735
519012451 -1.212074 -15.602730 1.787169 2.501143 1.037911 -1.205529
538970947 0.228840 -16.418760 1.302390 2.600303 1.021328 -1.307916
558929443 0.895421 -17.560978 1.417912 2.605080 1.045860 -1.317071
578887939 1.482459 -18.982430 1.477523 2.613734 1.080613 -1.332151
598846435 2.631897 -20.548164 0.734421 2.690230 1.101938 -1.429490
618804931 3.995642 -22.458630 1.238787 2.647388 1.115190 -1.418725
638763428 5.752401 -24.942223 3.092039 2.504522 1.119050 -1.316591
658721924 6.744432 -28.198330 3.322144 2.413371 1.162607 -1.314207
678680420 9.438537 -30.350058 2.423116 2.413371 1.162607 -1.314207
698638916 14.848589 -29.754555 4.303277 2.446210 1.160076 -1.402386
718597412 18.700003 -26.973274 5.250414 1.997622 0.986196 -1.340321
738586426 19.907459 -23.352455 4.923174 1.962349 0.945351 -1.356658
758544922 19.204624 -20.662407 5.391467 1.748701 0.945858 -1.322909
778503418 18.743267 -18.129665 7.211100 1.271419 0.929676 -1.227144
798461914 18.060324 -14.505660 8.733502 1.008073 0.888425 -1.134183
818420410 16.960938 -11.981287 8.905527 0.861604 0.880290 -1.086562
838378906 16.562096 -9.782200 8.338024 0.718894 0.864848 -1.088724
858337402 16.082443 -7.879754 6.589897 0.734635 0.868355 -1.158350
878295898 15.269033 -5.919480 4.445979 0.639918 0.868355 -1.158350
898254394 14.688498 -4.133992 3.065467 0.577876 0.879833 -1.269924
918212890 13.987263 -2.582579 2.843771 0.548667 0.871489 -1.365653
938201904 12.651444 -0.962252 2.226752 0.488546 0.857183 -1.380119
958160400 11.058086 -0.325130 1.606020 0.475330 0.868444 -1.435565
978118896 9.561977 -0.337566 1.773966 0.549568 0.948314 -1.519685
998077392 8.760899 -0.125287 2.378997 0.631547 1.070623 -1.505469
1018035888 8.994906 0.475226 2.935891 0.542219 1.094743 -1.279449
1037994385 9.763583 1.240788 3.554399 0.444186 0.977443 -1.203974
1057952881 10.948240 1.513593 4.261074 0.369418 0.843832 -1.148673
1077911377 12.295783 2.286574 4.079470 0.352315 0.843832 -1.148673
1097869873 13.546206 3.226309 3.195977 0.328756 0.536197 -1.355719
1117828369 14.297195 3.695519 2.164464 0.347297 0.454132 -1.467814
1137786865 14.622122 3.824994 1.261655 0.371012 0.425480 -1.552536
1157745361 14.428453 3.585061 1.031087 0.357434 0.456277 -1.561913
1177734375 13.491383 3.334306 0.928339 0.358193 0.526533 -1.563597
1197692871 12.015873 2.789559 1.301049 0.356569 0.661964 -1.502533
1217651367 10.181128 0.978374 1.846492 0.376007 0.918301 -1.386987
1237609863 7.858160 -0.789829 2.294434 0.423924 1.155571 -1.195140
1257568359 6.177867 -2.158970 2.629018 0.429772 1.268729 -0.961082
1277526855 5.379412 -2.670346 2.894001 0.469095 1.275457 -0.826497
1297485351 5.528717 -2.593758 2.298539 0.629687 1.248153 -1.022813
1317443847 6.062181 -2.866488 1.450328 0.784908 1.199228 -1.265315
1337402344 6.710210 -4.258129 1.619945 0.833984 1.149150 -1.276474
1357360840 6.740072 -6.247275 1.849398 0.963905 1.152800 -1.255456
1377319336 6.721549 -7.480540 1.722086 1.129963 1.145784 -1.286411
1397308349 7.472188 -8.347170 2.344504 1.168088 1.087490 -1.262019
1417266846 7.935574 -9.208220 2.957475 1.244997 1.045089 -1.242924
1437225342 8.103762 -10.662508 3.353477 1.385750 1.031357 -1.242604
1457183838 7.619546 -12.287081 3.688916 1.547582 1.043591 -1.233595
1477142334 7.147912 -13.652117 3.763179 1.698088 1.051210 -1.245499
1497100830 6.996249 -14.072627 3.658600 1.824643 1.030635 -1.276365
