0 0.504196 -0.127542 -0.457629 -2.965375 -1.471007 -2.034444
19958496 0.338805 0.268629 -0.386007 -2.929940 -1.493176 -2.028955
39947510 0.420861 0.301061 -0.237349 -2.782334 -1.489438 -1.818605
59906006 0.553237 0.138017 -0.380768 -2.907718 -1.468773 -1.943408
79864502 0.546305 0.252438 -1.032077 3.075740 -1.431555 -2.389995
99822998 0.578129 0.142641 -1.067784 3.085723 -1.425407 -2.365546
119781494 0.874533 -0.185736 -0.898454 -3.016965 -1.409381 -2.117011
139739991 1.054434 -0.388749 -0.065868 -3.025589 -1.409381 -2.117011
159698487 1.385524 -0.710390 0.116299 -2.646606 -1.365584 -1.414852
179656983 1.465082 -1.026278 0.365515 -2.617368 -1.343612 -1.296412
199615479 1.363399 -1.373870 0.154612 -2.642114 -1.343612 -1.296412
219573975 1.532712 -1.657152 -0.050374 -2.768882 -1.322442 -1.533343
239532471 2.074531 -1.804804 -0.320577 -2.895064 -1.248765 -1.659815
259521485 3.218320 -2.171499 0.076660 -2.916691 -1.102721 -1.546903
279479981 4.142990 -3.033710 -0.452540 -3.010648 -0.950266 -1.684789
299438477 4.421883 -4.036208 -1.127616 -3.069312 -0.832889 -1.831639
319396973 5.191152 -5.121051 -1.455562 -3.094163 -0.832889 -1.831639
339355469 6.179787 -5.662253 -1.430435 -3.117112 -0.536332 -1.841896
359313965 5.861855 -6.329451 -0.944396 -3.140365 -0.495925 -1.802114
379272461 5.479873 -7.042220 -1.306315 3.105386 -0.425802 -1.908696
399230957 5.701736 -7.621299 -1.584482 3.071514 -0.324981 -1.972746
419189453 6.140703 -8.322139 -1.202623 3.064884 -0.197475 -1.908920
439147950 6.202663 -8.792704 0.140667 3.133518 -0.106445 -1.671768
459106446 5.552392 -9.662931 1.016859 -3.056118 0.147700 -1.475972
479095459 4.369102 -10.974557 0.285223 2.687989 0.850973 -1.852365
499053955 2.999662 -11.961493 -0.896495 2.268672 1.081118 2.995501
519012451 2.409637 -12.806708 -1.285871 2.510096 1.051221 2.524791
538970948 2.384784 -13.284596 1.210502 -3.009057 1.178871 1.357012
558929444 2.164490 -13.356467 3.910327 -2.599817 0.934478 0.770861
578887940 0.886817 -14.113495 3.678460 -2.762489 0.904293 1.055440
598846436 -0.511833 -15.117952 2.219329 -3.002125 0.900392 1.389640
618804932 -1.181296 -15.954384 2.000637 -2.982311 0.900392 1.389640
638763428 -2.468529 -17.252626 1.967386 -3.050681 0.905026 1.482151
658721924 -3.284199 -17.781769 2.606726 -3.010996 0.903001 1.437298
678710938 -3.783829 -18.903616 3.332218 -2.942823 0.937612 1.390571
698669434 -5.287045 -20.314476 2.350491 -3.052396 0.954375 1.483106
718627930 -7.898025 -21.359497 0.012719 2.971791 0.929424 1.636033
738586426 -10.461811 -21.017694 -0.613395 2.882404 0.885989 1.653107
758544922 -11.756737 -20.537537 -0.596347 2.713592 0.878944 1.636128
778503418 -10.180837 -19.623768 0.265893 2.656566 0.938093 1.583582
798461914 -9.194191 -19.962833 3.198644 3.021142 1.001920 1.396391
818420410 -10.387668 -20.438492 5.643532 -2.837668 0.999984 1.245522
838378907 -13.765053 -20.754911 3.378361 0.836205 0.974048 1.368339
858337403 -16.843298 -19.142248 -2.033899 0.708736 0.921263 1.616890
878295899 -17.018305 -16.082985 -2.936208 0.590011 0.921263 1.616890
898254395 -15.644899 -13.608422 2.027256 0.528986 0.909411 1.386476
918243408 -13.719698 -12.077871 7.187653 0.461440 0.909411 1.386476
938201905 -12.128654 -10.944118 9.165239 0.548132 0.909351 1.054301
958160401 -12.319887 -9.925431 6.940898 0.643825 0.944218 0.937976
978118897 -13.415769 -8.647202 3.814289 0.630418 0.952541 1.127728
998077393 -13.741352 -6.968711 2.791173 0.639910 0.928045 1.170310
1018035889 -12.518052 -5.668928 3.263449 0.667251 0.928045 1.170310
1037994385 -11.480013 -5.241160 2.279675 0.831140 0.996717 1.016196
1057952881 -11.739492 -4.876595 1.382957 0.811936 1.003607 1.058286
1077911377 -11.950449 -4.097060 -1.074838 0.639011 1.029758 1.305719
1097869873 -11.691015 -2.636934 -2.595117 0.462189 1.023506 1.501941
1117828369 -10.729120 -1.286670 -1.923761 0.562625 1.043887 1.369337
1137817383 -9.321449 -0.933894 -1.632924 0.695306 1.153796 1.208335
1157775879 -8.399735 -0.767211 -2.509459 0.536507 1.275006 1.376771
1177734375 -8.080564 -0.327607 -2.854195 0.413916 1.309081 1.505619
1197692871 -7.187581 0.055228 -2.285565 0.872202 1.389983 1.032854
1217651367 -5.948006 0.010008 -1.892009 1.969977 1.431906 -0.074977
1237609864 -4.355519 0.069015 -1.104306 2.598143 1.255006 -0.742812
1257568360 -3.332950 0.055214 -0.672752 2.696197 1.145746 -0.864503
1277526856 -2.335473 -0.146347 -0.358141 2.785633 1.066709 -0.945414
1297485352 -1.205570 -0.277598 -0.043103 2.859585 0.982923 -1.014420
1317443848 -0.429328 -0.373132 0.116781 2.906666 0.936920 -1.057877
1337432862 0.214210 -0.251113 0.549170 2.847358 0.877903 -1.046001
1357391358 0.312046 -0.013336 0.283765 2.942457 0.872536 -1.084849
1377349854 -0.057294 0.353721 0.002762 2.950306 0.891673 -1.091136
1397308350 -0.148195 0.552560 -0.350717 3.039147 0.907597 -1.131534
1417266846 0.033635 0.573566 -0.435473 3.082510 0.906331 -1.152571
1437225342 0.112118 0.430812 -0.482384 3.091631 0.922912 -1.161504
1457183838 0.046218 0.267839 -0.924341 -3.063471 0.964473 -1.232488
1477142334 -0.377188 0.151184 -0.862543 -3.135249 1.018790 -1.195359
1497100830 -0.910867 0.091043 -0.821426 3.057780 1.083161 -1.140486
