0 -0.334615 -0.317262 -0.234705 -0.545652 -1.408431 2.320967
19958496 -0.369508 -0.545285 -0.479739 -0.461466 -1.379488 2.407774
39916992 -0.319609 -0.680447 -0.819826 -0.447172 -1.379488 2.407774
59875488 -0.471975 -0.743130 -0.659348 -0.451677 -1.343705 2.416880
79864502 -0.892771 -1.229953 -0.570739 -0.745940 -1.298925 2.248079
99822998 -1.312440 -1.849508 -0.644508 -0.980307 -1.230353 2.170320
119781494 -1.852206 -2.479265 -0.848769 -1.297038 -1.135192 2.128940
139739990 -2.226723 -3.323706 -1.115865 -1.284573 -1.135192 2.128940
159698487 -2.434797 -4.152429 -1.176321 -1.873353 -0.946161 2.127466
179656983 -2.694357 -4.586606 -1.262198 -2.110731 -0.878788 2.119509
199615479 -3.088115 -5.188971 -1.063045 -2.281764 -0.790195 2.044771
219573975 -3.309093 -6.330338 -0.783144 -2.456632 -0.636068 1.981012
239532471 -3.768905 -7.389080 -0.566133 -2.593250 -0.432869 1.919744
259490967 -4.314816 -8.069455 -0.572260 -2.658320 -0.276750 1.909237
279479981 -4.414322 -8.788701 -1.006117 -2.746390 -0.129422 2.009373
299438477 -4.906827 -9.378119 -0.884850 -2.757473 -0.003713 1.973371
319396973 -5.180295 -10.342076 -0.202409 -2.735670 0.206877 1.847868
339355469 -5.370415 -11.504975 0.318036 -2.703039 0.476721 1.750065
359313965 -5.030666 -12.587394 0.160102 -2.688988 0.476721 1.750065
379272461 -4.600218 -13.162220 -0.057193 -2.629749 1.039233 2.025141
399230957 -2.727807 -13.702147 0.271138 -2.550886 1.039233 2.025141
419189453 -1.459175 -14.452687 0.393692 2.502047 1.199730 -1.770114
439147949 -0.928295 -15.993862 -0.089771 2.649165 1.140256 -1.788107
459106446 0.023749 -17.865223 -1.216085 2.895418 1.080295 -1.880499
479064942 1.935670 -18.830402 -0.327241 2.895418 1.080295 -1.880499
499023438 4.503591 -19.686682 1.672267 2.728354 0.889645 -1.446696
519012451 7.401704 -19.128857 1.873879 2.739605 0.889645 -1.446696
538970947 8.510610 -18.961500 1.209249 2.792846 0.754326 -1.512460
558929444 7.736061 -21.552866 2.260193 2.747070 0.870594 -1.453160
578887940 7.618422 -23.910753 3.988189 2.726089 0.870594 -1.453160
598846436 9.224248 -25.147829 3.560039 2.663741 0.956114 -1.409385
618804932 11.539617 -27.324127 2.691940 2.676140 0.971650 -1.472020
638763428 13.945885 -29.158165 3.006371 2.632334 0.971650 -1.472020
658721924 15.612886 -31.400585 3.640641 2.544405 1.010741 -1.436077
678680420 18.482899 -32.113342 2.992568 2.466552 1.010741 -1.436077
698638916 23.087812 -30.875126 0.994726 2.245014 0.953926 -1.535525
718597412 27.137148 -25.716335 -1.411753 2.168537 0.851406 -1.608210
738586426 27.132671 -19.847561 -1.240164 1.435205 0.790806 -1.599771
758544922 25.537157 -15.948693 1.106247 0.651557 0.774801 -1.513494
778503418 23.688835 -12.172329 2.627884 0.515417 0.753250 -1.445091
798461914 22.436291 -7.983714 3.908353 0.515417 0.753250 -1.445091
818420410 20.976358 -5.102310 5.007315 0.400829 0.690967 -1.378987
838378906 19.518467 -2.895970 3.762067 0.263335 0.622622 -1.336443
858337403 18.063305 -1.089869 1.502757 0.222359 0.607546 -1.443707
878295899 16.016621 -0.232225 0.325543 0.193435 0.642876 -1.507161
898254395 14.222699 0.605619 0.375196 0.198947 0.672861 -1.493310
918212891 12.339866 1.309405 0.447312 0.185474 0.722913 -1.476715
938171387 10.573212 1.733868 0.485091 0.185474 0.722913 -1.476715
958160401 8.700520 1.525923 0.497765 0.204545 0.799415 -1.465557
978118897 7.028972 0.953960 0.402644 0.316689 1.125478 -1.477283
998063192 6.506855 1.591350 0.547865 0.351769 1.125478 -1.477283
1018021688 6.784306 2.607772 0.787387 0.305178 1.052040 -1.440728
1037980184 6.835041 2.751137 0.726121 0.294265 1.026689 -1.470315
1057938680 6.368674 2.260064 0.831829 0.323357 1.088932 -1.442553
1077897176 5.591801 1.738117 1.038376 0.408895 1.174233 -1.371688
1097855672 4.707212 1.306359 1.655497 0.462274 1.238243 -1.129449
1117814168 3.727408 1.100368 2.267280 0.497682 1.269877 -0.810772
1137772664 2.932168 0.867139 2.375299 0.544107 1.298126 -0.647351
1157761678 1.892184 0.164373 1.325703 0.641030 1.298126 -0.647351
1177720174 1.019983 -0.646478 0.356237 2.497714 1.535195 -1.570796
1197678670 0.653536 -1.015780 0.787183 1.639141 1.515904 -0.706027
1217637166 0.352263 -1.053063 0.775585 1.728185 1.508705 -0.705569
1237595662 0.620107 -0.820160 0.921295 1.877183 1.449049 -0.917775
1257554159 1.415582 -0.434128 1.172124 1.630307 1.332971 -1.050456
1277512655 1.871780 -0.276634 0.276532 2.159960 1.280104 -1.384281
1297471151 1.897966 -0.627458 -0.712424 2.682277 1.258249 -1.643523
1317429647 2.457314 -0.483740 -0.394407 2.313438 1.172514 -1.514925
1337388143 3.314426 -0.492784 -0.000362 2.313438 1.172514 -1.514925
1357346639 4.160021 -0.604324 -0.620599 1.315804 0.976569 -1.521678
1377335653 4.831209 -0.740906 -0.562454 1.315804 0.976569 -1.521678
1397294149 5.221497 -1.512213 -0.298896 1.036564 0.901400 -1.510809
1417252645 5.530752 -2.157038 -0.332267 1.240789 0.877248 -1.482916
1437211141 6.384032 -2.726913 0.455751 1.445735 0.855840 -1.494593
1457169637 7.741559 -2.862154 1.285233 1.418359 0.803976 -1.435366
1477128133 8.485584 -3.336176 1.970613 1.380208 0.673489 -1.360764
1497086629 9.237074 -4.114891 2.222221 1.287076 0.645488 -1.360146
