0 -0.172946 -0.461999 0.042021 -0.224588 -1.437741 2.615738
19958496 -0.253165 -0.725814 0.013437 -0.231289 -1.437741 2.615738
39916992 -0.057300 -0.569423 -0.012046 -0.140178 -1.431425 2.697982
59906006 0.041523 -0.586987 0.296916 -0.186808 -1.458929 2.644485
79864502 0.074751 -0.502581 0.431435 -0.141607 -1.458929 2.644485
99822998 -0.365092 -0.602160 0.030741 -0.382924 -1.396611 2.483705
119781494 -0.877431 -0.848785 -0.417001 -0.377321 -1.396611 2.483705
139739990 -1.260510 -1.216956 -0.634392 -0.735559 -1.259183 2.361169
159698486 -1.267129 -1.469441 -0.581953 -0.767311 -1.253706 2.343601
179656982 -1.180290 -1.528944 -0.722746 -0.770850 -1.253706 2.343601
199615478 -0.959137 -1.933374 -0.592189 -0.629083 -1.255719 2.431728
219573974 -1.046403 -2.652252 -0.555825 -0.742382 -1.216071 2.398165
239532470 -1.281351 -3.712949 -0.449053 -1.055752 -1.137681 2.315121
259490967 -1.647253 -4.530632 -0.524961 -1.485064 -1.021461 2.264940
279479980 -2.242098 -4.993205 -0.542950 -1.895751 -0.902837 2.177692
299438476 -2.709777 -5.808798 -0.370424 -1.892694 -0.902837 2.177692
319396972 -3.032804 -6.429214 -0.616967 -2.408983 -0.616384 2.142942
339355469 -3.198177 -6.725887 -1.233230 -2.590405 -0.512954 2.275599
359313965 -3.171122 -6.913207 -2.130813 -2.777833 -0.425840 2.449142
379272461 -2.746522 -7.538629 -2.417985 -2.952724 -0.316494 2.587940
399230957 -2.721883 -8.156698 -2.421247 -3.014846 -0.202114 2.634760
419189453 -2.928068 -8.462485 -1.661983 -2.952607 -0.160424 2.561804
439147949 -3.431454 -9.176381 -0.491695 -2.825926 0.005283 2.322563
459106445 -3.796695 -10.463661 1.082792 -2.666450 0.469778 1.840319
479095459 -3.549259 -11.926995 2.029857 -2.321816 0.999584 1.354049
499053955 -3.209213 -13.505711 2.037627 -1.532139 1.344791 0.999990
519012451 -2.467934 -14.862208 1.280001 1.766087 1.490370 -1.504845
538970947 -1.286657 -16.290192 1.215322 2.259913 1.278596 -1.472106
558929443 0.055701 -18.233191 2.493590 2.376794 1.134420 -1.189198
578887939 0.851927 -19.777954 4.171782 2.425877 1.053131 -1.023067
598846435 1.946869 -22.195530 3.919258 2.516303 1.061341 -1.148288
618804931 3.944543 -23.745348 1.653687 2.721140 1.032477 -1.441957
638763428 7.113831 -25.319715 0.595283 2.814064 0.960612 -1.542730
658721924 11.390135 -26.491566 2.212766 2.771814 0.876264 -1.459633
678680420 14.155908 -28.223270 3.398166 2.734283 0.863944 -1.413357
698638916 14.819964 -30.003208 1.667405 2.822582 0.910403 -1.481249
718597412 15.749862 -32.829891 1.302685 2.843601 0.962903 -1.493110
738586426 16.407532 -35.015774 2.871410 2.778241 1.035208 -1.430950
758544922 18.446331 -33.223518 5.048906 2.668899 1.060774 -1.360661
778503418 22.138454 -31.624168 7.424870 2.501841 1.047375 -1.302091
798461914 27.148336 -30.387272 6.606677 2.365747 1.007352 -1.356500
818420410 30.194778 -29.582199 5.477806 2.025247 0.964355 -1.399868
838378906 31.676971 -29.176609 5.816267 1.258425 0.898636 -1.393882
858337402 30.477488 -22.560658 8.419845 0.682316 0.816368 -1.304722
878295898 27.207470 -16.567560 11.372429 0.498006 0.816368 -1.304722
898254394 24.112041 -12.608456 11.700651 0.359397 0.752453 -1.086831
918212890 21.807732 -10.009223 8.652168 0.289046 0.777264 -1.147679
938201904 20.106228 -7.520382 5.621065 0.232665 0.790246 -1.255600
958160400 18.510565 -5.325212 3.443555 0.209793 0.795440 -1.362581
978118896 17.053621 -3.490232 1.946237 0.210418 0.795899 -1.466253
998077392 15.187496 -2.407019 1.393445 0.230876 0.840336 -1.517216
1018035888 14.020846 -1.453130 1.203691 0.242918 0.861499 -1.549777
1037994385 13.297925 -0.450315 1.482830 0.244547 0.854035 -1.526126
1057952881 13.220081 0.709936 2.235183 0.203027 0.781628 -1.428345
1077911377 13.273498 1.434347 2.248932 0.187438 0.722018 -1.423380
1097869873 13.610094 2.112635 2.113803 0.180706 0.640170 -1.440956
1117828369 13.841638 2.631647 1.951678 0.179485 0.574696 -1.457519
1137817383 13.477984 2.829113 1.900075 0.170114 0.573260 -1.444989
1157775879 12.175398 2.738954 1.450326 0.174820 0.671777 -1.471825
1177734375 10.775379 2.639970 0.918945 0.210364 0.803217 -1.532802
1197692871 9.042267 2.133050 0.600469 0.243383 1.032734 -1.591742
1217651367 7.735547 1.305548 0.542408 0.321790 1.225261 -1.618101
1237609863 6.081264 0.389447 0.407905 0.596658 1.426417 -1.790372
1257568359 4.184403 -0.440813 0.957184 -1.534966 1.507155 0.851173
1277526855 3.016588 -1.063420 1.051574 -1.400805 1.427690 1.090305
1297485351 3.032627 -1.104047 0.415111 -1.679993 1.481970 1.302168
1317443847 3.446818 -0.782646 -0.222036 2.503318 1.550011 2.999685
1337402344 4.565494 -0.322769 0.651814 0.228540 1.383709 -1.066552
1357391357 4.913240 -0.557827 0.797169 0.235021 1.299135 -1.118059
1377349853 4.694008 -1.172541 0.459629 0.346954 1.294185 -1.226918
1397308349 5.736563 -1.696122 0.894189 0.332103 1.168142 -1.231948
1417266845 6.658190 -2.455912 1.588184 0.332407 1.069989 -1.193929
1437225342 7.157289 -3.072248 2.053639 0.389675 1.007753 -1.183181
1457183838 6.830753 -4.828239 2.105087 0.567449 1.036579 -1.191437
1477142334 6.415328 -7.019036 2.999830 0.852249 1.059239 -1.115468
1497100830 6.339314 -8.143703 3.284707 1.089912 1.050551 -1.122536
1517059326 7.414510 -7.936090 3.313760 1.113824 0.969844 -1.193555
