0 -0.563740 -0.480433 0.687775 -1.781854 -1.479757 1.189291
19958496 -0.337759 -0.448176 -0.014252 -1.727211 -1.449038 1.302331
39916992 0.108617 -0.366302 -0.468142 -0.175943 -1.460726 2.698553
59875488 -0.014680 -0.597685 -0.306320 -0.170710 -1.460726 2.698553
79833984 -0.246247 -0.770796 -0.470668 -0.361846 -1.458302 2.530486
99792480 -0.643897 -1.073815 -0.810895 -0.587322 -1.352406 2.417848
119750977 -1.323494 -1.712855 -1.200525 -0.907264 -1.249072 2.319458
139709473 -1.752129 -2.142252 -1.377585 -1.163894 -1.185738 2.263538
159667969 -1.973924 -2.366184 -1.417069 -1.294816 -1.159005 2.228307
179656982 -2.052199 -2.541201 -1.304337 -1.390160 -1.158044 2.190516
199615479 -1.735394 -2.743299 -1.368398 -1.413962 -1.158044 2.190516
219573975 -1.038254 -3.129846 -1.578668 -0.732179 -1.208785 2.553590
239532471 -0.805833 -3.600859 -1.584543 -0.544688 -1.211303 2.655457
259490967 -1.717823 -3.593248 -1.253066 -1.318134 -1.182262 2.271694
279449463 -2.783485 -3.469157 -0.129045 -1.951011 -1.133212 1.716907
299407959 -2.992363 -3.732892 -0.111842 -2.006577 -1.108274 1.707861
319366455 -2.050812 -3.490516 -1.006184 -1.415299 -1.221949 2.211289
339324951 -1.280260 -3.703074 -1.732607 -0.590814 -1.206456 2.765838
359283447 -1.349445 -4.192285 -1.860860 -0.698281 -1.206456 2.765838
379272461 -1.856656 -3.692715 -1.280022 -0.858483 -1.163668 2.838832
399230957 -1.734192 -4.521441 -0.045410 -1.040043 -1.263461 2.585189
419189453 -1.724172 -5.576769 -0.390914 -0.697065 -1.400064 2.626054
439147949 -1.602908 -5.912582 -1.003726 0.243717 -1.246205 -3.053952
459106445 -1.418140 -5.896142 -1.474597 1.988546 -1.108556 -2.773381
479064941 -1.350137 -6.788072 -1.225406 2.313746 -0.986583 -2.457169
499023437 -2.341388 -7.716926 -0.193654 1.765602 -1.325422 -1.706307
518981934 -3.217812 -8.586920 0.814110 3.074805 -0.216731 0.165898
538940430 -2.909412 -9.459007 0.119753 2.519258 0.914018 -1.094332
558898926 -1.793011 -10.454955 -0.944832 2.506298 0.914018 -1.094332
578857422 -1.024634 -11.259572 -1.958662 2.943707 0.689295 -2.064084
598815918 -1.453006 -11.550056 -1.646259 2.930757 0.791857 -1.964267
618804932 -1.738289 -12.414832 -0.516740 2.787927 0.936302 -1.635656
638763428 -0.407798 -14.205854 -0.409111 2.797267 0.922154 -1.578142
658721924 2.458916 -15.208744 -0.344722 2.819990 0.791966 -1.559038
678680420 5.244842 -14.993845 0.901451 2.784610 0.667687 -1.458075
698638916 6.275062 -15.336351 2.304397 2.732243 0.661802 -1.370433
718597412 6.619459 -16.624586 2.286072 2.735780 0.726687 -1.380087
738555908 7.519032 -18.839333 1.871279 2.721870 0.726687 -1.380087
758514404 7.938845 -20.359606 1.304849 2.775304 0.857490 -1.456501
778472900 8.597019 -21.102446 2.133518 2.731218 0.883299 -1.416513
798431396 9.588021 -23.559341 4.068317 2.620804 0.930501 -1.324233
818389893 10.477001 -27.154440 5.343519 2.557675 0.995407 -1.266778
838378906 11.466728 -29.464598 5.911530 2.491856 1.038252 -1.240797
858337402 14.274881 -30.800940 6.233019 2.450873 1.035967 -1.250411
878295898 16.992172 -31.229065 6.298124 2.364829 1.035967 -1.250411
898254395 19.628357 -30.162960 7.317082 2.194219 1.016848 -1.242521
918212891 22.418463 -28.517002 8.807665 1.808231 0.966988 -1.201501
938171387 24.653969 -24.198425 7.034885 1.379640 0.966988 -1.201501
958129883 25.872101 -17.031879 3.887275 0.640180 0.817660 -1.381021
978088379 24.805611 -12.075016 3.928430 0.396820 0.759355 -1.369417
998046875 22.211887 -9.617994 6.249660 0.343687 0.760642 -1.239452
1018005371 19.710312 -6.983855 7.516930 0.284442 0.749012 -1.129349
1037994385 17.994865 -4.747775 7.024176 0.241795 0.737447 -1.104962
1057952881 15.916428 -4.063984 5.361870 0.216001 0.811168 -1.138230
1077911377 14.453768 -3.324360 3.656044 0.211055 0.877922 -1.222422
1097869873 13.811474 -2.029676 3.182784 0.199821 0.871033 -1.250367
1117828369 13.609470 -0.430644 2.897156 0.196976 0.814118 -1.285817
1137786865 13.085848 0.365602 2.781523 0.192201 0.805094 -1.295718
1157745361 12.866560 0.936509 2.354755 0.207300 0.791249 -1.353858
1177703857 13.284136 1.845237 2.302062 0.196875 0.694970 -1.370368
1197662354 13.576143 2.761496 1.777396 0.220284 0.598231 -1.433034
1217620850 13.625482 3.452916 1.177487 0.222446 0.526301 -1.496032
1237579346 12.898272 3.487563 0.349961 0.240769 0.563806 -1.596089
1257568359 11.360758 3.523558 0.044287 0.266218 0.671812 -1.652697
1277526855 9.678244 3.165079 0.178757 0.299324 0.877562 -1.657225
1297485352 7.158431 2.061756 0.435011 0.485690 1.286810 -1.684434
1317443848 4.649595 0.390327 0.887488 -1.905453 1.514692 1.320584
1337402344 3.769090 -0.319383 1.901239 -0.998910 1.408714 0.750120
1357360840 2.639013 -0.355817 1.674812 -1.069352 1.361135 1.136129
1377319336 0.338095 -1.047685 0.794519 -0.851742 1.216920 1.600893
1397277832 -1.462165 -1.839989 0.524556 -0.658158 1.131390 1.652459
1417236328 -3.040431 -1.966700 0.327730 -0.496912 1.051193 1.665676
1437194824 -3.855366 -1.847808 -0.907621 -0.448607 1.003248 1.826575
1457153320 -4.304589 -1.695212 -1.974924 -0.420034 0.968531 1.950252
1477142334 -4.025653 -1.517362 -1.522616 -0.424032 1.004346 1.907083
1497100830 -3.651334 -0.971654 -1.314016 -0.428205 1.026886 1.893978
