0 1.014496 -0.242876 0.326396 0.531677 -1.299577 1.433531
19958496 -0.005389 -0.093066 -0.137640 0.542249 -1.299577 1.433531
39947509 -0.339531 0.130469 -0.418284 0.993031 -1.202689 1.629633
59906006 -0.322100 0.186824 -0.959239 1.395810 -1.169759 1.885688
79864502 -0.117535 0.126190 -1.117625 1.391485 -1.169759 1.885688
99822998 0.156080 0.224355 -0.838055 1.334172 -1.221367 1.967834
119781494 0.430019 0.316389 -0.550523 1.309778 -1.221367 1.967834
139739990 0.616223 0.395413 -0.603608 1.293380 -1.280125 2.070011
159698486 0.562453 0.196615 -1.314790 1.576108 -1.233590 2.288948
179656982 0.622792 -0.146905 -1.369953 1.572844 -1.233590 2.288948
199615478 0.969582 -0.543563 -0.465035 1.283576 -1.309242 2.150331
219573974 1.319939 -0.537649 0.575845 1.292687 -1.309242 2.150331
239532470 1.624830 -0.560036 0.820578 0.575024 -1.392816 1.701150
259521484 1.926542 -0.756956 0.291049 0.989896 -1.453501 2.106356
279479980 2.445428 -1.067141 -0.169391 1.746027 -1.444880 2.850140
299438476 3.045097 -1.430432 -0.135058 2.331072 -1.438094 -2.809822
319396972 3.585791 -1.693606 0.198041 2.328937 -1.438094 -2.809822
339355468 3.931700 -2.102555 0.272336 2.942894 -1.371677 -2.085872
359313965 3.959864 -2.603347 -0.212355 2.736147 -1.301812 -2.361702
379272461 4.600706 -2.999655 -1.042512 2.725310 -1.124719 -2.433139
399230957 5.741184 -3.023968 -1.436858 2.815856 -0.976645 -2.310074
419189453 6.443129 -3.161882 -2.544736 2.771651 -0.828400 -2.393079
439147949 6.616119 -3.588911 -3.589845 2.727909 -0.716416 -2.498847
459106445 6.454212 -4.102573 -3.799562 2.710310 -0.675751 -2.549276
479064941 5.949149 -5.439578 -2.818059 2.724754 -0.644165 -2.525851
499053955 6.570228 -6.295521 -1.680152 2.904049 -0.582891 -2.217974
519012451 8.103511 -6.615250 -0.588057 -3.122868 -0.439395 -1.790722
538970947 8.810395 -7.680703 0.930141 -2.875504 -0.179839 -1.437468
558929443 7.916132 -8.658113 1.511961 -2.684356 0.089783 -1.244233
578887939 6.362878 -9.368046 0.667101 -1.952264 0.707765 -1.393350
598846435 5.883416 -9.531030 -1.022066 1.693071 0.885389 -2.726186
618804931 6.627196 -10.168413 -1.020160 1.278511 1.076028 -2.560211
638763427 6.725480 -11.609409 0.580450 -0.989030 1.455840 -0.862179
658721924 5.629043 -12.807078 0.888397 -2.796411 1.358335 0.983693
678680420 5.003593 -13.653767 -0.364369 2.849288 1.294404 1.664334
698638916 4.605131 -15.151432 -0.784226 2.814745 1.277013 1.676963
718627929 4.615101 -16.896126 0.254372 3.132718 1.299851 1.307194
738586425 4.814388 -19.120729 2.414489 -2.692737 1.284410 0.847229
758544922 5.009522 -22.263224 5.353386 -2.361268 1.245294 0.540083
778503418 2.563388 -25.037481 6.459912 -2.467908 1.219374 0.701788
798461914 -1.100137 -25.642557 4.830106 -2.826624 1.199119 1.034532
818420410 -4.977420 -24.902185 4.187438 -3.036080 1.131008 1.193975
838378906 -9.341987 -24.702724 4.049990 2.964415 1.057971 1.272935
858337402 -11.894892 -21.758844 1.596402 1.888459 1.001361 1.427898
878295898 -11.613674 -19.018950 1.921867 1.201401 0.995992 1.408253
898254394 -12.389439 -18.250986 4.498281 0.700450 0.978064 1.274986
918212890 -11.610307 -16.158192 3.318627 0.596692 0.996853 1.329075
938171386 -10.448784 -14.963510 4.380814 0.549597 1.024658 1.238555
958160400 -9.736862 -14.248763 6.709628 0.471818 1.024607 1.052853
978118896 -10.329943 -13.238222 5.878724 0.491641 1.019341 1.090488
998077392 -10.950185 -11.094610 2.642328 0.511728 1.013147 1.296251
1018035888 -11.094457 -9.200785 1.020594 0.499067 0.995534 1.396439
1037994384 -10.431557 -7.480974 0.862711 0.523627 0.995528 1.375993
1057952881 -9.635492 -5.903835 0.928923 0.542317 1.000483 1.328804
1077911377 -8.808672 -4.530672 0.238735 0.535923 1.020843 1.356366
1097869873 -8.196614 -3.266769 0.306918 0.573642 1.026074 1.307242
1117828369 -7.859207 -2.284446 0.103968 0.566527 1.027831 1.297004
1137786865 -7.533808 -1.484687 -0.524554 0.533897 1.041326 1.353862
1157745361 -7.179778 -0.886338 -0.989813 0.488868 1.062583 1.407379
1177734375 -7.084114 -0.329576 -0.594949 0.524894 1.054623 1.336625
1197692871 -6.934910 -0.400491 -0.185985 0.555005 1.071799 1.261988
1217651367 -6.256623 -0.282488 0.162592 0.628988 1.117616 1.158386
1237609863 -5.193367 0.052111 0.506655 0.751227 1.180856 0.982794
1257568359 -4.156898 0.059102 1.289817 1.012927 1.211161 0.647213
1277526855 -3.612779 -0.410318 2.052776 1.175020 1.200298 0.411640
1297485351 -3.195579 -0.176012 2.284619 1.257102 1.188531 0.274970
1317443847 -2.883256 0.181179 2.195231 1.347536 1.188981 0.182789
1337402343 -2.527526 0.317904 2.093076 1.446219 1.192765 0.072790
1357360840 -2.596945 0.169375 1.548823 1.492446 1.241347 0.086480
1377319336 -2.559928 0.061624 0.648277 1.599977 1.326155 0.078945
1397308349 -2.330130 0.317655 0.300832 1.743622 1.351609 -0.042034
1417266845 -2.076149 0.331643 0.118751 1.916043 1.363967 -0.190084
1437225342 -1.622642 0.190871 0.005461 2.166489 1.361983 -0.427832
1457183838 -0.928261 -0.009956 0.189274 2.352589 1.312640 -0.641976
1477142334 -0.199831 -0.243850 0.051655 2.608731 1.276843 -0.858997
1497100830 0.114518 -0.367441 -0.514570 2.881584 1.281955 -1.066877
