0 0.112833 -0.052146 -0.099011 0.649935 -1.369228 1.337170
19958496 -0.611828 0.330410 -0.622006 0.649935 -1.369228 1.337170
39916992 -1.467292 0.493396 -0.880656 1.476138 -1.236078 1.692776
59875489 -1.302477 0.250879 -0.463118 1.307014 -1.252233 1.584068
79833985 -0.492287 -0.043362 -0.008589 1.313756 -1.252233 1.584068
99792481 0.280841 -0.317662 0.023971 0.646098 -1.411810 1.374026
119750977 0.600198 -0.497108 -0.260405 0.891516 -1.456131 1.675440
139709473 0.524100 -0.548282 -0.835769 0.891516 -1.456131 1.675440
159667969 0.523723 -0.515858 -1.073719 1.781900 -1.414235 2.426498
179626465 1.006845 -0.580354 -1.352026 2.166353 -1.413077 2.866925
199584961 1.128364 -0.707788 -1.380801 2.269303 -1.413401 2.986392
219573975 1.080182 -0.660530 -0.493531 1.877459 -1.509405 2.704957
239532471 1.069207 -0.573495 -0.186959 1.877459 -1.509405 2.704957
259490967 0.885178 -0.471485 -0.506029 1.743039 -1.498053 2.508087
279449463 0.530284 -0.427769 -0.655639 1.664673 -1.460392 2.339695
299407959 0.592039 -0.471164 -0.688461 1.728734 -1.462083 2.437093
319366455 0.824780 -0.572015 -0.482996 1.739586 -1.462083 2.437093
339324951 1.055686 -0.719288 -0.467775 2.102244 -1.502588 2.928862
359283448 0.968499 -0.684327 -0.478695 2.042246 -1.496508 2.851496
379241944 1.005411 -0.987815 -0.620130 2.186867 -1.476781 2.983166
399200440 1.387016 -1.293797 -0.766418 2.551839 -1.450346 -2.869135
419158936 1.480927 -1.730530 -0.780826 2.605612 -1.435653 -2.783347
439117432 1.596424 -2.097763 -0.685677 2.732294 -1.430262 -2.651902
459106446 1.881753 -2.615859 -0.750106 2.862322 -1.384820 -2.487218
479064942 2.253130 -3.470345 -1.191204 2.909261 -1.264277 -2.476452
499023438 2.955264 -4.601645 -1.370637 3.019652 -1.089581 -2.306883
518981934 3.868122 -5.711206 -1.322253 2.985946 -1.089581 -2.306883
538940430 4.830017 -6.538498 -0.895520 3.082426 -0.854645 -2.118063
558898926 5.969502 -7.361599 -0.696520 -3.132803 -0.634550 -1.919367
578857422 6.923207 -8.186366 -1.329161 -3.120766 -0.395633 -1.829754
598815918 7.685496 -9.143703 -2.244161 3.092543 -0.198488 -1.915996
618774414 8.488547 -10.378639 -3.058962 3.021782 -0.024838 -2.025185
638732910 9.461918 -11.934616 -2.595819 2.964039 0.152533 -2.091254
658721924 10.020518 -13.624397 -0.768528 -3.094368 0.595308 -1.737043
678680420 10.395860 -15.634254 1.173701 -2.285262 0.819297 -1.436796
698638916 9.946362 -17.822357 0.817642 -0.886058 1.066373 -1.454655
718597412 10.862938 -20.892328 -0.049143 -0.290531 1.186162 -1.601010
738555908 13.937212 -24.026985 2.115859 -0.669450 1.146969 -1.325527
758514405 15.374743 -28.650438 4.855704 -0.803529 1.190347 -1.086957
778472901 14.665109 -35.058506 5.172887 -0.714900 1.319801 -1.016823
798431397 9.412615 -40.534088 3.262020 -0.614901 1.319801 -1.016823
818389893 0.537201 -38.193413 5.880372 -2.573631 1.395262 0.999831
838348389 -10.662317 -35.869392 8.811246 -2.673771 1.241977 1.138618
858306885 -20.030010 -33.856274 4.119428 -3.113200 1.160836 1.405013
878265381 -25.351343 -32.327969 -1.803515 2.730289 1.160836 1.405013
898254395 -26.569244 -31.264662 0.567621 1.081724 1.008772 1.532265
918212891 -27.150988 -30.576530 4.557987 0.538371 0.918883 1.404305
938171387 -25.416588 -24.567171 4.329460 0.453764 0.864917 1.396860
958129883 -21.888596 -20.512196 5.610796 0.473977 0.872714 1.315147
978088379 -18.648605 -17.175034 7.330371 0.529869 0.877921 1.191053
998046875 -16.633266 -13.554712 6.479246 0.553538 0.868012 1.175949
1018005371 -15.767557 -10.982624 5.435316 0.555086 0.853443 1.190929
1037963867 -15.333309 -8.371417 4.564219 0.541578 0.820961 1.206666
1057922364 -14.580607 -6.200567 2.336828 0.504355 0.819785 1.305890
1077880860 -14.519730 -4.044560 1.946531 0.467155 0.772285 1.318725
1097839356 -13.198672 -2.234065 2.787876 0.508938 0.754899 1.214045
1117828369 -11.245893 -1.557183 1.055438 0.449780 0.844724 1.281361
1137786866 -9.956518 -1.442690 -1.348668 0.325048 0.950067 1.501479
1157745362 -9.399221 -0.969424 -2.571774 0.189824 0.985160 1.668470
1177703858 -9.948098 -0.377764 -1.460856 0.282267 0.941694 1.519455
1197662354 -9.488822 0.565195 0.605124 0.494007 0.908599 1.211778
1217620850 -9.037028 0.952396 1.337068 0.591202 0.899835 1.068467
1237579346 -8.453304 0.921114 0.556898 0.556402 0.971967 1.124757
1257537842 -7.561850 0.570015 0.053949 0.571282 1.081334 1.132191
1277496338 -6.590435 0.400649 0.388325 0.734381 1.154796 0.946326
1297454834 -5.405322 0.836282 0.772673 1.000192 1.197642 0.636351
1317413330 -4.132203 0.767148 0.185644 0.980872 1.197642 0.636351
1337371826 -3.082183 0.355994 -0.854174 2.181803 1.464565 -0.465958
1357360840 -1.964379 0.346164 -1.020574 2.929016 1.384991 -1.209291
1377319336 -1.200787 0.191377 -0.688888 2.854381 1.300937 -1.201525
1397277832 -0.701762 -0.016393 -1.464787 -3.002871 1.273627 -1.524278
1417236328 -0.451587 0.044740 -2.091778 -2.745866 1.245333 -1.724045
1437194825 -0.379918 0.133907 -1.740964 -2.911203 1.242552 -1.592838
1457153321 -0.354271 0.107378 -1.424902 -3.093322 1.245086 -1.469396
1477111817 -0.048798 0.135284 -1.845981 -2.890743 1.221752 -1.595792
