0 0.399261 -0.150966 0.082153 1.426934 -1.440387 2.160879
19958496 0.212231 -0.095859 -0.045101 1.000711 -1.474965 1.852698
39916992 0.111203 -0.099356 -0.467297 1.132993 -1.451504 1.925642
59875488 0.332831 -0.280371 -1.195101 1.484928 -1.420501 2.193744
79833984 0.462028 -0.317687 -0.960643 1.902137 -1.405899 2.585287
99792480 0.745037 -0.344377 -0.785366 1.909536 -1.405899 2.585287
119750976 0.852181 -0.426519 -0.734961 1.922953 -1.437642 2.691711
139709472 0.655025 -0.206954 -0.572889 1.953837 -1.447430 2.736155
159667968 0.375902 -0.256321 -0.788973 1.732550 -1.454587 2.485895
179626464 0.544145 -0.434649 -0.752195 1.709916 -1.418165 2.405566
199584960 0.581598 -0.501781 -0.389118 1.732279 -1.431643 2.456388
219573974 0.459835 -0.496898 -0.130588 1.424491 -1.462031 2.216227
239532470 0.505134 -0.692258 0.036311 1.086104 -1.462869 1.901745
259490966 0.468730 -0.977922 -0.029499 0.849660 -1.468494 1.749719
279449462 0.541034 -1.391323 0.009127 1.078565 -1.460595 1.904229
299407958 0.812197 -1.831413 -0.328840 1.027342 -1.460595 1.904229
319366455 1.263317 -2.469460 -0.861684 1.595143 -1.453959 2.464378
339324951 1.758712 -3.293532 -0.520841 2.214908 -1.390652 3.059989
359283447 1.974771 -4.162580 0.237580 2.563667 -1.404011 -2.759393
379241943 2.552512 -4.577428 0.727268 3.105294 -1.448995 -1.991992
399200439 3.229850 -4.650785 -0.769872 -2.867716 -1.338942 -1.479761
419158935 3.966937 -5.120350 -2.549397 2.912486 -1.111002 -2.280517
439117431 5.339430 -5.935269 -2.444567 2.846024 -0.790637 -2.511883
459106445 7.035507 -6.770513 -1.353097 2.929933 -0.594048 -2.293274
479064941 8.306836 -7.501012 -0.939812 3.053161 -0.407860 -1.973424
499023437 8.199992 -8.260341 -1.957501 3.071483 -0.247243 -1.866089
518981933 7.719384 -9.146443 -3.740996 2.803625 0.037550 -2.334941
538940429 7.291436 -10.323731 -4.304415 2.761395 0.037550 -2.334941
558898925 7.107400 -11.596495 -3.108370 2.422973 0.556951 -2.416967
578857421 7.797530 -12.903819 -1.029692 1.330092 0.908161 -1.975689
598815917 8.245724 -13.978256 1.632448 -1.102240 1.069851 -1.191301
618774414 7.441299 -15.324064 2.922733 -1.438765 1.219209 -0.600927
638732910 6.361666 -17.252670 2.316483 -1.821094 1.413197 0.029802
658721923 6.556080 -20.350298 1.152278 -2.576880 1.525728 0.899336
678680419 7.203383 -23.428415 1.111970 -2.689935 1.540496 1.052648
698638916 6.633047 -27.931160 4.178568 -2.073764 1.427081 0.451453
718597412 3.227861 -33.266987 8.761457 -2.039627 1.427081 0.451453
738555908 -5.949828 -36.061016 10.328787 -2.459203 1.134839 0.974516
758514404 -13.504386 -35.841015 7.808162 -2.713188 1.043034 1.227674
778472900 -16.942413 -34.190136 3.072240 3.027115 1.027329 1.434961
798431396 -18.887842 -32.467667 0.453663 2.031360 0.992453 1.538732
818389892 -23.202728 -27.856983 2.358847 0.603566 0.885902 1.476953
838348388 -23.173069 -21.417349 4.039644 0.335567 0.810318 1.415501
858306884 -21.113247 -16.808975 3.846171 0.300923 0.786450 1.406297
878265380 -17.531525 -13.753015 5.148653 0.275728 0.809390 1.314751
898254394 -13.454667 -12.213609 6.947080 0.297716 0.809390 1.314751
918212890 -10.384944 -11.405644 7.745748 0.385367 0.937749 0.988157
938171386 -10.990192 -9.512442 6.162342 0.433137 0.917819 1.055938
958129882 -12.418154 -7.310794 2.700895 0.496249 0.917819 1.055938
978088378 -12.343113 -5.321393 0.568744 0.395523 0.858126 1.393791
998046875 -11.530568 -3.848144 0.250918 0.399822 0.862749 1.383839
1018005371 -10.947316 -2.652897 0.499619 0.415389 0.859642 1.330262
1037963867 -10.007117 -1.667752 0.039634 0.416065 0.886528 1.333809
1057922363 -8.925567 -1.250114 -0.693468 0.399666 0.953853 1.376912
1077880859 -8.418045 -1.400452 -0.932142 0.398679 1.010905 1.389148
1097839355 -8.199913 -0.821974 -0.534701 0.428142 1.010709 1.323508
1117797851 -7.891396 0.005803 0.352140 0.515957 0.986422 1.176646
1137786865 -7.469559 -0.086349 0.919212 0.595279 1.009522 1.062544
1157745361 -6.858928 -0.368160 1.146892 0.663020 1.059304 0.971307
1177703857 -6.152891 -0.059422 0.847786 0.689220 1.113139 0.940507
1197662353 -5.446097 0.233176 1.541037 0.842460 1.110080 0.727938
1217620849 -4.539306 0.386597 1.975715 1.001391 1.117125 0.502277
1237579345 -4.120451 0.405416 0.958674 1.028684 1.212752 0.533157
1257537841 -3.661674 0.274912 -0.232442 1.027061 1.337291 0.632982
1277496337 -2.903869 0.160887 -1.043857 1.165725 1.453388 0.545661
1297454833 -2.316931 0.217520 -0.761651 1.663697 1.442768 0.028109
1317413330 -1.190528 0.190021 -0.600040 1.628428 1.442768 0.028109
1337371826 -0.249468 0.119655 -0.576723 2.591079 1.325435 -0.959071
1357360839 0.081261 0.040669 -0.857646 2.795155 1.316742 -1.117593
1377319335 0.175525 0.150926 -0.929094 2.841924 1.311921 -1.145128
1397277832 0.215086 0.213140 -1.191862 2.946509 1.320697 -1.234408
1417236328 0.282270 0.044301 -1.552028 -3.116661 1.333329 -1.379942
1437194824 0.568287 -0.083177 -1.506580 -3.117101 1.313412 -1.382666
1457153320 0.962270 -0.051041 -0.974524 2.933988 1.266480 -1.230974
1477111816 1.113731 -0.019502 -0.901349 2.925822 1.251781 -1.218406
1497070312 1.022373 -0.013080 -1.201947 2.911556 1.251781 -1.218406
