0 0.521352 0.285161 -0.154886 0.719302 -0.396516 1.822455
19952087 0.461664 0.223977 -0.227140 0.706743 -0.387500 1.825979
39910583 0.371456 0.168454 -0.422269 0.792704 -0.377114 1.842666
59869079 0.085343 0.124863 -0.595589 0.832166 -0.363016 1.853592
79827575 0.470778 -0.035309 -0.402437 0.851392 -0.363016 1.853592
99786071 0.790195 -0.158909 -0.123753 0.793582 -0.371422 1.835445
119744567 0.908196 -0.055417 0.116547 0.764934 -0.371422 1.835445
139733581 1.138054 0.057900 0.342777 0.601588 -0.422087 1.809740
159692077 1.690746 -0.097211 0.519351 0.548560 -0.440230 1.817372
179650573 2.520652 -0.170207 1.140777 0.370025 -0.491609 1.769088
199609069 2.457182 -0.128878 0.723372 0.506109 -0.486190 1.842858
219567565 1.941531 0.161518 0.689221 0.500711 -0.486190 1.842858
239526061 1.322428 0.332570 0.074240 0.679125 -0.469121 1.896100
259484558 2.947204 0.389043 0.405778 0.593338 -0.592596 1.932099
279443054 5.323792 0.033386 0.515217 0.732402 -0.784668 2.127345
299401550 6.134036 -0.330866 0.211492 0.738460 -0.784668 2.127345
319360046 5.248648 -0.571656 0.026132 0.980101 -0.658431 2.247595
339318542 4.853806 -0.579025 0.727536 0.993876 -0.658431 2.247595
359277038 6.195111 -0.746090 2.473587 -0.053552 -0.978098 1.606325
379266052 8.462161 -1.350817 3.442052 -2.027634 -1.188910 -0.350042
399224548 8.095654 -2.898799 2.411496 -2.027634 -1.188910 -0.350042
419183044 6.134799 -3.537550 2.054825 2.133312 -0.024281 1.881791
439141540 4.852644 -2.451262 2.073527 0.457055 -0.337628 1.732725
459100036 7.225228 -1.985322 2.872041 0.601802 -0.337628 1.732725
479058532 10.419149 -3.339041 2.519316 -2.628757 -0.099128 -1.376402
499017028 12.793539 -4.619823 1.180607 0.976103 0.236675 -1.665230
518975524 14.350400 -4.459495 1.083950 -1.020166 0.194416 -1.596549
538934020 14.545300 -4.282365 1.517939 -1.191779 0.216319 -1.468853
558892516 13.768685 -4.740936 -0.406382 -0.113634 0.392511 -1.704687
578851013 14.250086 -5.944499 -1.782663 0.013744 0.582136 -1.814290
598840026 15.912004 -8.311851 -2.061498 -0.196847 0.739229 -1.731949
618798522 16.846472 -12.172373 0.464541 -0.225315 0.739229 -1.731949
638757018 13.602018 -18.146904 5.832656 -0.495618 0.929129 -1.410336
658715515 4.070806 -23.978523 6.713636 -1.069871 1.137286 -0.699762
678674011 -9.928579 -29.157059 5.339816 3.120563 1.055108 1.210207
698632507 -20.482979 -31.201620 4.255353 2.348035 0.908992 1.371420
718591003 -28.039776 -27.050934 4.592596 0.990888 0.752635 1.402546
738549499 -28.623058 -19.756830 6.678690 0.480814 0.634941 1.348660
758507995 -24.208307 -14.412315 8.019578 0.318363 0.598072 1.278377
778466491 -18.630199 -11.110756 7.417344 0.289223 0.598072 1.278377
798424987 -15.534583 -8.691740 4.742795 0.322348 0.643295 1.308087
818414001 -13.530382 -6.399613 3.328258 0.322565 0.643295 1.308087
838372497 -10.791027 -4.727730 2.613878 0.353470 0.634482 1.346717
858330993 -8.951759 -2.921529 1.539011 0.391495 0.660169 1.341139
878289489 -7.628720 -1.473940 -2.059647 0.453128 0.667554 1.605092
898247985 -6.187561 -0.051480 -1.953580 0.449615 0.667554 1.605092
918206481 -4.980013 0.854187 -0.357473 0.445318 0.683632 1.404146
938164977 -5.965363 1.130028 -1.230125 0.424434 0.638393 1.495005
958123474 -9.013014 1.526681 -2.220789 0.393560 0.509947 1.585262
978081970 -10.176723 1.415038 2.105636 0.378740 0.472100 1.273874
998040466 -8.745044 0.601951 1.677048 0.412537 0.567903 1.262839
1017998962 -6.035406 0.077418 0.418676 0.411573 0.567903 1.262839
1037987975 -3.120061 -0.045989 1.714042 0.559181 0.850510 1.037926
1057946472 -0.957633 -0.005191 1.751835 0.639460 0.965435 0.856077
1077904968 -0.124840 -0.098652 0.822950 0.816286 1.065126 0.889560
1097863464 -0.135542 -0.064926 -0.879716 0.816678 1.133238 1.220253
1117821960 -0.035528 -0.373035 -2.301420 0.726453 1.173208 1.581975
1137780456 -0.326508 -0.387163 -2.025719 0.736997 1.142119 1.537740
1157738952 -0.500503 -0.217625 -0.543777 0.820783 1.091751 1.232241
1177697448 -0.485967 -0.071274 -0.432819 0.832473 1.091751 1.232241
1197655944 -0.586759 -0.126210 -0.786774 0.795404 1.082361 1.298606
1217614440 -0.503488 -0.307023 -1.027982 0.792414 1.082361 1.298606
1237572936 -0.704524 -0.241438 -0.626371 0.789417 1.070221 1.285565
1257531433 -0.470776 -0.149512 0.069987 0.820773 1.060281 1.145755
1277520446 0.114939 0.009333 0.701241 0.901800 1.066562 0.981141
1297478942 0.136576 0.231369 0.311805 0.873664 1.071144 1.052164
1317437438 -0.090231 0.269103 -0.279833 0.845386 1.068908 1.192404
1337395934 -0.279931 0.083274 -0.550013 0.837153 1.063855 1.268092
1357354431 -0.268993 -0.140602 -0.381477 0.855887 1.063855 1.268092
1377312927 -0.084727 -0.325142 0.489937 0.867147 1.063566 1.246254
1397271423 0.245908 -0.354277 1.206043 0.878487 1.031891 0.945108
1417229919 0.053101 -0.292161 1.484252 0.877397 0.989191 0.932777
1437188415 -0.484583 -0.353609 1.323322 0.921351 0.989191 0.932777
1457146911 -0.731170 -0.350938 -0.350517 0.908102 0.946886 1.003074
1477105407 -0.382788 -0.442887 -2.155591 0.934427 0.964489 1.256392
1497094421 -0.650432 -0.102944 -1.182700 0.921597 1.004823 1.548909
