0 -0.430339 -0.373199 0.535627 2.206587 -1.077232 -1.228001
19958496 -0.784235 -0.779509 -0.775169 2.137418 -1.076482 -1.451783
39916992 -0.611686 -0.602384 -1.309770 2.129071 -1.069771 -1.569673
59875488 -0.768474 -0.773674 -0.372161 2.112729 -1.069771 -1.569673
79833984 -1.205908 -1.124524 0.450956 2.185466 -1.062203 -1.328834
99822998 -1.742257 -1.583847 -0.082423 2.250868 -1.053140 -1.102992
119781494 -2.175947 -2.197563 -1.251680 1.858373 -1.153233 -1.537361
139739990 -2.879122 -2.187289 -1.986305 1.132212 -1.237498 -1.876107
159698486 -3.519782 -2.710143 -2.392509 0.086794 -1.271652 -2.197540
179656982 -3.952240 -3.442836 -2.427069 -0.451432 -1.284117 -2.375419
199615478 -4.481580 -4.112141 -2.236403 -0.494983 -1.284117 -2.375419
219573974 -4.741737 -4.933519 -1.857587 -0.890323 -1.330254 -2.628414
239532471 -4.832128 -6.222107 -1.263438 0.015336 -1.409228 -2.185462
259490967 -5.796791 -7.629655 -0.619400 0.015336 -1.409228 -2.185462
279449463 -7.182658 -9.532471 0.254240 0.015336 -1.409228 -2.185462
299407959 -6.976815 -10.162008 0.916709 3.108828 0.868776 0.873693
319396973 -5.488678 -9.631441 0.205173 1.411128 1.417658 -0.237832
339355469 -4.866619 -9.830770 0.083243 2.711865 1.239384 -1.626602
359313965 -6.050997 -11.243901 1.102399 0.964515 1.372302 0.179335
379272461 -7.281405 -12.695918 0.451920 -0.852709 1.382187 1.502816
399230957 -7.027712 -12.371092 -1.836975 -2.351130 1.199471 2.905566
419189453 -6.184788 -11.290719 -3.296397 -2.650876 0.958701 -2.968532
439147949 -4.371854 -11.732450 -2.416919 -3.003828 1.014683 -2.347589
459106445 -5.105011 -14.204124 -0.978177 3.083102 1.294634 -2.007858
479064941 -7.709941 -16.856371 0.603630 1.439088 1.516487 -0.249971
499023437 -7.298990 -18.844866 -0.452860 3.061659 1.507762 -1.847120
518981933 -4.332807 -23.203709 -2.378040 -2.989559 1.351821 -2.051454
538970947 -0.843883 -27.701448 -0.573133 2.935815 1.291327 -1.633820
558929443 4.819366 -33.236481 5.389403 2.947305 1.291327 -1.633820
578887939 12.304728 -35.702785 8.586537 2.477193 1.069563 -1.177865
598846435 19.649925 -33.939529 7.055795 2.546916 0.984782 -1.318210
618804931 23.442663 -32.387177 5.078290 2.553593 0.969445 -1.400951
638763428 27.135559 -31.124327 1.859705 2.589263 0.941124 -1.508805
658721924 29.835424 -30.211517 0.099173 2.429729 0.941124 -1.508805
678680420 29.125450 -25.080420 2.378720 1.827366 0.834005 -1.494305
698638916 27.598194 -19.221596 5.497368 1.194758 0.784640 -1.385539
718597412 25.170931 -13.115799 7.412590 0.817681 0.722255 -1.294325
738555908 23.253691 -8.609229 8.980250 0.621299 0.656360 -1.200284
758514404 21.472158 -4.777494 7.408082 0.482065 0.602075 -1.221835
778503418 19.292120 -2.438690 4.390934 0.385621 0.597035 -1.318982
798461914 16.469553 -1.833425 2.133969 0.343304 0.671147 -1.403188
818420410 13.373569 -1.092127 0.092833 0.309467 0.769675 -1.522666
838378906 10.850595 -0.391986 -1.007540 0.262630 0.869924 -1.628436
858337402 9.525501 0.692231 -1.597154 0.238072 0.899088 -1.718365
878295898 8.574825 1.373602 -1.781152 0.185892 0.899088 -1.718365
898254394 7.903170 1.237436 -1.812357 0.213580 0.996504 -1.798852
918212890 7.730964 0.981961 -1.307378 0.245858 1.035993 -1.707510
938171387 7.869281 1.175868 -0.833613 0.240496 1.018754 -1.610701
958129883 7.812943 1.846387 0.024217 0.232363 0.979611 -1.443453
978088379 7.320044 2.128986 0.423149 0.230860 0.992981 -1.352234
998077392 6.360987 1.441102 0.225543 0.312560 1.113712 -1.362127
1018035889 5.243757 0.933578 0.155957 0.460238 1.230172 -1.331857
1037994385 4.111666 0.891159 0.212072 0.686740 1.322257 -1.219081
1057952881 3.069541 0.521665 -0.118605 1.185408 1.421630 -1.256734
1077911377 1.851396 -0.096252 -0.960399 -2.846158 1.511515 -2.437422
1097869873 0.446227 -0.568279 -1.213553 -1.013061 1.469509 2.372270
1117828369 -0.920064 -0.880045 -0.293409 -0.300791 1.403123 1.512660
1137786865 -2.141173 -1.252850 0.308615 -0.162813 1.320337 1.339704
1157745361 -3.255549 -1.270976 0.599737 -0.135785 1.245010 1.329516
1177703857 -4.201548 -1.372225 0.500719 -0.145224 1.190409 1.398832
1197662353 -4.172599 -1.167537 0.461403 -0.146567 1.195900 1.402936
1217620849 -3.626639 -0.785280 0.000352 -0.186578 1.239766 1.491224
1237609863 -3.123090 -0.529716 -0.817095 -0.345342 1.279554 1.732170
1257568359 -2.875066 -0.494608 -1.299514 -0.428928 1.294922 1.910542
1277526855 -2.766894 -0.674013 -1.038062 -0.398014 1.319158 1.839674
1297485351 -2.613286 -0.532993 -0.820578 -0.369677 1.335944 1.777208
1317443848 -2.044210 -0.254487 -0.268387 -0.250156 1.389156 1.547726
1337402344 -1.462862 -0.224903 -0.193249 -0.257755 1.389156 1.547726
1357360840 -0.672054 -0.100180 0.236418 0.394248 1.497094 0.721271
1377319336 0.134211 0.323364 0.696325 1.266326 1.457450 -0.312045
1397277832 1.043083 0.848329 0.646066 1.697783 1.390274 -0.902385
1417236328 1.371077 0.649488 0.292424 1.964682 1.372450 -1.179772
1437194824 1.077462 0.135910 -0.013413 2.250200 1.409112 -1.296630
1457183838 1.761868 -0.219942 -0.050592 2.196169 1.338912 -1.397402
1477142334 0.558510 0.708952 -0.335767 2.588755 1.434309 -1.483231
1497100830 1.051869 1.127923 0.376303 1.960873 1.344149 -1.154986
