0 0.364928 -0.010010 -0.239193 0.829426 -0.813606 1.422670
19958496 0.481025 -0.166624 -0.131489 0.840058 -0.813606 1.422670
39916992 0.518146 -0.112589 -0.210705 0.783138 -0.817705 1.405400
59875489 0.569520 -0.073378 -0.391634 0.839294 -0.826943 1.429439
79833985 0.554053 -0.065824 -0.361298 0.811334 -0.826606 1.420516
99792481 0.872655 -0.151800 -0.380180 0.794865 -0.846572 1.409861
119750977 1.188762 -0.349300 -0.300949 0.692085 -0.856554 1.382497
139709473 1.236551 -0.425058 -0.220794 0.639477 -0.851764 1.365263
159667969 1.155217 -0.449022 -0.461294 0.789836 -0.844374 1.408824
179626465 1.116110 -0.458731 -0.552169 0.825635 -0.839120 1.424177
199615479 1.147476 -0.624858 -0.665830 0.865501 -0.828369 1.440078
219573975 1.279017 -0.702799 -0.674929 0.875567 -0.828369 1.440078
239532471 1.460331 -1.002995 -0.442777 0.837952 -0.833416 1.434261
259490967 1.948448 -1.593804 -0.842183 0.740529 -0.823044 1.383487
279449463 2.836612 -1.775784 -0.747536 0.596602 -0.907642 1.385297
299407959 3.278146 -1.683295 -0.518177 0.358882 -0.964194 1.299704
319366455 3.026106 -1.692888 -0.418196 0.356785 -0.929597 1.293533
339324951 3.392241 -1.932520 -0.921273 0.560485 -0.971680 1.402805
359283448 4.228616 -2.471537 -1.561508 0.546323 -0.971680 1.402805
379241944 4.775914 -2.839809 -1.065128 0.264889 -1.106514 1.301300
399200440 5.040949 -2.921134 -0.495202 0.257131 -1.106514 1.301300
419189453 4.100135 -2.554756 -0.223687 -0.130737 -0.924774 1.087134
439147950 3.165560 -2.443073 -0.532722 0.397762 -0.805789 1.274418
459106446 3.105148 -3.046393 -1.204987 0.997261 -0.702972 1.438991
479064942 2.324282 -2.966624 -0.487626 1.029272 -0.579786 1.303504
499023438 1.828377 -3.021171 0.825714 -1.831338 -0.465939 1.110423
518981934 2.440929 -2.783282 0.925199 -1.139585 -0.502275 1.060735
538940430 1.495654 -2.682511 0.406273 1.454807 -0.437870 1.227720
558898926 1.061193 -2.790451 -0.296815 1.770649 -0.376147 1.365727
578857422 1.455467 -3.038316 -1.436712 1.751172 -0.323014 1.543218
598815918 0.718681 -2.901765 -1.196771 1.852297 -0.259117 1.513487
618774414 0.188729 -2.900109 0.805357 2.696278 -0.185587 1.277452
638763428 -0.643632 -2.897729 1.800330 -2.852039 -0.121834 1.219367
658721924 -2.019049 -2.534797 1.489668 2.774734 -0.102202 1.309233
678680420 -4.070734 -2.334183 0.865636 2.040110 -0.068515 1.411107
698638916 -5.573745 -1.395984 0.435521 1.423450 -0.096927 1.464166
718597412 -5.552511 -0.680603 0.224352 1.075648 -0.119203 1.481584
738555908 -5.002742 -0.385514 0.387187 0.849155 -0.120065 1.468118
758514405 -4.010571 -0.323263 1.130695 0.536529 -0.110320 1.409103
778472901 -2.673239 -0.149969 1.657118 0.163279 -0.112577 1.357498
798431397 -2.115915 -0.351440 0.672847 0.556782 -0.077390 1.440916
818389893 -2.158816 -0.420470 -1.308351 0.983396 -0.045705 1.619850
838348389 -1.664454 -0.662942 -2.673349 1.165893 0.002535 1.749213
858337403 -1.182398 -0.718510 -1.665493 1.046556 0.039615 1.671618
878295899 -0.381053 -0.966773 -0.285892 0.882256 0.107345 1.550500
898254395 -0.014903 -1.458519 -0.471297 1.078728 0.211837 1.581349
918212891 -1.726545 -1.523264 -0.574475 0.951232 0.231990 1.596859
938171387 -2.826188 -1.383017 0.102288 0.656156 0.242965 1.544600
958129883 -3.564599 -1.203103 0.524774 0.498812 0.254563 1.517395
978088379 -4.876171 -0.739799 0.100153 0.462319 0.233026 1.554521
998046875 -4.967724 -0.474137 -0.162756 0.432461 0.242102 1.574867
1018005371 -4.683537 -0.299932 0.064912 0.387369 0.260654 1.560337
1037963867 -4.279177 -0.278798 0.314829 0.346913 0.290055 1.542935
1057922364 -3.822681 -0.221953 0.728379 0.266958 0.317344 1.510047
1077880860 -3.386884 -0.020977 1.034070 0.212386 0.333591 1.481488
1097869873 -2.985998 0.021952 0.654898 0.291552 0.362834 1.507481
1117828369 -2.938931 0.061786 0.092762 0.305828 0.381958 1.552442
1137786866 -2.985844 0.097623 0.040259 0.339357 0.395247 1.554040
1157745362 -2.647334 0.001553 0.295842 0.307189 0.428085 1.528194
1177703858 -1.968646 -0.248887 0.382751 0.351570 0.486658 1.515712
1197662354 -1.503318 -0.214885 0.301886 0.363389 0.519493 1.519950
1217620850 -1.201812 -0.243403 0.068098 0.399394 0.553976 1.540378
1237579346 -1.073492 -0.433650 -0.266321 0.467327 0.595914 1.572386
1257537842 -1.276566 -0.454244 -0.204277 0.468522 0.609170 1.558685
1277496338 -1.410695 -0.440965 0.016139 0.447910 0.623755 1.525972
1297454834 -2.100897 -0.131724 0.066832 0.373986 0.587159 1.514608
1317443848 -2.653278 0.214684 -0.262550 0.372194 0.552546 1.543198
1337402344 -2.761693 0.348522 -0.552018 0.414400 0.548471 1.567950
1357360840 -2.389826 0.394831 -0.633271 0.435390 0.569027 1.575251
1377319336 -1.894788 0.272461 -0.577892 0.465044 0.608400 1.570272
1397277832 -1.517292 0.090109 -0.564712 0.494580 0.647792 1.571895
1417236328 -1.318815 0.080290 0.028477 0.425777 0.664134 1.505427
1437194825 -1.156297 -0.010469 0.508379 0.406662 0.682647 1.448362
1457153321 -0.956144 0.063100 0.753505 0.400811 0.691885 1.413370
1477111817 -0.843160 0.096302 0.535996 0.394171 0.702825 1.432972
1497070313 -0.598408 0.053717 0.163465 0.452562 0.729060 1.471875
