0 -0.648731 -0.052562 0.900950 1.698048 -0.719524 -1.539447
19958496 -0.510755 -0.067394 0.293196 1.695908 -0.698315 -1.612243
39916992 -0.547130 -0.047209 -0.391320 1.651364 -0.699181 -1.700528
59875488 -0.703464 -0.139579 -0.883759 1.617136 -0.698029 -1.767795
79833984 -0.920313 -0.232221 -1.393592 1.606288 -0.698029 -1.767795
99822998 -1.175891 -0.152006 -1.301592 1.552285 -0.698861 -1.843540
119781494 -1.538018 -0.166247 -0.961868 1.404491 -0.766266 -1.806072
139739990 -2.010005 -0.481100 -0.646595 1.382390 -0.792109 -1.773183
159698486 -2.539250 -0.986170 -0.385180 1.389816 -0.812185 -1.742863
179656982 -3.270092 -1.608075 -0.481346 1.271993 -0.847074 -1.792556
199615478 -4.838644 -2.830568 -1.331583 1.307893 -0.847074 -1.792556
219573974 -6.437320 -3.965942 -1.729074 -1.327794 -0.877604 -2.828940
239532470 -7.205740 -3.999465 -1.270593 -1.551808 -1.018957 2.994726
259490967 -7.244969 -4.112188 -0.030475 -1.782479 -1.335111 2.393615
279449463 -7.640873 -4.470301 0.682576 -2.672717 -1.169544 1.423548
299407959 -8.747648 -5.194162 0.058217 -2.460907 -0.640914 1.812335
319366455 -10.200704 -6.473947 -0.848583 -2.385442 -0.131355 1.955078
339355468 -11.906172 -8.861015 -0.610618 -2.295067 0.295356 1.830729
359313965 -13.124034 -11.358147 0.020827 -2.151264 0.556077 1.734622
379272461 -12.163980 -12.497646 1.749496 -1.849419 0.771219 1.530085
399230957 -9.909971 -12.980721 3.203852 -1.017977 1.055625 1.205976
419189453 -7.631685 -13.271821 3.399802 0.044242 1.355262 0.652847
439147949 -5.843464 -14.345997 3.238688 1.636195 1.397975 -0.798157
459106445 -5.623196 -16.932987 1.337093 2.656045 1.420951 -1.870614
479064941 -7.004635 -19.906055 -1.275803 -2.683435 1.398714 -2.829028
499023437 -5.710973 -23.643507 -0.891322 3.067780 1.423757 -2.153651
518981933 -3.211465 -27.567015 1.029109 2.508409 1.366065 -1.458582
538940429 0.802405 -31.588995 3.514709 2.561101 1.366065 -1.458582
558929443 7.595316 -35.511314 5.871410 2.360232 1.142086 -1.235085
578887939 16.274664 -35.439251 5.460271 2.415105 1.027162 -1.349926
598846435 22.071390 -33.799423 4.323719 2.363075 0.944367 -1.414604
618804931 24.362953 -31.442799 5.314628 2.287147 0.884334 -1.385214
638763427 23.110359 -29.124823 6.632215 2.151010 0.899394 -1.327003
658721924 21.555874 -26.853985 7.819587 1.978633 0.918232 -1.264156
678680420 20.760515 -22.951925 8.413000 1.769137 0.900757 -1.224091
698638916 19.966393 -18.850552 9.506964 1.500853 0.867562 -1.161205
718597412 18.605694 -16.015293 10.595014 1.338454 0.867562 -1.161205
738555908 18.292572 -12.253441 10.754379 1.124419 0.856763 -1.080339
758514404 17.808279 -9.183721 9.543484 0.890239 0.774188 -1.073363
778503418 16.739574 -6.728948 5.425448 0.797578 0.795667 -1.246846
798461914 14.977361 -4.829234 3.324517 0.696907 0.827371 -1.351937
818420410 13.071119 -3.302235 2.901253 0.653040 0.867634 -1.366893
838378906 11.828455 -2.185038 3.490719 0.610503 0.890581 -1.301269
858337402 11.007409 -1.577747 4.729314 0.584862 0.899505 -1.152194
878295898 10.421165 -1.306289 5.739481 0.515612 0.902793 -1.003001
898254394 10.276038 -0.718546 5.478532 0.461907 0.900764 -0.991188
918212890 10.800732 0.275620 5.061873 0.424251 0.843742 -1.042935
938171386 11.363197 1.316082 4.901700 0.373541 0.761740 -1.075674
958129883 11.730228 1.988791 4.988677 0.344147 0.696448 -1.074623
978088379 12.232738 2.425170 5.646869 0.327703 0.696448 -1.074623
998046875 12.886253 2.719951 5.370461 0.287531 0.571919 -1.070850
1018035888 12.553844 2.740295 3.653352 0.314442 0.616245 -1.215917
1037994385 11.887638 3.179726 2.168736 0.337868 0.635080 -1.359832
1057952881 10.789248 2.670133 1.437970 0.371864 0.747796 -1.425809
1077911377 9.198404 1.492540 1.188645 0.434053 0.944264 -1.422856
1097869873 7.927104 0.688625 1.317381 0.509011 1.074427 -1.347504
1117828369 7.040057 0.092645 1.562627 0.566942 1.143172 -1.233905
1137786865 6.993281 -0.553360 1.110806 0.630224 1.149920 -1.319579
1157745361 6.559092 -0.995639 0.300087 0.753009 1.176969 -1.460140
1177703857 5.925509 -1.223315 -0.571326 0.942189 1.200255 -1.628685
1197662353 5.599504 -1.489369 -0.690197 1.165107 1.194385 -1.623778
1217651367 5.911248 -2.210240 -0.327260 1.001245 1.151900 -1.519629
1237609863 6.719514 -3.785367 0.871140 0.962187 1.095487 -1.332959
1257568359 7.737272 -4.596567 1.357870 0.954446 1.018489 -1.308906
1277526855 7.828223 -5.518497 1.576864 1.097121 0.997017 -1.305270
1297485351 6.643599 -7.291485 2.102823 1.260583 0.997017 -1.305270
1317443847 5.280684 -8.875487 3.749246 1.454307 1.077588 -1.087046
1337402343 4.470485 -9.661715 4.470349 1.557619 1.077588 -1.087046
1357360840 4.569389 -9.456095 4.858216 1.563738 1.031405 -1.053226
1377319336 6.037136 -9.412032 5.664268 1.635956 1.031405 -1.053226
1397277832 7.093491 -9.672350 5.193463 1.630897 0.933883 -1.086216
1417236328 7.630342 -11.151667 3.605236 1.863074 0.882337 -1.293615
1437194824 7.431489 -12.247072 2.933704 2.024601 0.883362 -1.337777
1457183838 6.596095 -13.459179 3.621790 2.072571 0.894774 -1.283848
1477142334 5.795662 -13.932699 2.956767 2.190367 0.897873 -1.311785
1497100830 5.330441 -13.973734 2.334203 2.294851 0.879087 -1.342749
1517059326 5.038894 -14.468043 1.962379 2.375450 0.865648 -1.360381
