0 0.032398 -0.132754 0.435160 0.746922 -0.647105 1.460412
19958496 -0.284815 -0.051198 -0.174752 0.708547 -0.647105 1.460412
39916992 -0.844270 0.223934 -0.210656 0.963343 -0.634503 1.545146
59875488 -1.123822 0.368744 -0.598905 1.109738 -0.622899 1.607015
79833984 -0.734876 0.280095 -0.526765 1.109738 -0.622899 1.607015
99792480 -0.105922 0.174857 -0.304962 1.067375 -0.643958 1.604307
119750976 0.654806 0.129039 -0.286797 0.912787 -0.682050 1.582538
139709473 1.114876 0.073485 -0.437111 0.823421 -0.778757 1.620828
159667969 1.410954 0.024179 -0.805720 0.914251 -0.806664 1.694567
179656982 1.708564 -0.058205 -1.007888 0.914251 -0.806664 1.694567
199615478 1.924391 -0.456882 -0.896110 0.946638 -0.833727 1.733781
219573975 2.539207 -0.712975 -0.571065 0.780274 -0.887057 1.683239
239532471 3.148515 -0.805292 -0.593818 0.755168 -0.954385 1.695588
259490967 3.408275 -0.817848 -0.620457 0.704760 -0.990911 1.700499
279449463 3.494571 -1.130819 -0.620902 0.737373 -0.982271 1.698407
299407959 3.332335 -1.443396 -0.710026 0.834781 -0.939866 1.719498
319366455 3.332352 -1.860200 -0.996848 1.008103 -0.900348 1.802610
339324951 3.695120 -2.030803 -0.625588 0.841113 -0.947561 1.732633
359283447 4.130034 -1.835295 -0.074934 0.499433 -1.044308 1.579314
379241943 3.968539 -2.863326 0.078174 0.544193 -0.912902 1.538236
399230957 3.825197 -4.068641 0.162087 0.935405 -0.702728 1.522246
419189453 3.314824 -5.006974 0.374231 2.246645 -0.434935 1.474755
439147949 3.521266 -4.998032 0.181070 2.004400 -0.472571 1.525374
459106445 4.563348 -5.076206 0.804834 -0.828285 -0.610483 1.234518
479064941 5.792431 -5.817929 0.977605 -1.655288 -0.586492 0.817989
499023437 6.003170 -5.809254 1.709833 -1.944129 -0.435930 0.474402
518981934 5.126748 -5.414668 1.839865 -1.995308 -0.431306 0.911130
538940430 3.870062 -4.453358 0.451862 1.734817 -0.516833 1.670620
558898926 3.287642 -4.171916 -1.257698 1.919620 -0.393222 2.076394
578857422 3.761473 -3.972110 -0.455774 1.811492 -0.429200 1.916399
598815918 3.733425 -3.569077 1.429504 1.714036 -0.429200 1.916399
618804932 3.221823 -3.870809 1.034474 2.706879 -0.214491 1.499861
638763428 2.616160 -3.956264 -2.047848 2.063564 -0.058930 2.014743
658721924 1.433417 -3.822404 -2.723472 2.059619 0.018870 1.978992
678680420 -0.022893 -4.479031 -1.791237 2.273005 0.166595 1.769354
698638916 -1.389606 -5.470882 0.424226 2.717607 0.302745 1.498331
718597412 -2.761198 -5.675659 3.004978 -3.088866 0.326860 1.286676
738555908 -3.514087 -5.437535 2.612648 2.983389 0.344123 1.336594
758514404 -4.127982 -5.604682 1.078822 2.499705 0.392556 1.467188
778472900 -3.980289 -5.914162 1.254615 2.567773 0.461173 1.459582
798431396 -3.923419 -6.477621 2.018834 2.790421 0.540347 1.403986
818389893 -4.405317 -6.976395 2.195057 2.820854 0.598986 1.394212
838378906 -5.490671 -7.220658 2.151848 2.486115 0.624330 1.404560
858337402 -7.615944 -7.020011 2.596188 1.242202 0.594489 1.393902
878295898 -8.740488 -6.940585 2.791196 0.593229 0.599978 1.388721
898254394 -9.169765 -6.173639 2.835902 0.476131 0.596695 1.380493
918212891 -10.764715 -5.583220 1.685712 0.496462 0.574640 1.441934
938171387 -12.436980 -4.894395 -0.729416 0.564755 0.545914 1.561078
958129883 -12.990854 -3.846241 -1.861040 0.543378 0.522370 1.610973
978088379 -12.657194 -2.455339 0.332662 0.437793 0.496897 1.492329
998046875 -11.288576 -1.412240 3.856242 0.328637 0.485419 1.282587
1018005371 -8.715499 -0.936207 3.472602 0.329343 0.543404 1.248944
1037963867 -6.069009 -0.826016 1.022780 0.448727 0.664660 1.363878
1057952881 -3.960076 -0.664782 -0.501083 0.554838 0.789701 1.463208
1077911377 -3.676037 -0.068342 -0.666127 0.572664 0.800906 1.458177
1097869873 -4.432078 0.710430 -0.707992 0.556258 0.737399 1.450631
1117828369 -4.324668 1.023578 -1.394723 0.561822 0.737399 1.450631
1137786865 -3.589953 1.528319 -1.393553 0.583721 0.781189 1.499075
1157745361 -3.469732 1.659292 -0.800450 0.562239 0.781189 1.499075
1177703857 -2.521158 0.958007 -1.623706 0.582000 0.785519 1.413885
1197662353 -1.793985 0.366971 -0.924179 0.607428 0.913371 1.527344
1217620850 -1.555930 0.084016 0.050814 0.785768 1.027843 1.218464
1237579346 -1.581233 -0.207842 -0.111468 0.781048 1.027843 1.218464
1257537842 -1.709741 -0.029266 -0.209994 0.781314 1.044001 1.267589
1277526855 -1.339543 -0.078934 -0.212673 0.785177 1.080436 1.249355
1297485351 -0.920357 -0.171285 0.220336 0.863660 1.106623 1.140256
1317443848 -0.424880 -0.261889 0.773358 0.851302 1.106623 1.140256
1337402344 0.104398 -0.380127 0.830122 1.041925 1.164983 0.907390
1357360840 0.619735 -0.443188 0.561716 1.208435 1.219309 0.876057
1377319336 0.330531 -0.218218 0.244768 1.085009 1.208361 0.994763
1397277832 -0.278108 -0.087816 -0.075772 0.945456 1.168268 1.147998
1417236328 -0.435022 -0.007909 -0.443481 0.898093 1.163286 1.252876
1437194824 -0.336912 0.007984 -0.348056 0.913999 1.167192 1.226532
1457153320 -0.129145 0.066004 -0.312643 0.913717 1.167192 1.226532
1477111816 0.088509 0.006842 -0.452736 0.981177 1.206472 1.224257
1497100830 0.131929 -0.007971 -0.264728 1.011743 1.204184 1.176111
1517059326 0.199325 0.010328 -0.135420 1.011743 1.204184 1.176111
