0 0.513112 -0.283283 -0.070518 0.585385 -1.275305 1.348934
19958497 0.491563 -0.030973 0.272728 0.259101 -1.306231 1.190291
39916993 0.268925 -0.052468 -0.070141 0.257685 -1.306231 1.190291
59875489 0.287682 0.044563 -0.376615 0.718044 -1.309138 1.489074
79864502 0.373142 0.126679 -0.341292 0.680879 -1.321988 1.491437
99822999 0.243712 0.089639 -0.388677 0.775550 -1.310957 1.532794
119781495 0.237678 0.096071 -0.283307 0.760771 -1.310957 1.532794
139739991 0.467268 0.046469 -0.420043 0.766406 -1.336573 1.572921
159698487 0.531921 -0.120312 -0.730252 0.971409 -1.338366 1.721624
179656983 0.460988 -0.228855 -0.688898 0.956626 -1.331048 1.699121
199615479 0.564846 -0.305592 -0.341751 0.728405 -1.344491 1.543404
219573975 0.897945 -0.479014 -0.329520 0.731449 -1.344491 1.543404
239532471 1.084419 -0.662095 -0.458776 0.783118 -1.399372 1.649742
259490967 1.251999 -0.859544 -0.512846 0.819431 -1.417432 1.737722
279449463 1.527809 -1.179912 -0.519642 0.910434 -1.446660 1.848459
299407959 1.942849 -1.749165 -0.523272 1.150002 -1.486547 2.156753
319396973 2.459503 -2.108202 -0.243631 1.164900 -1.486547 2.156753
339355469 3.416290 -2.637337 -0.524826 2.983569 -1.398326 -2.154313
359313965 4.821182 -3.535417 -1.501025 2.946777 -1.398326 -2.154313
379272461 6.164661 -3.950955 -2.326020 2.940462 -0.852386 -2.232553
399230958 6.297532 -4.091853 -2.101415 2.913167 -0.829492 -2.219931
419189454 5.988051 -4.652856 -2.053915 2.834610 -0.793683 -2.293541
439147950 6.031099 -5.536710 -2.294216 2.792471 -0.663498 -2.359884
459106446 6.256459 -6.554286 -2.167992 2.792919 -0.502608 -2.337215
479064942 6.254776 -7.413431 -1.437888 2.825834 -0.372113 -2.237639
499023438 5.977127 -7.733121 -1.061521 2.784910 -0.312006 -2.244252
518981934 5.949219 -8.289125 -0.923404 2.717234 -0.068196 -2.270530
538970948 6.118096 -8.859810 0.048574 2.834069 0.358565 -1.890813
558929444 6.375400 -9.506829 0.985361 -1.553070 0.799743 -1.341467
578887940 6.730554 -10.398195 1.227921 -1.243391 0.799743 -1.341467
598846436 6.831311 -11.657284 0.241381 0.706406 1.292449 -2.160830
618804932 6.854809 -12.936953 -1.666122 0.713221 1.292449 -2.160830
638763428 7.355447 -14.197628 -2.024390 1.575914 1.201620 -2.947999
658721924 7.820705 -16.584343 1.026908 0.102439 1.520857 -1.671303
678680420 8.706549 -19.714851 3.683764 -1.255731 1.395570 -0.350847
698638916 9.416306 -22.715729 5.560225 -1.319884 1.345700 -0.264868
718597413 6.154491 -26.657711 4.674243 -2.122225 1.404771 0.599515
738555909 0.471711 -31.975161 4.373699 -2.121622 1.404771 0.599515
758544922 -4.292966 -34.584442 7.286553 -2.717477 1.306148 1.174135
778503418 -12.271936 -34.440044 4.218872 -2.535639 1.207978 1.091912
798461915 -18.970694 -32.817780 -0.452020 2.051391 1.002285 1.599752
818420411 -22.422930 -27.318840 -0.701115 0.613762 0.898610 1.596471
838378907 -23.180349 -21.595753 1.097574 0.364639 0.828272 1.519465
858337403 -20.289505 -16.760057 0.086638 0.398046 0.824163 1.544179
878295899 -15.256182 -14.187728 2.086961 0.416961 0.910174 1.419227
898254395 -13.243537 -13.440239 4.773484 0.451125 0.950554 1.222575
918212891 -12.677336 -11.820689 4.352399 0.456134 0.951926 1.210961
938171387 -11.798904 -9.265899 3.143596 0.491902 0.945687 1.244845
958129883 -10.425455 -7.194364 2.993107 0.519076 0.951811 1.193749
978088379 -9.060736 -6.155344 2.341415 0.557048 0.996003 1.172297
998077393 -8.083468 -4.844342 1.084975 0.569329 1.034714 1.227107
1018035889 -7.560550 -3.669980 0.077693 0.512749 1.056289 1.298637
1037994385 -6.989707 -2.678356 -0.190905 0.498013 1.076943 1.292889
1057952881 -5.902876 -2.038143 -0.645705 0.505403 1.150795 1.305979
1077911377 -4.774386 -1.855838 -0.271602 0.624289 1.233072 1.143391
1097869874 -4.401113 -1.742263 0.385002 0.740931 1.248196 0.940261
1117828370 -4.393243 -1.584467 0.576723 0.793869 1.253826 0.882164
1137786866 -4.578041 -1.329953 0.893714 0.801243 1.237811 0.835001
1157745362 -4.845954 -1.024025 1.713903 0.843605 1.183568 0.723462
1177703858 -5.046504 -0.624747 2.328221 0.875738 1.135172 0.652286
1197662354 -5.392024 -0.457921 2.693717 0.869260 1.097982 0.644800
1217651368 -5.618377 -0.397275 2.489150 0.832124 1.102089 0.690511
1237609864 -4.958793 -0.074250 2.029694 0.900993 1.157292 0.631780
1257568360 -3.788235 0.209602 2.472440 1.144066 1.161457 0.324353
1277526856 -2.837741 0.077905 2.690691 1.338097 1.161158 0.075526
1297485352 -2.249111 -0.228288 1.836254 1.596179 1.242266 -0.099240
1317443848 -2.343766 0.170520 0.872384 1.681206 1.317078 -0.120686
1337402344 -2.544667 0.604032 0.215255 1.693284 1.372312 -0.069591
1357360840 -2.451267 0.569099 -0.038377 1.785195 1.396490 -0.140601
1377319336 -1.759777 0.413197 -0.363774 2.296293 1.403461 -0.623518
1397277833 -0.821682 0.153424 -0.475708 2.677414 1.344268 -1.007481
1417236329 -0.182746 -0.003478 -0.737560 2.943287 1.301766 -1.213740
1437225342 0.043636 -0.097117 -0.966753 3.058767 1.288864 -1.305298
1457183838 0.050989 -0.135736 -1.245450 -3.130534 1.293688 -1.387491
1477142334 0.040707 -0.075024 -1.349750 -3.097564 1.293124 -1.407964
1497100831 -0.322041 0.087799 -1.346749 -3.119312 1.323088 -1.365071
