0 -0.480047 -1.059532 -0.638773 0.210468 -1.313456 2.756381
19958496 -1.068235 -1.863838 -1.263955 0.061095 -1.195063 2.629965
39916993 -1.651552 -2.271601 -0.388604 -0.704512 -1.212358 2.250934
59906006 -3.357755 -3.302331 1.346613 -1.885306 -1.020010 1.562206
79864502 -4.529283 -4.848680 1.862629 -2.234288 -0.755133 1.470659
99822998 -5.223547 -5.722180 -0.498089 -2.237818 -0.755133 1.470659
119781494 -4.198010 -5.811987 -1.101154 -2.476418 -0.631218 2.086940
139739991 -3.307890 -6.026673 -0.084837 -2.272635 -0.756033 1.986805
159698487 -2.773947 -6.668105 0.486742 -2.232518 -0.778083 1.901989
179656983 -2.673076 -8.278863 -0.271649 -2.724339 -0.375714 2.162313
199615479 -3.817319 -10.246674 0.305062 -2.737906 -0.375714 2.162313
219573975 -5.372696 -12.614140 1.578674 -2.605567 0.582433 1.518467
239532471 -6.373013 -14.410274 2.551497 -2.536003 0.725641 1.352665
259490967 -4.590639 -13.942750 3.513546 -2.390023 0.857077 1.013543
279479981 -3.499640 -14.146493 2.999503 -2.067521 1.099230 0.891763
299438477 -3.844487 -14.789314 2.917217 -2.074021 1.099230 0.891763
319396973 -4.878220 -15.373638 2.838028 -1.990043 1.168057 1.061591
339355469 -6.286490 -16.151400 2.672682 -2.083625 1.141615 1.240970
359313965 -6.730872 -17.954998 2.065861 -1.853247 1.257526 1.421761
379272461 -6.469316 -20.953537 0.675163 -1.875850 1.398594 1.948259
399230957 -4.307049 -24.158867 0.561016 2.939839 1.503041 -2.330257
419189453 -1.840046 -26.771223 -0.346245 2.794572 1.358723 -1.915186
439147950 -0.198222 -31.131989 0.473319 2.900458 1.358723 -1.915186
459106446 5.955812 -37.009537 3.054940 2.759895 1.318888 -1.658268
479064942 19.763493 -39.433212 3.418368 2.663697 0.937600 -1.485503
499023438 29.358772 -38.033092 0.608038 2.663722 0.937600 -1.485503
519012452 30.930607 -36.056683 -0.469471 2.721824 0.813544 -1.574836
538970948 31.563547 -34.290230 1.356577 2.646277 0.802765 -1.544602
558929444 28.438814 -32.705837 2.113333 2.573402 0.802765 -1.544602
578887940 27.669933 -31.355312 1.878361 2.507941 0.917456 -1.522319
598846436 30.042616 -30.328762 3.537163 2.270921 0.917456 -1.522319
618804932 32.253956 -25.571644 5.845424 1.763368 0.878951 -1.477420
638763428 29.974266 -17.883671 6.884831 0.966576 0.715368 -1.374399
658721924 26.999720 -12.151205 9.236079 0.735567 0.658733 -1.271868
678680420 24.341324 -7.225636 9.030232 0.581371 0.598888 -1.242589
698638916 20.975740 -4.545798 7.211352 0.490473 0.606429 -1.265764
718597412 18.021072 -2.778601 5.405438 0.435163 0.636523 -1.308657
738586426 15.608786 -0.918873 3.493775 0.392573 0.652453 -1.392936
758544922 13.374738 -0.220552 2.439451 0.390438 0.715629 -1.451154
778503418 11.596727 0.166304 2.517656 0.398332 0.784335 -1.422029
798461914 10.224413 0.338210 1.928722 0.398894 0.784335 -1.422029
818420411 9.266343 0.516998 2.433149 0.428413 0.863578 -1.465265
838378907 9.949586 1.332287 3.369761 0.367166 0.821776 -1.261614
858337403 10.664865 2.506860 3.364200 0.325661 0.705485 -1.286147
878295899 10.639669 3.133927 3.254366 0.318886 0.661172 -1.301223
898254395 10.191866 2.769243 4.055779 0.312063 0.692379 -1.187671
918212891 9.106840 2.697121 2.733722 0.338503 0.782487 -1.300406
938171387 6.568261 1.909883 0.441215 0.508664 1.051703 -1.655743
958160401 3.150750 0.352387 -0.483369 2.210264 1.379821 -2.371228
978118897 1.044827 -0.432240 -0.914393 -1.486176 1.391388 2.799267
998077393 0.853983 0.166632 -1.653058 -1.427331 1.391388 2.799267
1018035889 1.323916 0.492682 -1.995045 -1.190861 1.289205 -3.114862
1037994385 1.603075 0.609240 -2.228800 -1.177213 1.269266 -2.924193
1057952881 0.597388 -0.273490 -2.559838 -1.192875 1.276748 3.118160
1077911377 -1.829773 -1.858399 -2.321281 -0.873123 1.272070 2.485897
1097869873 -3.857005 -2.121995 -0.770739 -0.492660 1.232188 1.899350
1117828369 -4.606283 -1.642981 -0.102568 -0.377831 1.187529 1.719534
1137786866 -3.933053 -1.260338 -0.536784 -0.462855 1.228772 1.841484
1157745362 -2.825841 -0.628396 -1.483373 -0.702336 1.268243 2.208472
1177703858 -1.774224 -0.240148 -1.687904 -0.976654 1.318611 2.529217
1197692871 -1.299828 -0.284842 -1.633134 -1.182369 1.350111 2.721032
1217651368 -0.941496 -0.278315 -1.201885 -1.410215 1.402181 2.861778
1237609864 -0.269797 0.056136 -0.600539 -2.121297 1.459155 -2.869256
1257568360 0.307318 0.325251 -0.328440 -2.892080 1.439513 -2.227186
1277526856 0.192322 0.062115 -0.493055 -2.768124 1.431943 -2.314243
1297485352 1.095222 0.229009 0.440530 2.396595 1.363286 -1.559005
1317443848 3.121678 0.745821 1.324581 1.404498 1.129144 -1.345498
1337402344 5.704077 1.958644 1.391341 0.734444 0.836555 -1.415071
1357360840 6.918981 2.539104 0.705280 0.502162 0.698319 -1.516254
1377319336 6.532031 1.044353 0.592174 0.683892 0.782911 -1.523870
1397277832 6.037024 0.230981 0.368344 0.857226 0.823535 -1.543671
1417266846 5.368593 -0.462469 0.042706 1.196972 0.863471 -1.578719
1437225342 4.896264 0.537951 1.078396 1.160426 0.797650 -1.455361
1457183838 5.734675 0.523372 2.567771 1.089132 0.701318 -1.316986
1477142334 5.989063 -0.620184 2.599945 1.291663 0.714684 -1.319750
1497100830 5.592177 -1.561492 2.387422 1.571283 0.746331 -1.323810
