0 -0.214110 -0.109664 0.184251 1.667410 -1.009709 -1.712162
19989014 -0.257179 0.032248 -0.377239 1.576857 -1.012360 -1.811722
39943788 -0.519825 -0.101751 -0.760951 1.478093 -1.019328 -1.893455
59902284 -0.894983 -0.387899 -1.070218 1.346822 -1.026474 -1.981648
79860780 -1.049940 -0.490661 -0.591955 1.379756 -1.051609 -1.904865
99819276 -1.189253 -0.614040 -0.262616 1.401583 -1.068975 -1.852715
119777772 -1.504146 -0.845710 -0.027736 1.383018 -1.096772 -1.825875
139736269 -1.878782 -1.438524 0.099717 1.341976 -1.111726 -1.823705
159694765 -2.301517 -1.965694 0.519599 1.373660 -1.150349 -1.729521
179653261 -3.544554 -2.620719 0.825270 1.104339 -1.317064 -1.727907
199611757 -6.159299 -4.133079 0.350720 1.115051 -1.317064 -1.727907
219570253 -8.102751 -5.528636 -1.137944 -2.330496 -0.569690 2.251235
239559267 -8.764697 -5.818759 -0.939782 -2.362646 -0.448241 2.173496
259517763 -8.274684 -5.940507 -0.431345 -2.335721 -0.451733 2.193936
279476259 -7.843957 -6.153254 -0.646831 -2.314878 -0.451733 2.193936
299434755 -8.154802 -6.879876 -0.352356 -2.369963 -0.200176 2.269037
319393251 -9.101372 -7.677308 0.735417 -2.362931 -0.200176 2.269037
339351747 -9.760859 -8.616689 0.974386 -2.379656 0.022896 1.961227
359310243 -9.771725 -9.558359 0.649716 -2.265418 0.482930 1.963855
379268739 -9.027773 -10.505577 0.236460 -2.169199 0.761780 2.151647
399227235 -7.836284 -11.804663 0.371547 -2.076842 1.128427 2.406550
419185731 -6.688770 -13.108618 1.696555 -2.067959 1.504223 2.749892
439144228 -5.841083 -14.166241 3.472924 1.606668 1.357882 -0.625829
459133241 -4.691262 -15.012873 3.821438 1.989137 1.238248 -0.888090
479091737 -2.523021 -16.133568 3.759172 2.275823 1.111072 -1.105038
499050233 -0.547696 -18.558016 4.713065 2.314135 1.055521 -1.075219
519008729 2.968671 -19.509735 4.175368 2.480942 0.965386 -1.234962
538967226 6.005480 -18.974085 2.898024 2.584288 0.884140 -1.373834
558925722 7.321914 -19.408253 1.108483 2.689269 0.889640 -1.491272
578884218 6.445451 -19.627420 -0.087203 2.765122 0.951284 -1.556664
598842714 4.814196 -20.890114 1.909089 2.620186 1.050633 -1.401822
618801210 4.128388 -23.301277 3.448060 2.483085 1.127956 -1.272979
638759706 4.642933 -26.903175 3.621724 2.455701 1.187054 -1.268642
658718202 6.693168 -29.960365 3.681552 2.448470 1.198406 -1.301663
678707216 9.788723 -31.531021 4.383390 2.363840 1.172655 -1.300822
698665712 11.698978 -30.842854 6.755771 2.137649 1.170263 -1.179750
718624208 13.342259 -29.970989 7.506312 1.973332 1.185711 -1.131719
738582704 18.719702 -29.394007 6.471450 1.786921 1.101803 -1.236261
758541200 24.604490 -25.716606 7.485679 1.164728 0.943778 -1.243789
778499696 25.775675 -18.134682 6.058912 0.700519 0.837130 -1.291331
798458192 23.643341 -13.399043 5.890115 0.483814 0.807067 -1.264659
818416688 20.181074 -11.576311 7.041772 0.483814 0.807067 -1.264659
838375185 17.246553 -9.548520 6.824721 0.341519 0.851513 -1.149417
858333681 15.104294 -7.691297 5.659522 0.286655 0.896471 -1.082557
878292177 13.474813 -6.036988 4.016567 0.279747 1.003784 -1.148644
898281190 11.814150 -4.833932 2.809276 0.312328 1.084580 -1.212412
918239687 10.506031 -4.148392 2.418204 0.322551 1.164265 -1.220106
938198183 9.388685 -3.430720 1.948849 0.313674 1.164265 -1.220106
958156679 9.063869 -2.908112 2.543774 0.305192 1.267063 -1.149936
978115175 9.646897 -1.854835 3.695115 0.175241 1.164655 -0.964607
998073671 10.856714 -0.733604 3.892557 0.166957 1.028733 -1.048145
1018032167 12.051837 0.004018 3.632163 0.192516 0.907325 -1.173595
1037990663 13.133352 0.696450 3.661781 0.190767 0.773556 -1.224182
1057949159 13.902484 1.296736 3.343498 0.214488 0.670993 -1.296267
1077907655 14.338707 1.797875 3.145831 0.216589 0.592878 -1.328924
1097866151 14.394768 2.437660 2.482884 0.244690 0.528552 -1.408297
1117824647 14.087638 2.641952 1.429939 0.291372 0.529059 -1.538571
1137813661 13.419054 2.108386 1.208512 0.305165 0.628180 -1.554959
1157772157 12.442236 1.801131 0.996223 0.306532 0.732013 -1.570796
1177730653 11.098442 1.174233 0.822957 0.335546 0.899080 -1.588187
1197689149 9.890460 0.279188 0.785693 0.381386 1.058641 -1.584542
1217647645 8.697846 -0.711739 0.577455 0.463066 1.191201 -1.629794
1237606142 8.228821 -1.489575 0.814558 0.481030 1.222587 -1.537343
1257564638 7.659389 -2.355591 1.915499 0.374924 1.234701 -1.215658
1277523134 6.886951 -2.984783 2.798445 0.318519 1.231790 -0.974596
1297481630 5.885256 -3.973429 2.729837 0.443961 1.277933 -0.910174
1317440126 5.923533 -5.086368 2.959364 0.555317 1.253145 -0.936749
1337398622 6.428452 -6.254375 3.464500 0.634727 1.200251 -0.958346
1357387636 7.087319 -6.769133 2.848762 0.785745 1.160939 -1.117952
1377346132 7.718462 -7.514035 2.622530 0.887687 1.115020 -1.199347
1397304628 7.788924 -9.404442 2.751081 1.127478 1.115020 -1.199347
1417263124 7.641290 -11.599660 3.116863 1.389232 1.118232 -1.203823
1437221620 7.523187 -13.272654 3.632410 1.583405 1.109205 -1.189110
1457180116 6.987312 -14.494931 3.646257 1.791387 1.110993 -1.205090
1477138612 6.313188 -15.279402 3.122986 2.027830 1.114199 -1.261094
1497097108 5.922891 -16.155407 3.439625 2.106803 1.099912 -1.256353
