0 0.747659 -0.161951 0.284544 -1.240132 -1.398937 -0.135397
19958496 0.270488 0.063630 0.175722 -0.219770 -1.463384 0.571617
39916992 -0.055302 0.171803 0.104865 0.149609 -1.454238 0.852748
59875488 0.112491 0.244469 0.017631 0.066362 -1.480617 0.815458
79864502 0.434928 0.087770 -0.312607 0.137603 -1.534513 0.851974
99822998 1.021765 -0.109257 -0.456481 -2.270141 -1.530642 -1.434151
119781494 0.821970 -0.152494 0.173049 -1.305554 -1.498659 -0.367662
139739990 0.648702 -0.400728 0.337478 -1.160855 -1.486258 -0.200956
159698486 1.321076 -0.509998 0.837994 -1.164965 -1.486258 -0.200956
179656982 2.041231 -0.465514 0.504753 -1.846160 -1.406504 -0.647881
199615478 2.435989 -0.775879 -0.331768 -2.678453 -1.331424 -1.610166
219573974 2.423913 -0.853784 -0.736143 -2.787911 -1.321372 -1.796801
239532470 2.369910 -0.982731 -0.300221 -2.655657 -1.327910 -1.599489
259490966 2.283770 -1.183312 1.012096 -2.324451 -1.293768 -1.040170
279449463 2.282146 -1.493845 1.810210 -2.348852 -1.293768 -1.040170
299407959 1.892028 -1.768473 1.431622 -2.333092 -1.296453 -0.909755
319396972 1.877069 -2.376290 0.172594 -2.765650 -1.324760 -1.620232
339355468 4.477112 -0.858840 -1.107593 -3.013249 -1.077291 -1.895732
359313965 4.557988 -1.794098 -0.915110 -3.010496 -1.023489 -1.868930
379272461 4.934252 -3.091904 -0.307824 -3.007265 -0.918876 -1.745358
399230957 5.818010 -3.152721 -0.317972 -3.019125 -0.838812 -1.734866
419189453 4.414961 -4.420929 -1.704053 -3.132348 -0.814950 -2.075522
439147949 5.876916 -5.624576 -1.388327 -3.091807 -0.580985 -1.911583
459106445 8.565738 -6.788527 -0.008275 -3.012573 -0.322452 -1.638362
479064941 10.325930 -7.433726 3.133618 -2.929684 -0.201708 -1.312561
499023437 10.271564 -9.264383 3.208877 -2.935617 -0.016680 -1.305706
518981933 9.093137 -10.801123 0.007611 -3.049429 0.189469 -1.670830
538970947 8.676741 -12.442568 -2.494255 3.042377 0.413595 -2.020240
558929443 11.064232 -14.995999 -1.751311 -3.116661 0.609764 -1.839109
578887939 13.369748 -17.545383 0.908941 -2.525485 0.744130 -1.512552
598846435 15.069627 -21.118340 -0.948250 -1.442911 0.896713 -1.678316
618804931 18.341530 -26.407858 -5.796447 0.538613 0.942932 -2.002138
638763427 22.781223 -31.527828 -2.852411 -0.069866 0.998506 -1.755453
658721924 26.651825 -40.113163 -4.160275 0.087288 1.067752 -1.798285
678680420 22.978247 -41.208652 -0.527456 -0.087816 1.282061 -1.628818
698638916 8.526946 -38.729530 2.623687 -1.581698 1.533781 -0.120498
718597412 -8.304117 -36.400997 0.305040 2.962177 1.330078 1.573460
738555908 -18.544857 -34.469070 -1.222463 2.725436 1.162755 1.632366
758544922 -20.771036 -32.998489 -0.668596 2.004059 1.072987 1.607823
778503418 -20.592718 -31.944765 2.009620 0.831779 1.039837 1.503018
798461914 -17.456196 -31.169350 -0.094187 0.640094 1.097297 1.584482
818420410 -16.431311 -30.330963 -0.877951 0.501298 1.099869 1.621502
838378906 -16.457996 -26.630873 -3.957532 0.424451 1.099869 1.621502
858337402 -13.031226 -24.262957 -4.671545 0.310341 1.070754 1.779076
878295898 -13.183150 -20.868050 -2.725560 0.242935 1.136048 1.881014
898254394 -13.621910 -16.458961 -1.181655 0.293594 1.076940 1.662562
918212890 -13.859725 -13.066410 2.072349 0.405249 1.024576 1.422621
938171386 -11.776253 -11.842825 0.721284 0.378687 1.092604 1.502218
958129883 -9.418288 -9.810560 2.400763 0.525667 1.151170 1.276988
978118896 -9.002924 -7.861517 2.998110 0.609943 1.137064 1.161763
998077392 -10.536847 -6.162729 3.507895 0.601678 1.034222 1.142832
1018035888 -11.793880 -5.237401 0.670019 0.395508 0.999155 1.450082
1037994384 -9.616659 -3.593192 1.239487 0.464001 1.067510 1.342523
1057952881 -7.450109 -2.674372 3.848963 0.819710 1.095197 0.837361
1077911377 -6.897046 -2.194625 3.196151 0.853300 1.144090 0.820350
1097869873 -8.278912 -1.175980 1.081109 0.498743 1.106927 1.273820
1117828369 -8.696476 0.121929 0.307777 0.365029 1.039349 1.432620
1137786865 -7.669181 0.527187 1.505276 0.584399 1.076227 1.160908
1157745361 -5.235660 -0.020770 2.279778 1.031894 1.231318 0.643501
1177703857 -3.219829 -0.355677 2.369884 1.638446 1.296386 0.001743
1197692871 -2.592998 -0.038844 2.270460 1.860353 1.290317 -0.225347
1217651367 -2.405502 0.092798 1.929705 1.968922 1.314297 -0.322992
1237609863 -2.090789 0.163394 1.469472 2.221179 1.343176 -0.521640
1257568359 -2.054253 0.168601 0.911932 2.443552 1.390849 -0.694742
1277526855 -2.094025 0.193097 1.235694 2.444509 1.390849 -0.694742
1297485351 -2.809916 0.285149 0.992430 1.878125 1.410110 -0.155594
1317443847 -3.182977 0.477790 -0.250829 1.055477 1.529718 0.757866
1337402343 -2.913439 0.496155 -1.242298 -1.058617 1.486024 2.952795
1357360840 -2.689291 0.602537 -0.616355 -0.724655 1.545286 2.565243
1377319336 -2.404793 0.595042 0.443911 1.620449 1.478157 0.108757
1397277832 -2.102783 0.309616 1.076353 1.604279 1.410922 0.050750
1417266845 -1.615426 0.016504 0.161878 1.911533 1.498528 -0.157316
1437225341 -1.585528 -0.202040 -1.453031 -1.020139 1.485235 2.938712
1457183838 -2.163347 -0.100029 -1.967262 -0.464242 1.400385 2.439665
1477142334 -2.668054 -0.281535 -1.947528 -0.165613 1.340266 2.129184
1497100830 -2.304989 -0.574330 -2.447260 -0.264965 1.312238 2.273968
