0 -0.447295 0.402931 0.181067 1.799253 -0.416582 -1.681090
19958496 -1.225813 -0.045741 -0.121711 1.846387 -0.405844 -1.728524
39916992 -1.718102 -0.282877 -0.542599 1.871133 -0.400121 -1.792978
59906006 -1.885554 -0.269713 -0.583514 1.837673 -0.408998 -1.805231
79864502 -1.634571 0.018903 -0.450011 1.857019 -0.408998 -1.805231
99822998 -1.424782 0.261435 -0.439873 1.717337 -0.448325 -1.783995
119781494 -1.492359 0.314693 -0.174574 1.668239 -0.464840 -1.759106
139739990 -1.997869 -0.202471 -0.306208 1.780775 -0.439741 -1.797595
159698486 -2.780282 -0.829333 -0.367107 1.877563 -0.410218 -1.841783
179656983 -3.307651 -0.455745 0.065229 1.877739 -0.410218 -1.841783
199615479 -2.780953 -0.108774 0.150888 1.538204 -0.516190 -1.783878
219573975 -2.352947 -0.154329 -0.025636 1.557719 -0.516190 -1.783878
239532471 -2.629896 -0.386303 0.354701 1.655458 -0.489288 -1.773579
259490967 -3.236274 -0.935442 0.719809 1.738404 -0.470271 -1.745120
279479981 -3.954409 -1.445230 1.102566 1.741752 -0.470271 -1.745120
299438477 -3.915010 -0.915325 1.671639 1.769104 -0.453836 -1.700370
319396973 -3.066425 -0.101731 1.658583 1.614157 -0.537005 -1.577825
339355469 -2.632588 0.004381 1.173163 1.562773 -0.549509 -1.636262
359313965 -2.488202 -0.543175 1.114671 1.709724 -0.470616 -1.630096
379272461 -2.877885 -1.376820 0.813463 1.905977 -0.376970 -1.665825
399230957 -3.285363 -1.778523 0.684899 1.903615 -0.376970 -1.665825
419189453 -2.678598 -1.720676 0.668501 1.983287 -0.330949 -1.672644
439147949 -1.845513 -1.721193 -0.200130 2.192342 -0.253277 -1.752294
459106445 -1.913674 -1.239269 -1.293686 2.192992 -0.253277 -1.752294
479064942 -2.753488 -1.119237 -0.585422 2.359866 -0.303139 -1.900074
499023438 -3.337078 -2.163965 0.926613 2.015392 -0.362392 -1.838533
518981934 -3.532612 -2.586255 1.380713 2.099931 -0.230918 -1.596433
538970947 -3.034745 -1.972365 1.454201 2.041921 -0.218613 -1.486140
558929444 -3.090659 -1.312132 0.991867 1.917052 -0.313147 -1.553225
578887940 -3.414654 -1.301558 0.139656 1.975910 -0.316435 -1.690471
598846436 -4.283134 -2.417769 -0.127266 2.448604 -0.118107 -1.741882
618804932 -3.788851 -2.436377 0.480997 2.433304 -0.118107 -1.741882
638763428 -2.254527 -1.605134 0.550774 2.144829 -0.141732 -1.540113
658721924 -1.354928 -0.981350 -0.206438 2.158456 -0.175404 -1.613868
678680420 -1.191041 -1.997059 -2.388330 2.941854 -0.014604 -1.850780
698638916 -1.396919 -2.448981 -2.049098 2.907974 0.072611 -1.790781
718597412 -0.539486 -2.317414 0.796663 2.925685 0.072611 -1.790781
738586426 0.699682 -1.530764 2.372650 2.321105 0.080205 -1.424384
758544922 1.619200 -1.563118 0.423536 2.121989 0.014390 -1.278850
778503418 1.622353 -2.672246 -1.717008 2.334931 0.034301 -1.463685
798461914 1.861795 -3.622739 -1.595795 2.797639 0.250727 -1.630664
818420410 2.740879 -4.035867 -0.301217 2.654990 0.286734 -1.521434
838378906 4.257215 -3.992140 1.596337 2.631058 0.286734 -1.521434
858337403 4.712234 -4.753658 2.609955 2.408411 0.270980 -1.394515
878295899 5.347429 -5.050008 2.825205 2.390086 0.332003 -1.335135
898254395 6.843572 -4.367820 3.581853 2.309999 0.322853 -1.315614
918212891 7.424026 -3.611212 3.912419 2.147296 0.301602 -1.300308
938171387 8.063413 -2.577939 2.893434 2.163586 0.272319 -1.349601
958160401 10.123055 -0.666670 0.865166 1.988491 0.180621 -1.458413
978118897 10.385333 1.183095 -0.932596 1.847543 0.102785 -1.541604
998077393 7.197263 0.738352 -1.968560 1.743633 0.102785 -1.541604
1018035889 5.067142 -0.601310 -1.711721 1.978673 0.162824 -1.597833
1037994385 5.456972 -0.277247 -0.318906 2.083827 0.277921 -1.494127
1057952881 5.742535 0.463370 0.974680 1.783460 0.234905 -1.408913
1077911377 5.985984 0.969379 1.637004 1.783460 0.234905 -1.408913
1097869873 5.800004 1.451373 0.866706 1.666319 0.205921 -1.364595
1117828369 5.189586 1.364535 0.499328 1.667200 0.199644 -1.423792
1137786865 4.708444 1.365218 1.242494 1.659658 0.202731 -1.363766
1157745361 3.672476 0.971702 1.069326 1.766502 0.244745 -1.358574
1177734375 2.714597 0.707868 0.753159 1.917863 0.283074 -1.361495
1197692871 2.383054 0.994761 0.404957 1.904552 0.267452 -1.376373
1217651367 2.245924 1.112204 0.989274 1.904552 0.267452 -1.376373
1237609863 2.285251 0.993972 1.119923 1.853120 0.260017 -1.290266
1257568360 1.929335 0.946815 0.121002 1.853120 0.260017 -1.290266
1277526856 1.113703 0.632890 -0.675298 2.266874 0.318849 -1.415387
1297485352 1.158295 0.619400 -0.215277 2.153530 0.311019 -1.369893
1317443848 1.004090 0.548959 0.273824 2.079901 0.314605 -1.314265
1337402344 1.399555 0.596609 0.018453 2.136326 0.298436 -1.338217
1357360840 1.947275 0.704927 0.058304 2.095523 0.270756 -1.336111
1377349854 1.589822 0.445263 0.321823 2.108647 0.292046 -1.296390
1397308350 0.144983 0.030049 0.016896 2.108647 0.292046 -1.296390
1417266846 0.081086 0.015290 -0.816572 2.257577 0.365936 -1.276354
1437225342 0.465987 0.066382 -0.843812 2.495585 0.351954 -1.348731
1457183838 0.776843 -0.057746 0.472521 2.213403 0.338885 -1.216107
1477142334 1.003021 0.124895 1.722372 2.238305 0.338885 -1.216107
1497100830 0.400001 0.119899 1.093960 2.084393 0.306729 -1.129948
