0 -1.429453 -1.112799 -0.541359 -0.754259 -1.095240 2.189472
19958496 -1.717389 -1.419415 -1.052118 -0.804181 -1.033544 2.245065
39916993 -1.433035 -1.533974 -0.847324 -0.742507 -1.064179 2.252419
59875489 -1.417417 -1.848407 -0.479045 -0.842529 -1.072574 2.189003
79833985 -1.650191 -2.690764 -0.544586 -1.003038 -0.998947 2.174578
99822998 -2.349584 -3.474253 -0.746564 -1.024301 -0.998947 2.174578
119781494 -3.123068 -4.286876 -0.715915 -1.494969 -0.872654 2.132169
139739991 -3.661269 -4.900946 -0.790794 -2.139838 -0.650221 2.031531
159698487 -3.905781 -5.339622 -0.962707 -2.270584 -0.594812 2.044099
179656983 -4.104527 -5.979340 -0.807706 -2.297782 -0.594812 2.044099
199615479 -4.238716 -6.631014 -0.587305 -2.460088 -0.458944 1.974796
219573975 -4.798538 -6.781323 -0.468758 -2.476496 -0.425323 1.929470
239532471 -4.775265 -7.135822 -0.715800 -2.497130 -0.425323 1.929470
259490967 -4.512420 -8.097569 -1.192603 -2.673999 -0.244012 2.110264
279449463 -4.356254 -9.174270 -1.137637 -2.752681 -0.036430 2.145512
299407959 -4.532958 -10.534280 -0.566634 -2.738854 0.305627 2.035514
319396973 -5.514942 -11.491000 -0.003637 -2.667228 0.506114 1.835651
339355469 -6.144993 -12.437060 0.336428 -2.590962 0.690409 1.734435
359313965 -6.008067 -13.861290 0.380573 -2.437814 0.987508 1.755972
379272461 -4.901324 -15.177349 -0.587953 -2.505269 1.258279 2.394814
399230957 -2.944416 -16.433279 -0.946494 3.032514 1.307348 -2.571009
419189453 -1.774763 -17.853123 -0.266682 2.699170 1.258464 -1.897488
439147950 -1.640809 -19.816298 0.856390 2.532223 1.264607 -1.497841
459106446 -1.763470 -22.682238 2.708976 2.321841 1.263199 -1.118345
479064942 -0.372518 -25.611298 3.360768 2.423890 1.223136 -1.171447
499023438 3.244091 -28.448339 2.147501 2.640203 1.146869 -1.436441
518981934 8.413706 -30.714323 0.378724 2.765465 1.044751 -1.592839
538940430 11.483805 -33.529972 2.685729 2.644871 1.028976 -1.470682
558929444 11.227690 -35.853374 6.431576 2.464912 1.070762 -1.277346
578887940 11.212986 -35.308731 8.077451 2.342616 1.113050 -1.185760
598846436 12.955740 -33.485226 7.457551 2.324583 1.139995 -1.219268
618804932 18.390682 -31.903444 4.044393 2.407064 1.093235 -1.399158
638763428 24.125683 -30.734564 0.386008 2.266385 1.093235 -1.399158
658721924 26.907946 -28.924686 -0.890260 1.955790 0.909293 -1.581270
678680420 25.543884 -22.288410 -0.115995 1.504162 0.909293 -1.581270
698638916 22.221437 -18.165604 4.086372 1.073870 0.881008 -1.390480
718597412 18.483311 -16.041851 8.776702 0.898089 0.913540 -1.132426
738555909 17.095255 -13.668032 10.284977 0.728589 0.898137 -1.015727
758514405 17.618227 -11.220128 8.880791 0.594748 0.865045 -1.073020
778503418 17.787418 -9.023102 7.168820 0.486121 0.839803 -1.142925
798461914 18.208836 -5.872923 5.434128 0.370724 0.765783 -1.235549
818420411 18.200377 -2.898473 3.961627 0.298158 0.680134 -1.319538
838378907 16.989630 -1.128501 2.413059 0.263026 0.658699 -1.406457
858337403 15.086415 -0.282170 1.039752 0.254517 0.698938 -1.499161
878295899 13.280704 0.183061 -0.023327 0.254540 0.760106 -1.598776
898254395 11.580490 0.184527 -0.063232 0.253072 0.854698 -1.611330
918212891 10.114279 0.160601 0.485582 0.290879 0.951567 -1.536912
938171387 9.183967 0.609976 0.802161 0.289927 0.992226 -1.477767
958129883 8.563368 0.755713 1.208299 0.283680 1.024096 -1.394153
978088379 8.440167 0.944275 1.909222 0.274070 1.001122 -1.267647
998077393 8.533919 1.466255 2.501790 0.244933 0.935183 -1.181751
1018035889 8.718407 1.883457 2.406335 0.235748 0.881781 -1.217616
1037994385 8.517574 1.526901 2.284907 0.265643 0.900793 -1.235157
1057952881 7.694382 0.770782 1.622415 0.317265 0.992417 -1.309498
1077911377 6.745962 0.095140 0.771847 0.414241 1.077245 -1.434017
1097869873 5.495429 -1.033433 0.634374 0.637414 1.180007 -1.428292
1117828369 4.417067 -1.721478 0.476100 0.995162 1.242290 -1.432857
1137786866 4.050253 -1.948233 0.915532 1.175656 1.223037 -1.316037
1157745362 3.554737 -2.090789 1.211913 1.367599 1.206482 -1.231386
1177703858 3.127405 -2.711789 0.790279 1.819023 1.209461 -1.301426
1197662354 2.902450 -3.904957 0.634335 2.156792 1.205403 -1.324472
1217651368 2.701718 -5.015523 1.140396 2.151380 1.186189 -1.233043
1237609864 2.777764 -4.872589 1.522585 2.107899 1.121730 -1.193165
1257568360 3.473805 -4.655988 1.773531 2.065396 1.021009 -1.207381
1277526856 3.850998 -5.078813 1.067287 2.328620 0.970121 -1.306712
1297485352 2.893901 -7.035744 0.425982 2.640867 1.028997 -1.357186
1317443848 1.580277 -8.203669 0.258673 2.735170 1.075098 -1.351267
1337402344 1.509449 -7.982318 1.624203 2.517210 1.003173 -1.211431
1357360840 1.821573 -8.016948 2.585034 2.443058 0.923317 -1.144243
1377319336 2.267359 -8.368322 2.757263 2.487936 0.864060 -1.150290
1397277832 1.957806 -8.897535 2.679080 2.535493 0.846762 -1.139540
1417236328 1.209256 -9.453879 2.444632 2.572555 0.853241 -1.112898
1437194825 0.910677 -9.495924 2.024186 2.629887 0.830240 -1.105837
1457183838 1.147441 -9.099413 1.982546 2.664110 0.762353 -1.078734
1477142334 0.897926 -8.862167 1.313375 2.737198 0.732265 -1.067192
1497100830 -0.368936 -8.978330 0.311099 2.789645 0.772397 -1.023551
1517059327 -1.149446 -8.955954 -0.347520 2.802333 0.788867 -0.957969
