0 -1.195409 0.357877 -2.084029 1.926577 -0.517931 -1.826428
19958496 -1.895698 -0.468996 -2.469919 2.264108 -0.478719 -1.895604
39947510 -3.268195 -0.613027 -0.213113 1.743436 -0.597083 -1.597376
59906006 -4.123193 -0.663972 0.452769 1.743619 -0.597083 -1.597376
79864502 -4.186586 -0.368645 -0.565075 1.635450 -0.687045 -1.483301
99822998 -3.836326 0.157203 -1.279315 0.996735 -0.762781 -1.859400
119781494 -4.537902 -0.090837 -1.456831 0.559694 -0.810389 -1.965673
139739990 -5.168643 -0.757007 -1.960584 -0.343506 -0.764110 -2.188297
159698487 -5.186255 -0.367763 -1.286198 0.137525 -0.842675 -2.104455
179656983 -4.732089 -0.172319 0.209471 1.036123 -0.860278 -1.751569
199615479 -4.617311 -0.689521 -0.984054 0.700389 -0.712481 -2.064437
219573975 -3.612145 -0.918580 -0.932565 1.682378 -0.570946 -1.973998
239532471 -3.438354 -0.752078 -0.529950 1.648354 -0.572424 -1.906055
259521485 -3.045427 -0.783924 0.104618 1.736045 -0.534840 -1.801638
279479981 -3.554227 -1.035064 0.367510 1.729413 -0.531270 -1.809456
299438477 -3.827837 -1.343407 0.419009 1.793453 -0.491665 -1.847696
319396973 -3.587132 -1.597834 0.263138 1.979005 -0.414557 -1.893154
339355469 -3.286822 -2.302408 0.199040 1.967041 -0.414557 -1.893154
359313965 -2.982716 -2.635005 0.636035 2.298999 -0.210579 -1.841267
379272461 -3.726555 -2.306379 0.879381 2.302598 -0.210579 -1.841267
399230957 -5.134483 -3.412676 1.851271 2.153859 -0.338454 -1.872032
419189453 -6.139093 -5.064948 3.487052 2.203819 0.544301 -1.104523
439147949 -6.435334 -5.866861 3.715919 2.183903 0.544301 -1.104523
459106446 -6.358596 -4.751399 2.268668 -3.069043 0.483882 -2.507906
479095459 -5.225628 -3.686549 2.931520 -3.095453 0.483882 -2.507906
499053955 -5.521940 -4.177239 4.978702 2.115992 0.117262 -0.815019
519012451 -6.773305 -5.470058 5.449452 2.118848 0.117262 -0.815019
538970947 -6.471509 -5.938690 3.265764 1.342511 0.792519 -0.014449
558929444 -5.026882 -5.157781 1.873958 2.920369 0.634024 -2.235416
578887940 -4.359966 -6.165400 3.766370 2.974816 0.634024 -2.235416
598846436 -3.593791 -7.847933 3.399912 2.314182 0.922040 -1.362461
618804932 -2.588706 -10.076775 1.976086 2.539316 1.002905 -1.585210
638763428 -0.393744 -10.727016 1.162893 2.619086 0.902018 -1.632713
658721924 2.295037 -10.913073 1.071039 2.593598 0.800264 -1.592591
678680420 4.897117 -11.616232 3.396202 2.405214 0.749316 -1.386763
698669434 5.239424 -14.664804 4.596008 2.345823 0.866854 -1.281265
718627930 6.255683 -15.724710 5.803307 2.243849 0.884005 -1.196494
738586426 7.842576 -15.775173 3.296093 2.226701 0.884005 -1.196494
758544922 9.947281 -17.076162 0.398115 2.588137 0.916081 -1.518375
778503418 12.861179 -18.448845 1.272049 2.484029 0.905008 -1.473387
798461914 16.272778 -17.266430 3.443207 2.215369 0.830969 -1.384882
818420410 20.071161 -14.462311 3.312415 2.062218 0.830969 -1.384882
838378906 21.963863 -10.238304 1.576164 1.701442 0.724949 -1.406550
858337403 20.921343 -6.178376 -0.244827 1.042030 0.549045 -1.535501
878295899 17.978170 -3.823465 -0.469740 0.844679 0.547945 -1.541386
898254395 15.100543 -2.770543 0.755124 0.891045 0.589346 -1.472847
918212891 12.851107 -1.506805 2.279738 0.795745 0.589346 -1.472847
938201905 11.365948 -0.482183 2.881551 0.866303 0.612114 -1.300228
958160401 10.253598 0.128694 2.650921 0.844596 0.630026 -1.288678
978118897 9.342556 0.716479 2.365972 0.810011 0.641933 -1.281235
998077393 9.022609 0.642810 1.255779 0.760779 0.674185 -1.357226
1018035889 8.567265 1.143734 -0.277263 0.653951 0.678125 -1.484019
1037994385 7.549346 1.595296 -0.819074 0.624146 0.678125 -1.484019
1057952881 6.093577 1.098103 0.578671 0.610299 0.701024 -1.530858
1077911377 5.450821 0.944428 1.291988 1.004150 0.825398 -1.240662
1097869873 5.164559 1.164331 0.516207 1.027543 0.832748 -1.321077
1117828369 4.426423 0.689242 -0.071108 1.280447 0.903882 -1.374216
1137786865 3.608547 0.226393 -0.178963 1.547041 0.972673 -1.363811
1157775879 2.857722 0.085599 -0.205490 1.620421 0.972673 -1.363811
1177734375 2.403877 0.335986 -0.231074 1.812477 1.019753 -1.341484
1197692871 2.303487 0.090257 -0.060192 1.887279 1.024544 -1.329861
1217651367 1.792418 -0.099607 0.037962 1.925632 1.040946 -1.264696
1237609863 1.235956 0.079934 0.241748 1.995271 1.040946 -1.264696
1257568360 0.974871 -0.437193 -0.192414 1.976131 1.044007 -1.201713
1277526856 0.517504 -1.314743 -0.593166 2.355521 1.133735 -1.341957
1297485352 0.804259 -1.204415 -0.407359 2.281440 1.083657 -1.331759
1317443848 1.742234 -1.012251 -0.400777 2.205270 0.984426 -1.376470
1337402344 2.555475 -0.546441 -0.710499 2.234730 0.984426 -1.376470
1357360840 2.863945 -0.607313 -0.217123 1.961215 0.834512 -1.419490
1377349854 3.293353 -0.558595 0.860845 1.729135 0.767401 -1.329276
1397308350 2.777139 -0.631136 1.538721 1.705255 0.764625 -1.260971
1417266846 2.415053 -1.380491 1.331857 1.835985 0.808819 -1.285265
1437225342 2.768859 -1.411995 1.201939 1.856510 0.808819 -1.285265
1457183838 3.335298 -1.004224 -0.566800 1.969445 0.716960 -1.512812
1477142334 4.322848 -1.184568 -0.848111 1.917460 0.664569 -1.549467
1497100830 5.973440 -1.239411 0.182190 1.675561 0.586132 -1.474787
