0 -0.978930 -0.549349 -0.331845 1.229872 -0.935094 -2.155551
19958496 -0.881519 -0.540350 -0.909416 1.216624 -0.897463 -2.229136
39947510 -1.027437 -0.558663 -1.173030 1.146001 -0.889170 -2.289238
59906006 -1.210085 -0.618644 -1.011294 1.090934 -0.904440 -2.302275
79864502 -1.421384 -0.716749 -0.596844 1.030124 -0.936964 -2.285261
99822998 -1.785228 -1.103906 -0.108147 0.996234 -0.970560 -2.273486
119781494 -2.222918 -1.790455 0.289535 0.962061 -0.989354 -2.284578
139739990 -2.538464 -2.572186 0.495392 0.941052 -0.978253 -2.315676
159698486 -3.023739 -3.410081 0.422076 0.742851 -0.946138 -2.459788
179656982 -3.782621 -4.117274 0.301546 0.805151 -0.946138 -2.459788
199615478 -4.499654 -5.158511 0.897735 -1.009540 -0.919032 -3.035999
219573975 -4.754952 -6.399424 1.393085 -1.806908 -0.729906 3.000883
239532471 -4.647382 -7.451430 1.581646 -2.470642 -0.290270 2.924480
259521484 -4.665408 -8.325724 1.810258 -2.618016 0.214685 2.756297
279479980 -4.906413 -9.217934 1.633064 -2.636846 0.214685 2.756297
299438476 -4.975052 -9.412308 1.447762 -2.594782 0.507377 2.565139
319396973 -5.175053 -9.383127 2.106970 -2.487510 0.526680 2.292163
339355469 -5.539010 -9.471146 3.577424 -2.257473 0.567505 1.665375
359313965 -7.266083 -10.506743 4.394913 -2.208879 0.555173 1.440321
379272461 -9.616115 -11.772337 4.175732 -2.224047 0.557998 1.519067
399230957 -10.536614 -13.180706 3.001063 -2.210306 0.672982 1.685981
419189453 -10.315800 -15.066832 2.016128 -2.132891 0.876715 1.836984
439147949 -8.979206 -16.693226 3.129783 -1.710163 1.163143 1.677414
459106445 -6.233347 -18.844845 3.601359 -0.773695 1.511937 1.235023
479064941 -4.844051 -23.539234 3.919631 1.779189 1.474060 -1.078481
499053955 -0.556643 -27.984783 4.645326 2.189514 1.290085 -1.304064
519012451 6.720758 -31.311792 3.063175 2.477821 1.103827 -1.535991
538970947 12.628294 -33.386158 2.360545 2.514723 1.004234 -1.568061
558929443 16.045101 -37.667374 5.529342 2.386381 1.008961 -1.431862
578887939 19.408878 -35.706341 6.919556 2.287465 1.009187 -1.389606
598846435 23.673378 -33.844959 5.141284 2.210867 1.009187 -1.389606
618804932 27.988752 -32.285686 2.581567 2.231935 0.943622 -1.527510
638763428 28.741083 -31.046780 1.674046 2.128543 0.945442 -1.542899
658721924 29.747660 -30.121880 1.506946 1.872457 0.910296 -1.539808
678680420 31.435394 -24.038004 0.203658 1.296320 0.787738 -1.576934
698638916 30.473244 -15.056304 3.377658 0.888370 0.668709 -1.479053
718627930 27.288481 -9.195330 7.967659 0.713468 0.593869 -1.304766
738586426 24.443457 -4.975640 8.165736 0.601536 0.536220 -1.257555
758544922 21.441919 -2.847474 5.457992 0.546861 0.543283 -1.324183
778503418 17.443567 -2.092254 2.397225 0.534179 0.629714 -1.436359
798461914 13.652426 -1.802764 -0.073653 0.529265 0.756350 -1.589944
818420410 11.003485 -1.267563 -1.305192 0.544358 0.853891 -1.729356
838378906 10.290584 -0.009795 -0.875768 0.521304 0.842505 -1.707808
858337402 10.164850 0.599985 0.530498 0.516870 0.829375 -1.552801
878295898 9.985642 1.316289 1.292343 0.498427 0.801740 -1.460012
898254394 9.602180 1.760419 1.615229 0.498427 0.801740 -1.460012
918212891 8.782852 1.691582 2.034087 0.504041 0.851561 -1.331373
938171387 8.696889 2.065837 2.168886 0.481544 0.831338 -1.305856
958129883 8.533696 2.417266 1.760289 0.465798 0.823980 -1.355181
978118896 8.435040 2.510422 1.694497 0.456978 0.819967 -1.358270
998077392 7.947215 2.600927 0.989124 0.466239 0.849318 -1.447383
1018035889 7.002606 2.337889 0.226866 0.531029 0.934495 -1.556860
1037994385 5.836781 1.869840 -0.644401 0.642673 1.042936 -1.732029
1057952881 4.632190 1.651841 -1.510928 0.703247 1.118734 -1.983138
1077911377 3.178901 1.078328 -1.827114 0.779559 1.118734 -1.983138
1097869873 1.720682 0.241514 -1.217829 -2.948910 1.375740 -2.343716
1117828369 0.607747 -0.286768 -0.688354 -2.743643 1.475673 -2.524792
1137786865 0.001348 -0.673968 -0.582154 -2.665073 1.475673 -2.524792
1157745361 -0.351340 -0.910202 -0.996124 -2.118645 1.472794 -2.973471
1177703857 -0.269464 -1.000178 -0.800277 -2.564978 1.481398 -2.563154
1197692871 0.250780 -0.902071 -0.517892 -2.534883 1.481398 -2.563154
1217651367 0.666146 -0.378346 -0.875247 2.997096 1.357841 -1.940786
1237609863 0.708227 -0.825676 -0.913890 3.042341 1.357841 -1.940786
1257568359 0.534120 -1.285244 -0.651569 2.787594 1.332756 -1.764661
1277526855 0.489221 -1.360229 -0.179235 2.787594 1.332756 -1.764661
1297485351 0.818565 -1.082561 0.657420 2.121194 1.234508 -1.335856
1317443848 1.396139 -0.820992 1.171028 2.191746 1.234508 -1.335856
1337402344 2.015818 -0.883980 1.236688 1.836206 1.051776 -1.280923
1357360840 2.582652 -0.713549 0.718414 1.900257 0.974770 -1.373824
1377319336 3.525400 -0.181311 -0.000357 2.022110 0.974770 -1.373824
1397277832 4.330184 -0.292552 -0.584783 2.059832 0.850984 -1.475503
1417266846 4.722058 -1.343299 -0.471024 2.039180 0.758300 -1.508613
1437225342 4.864424 -2.660736 0.215127 2.247270 0.768934 -1.428837
1457183838 5.237760 -3.488934 1.358421 2.195754 0.739558 -1.316666
1477142334 5.760073 -3.851834 2.089450 2.214428 0.687689 -1.245514
1497100830 5.693466 -4.325897 2.203337 2.374541 0.669327 -1.201651
