0 0.370993 -0.160403 -0.304556 -2.754614 -1.342305 -1.851474
19958496 0.128123 0.142512 -0.388038 -2.870588 -1.372052 -2.195847
39916992 -0.147324 0.128630 -0.687366 -3.003625 -1.372106 -2.395757
59875488 -0.020736 0.295632 -0.116486 -2.834781 -1.397892 -2.099867
79833984 0.395142 0.188268 0.140134 -2.731460 -1.364051 -1.887405
99792480 0.422207 -0.055402 -0.350730 -2.764355 -1.364051 -1.887405
119750976 0.461558 -0.230096 -0.300714 -2.864621 -1.319246 -2.058418
139739990 0.936188 -0.533144 -0.095947 -2.850026 -1.269037 -1.909711
159698486 1.464552 -0.857992 0.746200 -2.793315 -1.214976 -1.609182
179656982 1.634365 -1.189189 0.989696 -2.831946 -1.179939 -1.554153
199615478 2.064137 -1.760251 0.135710 -2.922889 -1.096703 -1.789335
219573974 2.644623 -2.224008 0.009055 -2.981399 -1.009086 -1.803911
239532470 2.912215 -2.774763 -0.185357 -2.998790 -0.942579 -1.845875
259490967 3.214209 -3.260781 -0.021738 -3.021482 -0.942579 -1.845875
279449463 3.530150 -4.079738 -0.620557 -3.070338 -0.769494 -1.930269
299407959 3.804890 -5.147840 -2.122310 -3.139135 -0.590333 -2.151185
319366455 4.086681 -5.985610 -2.558217 3.123955 -0.471500 -2.193818
339324951 4.674093 -6.585695 -1.427860 3.133455 -0.410395 -2.013721
359313965 5.442804 -7.228719 -0.535385 -3.123458 -0.314874 -1.858428
379272461 5.819062 -7.798251 -1.337347 3.126931 -0.224054 -1.959421
399230957 6.005766 -8.465435 -1.993117 3.089967 -0.131268 -2.042005
419189453 6.364059 -9.500924 -2.159632 3.071689 0.010465 -2.050827
439147949 6.442851 -10.303989 -1.180795 3.107914 0.142325 -1.924413
459106445 6.139182 -10.825603 0.152690 -3.097510 0.292442 -1.715743
479064941 5.194783 -11.991023 0.336816 -3.094397 0.705873 -1.714295
499023437 3.162286 -12.708776 -0.938347 -3.088495 0.705873 -1.714295
518981933 2.982607 -13.506938 -1.020412 1.835261 1.134930 -2.850135
538940429 4.142967 -14.713585 0.326414 1.809682 1.503638 2.850133
558898926 5.007633 -16.422863 2.112621 -1.846460 1.435761 0.113245
578887939 5.273465 -18.559317 2.355524 -2.220298 1.454576 0.594595
598846435 3.983226 -20.829762 0.304352 2.785502 1.367237 1.950195
618804931 2.102129 -23.640182 -0.734946 2.794536 1.271030 1.957995
638763428 0.898612 -26.094410 1.354517 -3.112297 1.267328 1.573999
658721924 -0.567994 -26.997877 6.079960 -2.609466 1.195053 1.080382
678680420 -2.464308 -28.638840 6.096245 -2.646759 1.185211 1.138553
698638916 -5.624356 -29.337671 1.325971 3.105542 1.168253 1.533827
718597412 -9.009678 -27.697990 -1.761039 2.696238 1.094477 1.709541
738555908 -9.358013 -25.170185 -0.440411 2.851659 1.093712 1.618549
758514404 -9.382729 -25.168861 2.632605 2.859104 1.125634 1.411111
778472900 -12.236694 -25.094494 2.934214 1.492185 1.089819 1.399685
798431396 -14.764359 -21.242107 1.044327 0.648221 1.014919 1.506146
818420410 -13.437995 -18.037180 3.941921 0.475337 1.015679 1.319138
838378906 -10.345831 -17.369968 4.413155 0.548436 1.111379 1.201603
858337402 -9.012289 -16.422392 1.746818 0.593592 1.189650 1.355550
878295898 -8.363003 -14.173890 2.631144 0.635368 1.198665 1.214299
898254394 -8.211032 -12.296991 2.726204 0.690639 1.199340 1.143343
918212890 -8.004102 -10.497815 1.135483 0.662722 1.229102 1.269332
938171387 -7.750347 -8.794519 2.695870 0.812759 1.206288 0.995725
958129883 -7.765343 -7.829709 2.826977 0.883784 1.203020 0.903388
978088379 -8.974251 -6.558957 1.038612 0.703872 1.189984 1.167275
998046875 -9.792951 -5.173600 0.181142 0.594441 1.150041 1.299612
1018005371 -9.560707 -4.152544 -0.163124 0.556721 1.159610 1.329626
1037994385 -8.439816 -3.723552 0.230504 0.687236 1.226883 1.178589
1057952881 -6.846311 -3.981000 0.350981 0.945362 1.342591 0.910317
1077911377 -6.460899 -3.725780 0.619732 1.139705 1.357709 0.693828
1097869873 -7.014701 -2.591147 0.874821 1.069232 1.300849 0.729841
1117828369 -7.530720 -2.022508 0.652592 0.918838 1.276907 0.865904
1137786865 -7.514283 -1.684517 0.687733 0.929611 1.272247 0.840599
1157745361 -6.166585 -1.346608 1.095199 1.383631 1.304610 0.359189
1177703857 -4.474189 -0.928000 1.164196 2.033719 1.287586 -0.295001
1197662353 -3.947351 -0.772089 0.876523 2.270813 1.282599 -0.521336
1217620849 -3.953919 -0.444752 0.405935 2.391866 1.310647 -0.622629
1237579345 -3.819761 -0.257682 0.074854 2.569327 1.324149 -0.765055
1257568359 -3.264451 -0.018165 0.163537 2.694647 1.268295 -0.894621
1277526855 -2.618149 -0.021772 -0.170211 2.940790 1.233094 -1.119519
1297485351 -1.965679 -0.397228 -0.552135 -3.107465 1.203173 -1.304173
1317443847 -1.415052 -0.378977 -0.680050 -3.026679 1.158054 -1.370227
1337402344 -0.687828 -0.028988 -0.754944 -2.949868 1.080607 -1.411932
1357360840 -0.574156 0.146716 -0.877966 -2.883795 1.067695 -1.431867
1377319336 -0.959922 0.073845 -1.078280 -2.893457 1.115928 -1.453825
1397277832 -0.683461 0.257037 -1.146022 -2.845688 1.089206 -1.466037
1417236328 -0.345356 0.365829 -1.120477 -2.839082 1.060755 -1.460488
1437194824 -0.069660 0.254675 -1.055286 -2.861684 1.050379 -1.447937
1457153320 0.323645 0.008380 -0.815320 -2.886446 1.034655 -1.404262
1477142334 0.813759 -0.134156 -0.858732 -2.848205 1.009149 -1.420320
1497100830 1.093352 -0.128654 -0.667813 -2.883064 0.989040 -1.389463
