0 0.268501 0.122185 -0.292656 0.470334 -0.173274 1.427975
19958497 0.422097 0.070937 -0.073873 0.506047 -0.157324 1.437083
39916993 0.479821 0.135872 0.092022 0.506047 -0.157324 1.437083
59875489 0.576950 0.167865 0.314039 0.319464 -0.172808 1.398002
79833985 0.754865 0.111247 0.164110 0.387091 -0.172574 1.412943
99792481 1.146479 0.104887 -0.114618 0.440878 -0.182310 1.444559
119781495 1.116795 0.195271 -0.517130 0.579544 -0.194579 1.503741
139739991 0.642400 0.555911 -0.312581 0.491150 -0.226729 1.498273
159698487 0.616206 0.664843 0.003983 0.376798 -0.244314 1.476775
179656983 0.772575 0.560568 0.068183 0.356791 -0.248871 1.481458
199615479 1.762893 0.192357 -0.007519 0.398576 -0.249662 1.497353
219573975 2.377792 -0.099617 0.121633 0.307074 -0.245935 1.498824
239532471 1.679482 -0.176268 0.203106 0.343952 -0.229340 1.526287
259490967 0.713427 -0.254823 0.356422 0.343952 -0.229340 1.526287
279449463 0.955096 -0.288037 1.368362 0.363702 -0.213760 1.548433
299407959 1.998071 -0.027384 1.621005 -0.249390 -0.329042 1.460426
319366456 2.748944 -0.256518 0.950350 0.114279 -0.360456 1.575940
339355469 3.518958 -0.504603 1.449463 0.077918 -0.360456 1.575940
359313965 4.238658 -0.646626 1.623714 -0.185171 -0.431524 1.493651
379272461 4.166418 -0.321832 0.968116 0.128627 -0.484650 1.650395
399230957 3.839580 -0.102556 0.594815 0.320511 -0.486094 1.731632
419189454 3.241897 -0.046339 0.398337 0.410329 -0.443759 1.758981
439147950 2.795275 -0.467778 0.332564 0.505482 -0.352503 1.766127
459106446 2.892859 -0.605384 0.614846 0.410848 -0.330557 1.736198
479064942 2.631541 -0.523659 0.384017 0.519050 -0.313776 1.774368
499023438 1.910082 -0.263944 0.165286 0.588117 -0.302960 1.791455
518981934 1.197876 -0.557440 -0.106533 0.588117 -0.302960 1.791455
538940430 0.816628 -1.069651 -0.332999 1.016051 -0.158980 1.832558
558929444 1.050273 -1.042780 0.015458 0.928676 -0.165465 1.804729
578887940 1.122414 -0.877021 0.351174 0.928676 -0.165465 1.804729
598846436 0.554264 -0.719046 0.269669 0.728762 -0.192503 1.773201
618804932 0.619714 -0.892128 0.488518 0.685938 -0.178234 1.749643
638763428 0.997246 -1.015164 1.514750 0.034438 -0.175925 1.628287
658721924 1.287419 -0.922759 1.474399 0.062153 -0.190527 1.626639
678680420 1.566225 -0.826721 0.036959 0.887272 -0.194872 1.797596
698638916 1.169326 -0.579576 -0.258253 0.878928 -0.194872 1.797596
718597413 0.552166 -0.555094 0.905430 0.847584 -0.202269 1.793620
738555909 0.664430 -0.640025 1.466831 -0.003671 -0.160810 1.514833
758514405 0.443769 -0.661886 0.826179 0.413522 -0.139229 1.561562
778503418 0.468811 -0.803601 -0.411133 0.413522 -0.139229 1.561562
798461914 -0.123220 -0.743961 -0.316049 0.877548 -0.090655 1.642571
818420411 -0.754891 -0.280560 0.945994 0.353717 -0.117904 1.495690
838378907 -0.279265 -0.483341 1.773205 -0.014421 -0.089485 1.391858
858337403 0.201244 -0.394186 1.707220 -0.085490 -0.089672 1.377508
878295899 0.383663 -0.425135 0.054447 -0.105708 -0.089672 1.377508
898254395 -0.117468 -0.487564 -0.824465 0.933933 -0.046022 1.631403
918212891 -0.927473 0.145405 -0.609754 0.901732 -0.046022 1.631403
938171387 -0.701871 0.005501 -0.954574 0.728189 -0.089759 1.594799
958129883 0.029257 -0.316668 -0.789694 0.816885 -0.026426 1.586555
978088379 0.362380 -0.879983 0.429850 0.582602 0.046523 1.451243
998046875 -0.129014 -0.811216 0.877774 0.582602 0.046523 1.451243
1018035889 -1.049094 -0.748863 -0.167427 0.428983 0.047850 1.421150
1037994385 -1.398144 -0.705025 -1.400099 0.982949 0.044223 1.661614
1057952881 -0.384055 -1.123679 -1.350440 0.952249 0.044223 1.661614
1077911377 -0.036588 -1.281966 -0.558340 0.998609 0.131369 1.592401
1097869873 -1.413661 -1.024054 -0.841136 0.897664 0.108703 1.618588
1117828370 -3.328331 -0.732216 -1.496212 0.856067 0.085601 1.661188
1137786866 -4.266846 -0.461126 -1.277284 0.734705 0.073701 1.634275
1157745362 -4.161512 -0.126278 -0.848127 0.640120 0.061485 1.595284
1177703858 -3.769547 -0.164202 -0.275745 0.568384 0.076909 1.543425
1197662354 -3.507163 -0.130934 0.423968 0.426731 0.085823 1.483186
1217620850 -4.219389 -0.046574 0.844130 0.335345 0.081444 1.452233
1237609864 -3.975883 0.076875 0.591518 0.356060 0.076649 1.462784
1257568360 -3.041718 0.008335 0.430770 0.377848 0.089027 1.464691
1277526856 -3.074244 -0.033250 0.462653 0.363603 0.089027 1.464691
1297485352 -2.745077 -0.234313 0.029161 0.460319 0.111145 1.494381
1317443848 -2.930510 -0.270296 -0.161300 0.482159 0.111145 1.494381
1337402344 -2.728233 -0.225127 0.397220 0.486328 0.112535 1.507758
1357360840 -2.310667 -0.201990 0.866580 0.253619 0.112672 1.416939
1377319336 -2.681571 -0.218316 0.682809 0.305908 0.112167 1.436537
1397277832 -2.691484 -0.264919 0.212911 0.408836 0.117809 1.472782
1417236329 -2.535408 -0.398924 -0.105691 0.488698 0.132210 1.495800
1437194825 -2.538135 -0.456343 -0.036906 0.463842 0.138550 1.491591
1457153321 -2.313910 -0.235285 0.374177 0.463842 0.138550 1.491591
1477152339 -2.622613 -0.156089 0.704185 0.249689 0.116417 1.437632
