0 -0.591784 -0.315984 0.613896 1.818926 -0.344783 -1.705313
19958496 -0.686440 -0.317896 0.613265 1.820126 -0.344783 -1.705313
39916992 -0.529144 -0.241455 0.191739 1.830014 -0.342679 -1.752379
59875488 -0.451469 -0.034815 -0.231069 1.799875 -0.355929 -1.797635
79833984 -0.618280 0.142699 -0.464337 1.745322 -0.377090 -1.828148
99792480 -0.820362 0.193523 -0.692681 1.717827 -0.388268 -1.861880
119781494 -0.975499 0.254379 -0.548422 1.671124 -0.404720 -1.854659
139739990 -1.206336 0.204126 -0.374240 1.642654 -0.415857 -1.848285
159698486 -1.629676 0.178571 0.150799 1.642654 -0.415857 -1.848285
179656982 -2.103815 0.078924 0.492461 1.562347 -0.472177 -1.776807
199615478 -2.485234 -0.264479 0.428419 1.562347 -0.472177 -1.776807
219573974 -3.112063 -0.751925 0.207837 1.560966 -0.461713 -1.799013
239532470 -3.363338 -0.528903 -0.195052 1.614146 -0.440060 -1.857209
259490966 -3.633698 -0.038841 -0.716495 1.434792 -0.482686 -1.939024
279449462 -3.496518 0.115144 -0.815443 0.903403 -0.565637 -2.063163
299407959 -3.306629 -0.152335 -0.488039 1.173703 -0.541341 -2.014699
319366455 -3.340674 -0.480813 -0.242728 1.269666 -0.525488 -1.994480
339355468 -4.242092 -0.966888 0.198937 1.165779 -0.562124 -2.004547
359313964 -5.109173 -1.295862 0.499991 1.165779 -0.562124 -2.004547
379272461 -5.672071 -1.819824 1.128806 0.999109 -0.672744 -1.977846
399230957 -6.206606 -2.389532 1.789885 1.208258 -0.705941 -1.809226
419189453 -6.753478 -2.255780 1.736175 0.791843 -0.898286 -1.897375
439147949 -6.512844 -2.482721 1.497872 0.958015 -0.755884 -1.933849
459106445 -6.402767 -2.739530 0.731014 0.934051 -0.755884 -1.933849
479064941 -6.361117 -3.044151 0.370526 2.772878 -0.411520 -2.246148
499023437 -6.370516 -3.753222 0.503713 2.908348 -0.103354 -2.147870
518981933 -5.683792 -3.983448 0.652205 2.680424 0.048614 -1.925443
538940429 -4.955962 -4.723535 0.685869 2.657069 0.288227 -1.799504
558929443 -4.296556 -5.492261 0.047003 2.786615 0.434458 -1.856113
578887939 -3.995714 -5.043190 -1.040930 2.938065 0.348074 -1.989214
598846435 -3.440543 -3.614375 -1.248813 2.844110 0.114697 -1.939976
618804931 -2.730663 -4.714564 -0.660630 2.791449 0.311025 -1.790470
638763427 -2.623865 -7.405649 -0.913220 2.901396 0.657652 -1.825006
658721923 -3.141039 -8.676875 0.498664 2.727507 0.851905 -1.619052
678680419 -3.007614 -8.360534 2.179964 2.482784 0.831749 -1.345998
698638916 -2.964572 -9.544871 2.601139 2.432794 0.926181 -1.280211
718597412 -3.283014 -11.682824 2.954291 2.362069 1.064766 -1.193292
738555908 -2.056090 -13.143557 2.173124 2.489701 1.081967 -1.337576
758514404 1.046493 -14.535932 1.898059 2.565388 1.005372 -1.427163
778503418 4.990555 -15.799150 1.952395 2.572424 0.924240 -1.462048
798461914 8.557748 -15.549272 2.068563 2.526821 0.843806 -1.474277
818420410 10.446819 -17.076239 1.557743 2.522594 0.868665 -1.505710
838378906 12.517922 -16.883991 0.444060 2.548328 0.851689 -1.564780
858337402 15.680629 -14.510912 -0.091133 2.424042 0.761621 -1.589440
878295898 17.869560 -11.589491 -0.858306 2.195858 0.677540 -1.620464
898254394 18.511152 -8.557677 -1.149759 1.820357 0.613174 -1.634056
918212890 17.945009 -5.482115 0.183045 1.403067 0.558705 -1.581838
938171386 17.155760 -3.131483 1.808459 1.156049 0.515694 -1.510652
958129882 16.694181 -1.108034 3.007745 0.989756 0.463679 -1.452991
978088378 16.036430 0.550518 3.369209 0.871966 0.418966 -1.430282
998077392 15.053709 1.597651 3.406876 0.813729 0.397441 -1.418265
1018035888 13.036723 2.101364 2.872740 0.792669 0.418685 -1.428030
1037994384 10.732964 2.023335 2.061908 0.764309 0.418685 -1.428030
1057952880 8.249121 1.411036 0.719360 0.796773 0.483265 -1.456781
1077911377 6.166466 1.014978 -0.253629 0.938702 0.603557 -1.542138
1097869873 4.933979 0.704585 -0.647134 1.156843 0.715947 -1.631934
1117828369 4.309193 0.736001 -0.338151 1.465755 0.792661 -1.682952
1137786865 4.154502 0.624623 0.933176 1.612486 0.820993 -1.652936
1157745361 3.997021 0.665131 1.769797 1.543466 0.826036 -1.493886
1177703857 3.713778 0.317832 1.820233 1.517091 0.834503 -1.372336
1197662353 3.161390 -0.061494 1.044703 1.736729 0.881480 -1.456458
1217651367 2.826637 -0.279019 0.833742 1.846635 0.898287 -1.475162
1237609863 2.843589 -0.388486 1.075698 1.845792 0.880724 -1.439245
1257568359 2.721486 -0.401752 1.505019 1.777802 0.861154 -1.377494
1277526855 2.061368 -0.662210 1.240823 1.904727 0.894521 -1.388157
1297485351 1.321245 -0.989041 0.300683 2.221478 0.943391 -1.494618
1317443847 0.889427 -1.297412 -0.619012 2.272416 0.943391 -1.494618
1337402343 0.823737 -1.268331 -1.219820 2.683503 0.941984 -1.695151
1357360839 1.200690 -1.137300 -0.854888 2.550004 0.889592 -1.630816
1377319336 1.571419 -1.072273 -0.556538 2.375727 0.840739 -1.586533
1397277832 2.166545 -1.267214 0.251317 2.156967 0.793321 -1.490704
1417236328 2.738366 -1.536345 0.581046 2.070733 0.756011 -1.457589
1437225341 3.365164 -1.352120 0.325263 2.010224 0.696804 -1.484038
1457183837 3.668403 -1.539268 0.355776 2.012703 0.675067 -1.475614
1477142334 4.372027 -1.662746 0.474504 1.957759 0.633939 -1.463293
1497100830 5.435487 -1.847402 0.494379 1.915150 0.585058 -1.464610
