0 0.346041 0.430337 -0.328677 -2.253470 -1.431284 -1.436020
19958496 0.051134 0.595398 -0.085609 -2.293889 -1.431284 -1.436020
39916992 -0.088932 0.847133 0.435305 -1.828929 -1.435337 -0.860727
59875488 -0.130044 1.085403 0.168411 -1.915452 -1.450305 -1.036658
79833984 -0.063408 1.278005 0.439545 -1.919348 -1.427059 -0.939346
99792480 -0.040395 0.990375 1.164865 -1.873736 -1.427059 -0.939346
119750976 -0.309753 0.461969 1.885143 -1.892611 -1.369783 -0.702903
139709472 -0.290713 -0.054100 2.758844 -2.309166 -1.227680 -0.413128
159667968 -0.013410 -0.607941 3.193900 -2.490864 -1.167906 -0.481988
179626464 0.637578 -1.614065 2.324840 -2.592949 -1.163074 -0.843234
199615478 1.872897 -2.594669 -0.100107 -2.865676 -1.053102 -1.666147
219573974 3.503128 -3.404676 -1.520046 -2.925526 -1.053102 -1.666147
239532470 5.780130 -4.081534 -1.229560 -3.026797 -0.579890 -1.801421
259490966 6.491893 -4.948585 -1.554867 -3.059135 -0.463214 -1.836072
279449462 6.429184 -5.385755 -2.321951 -3.089358 -0.417889 -1.934520
299407959 6.141521 -6.332462 -3.027827 -3.128508 -0.333219 -2.030894
319366455 6.797082 -7.394067 -2.433714 -3.134130 -0.224621 -1.951108
339324951 7.075365 -8.236608 -0.805318 -3.097285 -0.146765 -1.772225
359283447 6.403602 -8.515284 0.187768 -3.084047 -0.134983 -1.667956
379241943 5.488476 -9.261983 0.137405 -3.099216 -0.040220 -1.704546
399200439 4.698293 -10.228232 -0.690007 3.119826 0.150348 -1.915603
419189453 4.922313 -11.244650 -1.785920 2.997725 0.335399 -2.135316
439147949 5.620036 -12.084645 -1.335198 2.976280 0.492059 -2.045527
459106445 5.960850 -12.931346 -0.284846 3.005370 0.697038 -1.867202
479064941 5.528525 -13.657898 -0.027424 2.465520 0.956347 -1.897051
499023437 4.558011 -14.624939 -0.612550 1.320262 1.226950 -2.426503
518981933 3.972212 -15.765968 -0.426124 1.687409 1.394477 3.138069
538940429 3.795909 -17.562237 1.264461 -2.893515 1.451988 1.185846
558898925 2.934494 -19.142542 2.078928 -2.868042 1.314374 1.140534
578857421 0.114940 -19.285946 1.056560 -2.875927 1.314374 1.140534
598815917 -1.204719 -19.955437 0.487366 3.069958 1.112388 1.501915
618774414 -1.401881 -20.707121 1.161467 3.092317 1.067655 1.463744
638763427 -1.510514 -22.557745 2.277618 3.056964 1.067655 1.463744
658721923 -1.692098 -23.676418 2.091861 -3.112284 1.108634 1.345276
678680419 -1.590881 -25.094933 3.586443 -2.956764 1.176132 1.225422
698638916 -1.792478 -27.950676 5.268034 -2.782063 1.210710 1.086936
718597412 -2.760267 -29.641485 5.450822 -2.790760 1.229987 1.088249
738555908 -5.516072 -30.413881 3.991817 -3.080700 1.217640 1.249616
758514404 -8.265259 -30.819405 2.543066 2.731097 1.199598 1.373657
778472900 -9.677500 -30.163258 2.820934 2.178645 1.194089 1.352748
798431396 -10.667816 -29.211811 4.023876 1.364766 1.188695 1.266748
818389892 -12.060356 -29.075077 4.195650 0.930154 1.188695 1.266748
838348388 -14.920738 -26.080700 3.862457 0.690796 1.126010 1.286204
858337402 -17.605940 -21.360359 4.043435 0.603742 1.032281 1.292249
878295898 -19.014866 -17.925814 5.106520 0.575551 0.960542 1.241815
898254394 -18.376245 -16.162800 5.182360 0.572878 0.960542 1.241815
918212890 -16.894661 -14.616088 6.299887 0.574769 0.962287 1.211532
938171386 -15.798285 -11.081564 6.682716 0.653209 0.937500 1.022574
958129882 -14.687819 -8.088449 4.923328 0.654418 0.935038 1.061658
978088378 -13.552609 -6.372882 2.302644 0.576176 0.983938 1.196508
998046875 -12.543115 -4.815867 1.280916 0.546052 1.011673 1.243141
1018005371 -11.251006 -3.568770 1.432573 0.620955 1.048757 1.151014
1037963867 -9.795168 -3.210348 1.272406 0.707501 1.141629 1.045761
1057952880 -9.125090 -2.156828 0.921126 0.735261 1.180923 1.002298
1077911376 -9.050364 -0.924255 -0.187705 0.540202 1.206289 1.226481
1097869873 -8.723446 -0.198388 -0.142268 0.592194 1.225762 1.162286
1117828369 -9.160142 0.066577 0.266117 0.652908 1.161883 1.079836
1137786865 -9.980961 0.670762 -0.154301 0.508958 1.065379 1.255631
1157745361 -10.639799 0.809056 -0.238507 0.458754 0.986866 1.312562
1177703857 -9.984919 0.759803 0.652853 0.680122 1.009662 1.076928
1197662353 -9.192795 0.421243 0.807246 0.747376 1.082252 0.969008
1217620849 -7.852992 0.023668 0.632524 0.890317 1.216575 0.810680
1237579345 -6.527755 -0.238694 0.841119 1.240152 1.285668 0.439219
1257537841 -6.108089 -0.446716 0.053568 1.160191 1.381267 0.544344
1277526855 -6.186887 -0.385223 -1.467728 0.105306 1.433972 1.673605
1297485351 -6.410311 -0.213079 -2.193132 -0.244206 1.351657 2.061762
1317443847 -6.452381 -0.159911 -1.998308 -0.129390 1.321597 1.930555
1337402343 -6.551112 -0.506171 -1.970592 -0.080493 1.286590 1.871716
1357360839 -6.695139 -0.827333 -2.373821 -0.136127 1.233895 1.942894
1377319335 -7.044343 -1.064609 -2.068181 -0.018878 1.181369 1.808964
1397277832 -7.460945 -1.581504 -1.156668 0.151437 1.132805 1.592031
1417236328 -7.670668 -2.140391 -0.598420 0.225815 1.091809 1.496366
1437194824 -7.854994 -3.203141 -1.253203 0.161301 1.071908 1.604728
1457153320 -7.962710 -4.345121 -0.655410 0.207697 1.057244 1.539014
1477111816 -7.672392 -5.123321 0.506765 0.284088 1.045779 1.424751
1497100830 -7.358558 -6.146321 2.238527 0.347575 1.028193 1.271966
