0 0.209052 -0.180258 -1.076580 2.957047 -1.457179 -2.640855
19958496 0.115912 -0.006483 -1.125272 2.930127 -1.459420 -2.703376
39916992 0.536798 0.000335 -0.548859 -2.788779 -1.467532 -1.973206
59875488 0.855923 0.016652 -0.237166 -2.770470 -1.467532 -1.973206
79833984 0.740664 -0.186250 -0.084018 -2.445008 -1.442635 -1.516591
99792480 1.034866 -0.317098 0.037377 -2.475196 -1.405416 -1.461481
119750976 1.200850 -0.233141 0.109642 -2.487163 -1.385885 -1.444448
139739990 1.760849 -0.556118 0.962820 -2.436641 -1.299804 -1.157314
159698486 1.899085 -0.940773 1.215604 -2.483550 -1.269917 -1.122769
179656982 1.599547 -1.122288 1.222647 -2.520835 -1.269917 -1.122769
199615478 0.774848 -1.032386 0.274052 -2.684726 -1.420995 -1.603508
219573974 0.488067 -1.035224 -0.233124 -3.084993 -1.427576 -2.133439
239532470 1.426129 -1.226817 0.117001 -2.917414 -1.329470 -1.778056
259490967 2.253670 -1.684910 -0.296357 -3.009052 -1.207214 -1.886109
279449463 2.913371 -2.002460 -1.119984 -3.101865 -1.091432 -2.047812
299407959 3.070623 -2.239377 -0.712273 -3.096610 -1.081750 -1.955562
319366455 2.513556 -2.917331 -1.243548 3.117313 -1.067655 -2.164868
339324951 2.204080 -3.799306 -2.604330 3.104116 -1.067655 -2.164868
359283447 3.378168 -4.868179 -2.496238 3.099772 -0.748601 -2.269114
379272461 5.299275 -5.759142 -1.255636 -3.091602 -0.560374 -1.897711
399230957 7.197813 -6.809444 -0.486796 -3.022920 -0.347121 -1.718398
419189453 8.125237 -8.383700 -1.029509 -3.036538 -0.138784 -1.762338
439147949 7.514483 -9.581619 -1.942586 -3.072852 0.006743 -1.891966
459106445 6.349861 -10.340728 -2.936226 -3.124835 0.128366 -2.090294
479064941 6.168938 -10.975945 -2.957441 -3.141129 0.252241 -2.119603
499023437 6.763437 -11.619658 -1.836165 -3.135077 0.252241 -2.119603
518981933 7.236764 -12.427333 -1.238375 -2.923775 0.548757 -1.796143
538940429 6.996508 -13.400894 -1.333838 -2.807190 0.782322 -1.837875
558898926 6.187859 -14.043253 -0.377258 -2.742186 0.782322 -1.837875
578857422 4.746232 -14.838466 1.225063 -1.799475 1.354364 -0.384674
598846435 3.206418 -16.319929 2.631196 -2.633958 1.220840 0.636457
618804931 1.343673 -18.129200 2.539867 -2.963353 1.141487 1.132712
638763427 -3.008107 -19.340620 1.317952 3.058957 0.944870 1.491265
658721924 -7.079470 -19.064850 -0.464375 2.920615 0.791269 1.640458
678680420 -8.284657 -18.338305 -0.555472 2.896972 0.759649 1.634347
698638916 -6.668438 -17.919115 1.106581 3.007240 0.832057 1.527653
718597412 -4.673717 -18.075161 1.908328 3.109847 0.938719 1.462306
738555908 -3.601656 -18.417835 0.585161 2.931220 1.026376 1.566141
758514404 -3.250055 -19.120636 0.472057 2.879565 1.091692 1.592613
778472900 -4.285196 -20.398636 2.398332 3.117736 1.114441 1.446344
798431396 -6.140666 -21.816551 2.187626 3.071710 1.117482 1.473335
818420410 -7.143042 -20.607382 1.489829 2.738066 1.108160 1.518991
838378906 -6.403229 -19.098835 3.526113 3.032006 1.135571 1.338130
858337402 -6.397534 -18.487801 6.854826 -1.367510 1.121908 1.051604
878295898 -8.171335 -18.615494 5.500463 0.343790 1.122244 1.149252
898254394 -9.810347 -16.535645 1.257490 0.598661 1.122244 1.149252
918212890 -8.765771 -14.313963 2.252007 0.634943 1.128048 1.326538
938171386 -9.203892 -14.114902 3.903169 0.666958 1.119290 1.155561
958129883 -10.979806 -12.972050 1.789783 0.572856 1.090095 1.331288
978088379 -12.071228 -10.391479 0.784654 0.524507 1.032626 1.402523
998046875 -12.253979 -8.142078 0.847734 0.515225 0.993743 1.378770
1018005371 -11.366764 -6.914373 0.857596 0.534834 1.015894 1.344067
1037963867 -9.976923 -6.012171 1.163596 0.523720 1.015894 1.344067
1057922363 -9.129221 -5.044597 0.794885 0.618609 1.104740 1.243327
1077911377 -8.335596 -4.209958 0.444394 0.636618 1.148224 1.229793
1097869873 -8.118473 -3.238722 0.031571 0.612494 1.160471 1.262968
1117828369 -8.303822 -2.374249 -0.320389 0.552027 1.147367 1.324070
1137786865 -8.008793 -1.938904 0.123560 0.616169 1.161524 1.215238
1157745361 -7.627514 -1.459653 0.366953 0.674252 1.180531 1.119818
1177703857 -7.653137 -1.084188 0.157614 0.638007 1.186029 1.155272
1197662353 -7.509664 -0.444448 0.320347 0.677790 1.179497 1.102786
1217620849 -6.976962 0.106399 0.959056 0.827827 1.176147 0.889418
1237579345 -6.373912 0.132344 1.614771 1.010208 1.173926 0.648394
1257537842 -5.504136 0.062219 1.219648 1.172218 1.257167 0.492484
1277526855 -4.826651 0.079112 0.894226 1.377418 1.316725 0.313248
1297485351 -3.826012 -0.073036 0.949643 1.781816 1.327805 -0.113006
1317443847 -2.854846 -0.013344 0.868405 2.167178 1.305248 -0.504639
1337402343 -2.015202 0.034935 0.432630 2.561767 1.285828 -0.857436
1357360840 -1.614005 -0.178528 -0.017357 2.830813 1.286138 -1.070603
1377319336 -1.582020 -0.174811 -0.394502 3.000112 1.301600 -1.194839
1397277832 -1.327655 0.125712 -0.268829 2.963938 1.267817 -1.170856
1417236328 -0.889732 0.320663 -0.379532 3.050470 1.228910 -1.238839
1437194824 -0.558206 0.281966 -0.608809 -3.115209 1.212305 -1.318785
1457153320 -0.452838 0.251135 -0.437948 3.098545 1.206997 -1.256666
1477111816 -0.253758 0.123637 -0.827965 -3.016575 1.212129 -1.364246
1497070312 0.072219 -0.028984 -0.881184 -2.970622 1.198395 -1.384877
