0 0.453012 -0.043013 -0.353196 -0.310989 -1.494154 0.434672
19958496 0.388321 0.127463 -0.133217 -0.380645 -1.469619 0.390342
39947510 0.614842 0.177736 -0.006693 -0.710853 -1.464713 0.132860
59906006 0.966236 -0.015443 -0.751005 -1.476192 -1.532390 -0.684821
79864502 1.423054 -0.223287 -0.951069 -2.248462 -1.495066 -1.423225
99822998 1.611363 -0.445127 -0.880071 -2.186956 -1.470538 -1.330837
119781494 1.619131 -0.544252 -0.751864 -2.190164 -1.470538 -1.330837
139739991 1.515869 -0.610072 -0.480417 -1.742000 -1.455326 -0.820983
159698487 1.362499 -0.573176 -0.478552 -1.580298 -1.467682 -0.673146
179656983 1.322971 -0.728423 -0.900713 -1.845143 -1.501551 -1.023724
199615479 1.884346 -0.893474 -1.689885 -2.743769 -1.438425 -1.951300
219573975 2.334938 -1.325838 -1.365417 -2.499955 -1.389630 -1.602430
239532471 2.697874 -1.742038 -0.851997 -2.310849 -1.330539 -1.300384
259490967 3.090939 -1.985706 -1.072695 -2.452480 -1.285319 -1.427982
279479981 3.527165 -1.957334 -1.251039 -2.528840 -1.243114 -1.516842
299438477 3.804204 -2.082947 -0.975120 -2.502836 -1.212929 -1.434261
319396973 3.584447 -2.026795 -1.792128 -2.727667 -1.253444 -1.769340
339355469 3.285576 -1.974906 -3.020824 -3.073727 -1.238284 -2.286662
359313965 3.242657 -1.655743 -3.490221 -3.091440 -1.238284 -2.286662
379272461 2.850603 -1.724803 -2.677995 -3.103319 -1.364815 -2.324224
399230957 2.481872 -2.028223 -1.538122 -2.130988 -1.484237 -1.268363
419189453 2.025609 -2.470685 -1.009547 -0.820529 -1.451198 0.065383
439147950 2.594870 -2.544444 -1.021222 -1.335193 -1.433522 -0.361855
459106446 3.644403 -2.654158 -1.276681 -2.093555 -1.365232 -1.061944
479064942 3.697790 -3.512456 -1.613411 -2.197754 -1.377317 -1.180194
499053955 3.389535 -4.290730 -1.520757 -1.609048 -1.404084 -0.572105
519012452 3.456257 -4.281139 -1.323181 -1.311158 -1.339208 -0.194616
538970948 3.570026 -4.191207 -0.409799 -1.456049 -1.116297 -0.004665
558929444 3.410177 -4.596943 0.675412 -1.420188 -1.116297 -0.004665
578887940 3.098862 -4.779790 0.045034 -1.478880 -0.860933 0.442706
598846436 3.158316 -4.714116 -2.034304 0.788095 -1.094647 1.329537
618804932 2.639147 -5.078561 -2.089340 1.536930 -0.759977 1.423149
638763428 1.471118 -5.478090 -0.996464 2.622231 -0.350736 1.200996
658721924 0.668185 -5.442189 -0.345199 2.501463 -0.350736 1.200996
678680420 0.458442 -5.521869 -0.351155 2.767740 -0.113773 1.182510
698638916 0.508424 -5.770105 -0.800045 2.701133 -0.003716 1.257272
718627930 0.760001 -6.341622 -0.993065 2.745354 0.158020 1.283580
738586426 0.389894 -6.822251 -1.024518 2.746475 0.277462 1.307007
758544922 0.588978 -7.109978 -0.111881 2.945429 0.363924 1.183465
778503418 1.504807 -7.182994 0.867181 -3.051562 0.443307 1.023960
798461914 1.563958 -8.061687 1.149782 -3.017963 0.443307 1.023960
818420410 1.087828 -8.721687 0.454707 3.054740 0.672675 1.149945
838378907 0.516468 -8.810551 -0.310060 2.888259 0.706540 1.284486
858337403 -0.291037 -9.297980 0.058854 2.884202 0.706540 1.284486
878295899 -0.688854 -9.898142 0.204082 2.903331 0.785616 1.276773
898254395 -0.825020 -9.717819 0.233528 2.872619 0.812592 1.277217
918212891 -1.411732 -9.892447 0.780149 2.887549 0.829277 1.249046
938201905 -2.780800 -10.139022 1.024035 2.786559 0.829277 1.249046
958160401 -4.304797 -9.603499 0.222397 2.284689 0.790492 1.374134
978118897 -5.449033 -9.376379 -0.187613 1.848390 0.783058 1.424609
998077393 -6.265841 -9.713245 0.147039 1.584640 0.803256 1.414088
1018035889 -6.598433 -9.416206 0.882892 0.867225 0.813200 1.372671
1037994385 -5.613927 -8.324198 1.785222 0.868051 0.839174 1.299633
1057952881 -5.791573 -7.883180 2.562232 0.575568 0.845700 1.251036
1077911377 -7.781046 -7.437013 1.578347 0.519348 0.804268 1.357903
1097869873 -8.842718 -7.046806 0.485839 0.478416 0.793168 1.443287
1117828369 -8.267410 -6.579583 1.175699 0.413663 0.824015 1.387532
1137786866 -7.767408 -5.574561 2.683915 0.335174 0.822214 1.263862
1157775879 -7.926622 -4.756299 2.933314 0.328869 0.809163 1.241237
1177734375 -7.813724 -4.107755 2.098495 0.326415 0.809163 1.241237
1197692871 -7.301324 -3.445875 1.172134 0.358852 0.849155 1.352316
1217651368 -7.287916 -3.017570 0.839849 0.359283 0.858177 1.373312
1237609864 -7.501006 -2.429320 0.360220 0.351491 0.858177 1.373312
1257568360 -6.833006 -1.936419 0.369861 0.332396 0.880271 1.401965
1277526856 -5.711843 -1.785671 0.900124 0.376934 0.947277 1.315118
1297485352 -5.167776 -1.498669 1.448801 0.414487 0.974561 1.223925
1317443848 -4.897600 -0.893730 2.053210 0.462591 0.963878 1.121767
1337402344 -4.503890 -0.673014 1.367287 0.485037 1.009032 1.167929
1357360840 -4.866704 -0.833080 -0.186595 0.519581 1.009032 1.167929
1377319336 -5.075673 -0.771193 -1.493674 0.304946 1.036503 1.605452
1397308350 -4.018292 -0.655635 -1.435278 0.333544 1.120517 1.611687
1417266846 -4.223329 -0.286883 -0.018203 0.448355 1.091517 1.350442
1437225342 -9.152215 0.760578 0.963647 0.351831 0.723864 1.365591
1457183838 -9.038928 1.564086 1.310619 0.364924 0.676175 1.335106
1477142334 -6.148777 1.211532 1.066089 0.404680 0.850993 1.283125
1497100830 -3.351315 0.442798 0.443324 0.466848 1.098543 1.250637
1517059327 -1.433053 -0.088979 0.646314 0.699918 1.258151 0.996569
