0 0.062417 0.112543 0.937521 1.931023 -0.430137 -1.686919
19958496 0.183520 0.228179 0.374575 1.908639 -0.437462 -1.689449
39947510 0.105033 0.214492 0.186276 1.906675 -0.437462 -1.689449
59906006 0.005501 0.339715 -0.009931 1.917040 -0.441555 -1.711791
79864502 -0.339490 0.348748 -0.260446 1.862086 -0.482945 -1.781539
99822998 -1.056901 0.121269 -0.527983 1.869318 -0.482945 -1.781539
119781494 -1.398090 0.177924 -0.239018 1.843703 -0.502737 -1.845856
139739990 -1.485223 0.383964 0.182171 1.650118 -0.588654 -1.808379
159698486 -1.593185 0.807170 0.828480 1.677157 -0.588654 -1.808379
179656982 -1.777471 1.348126 1.195350 1.392716 -0.752537 -1.718599
199615478 -2.190139 1.077606 0.883318 1.289374 -0.787372 -1.803476
219593192 -3.764020 -0.584012 -0.482999 1.344110 -0.787372 -1.803476
239551689 -5.050812 -1.392566 -1.277360 0.925027 -0.745322 -2.167562
259540702 -5.436283 -1.812906 0.189909 -0.110197 -0.891869 -2.367329
279499198 -5.599574 -2.414421 1.703420 0.794634 -1.040984 -1.969202
299457694 -5.552887 -2.183071 2.396172 1.117334 -1.134980 -1.661456
319416191 -5.185338 -1.534324 1.486905 1.148539 -1.134980 -1.661456
339374687 -5.135913 -2.015347 0.492118 0.624723 -1.097504 -2.079565
359333183 -6.030011 -3.452034 0.399730 -1.135473 -0.846226 -2.685558
379291679 -5.628659 -3.698205 0.634878 -0.671102 -0.797962 -2.467862
399250175 -4.846349 -3.478162 0.364108 2.011978 -0.698380 -2.304096
419208671 -4.906236 -2.941013 0.298091 2.182787 -0.698380 -2.304096
439167167 -4.552647 -3.090084 0.808269 0.422865 -0.793426 -2.310615
459125663 -4.657259 -4.418327 0.536931 2.710421 -0.419949 -2.136649
479084159 -5.130309 -5.117066 -0.576702 2.700652 -0.419949 -2.136649
499073173 -4.849307 -4.899156 -1.131397 -2.959158 -0.138953 -2.423351
519031669 -4.224982 -4.539665 -0.993828 3.111237 -0.176944 -2.221960
538990165 -4.895593 -4.955441 0.132621 2.878769 -0.041827 -1.967444
558948661 -4.975658 -5.319858 0.252524 2.916793 -0.041827 -1.967444
578907157 -3.907227 -6.043003 -0.111032 2.909230 0.353702 -1.850502
598865653 -2.825158 -6.249561 0.833384 2.716433 0.383474 -1.598716
618824149 -0.768326 -5.915673 1.335147 2.615810 0.283956 -1.513156
638782646 -0.367922 -6.456460 0.351170 2.741305 0.369428 -1.627995
658741142 -0.996217 -8.480677 -0.655351 2.745657 0.369428 -1.627995
678699638 -0.332932 -9.301636 0.540923 2.776202 0.690836 -1.595749
698658134 1.613447 -9.331617 2.566276 2.590485 0.620711 -1.402698
718647148 4.056440 -8.819344 3.032338 2.543525 0.529935 -1.400429
738605644 4.673740 -9.779037 1.909100 2.622237 0.598519 -1.486533
758564140 5.300384 -11.177438 0.262712 2.754133 0.676695 -1.601311
778522636 7.925474 -11.057431 0.374926 2.705055 0.625719 -1.590760
798481132 9.993615 -10.403122 0.727135 2.639885 0.582391 -1.575083
818439628 11.662205 -9.623510 0.287482 2.597428 0.551459 -1.603299
838398124 14.081283 -8.104454 0.009525 2.515608 0.551459 -1.603299
858356620 15.189838 -4.609349 -1.419211 2.356748 0.484748 -1.615404
878315116 15.206623 -1.866133 -0.957634 2.130682 0.371122 -1.673697
898273612 15.952335 0.242359 1.157182 1.783547 0.293820 -1.655851
918232108 15.951187 2.517083 2.009724 1.258776 0.147065 -1.531868
938221122 14.921303 3.948118 4.297895 1.178767 0.100319 -1.429320
958179618 13.274699 4.062572 4.952970 1.162318 0.108129 -1.383151
978138114 10.669842 3.305131 3.459750 1.219205 0.168493 -1.428342
998096610 7.642848 2.487926 1.437930 1.304926 0.256946 -1.521410
1018055107 6.181032 2.180162 -0.417549 1.394710 0.303658 -1.643306
1038013603 5.298701 2.117369 -1.100116 1.443716 0.323455 -1.695290
1057972099 4.557254 1.770176 -1.169059 1.417353 0.323455 -1.695290
1077930595 3.601836 1.737093 -0.838871 1.760576 0.384935 -1.679103
1097889091 3.073648 1.340931 -0.695487 1.960222 0.426128 -1.661174
1117847587 2.589182 1.019108 -1.255960 1.975904 0.426128 -1.661174
1137806083 3.142361 1.383620 -1.359221 2.272619 0.462065 -1.708650
1157795097 3.707706 1.488192 -0.107269 1.767836 0.379389 -1.586180
1177753593 3.659962 1.463619 0.394541 1.728844 0.372232 -1.538497
1197712089 3.056226 1.159278 0.695512 1.803109 0.400473 -1.505952
1217670585 2.534424 0.710249 1.636524 1.821564 0.434724 -1.408494
1237629081 2.144863 0.560240 1.001688 1.932919 0.449402 -1.453393
1257587577 2.207252 0.307819 -0.055438 2.144730 0.455290 -1.545744
1277546073 2.107173 0.282716 -0.368319 2.209902 0.446185 -1.568974
1297504569 1.961617 0.047884 -0.584624 2.303678 0.454045 -1.585434
1317463066 1.671041 -0.145098 -0.391732 2.327336 0.454045 -1.585434
1337421562 1.450501 -0.264996 -0.539519 2.352849 0.468922 -1.566071
1357380058 1.625318 -0.565679 -0.712954 2.422115 0.473378 -1.575411
1377369071 1.995033 -0.465913 -1.044998 2.455187 0.473378 -1.575411
1397327567 2.364032 0.047871 -0.808387 2.285824 0.379012 -1.583137
1417286064 2.113438 -0.716224 -0.954377 2.461979 0.437545 -1.596354
1437244560 3.001155 -0.805170 -1.194472 2.448087 0.411705 -1.608793
1457203056 4.412141 -0.503549 -0.039900 2.157034 0.349826 -1.505129
1477161552 5.002577 -0.488779 1.960278 1.908978 0.325204 -1.347497
1497120048 5.233884 -0.140957 2.559908 1.823496 0.288050 -1.291211
1517078544 4.306824 -0.409133 1.664637 1.982968 0.314492 -1.322289
