0 0.474963 0.370840 -0.309732 1.814338 -1.390113 -2.922047
19958496 0.001825 0.229748 -0.567683 1.812093 -1.272133 2.983822
39916992 0.170806 0.233328 -0.504301 1.840922 -1.277755 3.054784
59875488 0.564057 -0.042186 -0.802164 1.824952 -1.277755 3.054784
79864502 0.765949 -0.165373 -0.660201 2.039181 -1.241894 -3.086507
99822998 0.755742 -0.121770 -0.064961 1.929123 -1.315755 -2.976124
119781494 0.797972 -0.122368 0.327926 1.904994 -1.355895 -2.912511
139739990 0.930764 -0.271233 0.422587 1.951108 -1.357996 -2.821365
159698486 1.142475 -0.409187 0.520689 2.063066 -1.352595 -2.688579
179656982 1.362065 -0.437866 0.414425 2.138378 -1.325318 -2.606974
199615478 1.652509 -0.550822 0.002674 2.276688 -1.265649 -2.581005
219573974 2.213855 -0.804614 0.211492 2.404806 -1.236284 -2.377562
239532470 2.391872 -1.083259 0.670445 2.474174 -1.243184 -2.221366
259490967 2.201241 -1.343871 1.021323 2.469605 -1.270639 -2.167278
279449463 2.068429 -1.766511 0.872949 2.462093 -1.270639 -2.167278
299438476 2.381476 -1.726183 0.565284 2.459781 -1.189631 -2.285516
319396972 2.741579 -1.849686 0.762416 2.492405 -1.152866 -2.178343
339355469 3.506440 -2.320951 0.590676 2.578239 -1.036685 -2.118962
359313965 4.051845 -2.947944 0.642960 2.631451 -0.941631 -2.063753
379272461 4.359664 -2.802704 0.534680 2.628819 -0.920797 -2.072096
399230957 3.974038 -2.704896 0.766183 2.577371 -0.978794 -2.092797
419189453 3.912504 -2.898611 0.794077 2.540611 -0.979902 -2.125291
439147949 3.844559 -3.177419 0.469914 2.506388 -0.955941 -2.233240
459106445 3.974730 -3.344169 0.883462 2.514938 -0.975776 -2.170094
479064941 4.405865 -3.437773 2.621435 2.697427 -1.022200 -1.719059
499023437 4.165453 -3.386808 3.412109 2.796221 -1.093464 -1.518656
519012451 3.501227 -3.480043 1.476964 2.276091 -1.094455 -2.373604
538970947 3.090658 -3.484334 0.152362 2.118905 -0.962314 -2.812233
558929443 3.149486 -3.431199 0.818974 1.982811 -1.054839 -2.842482
578887939 2.680558 -3.875252 2.682044 1.199932 -1.369517 3.099504
598846435 1.902944 -4.618234 1.995944 1.047541 -1.033540 2.481558
618804931 0.521238 -4.658137 0.675123 2.451119 -0.636687 2.332037
638763428 -0.112260 -4.244049 0.270154 2.556286 -0.558178 2.242917
658721924 0.112378 -4.183208 1.753378 -2.820266 -0.582587 1.971388
678680420 0.215973 -5.058374 1.494745 3.131675 -0.364875 2.002820
698638916 0.250237 -5.929006 0.539815 2.896661 -0.130327 2.133970
718597412 1.040715 -6.326352 0.264433 2.760389 -0.009094 2.220745
738555908 2.049660 -6.734410 1.596846 2.978949 0.152050 2.075190
758544922 2.680001 -7.925663 4.046163 -2.662851 0.555311 1.480138
778503418 3.631808 -8.702567 5.141767 -2.384639 0.807188 1.111053
798461914 3.897140 -9.544927 3.932822 -2.701747 1.004872 1.469875
818420410 3.574578 -10.187601 3.327134 -2.864839 1.019307 1.634513
838378906 2.888813 -11.079178 4.373218 -2.873564 1.019307 1.634513
858337402 2.165913 -11.846832 3.448541 -2.822732 1.014256 1.594562
878295898 0.775867 -12.865671 1.878062 -3.054040 0.973750 1.810318
898254394 -0.556371 -14.103920 -0.515837 2.949003 0.935981 2.015619
918212890 -1.535060 -14.183652 -1.200395 2.901937 0.915891 2.022861
938171387 -3.817486 -14.101179 -0.730783 3.065152 0.869467 1.900114
958160400 -6.743663 -13.938983 -1.533641 3.016366 0.795467 1.876553
978118896 -8.438083 -13.517218 -3.044813 2.697010 0.755012 1.919219
998077392 -8.949475 -13.007138 -2.927876 2.477280 0.759647 1.896719
1018035888 -9.299674 -12.553536 -1.051892 2.845652 0.781036 1.780712
1037994385 -7.853440 -11.304911 0.137951 -2.215788 0.823982 1.712737
1057952881 -7.385943 -11.787031 1.381222 -1.462105 0.888813 1.616009
1077911377 -8.268766 -12.092908 1.002734 -0.280455 0.897188 1.621269
1097869873 -7.996386 -11.390457 -0.702379 0.396295 0.911492 1.725196
1117828369 -7.580545 -10.555925 -1.398819 0.465836 0.929956 1.769023
1137786865 -7.270012 -9.016415 -0.926890 0.391199 0.934144 1.728973
1157745361 -7.442772 -7.970521 0.446133 0.266907 0.936418 1.602801
1177734375 -8.451126 -6.974656 0.209007 0.281208 0.900743 1.596353
1197692871 -9.774078 -6.179238 -2.494915 0.323900 0.845707 1.773233
1217651367 -10.406180 -5.183325 -3.612863 0.296254 0.807811 1.835692
1237609863 -10.108913 -4.217336 -2.615353 0.309479 0.816659 1.768120
1257568359 -9.282515 -3.291507 -0.273964 0.302557 0.848619 1.578749
1277526855 -7.990972 -2.809841 0.910757 0.356778 0.910211 1.445835
1297485351 -7.844909 -2.220392 0.820529 0.384196 0.919074 1.429707
1317443847 -8.263130 -1.291409 -0.356385 0.336691 0.888196 1.538752
1337402344 -9.296456 -0.414195 -1.352265 0.297041 0.816034 1.628340
1357360840 -10.071587 0.426275 -1.678895 0.281928 0.752005 1.648073
1377319336 -9.485014 1.067750 -1.581606 0.277902 0.761529 1.638872
1397308349 -8.262847 1.335437 -0.705278 0.340242 0.830614 1.535316
1417266845 -7.305319 1.392735 0.474477 0.434443 0.890555 1.347968
1437225342 -6.051251 1.154651 0.381228 0.492480 1.005187 1.292376
1457183838 -5.070378 0.888418 -0.328830 0.505867 1.121759 1.361411
1477142334 -4.792854 0.891800 -0.310257 0.545751 1.151612 1.318507
1497100830 -4.666481 1.030436 -0.024328 0.630884 1.151912 1.216774
