0 -0.510986 0.039272 -0.082453 1.960495 -0.852141 -1.940382
19958496 -0.546318 -0.044116 -0.023054 1.966646 -0.852009 -1.927940
39916992 -0.785779 -0.242895 -0.394769 1.969248 -0.845190 -1.995222
59875488 -0.971234 -0.269062 -0.389951 1.925992 -0.857405 -2.006694
79833984 -0.970358 -0.050922 -0.267993 1.866111 -0.876938 -1.987536
99792480 -1.013432 0.131820 -0.264632 1.796324 -0.893955 -1.986024
119750976 -1.389652 -0.016557 -0.118940 1.774505 -0.920387 -1.981486
139709472 -1.835262 -0.343727 -0.305503 1.697114 -0.928233 -2.042866
159667968 -1.947968 -0.564861 -0.522432 1.728056 -0.911787 -2.087958
179626464 -2.059378 -0.882351 -0.579944 1.780577 -0.893747 -2.111379
199584960 -2.353537 -0.972289 -0.145694 1.674412 -0.935924 -2.072251
219543457 -2.904495 -1.307445 0.365735 1.513060 -0.998090 -2.036150
239532470 -3.839614 -2.132338 0.551269 1.523073 -0.998090 -2.036150
259490966 -5.342660 -3.074380 0.113520 -0.620514 -1.115855 -2.767181
279449462 -6.939598 -3.795529 -0.565413 -1.987199 -0.909419 2.778315
299407958 -8.353651 -4.558324 -0.947787 -2.346494 -0.628942 2.429877
319366455 -9.822996 -5.502090 -0.807579 -2.498177 -0.366043 2.164129
339324951 -10.838287 -6.650361 0.253398 -2.557989 -0.137996 1.892000
359283447 -11.693748 -7.984956 1.426617 -2.579499 0.098996 1.673376
379241943 -12.055531 -8.956549 2.115270 -2.555522 0.258407 1.573733
399200439 -11.640287 -9.377535 1.801846 -2.498238 0.374859 1.633214
419158935 -10.936842 -9.900503 0.921846 -2.386700 0.546066 1.808170
439147949 -10.357529 -10.783513 0.455527 -2.353734 0.546066 1.808170
459106445 -9.185353 -11.517715 0.556916 -1.886656 1.083052 2.039532
479064941 -7.740510 -12.185981 0.437963 -1.928724 1.358321 2.565493
499023437 -6.631098 -14.549181 -0.859593 -2.603703 1.331724 -2.833980
518981933 -6.732456 -18.452797 -1.642741 -2.541328 1.364289 -2.798138
538940429 -6.104289 -22.535311 -0.852396 -2.868570 1.426879 -2.330929
558898925 -1.693692 -25.519136 3.147687 2.510267 1.280761 -1.285051
578857421 4.995199 -26.492985 7.903689 2.377154 1.042709 -1.116448
598815917 9.040671 -26.496349 7.113954 2.344804 1.042709 -1.116448
618774414 8.718005 -28.599230 3.141777 2.651984 1.058336 -1.440536
638732910 8.132001 -31.296412 3.650467 2.632739 1.058336 -1.440536
658691406 11.717141 -31.936943 3.858675 2.575534 1.088790 -1.398890
678680419 15.900736 -30.242416 1.991929 2.547428 1.088790 -1.398890
698638916 17.730665 -26.394251 1.681086 2.559823 0.968505 -1.510128
718597412 17.513290 -24.230251 4.712892 2.251875 0.966647 -1.371526
738555908 17.384108 -22.932762 6.927705 1.966937 0.969938 -1.261883
758514404 18.736534 -19.720335 6.602647 1.656341 0.923906 -1.282349
778472900 19.882513 -15.627722 6.875848 1.153631 0.851457 -1.278661
798431396 20.304546 -12.258736 8.984439 0.796871 0.778638 -1.187134
818389892 20.744267 -9.939781 9.004748 0.601275 0.731516 -1.179265
838348388 20.738178 -6.727819 5.938216 0.455028 0.731516 -1.179265
858306884 19.928648 -3.855876 4.548119 0.323166 0.681533 -1.303000
878265380 18.987631 -1.790523 3.456382 0.228060 0.588481 -1.398606
898223876 17.992876 0.032237 2.210818 0.164495 0.546716 -1.459943
918212890 16.834639 1.498794 1.340174 0.144397 0.511432 -1.507712
938171386 15.067099 2.160688 1.124855 0.135430 0.528314 -1.516212
958129882 12.210033 1.886697 1.290251 0.158489 0.650874 -1.487770
978088378 9.332338 1.338923 0.982919 0.208400 0.832802 -1.504972
998046875 6.963399 1.166336 0.984027 0.296277 0.997881 -1.492910
1018005371 5.359919 1.030839 1.124217 0.476498 1.118843 -1.453363
1037963867 3.817220 0.206841 0.796779 1.066895 1.270416 -1.538860
1057922363 2.882270 -0.351686 0.730318 1.839242 1.348837 -1.597708
1077880859 2.523416 -0.389965 1.291230 1.756947 1.358495 -1.379746
1097839355 2.132563 -0.742953 1.428192 1.886188 1.381376 -1.329231
1117797851 1.867463 -0.955052 1.662001 1.825859 1.389309 -1.235370
1137786865 1.929330 -0.245038 2.149625 1.533882 1.340995 -1.079178
1157745361 2.059587 0.114019 2.089877 1.530356 1.310067 -1.133394
1177703857 2.284513 0.312377 1.393809 1.804721 1.288592 -1.387247
1197662353 2.873856 0.651045 0.753055 1.668410 1.209532 -1.572167
1217620849 3.292053 0.510845 0.575162 1.432042 1.156879 -1.577765
1237579345 3.394063 0.113136 -0.146341 1.533110 1.138308 -1.707137
1257537841 3.759168 0.221344 -0.018243 1.202165 1.080306 -1.644425
1277496337 3.771156 0.041011 0.498001 1.323840 1.057056 -1.529045
1297454833 2.804103 -0.606671 0.310244 2.099735 1.124643 -1.550451
1317413330 1.563433 -1.850723 0.516829 2.521955 1.226709 -1.486978
1337402343 0.663070 -2.650148 0.562658 2.565126 1.226709 -1.486978
1357360839 0.708853 -2.954990 1.057208 2.599581 1.285457 -1.458220
1377319335 1.483997 -2.976175 1.212124 2.420478 1.259188 -1.345252
1397277832 2.364674 -2.733851 0.935470 2.322033 1.183706 -1.362421
1417236328 3.787934 -2.756656 1.732110 2.319789 1.102409 -1.448874
1437194824 5.417404 -2.493496 2.296603 1.990001 0.989931 -1.374473
1457153320 6.504670 -2.682841 2.234716 1.716509 0.866223 -1.350709
1477111816 6.906920 -3.550557 1.933765 1.690543 0.800849 -1.373733
