0 -0.048927 -0.056559 0.454448 1.897517 -0.346201 -1.688675
19958496 -0.528675 -0.376182 0.272166 1.894077 -0.346201 -1.688675
39916992 -0.751280 -0.458551 -0.190288 1.939049 -0.330030 -1.716776
59906005 -0.936559 -0.388974 -0.510557 1.968410 -0.335549 -1.817994
79864502 -0.846432 -0.106712 -0.372007 1.890328 -0.362114 -1.801725
99822998 -0.832356 0.065783 -0.382879 1.840861 -0.379275 -1.806562
119781494 -0.944993 0.178924 -0.393245 1.778703 -0.397247 -1.815775
139739990 -1.580770 0.098892 -0.561919 1.778371 -0.397247 -1.815775
159698486 -2.204555 -0.096911 -0.699312 1.725836 -0.428250 -1.914043
179656982 -2.515984 -0.164149 -0.493627 1.741256 -0.428250 -1.914043
199615478 -2.930490 -0.311903 -0.259866 1.611385 -0.463832 -1.917236
219573974 -3.267000 -0.046834 -0.052006 1.611385 -0.463832 -1.917236
239532470 -2.966937 0.283530 0.118441 1.287871 -0.567835 -1.902472
259490966 -3.160325 -0.211052 0.389874 1.432632 -0.544073 -1.893332
279479980 -4.471202 -1.414912 0.400743 1.638834 -0.482973 -2.008383
299438476 -4.789010 -1.457901 0.762733 1.490822 -0.528210 -1.987942
319396972 -4.456959 -1.373710 1.061279 1.571099 -0.526917 -1.917248
339355468 -3.923986 -1.215650 1.139506 1.662337 -0.507390 -1.886095
359313964 -2.994204 -0.682428 0.908035 1.673328 -0.508581 -1.890666
379272461 -2.671718 -0.594820 1.094682 1.680411 -0.503433 -1.856156
399230957 -2.391517 -1.228390 1.508978 1.900833 -0.407224 -1.788170
419189453 -2.533038 -2.208221 1.444239 2.170505 -0.264810 -1.810048
439147949 -3.271758 -2.432343 1.161423 2.268199 -0.244834 -1.893701
459106445 -2.498723 -1.793436 1.738945 2.267539 -0.244834 -1.893701
479064941 -1.054645 -1.082678 2.168147 2.048587 -0.307692 -1.752689
499053955 -0.494258 -0.511542 1.641326 1.920621 -0.370457 -1.707552
519012451 -1.652135 -2.048490 1.667481 2.142374 -0.221082 -1.718810
538970947 -3.196318 -3.871782 0.052007 2.771163 0.067324 -2.020297
558929443 -2.637568 -2.996027 -0.047163 2.660051 -0.059165 -1.968509
578887939 -1.522892 -2.149503 1.118975 2.251308 -0.153274 -1.723857
598846435 -0.540747 -1.062028 1.775740 2.043270 -0.251830 -1.601628
618804931 -0.334365 -1.476340 2.140267 2.053918 -0.251830 -1.601628
638763427 -1.211308 -2.991722 1.159630 2.109648 -0.185466 -1.539233
658721923 -2.870826 -4.390669 -0.482089 2.825320 0.261823 -1.889166
678680420 -2.008508 -3.261070 -1.350180 2.880925 0.108578 -1.925998
698638916 -0.331986 -2.298120 0.958148 2.915944 0.108578 -1.925998
718627929 -0.235250 -2.123027 2.024721 2.351419 0.009377 -1.574106
738586425 -1.511406 -2.914776 1.519158 2.372026 0.144897 -1.466017
758544921 -4.725925 -5.312488 -0.991743 3.065881 0.681416 -1.914780
778503418 -5.973362 -6.351983 -2.537602 -2.805633 0.879336 -2.315101
798461914 -4.703121 -7.406323 -0.483612 2.941065 0.984554 -1.744196
818420410 -2.120168 -7.270353 1.773438 2.541744 0.797833 -1.365240
838378906 1.108790 -7.814546 1.253088 2.510762 0.797833 -1.365240
858337402 3.468844 -8.889981 1.298941 2.586143 0.699586 -1.493937
878295898 5.033772 -9.570193 0.576113 2.543843 0.699586 -1.493937
898254394 6.732454 -9.085560 0.179104 2.590494 0.716245 -1.548158
918212890 8.599320 -8.508238 -0.175545 2.558150 0.645606 -1.586315
938201904 9.197395 -8.660237 0.385772 2.510484 0.645606 -1.586315
958160400 9.607615 -8.533318 0.852034 2.384962 0.691565 -1.522711
978118896 10.406403 -7.199301 0.850126 2.272154 0.656409 -1.523175
998077392 11.200428 -5.569609 2.227031 1.979512 0.603029 -1.447426
1018035888 11.031599 -3.722811 3.809619 1.696182 0.555121 -1.352943
1037994384 10.481726 -1.930887 3.483243 1.556691 0.517210 -1.358871
1057952880 9.564884 -0.795179 3.277821 1.449081 0.508906 -1.355084
1077911377 8.896601 0.130252 2.958962 1.331420 0.499451 -1.360410
1097869873 8.519918 0.341052 1.412653 1.297121 0.521502 -1.457161
1117828369 7.772067 0.429951 0.987704 1.201065 0.521502 -1.457161
1137786865 7.376410 1.082429 1.415646 1.188195 0.540865 -1.432557
1157775879 7.090369 1.451158 -0.333279 1.135962 0.540865 -1.432557
1177734375 6.050857 1.608493 -1.584896 0.921897 0.541009 -1.567175
1197692871 5.646485 1.264967 -0.534068 1.187287 0.620784 -1.588825
1217651367 5.586285 1.295350 0.368777 1.251206 0.622175 -1.503857
1237609863 5.171623 1.675242 0.795266 1.210635 0.613783 -1.459395
1257568359 4.317018 1.816068 0.854283 1.230764 0.613783 -1.459395
1277526855 3.354230 1.366964 1.098319 1.553281 0.719546 -1.396157
1297485351 3.016636 1.057143 0.591336 1.768233 0.760074 -1.445694
1317443847 3.136781 1.091028 -1.038333 2.114128 0.746714 -1.646660
1337402343 3.422636 1.285425 -0.907605 2.074031 0.746714 -1.646660
1357360839 3.225181 1.017332 -0.075905 1.768350 0.726622 -1.531893
1377349853 2.578882 0.633001 0.410911 1.909406 0.775974 -1.467507
1397308349 1.779813 0.243387 0.482937 2.135484 0.838955 -1.446113
1417266845 1.574721 0.323752 0.526168 2.102087 0.833448 -1.435510
1437225341 1.641174 0.312308 0.293040 2.154339 0.815934 -1.467045
1457183838 1.725307 0.191385 0.079322 2.204187 0.802035 -1.495479
1477142334 1.329634 -0.167881 0.079530 2.233914 0.802035 -1.495479
1497100830 0.742894 -0.721337 -0.166581 2.318188 0.832885 -1.489822
