0 0.644804 -0.115751 -0.449505 -2.018616 -1.461811 -1.072545
19989014 0.720182 -0.080479 -0.793731 -1.992863 -1.461811 -1.072545
39947510 0.798377 0.046922 -0.626113 -2.272803 -1.455196 -1.341153
59906006 0.689161 -0.100905 -0.763692 -2.321971 -1.465637 -1.457533
79864502 0.825759 -0.174798 -0.846896 -2.305743 -1.465637 -1.457533
99822998 1.112100 -0.209265 -0.716329 -2.382977 -1.416728 -1.437606
119781494 1.105954 -0.311411 -0.213311 -2.156340 -1.398933 -1.118947
139739990 1.019704 -0.525190 0.115762 -2.209528 -1.398933 -1.118947
159698486 1.298569 -0.682820 -0.066014 -2.085118 -1.384228 -0.936117
179656982 1.782251 -0.878834 -0.476283 -2.523801 -1.325286 -1.412399
199615478 2.039575 -0.950527 -0.534157 -2.543727 -1.325286 -1.412399
219573974 2.265475 -1.013437 -0.410854 -2.627203 -1.298047 -1.473068
239532471 2.295210 -1.390051 -0.917902 -2.661282 -1.273864 -1.457362
259490967 2.364482 -1.786698 -1.479600 -2.880559 -1.234240 -1.879446
279479980 2.105637 -2.232450 -1.199603 -2.870158 -1.262300 -1.812363
299438476 2.576215 -2.520308 -0.596062 -2.799721 -1.209177 -1.572561
319396973 3.294908 -3.046837 -0.735025 -2.869508 -1.101317 -1.639066
339355469 4.008086 -3.294609 -1.090275 -2.968202 -1.005690 -1.748004
359313965 4.645073 -3.598810 -2.566638 -3.100549 -0.876682 -2.041661
379272461 5.002665 -3.990133 -2.901760 3.139837 -0.810483 -2.085519
399230957 5.023416 -4.212834 -2.169721 -3.098740 -0.840421 -1.968260
419189453 4.037793 -4.432680 -1.344966 -3.058669 -0.995194 -1.869296
439147949 3.202281 -4.205647 -0.483599 -2.913190 -1.199506 -1.603340
459106445 3.205179 -4.026560 0.472957 -2.623091 -1.216381 -1.107149
479095459 3.556385 -4.208239 -0.067459 -2.778757 -1.223653 -1.376926
499053955 3.048992 -4.371145 -0.797413 -3.097408 -1.365296 -1.891055
519012451 2.722934 -4.831441 -0.939635 2.658431 -1.463748 -2.510514
538970947 2.844903 -5.295599 -0.649327 2.627518 -1.463748 -2.510514
558929443 2.382660 -5.610088 0.084874 3.020554 -1.567908 -2.034444
578887939 2.335320 -5.913666 0.718286 -0.755579 -1.232963 0.857566
598846435 2.634720 -6.055998 0.700048 -1.603887 -0.906127 0.932007
618804932 3.017687 -6.564207 0.610350 -1.603887 -0.906127 0.932007
638763428 4.251976 -7.288176 0.444210 -2.103138 -0.730339 1.109618
658721924 3.645018 -8.045021 -0.426035 -2.797905 -0.480494 1.208244
678710937 1.825158 -8.573801 -1.575359 2.701265 0.363874 2.035302
698669433 -0.150388 -9.274967 -1.591484 2.795335 0.416563 1.896620
718627930 -1.396505 -9.649432 -1.006317 2.869736 0.454724 1.779411
738586426 -1.571421 -9.338467 -0.589531 2.930774 0.473292 1.732593
758544922 -2.460697 -9.631524 -0.321071 2.947665 0.511191 1.699513
778503418 -3.509927 -9.817341 -0.588196 2.917936 0.529610 1.711867
798461914 -3.715868 -9.792928 -1.237417 2.887042 0.529610 1.711867
818420410 -2.558963 -9.671729 -1.243735 2.775871 0.637411 1.764535
838378906 -1.383057 -10.191288 -0.046081 2.901664 0.764703 1.666935
858337402 -0.748214 -11.117366 1.308944 2.901664 0.764703 1.666935
878295898 -0.685593 -11.876130 0.491117 3.045842 0.949172 1.599996
898284912 0.575377 -11.490583 -0.014576 2.989883 0.949172 1.599996
918243408 0.677161 -12.565779 1.551076 -3.066762 1.109503 1.456798
938201904 -0.266728 -13.556166 1.930157 -2.990597 1.124939 1.417378
958160400 -1.993148 -14.038119 1.695087 -3.092510 1.102784 1.457746
978118896 -4.219152 -14.412762 1.121056 2.986817 1.064814 1.519657
998077392 -5.087127 -14.350414 -0.526594 2.276162 1.068517 1.657464
1018035889 -4.972437 -13.317398 0.894060 1.593160 1.068517 1.657464
1037994385 -6.892995 -13.682605 4.002176 -0.266033 1.051393 1.279561
1057952881 -9.733941 -12.376091 2.641739 0.172733 0.974829 1.399787
1077911377 -9.778496 -10.276803 -1.338656 0.341148 0.960323 1.675060
1097869873 -8.259327 -9.627904 -0.124319 0.369548 1.034255 1.584418
1117858887 -8.651295 -9.002192 3.338605 0.313460 1.015225 1.267738
1137817383 -9.693890 -7.728311 1.782746 0.323635 0.983644 1.390647
1157775879 -8.537045 -5.921550 -0.545900 0.307395 1.018484 1.582154
1177734375 -8.296578 -5.884464 -0.023735 0.372026 1.054923 1.514021
1197692871 -8.480473 -4.858713 0.546581 0.383892 1.038630 1.436754
1217651367 -8.407210 -3.757039 0.233210 0.352494 1.032452 1.457552
1237609863 -8.042874 -3.081774 -0.061136 0.364697 1.053629 1.479433
1257568359 -8.150748 -2.512155 0.061277 0.345905 1.053629 1.479433
1277526855 -8.126494 -1.843634 0.195520 0.357455 1.043158 1.433564
1297485351 -8.018339 -1.438188 0.690937 0.357455 1.043158 1.433564
1317443848 -7.902731 -0.964099 0.857259 0.430044 1.050102 1.315254
1337432861 -7.877741 -0.411663 0.914275 0.426168 1.041743 1.295607
1357391357 -7.835835 0.038712 0.875037 0.426189 1.035911 1.289152
1377349853 -7.613171 0.392879 0.639161 0.416523 1.035911 1.289152
1397308349 -7.202314 0.670200 0.369723 0.393377 1.076254 1.331613
1417266846 -6.440055 0.675197 0.376724 0.452476 1.140505 1.278329
1437225342 -5.385083 0.406013 0.147281 0.501135 1.248983 1.245578
1457183838 -4.063955 0.275718 -0.495423 0.440890 1.393803 1.373967
1477142334 -2.956512 0.194311 -0.507983 0.686948 1.502968 1.154090
