0 -0.414321 -0.428355 -0.625862 0.583028 -1.425004 -2.926338
19958496 -0.402318 -0.465647 -0.469152 0.615839 -1.442277 -2.883050
39916992 -0.317999 -0.553971 -0.410101 0.699367 -1.444024 -2.808201
59875488 -0.439384 -0.626968 -0.224740 0.583332 -1.464212 -2.888277
79833984 -0.797000 -1.034012 -0.318413 0.160052 -1.450420 3.018366
99792480 -1.328924 -1.201533 -0.358761 -0.423326 -1.424229 2.584202
119781494 -1.781004 -1.324937 -0.349476 -0.441245 -1.424229 2.584202
139739990 -2.029088 -1.540563 -0.248191 -1.036870 -1.376070 2.174460
159698486 -2.097586 -1.995846 -0.826214 -0.914700 -1.314986 2.406660
179656982 -1.979643 -2.229452 -1.303503 -0.724750 -1.272668 2.601172
199615478 -2.118277 -2.395768 -1.362300 -0.848431 -1.255945 2.578275
219573975 -2.688574 -3.037050 -1.393797 -0.877543 -1.255945 2.578275
239532471 -3.371135 -4.063651 -1.760260 -2.004359 -1.026023 2.348148
259490967 -3.783419 -5.268231 -2.195972 -2.019754 -1.026023 2.348148
279449463 -4.159782 -6.300983 -2.279174 -2.612096 -0.666074 2.328240
299407959 -4.821861 -7.275391 -2.267079 -2.707415 -0.457004 2.240541
319366455 -5.328384 -8.406508 -1.622444 -2.736798 -0.224897 2.074402
339355469 -5.841365 -9.874731 -1.882886 -2.789126 0.116129 2.090693
359313965 -6.249403 -11.447361 -2.003052 -2.780951 0.430003 2.097327
379272461 -6.580807 -13.049276 -1.916109 -2.745020 0.696188 2.083024
399230957 -6.794096 -14.179697 -1.654681 -2.657309 0.880668 2.052808
419189453 -7.004647 -15.410328 -1.070268 -2.481770 1.063706 1.947124
439147949 -6.695752 -16.755632 -0.011279 -1.967811 1.279028 1.677990
459106445 -5.738945 -18.324263 0.410630 -0.893793 1.487220 1.340010
479064941 -5.221364 -20.337368 0.064767 2.559706 1.536839 -1.749722
499023437 -4.340301 -22.854750 -0.309734 2.756849 1.440773 -1.744841
518981934 -2.096595 -25.836397 -0.885610 2.843040 1.440773 -1.744841
538940430 -0.307416 -30.054718 -0.956110 2.932769 1.324136 -1.734759
558929443 2.163251 -35.098118 1.151148 2.930696 1.288189 -1.679958
578887939 8.202755 -38.551964 5.261050 2.751491 1.261103 -1.455868
598846435 16.689514 -36.436890 7.658156 2.542463 1.020552 -1.272472
618804932 21.291412 -34.494934 6.021081 2.556531 0.966269 -1.353650
638763428 23.477142 -32.879627 2.656229 2.513848 0.966269 -1.353650
658721924 22.456968 -31.533979 0.956223 2.664328 0.949743 -1.516417
678680420 21.703442 -29.770618 3.014360 2.496319 0.971555 -1.440503
698638916 22.599911 -25.380104 3.752030 2.288906 0.971555 -1.440503
718597412 22.160841 -19.830553 5.714858 1.667769 0.872632 -1.349694
738555908 20.713778 -15.789983 10.285314 1.196779 0.822700 -1.152083
758514404 19.413809 -12.814297 12.429028 0.957255 0.783895 -1.030736
778472900 19.512774 -9.289553 10.071436 0.771989 0.737951 -1.107250
798461914 18.263393 -5.986276 6.719148 0.660228 0.737951 -1.107250
818420410 15.808853 -3.629939 3.651819 0.545977 0.718504 -1.221333
838378906 14.132693 -2.190386 1.610946 0.500123 0.747369 -1.345122
858337402 11.938978 -1.880137 -0.860487 0.406535 0.774422 -1.466163
878295898 10.027629 -1.181249 -2.088089 0.367850 0.868659 -1.691565
898254394 9.538549 -0.530608 -0.240787 0.374587 0.934545 -1.881915
918212891 9.452875 0.169171 1.830999 0.390203 0.967570 -1.658765
938171387 8.375023 0.399890 1.754465 0.380346 0.936480 -1.350796
958129883 6.563777 0.067596 1.283227 0.398033 1.005111 -1.316948
978088379 5.369989 -0.084781 1.789398 0.528857 1.179246 -1.326403
998046875 5.245014 0.744207 1.444444 0.609525 1.275984 -1.135780
1018035889 4.862506 1.332254 0.717464 0.747154 1.318612 -1.355784
1037994385 3.915796 0.970269 0.355121 1.180054 1.432816 -1.498915
1057952881 3.001783 0.575380 0.679529 1.022651 1.515476 -0.798919
1077911377 1.875956 0.368771 1.885551 1.043815 1.515476 -0.798919
1097869873 1.326306 0.416726 2.051745 -0.059285 1.348496 0.599451
1117828369 1.599773 0.540692 1.340160 -0.021627 1.348496 0.599451
1137786865 1.568413 0.626988 0.550814 -0.426942 1.483855 1.185795
1157745361 0.571303 0.519161 -0.166490 -0.379419 1.483855 1.185795
1177703857 -0.543663 -0.126391 -0.374336 -0.513766 1.305167 1.817503
1197662353 -0.836742 -0.241161 -0.187031 -0.470972 1.305167 1.817503
1217620850 -0.407052 0.088802 -0.598383 -0.518454 1.322748 1.894395
1237609863 0.188619 0.374695 -0.896416 -0.507775 1.322748 1.894395
1257568359 0.355050 0.380824 -0.831576 -0.790440 1.392511 2.179904
1277526855 -0.035706 0.110965 -0.391154 -0.555826 1.391457 1.874490
1297485351 -0.547134 0.080320 -0.403498 -0.477239 1.353967 1.813617
1317443848 -1.034765 -0.281080 -0.591650 -0.455640 1.322556 1.836561
1337402344 -1.098308 -0.434402 -0.605222 -0.433382 1.328040 1.832605
1357360840 -1.049629 -0.207530 -1.003638 -0.531657 1.321486 1.991102
1377319336 -1.206921 -0.240772 -1.023503 -0.519343 1.313686 1.982999
1397277832 -1.214998 -0.042009 -1.006020 -0.504080 1.313385 1.982893
1417236328 -1.110761 0.079451 -1.308754 -0.559821 1.310682 2.113099
1437194824 -1.206325 -0.291897 -1.294084 -0.571137 1.316202 2.099782
1457153320 -0.949373 -0.090295 -0.675221 -0.507684 1.361951 1.916098
1477142334 -0.977544 0.177559 -0.577989 -0.508966 1.361951 1.916098
1497100830 -1.265722 -0.109107 -0.551625 -0.473458 1.361257 1.875750
