0 0.852336 -0.259896 0.281117 0.817436 -0.465881 1.628031
19958497 0.653052 -0.155077 -0.150686 0.887489 -0.453965 1.640129
39916993 0.286487 -0.030088 -0.533090 0.976958 -0.446097 1.687122
59875489 0.257239 0.006055 -1.087462 1.059635 -0.433158 1.722014
79833985 0.183720 0.092376 -0.958901 1.135928 -0.426021 1.778769
99792481 0.263088 0.084091 -1.028953 1.144091 -0.428870 1.766054
119750977 0.643660 -0.023578 -1.262390 1.171405 -0.433278 1.799845
139709473 1.081718 -0.069370 -0.713970 1.171405 -0.433278 1.799845
159667969 1.453050 -0.272357 -0.409581 0.986183 -0.461184 1.712331
179626465 1.750122 -0.536246 -0.285809 0.987352 -0.456782 1.700238
199584961 2.446443 -0.836222 -0.081138 0.934684 -0.477270 1.677292
219573975 3.794415 -0.946423 0.084837 0.934684 -0.477270 1.677292
239532471 5.218287 -1.548395 0.614805 0.390715 -0.685177 1.520137
259490967 6.023447 -1.945191 1.052983 -0.062211 -0.753049 1.311608
279449463 6.716192 -1.876045 0.561472 0.143615 -0.951765 1.432647
299407959 6.755758 -1.513317 0.056146 0.433096 -1.025574 1.656222
319366456 6.306724 -1.436373 -0.041351 0.461007 -0.920885 1.629938
339324952 6.066989 -1.727660 -0.584655 0.803869 -0.782566 1.802327
359283448 5.844764 -1.903433 -0.561500 0.825278 -0.676387 1.742010
379241944 5.630640 -1.956678 -0.233510 0.667467 -0.592038 1.590339
399200440 5.127523 -2.284223 0.402980 0.448686 -0.389904 1.389255
419158936 4.921224 -2.876737 0.224820 1.549622 -0.164690 1.435666
439147950 4.294566 -3.081485 0.742362 2.662649 -0.033312 1.336427
459106446 3.299571 -3.101649 1.017600 2.805113 0.026816 1.327851
479064942 2.957575 -4.662443 0.505297 2.818563 0.326112 1.423399
499023438 2.495889 -5.168766 1.968845 -2.939985 0.399811 1.224330
518981934 2.557690 -4.098550 3.146793 -2.272629 0.299079 1.079395
538940430 2.419314 -3.625596 1.400299 -3.084757 0.316768 1.320974
558898926 2.116472 -4.081533 -0.587825 2.361918 0.427630 1.608617
578857422 1.076056 -5.535139 -0.320081 2.472525 0.568929 1.571971
598815918 0.298932 -5.855523 1.311127 2.472525 0.568929 1.571971
618774415 0.429916 -5.917909 2.003168 -3.102881 0.641612 1.327874
638732911 -0.290442 -6.095207 1.358284 2.900705 0.671731 1.419446
658721924 -1.322655 -7.203443 -0.095055 2.485168 0.739306 1.576365
678680420 -3.131341 -8.439074 -1.263029 2.219105 0.763149 1.672493
698638917 -6.223911 -8.861585 -1.546551 1.798942 0.710175 1.673523
718597413 -10.123875 -7.565064 -0.556157 1.002853 0.587002 1.601383
738555909 -11.878098 -6.129210 -0.156054 0.783456 0.587002 1.601383
758514405 -12.175711 -5.211793 -0.431947 0.542507 0.522177 1.579519
778472901 -11.383083 -4.668177 -1.081027 0.478266 0.506181 1.591859
798431397 -10.318158 -3.507888 -1.771940 0.520045 0.524415 1.666203
818389893 -9.730810 -1.921726 -1.198366 0.438697 0.487925 1.639573
838348389 -8.788103 -0.541652 -0.148189 0.407268 0.487925 1.639573
858306885 -7.308200 0.165512 0.181365 0.324272 0.471638 1.565606
878295899 -5.429927 0.052543 0.241160 0.345980 0.550199 1.563130
898254395 -4.033785 -0.221934 0.442213 0.338943 0.550199 1.563130
918212891 -2.913677 -0.554968 0.516918 0.347332 0.635216 1.542654
938171387 -2.532492 -0.911499 -0.151001 0.483979 0.784084 1.599153
958129883 -3.544010 -0.572731 -0.188010 0.485965 0.784084 1.599153
978088379 -4.059443 -0.254012 -0.708506 0.423361 0.724446 1.595564
998046875 -4.271377 0.017413 -0.577408 0.392149 0.672962 1.625366
1018005372 -4.304232 0.241430 -0.464364 0.408124 0.672962 1.625366
1037963868 -3.708550 0.118344 -0.593809 0.415366 0.699755 1.624743
1057922364 -3.164256 0.013113 -0.704138 0.437655 0.733814 1.640264
1077880860 -2.688933 0.137638 -0.984242 0.472549 0.748151 1.679274
1097839356 -2.338408 0.257398 -0.768757 0.474245 0.748151 1.679274
1117828370 -1.738673 0.329468 -0.192103 0.443588 0.783007 1.598393
1137786866 -1.301398 0.261071 0.361200 0.464038 0.807133 1.528059
1157745362 -0.970639 0.210561 0.565421 0.436943 0.823011 1.498037
1177703858 -0.527565 0.072693 0.454539 0.477735 0.823011 1.498037
1197662354 -0.147443 -0.045494 0.421614 0.526049 0.884271 1.505932
1217620850 0.105387 -0.171007 0.226714 0.582161 0.907764 1.530944
1237579346 0.118542 -0.175695 0.125647 0.597059 0.907764 1.530944
1257537842 -0.175680 -0.036461 0.294638 0.554602 0.873234 1.515793
1277496338 -0.308933 0.061865 0.476942 0.558651 0.873234 1.515793
1297454834 -0.309636 -0.019690 0.394294 0.529767 0.853753 1.484465
1317413331 -0.462234 -0.121087 -0.282493 0.553386 0.856893 1.489756
1337402344 -0.556356 -0.293618 -1.235580 0.614225 0.851274 1.582810
1357360840 -0.784636 -0.367373 -0.966571 0.627349 0.847775 1.715709
1377319336 -0.976552 -0.284974 0.024200 0.564288 0.816893 1.537000
1397277833 -1.297340 -0.469584 0.664737 0.529374 0.801123 1.453400
1417236329 -1.265932 -0.621289 0.446286 0.530053 0.812727 1.475875
1437194825 -1.830981 -0.683949 -0.102459 0.559515 0.783745 1.542398
1457153321 -2.386662 -0.516907 0.046891 0.562072 0.783745 1.542398
1477111817 -2.521555 -0.638917 -0.230757 0.547541 0.744185 1.541850
1497070313 -1.858948 -0.987594 -1.570805 0.667529 0.806414 1.692639
