0 -1.533763 -1.237172 -1.363787 1.488518 -1.205267 -2.145261
19958496 -0.649006 -0.980863 -2.096911 1.488518 -1.205267 -2.145261
39916993 -0.293386 -0.621798 -1.113016 1.921467 -1.117418 -1.880863
59875489 -0.546812 -0.932615 0.162561 2.050769 -1.146235 -1.550746
79833985 -1.945019 -1.608500 0.441849 1.870297 -1.276460 -1.432912
99792481 -2.949895 -2.150078 -0.435911 0.971139 -1.371487 -2.078926
119781495 -3.030151 -2.551627 -1.661577 0.344903 -1.226399 -2.614749
139739991 -2.954175 -2.730281 -1.279858 0.619048 -1.252742 -2.469111
159698487 -3.498321 -2.824368 -0.602657 0.386685 -1.382708 -2.446851
179656983 -4.152436 -2.869915 -0.311964 -0.375583 -1.467616 -2.981687
199615479 -4.164938 -4.034031 -0.753182 -0.662978 -1.339847 -3.026040
219573975 -4.624859 -4.862413 -1.167408 -1.645366 -1.170001 2.957368
239532471 -4.550013 -5.990897 -0.077178 -1.230061 -1.351829 2.836155
259490967 -4.622035 -7.413779 1.244529 3.033618 -0.954007 0.298505
279449463 -5.831170 -8.989478 1.990121 -2.941562 0.327479 0.810132
299407959 -7.683369 -10.703667 1.841800 -2.560381 0.642568 1.247681
319366455 -8.324478 -11.736032 1.406827 -2.375461 0.791177 1.434797
339324952 -7.721697 -12.225795 0.372766 -2.203027 0.995994 1.795601
359313965 -7.623296 -12.940187 -0.292643 -2.164093 1.100886 2.077057
379272461 -8.851104 -14.495310 -0.396931 -2.023517 1.120062 1.979213
399230957 -10.017124 -15.989740 -0.285543 -1.833604 1.152638 1.889283
419189453 -10.727135 -17.116619 -3.265615 -1.710483 1.152638 1.889283
439147950 -7.379007 -17.020046 -4.495259 -2.378197 1.158676 3.115138
459106446 -5.038666 -17.666359 -1.396132 3.107379 1.339295 -2.113770
479064942 -5.484719 -20.168137 -0.010965 2.652466 1.413210 -1.474769
499023438 -6.227981 -26.205559 0.500129 2.382047 1.467937 -1.108827
518981934 -1.065229 -32.221844 0.100345 2.795112 1.341149 -1.458470
538940430 7.494617 -36.082008 3.234046 2.707953 1.165760 -1.329711
558898926 15.046293 -35.249073 6.942661 2.603314 1.038900 -1.257635
578887940 19.314779 -33.631760 8.315406 2.531064 1.000187 -1.254924
598846436 23.928429 -32.254826 6.282499 2.558769 0.971092 -1.354222
618804932 26.551216 -31.183567 3.353196 2.549267 0.907646 -1.457026
638763428 24.809071 -25.264671 4.619162 2.323635 0.862918 -1.413725
658721924 21.388083 -20.693972 7.550769 1.923097 0.867169 -1.288772
678680420 19.074448 -17.686567 9.495721 1.597188 0.872238 -1.182144
698638916 18.423306 -14.511111 10.185188 1.271979 0.842113 -1.133969
718597412 19.149117 -10.649021 9.584693 0.994254 0.766337 -1.159732
738555909 19.532080 -6.778643 8.243587 0.757322 0.681744 -1.212596
758514405 18.923904 -3.309399 6.626916 0.581083 0.606890 -1.269151
778472901 16.632692 -1.649277 3.763999 0.493495 0.629619 -1.391158
798461914 13.926795 -1.283775 1.850291 0.472486 0.720672 -1.496414
818420411 11.847534 -0.183026 0.297048 0.365015 0.765991 -1.625687
838378907 10.649916 0.725704 0.307353 0.374913 0.785338 -1.628998
858337403 9.580537 0.883132 1.061087 0.431893 0.843669 -1.538937
878295899 8.794480 0.736912 1.782011 0.472537 0.900252 -1.431437
898254395 7.961906 0.953843 1.473666 0.517526 0.949184 -1.464140
918212891 6.710260 0.859113 1.629055 0.590504 1.048137 -1.417724
938171387 5.891068 0.918262 2.143039 0.657419 1.100727 -1.282288
958129883 5.358230 1.014133 2.162073 0.657419 1.100727 -1.282288
978088379 4.380249 0.780635 1.244987 1.012526 1.247299 -1.418388
998046875 3.327508 0.961921 0.933623 1.385379 1.340519 -1.476175
1018035889 2.512624 0.735164 0.742640 1.847710 1.416796 -1.530138
1037994385 1.575713 0.370620 0.318711 2.802140 1.493782 -2.031518
1057952881 0.153639 -0.052999 -0.120629 -1.288910 1.476051 2.467642
1077911377 -1.055035 -0.326808 -0.533301 -1.242612 1.476051 2.467642
1097869873 -1.513648 -0.516549 -0.253256 -0.641950 1.368259 1.968344
1117828370 -1.666828 -0.363776 -0.151973 -0.565760 1.366220 1.895385
1137786866 -1.485744 -0.227209 -0.150597 -0.599712 1.390096 1.910519
1157745362 -1.286155 -0.159614 -0.616098 -0.784509 1.395426 2.184817
1177703858 -1.267021 -0.141783 -0.849459 -0.871753 1.390606 2.302639
1197662354 -0.940936 -0.039163 -0.708031 -0.987789 1.428661 2.396554
1217620850 -0.571571 0.095463 -0.772953 -1.286316 1.449240 2.692201
1237579346 -0.073921 0.037927 -0.442690 -1.905730 1.497568 -3.055703
1257568360 0.371874 0.088985 -0.112448 -3.003091 1.498650 -2.115845
1277526856 0.955911 0.252314 0.336156 2.445209 1.435062 -1.490965
1297485352 1.225492 0.506961 0.602995 2.147633 1.382338 -1.341999
1317443848 0.976161 0.382926 -0.104583 2.787916 1.391864 -1.746916
1337402344 0.645484 -0.398874 0.238712 2.616344 1.419265 -1.567746
1357360840 0.470989 -0.798738 1.125604 2.003840 1.403096 -1.076321
1377319336 0.260646 -0.671052 1.567292 1.718948 1.380476 -0.863962
1397277832 0.324253 -0.260798 0.921160 1.797887 1.380476 -0.863962
1417236328 1.201959 -0.408299 0.578150 2.204438 1.385540 -1.170557
1437194825 2.983186 0.321980 -0.098115 2.357471 1.305172 -1.390940
1457153321 4.016500 0.467251 -0.521382 2.188226 1.113987 -1.587239
1477142334 4.796290 0.127744 0.188547 1.571755 1.006272 -1.645637
1497100830 5.264166 -0.145585 0.913228 1.229375 0.948132 -1.525625
