0 -0.382874 -0.411147 -0.599471 -0.023224 -1.450774 2.880165
19958496 -0.597727 -0.713987 -1.141048 -0.097870 -1.382760 2.831259
39916992 -0.600826 -0.932897 -1.157089 -0.102170 -1.382760 2.831259
59875488 -0.622903 -1.150241 -0.825526 -0.232201 -1.394686 2.726855
79833984 -0.742503 -1.348266 -0.732643 -0.377464 -1.389295 2.611289
99792480 -1.276149 -1.961451 -0.707985 -0.836846 -1.334328 2.334536
119750977 -1.842437 -2.352887 -0.605232 -1.240339 -1.271641 2.114461
139709473 -2.219607 -2.851779 -0.825684 -1.423396 -1.194619 2.107888
159667969 -2.414130 -3.190205 -0.847086 -1.572153 -1.154453 2.084998
179626465 -2.518939 -3.726069 -0.874576 -1.673048 -1.109683 2.090146
199615478 -2.610167 -4.301455 -0.968073 -1.702472 -1.109683 2.090146
219573975 -2.523690 -5.035666 -1.225203 -1.960429 -0.985941 2.232530
239532471 -2.494495 -6.361893 -1.700297 -2.450564 -0.784477 2.376003
259490967 -3.146453 -7.385838 -2.020340 -2.675639 -0.520948 2.330332
279449463 -4.038611 -7.681584 -1.421799 -2.635240 -0.432669 2.082335
299407959 -4.839163 -8.603512 -0.357638 -2.648148 -0.204069 1.780435
319366455 -5.120764 -9.767625 -0.220020 -2.699342 0.095282 1.764306
339324951 -4.648084 -10.661974 -1.208755 -2.772940 0.362698 2.106328
359283447 -3.730003 -11.432256 -1.336495 -2.834237 0.695263 2.429236
379241943 -2.998338 -12.487893 -0.542474 -2.875366 1.178115 2.731594
399200439 -2.586573 -13.445937 0.716179 2.119775 1.484885 -1.829907
419158936 -2.455072 -13.921792 0.880829 2.144787 1.360170 -1.522637
439147949 -0.667883 -13.926812 0.538428 2.584529 1.017844 -1.645688
459106445 1.515550 -14.213947 -0.193571 2.627602 1.017844 -1.645688
479064941 2.805914 -15.136655 -0.907395 2.769961 0.761292 -1.729365
499023437 2.656742 -16.126385 -0.950301 2.826868 0.761292 -1.729365
518981934 2.996276 -17.115911 0.347773 2.759284 0.861538 -1.512788
538940430 3.900164 -18.793034 1.597772 2.727851 0.886884 -1.393987
558898926 4.247610 -20.727121 2.548465 2.688070 0.938331 -1.323202
578857422 3.822008 -23.516520 2.574769 2.686059 1.036310 -1.320035
598815918 4.673083 -27.606812 2.288051 2.666516 1.036310 -1.320035
618774414 7.405659 -31.460400 3.241170 2.664225 1.107338 -1.347550
638763428 13.095503 -33.791889 3.465453 2.662726 1.045277 -1.391219
658721924 19.199820 -33.759655 3.042423 2.658386 0.983100 -1.441309
678680420 21.241802 -32.194099 2.704001 2.600753 0.999785 -1.459127
698638916 24.117794 -30.928076 4.679558 2.405600 0.980045 -1.400880
718597412 28.914854 -30.022161 6.687688 2.025560 0.889204 -1.359470
738555908 31.386097 -23.974117 6.861981 1.410286 0.779273 -1.362701
758514404 31.420475 -16.099474 7.212243 0.868263 0.667323 -1.348773
778472900 28.735228 -10.327593 8.162156 0.650058 0.598681 -1.295373
798431396 24.955889 -5.906001 8.068385 0.521301 0.556593 -1.255808
818389893 20.901320 -3.074367 7.188667 0.472544 0.554379 -1.233601
838348389 16.445198 -2.124650 6.343596 0.462483 0.634819 -1.190237
858337402 12.982639 -1.457244 5.803912 0.479550 0.725027 -1.121494
878295898 11.237671 -1.000091 4.183156 0.475491 0.806946 -1.170733
898254395 10.568836 -0.509705 2.466052 0.435800 0.853939 -1.295019
918212891 10.333137 0.842299 1.555360 0.375288 0.821014 -1.374069
938171387 10.342770 2.650014 0.889454 0.279488 0.725022 -1.444825
958129883 10.060560 3.594531 0.364340 0.228700 0.682981 -1.506554
978088379 9.546244 3.614829 -0.090291 0.213124 0.723628 -1.572201
998046875 9.510612 3.241674 -0.273700 0.215305 0.760713 -1.607522
1018005371 9.741008 3.487474 0.464987 0.207114 0.724771 -1.499640
1037963867 9.945017 3.766315 0.590296 0.181701 0.683234 -1.477786
1057922363 9.310977 3.434455 0.350216 0.204724 0.752277 -1.500177
1077911377 8.521837 3.035694 0.944212 0.220753 0.829249 -1.387538
1097869873 7.153908 2.304953 1.338101 0.269116 0.973706 -1.265065
1117828369 5.793722 1.577093 1.896758 0.328978 1.091915 -1.057216
1137786865 4.793854 1.023678 2.295654 0.394264 1.150625 -0.875104
1157745361 4.575905 0.749426 2.419972 0.457878 1.141040 -0.863814
1177703857 4.525201 0.485969 1.862200 0.540038 1.149756 -1.007430
1197662353 4.277705 -0.107357 0.553072 0.741473 1.196521 -1.307891
1217620850 3.843965 -0.886455 -0.946870 0.845696 1.223114 -1.684729
1237579346 3.538778 -1.722486 -0.813757 1.442278 1.228209 -1.640776
1257537842 2.571523 -1.941274 -0.222385 2.042830 1.265177 -1.481193
1277496338 2.405610 -1.728915 0.821931 1.677530 1.210366 -1.229342
1297485352 2.924141 -2.012947 1.919069 1.403233 1.108117 -1.091599
1317443848 3.462718 -2.931918 2.014110 1.492900 1.062387 -1.131065
1337402344 4.322505 -3.120197 1.302026 1.566877 0.994697 -1.270327
1357360840 5.147267 -3.353553 0.680425 1.632737 0.926446 -1.370271
1377319336 5.253941 -4.303669 0.949738 1.839483 0.914101 -1.353262
1397277832 5.565230 -4.865567 1.170962 1.907647 0.880468 -1.347126
1417236328 6.370179 -4.701918 0.999360 1.921570 0.804065 -1.383972
1437194824 6.875947 -5.147567 1.931798 1.887411 0.755824 -1.330758
1457153320 7.070595 -5.991228 2.384624 1.998926 0.738588 -1.314060
1477111816 7.877411 -6.739722 3.338408 2.001185 0.694298 -1.279567
1497070312 9.343916 -7.156425 3.618215 2.003153 0.628329 -1.296114
1517059326 10.507021 -8.166310 3.399710 2.152016 0.596775 -1.328102
