0 -0.890787 -0.315805 0.060852 1.518303 -0.807989 -2.264746
19938338 -0.783240 -0.378632 -0.116354 1.470191 -0.807989 -2.264746
39896834 -0.409754 -0.129808 -0.296359 1.519097 -0.783835 -2.271528
59855330 -0.272409 0.003004 -0.470521 1.577407 -0.768534 -2.255545
79813827 -0.592572 -0.134160 -0.536547 1.583805 -0.760383 -2.261739
99772323 -1.006542 -0.365894 -0.212884 1.529445 -0.763778 -2.294906
119730819 -0.956239 -0.290543 -0.185743 1.486568 -0.785622 -2.283385
139689315 -0.802163 -0.398579 -0.234809 1.481178 -0.785622 -2.283385
159647811 -0.928877 -0.443701 0.248534 1.543733 -0.761999 -2.275483
179636825 -0.828553 -0.328154 0.178696 1.518949 -0.784691 -2.233392
199595321 -0.673132 -0.527229 -0.000631 1.614838 -0.739652 -2.240576
219553817 -0.615519 -1.069638 0.123350 1.592940 -0.739652 -2.240576
239512313 -0.901925 -1.754796 0.317961 1.709125 -0.690860 -2.224994
259470809 -1.714300 -2.242965 0.844828 1.826955 -0.649450 -2.238520
279429305 -3.363882 -2.853767 1.405832 1.743155 -0.680976 -2.271779
299387801 -6.060867 -3.925819 2.080399 1.215657 -0.790503 -2.470300
319346297 -7.908970 -4.977230 1.966221 -1.421453 -0.864101 2.915891
339304793 -7.890371 -5.355397 1.506265 -2.211270 -0.286757 2.441800
359263289 -7.421943 -5.249362 1.538100 -2.193893 -0.307909 2.538768
379252303 -7.246760 -5.547164 1.158186 -2.271812 -0.205341 2.624849
399210799 -8.317403 -6.939144 1.528223 -2.315717 0.136576 2.353060
419169295 -9.607790 -8.368738 3.118741 -2.186497 0.426157 1.889917
439127791 -10.024560 -9.516323 4.100931 -2.060367 0.614220 1.671856
459086287 -10.101344 -10.431450 4.271723 -1.944481 0.755823 1.637165
479044784 -10.278099 -11.639031 4.688285 -1.746987 0.896505 1.539589
499003280 -10.965721 -13.978161 4.455239 -1.579833 1.034531 1.565209
518961776 -9.679930 -15.970079 3.858966 -1.386497 1.271225 1.680839
538920272 -6.731565 -16.931318 2.303746 -2.587740 1.439773 -3.135875
558878768 -4.854607 -18.746773 2.642532 -2.505322 1.439773 -3.135875
578837264 -4.355031 -22.601522 6.211284 1.746027 1.365320 -0.880619
598795760 -1.991632 -26.375353 8.203110 1.828366 1.276512 -0.891419
618784774 5.516858 -29.619829 7.100635 2.222058 1.128261 -1.297526
638743270 15.679543 -30.824154 6.813707 2.301169 0.934967 -1.411073
658701766 22.397388 -27.092449 4.543912 2.298490 0.785388 -1.506451
678660262 22.253540 -24.327221 2.090500 2.333433 0.769978 -1.575937
698618758 20.854530 -24.299871 1.099132 2.336737 0.822627 -1.599650
718577254 20.608286 -22.409363 -1.213688 2.378036 0.821692 -1.675877
738535750 20.629333 -20.004070 -0.770790 2.303346 0.821692 -1.675877
758494246 20.166506 -17.323837 2.665454 2.148418 0.807821 -1.656803
778452743 18.931732 -14.479812 6.993274 1.644069 0.774355 -1.334036
798411239 18.725868 -12.324915 7.654605 1.458102 0.752070 -1.290151
818369735 19.274208 -9.398705 5.301442 1.283982 0.704151 -1.382213
838358748 19.306828 -5.705416 3.789815 1.014573 0.625650 -1.439222
858317245 19.385447 -3.143261 4.059878 0.797245 0.557044 -1.410686
878275741 18.996567 -1.287592 0.404770 0.562367 0.517059 -1.573456
898234237 17.119619 0.215472 -2.443609 0.388738 0.502080 -1.728306
918192733 14.180555 0.828881 -2.074471 0.359734 0.559371 -1.738468
938151229 11.527178 1.165232 -0.951867 0.425575 0.645984 -1.687452
958109725 10.091538 1.073540 -0.365845 0.503785 0.723214 -1.649493
978068221 9.220414 1.523948 -0.319396 0.498024 0.747448 -1.653719
998026717 8.541871 1.704516 0.161798 0.518942 0.780504 -1.604614
1017985213 8.178980 1.403403 0.915167 0.598407 0.822478 -1.510556
1037943709 8.163572 1.629247 0.867206 0.554831 0.809642 -1.514661
1057932723 7.337220 2.002480 0.374533 0.565198 0.837635 -1.578154
1077891219 5.828239 1.936056 0.179664 0.681120 0.947038 -1.614861
1097849715 4.219950 1.517782 0.138542 1.181909 1.101781 -1.634824
1117808211 3.339535 1.154576 -0.152812 1.709765 1.190124 -1.714427
1137766707 2.834764 1.005962 -0.975643 1.796616 1.190124 -1.714427
1157725204 2.475132 0.951263 -0.897661 2.775437 1.242161 -1.967876
1177683700 2.329410 0.972048 -0.037618 2.230461 1.267108 -1.673527
1197642196 2.269361 0.762778 0.174741 2.208675 1.267108 -1.673527
1217600692 2.290842 0.528015 -0.028853 2.125498 1.259798 -1.618529
1237559188 2.059594 0.519214 -0.117834 2.243929 1.266925 -1.629551
1257517684 1.661688 0.281805 -0.251075 2.456001 1.294454 -1.664328
1277476180 1.404919 -0.019962 -0.398037 2.592965 1.308484 -1.706813
1297434676 1.582060 0.033777 -0.319515 2.470127 1.274496 -1.651011
1317423690 1.606468 0.315165 -0.574642 2.550156 1.242727 -1.710802
1337382186 1.467649 0.157662 -0.877757 2.705614 1.237393 -1.788528
1357340682 1.941199 0.160590 -0.722734 2.469143 1.179609 -1.707199
1377299178 2.860846 0.278287 -0.315186 1.910982 1.080131 -1.592719
1397257674 4.158538 0.327980 0.263893 1.364840 0.956092 -1.497827
1417216170 5.148366 0.206439 0.769679 1.152943 0.870429 -1.444785
1437174666 4.968310 -0.207716 0.597710 1.275591 0.879497 -1.471425
1457133162 4.596959 -0.924005 1.097499 1.421920 0.907435 -1.415433
1477091659 4.257326 -1.325624 1.455078 1.517557 0.917509 -1.380473
