0 -0.294354 -0.176329 0.130436 1.845250 -0.307007 -1.697522
19958496 -0.041388 0.144044 0.295696 1.805431 -0.329059 -1.676540
39916992 0.110329 0.068213 -0.165727 1.839752 -0.314420 -1.724137
59875488 -0.087255 0.013330 -0.197088 1.827361 -0.315859 -1.731532
79833984 -0.385180 0.072393 -0.127278 1.794787 -0.333769 -1.730147
99792480 -0.856453 -0.044855 -0.446059 1.773616 -0.339413 -1.775666
119750976 -1.458200 0.147583 -0.381951 1.798764 -0.339413 -1.775666
139709473 -1.903530 0.278684 -0.582343 1.527429 -0.425952 -1.819330
159698486 -2.121726 0.471622 -0.790136 1.531277 -0.425952 -1.819330
179656982 -2.373178 0.510970 -0.769252 1.404832 -0.462329 -1.854120
199615478 -2.735468 0.188837 -0.422479 1.287799 -0.490737 -1.866351
219573975 -3.184806 -0.354525 -0.017758 1.436789 -0.478720 -1.819653
239532471 -3.794248 -0.527094 0.800401 1.431365 -0.530645 -1.710076
259490967 -4.244143 -0.566180 1.103636 1.374367 -0.585864 -1.649310
279449463 -4.452378 -0.607716 0.674698 1.297232 -0.610334 -1.721394
299407959 -3.920029 -0.690214 0.454636 1.381459 -0.560860 -1.733396
319366455 -3.972799 -1.421751 0.605773 1.618463 -0.476448 -1.702951
339324951 -4.771329 -2.263937 1.259722 1.773401 -0.418788 -1.564631
359283447 -6.357302 -2.880977 0.883290 1.656747 -0.469020 -1.710606
379272461 -7.430197 -2.867502 -0.357767 -1.443633 -0.533167 -2.475191
399230957 -6.440550 -2.684501 -1.187902 -2.028365 -0.366999 -2.364930
419189453 -5.426169 -2.582999 -0.567418 2.452624 -0.317947 -2.003676
439147949 -4.414525 -2.258285 0.330419 1.968980 -0.310769 -1.683670
459106445 -4.877691 -2.500104 0.790919 2.003638 -0.261286 -1.543303
479064941 -5.623102 -2.957739 0.823463 1.993205 -0.261286 -1.543303
499023437 -6.246670 -3.464761 0.070666 2.551884 0.120785 -1.668048
518981934 -5.360516 -3.165869 -0.456957 2.628963 0.076793 -1.733506
538940430 -3.955118 -3.307793 -0.515566 2.580520 0.133791 -1.660326
558898926 -3.899847 -4.302835 0.117945 2.609760 0.133791 -1.660326
578857422 -4.940557 -4.776216 0.298539 2.528453 0.582411 -1.387726
598815918 -5.509701 -5.254488 0.747150 2.434196 0.761379 -1.202260
618804932 -3.903914 -5.822241 0.915248 2.441309 0.761379 -1.202260
638763428 -1.533716 -5.819456 -0.776327 2.763475 0.597821 -1.577732
658721924 -0.769382 -6.420807 -1.215693 2.753480 0.597821 -1.577732
678680420 -2.311426 -7.713359 2.114755 2.426675 0.831306 -1.202308
698638916 -3.305672 -10.130963 3.980246 2.385522 0.831306 -1.202308
718597412 -1.994218 -11.739085 1.129876 2.570781 1.084022 -1.355398
738555908 0.451526 -11.379375 -0.383811 2.760248 0.988723 -1.566126
758514404 2.912363 -11.762301 1.614411 2.522796 0.922595 -1.397968
778472900 4.662053 -14.595142 1.697689 2.521930 0.975252 -1.416794
798431396 7.333600 -15.010292 0.598601 2.582650 0.939975 -1.519173
818389892 11.585721 -13.674583 0.215243 2.412915 0.823145 -1.551707
838378906 13.875525 -11.830222 -1.795972 2.352057 0.751399 -1.650721
858337402 13.595440 -10.731958 -4.055674 2.446240 0.753897 -1.772201
878295898 13.456451 -9.089483 -0.687778 1.932229 0.752859 -1.608821
898254394 13.877634 -6.906320 2.132622 1.750929 0.752859 -1.608821
918212891 13.782814 -4.730268 2.240453 1.281772 0.654222 -1.452496
938171387 12.856741 -3.291406 1.406892 1.138011 0.650137 -1.495412
958129883 12.476053 -2.097672 2.540952 1.042794 0.627312 -1.419762
978088379 11.805376 -0.957950 1.686906 0.989965 0.627312 -1.419762
998046875 10.644721 -0.144147 1.860505 0.915305 0.626576 -1.444443
1018005371 9.236496 0.105017 1.992263 0.890219 0.626576 -1.444443
1037963867 8.086490 0.551721 2.597126 0.960547 0.702193 -1.341086
1057952881 7.433319 0.845947 2.545909 0.942403 0.702193 -1.341086
1077911377 6.709476 1.073071 0.789269 0.974809 0.760338 -1.477782
1097869873 6.106577 1.038041 -0.173611 1.012923 0.796917 -1.578196
1117828369 5.249150 0.850866 -0.302824 1.149204 0.855824 -1.590266
1137786865 4.502134 0.823148 -0.542128 1.342492 0.899394 -1.622947
1157745361 3.631539 0.726048 -0.444527 1.338413 0.899394 -1.622947
1177703857 2.981296 0.482989 0.403707 1.621234 1.007646 -1.469380
1197662353 2.923237 0.172070 0.911765 1.575539 1.010135 -1.381085
1217620850 3.376475 0.142582 0.783444 1.528406 0.967209 -1.413110
1237579346 3.366900 0.226367 0.321918 1.575467 0.952946 -1.483518
1257537842 3.026281 -0.196573 0.540164 1.663629 0.980153 -1.442736
1277526855 2.776403 -0.421015 0.387805 1.759686 0.992419 -1.458890
1297485351 2.924730 -0.372446 0.264341 1.752893 0.960664 -1.475676
1317443848 2.881482 -0.645455 0.108267 1.811138 0.956041 -1.493652
1337402344 2.872739 -0.870667 0.010533 1.889297 0.956041 -1.493652
1357360840 2.834260 -1.028358 0.044959 1.887086 0.927311 -1.497190
1377319336 2.658112 -1.184893 0.511120 1.949143 0.927311 -1.497190
1397277832 2.098681 -1.647043 0.728752 1.921414 0.937111 -1.393410
1417236328 1.102980 -2.382792 0.658139 2.098736 1.002878 -1.381391
1437194824 0.529043 -2.781121 1.617867 1.998343 1.009563 -1.229987
1457153320 0.816822 -2.757285 2.504874 1.853651 0.941776 -1.136487
1477142334 1.437599 -2.171175 2.421757 1.815184 0.852394 -1.175790
