0 -0.215322 0.117548 1.034477 0.290158 -0.524758 1.369022
19958496 0.069058 -0.078417 -0.310823 0.325632 -0.524758 1.369022
39916992 -0.027834 0.150553 -0.822947 0.865165 -0.549100 1.595820
59906006 -0.167100 0.286327 -0.499857 0.781506 -0.557384 1.565752
79864502 0.116663 0.054011 -0.687374 0.831733 -0.557222 1.594049
99822998 0.419156 -0.064841 -0.434364 0.757646 -0.569034 1.566556
119781494 0.708378 -0.200195 0.064973 0.604611 -0.578687 1.505862
139739990 0.994936 -0.506279 -0.205478 0.704359 -0.574368 1.547070
159698486 1.341287 -0.551736 -0.369526 0.747006 -0.598996 1.575668
179656982 1.473816 -0.375924 -0.211468 0.652506 -0.632524 1.557948
199615478 1.731874 -0.545965 -0.511238 0.725210 -0.641914 1.611133
219573974 1.792333 -0.765735 -0.574064 0.767236 -0.632691 1.631558
239532470 1.847444 -1.049642 -0.380235 0.786885 -0.618690 1.614919
259490967 2.029776 -1.120543 0.212595 0.510926 -0.639239 1.531237
279479980 2.774734 -1.219111 0.414450 0.363107 -0.708706 1.502424
299438476 3.450705 -1.350518 0.315777 0.363529 -0.780705 1.537806
319396972 3.283324 -1.572604 0.101146 0.538150 -0.749230 1.615975
339355469 2.804288 -1.742975 0.246331 0.566988 -0.691513 1.606284
359313965 2.853530 -1.962633 0.311237 0.573682 -0.683265 1.612270
379272461 3.524160 -2.007458 0.310111 0.542011 -0.766519 1.639116
399230957 3.909406 -1.781277 0.331034 0.470843 -0.855934 1.661089
419189453 4.327028 -2.067983 -0.231760 0.806573 -0.867765 1.869078
439147949 4.266753 -1.894174 -0.384699 0.854302 -0.872208 1.919446
459106445 4.278963 -1.452910 0.263152 0.867074 -0.872208 1.919446
479064941 3.946527 -1.993432 1.148911 0.018954 -0.824600 1.467004
499053955 4.013577 -2.628176 -0.039239 0.921783 -0.704885 1.816102
519012451 3.980153 -2.353648 -0.478713 0.892530 -0.704885 1.816102
538970947 3.512587 -2.022184 -0.063557 0.834613 -0.658485 1.771543
558929443 3.305473 -2.087765 0.301217 0.727054 -0.582526 1.663975
578887939 3.327702 -2.323853 -0.168458 1.076758 -0.481256 1.745408
598846435 3.211805 -2.612930 -0.565084 1.398470 -0.345897 1.787178
618804931 2.688643 -2.803761 -1.074026 1.636873 -0.205850 1.805889
638763428 2.466279 -2.692774 -0.020851 1.700091 -0.142566 1.571594
658721924 2.222255 -3.006644 1.384382 -2.920741 -0.010144 1.326346
678680420 2.025229 -3.948077 -0.074182 2.442907 0.202712 1.533934
698638916 1.958989 -4.550850 -1.189164 2.298231 0.349162 1.684861
718627929 1.841093 -4.512049 0.185971 2.682910 0.405299 1.483942
738586426 1.651059 -4.788282 2.611163 2.613922 0.405299 1.483942
758544922 1.545877 -5.562619 2.267679 -2.873406 0.595070 1.231238
778503418 -0.033796 -5.714042 0.460313 2.718980 0.604009 1.481607
798461914 -2.106277 -5.687033 -0.175997 2.576908 0.604009 1.481607
818420410 -4.150545 -5.687871 0.516775 1.937152 0.539911 1.503667
838378906 -5.051524 -5.833311 1.267402 1.615673 0.560604 1.450682
858337402 -4.968269 -5.813866 1.974278 1.155248 0.601551 1.396206
878295898 -5.478555 -6.312956 1.213844 1.121913 0.653845 1.454621
898254394 -6.376885 -6.281902 -0.189205 0.949774 0.664782 1.559402
918212890 -6.946736 -5.741698 -0.061426 0.730704 0.659710 1.555955
938201904 -7.690661 -4.849794 0.893575 0.484860 0.630960 1.495745
958160400 -8.846201 -4.295339 0.236876 0.440880 0.604095 1.541832
978118896 -9.411161 -3.840703 -0.696058 0.441335 0.594560 1.600526
998077392 -8.786345 -3.591299 -0.124972 0.385297 0.625467 1.565380
1018035888 -7.861481 -3.391646 1.397717 0.291995 0.664180 1.457940
1037994385 -7.356603 -2.656679 2.245229 0.255886 0.661046 1.390974
1057952881 -6.938923 -1.963135 1.384186 0.289393 0.661557 1.450196
1077911377 -6.055188 -1.498536 0.106251 0.350274 0.687417 1.549277
1097869873 -4.335013 -1.442332 -0.479558 0.407947 0.773204 1.604150
1117828369 -2.442944 -1.641646 0.210335 0.466525 0.901962 1.520807
1137786865 -1.755009 -1.748769 1.209851 0.452638 0.958556 1.360887
1157775879 -2.155464 -1.782341 0.122069 0.528813 0.962283 1.496709
1177734375 -2.500590 -1.303152 -2.007587 0.518443 0.928815 1.772138
1197692871 -2.637165 -0.374474 -2.521948 0.495307 0.885149 1.831150
1217651367 -2.650002 0.848427 -1.621081 0.479246 0.843263 1.703661
1237609863 -2.531793 1.567686 -1.136224 0.458545 0.824378 1.625703
1257568359 -3.592885 1.695991 -1.846104 0.422789 0.749504 1.701462
1277526855 -3.923126 1.340650 -2.472911 0.413456 0.752309 1.772375
1297485351 -3.456796 0.618339 -2.117687 0.424052 0.833748 1.745027
1317443847 -2.961887 0.323586 -0.823510 0.440193 0.893387 1.581853
1337402344 -2.250540 -0.012366 0.285614 0.492090 0.957187 1.414509
1357360840 -1.112023 -0.126453 0.871773 0.551362 1.038531 1.279683
1377349853 0.080801 -0.482350 1.118963 0.663944 1.140805 1.152799
1397308349 0.920370 -0.699786 1.379771 0.815049 1.203778 1.001090
1417266845 0.956028 -0.557210 1.621180 0.735320 1.189049 0.938859
1437225342 0.201908 -0.266219 1.096525 0.650911 1.142169 1.137196
1457183838 -0.582402 -0.098449 -0.085795 0.592369 1.096440 1.435177
1477142334 -0.944591 -0.026246 -0.933940 0.531495 1.063924 1.612199
1497100830 -0.917017 0.082834 -0.722415 0.548628 1.058561 1.570796
1517059326 -0.514251 0.087524 -0.357240 0.585865 1.088681 1.492910
