0 0.824765 -0.261861 0.399600 0.541631 -0.897985 1.555490
19958496 0.542758 0.042831 0.068086 0.672327 -0.888757 1.611802
39916992 0.144263 0.305955 -0.393469 0.676017 -0.888757 1.611802
59875488 0.448244 0.254393 -0.961807 0.982501 -0.879670 1.774841
79833984 0.935208 0.078807 -0.716199 0.935928 -0.879670 1.774841
99792480 1.329562 0.144022 -0.468603 0.847786 -0.910600 1.748393
119750976 1.641293 -0.014962 -0.584583 0.752619 -0.967658 1.753663
139709472 1.625803 -0.152491 -0.541125 0.731431 -0.956104 1.744301
159667968 1.579699 -0.344839 -0.378464 0.675516 -0.939050 1.706623
179656982 1.900627 -0.527050 -0.346985 0.671164 -0.955834 1.702474
199615478 1.997017 -0.873231 0.090744 0.498448 -0.942395 1.605338
219573974 2.044903 -1.511648 0.376584 0.422708 -0.895457 1.543261
239532470 2.273714 -2.196643 0.690208 0.175545 -0.858210 1.474573
259490966 3.246050 -2.655804 0.336670 0.401008 -0.947425 1.561946
279449462 4.789589 -2.643987 -0.171393 0.653990 -1.211041 1.877519
299407959 5.569035 -3.291264 0.724557 0.663054 -1.211041 1.877519
319366455 5.925892 -4.525702 1.313972 -1.244904 -1.299196 0.407363
339324951 6.889767 -5.505707 1.565626 -2.454581 -1.028543 -0.788615
359283447 8.055674 -4.804883 0.776765 3.094760 -0.883553 -1.695148
379241943 7.266379 -4.841166 1.868199 -2.705975 -1.039340 -1.059187
399230957 5.320208 -5.750945 3.611760 -2.053629 -0.501291 0.347351
419189453 4.019377 -6.979983 3.369503 -2.427911 0.040528 0.899084
439147949 3.952826 -7.722759 0.357125 -2.406221 0.040528 0.899084
459106445 5.440482 -6.213745 -1.849889 2.161071 -0.065105 2.831010
479064941 7.616822 -5.152290 0.706724 2.745074 -0.823033 -2.054351
499023437 8.953285 -6.014324 0.438151 2.895631 0.062180 -1.785566
518981933 9.953530 -7.657464 -2.361999 1.689404 0.490159 -2.409044
538940429 9.834429 -8.786043 -2.477544 1.588170 0.490159 -2.409044
558898925 8.368284 -9.372038 0.520320 -0.532408 1.453716 -1.199474
578857421 7.914193 -10.626073 2.252152 -1.875092 1.267616 0.097902
598815917 8.730304 -11.893600 3.143812 -1.655283 1.234934 -0.105275
618774414 6.535174 -14.402568 4.782248 -2.101872 1.187659 0.428040
638763427 0.781251 -16.006941 3.823554 -2.763862 1.051823 1.159140
658721923 -3.756418 -18.922697 1.209736 3.095806 0.996484 1.500111
678680419 -8.475217 -21.411701 1.864420 3.090616 0.936151 1.479231
698638916 -18.477974 -21.097031 0.827169 2.546940 0.739134 1.548332
718597412 -26.517027 -17.410978 -2.306415 0.820862 0.563937 1.643729
738555908 -26.781511 -13.312021 -2.285056 0.486850 0.492400 1.648502
758514404 -22.553007 -10.044022 0.499573 0.286360 0.486113 1.572712
778472900 -18.090342 -7.669065 1.304187 0.253292 0.504027 1.539740
798431396 -13.852057 -6.510150 -1.252408 0.405839 0.567236 1.647339
818389892 -12.485826 -4.301097 -1.717999 0.396036 0.541633 1.663297
838348388 -13.482505 -2.249969 -2.059002 0.372260 0.461540 1.660818
858337402 -13.485166 -0.608582 -2.178645 0.367060 0.408198 1.657353
878295898 -11.411358 0.166932 -2.452582 0.369809 0.423034 1.681148
898254394 -8.512679 0.110934 -1.238638 0.383901 0.509216 1.618748
918212890 -5.773674 0.406329 -0.183365 0.412835 0.598998 1.531849
938171386 -4.184555 0.331991 -0.866249 0.461527 0.696639 1.581890
958129882 -5.229713 0.152841 -1.329224 0.461838 0.680101 1.609543
978088378 -7.711216 0.724423 -1.770400 0.414845 0.561908 1.622937
998046875 -8.676751 0.979383 -2.837670 0.399701 0.520108 1.689616
1018005371 -6.163424 1.144444 -2.676780 0.440739 0.605018 1.700935
1037963867 -2.764364 0.603811 -0.689198 0.530571 0.823937 1.498162
1057922363 -0.254464 0.209782 0.372529 0.726425 1.018574 1.260988
1077911376 0.776979 0.091267 -0.039819 0.868844 1.126428 1.277651
1097869873 1.162963 -0.016956 -0.353087 0.993137 1.182446 1.319294
1117828369 0.961316 -0.118774 -0.521040 0.940115 1.182998 1.362754
1137786865 0.319150 -0.206596 -0.317271 0.832197 1.135867 1.340820
1157745361 -0.754520 -0.122578 0.305614 0.701977 1.034893 1.272694
1177703857 -1.308312 0.086794 -0.072064 0.631841 0.990478 1.368327
1197662353 -1.445942 0.231563 -0.476230 0.608576 0.976798 1.446952
1217620849 -1.056195 0.155664 -0.329114 0.643744 1.010182 1.414742
1237579345 -0.713884 0.098983 -0.074678 0.691298 1.037254 1.356854
1257537841 -0.717729 -0.060466 -0.076088 0.681338 1.044138 1.360154
1277496337 -0.795252 -0.015351 -0.101257 0.661747 1.033879 1.375005
1297454834 -0.354671 0.133414 -0.072091 0.703746 1.059680 1.360871
1317443847 0.300876 0.279660 0.018739 0.739625 1.105240 1.318767
1337402343 0.819183 0.054715 0.217057 0.868987 1.155457 1.243150
1357360839 0.920773 -0.176076 0.463166 0.885283 1.165845 1.175718
1377319335 0.976626 -0.265944 0.323301 0.919639 1.180472 1.200305
1397277832 0.939701 -0.269127 -0.104817 0.884274 1.180472 1.200305
1417236328 0.738553 -0.124877 0.392272 0.833252 1.156836 1.207035
1437194824 0.374616 -0.069273 0.605168 0.768216 1.117824 1.191318
1457153320 -0.060503 -0.039353 0.458223 0.693673 1.085389 1.251309
1477111816 -0.298781 0.094104 -0.033709 0.684521 1.070964 1.359633
1497070312 -0.317683 0.094920 -0.447880 0.666222 1.076769 1.443415
