0 -0.202319 0.201801 0.360231 -1.063548 -1.414760 0.009226
19958496 -0.304547 0.235586 -0.619057 -0.552440 -1.514683 0.207507
39916992 -0.138306 0.219214 -0.767723 -0.935707 -1.531600 -0.173231
59875489 0.110086 0.337091 -0.430309 -1.375155 -1.492414 -0.439199
79833985 0.075435 0.290472 -0.789926 -1.345677 -1.492414 -0.439199
99822998 -0.039370 0.400536 -0.648869 -1.221639 -1.511131 -0.399685
119781494 0.268863 0.380172 0.561777 -1.571607 -1.384840 -0.308167
139739990 0.481295 0.059502 0.979805 -1.536382 -1.384840 -0.308167
159698487 0.469054 0.049234 0.969788 -1.772766 -1.336820 -0.353705
179656983 0.227201 0.175027 0.498533 -1.600237 -1.396150 -0.333046
199615479 0.065359 -0.078354 -0.222870 -1.466368 -1.469732 -0.457065
219573975 0.368544 -0.412181 -0.608219 -1.505235 -1.469732 -0.457065
239532471 0.809845 -0.700600 -0.162821 -2.115360 -1.400921 -0.948383
259490967 1.193496 -0.906138 0.691486 -2.223740 -1.305440 -0.776899
279449463 1.504950 -0.962276 0.579995 -2.386380 -1.290114 -0.936413
299407959 1.970201 -1.593293 -0.522328 -2.696545 -1.265222 -1.458278
319396973 2.690707 -1.843315 -0.924034 -2.853495 -1.172588 -1.633125
339355469 3.396637 -2.063347 -1.195708 -2.926835 -1.082380 -1.708184
359313965 3.647226 -2.078773 -0.925782 -2.947333 -1.059384 -1.657196
379272461 3.926806 -2.426176 -1.862288 -3.038605 -0.995126 -1.863616
399230957 4.500234 -2.880675 -1.603896 -3.036717 -0.921785 -1.788961
419189453 5.030759 -3.239914 -0.451476 -2.997898 -0.866170 -1.567291
439147949 4.858880 -3.823431 -0.070778 -2.986331 -0.847952 -1.503731
459106446 4.181859 -4.368398 -0.577102 -3.037789 -0.890758 -1.626981
479064942 4.059207 -4.647189 -1.166982 -3.112090 -0.891792 -1.793478
499023438 4.456357 -5.207465 -0.572695 -3.066218 -0.821826 -1.650907
518981934 4.325587 -6.031730 0.493724 -2.984971 -0.759573 -1.388157
538970947 3.547172 -6.718752 0.562061 -2.967046 -0.817075 -1.337051
558929444 1.949491 -6.701962 0.629670 -2.656423 -1.304325 -0.919464
578887940 1.620253 -6.945787 -0.605691 2.329833 -1.151817 3.109636
598846436 3.268574 -7.413970 -2.265941 2.710492 -0.508348 -2.712113
618804932 4.726636 -7.983248 -2.102097 2.776403 -0.279813 -2.433936
638763428 4.829255 -8.487923 -1.658086 2.728117 -0.121864 -2.434424
658721924 3.605059 -8.443774 -1.371967 2.565001 -0.094612 -2.990958
678680420 1.904675 -8.329622 -0.899976 2.675339 -0.014947 2.283474
698638916 0.269532 -8.460000 -0.365448 2.925952 0.097619 1.849250
718597412 -0.675370 -8.418914 -0.019449 3.012791 0.131810 1.733462
738555908 -1.644989 -8.844891 -0.378939 2.998255 0.218678 1.759295
758544922 -3.714483 -9.358366 -0.868411 2.979448 0.258034 1.754993
778503418 -5.061505 -8.829145 -1.287419 2.935616 0.218022 1.743972
798461914 -5.124340 -7.953032 -0.014748 3.050015 0.186415 1.609463
818420410 -5.346470 -7.568881 1.497810 -3.060250 0.191505 1.465552
838378906 -5.307205 -7.622733 2.397015 -2.957755 0.231643 1.381679
858337403 -4.468999 -8.533771 1.589094 -3.065701 0.352508 1.423487
878295899 -3.491749 -9.092690 0.729001 3.092911 0.458976 1.484367
898254395 -2.887298 -9.600106 1.790929 -3.000625 0.545891 1.403387
918212891 -2.074721 -10.187765 1.827999 -2.992116 0.653031 1.407054
938171387 -1.699256 -10.533760 1.058409 -3.081054 0.734895 1.489713
958129883 -2.793968 -11.851051 0.134744 3.012972 0.790324 1.587669
978118897 -4.188251 -13.146116 -0.773473 2.870352 0.821270 1.663311
998077393 -4.743775 -13.929262 0.117317 2.985904 0.867152 1.601271
1018035889 -5.045388 -14.464716 1.748837 -2.998127 0.910832 1.483923
1037994385 -4.997612 -15.330097 3.054739 -2.729842 0.970715 1.381426
1057952881 -5.133982 -16.677279 3.180296 -2.727799 1.037984 1.357063
1077911377 -5.910180 -16.929283 3.247457 -2.621844 1.061487 1.335478
1097869873 -7.629752 -17.123577 3.073685 0.203282 1.057582 1.338027
1117828369 -9.594406 -16.787050 2.228411 0.505031 1.042014 1.386069
1137786865 -11.469970 -15.729125 2.359848 0.429085 1.008893 1.366331
1157745362 -12.977625 -14.416652 1.367182 0.439802 0.983234 1.416172
1177703858 -13.472644 -12.157091 0.511719 0.406956 0.959289 1.456338
1197692871 -12.491381 -9.997038 1.359517 0.427315 0.968721 1.374504
1217651367 -11.783142 -8.499571 2.630970 0.475773 0.972613 1.250493
1237609864 -10.923761 -7.207215 3.890219 0.552373 0.973991 1.101262
1257568360 -10.414463 -6.628181 3.311844 0.590313 1.009096 1.093550
1277526856 -10.605296 -5.708803 2.601699 0.570176 1.010256 1.130247
1297485352 -10.680168 -4.525410 2.114843 0.560793 1.000409 1.145953
1317443848 -11.321503 -3.513893 1.399820 0.528898 0.967431 1.215646
1337402344 -11.483848 -2.330802 0.544317 0.483615 0.943792 1.292186
1357360840 -11.335884 -1.512924 -0.225253 0.418560 0.942292 1.367484
1377319336 -10.901827 -1.132099 -0.520850 0.390224 0.968979 1.392473
1397277832 -10.587132 -0.476902 -0.156043 0.421510 0.963762 1.327950
1417266846 -9.964853 0.240864 -0.302959 0.420927 0.981974 1.324604
1437225342 -9.281019 0.572991 -0.675410 0.415052 0.981974 1.324604
1457183838 -8.500084 0.640572 -0.060885 0.370044 1.032289 1.368989
1477142334 -7.351680 0.728908 0.585968 0.740640 1.149334 0.923561
1497100830 -5.670920 0.615085 0.328476 0.737248 1.149334 0.923561
