0 0.426793 -0.200171 0.515908 1.690272 -0.576721 -1.835355
19958496 0.244068 -0.333971 0.232210 1.698932 -0.570408 -1.871209
39916992 -0.090684 -0.316983 -0.248557 1.654400 -0.581912 -1.937840
59875488 -0.521797 -0.396286 -0.514926 1.599725 -0.594318 -1.988318
79833984 -0.900124 -0.481728 -0.437444 1.556818 -0.612403 -2.000056
99822998 -1.033722 -0.496646 -0.279884 1.509172 -0.626461 -1.990198
119781494 -1.305536 -0.344431 -0.132517 1.433667 -0.666847 -1.990547
139739990 -2.077643 -0.534393 -0.322282 1.259095 -0.702014 -2.072736
159698486 -2.580068 -0.611743 -0.103251 1.153181 -0.749853 -2.083187
179656982 -2.951331 -0.832118 -0.276433 1.003596 -0.760882 -2.152885
199615478 -3.339002 -1.335348 -0.607215 0.843074 -0.737419 -2.264795
219573974 -4.611086 -2.479161 -0.746142 -0.193463 -0.707166 -2.515371
239532470 -6.754332 -4.187164 -0.203088 -1.712735 -0.610197 -3.099730
259490966 -8.005838 -5.411332 -0.044225 -2.128247 -0.271567 2.678702
279449462 -7.754676 -5.799354 0.309884 -2.149975 -0.271567 2.678702
299407959 -6.844464 -5.977801 0.728079 -2.236002 -0.204487 2.924629
319366455 -6.925866 -6.775918 -0.104769 -2.399354 0.106980 2.888931
339355468 -8.280033 -8.533186 -1.515866 -2.363156 0.393042 2.618632
359313964 -10.806365 -10.636950 -0.601101 -2.162544 0.587850 2.073493
379272461 -13.333525 -11.608330 2.081601 -2.134877 0.543373 1.555927
399230957 -16.045059 -13.690561 3.217160 -2.139045 0.566102 1.450511
419189453 -19.319317 -18.600042 2.137307 -2.021147 0.710935 1.555535
439147949 -20.448887 -23.466343 4.419945 -1.700311 0.860627 1.397789
459106445 -17.315796 -27.142921 7.664323 -0.750578 1.053239 1.077038
479064941 -13.839754 -33.472103 7.027609 -0.089343 1.284436 0.889637
499023437 -9.986912 -41.718700 5.760293 0.538982 1.443834 0.435372
518981933 -2.639001 -39.529957 8.955615 1.704275 1.384246 -0.597590
538970947 9.249126 -37.002583 12.541641 2.074233 1.259849 -0.962022
558929443 23.867447 -34.562298 14.197336 2.152739 1.134542 -1.149714
578887939 33.400009 -32.631809 12.214753 2.103256 1.029662 -1.265208
598846435 33.999821 -31.314659 8.033065 2.041847 1.009188 -1.344272
618804931 30.458502 -30.460213 7.722885 1.875028 1.046381 -1.311337
638763427 28.281296 -29.959431 9.594137 1.492955 1.032954 -1.225402
658721923 25.576756 -29.709629 8.698114 1.104634 1.000677 -1.220380
678680420 22.717598 -24.595352 10.685205 0.784936 0.955156 -1.107592
698638916 20.324194 -19.514805 13.571692 0.591348 0.906206 -0.945851
718597412 19.566628 -15.067774 14.676293 0.451736 0.833869 -0.875534
738555908 19.961418 -10.508918 12.400176 0.389111 0.762747 -0.962492
758514404 18.948910 -5.933648 9.332139 0.353894 0.700494 -1.069577
778503418 17.022774 -3.325801 7.309059 0.351302 0.688327 -1.132871
798461914 14.700642 -1.923433 5.202198 0.365788 0.737523 -1.220711
818420410 12.654196 -1.265909 3.149888 0.422407 0.823312 -1.360470
838378906 10.413754 -0.078346 2.332171 0.459055 0.900405 -1.412821
858337402 8.846972 1.626612 1.308706 0.509549 0.921507 -1.560583
878295898 7.040672 2.372472 1.225516 0.612826 1.039817 -1.611266
898254394 5.050731 0.949364 2.259476 0.741048 1.314225 -1.228993
918212890 4.127906 0.474844 2.868056 0.513811 1.383967 -0.770660
938171386 4.234747 1.814779 2.797570 0.606985 1.352964 -0.923050
958129882 4.642469 2.399901 3.727051 0.411164 1.205966 -0.743247
978088379 5.321614 2.335006 4.554098 0.334814 1.068541 -0.720700
998046875 5.829248 2.033531 4.602217 0.361210 1.032488 -0.793621
1018035888 6.131973 1.786270 3.926957 0.440746 1.054611 -0.955059
1037994384 6.163869 1.677185 3.557265 0.482817 1.062268 -1.027361
1057952880 5.748182 1.349238 3.197269 0.519328 1.116251 -1.046292
1077911377 5.569717 0.839061 3.062291 0.554081 1.139575 -1.041364
1097869873 5.676395 0.592741 2.850074 0.574396 1.124510 -1.082686
1117828369 5.948668 0.091388 2.643116 0.601077 1.103138 -1.132109
1137786865 6.357522 -0.416410 2.738006 0.584325 1.059457 -1.132584
1157745361 7.191002 -1.316825 3.134823 0.584646 0.997781 -1.122627
1177703857 7.325453 -2.950027 3.257117 0.655460 1.016047 -1.114113
1197662353 6.615914 -4.141899 3.084869 0.782274 1.061798 -1.101514
1217620849 6.272292 -5.189465 3.291634 0.876602 1.068008 -1.074199
1237609863 6.384321 -6.613564 3.686064 0.995990 1.055096 -1.058781
1257568359 6.819091 -8.035100 3.602943 1.157666 1.037016 -1.104637
1277526855 6.753744 -10.325573 2.884685 1.449052 1.066077 -1.178584
1297485351 6.302296 -12.130072 2.365836 1.752222 1.089209 -1.220229
1317443847 6.332165 -13.002213 2.209902 1.935646 1.069862 -1.247239
1337402343 6.700127 -13.793853 2.941188 1.959254 1.026933 -1.218076
1357360839 6.555638 -15.163561 3.407448 2.049621 1.015254 -1.202935
1377319336 5.549724 -16.089405 3.552356 2.158096 1.024623 -1.192280
1397277832 5.984739 -16.464365 4.897593 2.131032 0.966719 -1.145709
1417236328 7.189617 -16.541838 5.085733 2.156664 0.895892 -1.186266
1437194824 7.512603 -17.123991 5.170436 2.234868 0.861088 -1.205275
1457183837 7.601636 -17.857824 6.024486 2.261569 0.828171 -1.176433
1477142334 6.820449 -18.698326 6.993122 2.269605 0.817931 -1.120628
1497100830 6.077715 -19.527279 7.459583 2.302566 0.813913 -1.087183
1517059326 4.563628 -19.592592 6.904117 2.332006 0.827437 -1.081842
