0 -0.180959 -0.224006 0.018109 0.943423 -0.533934 1.595693
19958496 -0.394746 -0.150982 0.080181 0.987583 -0.529228 1.590109
39916992 -0.342149 -0.214191 0.030356 0.976195 -0.528134 1.599693
59875488 -0.037461 -0.375916 -0.061135 1.063840 -0.532824 1.619285
79833984 0.307872 -0.424802 -0.218048 1.025671 -0.532824 1.619285
99792480 0.553936 -0.356861 -0.235359 1.023373 -0.551586 1.654138
119750976 0.686130 -0.279779 -0.169686 0.970926 -0.578552 1.677243
139709472 1.192081 -0.458708 -0.017742 0.874105 -0.630723 1.694550
159698486 2.049451 -0.746999 0.098868 0.877511 -0.630723 1.694550
179656982 2.627427 -1.070906 0.123296 0.792181 -0.702323 1.735800
199615478 2.833611 -1.226964 -0.003453 0.775410 -0.702323 1.735800
219573974 3.043193 -1.261377 -0.182496 0.913837 -0.730390 1.834584
239532470 3.609088 -1.523647 -0.101198 0.949243 -0.730390 1.834584
259490966 4.104574 -1.959062 -0.392838 1.109058 -0.770169 1.991869
279449462 4.475595 -2.125550 -0.559673 1.111311 -0.770169 1.991869
299407958 4.536577 -1.776818 -0.579761 1.206132 -0.788209 2.093855
319366455 4.463041 -1.409667 -0.371760 1.022134 -0.898518 2.046083
339324951 4.893443 -1.756095 -0.273154 1.008430 -0.931423 2.064307
359283447 5.827393 -2.309679 -0.387908 1.210529 -0.997437 2.280812
379241943 6.035758 -2.311887 0.560723 0.601585 -1.138569 1.882001
399230957 5.132393 -2.148511 1.633028 -0.220141 -0.951514 1.346301
419189453 4.229113 -2.105225 0.836757 0.473536 -0.793600 1.651470
439147949 4.454881 -2.503906 0.128589 0.985823 -0.713486 1.855560
459106445 4.725907 -2.349724 0.537675 0.660087 -0.747329 1.712037
479064941 4.583532 -2.012807 1.098212 0.165568 -0.721248 1.500910
499023437 4.101018 -2.049121 0.550547 0.189208 -0.721248 1.500910
518981933 3.902855 -2.521717 -0.033481 1.303937 -0.390518 1.708084
538940429 3.597020 -2.660535 0.303799 1.567605 -0.258388 1.576714
558898925 3.699374 -3.084278 0.679210 2.483925 -0.083686 1.445125
578857421 3.869238 -3.525282 1.320060 -2.869596 0.102125 1.275858
598815917 2.932408 -4.301304 1.109391 3.053256 0.292142 1.341085
618804931 1.946432 -4.583788 0.028900 2.622455 0.365472 1.519662
638763427 0.482164 -4.812494 0.305386 2.602591 0.388726 1.492547
658721923 -0.260572 -4.878080 2.175226 2.485621 0.388726 1.492547
678680419 -0.165266 -5.396438 2.617807 -3.095986 0.408073 1.303946
698638916 -0.305587 -5.377379 1.437679 2.887871 0.561359 1.387848
718597412 -1.822877 -5.698711 0.644366 2.441963 0.576392 1.490653
738555908 -4.439502 -6.227472 1.246295 2.127271 0.558263 1.462013
758514404 -6.615088 -6.141250 2.729987 1.056485 0.524466 1.378707
778472900 -6.423182 -5.314297 3.281127 0.310285 0.524869 1.335721
798431396 -6.678255 -5.078698 1.549689 0.681725 0.552611 1.444915
818420410 -8.048457 -4.813159 0.217699 0.683623 0.537783 1.534992
838378906 -7.767312 -4.380018 -0.134818 0.645322 0.554476 1.557027
858337402 -6.355996 -4.683983 0.010983 0.680518 0.640520 1.547856
878295898 -6.088888 -4.686899 0.103914 0.647353 0.677946 1.544093
898254394 -6.821702 -4.114083 -0.234149 0.561687 0.653459 1.569073
918212890 -8.128883 -3.539928 -1.822536 0.572294 0.606277 1.671481
938171386 -8.823587 -3.418524 -1.967821 0.531085 0.597969 1.678245
958129882 -8.039324 -2.857471 0.548926 0.416577 0.611974 1.515279
978088378 -5.524337 -2.971791 1.695842 0.445900 0.715102 1.411353
998046875 -2.289915 -3.150656 1.620478 0.619375 0.894227 1.354829
1018005371 -1.848070 -2.191084 0.294655 0.729457 0.918874 1.468590
1037963867 -11.091234 1.866684 -2.098794 0.424810 0.363537 1.635456
1057922363 -18.968962 2.513843 -9.019297 0.440804 0.221476 1.875133
1077911376 -14.005687 2.172416 -11.835352 0.441510 0.266483 2.067665
1097869873 -4.605593 0.213125 -3.806533 0.515067 0.638842 1.839979
1117828369 3.573560 -1.137994 4.722342 -0.420229 1.001568 0.389179
1137786865 7.572070 -1.200670 7.665074 -0.578649 0.826060 -0.211054
1157745361 6.671865 -1.117229 4.840392 -0.807061 1.021858 -0.177941
1177703857 2.856171 -0.432601 2.023805 1.025666 1.146667 0.759136
1197662353 -1.670263 0.258936 -0.539203 0.606235 0.844081 1.523374
1217620849 -4.874198 0.498351 -2.199192 0.499245 0.644495 1.696074
1237579345 -4.722108 0.142087 -2.748127 0.491284 0.667754 1.753109
1257537841 -2.403297 -0.174230 -1.343599 0.581711 0.819167 1.634889
1277496337 -0.145064 -0.409499 -0.254968 0.754910 0.990164 1.473153
1297454833 1.492092 -0.622931 -0.009854 1.012461 1.136599 1.384441
1317413330 2.068736 -0.452275 0.563905 1.180647 1.167574 1.209133
1337402343 1.582442 -0.206656 0.597501 0.978743 1.112005 1.243562
1357360839 0.764081 -0.023026 -0.067724 0.842646 1.044009 1.429892
1377319335 0.021708 0.167851 -0.738008 0.721544 0.973897 1.571675
1397277832 -0.469671 0.213120 -0.753142 0.674707 0.931519 1.577249
1417236328 -0.448114 0.125561 -0.176136 0.661018 0.936986 1.481963
1437194824 -0.059866 -0.033747 0.270170 0.686385 0.973440 1.396520
1457153320 0.125557 -0.096832 0.462063 0.700459 0.989702 1.354984
1477111816 0.143805 -0.069491 0.514048 0.662195 0.989281 1.343734
1497070312 0.007760 -0.067936 0.339107 0.662195 0.989281 1.343734
