0 -0.279000 -0.066692 0.055439 1.705140 -1.006476 -1.678060
19958496 -0.369333 -0.229686 -0.048859 1.695105 -1.005455 -1.699029
39916992 -0.309078 -0.360999 -0.085150 1.688043 -1.005455 -1.699029
59875488 -0.220349 -0.227386 -0.316643 1.727075 -0.992890 -1.705142
79833984 -0.254147 -0.107484 -0.521594 1.666485 -0.999825 -1.790364
99792480 -0.621575 -0.295286 -0.506587 1.575150 -1.026172 -1.802742
119781494 -0.990639 -0.496000 -0.448972 1.484318 -1.056098 -1.806257
139739990 -1.460949 -0.548695 -0.314566 1.376688 -1.108823 -1.797688
159698486 -1.940305 -0.867458 -0.545482 1.369407 -1.108823 -1.797688
179656982 -2.264612 -1.241682 -1.341333 0.781963 -1.120220 -2.144823
199615478 -2.709469 -1.425599 -1.285134 0.549942 -1.162203 -2.204667
219573974 -3.080122 -1.346847 -0.880423 0.517881 -1.235966 -2.154963
239532470 -3.170756 -1.543053 -0.864865 0.479566 -1.237478 -2.174137
259490967 -3.079101 -2.145432 -1.002111 0.453469 -1.180359 -2.218852
279449463 -3.487244 -3.307418 -1.850329 -0.735634 -1.034992 -2.564466
299407959 -4.005753 -4.339751 -2.593259 -2.017841 -0.845514 -2.822050
319366455 -4.875896 -5.314955 -2.927771 -2.310647 -0.669632 -3.087199
339355468 -6.259417 -6.131768 -2.245378 -2.358661 -0.560850 2.755493
359313965 -7.393859 -6.934522 -1.799130 -2.473211 -0.314623 2.405176
379272461 -8.031492 -7.592450 -1.694067 -2.505778 -0.095981 2.287186
399230957 -8.778440 -8.633240 -1.842489 -2.488367 0.172938 2.228609
419189453 -9.368460 -9.903182 -2.733602 -2.460038 0.386160 2.307438
439147949 -9.652022 -11.094286 -2.164614 -2.359619 0.613539 2.205588
459106445 -9.714582 -12.615289 -1.653104 -2.159838 0.862668 2.129504
479064941 -9.308010 -13.935631 -2.304737 -2.090775 1.016918 2.330208
499023437 -7.575615 -14.521410 -1.306066 -1.995479 1.299960 2.643253
518981933 -6.482146 -16.060266 -0.028773 -2.701507 1.490296 -2.606096
538940429 -5.562096 -18.063421 0.200747 2.892023 1.429785 -1.818274
558929443 -4.333058 -20.355465 0.709462 2.704928 1.359090 -1.532458
578887939 -2.441212 -22.776381 2.139578 2.549510 1.274571 -1.298154
598846435 1.761564 -25.152885 2.660696 2.642523 1.147232 -1.366213
618804931 5.205460 -27.347706 1.737241 2.754791 1.092285 -1.485048
638763427 6.768950 -29.677134 1.922081 2.734191 1.103289 -1.486148
658721924 8.342546 -32.676918 3.521034 2.644924 1.121948 -1.406063
678680420 11.025570 -34.889626 4.339329 2.573849 1.113661 -1.386013
698638916 14.085362 -33.394958 3.777591 2.558599 1.099054 -1.428741
718597412 17.425055 -32.049377 3.077469 2.535564 1.074125 -1.464306
738555908 20.796854 -30.956280 1.811767 2.512010 1.032751 -1.514077
758514404 22.408697 -30.149973 1.331118 2.428429 0.993601 -1.532707
778503418 22.220163 -26.863194 5.613370 2.277725 0.993601 -1.532707
798461914 20.237434 -24.000107 9.667104 1.724360 0.966790 -1.367729
818420410 20.177418 -20.152390 10.073759 1.229704 0.934064 -1.152920
838378906 19.127840 -16.398251 9.070060 1.002783 0.923204 -1.167910
858337402 17.975391 -13.819237 8.387156 0.817626 0.928199 -1.165869
878295898 18.191422 -11.227395 7.751491 0.622610 0.891332 -1.188782
898254394 18.413525 -8.056702 6.054576 0.515081 0.891332 -1.188782
918212890 17.562716 -5.246762 4.371846 0.417811 0.800266 -1.376796
938171386 15.877118 -3.324762 4.033169 0.399006 0.802279 -1.393840
958129883 14.162187 -2.524439 4.843265 0.397970 0.841443 -1.307156
978088379 12.221090 -1.837216 4.496699 0.417449 0.922222 -1.303162
998077392 11.290264 -0.574353 4.908121 0.400498 0.916907 -1.227550
1018035888 10.418674 0.613919 4.793647 0.386802 0.919193 -1.206434
1037994384 9.881084 0.982613 4.751821 0.382873 0.944905 -1.183222
1057952881 10.286072 1.392399 5.012300 0.349864 0.879803 -1.169310
1077911377 10.955253 2.054112 4.646078 0.360069 0.786990 -1.265431
1097869873 11.527432 2.802144 4.116194 0.368331 0.685231 -1.363492
1117828369 12.133895 3.309763 4.104127 0.348677 0.590165 -1.371397
1137786865 12.083635 3.556931 2.971170 0.381123 0.573597 -1.522358
1157745361 11.370144 3.590398 1.921766 0.422063 0.613094 -1.675241
1177703857 10.551052 3.007398 2.141005 0.447326 0.732667 -1.634929
1197662353 9.671952 2.193869 2.392682 0.461744 0.874906 -1.568926
1217651367 8.961558 1.542068 1.780894 0.522549 0.970893 -1.669565
1237609863 8.300344 0.814666 1.568148 0.590584 1.051644 -1.696736
1257568359 7.685112 0.277619 1.864079 0.609295 1.106656 -1.607488
1277526855 6.959908 -0.580085 2.358602 0.668588 1.168307 -1.459882
1297485351 6.378983 -1.440689 3.591152 0.609421 1.177404 -1.142382
1317443847 6.229763 -2.052646 4.071157 0.630715 1.150229 -1.055357
1337402343 5.491130 -2.516669 3.684165 0.758010 1.182430 -1.071139
1357360840 5.056378 -3.037008 3.762554 0.870244 1.177265 -1.035523
1377319336 4.843428 -4.480084 3.740386 1.015913 1.185692 -1.037087
1397277832 4.608665 -6.032173 3.473182 1.238489 1.202816 -1.069437
1417236328 5.069263 -6.627697 3.526040 1.295048 1.157819 -1.103261
1437194824 6.429118 -6.776130 3.599810 1.457322 1.157819 -1.103261
1457183838 8.060166 -7.682290 3.188574 1.159712 0.992298 -1.263999
1477142334 9.290619 -9.133147 2.337823 1.502882 0.956671 -1.357751
1497100830 9.365568 -10.732110 1.185343 1.886755 0.963092 -1.446571
