0 0.395483 -0.208350 0.816523 1.802397 -0.742046 -1.484525
19958496 0.546369 -0.355616 0.394415 1.813813 -0.722328 -1.543008
39947510 0.591291 -0.372862 -0.229968 1.805358 -0.719024 -1.628703
59906006 0.380204 -0.271988 -0.158096 1.750183 -0.745155 -1.621128
79864502 -0.029825 -0.424030 -0.484818 1.672487 -0.766506 -1.673629
99822998 -0.535190 -0.506388 -0.523638 1.569140 -0.806061 -1.686065
119781494 -1.085261 -0.778923 -0.222344 1.531636 -0.842370 -1.635902
139739990 -1.694923 -1.325295 -0.112863 1.506457 -0.864757 -1.609934
159698487 -2.003862 -1.626572 -0.466826 1.503226 -0.864757 -1.609934
179656983 -2.379962 -1.869066 -0.542404 1.297453 -0.914065 -1.688117
199615479 -3.345762 -2.368023 -1.929841 0.043477 -0.948446 -2.112678
219573975 -3.736461 -2.446094 -2.915318 -1.118597 -0.916612 -2.408183
239532471 -4.015388 -2.322164 -3.023964 -1.091525 -0.916612 -2.408183
259521485 -4.639893 -2.651647 -2.764102 -1.304508 -1.014115 -2.698030
279479981 -5.503338 -4.123018 -2.662791 -1.814836 -0.906070 -3.054529
299438477 -6.748308 -5.943844 -1.478679 -2.334249 -0.688796 2.431200
319396973 -7.023010 -7.010958 -0.215437 -2.720933 -0.246960 1.618681
339355469 -6.788187 -7.053135 0.005159 -2.732424 -0.246960 1.618681
359313965 -6.423499 -6.419522 -0.234690 -2.702306 -0.751237 1.709791
379272461 -5.723592 -6.115477 0.341036 -2.701063 -0.751237 1.709791
399230957 -5.100983 -6.899262 -0.212909 2.819704 -1.227800 0.534172
419189453 -5.530463 -8.587143 0.017697 -2.579282 1.402070 -2.848405
439147949 -7.463675 -10.301430 -0.001965 -1.451072 1.105257 1.755803
459106446 -8.205325 -11.746582 -2.913399 -1.398687 1.105257 1.755803
479064942 -7.091747 -13.047075 -3.759503 -2.124254 0.930368 2.537214
499053955 -5.732588 -15.419956 -2.020962 -2.616797 1.349349 -2.687606
519012451 -4.068978 -17.716822 -0.731951 2.920115 1.332158 -1.748042
538970948 -2.198861 -19.979916 0.358444 2.724371 1.242697 -1.455181
558929444 -0.040009 -23.702589 -0.530318 2.870263 1.203377 -1.602522
578887940 3.763681 -26.929810 -1.393063 2.873386 1.203377 -1.602522
598846436 9.189984 -27.754841 2.224805 2.718326 0.994328 -1.435845
618804932 13.921115 -28.363075 4.617046 2.614633 0.911600 -1.360459
638763428 15.984221 -28.392202 2.775203 2.576362 0.911600 -1.360459
658721924 16.028021 -28.781925 0.615304 2.742355 0.943500 -1.531554
678680420 17.168051 -28.954166 2.303481 2.633886 0.953665 -1.468560
698638916 18.996969 -27.337196 5.135604 2.378267 0.922312 -1.369331
718627930 21.427799 -23.594063 5.470819 2.186652 0.854153 -1.370307
738586426 22.426888 -18.652210 4.333182 1.920950 0.786002 -1.415489
758544922 21.412849 -15.391443 6.506439 1.573336 0.760994 -1.327948
778503418 19.283621 -12.610386 8.823570 1.300168 0.754027 -1.213055
798461914 17.551895 -9.200084 10.304580 1.062349 0.715927 -1.121436
818420410 16.650810 -6.567982 11.023534 0.880506 0.671903 -1.063380
838378906 16.288006 -4.301194 8.230521 0.770258 0.671903 -1.063380
858337403 15.200375 -2.788910 4.071469 0.623029 0.675446 -1.386608
878295899 13.684242 -1.587800 2.987202 0.575947 0.692532 -1.457283
898254395 11.868054 -0.810286 4.332252 0.603610 0.727179 -1.351645
918212891 10.032291 -0.348289 6.446800 0.600206 0.727179 -1.351645
938201905 9.236542 0.444503 7.808438 0.585100 0.732212 -0.986062
958160401 8.861660 0.695393 7.254761 0.559957 0.732212 -0.986062
978118897 8.842773 1.635142 6.547469 0.547639 0.729682 -1.063645
998077393 9.331898 2.612632 6.196890 0.529373 0.729682 -1.063645
1018035889 9.384683 3.109643 5.817489 0.493223 0.622918 -1.160428
1037994385 9.523233 3.438454 5.749856 0.478944 0.622918 -1.160428
1057952881 9.522480 3.513527 5.429844 0.464957 0.589758 -1.169175
1077911377 8.971429 3.115107 3.498643 0.484741 0.669512 -1.377302
1097869873 8.012532 2.597312 1.468304 0.516746 0.769900 -1.622416
1117828369 7.056850 1.997486 1.090196 0.565061 0.863440 -1.672257
1137786865 6.032089 1.410712 1.610005 0.560205 0.863440 -1.672257
1157775879 5.110927 0.583432 1.715525 0.876145 1.057651 -1.528915
1177734375 4.697875 -0.116916 2.278126 0.975074 1.089917 -1.381418
1197692871 4.826065 -0.708059 2.653452 0.966258 1.068037 -1.292264
1217651367 5.118445 -1.246802 2.471722 0.992835 1.041462 -1.309462
1237609864 5.342059 -1.560449 1.277233 1.057497 1.020432 -1.470708
1257568360 5.120843 -2.151581 0.976643 1.222562 1.024659 -1.487317
1277526856 5.051133 -2.799624 1.170669 1.331722 1.014576 -1.440711
1297485352 4.689615 -3.890467 1.035119 1.606565 1.035806 -1.437431
1317443848 3.893200 -5.172029 0.711959 2.032868 1.084519 -1.454728
1337402344 3.668742 -5.819418 0.571643 2.183037 1.079979 -1.462565
1357360840 4.036583 -6.351108 1.592488 2.321180 1.079979 -1.462565
1377319336 4.536814 -6.958153 1.774084 2.167882 1.032980 -1.346489
1397308350 5.020066 -7.580791 1.764975 2.142709 0.955395 -1.349588
1417266846 5.582233 -8.268177 1.229406 2.289326 0.923518 -1.405125
1437225342 5.894625 -8.530943 1.144143 2.351878 0.885373 -1.418402
1457183838 5.953683 -8.874731 1.236799 2.453244 0.885373 -1.418402
1477142334 5.761957 -9.580154 1.773288 2.400491 0.845032 -1.381261
1497100830 5.460542 -10.917652 2.772398 2.361610 0.851129 -1.309232
