0 -0.363586 0.050274 -1.519678 1.298569 -1.424753 2.132818
19958496 0.364001 -0.079899 -0.785469 1.812745 -1.374325 2.486345
39916992 0.787276 -0.193736 -0.033966 1.702884 -1.482989 2.670422
59906006 0.990587 -0.172216 -0.003481 -2.480201 -1.559423 -1.304532
79864502 0.721719 -0.183855 -0.489305 -2.579127 -1.532255 -1.375942
99822998 0.869984 -0.323981 -0.990857 2.526539 -1.470677 -2.754546
119781494 1.142592 -0.496058 -1.185600 2.710451 -1.439143 -2.533105
139739990 1.893938 -0.670443 -0.604923 -2.992185 -1.401171 -1.796444
159698486 2.659465 -0.837876 0.060272 -2.772851 -1.313284 -1.411662
179656982 2.562302 -1.108870 -0.005819 -2.759208 -1.315726 -1.422011
199615478 2.430056 -1.078938 0.134772 -2.733706 -1.329006 -1.350187
219573974 2.238521 -1.268807 -0.278748 -2.859770 -1.352342 -1.555568
239532471 2.437222 -1.610170 -0.401904 -2.919876 -1.321761 -1.633216
259490967 2.968952 -2.301414 -0.443742 -2.936399 -1.321761 -1.633216
279479980 2.966043 -2.806523 -0.728447 -2.976814 -1.238345 -1.654713
299438476 3.361351 -2.873932 -0.746950 -3.075125 -1.217447 -1.786214
319396973 4.248556 -3.067276 -0.610394 -3.093940 -1.067733 -1.725144
339355469 5.110496 -3.782486 -0.781206 -3.127839 -0.928239 -1.760293
359313965 4.849823 -4.307635 -0.124110 -3.080658 -0.940986 -1.650133
379272461 3.952248 -4.825623 -0.813418 3.039323 -1.012337 -1.964842
399230957 4.633702 -4.659139 -2.831530 2.869856 -0.821038 -2.359201
419189453 5.697326 -5.325762 -3.074665 2.899155 -0.668364 -2.272511
439147949 6.192153 -5.660938 -0.736748 2.900294 -0.668364 -2.272511
459106445 5.071726 -5.809659 -0.330807 -3.136793 -0.914807 -1.721058
479064941 4.017190 -5.897123 -1.172876 2.766224 -1.107573 -2.380156
499053955 3.166714 -5.971830 -1.045277 1.989074 -1.258839 2.915574
519012451 2.811841 -6.372892 -0.330216 1.954443 -1.258839 2.915574
538970947 2.369898 -6.770100 -0.018371 2.903123 -0.698166 1.438582
558929443 2.750984 -6.915830 0.095072 -3.118066 -0.524740 1.366780
578887939 2.929007 -7.119211 0.317226 -3.007253 -0.252994 1.287984
598846435 1.931080 -7.702845 0.794180 -3.011391 0.097786 1.274643
618804931 0.834390 -8.042624 0.754208 -3.094651 0.214906 1.357927
638763428 0.093957 -7.434797 1.777693 -3.068058 0.214906 1.357927
658721924 -0.687115 -7.071604 3.085062 -2.743129 0.154414 1.130602
678680420 -1.950393 -7.856078 1.709716 -2.688878 0.154414 1.130602
698638916 -2.820547 -9.260249 -0.870300 -3.030663 0.274681 1.324404
718627930 -2.333051 -8.916295 -2.224080 2.660142 0.451775 1.682491
738586426 -1.087916 -7.751575 -1.248282 2.636507 0.454447 1.575273
758544922 -0.901204 -8.991105 0.348582 2.636507 0.454447 1.575273
778503418 -0.831981 -10.454756 0.524827 2.973703 0.597362 1.405487
798461914 -1.430792 -10.512225 0.410764 2.990247 0.745644 1.429539
818420410 -2.009547 -10.179869 0.567228 2.962621 0.741555 1.437539
838378906 -1.106883 -9.727627 2.141863 -2.974653 0.790349 1.295853
858337402 -2.456858 -10.768443 2.618107 -2.953985 0.817491 1.302206
878295898 -3.647595 -10.460025 2.557403 -2.855352 0.804155 1.342478
898254394 -4.421485 -9.605115 3.110469 -2.855352 0.804155 1.342478
918212890 -6.483228 -9.609438 1.131646 2.708937 0.766298 1.475412
938201904 -7.554553 -8.417261 -0.956525 1.247301 0.728237 1.608013
958160400 -7.397962 -8.142103 -0.666390 0.999400 0.758059 1.581821
978118896 -6.282000 -8.541061 0.496019 0.892511 0.842176 1.490106
998077392 -5.165939 -8.912126 1.905331 0.567731 0.920613 1.359312
1018035889 -4.709014 -8.801802 2.349379 0.287093 0.963004 1.301814
1037994385 -4.920072 -8.379084 2.294233 0.243157 0.974663 1.300902
1057952881 -5.434065 -8.284307 2.460552 0.227710 0.980292 1.289036
1077911377 -5.668921 -7.889198 2.471344 0.290929 0.980292 1.289036
1097869873 -5.676566 -7.072824 2.650477 0.265438 0.989943 1.283514
1117828369 -5.903282 -6.540717 3.019710 0.237355 0.992416 1.212521
1137786865 -6.112565 -6.203472 3.072461 0.258248 0.999419 1.193590
1157775879 -6.350344 -5.793794 2.378750 0.308916 1.013379 1.241735
1177734375 -6.814880 -5.195920 0.933815 0.356783 1.017209 1.380059
1197692871 -7.266864 -4.329284 -0.171059 0.320414 1.000695 1.494350
1217651367 -7.415583 -3.441749 -0.391741 0.299997 0.988045 1.519909
1237609863 -7.128077 -2.535462 0.635742 0.323439 0.986972 1.398655
1257568359 -6.487110 -2.060843 1.763773 0.368721 1.009789 1.235199
1277526855 -6.001744 -1.972602 2.617721 0.444434 1.031348 1.082296
1297485351 -5.759782 -1.086368 1.838269 0.421863 1.051575 1.137967
1317443848 -6.376183 -0.611154 0.488814 0.442605 1.051575 1.137967
1337402344 -6.514296 -0.128205 0.246824 0.320248 1.032497 1.381198
1357391357 -6.376933 0.193453 0.778423 0.375561 1.035082 1.282034
1377349853 -6.064399 0.231662 1.145923 0.416464 1.060704 1.195377
1397308349 -5.759247 0.275093 1.114285 0.424427 1.093585 1.172600
1417266846 -5.197218 0.483485 0.742532 0.418653 1.151465 1.201324
1437225342 -4.573371 0.654443 0.956417 0.490331 1.198434 1.086321
1457183838 -4.462403 0.672030 1.339003 0.551218 1.195495 0.974713
1477142334 -4.564535 0.855649 1.352262 0.528301 1.182926 0.974826
1497100830 -4.588356 1.122161 0.786307 0.440455 1.197798 1.102113
