0 0.926023 -0.078980 -0.232796 1.583268 -1.383704 2.742681
19958496 0.959622 -0.028366 -0.719544 1.787513 -1.337775 2.846066
39916993 0.976453 -0.137805 -0.984451 1.843582 -1.309137 2.889220
59906006 1.040846 -0.170623 -0.591366 1.760781 -1.347196 2.881859
79864502 1.136803 -0.107005 -0.454501 1.768354 -1.347196 2.881859
99822998 1.145235 -0.298154 -0.782462 1.766627 -1.362718 2.922925
119781494 1.335652 -0.389657 -0.546864 1.881292 -1.349472 3.048185
139739991 1.419725 -0.319614 -0.279720 1.871310 -1.380299 3.092979
159698487 1.687359 -0.383981 -0.102364 1.972025 -1.398181 -3.015002
179656983 2.061549 -0.556401 0.030811 1.966087 -1.398181 -3.015002
199615479 2.251660 -0.719137 0.271515 2.315570 -1.412833 -2.563068
219573975 2.208896 -0.777565 0.278827 2.325932 -1.412833 -2.563068
239532471 2.114553 -0.900456 0.283282 2.215773 -1.420458 -2.676305
259490967 2.457907 -1.178603 0.053360 2.354487 -1.373431 -2.571986
279479981 2.781343 -1.591639 -0.061425 2.453507 -1.331404 -2.481644
299438477 2.925082 -2.067640 0.001616 2.514649 -1.312959 -2.424154
319396973 3.415683 -2.835435 -0.331163 2.588855 -1.208626 -2.380643
339355469 4.313228 -3.488443 -0.029001 2.800349 -1.103478 -2.108727
359313965 5.007745 -3.989332 0.689578 2.933649 -1.017778 -1.844701
379272461 5.817610 -3.854359 -0.089209 2.839154 -0.899796 -2.009450
399230957 6.170921 -3.336201 -1.683536 2.706935 -0.821388 -2.282002
419189453 6.376668 -3.727837 -1.779246 2.694065 -0.765743 -2.297438
439147950 6.100114 -4.508049 -0.000002 2.768701 -0.821752 -2.057932
459106446 5.844389 -4.839227 1.436832 2.910325 -0.899898 -1.744004
479064942 5.154284 -5.068456 0.942364 2.723595 -0.995115 -2.031754
499053955 4.656822 -5.415071 1.077906 2.573292 -1.107994 -2.209426
519012452 3.467897 -5.942051 2.232288 -0.766933 -1.428162 1.156786
538970948 2.371316 -5.935397 1.884029 -0.835418 -0.862168 1.762061
558929444 1.799839 -5.953362 0.131200 2.396753 -0.481770 2.240035
578887940 2.179347 -6.292948 0.301309 2.515635 -0.338411 2.198778
598846436 2.603547 -6.804132 1.853858 2.410030 -0.338411 2.198778
618804932 1.608457 -7.420959 1.801933 -3.066521 -0.126048 1.744001
638763428 0.864849 -7.186163 0.299505 2.918500 0.150934 1.947466
658721924 0.723279 -7.107314 -0.238696 2.807402 0.191519 1.989920
678680420 0.715316 -7.705770 0.644431 3.019845 0.344930 1.834550
698638916 0.003710 -8.720877 0.723992 3.063612 0.477451 1.781448
718627930 0.014451 -9.374500 0.102864 3.048550 0.477451 1.781448
738586426 0.521488 -9.206196 0.509445 3.025349 0.631584 1.805860
758544922 -1.183900 -9.582111 0.443893 3.074650 0.611129 1.766349
778503418 -4.491904 -9.803113 -1.777784 2.804008 0.517356 1.864066
798461914 -5.571777 -9.488728 -4.014824 2.469326 0.482850 1.952849
818420410 -3.493982 -9.408066 -1.947005 2.686036 0.590959 1.827913
838378907 -1.375992 -10.271152 2.431041 -2.839844 0.769419 1.449776
858337403 -2.062788 -10.522607 5.024273 -2.396530 0.761106 1.244521
878295899 -3.891339 -10.840539 2.625760 -2.766740 0.758960 1.481853
898254395 -4.400339 -11.148659 0.302974 3.083076 0.785762 1.671291
918212891 -5.084612 -11.741800 -0.320452 3.097260 0.785762 1.671291
938201905 -5.791763 -12.070991 -0.600366 2.841715 0.831935 1.722227
958160401 -5.623162 -11.658447 -2.194378 2.095731 0.849000 1.831246
978118897 -6.193410 -10.723778 -2.040934 1.404099 0.838226 1.817964
998077393 -7.338833 -9.764808 -0.710728 0.765132 0.838226 1.817964
1018035889 -9.250381 -8.343475 -2.264430 0.232240 0.816603 1.718851
1037994385 -10.422283 -7.317636 -5.930892 0.341127 0.670877 1.974859
1057952881 -9.141874 -6.454560 -6.533389 0.293091 0.689060 2.048963
1077911377 -7.060297 -6.624357 -1.867645 0.118499 0.836540 1.828868
1097869873 -5.264515 -7.085511 3.101565 -0.230500 0.966418 1.434838
1117828369 -4.399841 -6.633413 5.347326 -0.304718 0.998945 1.200391
1137786866 -5.106947 -5.769146 5.013350 -0.216120 0.983332 1.245595
1157775879 -6.964050 -5.053629 3.651257 -0.126061 0.927988 1.407366
1177734375 -8.311035 -4.368723 2.243958 -0.095036 0.884730 1.539463
1197692871 -9.245516 -3.726234 1.627546 -0.070617 0.852486 1.587835
1217651368 -9.856695 -2.651810 1.097375 -0.048645 0.852486 1.587835
1237609864 -10.510303 -1.593913 0.917748 -0.046993 0.811882 1.627689
1257568360 -10.787001 -0.462889 1.075417 -0.042125 0.717099 1.622326
1277526856 -9.952579 0.190543 1.092606 -0.050880 0.734674 1.624067
1297485352 -8.459163 0.337191 1.390721 -0.026311 0.814393 1.598716
1317443848 -6.559389 0.085513 1.970566 0.005251 0.954529 1.516495
1337402344 -4.792569 0.184459 2.383134 0.078898 1.088422 1.393321
1357360840 -3.935580 0.126501 1.335011 0.010299 1.183160 1.578043
1377319336 -3.764728 0.216577 0.469818 -0.101883 1.200957 1.780011
1397308350 -3.643703 0.352077 -0.140386 -0.173619 1.205160 1.935418
1417266846 -3.819298 0.394788 -0.359765 -0.186700 1.193414 1.972169
1437225342 -3.936366 0.541021 -0.295344 -0.193516 1.190084 1.952736
1457183838 -4.130477 0.885316 0.439345 -0.073783 1.186004 1.751360
1477142334 -4.008521 0.988221 0.954372 0.015673 1.204572 1.603272
1497100830 -3.883875 1.058075 1.094641 0.053687 1.217623 1.539696
