0 -0.084367 0.422607 -0.619601 0.570315 -1.528618 1.097209
19958496 -0.306983 0.711999 -1.107024 1.631926 -1.505701 2.090814
39916992 -0.211542 0.788642 -1.152763 1.631926 -1.505701 2.090814
59875488 -0.188603 0.785896 -0.527311 1.772726 -1.512669 2.262561
79833985 -0.035586 1.030066 0.378807 -0.504900 -1.460473 0.209138
99792481 -0.439465 1.085715 0.353165 -0.107681 -1.451926 0.494942
119750977 -0.589350 0.992738 0.424973 -0.056764 -1.441751 0.533974
139709473 -0.768489 1.000192 0.661946 -0.129110 -1.419485 0.519506
159667969 -0.779955 1.174654 1.002873 -0.129110 -1.419485 0.519506
179656983 -0.778652 0.824885 1.086222 -0.425962 -1.392074 0.331974
199615479 -0.486124 0.622208 0.547038 -0.569276 -1.448283 0.168213
219573975 -0.567223 0.627708 0.472174 -0.559771 -1.456616 0.140197
239532471 -0.954513 0.602880 0.588471 -0.283830 -1.441825 0.298235
259490967 -0.985632 0.299915 1.183887 -0.652198 -1.389145 0.126593
279449463 -0.818355 -0.173590 1.333777 -1.046038 -1.376147 -0.085867
299407959 -0.337925 -1.150781 0.465249 -1.688406 -1.425748 -0.801527
319366455 0.764550 -2.015632 -0.691240 -1.668098 -1.425748 -0.801527
339324951 2.482632 -2.833698 -1.524110 -2.841183 -0.986858 -1.886514
359283447 3.976362 -3.885850 -1.601247 -2.841183 -0.986858 -1.886514
379241944 5.293326 -4.978512 -1.930439 -2.922322 -0.531195 -1.832785
399230957 5.932763 -6.031264 -2.168214 -2.941947 -0.387035 -1.845015
419189453 5.869425 -7.008211 -1.533581 -2.948347 -0.290978 -1.780639
439147949 6.033927 -7.972602 -1.172649 -2.957964 -0.181592 -1.746040
459106446 6.359390 -8.668823 -1.144208 -2.965100 -0.098550 -1.752388
479064942 6.373416 -9.479811 -1.354270 -2.995406 -0.002931 -1.798430
499023438 6.464729 -10.150734 -1.840124 -3.033014 0.079978 -1.879028
518981934 6.538660 -10.796610 -2.038846 -3.064569 0.165321 -1.928634
538940430 6.227122 -11.606903 -1.930720 -3.109245 0.297610 -1.964271
558898926 5.505186 -12.397444 -1.519492 -3.133111 0.297610 -1.964271
578857422 4.336905 -13.184619 -0.909758 3.078517 0.492324 -1.995092
598815918 3.202580 -13.529020 -1.175548 2.906112 0.816529 -2.063506
618804932 2.833290 -13.684397 -0.995156 1.913534 1.192130 -2.977257
638763428 2.551543 -14.599372 -0.224501 1.865489 1.192130 -2.977257
658721924 2.247982 -15.942901 0.411207 2.780844 1.339861 1.876153
678680420 1.217956 -17.650414 0.333315 2.909474 1.222245 1.736800
698638916 -0.420377 -18.943792 -0.331981 2.888984 1.095994 1.750718
718597412 -1.477124 -19.046009 0.811828 3.074114 1.020247 1.531460
738555908 -2.982296 -19.261551 4.072176 -2.940073 0.916756 1.214986
758514404 -4.450837 -20.212982 5.217490 -2.948286 0.916756 1.214986
778472901 -6.411225 -21.820730 2.234166 3.107470 0.910786 1.432017
798431397 -7.512128 -23.320557 -1.295346 2.820629 0.934590 1.659010
818389893 -5.062368 -24.889055 -0.060369 2.877773 1.062316 1.588013
838378906 -3.904584 -27.610149 4.497811 -2.969014 1.141619 1.252455
858337403 -5.981626 -31.705235 6.048621 -2.824056 1.153331 1.201818
878295899 -8.486461 -34.538883 4.400654 -3.043749 1.172365 1.336867
898254395 -11.166339 -33.008465 4.254013 -3.084304 1.160552 1.360994
918212891 -15.160515 -31.665255 6.199057 2.983822 1.160552 1.360994
938171387 -20.254972 -30.627922 5.454886 1.417658 1.046111 1.339194
958129883 -23.228941 -29.927734 2.209593 0.879547 1.046111 1.339194
978088379 -23.067041 -27.022396 2.251670 0.675303 0.974325 1.436254
998046875 -23.346640 -23.119802 4.123693 0.648173 0.934229 1.344585
1018005371 -23.250593 -18.924397 4.681565 0.599204 0.889582 1.304329
1037963867 -22.257360 -14.731045 5.406978 0.606015 0.847234 1.248560
1057952881 -19.561245 -12.397532 6.190073 0.639888 0.868823 1.148952
1077911377 -18.214760 -10.309620 4.056657 0.596656 0.893743 1.217231
1097869873 -16.748203 -8.344753 3.280457 0.583921 0.893743 1.217231
1117828369 -15.899372 -6.672091 2.942440 0.608891 0.911069 1.197412
1137786865 -15.612360 -5.146198 3.022884 0.638851 0.879452 1.155193
1157745362 -15.915354 -4.285345 2.210014 0.638851 0.879452 1.155193
1177703858 -15.742594 -3.244904 1.046103 0.619689 0.852620 1.202100
1197662354 -15.102222 -1.606801 -0.101807 0.507054 0.803977 1.359065
1217620850 -14.691427 -0.510779 -0.615562 0.510211 0.803977 1.359065
1237579346 -13.719316 0.390478 -0.643431 0.470736 0.768302 1.397161
1257568360 -11.833630 1.066656 -0.822957 0.470736 0.768302 1.397161
1277526856 -10.723589 1.184777 -1.369863 0.302775 0.994135 1.498195
1297485352 -9.784557 1.011801 -0.793575 0.492437 1.111867 1.291585
1317443848 -8.364741 1.084319 -0.449724 0.859825 1.263243 0.897680
1337402344 -6.620329 0.837134 -0.896112 1.956664 1.448226 -0.223469
1357360840 -5.123237 0.396846 -0.917904 2.840955 1.324931 -1.100780
1377319336 -3.919179 -0.332019 -0.608746 2.891555 1.219496 -1.150464
1397277832 -3.022067 -0.530216 -0.520079 2.946015 1.154356 -1.192582
1417236328 -2.022860 -0.374846 -0.997696 -3.110821 1.086768 -1.364551
1437194824 -1.237561 -0.437329 -1.003669 -3.066895 1.041512 -1.391487
1457153321 -1.329645 -0.676591 -0.379885 3.014879 1.072525 -1.242467
1477142334 -0.848425 -0.540451 -0.789133 -3.127699 1.060369 -1.336586
1497100830 -0.001803 -0.338254 -0.895744 3.138144 1.060369 -1.336586
