0 -0.618598 -0.470897 0.061804 2.635518 9.364777 -1.235072 0.180318 -1.269462 -2.009031
19958496 -0.969289 -0.532146 -0.093884 2.671041 9.356584 -1.220772 0.176777 -1.266660 -1.999489
39916992 -0.913307 -0.498051 -0.325471 2.671041 9.356584 -1.220772 0.190657 -1.266660 -1.999489
59875488 -0.533738 -0.354653 -0.282485 2.687926 9.344853 -1.272462 0.187377 -1.262691 -2.012938
79833984 -0.449147 -0.270895 -0.045011 2.701719 9.332788 -1.330484 0.181650 -1.258659 -2.028392
99792480 -0.488156 -0.503876 0.020599 2.710244 9.314242 -1.438700 0.143836 -1.252559 -2.058809
119781494 -0.504527 -0.837022 0.029744 2.710244 9.314242 -1.438700 0.157134 -1.252559 -2.058809
139739990 -0.426420 -1.154288 0.261661 2.708757 9.307053 -1.487207 0.138045 -1.250224 -2.072900
159698486 -0.410633 -1.679465 0.281072 2.699343 9.299838 -1.548205 0.120691 -1.247898 -2.091539
179656982 -0.763421 -1.760103 -0.050437 2.633663 9.285861 -1.734069 0.061497 -1.243436 -2.153071
199615478 -1.162466 -1.819823 -0.158079 2.633663 9.285861 -1.734069 0.086657 -1.243436 -2.153071
219573975 -1.842829 -2.083226 -0.466222 2.491349 9.284900 -1.937579 -0.026443 -1.243131 -2.231805
239532471 -2.418276 -2.669442 -0.321483 2.491349 9.284900 -1.937579 0.013253 -1.243131 -2.231805
259490967 -2.335859 -3.697901 0.254714 2.408749 9.287131 -2.029164 -0.011184 -1.243839 -2.270870
279449463 -2.751188 -4.878479 0.333012 2.320406 9.286481 -2.132456 -0.029845 -1.243632 -2.314011
299438476 -3.687608 -5.585634 -0.062602 2.223081 9.280804 -2.257206 -0.076883 -1.241836 -2.363811
319396973 -5.096959 -5.750074 -0.227310 2.120295 9.274469 -2.378853 -0.127346 -1.239842 -2.413600
339355469 -6.240856 -6.757736 0.053547 2.025914 9.268221 -2.483175 -0.151795 -1.237886 -2.457258
359313965 -6.732752 -8.295576 0.845758 1.964492 9.253533 -2.585203 -0.156728 -1.233334 -2.491786
379272461 -6.215774 -9.268370 1.663718 1.972934 9.216153 -2.709325 -0.150037 -1.222004 -2.512189
399230957 -5.586461 -10.059155 1.842197 2.053871 9.148643 -2.873035 -0.141095 -1.202389 -2.520951
419189453 -5.637219 -10.829727 1.333358 2.204381 9.058564 -3.041958 -0.142846 -1.177671 -2.514508
439147949 -5.618202 -11.457449 1.143742 2.438331 8.959137 -3.155756 -0.093177 -1.151996 -2.483745
459136963 -5.602397 -12.509871 1.562048 2.754451 8.856960 -3.183966 -0.040270 -1.127071 -2.428397
479095459 -5.738585 -14.141725 1.586181 3.156969 8.742042 -3.127403 0.033706 -1.100513 -2.351490
499053955 -6.120420 -15.932167 1.504728 3.660070 8.596802 -2.978133 0.093584 -1.068813 -2.253824
519012451 -6.276945 -17.780136 1.052906 4.270823 8.390047 -2.745465 0.213220 -1.026606 -2.142123
538970947 -6.057178 -19.866758 1.570267 4.975528 8.085958 -2.455970 0.338146 -0.969386 -2.029319
558929443 -5.501447 -22.985172 3.158943 5.764939 7.636808 -2.148257 0.468748 -0.892651 -1.927498
578887939 -4.537483 -28.887264 5.344683 6.667458 6.964869 -1.790529 0.553128 -0.789809 -1.833154
598846435 -0.553197 -35.009415 8.428796 7.731393 5.901043 -1.254446 0.649875 -0.645677 -1.731648
618804932 10.952723 -38.058266 10.693194 8.823767 4.244202 -0.546157 0.765011 -0.447583 -1.632614
638793945 23.189758 -36.111443 11.772449 9.587519 2.060811 0.054160 0.860043 -0.211722 -1.565147
658752441 26.599770 -32.136887 11.398003 9.798738 -0.181889 0.349374 0.952343 0.018549 -1.535156
678710937 21.923683 -32.511646 9.326850 9.559319 -2.129902 0.503318 1.002893 0.218934 -1.518193
698669434 18.515224 -34.111340 8.022688 8.103562 -5.467450 0.780812 1.393651 0.591401 -1.474739
718627930 19.715063 -32.646645 7.449808 8.103562 -5.467450 0.780812 1.005320 0.591401 -1.474739
738586426 21.536058 -31.368006 8.026598 6.919531 -6.891433 0.893669 0.985944 0.779228 -1.442356
758544922 25.484627 -30.376408 9.673635 5.490186 -8.063272 1.005924 0.926052 0.965309 -1.389584
778503418 28.124670 -28.854166 9.024062 3.942325 -8.898444 1.202559 0.803201 1.137029 -1.274724
798461914 30.352013 -21.840481 7.355137 2.418031 -9.389144 1.472241 0.569338 1.277950 -1.023888
818450928 27.905077 -15.149736 6.406600 -0.012204 -9.654162 1.722613 -0.228710 1.394218 0.007084
838409424 22.992104 -13.162981 7.524580 -0.012204 -9.654162 1.722613 -0.351865 1.394218 0.007084
858367920 19.137775 -11.620289 6.867723 -0.895766 -9.610608 1.733262 -0.793440 1.370508 0.477004
878326416 17.335636 -8.951363 4.911199 -1.671026 -9.495045 1.795043 -1.045178 1.318033 0.749633
898284912 16.338243 -6.311928 3.485186 -2.359843 -9.326335 1.902891 -1.168724 1.256524 0.892187
918243408 15.733734 -4.774501 2.409977 -3.480305 -8.903649 2.186982 -1.175094 1.138294 1.009764
938201904 14.491667 -3.863399 0.652136 -3.971933 -8.681890 2.240294 -1.220578 1.087153 1.057244
958160400 13.118071 -2.885785 -0.820545 -3.971933 -8.681890 2.240294 -1.220578 1.087153 1.057244
978118896 12.369986 -2.057281 -0.132665 -4.451706 -8.469206 2.150639 -1.327612 1.042404 1.120756
998107910 12.567131 -1.052116 0.174048 -4.901387 -8.249298 2.023824 -1.375788 0.999488 1.179212
1018066406 12.692226 -0.157753 -0.216729 -5.294133 -8.024286 1.937360 -1.389210 0.958359 1.219988
1038024902 12.687873 0.654261 -0.147740 -5.618665 -7.816157 1.873148 -1.397281 0.922355 1.249004
1057983398 11.800425 1.581343 -0.465731 -5.869230 -7.646307 1.804585 -1.390347 0.894197 1.272505
1077941894 10.612099 1.915613 -0.389604 -6.046617 -7.532758 1.693038 -1.391226 0.875912 1.297790
1097900391 8.891031 2.056655 -0.045662 -6.150199 -7.483211 1.531991 -1.409578 0.868058 1.326669
1117858887 7.347830 1.906282 -0.352471 -6.193944 -7.479534 1.364555 -1.402004 0.867478 1.353955
1137817383 6.192382 1.599885 -0.455695 -6.183547 -7.510221 1.237224 -1.407878 0.872330 1.373321
1157775879 4.651272 1.595227 -0.803117 -6.132124 -7.567677 1.139165 -1.415372 0.881491 1.387120
1177764892 3.102527 0.744963 -0.070458 -6.055980 -7.645442 1.021138 -1.416557 0.894056 1.403751
1197723389 1.968558 0.099676 0.633194 -5.966754 -7.728213 0.918112 -1.416404 0.907649 1.418122
1217681885 0.932756 0.636658 0.305667 -5.881169 -7.800470 0.857265 -1.422074 0.919711 1.426051
1237640381 0.855971 0.921382 0.191641 -5.806848 -7.862200 0.797943 -1.423210 0.930169 1.434237
1257598877 1.053032 0.968103 -0.082703 -5.729602 -7.921526 0.769056 -1.423886 0.940361 1.437369
1277557373 0.539286 0.784193 -0.543222 -5.629872 -7.992527 0.771003 -1.411041 0.952748 1.434694
1297515869 -0.761635 0.093671 0.046077 -5.507736 -8.080173 0.738937 -1.411797 0.968344 1.437429
1317474365 -2.124868 -0.116838 0.090484 -5.389469 -8.163333 0.695714 -1.411173 0.983476 1.442419
1337463379 -2.380967 -0.532248 -0.328592 -5.297242 -8.224816 0.679724 -1.407752 0.994888 1.443177
1357421875 -1.893710 -0.245683 -1.097473 -5.238181 -8.261612 0.691094 -1.404529 1.001814 1.439620
1377380371 -1.533382 0.060692 -1.845356 -5.200827 -8.284588 0.698139 -1.400814 1.006178 1.437358
1397338867 -1.204103 -0.055213 -2.149348 -5.176651 -8.300845 0.684578 -1.394326 1.009284 1.439316
1417297363 -0.685545 0.278772 -2.052072 -5.159919 -8.311859 0.677210 -1.401378 1.011397 1.440298
1437255859 -0.482356 0.240746 -1.919741 -5.137671 -8.324975 0.685208 -1.387761 1.013922 1.438209
1457214355 -0.355522 0.077265 -1.392166 -5.106783 -8.344589 0.677482 -1.401604 1.017718 1.438903
1477172851 -0.083073 0.170248 -0.752789 -5.071105 -8.367526 0.662411 -1.408875 1.022186 1.440907
1497131348 0.017512 0.084517 -0.657368 -5.028342 -8.393857 0.655238 -1.416703 1.027357 1.441218
