0 -0.120432 -0.089793 -1.003530 -5.447081 8.134512 0.573942 0.469126 -0.978193 1.465817
19958497 -0.175287 -0.095769 -0.738160 -5.447081 8.134512 0.573942 0.450313 -0.978193 1.465817
39916993 -0.076718 -0.200919 -0.280116 -5.425767 8.150210 0.552730 0.436479 -0.981065 1.469275
59875489 0.250756 -0.419070 -0.313200 -5.385757 8.179404 0.511219 0.452825 -0.986440 1.476159
79833985 0.834261 -0.676655 -0.070854 -5.271059 8.259563 0.407366 0.462707 -1.001427 1.493666
99822999 1.416646 -0.922355 0.200754 -5.271059 8.259563 0.407366 0.437470 -1.001427 1.493666
119781495 2.062156 -1.120545 -0.111189 -5.210887 8.301201 0.327282 0.455383 -1.009352 1.508071
139739991 2.841309 -1.347984 -0.616261 -5.152869 8.340664 0.227271 0.398969 -1.016956 1.526719
159698487 2.843034 -1.348927 -0.720652 -5.110335 8.368889 0.128669 0.448771 -1.022453 1.545624
179656983 3.368681 -1.660719 -0.399216 -5.044103 8.409940 -0.017544 0.476566 -1.030537 1.574274
199615479 3.927614 -2.280464 -0.632354 -5.044103 8.409940 -0.017544 0.436378 -1.030537 1.574274
219573975 4.987842 -2.824867 -0.772731 -5.019253 8.424460 -0.077207 0.458444 -1.033422 1.586177
239532471 5.151802 -3.023480 -0.712617 -5.024517 8.420446 -0.143860 0.442903 -1.032623 1.599420
259490967 4.950699 -2.897246 -1.095042 -5.068628 8.392189 -0.224859 0.439663 -1.027028 1.615130
279479981 5.131735 -3.212234 -0.723906 -5.145433 8.344134 -0.265177 0.452040 -1.017629 1.622287
299438477 5.951043 -4.340696 -0.140125 -5.365065 8.203850 -0.288637 0.437507 -0.990974 1.624544
319396973 6.340249 -5.385796 0.048914 -5.365065 8.203850 -0.288637 0.377862 -0.990974 1.624544
339355469 6.921579 -6.134869 0.111070 -5.512541 8.101672 -0.381031 0.414976 -0.972224 1.639807
359313965 7.907427 -6.806132 -0.356245 -5.689642 7.969016 -0.541431 0.415440 -0.948623 1.665671
379272461 8.716677 -7.441723 -0.611273 -5.914282 7.788761 -0.725859 0.422245 -0.917744 1.692916
399230957 9.038062 -8.314133 -0.016886 -6.195529 7.548299 -0.899432 0.433638 -0.878390 1.714963
419189454 9.297240 -9.634798 0.874742 -6.534632 7.235386 -1.057429 0.425117 -0.829811 1.731225
439147950 9.222155 -10.784067 1.355070 -6.928642 6.829465 -1.233983 0.414471 -0.770385 1.747047
459136963 8.707034 -12.107353 0.941627 -7.368027 6.308310 -1.444923 0.422190 -0.698760 1.764446
479095459 8.613066 -14.060529 0.346477 -7.840786 5.657013 -1.640323 0.426264 -0.614873 1.777026
499053956 8.570804 -16.227903 0.134397 -8.337514 4.853271 -1.761250 0.454514 -0.517715 1.778980
519012452 8.341688 -19.016214 1.100005 -8.824642 3.882643 -1.794756 0.407697 -0.407069 1.771440
538970948 8.567203 -22.612045 3.702680 -9.556087 1.305537 -1.774022 0.441676 -0.133524 1.754350
558929444 7.383033 -26.189480 6.398275 -9.556087 1.305537 -1.774022 0.441676 -0.133524 1.754350
578887940 4.202262 -30.156357 6.206896 -9.633253 -0.399069 -1.792084 0.426022 0.040705 1.754725
598846436 0.812128 -34.747982 6.152137 -9.381801 -2.313742 -1.672962 0.482552 0.238182 1.747261
618804932 -1.987278 -33.543343 7.095761 -7.558527 -6.212734 -0.664075 1.465078 0.686097 1.658429
638793946 -5.690406 -31.971640 8.611364 -7.558527 -6.212734 -0.664075 0.486996 0.686097 1.658429
658752442 -11.184242 -30.806215 6.295904 -5.937442 -7.804675 0.065014 0.748442 0.920419 1.559847
678710938 -16.396984 -30.109394 2.102043 -2.190357 -9.463523 1.347015 1.354699 1.305484 1.019438
698669434 -19.896051 -29.805462 0.526886 -0.547582 -9.623592 1.804719 2.131301 1.377276 0.294589
718627930 -21.038591 -29.767654 1.141182 0.798842 -9.526058 2.187798 2.784202 1.331005 -0.350094
738586426 -20.616196 -24.612871 3.380897 1.839605 -9.291973 2.538792 3.082376 1.245379 -0.627045
758544922 -19.542307 -19.828674 6.253567 1.839605 -9.291973 2.538792 3.082376 1.245379 -0.627045
778503418 -17.893997 -15.885738 6.951291 2.620506 -8.986637 2.922960 -3.091508 1.158947 -0.730892
798461915 -16.254049 -13.561247 4.928895 3.194709 -8.644586 3.351919 -3.106189 1.079035 -0.761389
818450928 -14.032719 -12.195166 1.968648 3.645697 -8.291372 3.759312 3.123489 1.007472 -0.770056
838409424 -11.326174 -11.267340 -1.238864 4.087168 -7.931051 4.069874 3.085619 0.942010 -0.787518
858367920 -9.324702 -10.303688 -2.773384 4.594902 -7.572712 4.208478 3.028463 0.882299 -0.829265
878326416 -8.871681 -8.727035 -3.214262 5.157298 -7.199223 4.212347 2.997325 0.824364 -0.885911
898284913 -9.490264 -6.609559 -4.875705 5.693489 -6.790915 4.199768 2.980534 0.764922 -0.935250
918243409 -10.321423 -4.633082 -5.615318 6.168839 -6.387819 4.160717 2.957307 0.709397 -0.977409
938201905 -10.443172 -3.195925 -4.750195 6.567382 -6.050137 4.054099 2.885351 0.664852 -1.017747
958160401 -9.570572 -2.220938 -3.787125 6.881467 -5.799627 3.896167 2.947707 0.632791 -1.055614
978118897 -8.696344 -1.561456 -2.725249 7.257997 -5.528107 3.596097 2.979234 0.598871 -1.110782
998107911 -7.915809 -1.545259 -1.492699 7.257997 -5.528107 3.596097 2.940032 0.598871 -1.110782
1018066407 -7.138522 -1.535428 -1.168054 7.345407 -5.474278 3.499666 2.965536 0.592240 -1.126171
1038024903 -6.293766 -1.473952 -0.611486 7.386257 -5.464478 3.428274 2.974227 0.591036 -1.136244
1057983399 -5.219873 -1.129668 0.167239 7.399920 -5.489648 3.357876 2.960542 0.594130 -1.144810
1077941895 -4.062735 -1.004238 0.976961 7.368024 -5.591709 3.258129 2.975709 0.606744 -1.154449
1097900391 -3.117276 -1.009229 1.450718 7.368024 -5.591709 3.258129 2.980448 0.606744 -1.154449
1117858887 -2.684302 -1.128118 1.393777 7.341913 -5.638391 3.236549 2.983359 0.612550 -1.155593
1137817383 -2.319588 -0.915036 0.564290 7.319247 -5.675437 3.223109 2.936839 0.617175 -1.155987
1157775879 -2.188409 -0.420722 0.150220 7.298208 -5.714433 3.201843 2.939878 0.622059 -1.157365
1177764893 -1.554659 -0.249813 -0.212181 7.262817 -5.767537 3.187068 2.932223 0.628739 -1.157279
1197723389 -0.636434 -0.410062 -0.754393 7.207348 -5.836586 3.187285 2.903991 0.637472 -1.154425
1217681885 0.433808 -0.456483 -1.101002 7.138016 -5.917565 3.193985 2.878928 0.647788 -1.150056
1237640381 1.223257 -0.366303 -1.141230 7.072157 -5.995332 3.195464 2.868692 0.657770 -1.146416
1257598877 1.541868 -0.166554 -1.218606 7.012409 -6.059639 3.205817 2.858708 0.666083 -1.142001
1277557374 1.685327 -0.105146 -1.499461 6.958865 -6.108692 3.229314 2.838222 0.672461 -1.136314
1297515870 1.445239 -0.073882 -1.832288 6.917895 -6.143929 3.250425 2.829535 0.677063 -1.131552
1317474366 1.131186 0.102964 -1.907195 6.888112 -6.173881 3.256915 2.817803 0.680988 -1.129119
1337432862 1.354720 -0.044204 -1.727515 6.856974 -6.206900 3.259859 2.819742 0.685329 -1.127015
1357421875 1.484241 -0.334145 -1.662546 6.818669 -6.240563 3.275900 2.808706 0.689771 -1.122926
1377380372 1.337973 -0.188543 -1.697820 6.782439 -6.269368 3.296049 2.813136 0.693584 -1.118437
1397338868 0.725119 -0.111322 -1.648038 6.754604 -6.293813 3.306604 2.812889 0.696830 -1.115557
1417297364 -0.239372 -0.741285 -1.517147 6.725687 -6.323197 3.309484 2.817502 0.700744 -1.113516
1437255860 -0.558756 -0.466942 -1.565639 6.685171 -6.369169 3.303416 2.804569 0.706893 -1.111847
1457214356 -0.344653 -0.098881 -1.108905 6.637725 -6.434975 3.271404 2.805074 0.715752 -1.112885
1477172852 -0.247419 -0.990286 -0.160846 6.564041 -6.527390 3.236810 2.821469 0.728309 -1.112674
1497131348 -0.907423 -1.354887 -0.209724 6.381619 -6.701270 3.246276 2.822125 0.752327 -1.100220
