0 -0.129341 0.590135 1.212440 -1.067440 9.740524 -0.391334 0.772239 -1.454602 1.922191
19958496 -0.683153 0.612773 0.307216 -1.094596 9.737806 -0.383885 0.732279 -1.452235 1.908103
39916992 -1.116941 0.728055 -0.083637 -1.100799 9.735707 -0.417874 0.762645 -1.450439 1.933602
59875488 -1.384513 0.854202 0.142554 -1.038605 9.738975 -0.494013 0.822462 -1.453248 2.014775
79833984 -1.164024 0.734169 0.085635 -1.038605 9.738975 -0.494013 0.823623 -1.453248 2.014775
99792480 -0.645420 0.461677 0.168540 -0.974672 9.744807 -0.509047 0.863686 -1.458432 2.052105
119781494 -0.282458 0.178223 0.463707 -0.912222 9.751536 -0.495755 0.857534 -1.464727 2.068604
139739990 -0.201999 0.293858 0.998303 -0.867073 9.756479 -0.479258 0.869242 -1.469600 2.075733
159698486 -0.336715 0.301041 1.077471 -0.826814 9.759332 -0.492136 0.909759 -1.472522 2.107693
179656982 -0.503414 0.066175 0.553501 -0.777063 9.760413 -0.548546 0.962771 -1.473652 2.185486
199615478 -0.695291 -0.059439 -0.236617 -0.714294 9.760310 -0.629703 1.054114 -1.473543 2.293338
219573974 -0.321308 -0.296617 -0.727903 -0.635603 9.761440 -0.693319 1.161767 -1.474737 2.399598
239532471 0.600092 -0.570856 -0.466522 -0.548007 9.765190 -0.714953 1.305412 -1.478807 2.487619
259490967 0.748825 -0.764893 0.126631 -0.462074 9.769407 -0.718035 1.382201 -1.483617 2.569783
279449463 0.495165 -0.973317 0.249770 -0.369444 9.771168 -0.747117 1.475823 -1.485704 2.682360
299407959 0.704494 -1.348432 -0.151664 -0.252090 9.769083 -0.819669 1.589695 -1.483238 2.843223
319396972 1.259992 -1.735329 -1.064814 -0.108560 9.762872 -0.919203 1.764494 -1.476272 3.024035
339355469 1.879172 -2.673352 -1.213340 0.043540 9.755431 -1.000027 1.950245 -1.468547 -3.098081
359313965 2.008899 -3.553897 0.093314 0.179779 9.748042 -1.055343 2.030633 -1.461413 -2.972861
379272461 1.401929 -4.076032 1.746261 0.307746 9.735824 -1.135520 2.091165 -1.450539 -2.876933
399230957 -0.075015 -4.974865 1.810838 0.460299 9.708272 -1.306891 2.046258 -1.429031 -2.802951
419189453 -0.932790 -5.447739 0.667836 0.681594 9.659278 -1.550538 2.070943 -1.397213 -2.727433
439147949 0.347839 -6.846833 -0.559474 0.987182 9.592163 -1.785012 2.146456 -1.361264 -2.636419
459106445 3.102707 -8.288870 -0.652901 1.322248 9.521650 -1.939131 2.251955 -1.329120 -2.543134
479064941 5.228117 -9.520004 -0.370596 1.600989 9.459878 -2.029269 2.279640 -1.304071 -2.473627
499053955 6.311227 -10.750114 -0.169516 1.799573 9.411248 -2.088140 2.337009 -1.285862 -2.430284
519012451 6.932184 -11.652401 0.556273 1.893218 9.386054 -2.118513 2.338683 -1.276861 -2.412295
538970947 7.880449 -12.572802 0.830893 1.859423 9.388394 -2.137985 2.308836 -1.277686 -2.425768
558929443 9.291269 -14.394962 0.941056 1.666119 9.420133 -2.157669 2.224516 -1.289103 -2.484044
578887939 9.957462 -16.630577 1.266325 1.247877 9.479892 -2.178268 2.122683 -1.311927 -2.621356
598846435 8.914767 -19.078571 1.641122 0.531874 9.542528 -2.197190 1.848538 -1.338182 -2.904091
618804931 7.177629 -21.973183 2.560543 -0.486443 9.542735 -2.206798 1.415917 -1.338274 2.924633
638763428 4.935602 -25.529806 4.092920 -1.790467 9.382838 -2.219676 0.924278 -1.275731 2.462820
658752441 2.996264 -29.532812 4.543325 -3.347646 8.939358 -2.247561 0.630804 -1.147064 2.162059
678710937 2.253593 -34.832935 4.349367 -5.071487 8.089152 -2.239645 0.471118 -0.969962 1.986655
698669433 0.407447 -41.208355 5.093456 -6.826035 6.713638 -2.121953 0.361986 -0.754056 1.872188
718627930 -4.482288 -41.153301 7.089526 -8.394378 4.734540 -1.813544 0.291932 -0.503836 1.783569
738586426 -10.111226 -38.942234 9.756161 -9.451943 2.277431 -1.282364 0.277232 -0.234373 1.705645
758544922 -12.330009 -36.781311 12.697289 -9.778664 -0.334066 -0.660696 0.200154 0.034072 1.638259
778503418 -13.505339 -34.759892 13.604132 -9.383884 -2.835502 -0.270262 0.160185 0.293329 1.599589
798461914 -14.952830 -32.958233 12.913132 -8.380800 -5.091106 -0.114932 0.220852 0.545854 1.584509
818420410 -18.501810 -31.539604 13.563870 -6.862177 -7.005562 0.054844 0.257513 0.795721 1.562804
838409424 -21.628618 -30.591000 13.701348 -5.026277 -8.412779 0.363433 0.401114 1.031100 1.498615
858367920 -23.823425 -30.097076 10.984144 -3.112017 -9.259376 0.865845 0.668448 1.235138 1.299433
878326416 -23.529980 -29.939278 10.231036 -1.359462 -9.608102 1.416552 1.206285 1.369227 0.764836
898284912 -22.187099 -29.997143 9.681572 0.163344 -9.614437 1.925176 2.074983 1.372480 -0.084643
918243408 -20.002871 -30.183945 9.228191 1.487734 -9.417075 2.296896 2.503455 1.287984 -0.574767
938201904 -17.298038 -26.773287 6.856912 2.591578 -9.107685 2.550332 2.653210 1.190960 -0.793420
958160400 -15.582001 -23.642971 5.673327 3.540742 -8.746870 2.669419 2.711303 1.101601 -0.924794
978118896 -15.046185 -20.388069 5.506671 4.408825 -8.339977 2.679073 2.772995 1.016823 -1.024763
998077392 -15.184087 -17.345947 5.572123 5.213146 -7.868688 2.660307 2.815212 0.931277 -1.098937
1018066406 -16.536810 -14.648169 4.935374 5.946783 -7.318188 2.692632 2.852389 0.842407 -1.145626
1038024902 -18.143414 -12.806343 3.424973 6.578870 -6.707730 2.809841 2.822978 0.753229 -1.167148
1057983398 -18.555611 -11.358408 1.327890 7.095213 -6.079358 2.978209 2.806277 0.668643 -1.173382
1077941894 -18.494934 -9.739665 0.115196 7.544263 -5.456343 3.079416 2.757355 0.590037 -1.183258
1097900390 -18.071508 -7.906507 0.604891 7.951380 -4.857045 3.058604 2.730057 0.518158 -1.203581
1117858887 -18.086052 -6.525258 1.136912 8.303427 -4.272863 2.994350 2.733219 0.450828 -1.224695
1137817383 -17.648941 -5.527781 0.696172 8.581183 -3.706416 2.965832 2.710736 0.387580 -1.238029
1157775879 -17.218554 -4.497117 0.047043 8.777308 -3.171650 3.011624 2.688280 0.329340 -1.240268
1177734375 -16.950830 -3.125701 -0.976719 8.907712 -2.673616 3.110440 2.645022 0.276129 -1.234848
1197723388 -16.704796 -2.075533 -2.531259 8.984267 -2.243568 3.227962 2.615591 0.230824 -1.225869
1217681885 -16.166798 -0.954052 -4.485637 9.023227 -1.926061 3.322958 2.563761 0.197689 -1.217942
1237640381 -15.019444 -1.048151 -6.276775 9.035043 -1.778477 3.372746 2.532567 0.182363 -1.213520
1257598877 -11.560349 -2.202643 -6.267239 8.997854 -1.861154 3.427112 2.512466 0.190943 -1.206880
1277557373 -8.202307 -3.089087 -4.286343 8.888117 -2.117406 3.562073 2.518558 0.217629 -1.189628
1297515869 -5.723567 -3.545477 -3.054996 8.686037 -2.484104 3.814757 2.499892 0.256098 -1.156974
1317474365 -2.714692 -3.565549 -2.803767 8.440516 -2.940673 4.034913 2.482323 0.304551 -1.124870
1337432861 0.192160 -3.624644 -0.223638 8.207494 -3.477063 4.088701 2.436556 0.362445 -1.108616
1357391357 4.163321 -4.233623 1.085788 7.953970 -4.057002 4.055302 2.429722 0.426513 -1.099303
1377380371 5.851965 -4.638524 -1.342824 7.707746 -4.534337 4.025025 2.408952 0.480670 -1.089543
1397338867 6.316306 -3.528243 -3.279673 7.326073 -5.203585 3.927053 2.401328 0.559329 -1.078736
1417297363 5.898161 -2.746543 -3.280059 7.326073 -5.203585 3.927053 2.376325 0.559329 -1.078736
1437255859 4.780412 -2.489153 -3.826974 7.142578 -5.455696 3.922926 2.327265 0.589958 -1.068544
1457214355 4.225260 -1.139030 -4.713848 6.954984 -5.672438 3.952473 2.326068 0.616800 -1.054017
1477172851 2.729328 -0.361860 -3.996040 6.766333 -5.894496 3.955002 2.319847 0.644841 -1.041843
1497131347 1.822975 -1.037120 -2.190928 6.534345 -6.157441 3.944444 2.283198 0.678832 -1.027699
