0 -0.264368 -0.057648 -0.220707 -0.672492 9.724836 -1.070379 -1.861648 -1.441534 2.580642
19958496 -0.195525 0.076451 -0.160422 -0.672492 9.724836 -1.070379 -1.885798 -1.441534 2.580642
39916992 -0.368224 -0.001169 -0.017643 -0.683969 9.724261 -1.068326 -1.873991 -1.441080 2.572120
59875488 -0.312559 -0.063197 -0.162887 -0.703010 9.720311 -1.091657 -1.874915 -1.438003 2.569458
79833984 -0.356257 -0.024691 -0.193488 -0.720589 9.715340 -1.123973 -1.868286 -1.434227 2.571493
99792480 -0.400188 -0.110398 -0.087647 -0.739357 9.710172 -1.155988 -1.864805 -1.430410 2.572571
119750976 -0.334365 -0.172805 -0.137014 -0.757910 9.705170 -1.185601 -1.845029 -1.426810 2.572803
139709472 -0.490618 -0.638293 0.007002 -0.780963 9.701131 -1.203555 -1.852739 -1.423967 2.566005
159667968 -0.770198 -0.827875 0.329444 -0.812060 9.695446 -1.228532 -1.856162 -1.420057 2.557523
179656982 -0.713209 -1.001464 0.364298 -0.859020 9.682912 -1.293713 -1.826237 -1.411772 2.555442
199615478 -0.546888 -1.474557 0.106584 -0.994245 9.646596 -1.457755 -1.862283 -1.389879 2.543023
219573974 -1.003727 -2.019174 -0.168636 -0.994245 9.646596 -1.457755 -1.830458 -1.389879 2.543023
239532470 -1.232605 -2.693769 -0.095652 -1.156070 9.612959 -1.557212 -1.869503 -1.371717 2.502975
259490966 -1.515801 -3.574432 0.067687 -1.249998 9.590157 -1.623814 -1.868945 -1.360283 2.485545
279449463 -1.860074 -4.147789 -0.147064 -1.249998 9.590157 -1.623814 -1.814818 -1.360283 2.485545
299407959 -2.337160 -4.625577 -0.937732 -1.355511 9.558908 -1.720542 -1.797267 -1.345542 2.474311
319366455 -3.380462 -5.745722 -1.791135 -1.458018 9.528797 -1.801836 -1.768045 -1.332184 2.461277
339355468 -4.429448 -6.798676 -1.967766 -1.525999 9.512820 -1.829744 -1.806428 -1.325386 2.446463
359313965 -5.042438 -7.942175 -2.211496 -1.544870 9.510532 -1.825804 -1.785836 -1.324427 2.439349
379272461 -5.567616 -9.228564 -2.435013 -1.515559 9.517723 -1.812846 -1.803649 -1.327452 2.445276
399230957 -6.210729 -10.675017 -2.513994 -1.434140 9.535181 -1.787163 -1.762761 -1.334954 2.465349
419189453 -6.667559 -12.341105 -2.435344 -1.295150 9.562185 -1.748595 -1.711352 -1.347043 2.504083
439147949 -6.523888 -13.945580 -1.852734 -1.075216 9.597990 -1.700852 -1.627150 -1.364140 2.577859
459106445 -6.097405 -15.876255 -1.073498 -0.739609 9.640144 -1.640426 -1.469207 -1.386258 2.718021
479064941 -4.931302 -17.722584 -0.711128 -0.247462 9.675946 -1.576456 -1.152291 -1.407347 2.985890
499023437 -3.021531 -19.211281 -0.311643 0.420472 9.680106 -1.512986 -0.740306 -1.409975 -2.870524
519012451 -1.189382 -21.043617 -0.236315 1.256623 9.616590 -1.453442 -0.261827 -1.373598 -2.428693
538970947 0.755259 -22.486626 0.037367 2.255263 9.442038 -1.390003 0.070326 -1.297253 -2.123142
558929443 2.244627 -24.794201 1.056740 3.370534 9.113826 -1.322145 0.278454 -1.192653 -1.944618
578887939 3.106477 -27.997276 1.424145 4.577726 8.582681 -1.245953 0.398856 -1.065828 -1.836537
598846435 4.739138 -31.561207 1.370952 5.868157 7.776448 -1.123373 0.545501 -0.915680 -1.759943
618804931 7.511354 -35.601761 2.539919 7.179638 6.612484 -0.947754 0.627590 -0.739997 -1.702043
638763427 12.886917 -38.199402 4.821370 8.390553 5.025405 -0.717141 0.735718 -0.538034 -1.656059
658721923 16.608725 -39.986767 6.057914 9.303728 3.073007 -0.409485 0.816168 -0.318729 -1.614781
678680420 19.480831 -37.962265 8.580783 9.767466 0.873339 0.065346 0.864378 -0.089174 -1.564106
698669433 21.520245 -35.921043 11.721467 9.675572 -1.431510 0.710258 0.989761 0.146497 -1.497520
718627929 22.698687 -33.979038 10.378479 7.912554 -5.698596 1.043016 1.602386 0.620074 -1.439734
738586425 27.024071 -32.264896 6.605391 7.912554 -5.698596 1.043016 1.008590 0.620074 -1.439734
758544922 33.065140 -30.956089 5.302548 4.678935 -8.572233 0.891504 1.406607 1.063630 -1.382517
778503418 35.602959 -30.096680 5.799220 4.678935 -8.572233 0.891504 0.875196 1.063630 -1.382517
798461914 33.638546 -22.379005 7.523950 3.089640 -9.266072 0.874301 0.781255 1.237217 -1.295028
818420410 29.782427 -16.570707 8.794546 1.791084 -9.613559 0.736140 0.698035 1.372026 -1.180841
838378906 24.820284 -13.375863 8.943367 0.807653 -9.761968 0.471246 0.608843 1.475299 -1.042615
858337402 20.317188 -12.295520 8.060760 0.092242 -9.804288 0.194461 0.039434 1.548848 -0.442917
878326416 18.171253 -10.681480 8.332685 -0.487093 -9.794543 0.007538 -1.941992 1.521100 1.555323
898284912 16.078257 -7.904269 8.403078 -1.020611 -9.753067 -0.080130 -2.014083 1.466212 1.649147
918243408 15.576810 -5.023152 8.291959 -1.552571 -9.681973 -0.139005 -2.006907 1.411168 1.660090
938201904 15.528641 -2.476049 6.789382 -2.064140 -9.585439 -0.170485 -1.967935 1.357993 1.653203
958160400 14.543086 -0.756099 4.137697 -2.516985 -9.477189 -0.134371 -1.898536 1.310852 1.624132
978118896 12.343218 0.051125 2.162660 -2.895278 -9.369434 -0.037789 -1.835642 1.271068 1.583847
998077392 9.904887 -0.140546 0.366461 -3.212230 -9.265279 0.081056 -1.782657 1.236970 1.545568
1018035888 8.526023 -0.115785 -0.512194 -3.511502 -9.154726 0.175315 -1.744532 1.204115 1.520912
1038024902 8.248127 0.377713 0.003036 -3.807931 -9.034468 0.220093 -1.743305 1.171306 1.513062
1057983398 7.544697 0.726714 0.433372 -4.087347 -8.911119 0.236477 -1.721860 1.140114 1.513005
1077941894 7.346497 0.921128 1.268252 -4.345379 -8.787345 0.265789 -1.722110 1.110813 1.509706
1097900390 7.255057 1.592062 1.463045 -4.574352 -8.667381 0.349561 -1.710627 1.083980 1.494527
1117858886 7.032968 2.110412 1.159726 -4.759987 -8.561584 0.460634 -1.677957 1.061399 1.474325
1137817382 6.136596 1.914515 0.927710 -4.884645 -8.486144 0.544051 -1.650174 1.045840 1.459874
1157775879 5.288169 2.123296 0.531095 -4.961894 -8.440364 0.557013 -1.650216 1.036599 1.459006
1177734375 4.586217 2.279116 0.508204 -4.956489 -8.445340 0.528997 -1.665161 1.037596 1.464471
1197692871 3.591847 2.182854 0.009194 -4.956489 -8.445340 0.528997 -1.637175 1.037596 1.464471
1217681884 2.548395 1.425948 -0.503343 -4.857461 -8.503730 0.511894 -1.617530 1.049429 1.465801
1237640381 1.324626 0.551895 -0.961824 -4.715715 -8.586080 0.460074 -1.622597 1.066545 1.473542
1257598877 -0.104814 0.048497 -0.915739 -4.557708 -8.674754 0.382508 -1.619990 1.085590 1.487067
1277557373 -1.243711 -0.496545 -0.241618 -4.406796 -8.755665 0.298095 -1.629921 1.103588 1.503255
1297515869 -1.748424 -0.880319 0.260109 -4.280854 -8.819111 0.260692 -1.636952 1.118164 1.509974
1317474365 -1.938734 -0.875951 -0.144839 -4.194220 -8.859240 0.304593 -1.623390 1.127613 1.498302
1337432861 -1.110812 -0.298388 -0.795714 -4.153761 -8.875427 0.378750 -1.585576 1.131478 1.479865
1357391357 -0.287576 0.376266 -1.515023 -4.137451 -8.879962 0.445155 -1.566021 1.132566 1.463617
1377380371 0.284107 0.342318 -2.254619 -4.118603 -8.885601 0.503596 -1.566997 1.133923 1.449127
1397338867 0.537806 0.457828 -2.682338 -4.088181 -8.897249 0.544164 -1.553589 1.136739 1.438468
1417297363 -0.123311 0.123734 -2.833469 -4.046721 -8.915782 0.550708 -1.528196 1.141255 1.435540
1437255859 -0.518419 -0.355024 -2.219037 -4.003797 -8.936980 0.519978 -1.542288 1.146475 1.441648
1457214355 -0.848089 -0.441162 -1.896865 -3.967017 -8.954280 0.504016 -1.539820 1.150780 1.444422
1477172851 -0.731965 -0.167164 -1.367064 -3.942532 -8.965703 0.492946 -1.537147 1.153646 1.446409
1497131347 -0.431254 0.116823 -0.800785 -3.923867 -8.974577 0.480227 -1.539930 1.155885 1.449016
