0 -0.077656 -0.671425 -2.010279 5.705149 7.896743 -1.123885 0.464391 -0.936086 -1.765301
19958496 -0.476456 -0.705836 -2.456389 5.705149 7.896743 -1.123885 0.477608 -0.936086 -1.765301
39916992 -0.506846 -0.465017 -1.329016 5.713248 7.895122 -1.093725 0.481299 -0.935808 -1.759944
59875488 -0.581433 -1.347488 0.240297 5.706671 7.910757 -1.012049 0.493727 -0.938500 -1.746316
79833984 -1.133233 -1.891939 0.007806 5.684193 7.933157 -0.961957 0.501286 -0.942375 -1.738442
99792480 -1.610979 -2.323437 -0.483254 5.642367 7.960738 -0.980166 0.493646 -0.947176 -1.742795
119781494 -2.284438 -2.286372 -0.113719 5.589913 7.992853 -1.018608 0.505771 -0.952805 -1.751041
139739990 -3.112113 -2.061262 0.653988 5.537817 8.027437 -1.031127 0.492167 -0.958918 -1.754886
159698486 -2.835838 -3.058754 0.628222 5.456380 8.081864 -1.040081 0.482425 -0.968648 -1.759154
179656982 -2.769270 -3.661807 0.129424 5.456380 8.081864 -1.040081 0.487292 -0.968648 -1.759154
199615478 -3.280967 -4.782208 0.069491 5.410148 8.111374 -1.051801 0.466948 -0.973982 -1.762814
219573974 -4.525597 -6.139514 -0.386030 5.215763 8.196835 -1.333458 0.389763 -0.989669 -1.821094
239532470 -6.448532 -7.423544 -0.307378 5.215763 8.196835 -1.333458 0.476257 -0.989669 -1.821094
259490967 -7.751281 -9.095333 0.323274 5.088511 8.229836 -1.596002 0.424686 -0.995828 -1.874727
279449463 -8.887049 -10.779160 1.045376 4.983415 8.231803 -1.890341 0.415171 -0.996197 -1.933355
299438476 -9.817244 -11.273948 1.402521 4.919147 8.194352 -2.196583 0.394072 -0.989208 -1.990767
319396972 -9.445202 -11.611525 2.218403 4.893375 8.030564 -2.781240 0.309471 -0.959474 -2.087632
339355468 -10.203952 -13.305588 4.221256 4.893375 8.030564 -2.781240 0.363717 -0.959474 -2.087632
359313965 -12.282442 -15.851818 6.879018 4.927414 7.938493 -2.978471 0.420265 -0.943302 -2.114496
379272461 -16.208948 -20.911882 9.741276 5.024644 7.798066 -3.180174 0.424843 -0.919307 -2.135067
399230957 -20.899940 -27.190683 11.115654 5.296800 7.500907 -3.442483 0.431997 -0.870854 -2.147114
419189453 -20.915924 -33.557152 10.846416 5.984248 6.919516 -3.532626 0.466396 -0.783261 -2.104068
439147949 -15.636498 -42.631283 12.469589 7.132392 5.923651 -3.195265 0.533998 -0.648566 -1.991980
459106445 -3.971003 -40.751991 16.239788 8.486719 4.273988 -2.424669 0.669870 -0.450955 -1.849084
479095459 9.198491 -38.314514 18.208527 9.544238 1.863787 -1.266573 0.767140 -0.191217 -1.702731
499053955 22.981699 -35.782909 17.068274 9.744024 -1.105441 0.048583 0.855295 0.112964 -1.565810
519012451 33.072975 -33.504448 20.775026 8.851585 -4.079218 1.086194 0.894834 0.429003 -1.448695
538970947 34.702991 -31.939381 21.224461 7.075215 -6.579123 1.681326 0.861771 0.735400 -1.337488
558929443 36.266281 -31.004559 12.632922 5.055713 -8.144397 2.068566 0.739816 0.980000 -1.182423
578887939 37.657944 -30.454216 13.645159 3.228838 -8.967815 2.307222 0.506563 1.154178 -0.950360
598846435 35.163692 -23.498285 18.780308 0.460535 -9.502115 2.380778 -0.035464 1.320933 -0.191079
618804931 28.109991 -16.194529 17.224176 0.460535 -9.502115 2.380778 -0.146786 1.320933 -0.191079
638763427 22.441265 -13.715793 12.328825 -0.455759 -9.505678 2.367437 -0.458224 1.322406 0.190185
658752441 19.487207 -13.121869 7.301608 -1.170992 -9.446804 2.357339 -0.683297 1.299059 0.461039
678710937 17.705673 -10.547351 4.180881 -2.367279 -9.252564 2.226303 -0.854688 1.233035 0.816078
698669433 16.761747 -5.896790 2.718926 -2.367279 -9.252564 2.226303 -0.882646 1.233035 0.816078
718627929 15.955259 -2.749427 3.306371 -2.880090 -9.160255 1.991284 -0.986878 1.205691 0.965868
738586426 15.471406 -0.657170 3.580056 -3.288846 -9.069594 1.759645 -1.066683 1.180618 1.079516
758544922 14.756176 0.243540 2.960681 -3.576858 -8.982577 1.640052 -1.115179 1.157914 1.140882
778503418 13.910418 0.105294 2.750236 -3.753036 -8.910133 1.641532 -1.144978 1.139874 1.158480
798461914 12.238565 -0.152852 2.932241 -3.854143 -8.855813 1.700158 -1.151270 1.126799 1.155347
818420410 11.844965 0.930064 3.134684 -3.936580 -8.811960 1.738701 -1.165439 1.116500 1.154884
838409424 11.473377 2.257905 2.501913 -3.986095 -8.787030 1.752006 -1.182534 1.110740 1.156684
858367920 10.321211 2.284721 1.868440 -3.961455 -8.797854 1.753571 -1.179193 1.113233 1.154064
878326416 8.326861 1.426745 1.118762 -3.630997 -8.917242 1.862538 -1.159812 1.141612 1.096839
898284912 6.608093 0.587071 0.277677 -3.630997 -8.917242 1.862538 -1.126533 1.141612 1.096839
918243408 4.649064 0.406119 -0.127127 -3.380514 -8.999066 1.938898 -1.083323 1.162124 1.050052
938201904 2.773912 -0.110733 -0.282025 -3.101762 -9.094678 1.958644 -1.030209 1.187399 1.007564
958160400 0.874722 -1.135828 -1.133819 -2.798176 -9.194222 1.951118 -0.978063 1.215518 0.961897
978118896 -0.359221 -1.526137 -1.142195 -2.492395 -9.286244 1.929774 -0.924349 1.243557 0.911946
998077392 -1.625810 -1.848243 -1.457021 -2.190691 -9.362548 1.927163 -0.848776 1.268698 0.849307
1018066406 -2.445444 -2.241870 -0.869115 -1.904886 -9.422405 1.939093 -0.764264 1.289938 0.776500
1038024902 -1.842035 -1.893424 -0.669626 -1.660935 -9.459390 1.982831 -0.704312 1.303882 0.697285
1057983398 -1.300049 -1.401502 -1.393597 -1.433898 -9.478365 2.067589 -0.626272 1.311319 0.606358
1077941894 -0.528916 -1.046309 -1.706115 -1.208691 -9.490895 2.152296 -0.531215 1.316346 0.511692
1097900390 0.231039 -0.863785 -1.740831 -0.968310 -9.503353 2.217887 -0.445443 1.321444 0.411648
1117858886 0.742368 -0.549486 -1.592880 -0.410311 -9.529330 2.279009 -0.265978 1.332414 0.178131
1137817383 0.742873 -0.291965 -1.441513 -0.410311 -9.529330 2.279009 -0.232034 1.332414 0.178131
1157775879 0.826264 -0.282085 -0.828581 -0.080729 -9.538533 2.276020 -0.102394 1.336421 0.035454
1177734375 0.874588 -0.565250 -0.215748 0.282306 -9.538298 2.260874 0.050850 1.336318 -0.124223
1197723388 0.735889 -0.863604 -0.066831 0.676757 -9.519773 2.255280 0.195262 1.328322 -0.291527
1217681884 0.983115 -0.850178 -0.176067 1.081074 -9.488652 2.228706 0.345506 1.315439 -0.451631
1237640381 1.511932 -0.441828 0.492705 1.452017 -9.457989 2.146739 0.458491 1.303341 -0.594699
1257598877 2.647366 -0.068029 2.880715 1.818697 -9.430352 1.982721 0.601168 1.292877 -0.742277
1277557373 4.013123 -0.022102 3.655414 2.211111 -9.369708 1.868144 0.705659 1.271161 -0.869277
1297515869 3.975524 -0.872050 4.029022 2.671501 -9.259041 1.817586 0.801390 1.235034 -0.973373
1317474365 3.441545 -2.252813 3.440933 3.169438 -9.098208 1.829656 0.847328 1.188362 -1.047250
1337432861 4.397775 -2.300969 3.465310 3.642129 -8.913308 1.859630 0.888793 1.140649 -1.098714
1357391357 6.187628 -1.758801 4.027747 4.075870 -8.718175 1.884439 0.937915 1.095170 -1.137728
1377380371 5.687948 -2.537605 4.475920 4.525349 -8.483004 1.931387 0.967914 1.045201 -1.167408
1397338867 5.795196 -3.685761 6.211455 4.980925 -8.207056 2.001249 0.991796 0.991571 -1.188754
1417297363 6.426616 -4.563916 6.098209 5.440144 -7.871508 2.148161 1.011032 0.931759 -1.194718
1437255859 6.247734 -5.437813 4.855298 5.928601 -7.452416 2.341702 0.993269 0.863213 -1.194622
1457214355 5.799957 -6.332702 4.545697 6.436636 -6.962269 2.503377 0.987571 0.789433 -1.199873
1477172851 6.140661 -7.382279 5.085994 6.934824 -6.425713 2.605535 0.976307 0.714501 -1.211397
1497131347 6.310770 -8.000247 5.980603 7.406845 -5.846684 2.669329 0.975833 0.638754 -1.224898
1517089843 6.624287 -9.481103 7.541606 7.841149 -5.225196 2.717369 0.979030 0.561931 -1.237196
