0 -0.238554 0.184019 -0.664659 -4.668558 8.609548 -0.500652 0.528177 -1.071520 1.677627
19958496 -0.270250 0.189240 -0.463767 -4.661504 8.614053 -0.488732 0.538130 -1.072481 1.675259
39916992 -0.205554 0.212009 -0.324747 -4.648089 8.621859 -0.478768 0.510530 -1.074149 1.673438
59875488 0.138008 0.050631 -0.516749 -4.620876 8.636199 -0.483692 0.509423 -1.077227 1.675092
79833984 0.254803 0.023130 -0.502483 -4.585855 8.654052 -0.497706 0.522159 -1.081083 1.678904
99792480 0.406618 -0.083804 -0.527563 -4.475958 8.708881 -0.539981 0.485452 -1.093105 1.690857
119750976 0.774993 -0.387540 -0.359685 -4.475958 8.708881 -0.539981 0.474263 -1.093105 1.690857
139739990 1.348974 -0.576694 -0.252800 -4.395066 8.747800 -0.574281 0.482994 -1.101811 1.700725
159698486 1.423837 -0.743669 0.061899 -4.305084 8.789008 -0.624489 0.466039 -1.111195 1.714850
179656982 1.668702 -0.946846 0.428685 -4.204614 8.832918 -0.686431 0.489341 -1.121394 1.732625
199615478 2.247427 -1.273337 -0.000592 -4.087718 8.880999 -0.767338 0.544025 -1.132815 1.756355
219573974 3.376610 -1.465357 -0.350261 -3.950893 8.935017 -0.852236 0.484769 -1.145989 1.783248
239532470 4.383154 -1.859526 0.367978 -3.804961 8.991330 -0.921215 0.514612 -1.160144 1.808334
259490966 4.493077 -2.053085 1.145501 -3.681450 9.033084 -1.010306 0.535638 -1.170943 1.838634
279449463 4.554656 -2.639718 1.046910 -3.576262 9.057302 -1.160182 0.471834 -1.177335 1.884496
299407959 4.547594 -3.593257 0.886729 -3.490703 9.065070 -1.345324 0.576757 -1.179407 1.938655
319396972 4.253755 -4.191957 -0.287563 -3.448690 9.050574 -1.537540 0.578570 -1.175550 1.990180
339355468 4.024618 -4.276620 -1.602292 -3.456500 9.017060 -1.707518 0.583129 -1.166767 2.029634
359313965 4.082614 -4.346386 -0.971802 -3.520578 8.975595 -1.792934 0.626297 -1.156143 2.041835
379272461 4.713696 -5.225593 -0.253697 -3.609913 8.934367 -1.820984 0.623427 -1.145828 2.037990
399230957 4.702741 -6.017643 0.589630 -3.695529 8.888785 -1.871617 0.560152 -1.134691 2.039594
419189453 5.426199 -6.524891 1.431091 -3.723429 8.845984 -2.013714 0.634302 -1.124471 2.066566
439147949 7.552320 -7.869854 0.850927 -3.700280 8.799680 -2.245878 0.710108 -1.113654 2.116309
459106445 9.256522 -9.519258 -0.010024 -3.760602 8.711326 -2.478119 0.626322 -1.093648 2.153450
479064941 9.475428 -10.752075 0.498198 -4.017112 8.553374 -2.621642 0.680738 -1.059685 2.149010
499023437 8.226445 -11.556057 1.144632 -4.477993 8.308502 -2.662094 0.656209 -1.010752 2.107150
519012451 7.051975 -12.629392 1.759822 -5.067012 7.966446 -2.651696 0.573977 -0.948173 2.052930
538970947 6.056845 -13.787386 2.542202 -5.725865 7.513214 -2.633720 0.574562 -0.872805 2.001909
558929443 5.199910 -15.579044 3.052159 -6.429311 6.931762 -2.604806 0.477264 -0.785025 1.955731
578887939 4.363894 -17.235706 3.736465 -7.164589 6.185230 -2.565537 0.398472 -0.682478 1.914656
598846435 3.478054 -19.129927 3.822878 -7.889458 5.232661 -2.558535 0.449789 -0.562831 1.884393
618804931 2.107869 -21.346090 3.871226 -8.551136 4.051066 -2.576303 0.351922 -0.425849 1.863429
638763427 -1.232684 -24.208746 3.383842 -9.102294 2.624153 -2.536231 0.347654 -0.270890 1.842540
658721924 -5.450907 -27.004911 5.045409 -9.470208 1.012170 -2.336888 0.435064 -0.103397 1.812725
678710937 -8.545878 -27.472885 6.340967 -9.555947 -0.702152 -2.088360 0.483480 0.071661 1.785954
698669433 -10.089993 -28.735531 4.562938 -9.316040 -2.443306 -1.847166 0.402084 0.251800 1.766536
718627929 -9.678789 -28.036924 1.777645 -8.762123 -4.121581 -1.551828 0.606452 0.433759 1.746085
738586425 -10.997043 -26.942190 2.498039 -7.921823 -5.666051 -1.144978 0.700489 0.616002 1.714337
758544922 -13.191765 -26.611839 3.956393 -6.840851 -7.004302 -0.559368 0.645427 0.795538 1.652384
778503418 -15.121938 -25.562902 2.632331 -5.571501 -8.067895 0.194515 0.917601 0.966138 1.535898
798461914 -15.154764 -22.114239 1.488665 -4.204032 -8.806062 0.974567 1.058619 1.115131 1.343003
818420410 -14.976906 -20.229210 2.998713 -2.832721 -9.255555 1.575047 1.157109 1.233957 1.063344
838378906 -14.087622 -18.850910 3.852174 -1.547846 -9.474275 2.003169 1.680122 1.309698 0.657871
858367920 -13.143238 -17.034225 4.372876 -0.352817 -9.526227 2.301501 2.159060 1.331078 0.152114
878326416 -12.978190 -15.741653 5.247434 0.770074 -9.453513 2.491678 2.444280 1.301619 -0.299747
898284912 -12.830157 -14.546808 5.286036 1.809990 -9.274764 2.621654 2.840368 1.239934 -0.604254
918243408 -13.050615 -12.886446 6.185559 2.776581 -9.010826 2.695549 2.981377 1.165153 -0.800205
938201904 -13.785801 -10.845268 5.949691 3.653970 -8.670493 2.764316 2.965174 1.084659 -0.923133
958160400 -14.150185 -8.826372 4.447814 4.409260 -8.280603 2.856646 3.080786 1.005419 -0.995917
978118896 -14.191519 -7.531105 3.659871 5.038228 -7.889382 2.923064 3.097541 0.934821 -1.045080
998077392 -13.667162 -6.458259 2.395211 5.540800 -7.525059 2.973784 3.020442 0.874686 -1.078216
1018035888 -12.745537 -4.889309 0.459026 5.936760 -7.201310 3.011045 3.057102 0.824678 -1.101416
1038024902 -11.252461 -3.723071 -0.306589 6.510415 -6.727790 2.919198 3.031970 0.756037 -1.149283
1057983398 -10.155875 -2.991224 -0.728420 6.700501 -6.561844 2.866333 3.008960 0.733027 -1.166574
1077941894 -9.654089 -2.451130 -2.071314 6.700501 -6.561844 2.866333 3.008960 0.733027 -1.166574
1097900390 -9.856911 -1.871397 -3.466090 6.833483 -6.443569 2.820339 2.991314 0.716914 -1.179370
1117858886 -9.950321 -1.038609 -3.521301 6.881210 -6.451284 2.683330 2.976136 0.717958 -1.198983
1137817382 -8.571397 -0.470854 -2.786642 6.789717 -6.579226 2.604593 2.991355 0.735414 -1.204500
1157775879 -6.445199 -0.568671 -1.924694 6.789717 -6.579226 2.604593 2.991355 0.735414 -1.204500
1177734375 -3.925881 -0.995367 -0.708006 6.662409 -6.749135 2.496374 2.957167 0.759033 -1.212293
1197692871 -2.366197 -1.137761 0.383100 6.530831 -6.912887 2.393874 2.978709 0.782308 -1.219455
1217681884 -1.796739 -0.752491 0.043704 6.410477 -7.040213 2.347677 2.982922 0.800784 -1.219741
1237640381 -1.082245 -0.182086 0.075711 6.307980 -7.144578 2.309711 2.981331 0.816194 -1.219801
1257598877 -0.314157 -0.117629 0.937228 6.222926 -7.237646 2.249900 2.992260 0.830153 -1.223869
1277557373 -0.160510 -0.378662 0.288024 6.149198 -7.306152 2.231116 2.992822 0.840565 -1.222737
1297515869 -0.010669 -0.091313 -0.533647 6.086060 -7.355182 2.243117 2.975085 0.848092 -1.217678
1317474365 -0.066556 0.234354 -0.600150 6.032445 -7.398336 2.246025 2.970804 0.854770 -1.214374
1337432861 0.199643 0.095849 -0.782595 5.970035 -7.447389 2.250660 2.956561 0.862425 -1.210280
1357391357 0.618821 0.074673 -1.005389 5.900900 -7.500663 2.256064 2.927034 0.870816 -1.205619
1377349853 1.047318 0.147471 -0.932946 5.831387 -7.555531 2.253726 2.923564 0.879546 -1.201997
1397308349 0.856833 0.203494 -0.699345 5.761519 -7.607810 2.257548 2.915951 0.887951 -1.197351
1417297363 0.710598 0.198886 -0.811377 5.688492 -7.658098 2.272659 2.902906 0.896119 -1.190705
1437255859 0.859385 0.348461 -0.622061 5.614669 -7.710444 2.279238 2.896312 0.904711 -1.185177
1457214355 0.508399 0.184248 -0.112224 5.537920 -7.763725 2.286133 2.888413 0.913553 -1.179292
1477172851 0.122233 0.078340 -0.221596 5.453295 -7.814283 2.317096 2.887544 0.922039 -1.169012
1497131347 -0.506057 0.097266 -0.639893 5.370760 -7.861555 2.349742 2.871804 0.930059 -1.158381
