0 0.090566 -0.055007 -0.374478 -0.169483 9.778934 -0.717024 -1.411057 -1.495594 2.909483
19958496 0.229242 0.063878 -0.018956 -0.163759 9.780667 -0.694349 -1.433447 -1.497985 2.909980
39916992 0.049027 -0.102768 -0.163470 -0.168389 9.781186 -0.685872 -1.407812 -1.498717 2.900843
59906006 0.049092 -0.149192 -0.042320 -0.194382 9.779975 -0.696187 -1.440352 -1.497023 2.869317
79864502 0.067792 -0.185293 0.122608 -0.194382 9.779975 -0.696187 -1.441979 -1.497023 2.869317
99822998 -0.274998 -0.201754 -0.099611 -0.213263 9.778729 -0.708058 -1.440573 -1.495319 2.849041
119781494 -0.386767 -0.184626 -0.100535 -0.257127 9.775011 -0.743932 -1.492699 -1.490447 2.808815
139739990 -0.479268 -0.228981 0.052135 -0.257127 9.775011 -0.743932 -1.466382 -1.490447 2.808815
159698487 -0.660246 -0.257447 0.015738 -0.279769 9.772557 -0.767608 -1.488831 -1.487388 2.792086
179656983 -0.709495 -0.346659 -0.378203 -0.300134 9.768673 -0.808283 -1.491783 -1.482762 2.786049
199615479 -0.693256 -0.429927 -0.349609 -0.322961 9.763505 -0.860264 -1.462591 -1.476958 2.782453
219604492 -0.844815 -0.733226 -0.320352 -0.353908 9.757600 -0.913458 -1.479788 -1.470736 2.771962
239562988 -1.278278 -1.285371 -0.455317 -0.389566 9.752930 -0.948151 -1.504772 -1.466078 2.751752
259521485 -1.981186 -1.864573 -0.401054 -0.421139 9.750704 -0.957501 -1.530747 -1.463928 2.727227
279479981 -2.761232 -2.416883 -0.839868 -0.441872 9.749544 -0.959966 -1.528415 -1.462825 2.710206
299438477 -3.040115 -3.079064 -1.231819 -0.442854 9.747773 -0.977341 -1.522966 -1.461162 2.716146
319396973 -2.854526 -3.672257 -1.144103 -0.422908 9.743955 -1.023167 -1.462879 -1.457660 2.749645
339355469 -2.654451 -4.612355 -1.081217 -0.354143 9.725891 -1.204989 -1.358117 -1.442372 2.855744
359313965 -2.888964 -5.449957 -1.573764 -0.354143 9.725891 -1.204989 -1.316553 -1.442372 2.855744
379272461 -3.492104 -6.202968 -1.886163 -0.296559 9.717297 -1.287087 -1.239323 -1.435701 2.915134
399261475 -3.922065 -7.431999 -1.530155 -0.209410 9.713913 -1.329067 -1.147829 -1.433163 2.985316
419219971 -4.254891 -8.153974 -1.203482 -0.073442 9.714297 -1.340680 -1.023267 -1.433449 3.086867
439178467 -3.754258 -8.003080 -0.861269 0.141246 9.714659 -1.332604 -0.847024 -1.433718 -3.035994
459136963 -2.791195 -8.748373 -0.610047 0.426946 9.708598 -1.315765 -0.640727 -1.429267 -2.827827
479095459 -2.582719 -9.517260 -0.470388 0.767358 9.692511 -1.279371 -0.383007 -1.418077 -2.601325
499053955 -3.481630 -10.238111 0.253584 1.144498 9.665228 -1.201616 -0.147475 -1.400762 -2.380536
519012451 -4.477795 -11.633947 1.404830 1.552900 9.617485 -1.123779 0.024485 -1.374064 -2.197229
538970947 -4.614290 -13.125737 1.084550 2.025294 9.527445 -1.138570 0.190154 -1.331602 -2.082939
558929444 -4.014244 -14.447353 0.027799 2.590374 9.372626 -1.270520 0.277318 -1.272171 -2.026797
578918457 -3.480484 -15.948190 -0.444463 3.976944 8.821555 -1.592001 0.493819 -1.118734 -1.951568
598876953 -3.268904 -17.422110 0.765366 3.976944 8.821555 -1.592001 0.400006 -1.118734 -1.951568
618835449 -3.248088 -19.257160 2.390087 4.784657 8.399240 -1.652340 0.442421 -1.028419 -1.903315
638793946 -3.002013 -22.008949 2.490386 5.668328 7.827356 -1.665219 0.530950 -0.924248 -1.856533
658752442 -2.499225 -26.134048 1.049356 6.620236 7.045364 -1.644902 0.555955 -0.801539 -1.814330
678710938 -0.954785 -30.523323 1.270997 7.610060 5.985382 -1.559675 0.610480 -0.656489 -1.772946
698669434 1.760322 -37.310936 4.442070 8.555281 4.579280 -1.416956 0.665271 -0.485846 -1.734930
718627930 7.911846 -39.502678 8.975029 9.344638 2.696423 -1.255961 0.717149 -0.278547 -1.704400
738586426 19.581253 -37.319710 10.184077 9.539219 -2.147817 -0.748712 1.338772 0.220806 -1.649124
758575440 28.077089 -35.396839 7.814890 9.539219 -2.147817 -0.748712 0.819763 0.220806 -1.649124
778533936 27.166115 -33.238033 4.144449 8.847510 -4.215969 -0.342865 0.840488 0.444392 -1.609530
798492432 24.089710 -32.467896 3.928356 7.894085 -5.818198 0.048834 0.878681 0.635141 -1.564610
818450928 23.511719 -31.339203 3.650053 6.742606 -7.112037 0.355783 0.848938 0.811362 -1.518079
838409424 24.828703 -28.136335 3.088825 4.172834 -8.846386 0.706603 1.054611 1.124566 -1.403053
858367920 24.956816 -23.087093 3.828682 3.004383 -9.310362 0.679140 0.947199 1.251297 -1.348483
878326416 23.236399 -18.138998 7.481945 3.004383 -9.310362 0.679140 0.794679 1.251297 -1.348483
898284912 21.058210 -14.590674 10.669235 1.986115 -9.586894 0.563206 0.775107 1.358697 -1.294478
918273926 19.153835 -11.950831 11.273364 1.103982 -9.733356 0.461960 0.716624 1.448458 -1.174488
938232422 17.564602 -9.683504 9.932748 0.324791 -9.793001 0.402519 0.277740 1.518030 -0.678932
958190918 15.836500 -8.049328 6.810034 -0.365820 -9.791823 0.395917 -1.081018 1.515800 0.745907
978149414 13.910582 -6.652912 4.017373 -0.986989 -9.747282 0.432116 -1.445191 1.460706 1.158123
998107910 12.390713 -5.095725 2.143372 -1.567613 -9.668959 0.473522 -1.531460 1.403025 1.277446
1018066406 11.646487 -3.601591 0.887114 -2.617452 -9.436713 0.517480 -1.503809 1.295251 1.375610
1038024903 11.224525 -2.156202 0.845483 -3.073530 -9.300434 0.475115 -1.539453 1.248089 1.417427
1057983399 10.978314 -1.148144 1.626235 -3.480602 -9.159178 0.406533 -1.582561 1.205383 1.454524
1077941895 10.734390 -1.040801 2.842969 -3.480602 -9.159178 0.406533 -1.647213 1.205383 1.454524
1097930908 10.702718 -0.472271 2.958248 -3.854891 -9.009629 0.369854 -1.664078 1.164843 1.475145
1117889404 11.044868 0.542540 2.342354 -4.206046 -8.851129 0.370247 -1.668956 1.125688 1.482995
1137847901 11.446138 1.300302 1.957548 -4.757361 -8.566293 0.395637 -1.619615 1.062385 1.487824
1157806397 11.658644 1.984566 1.616001 -4.757361 -8.566293 0.395637 -1.665138 1.062385 1.487824
1177764893 11.445053 2.523210 1.289995 -4.930833 -8.467488 0.398649 -1.652476 1.042057 1.490124
1197723389 10.273762 2.839779 0.836055 -5.022635 -8.414762 0.367868 -1.649886 1.031493 1.497685
1217681885 8.235646 1.959349 0.275894 -5.034502 -8.410270 0.302569 -1.629232 1.030602 1.510769
1237640381 6.678914 1.214267 -0.438217 -4.994613 -8.435835 0.246837 -1.659340 1.035693 1.521416
1257598877 4.986490 0.706981 -1.357614 -4.920251 -8.480168 0.219681 -1.633974 1.044626 1.526178
1277587891 3.751923 0.668370 -1.878383 -4.831291 -8.531620 0.201133 -1.636512 1.055168 1.529189
1297546387 2.616141 0.526275 -1.802106 -4.729148 -8.589201 0.176541 -1.632740 1.067204 1.533483
1317504883 1.475531 0.619603 -1.142191 -4.609100 -8.655113 0.124901 -1.639773 1.081313 1.543704
1337463379 -0.011680 0.510878 -0.311038 -4.468718 -8.729242 0.035725 -1.660803 1.097641 1.562802
1357421875 -1.590319 -0.161160 0.380488 -4.310406 -8.808542 -0.019182 -1.651347 1.115706 1.575246
1377380371 -2.744057 -0.580431 0.018784 -4.163135 -8.879107 0.012049 -1.666292 1.132361 1.567902
1397338867 -3.366369 -1.049990 -0.537515 -4.050911 -8.930588 0.071433 -1.655339 1.144894 1.553164
1417297363 -3.253593 -0.904053 -0.222778 -3.989538 -8.957661 0.119513 -1.648515 1.151627 1.540849
1437286377 -2.378224 -0.084129 -0.431763 -3.999016 -8.951338 0.227602 -1.608868 1.150045 1.513943
1457244873 -1.436818 0.246298 -0.326005 -3.999016 -8.951338 0.227602 -1.616574 1.150045 1.513943
1477203369 -0.395552 0.317447 -0.719352 -4.020038 -8.940309 0.283835 -1.601811 1.147300 1.500308
1497161865 -0.146658 0.482768 -1.427985 -4.027217 -8.935598 0.327071 -1.592389 1.146133 1.489759
