0 0.203257 -0.090466 -0.077794 -0.718339 9.780092 0.064530 0.391171 -1.497184 1.481205
19958496 0.204947 -0.147760 -0.245020 -0.721455 9.779926 0.054292 0.412288 -1.496953 1.495684
39947510 0.343787 -0.153434 -0.337866 -0.713558 9.780595 0.034609 0.428522 -1.497884 1.522332
59906006 0.706611 -0.311952 0.090583 -0.654678 9.784698 -0.038233 0.541238 -1.503874 1.629130
79864502 1.082017 -0.454904 0.007848 -0.654678 9.784698 -0.038233 0.526152 -1.503874 1.629130
99822998 1.208011 -0.644182 -0.500378 -0.618138 9.786641 -0.099690 0.634132 -1.506904 1.730694
119781494 1.483683 -0.994143 -0.646341 -0.586060 9.787939 -0.152234 0.715884 -1.509013 1.824938
139739990 1.848552 -1.323158 -0.551682 -0.537295 9.789833 -0.202196 0.814030 -1.512223 1.930725
159698486 2.490288 -1.854766 -0.484291 -0.537295 9.789833 -0.202196 0.820098 -1.512223 1.930725
179656982 2.603428 -2.310769 0.465881 -0.523411 9.790261 -0.217290 0.863265 -1.512975 1.964287
199615478 2.339381 -2.804990 0.803063 -0.517430 9.789318 -0.268155 0.916059 -1.511333 2.048933
219604492 2.469944 -3.295301 -0.355603 -0.512674 9.785963 -0.377444 1.052193 -1.505832 2.205424
239562988 3.488588 -4.134139 -0.566051 -0.500272 9.780867 -0.504752 1.239352 -1.498265 2.360652
259521484 4.845303 -5.391921 -0.565337 -0.490333 9.774228 -0.628031 1.303316 -1.489458 2.478703
279479980 5.410185 -6.113014 -1.476767 -0.517850 9.762070 -0.777311 1.355500 -1.475409 2.553908
299438477 5.340572 -6.370820 -2.196068 -0.612626 9.743181 -0.930319 1.363555 -1.456963 2.559257
319396973 5.881332 -6.964742 -2.387384 -0.759791 9.721622 -1.040761 1.336458 -1.439016 2.510993
339355469 6.355792 -8.001958 -1.809262 -0.950158 9.699523 -1.089422 1.253384 -1.422851 2.424369
359313965 6.269828 -9.266755 -0.974680 -1.188199 9.671716 -1.102943 1.134938 -1.404717 2.319000
379272461 6.601519 -10.474248 -0.729221 -1.479233 9.628921 -1.125230 1.002670 -1.380122 2.221101
399261475 7.424717 -11.411390 -0.799554 -1.831081 9.563053 -1.168561 0.944134 -1.347442 2.138818
419219971 8.127525 -12.589058 -0.683694 -2.262792 9.465188 -1.208460 0.818339 -1.306133 2.061317
439178467 8.798562 -13.911662 0.986526 -2.793767 9.324226 -1.193338 0.693536 -1.255829 1.974481
459136963 8.986794 -15.959324 3.040016 -3.446369 9.109911 -1.141251 0.612147 -1.191573 1.890577
479095459 8.514874 -18.118641 3.911453 -4.257216 8.760295 -1.141814 0.492938 -1.104638 1.832836
499053955 7.165356 -20.890503 4.552633 -5.242711 8.197651 -1.217739 0.448259 -0.989821 1.799022
519012451 6.368529 -24.689398 5.306669 -6.358311 7.343262 -1.348624 0.378972 -0.846256 1.779803
538970947 4.826595 -28.340315 5.946357 -7.525472 6.105857 -1.502055 0.338523 -0.672092 1.767804
558929443 1.866400 -32.685501 5.682822 -8.594416 4.438779 -1.613582 0.335970 -0.469712 1.756384
578918457 -1.839323 -36.916878 6.093549 -9.386531 2.363194 -1.574406 0.337033 -0.243374 1.736980
598876953 -5.608356 -37.122940 4.917847 -9.711976 -0.007433 -1.359357 0.375020 0.000758 1.709860
618835449 -9.316519 -35.223114 1.654588 -9.455901 -2.383696 -1.036498 0.427986 0.245529 1.679974
638793945 -12.321100 -33.631416 0.813992 -8.697701 -4.474075 -0.709260 0.478411 0.473752 1.652162
658752441 -13.442230 -32.379372 0.886125 -7.630664 -6.145434 -0.420706 0.540035 0.677260 1.625874
678710937 -15.577797 -28.152039 3.572446 -6.447291 -7.382864 -0.310064 0.563562 0.852370 1.618851
698669434 -17.341061 -24.426998 5.707295 -5.356365 -8.207766 -0.335157 0.612853 0.991703 1.633287
718627930 -15.378806 -23.506336 7.027227 -4.526867 -8.692497 -0.344055 0.647866 1.089483 1.646653
738586426 -10.347908 -24.619720 7.903502 -3.933630 -8.981145 -0.189710 0.785221 1.157550 1.618987
758544922 -6.093482 -26.258636 9.098868 -3.382151 -9.202978 0.191441 0.899338 1.218094 1.514253
778533936 -11.306755 -26.144222 -4.668376 -2.657398 -9.406748 0.788488 1.063781 1.284234 1.282357
798492432 -11.309793 -23.063585 0.759288 -1.428800 -9.614834 1.297650 1.261570 1.372685 0.833464
818450928 -14.437610 -19.429501 17.590729 0.111585 -9.749435 1.051871 2.050813 1.462723 -0.105687
838409424 -15.958497 -18.975777 8.000119 1.359360 -9.633621 1.231209 2.805421 1.382668 -0.834826
858367920 -16.725887 -16.353321 0.517404 2.360786 -9.343122 1.817459 2.918102 1.262109 -0.914710
878326416 -17.266325 -12.579547 -3.674425 3.131480 -8.955375 2.483038 2.961692 1.151054 -0.900382
898284912 -18.154892 -10.111564 0.651600 3.800553 -8.600116 2.786429 2.987264 1.069515 -0.938157
918243408 -17.588161 -7.952623 4.831858 4.454080 -8.285966 2.770259 3.008861 1.006441 -1.014386
938201904 -15.567721 -6.648725 4.357715 5.052805 -7.962609 2.690057 3.058145 0.947502 -1.081575
958190918 -13.720400 -5.549382 2.839735 5.570763 -7.622443 2.652427 3.056254 0.890320 -1.126424
978149414 -12.190876 -4.804846 1.354585 6.020588 -7.258880 2.689155 3.014268 0.833367 -1.150724
998107910 -11.127750 -4.403175 -0.388970 6.420836 -6.868404 2.787162 3.007927 0.775933 -1.161259
1018066406 -10.474237 -3.780167 -1.637326 6.794753 -6.457315 2.881806 2.995361 0.718775 -1.169669
1038024902 -10.471768 -3.099390 -1.879961 7.166904 -6.029448 2.907168 2.973015 0.662174 -1.185439
1057983398 -11.068953 -2.645994 -1.886002 7.521654 -5.588325 2.892362 2.970841 0.606324 -1.203690
1077941894 -11.293315 -2.223313 -2.526040 7.819461 -5.158856 2.900450 2.950205 0.553957 -1.215601
1097900391 -10.901994 -1.337669 -3.402205 8.044885 -4.772866 2.944484 2.951915 0.508305 -1.219933
1117889404 -10.085490 -0.287989 -2.932059 8.206532 -4.467597 2.977212 2.937601 0.473010 -1.222777
1137847900 -9.061075 0.247491 -2.558435 8.303806 -4.268352 2.999727 2.909727 0.450317 -1.224137
1157806396 -7.688114 0.422551 -3.116836 8.349714 -4.182121 2.993747 2.889807 0.440573 -1.226530
1177764893 -5.667448 0.258932 -2.690604 8.359786 -4.215290 2.918165 2.860788 0.444315 -1.234949
1197723389 -2.701756 -0.322053 -2.069676 8.336510 -4.340947 2.798064 2.844350 0.458556 -1.246971
1217681885 -0.391657 -0.766341 -1.451954 8.284388 -4.497879 2.703405 2.869287 0.476482 -1.255366
1237640381 0.223317 -0.807424 -0.998148 8.217119 -4.633211 2.680057 2.848977 0.492075 -1.255520
1257598877 0.605303 -0.561418 -1.222704 8.089164 -4.840157 2.703462 2.877174 0.516177 -1.248259
1277557373 0.516645 -0.280960 -1.034977 8.038051 -4.927937 2.697324 2.864977 0.526499 -1.247035
1297515869 0.227138 0.097558 -0.527262 8.038051 -4.927937 2.697324 2.853723 0.526499 -1.247035
1317504883 0.233017 0.223634 -0.910835 7.983105 -5.013963 2.701959 2.868523 0.536676 -1.244439
1337463379 0.391270 0.320864 -0.910658 7.925585 -5.106520 2.697953 2.838002 0.547694 -1.242690
1357421875 0.764299 0.104028 -1.082823 7.791813 -5.311115 2.692597 2.826476 0.572319 -1.238076
1377380371 0.812387 -0.156275 -1.503364 7.791813 -5.311115 2.692597 2.828060 0.572319 -1.238076
1397338867 0.621409 -0.115507 -1.625941 7.733183 -5.408576 2.667503 2.817414 0.584187 -1.238634
1417297363 0.313721 0.102706 -1.582071 7.679786 -5.501217 2.632089 2.789490 0.595555 -1.240613
1437255859 -0.239075 0.010950 -1.422063 7.619997 -5.595119 2.607812 2.829126 0.607167 -1.241058
1457214355 -0.569006 -0.029162 -1.149768 7.543315 -5.700816 2.601821 2.846515 0.620352 -1.238657
1477172852 -1.060953 0.068321 -1.304572 7.455059 -5.810761 2.612956 2.793503 0.634199 -1.233681
1497161865 -1.577305 -0.047606 -1.453717 7.362916 -5.925692 2.616107 2.803877 0.648827 -1.229400
