0 0.844699 -0.418667 -0.743290 -7.787591 5.166726 -2.971322 0.830437 -0.554901 1.935293
19958496 0.753145 -0.348230 -1.078662 -7.812098 5.130055 -2.970526 0.888695 -0.550508 1.934159
39916992 0.792573 -0.600835 0.094601 -7.842331 5.108552 -2.927614 0.874873 -0.547937 1.928084
59875488 0.899995 -0.604535 0.017408 -7.866732 5.100295 -2.876094 0.840018 -0.546951 1.921302
79864502 1.165378 -1.054503 0.096771 -7.873066 5.111609 -2.838426 0.806225 -0.548302 1.916815
99822998 2.051600 -1.689668 0.908906 -7.857104 5.149306 -2.814420 0.857133 -0.552813 1.914758
119781494 3.434637 -2.191586 0.862781 -7.815602 5.208302 -2.821410 0.895741 -0.559897 1.917234
139739990 4.348344 -2.014535 -0.111580 -7.778245 5.262309 -2.824429 0.884362 -0.566410 1.919110
159698487 4.605701 -2.653195 -0.633896 -7.771282 5.308797 -2.755761 0.893910 -0.572038 1.911571
179656983 4.773606 -3.385221 -1.486023 -7.770535 5.363301 -2.650316 0.909767 -0.578662 1.899496
199615479 4.990764 -4.433500 -0.654089 -7.738447 5.445888 -2.574714 0.877474 -0.588755 1.891992
219573975 7.102019 -5.316032 2.208454 -7.637972 5.571220 -2.606390 0.913619 -0.604203 1.899647
239532471 8.625725 -5.001314 2.934406 -7.447590 5.683325 -2.898898 0.906544 -0.618161 1.941992
259521485 7.694905 -5.472066 2.344857 -7.181937 5.730491 -3.428068 0.909466 -0.624076 2.016134
279479981 7.889950 -5.766646 3.048493 -6.917796 5.741343 -3.918093 0.890835 -0.625440 2.086128
299438477 8.965742 -6.758883 4.489097 -6.743617 5.734991 -4.219466 0.876385 -0.624641 2.129897
319396973 11.031126 -7.734649 3.238691 -6.700041 5.667477 -4.377161 0.887511 -0.616180 2.149490
339355469 13.191185 -8.212889 2.933323 -6.991428 5.237425 -4.456422 0.966330 -0.563406 2.138272
359313965 12.729553 -9.605481 3.061883 -6.991428 5.237425 -4.456422 0.883774 -0.563406 2.138272
379272461 12.108419 -10.937386 3.142630 -7.276657 4.827240 -4.463003 0.878911 -0.514663 2.120961
399230957 11.715153 -13.288415 3.662945 -7.627951 4.292013 -4.423050 0.824640 -0.452998 2.096266
419189453 11.152175 -15.603881 5.069385 -8.038020 3.610903 -4.303719 0.812265 -0.377083 2.062377
439178467 10.379436 -18.345255 7.374163 -8.458754 2.750729 -4.129571 0.761092 -0.284311 2.024960
459136963 8.089458 -22.547983 8.074236 -8.804580 1.648872 -3.991363 0.687100 -0.168941 1.996414
479095459 4.024180 -27.434649 9.507351 -9.006773 0.295519 -3.867959 0.637268 -0.030139 1.976430
499053955 0.620221 -30.949219 12.488086 -8.984816 -1.244859 -3.727439 0.586685 0.127284 1.964047
519012451 -1.882032 -34.578857 9.936757 -8.658847 -2.912081 -3.565745 0.585080 0.301497 1.961437
538970947 -4.751322 -33.612995 7.939835 -7.982608 -4.598530 -3.361825 0.606193 0.488067 1.969396
558929444 -10.378423 -32.240013 9.602155 -6.954096 -6.186728 -3.087934 0.595615 0.682675 1.988687
578887940 -16.132401 -31.139107 7.409503 -5.654645 -7.579040 -2.598754 0.641415 0.883315 2.001587
598846436 -18.795717 -30.335590 6.477478 -2.874285 -9.301931 -1.175988 0.606415 1.248571 1.959158
618835449 -21.257166 -29.801435 7.011261 -2.874285 -9.301931 -1.175988 0.606415 1.248571 1.959158
638793946 -25.759037 -29.549973 4.504079 -1.436516 -9.693410 -0.380274 0.667729 1.418680 1.829580
658752442 -29.373877 -29.522869 1.193059 -0.060798 -9.798714 0.389738 2.259074 1.530561 0.154750
678710938 -27.902048 -22.266308 -2.289450 1.078373 -9.696315 0.994473 -3.140308 1.420648 -0.825852
698669434 -24.062737 -15.698111 -0.042336 1.960554 -9.527143 1.249064 -3.083976 1.331472 -1.003545
718627930 -20.199337 -12.193431 4.860405 2.600764 -9.371627 1.256593 -3.035679 1.271825 -1.120709
738586426 -17.287619 -10.182635 3.940323 3.074908 -9.207741 1.390264 -3.031886 1.219502 -1.146171
758544922 -16.043396 -8.631490 -2.361328 3.496812 -8.992318 1.755253 -3.113152 1.160396 -1.105583
778503418 -14.672832 -6.473370 -5.856347 3.891237 -8.758178 2.079183 3.100550 1.104157 -1.080068
798492432 -13.985899 -4.760323 -5.549715 4.299269 -8.544994 2.160956 3.070770 1.057941 -1.105044
818450928 -13.938762 -3.468167 -3.620247 4.734812 -8.348374 2.014095 3.058467 1.018453 -1.168604
838409424 -13.722118 -1.967869 -2.423825 5.149861 -8.151862 1.787866 3.058699 0.981368 -1.236647
858367920 -13.959986 -0.866660 -2.038295 5.790233 -7.746572 1.623023 3.051475 0.910696 -1.297506
878326416 -14.478898 -0.278814 -2.741896 5.790233 -7.746572 1.623023 3.051475 0.910696 -1.297506
898284912 -14.242540 0.256846 -3.730710 5.986609 -7.580647 1.692542 3.044192 0.883573 -1.295266
918243408 -13.042074 0.443279 -2.902005 6.096677 -7.483318 1.732300 3.024440 0.868075 -1.293954
938201904 -11.711766 0.217751 -1.613124 6.121719 -7.459908 1.744909 3.033205 0.864389 -1.293124
958160401 -10.903702 0.479203 -2.149402 6.084129 -7.484583 1.770524 3.028689 0.868274 -1.287610
978149414 -9.651951 0.182504 -3.658939 5.992004 -7.560358 1.762743 3.015003 0.880319 -1.284685
998107910 -6.940775 -0.482010 -4.182508 5.824657 -7.713382 1.657555 2.989182 0.905196 -1.293550
1018066406 -3.369634 -1.421671 -4.045164 5.576919 -7.927420 1.491434 2.958555 0.941381 -1.309482
1038024903 0.822042 -2.194117 -5.056884 5.021325 -8.339046 1.190377 2.960461 1.016643 -1.338029
1057983399 3.190943 -1.629988 -3.095859 5.021325 -8.339046 1.190377 2.960461 1.016643 -1.338029
1077941895 3.169322 -0.941958 -0.528934 4.834832 -8.463543 1.078527 2.988413 1.041260 -1.351315
1097900391 2.148547 -0.354978 0.047780 4.704592 -8.534971 1.091546 2.988083 1.055862 -1.342813
1117858887 0.466528 -0.072543 0.702015 4.599696 -8.580734 1.176507 2.998989 1.065418 -1.320386
1137817383 -0.657979 0.041327 1.188837 4.360584 -8.686091 1.306719 2.980539 1.088075 -1.279646
1157806397 -1.389748 -0.110242 1.295689 4.360584 -8.686091 1.306719 2.980539 1.088075 -1.279646
1177764893 -1.668968 -0.141665 0.785414 4.214015 -8.757602 1.310292 2.973297 1.104027 -1.269336
1197723389 -1.437380 -0.150305 0.642789 4.040758 -8.844842 1.269425 2.971873 1.124201 -1.266404
1217681885 -1.646534 -0.479558 0.968885 3.637788 -9.029527 1.185124 2.945179 1.170012 -1.255858
1237640381 -2.242056 -0.390620 0.820930 3.637788 -9.029527 1.185124 2.953682 1.170012 -1.255858
1257598877 -2.851992 -0.019837 -0.059324 3.410604 -9.111983 1.228784 2.920814 1.192144 -1.224990
1277557373 -3.235320 -0.134772 -1.600500 3.150174 -9.191722 1.326283 2.858624 1.214786 -1.172302
1297515869 -3.260283 -0.414552 -2.598236 2.543106 -9.360123 1.446065 2.770944 1.267868 -1.053769
1317474365 -3.703461 -0.570804 -2.220152 2.543106 -9.360123 1.446065 2.770944 1.267868 -1.053769
1337463379 -4.536901 -0.548342 -1.412575 2.223676 -9.443244 1.432062 2.730221 1.297709 -0.998646
1357421875 -5.191302 -0.415052 -0.638553 1.881929 -9.522744 1.395014 2.693155 1.329587 -0.932907
1377380371 -6.088258 -0.708549 0.553518 1.503764 -9.597807 1.338354 2.616277 1.364050 -0.843532
1397338867 -6.459620 -1.090812 1.553130 1.069527 -9.664428 1.274891 2.467633 1.400280 -0.698024
1417297363 -6.270104 -1.782304 1.944019 0.051011 -9.741838 1.124442 1.831466 1.455764 -0.045334
1437255860 -6.143815 -3.050930 2.758758 -0.516904 -9.738303 1.033749 1.358265 1.452665 0.463671
1457214356 -6.221203 -4.563909 4.389334 -1.074067 -9.695322 1.008713 1.007657 1.419973 0.816766
1477172852 -7.178643 -5.584483 4.482227 -1.074067 -9.695322 1.008713 1.038118 1.419973 0.816766
1497131348 -8.254873 -6.099912 3.641927 -1.613210 -9.615199 1.056359 0.875945 1.372875 0.991042
