0 -0.213766 -0.427795 0.717273 -0.502458 9.792397 -0.163976 -2.271150 -1.516874 1.886246
19958496 -1.152387 -1.482998 -0.885560 -0.477686 9.789212 -0.336905 -2.005867 -1.511153 2.185060
39947509 -0.615795 -0.972086 -1.983138 -0.477686 9.789212 -0.336905 -2.000040 -1.511153 2.185060
59906005 -0.259210 -0.916896 -1.168299 -0.430086 9.790237 -0.369696 -1.872645 -1.512933 2.280829
79864502 -0.550469 -1.537892 -0.432399 -0.398838 9.792059 -0.356230 -1.846174 -1.516238 2.299826
99822998 -1.184439 -2.260387 -0.483968 -0.385533 9.793317 -0.335722 -1.879737 -1.518643 2.287242
119781494 -1.702347 -2.507304 -0.817194 -0.369590 9.794208 -0.327564 -1.849303 -1.520416 2.295985
139739990 -2.664055 -2.628698 -1.079843 -0.349980 9.794683 -0.334785 -1.835566 -1.521389 2.334008
159698486 -3.607967 -3.392302 -1.375369 -0.322186 9.794559 -0.364951 -1.726249 -1.521134 2.418350
179656982 -3.885949 -4.133257 -2.341990 -0.264022 9.793877 -0.425042 -1.547146 -1.519751 2.585755
199645996 -3.505701 -5.062907 -3.324844 -0.162402 9.793315 -0.484792 -1.315814 -1.518636 2.818350
219604492 -3.110314 -5.372777 -3.116930 -0.009137 9.794657 -0.484766 -1.042443 -1.521335 3.122746
239562988 -3.018313 -4.804189 -2.458459 0.183196 9.795945 -0.419866 -0.579494 -1.524067 -2.730172
259521484 -2.790034 -4.904202 -2.485222 0.397805 9.792667 -0.340301 -0.118339 -1.517388 -2.278445
279479980 -2.679733 -5.892508 -2.541507 0.621104 9.783511 -0.259849 0.181029 -1.502088 -1.967035
299438476 -2.419321 -7.246636 -1.816236 0.859041 9.767501 -0.168415 0.399324 -1.481412 -1.764392
319396972 -2.212304 -7.673635 -1.437927 1.132164 9.740808 -0.072600 0.525766 -1.454851 -1.634834
339355468 -1.649362 -6.906177 -1.588061 1.794391 9.639168 0.192396 0.776439 -1.385715 -1.463983
359313964 -1.852718 -6.702501 -2.303401 1.794391 9.639168 0.192396 0.698249 -1.385715 -1.463983
379302978 -1.655025 -7.535170 -1.773802 2.148283 9.557868 0.449910 0.808121 -1.345068 -1.364352
399261474 -1.183839 -7.962397 -0.578256 2.532217 9.441923 0.779972 0.886580 -1.297210 -1.271999
419219970 -0.366061 -8.303658 -0.429853 2.954317 9.287041 1.092371 0.954627 -1.243810 -1.216633
439178466 -0.204808 -8.848583 -0.252551 3.403273 9.095276 1.365309 0.975025 -1.187562 -1.189277
459136963 -1.052106 -8.879314 0.281209 4.379641 8.574930 1.860031 1.162437 -1.064197 -1.169180
479095459 -0.587542 -9.129179 0.308047 4.379641 8.574930 1.860031 1.026203 -1.064197 -1.169180
499053955 1.086128 -9.648970 0.262063 4.947186 8.207793 2.080352 1.051588 -0.991708 -1.172733
519012451 2.603675 -9.951862 0.319459 5.540066 7.763431 2.281930 1.217738 -0.913504 -1.180077
538970947 3.282690 -9.999907 0.977567 6.125848 7.241660 2.490530 1.059942 -0.830760 -1.184647
558959961 3.885410 -10.030404 1.386146 6.690144 6.648251 2.685725 1.094180 -0.744947 -1.189045
578918457 4.533051 -9.963272 0.971525 7.225226 5.997247 2.828340 1.103303 -0.658017 -1.197679
598876953 4.612287 -10.937974 0.743178 7.712772 5.296596 2.937618 1.136673 -0.570559 -1.206883
618835449 4.548178 -11.836244 2.024835 8.145215 4.518473 3.067451 1.144978 -0.478847 -1.210628
638793945 5.945050 -12.765211 2.650664 8.530576 3.633333 3.193516 1.161228 -0.379544 -1.212586
658752441 6.542825 -12.593814 1.535624 8.861438 2.689663 3.226609 1.177608 -0.277830 -1.221600
678710937 7.168179 -13.777812 1.407310 9.115041 1.701711 3.192276 1.182659 -0.174409 -1.233925
698669433 7.236611 -14.924679 2.753611 9.271048 0.630416 3.133788 1.202654 -0.064329 -1.244835
718627929 7.336849 -15.209064 4.431798 9.318904 -0.513785 3.010720 1.230031 0.052415 -1.258305
738616943 8.426150 -15.616701 5.350948 9.249179 -1.707126 2.776469 1.222674 0.174970 -1.279169
758575439 10.853632 -15.468282 5.548273 9.026048 -2.938877 2.462486 1.236679 0.304359 -1.304458
778533935 13.523232 -16.314968 4.321047 8.626711 -4.155200 2.117677 1.215131 0.437540 -1.330077
798492431 15.338486 -13.867094 2.379292 8.043326 -5.300677 1.837963 1.201536 0.571053 -1.346146
818450927 14.673378 -11.719929 3.426021 7.337041 -6.308320 1.594773 1.194775 0.698761 -1.356766
838409423 15.143970 -11.672222 5.979384 6.531294 -7.190872 1.343112 1.196220 0.823111 -1.367981
858367920 15.878228 -11.109275 6.767294 4.718604 -8.545523 0.937662 1.394708 1.058051 -1.374636
878326416 17.157749 -8.721848 6.918049 3.829915 -8.988408 0.843006 1.342044 1.159398 -1.354140
898315429 16.845985 -5.719244 6.378475 3.829915 -8.988408 0.843006 1.134636 1.159398 -1.354140
918273925 15.276320 -3.699049 5.065510 2.369272 -9.479889 0.829838 1.133340 1.311926 -1.233899
938227211 13.728752 -2.971292 4.257526 2.369272 -9.479889 0.829838 1.018695 1.311926 -1.233899
958185707 11.511501 -2.298229 3.251579 1.802776 -9.602010 0.849585 0.926425 1.366148 -1.130400
978144203 8.933065 -1.665818 2.386111 1.319150 -9.678360 0.871535 0.788848 1.408867 -0.986950
998102699 7.469237 -1.385189 2.025048 0.872673 -9.726459 0.897126 0.585297 1.442824 -0.771582
1018061195 7.151312 -1.415263 1.867581 0.423933 -9.752730 0.935367 0.248615 1.465884 -0.425534
1038019691 7.350251 -0.938878 1.474908 -0.043994 -9.757867 0.975950 -0.216300 1.471010 0.045048
1057978187 7.882566 -0.495660 1.763758 -0.525078 -9.742924 0.984941 -0.656022 1.456733 0.489780
1077967201 7.897346 0.355062 2.063716 -0.995209 -9.709105 0.955637 -0.973206 1.429634 0.805680
1097925697 7.813540 1.090338 1.997713 -1.437998 -9.658174 0.906782 -1.159223 1.396562 1.008190
1117884193 8.099269 1.492248 2.229157 -1.847023 -9.593058 0.855648 -1.268754 1.361704 1.136972
1137842689 8.243730 1.652529 1.893490 -2.202681 -9.518960 0.841413 -1.324134 1.327976 1.205907
1157801185 7.771163 2.165252 1.151067 -2.496949 -9.444603 0.857388 -1.357181 1.298224 1.240036
1177759681 6.983050 2.406674 0.537556 -2.723559 -9.380285 0.873415 -1.367372 1.274837 1.260468
1197718177 6.225981 2.295445 0.509368 -2.886167 -9.332181 0.866501 -1.387544 1.258458 1.279133
1217676673 5.638741 2.132517 0.592635 -2.999643 -9.298377 0.844231 -1.393550 1.247428 1.296449
1237635169 4.988626 2.109380 0.371322 -3.068205 -9.278112 0.820447 -1.382556 1.240987 1.309507
1257624183 4.531753 2.095402 -0.013629 -3.098381 -9.271925 0.775781 -1.385038 1.239044 1.325458
1277582679 3.419914 1.691610 0.016027 -3.082877 -9.283573 0.693911 -1.403098 1.242711 1.349401
1297541175 2.525560 1.399839 0.669669 -3.043533 -9.304029 0.585100 -1.405659 1.249247 1.380870
1317499671 2.163180 1.220507 0.674496 -2.995684 -9.323570 0.517002 -1.416519 1.255613 1.399898
1337458168 1.668186 0.942879 0.216968 -2.933541 -9.344063 0.503216 -1.409271 1.262425 1.400911
1357416664 1.231152 0.756785 0.063149 -2.867395 -9.364922 0.496682 -1.405545 1.269512 1.399281
1377375160 1.169672 0.629672 0.515925 -2.805965 -9.384932 0.469055 -1.407727 1.276466 1.405164
1397333656 0.653512 0.758374 0.558636 -2.741547 -9.405663 0.433387 -1.406726 1.283843 1.414012
1417292152 0.069862 0.555988 0.334519 -2.667728 -9.428312 0.400696 -1.398558 1.292119 1.421710
1437281166 0.000490 0.108356 0.214896 -2.597706 -9.448665 0.380872 -1.395765 1.299766 1.425215
1457239662 -0.412439 -0.093719 -0.615029 -2.533732 -9.465830 0.385550 -1.398357 1.306383 1.419788
1477198158 -0.512860 -0.041233 -1.268631 -2.484874 -9.478320 0.396540 -1.378420 1.311301 1.412549
1497156654 -0.145914 0.057458 -1.234127 -2.451591 -9.487082 0.394131 -1.367843 1.314807 1.411395
