0 0.267070 0.244445 0.364130 3.551960 8.753395 -2.632877 0.000056 -1.103075 -2.208671
19958496 -0.087671 0.116010 0.019897 3.554713 8.764188 -2.592955 0.005677 -1.105522 -2.201010
39916992 -0.366926 0.056144 -0.316874 3.544837 8.768050 -2.593417 0.003007 -1.106400 -2.202420
59875488 -0.499359 0.033465 -0.318316 3.504150 8.759367 -2.676717 -0.041354 -1.104427 -2.223116
79864502 -0.559975 0.116890 -0.030216 3.477169 8.752546 -2.733609 -0.015367 -1.102883 -2.237041
99822998 -1.055083 -0.061493 -0.257749 3.477169 8.752546 -2.733609 -0.015367 -1.102883 -2.237041
119781494 -1.643392 -0.403044 -0.592382 3.444252 8.745336 -2.797610 -0.028607 -1.101255 -2.252965
139739990 -1.920372 -0.789851 -0.720473 3.409368 8.735356 -2.870568 -0.021297 -1.099011 -2.270607
159698486 -2.160405 -1.361067 -0.533214 3.364879 8.724421 -2.955075 -0.025534 -1.096563 -2.291442
179656982 -2.790424 -2.142953 0.455302 3.302551 8.719058 -3.039994 -0.070328 -1.095367 -2.314822
199615479 -4.580334 -3.632533 1.640164 3.181143 8.739706 -3.109381 -0.090381 -1.099988 -2.344787
219573975 -6.389439 -5.215156 1.655268 3.181143 8.739706 -3.109381 -0.090381 -1.099988 -2.344787
239532471 -7.035125 -6.586739 1.403769 3.156855 8.730884 -3.158532 -0.083536 -1.098009 -2.356460
259521484 -6.923443 -7.990607 1.564333 3.165867 8.657251 -3.346592 -0.088295 -1.081777 -2.383938
279479980 -6.455506 -8.871441 2.433019 3.165867 8.657251 -3.346592 -0.088295 -1.081777 -2.383938
299438477 -6.435421 -9.416700 2.847108 3.175883 8.599290 -3.483728 -0.114770 -1.069340 -2.402387
319396973 -6.789658 -10.303907 2.484750 3.184599 8.537842 -3.624083 -0.053213 -1.056456 -2.420653
339355469 -8.061054 -12.383574 2.206083 3.195686 8.497215 -3.708815 -0.073874 -1.048097 -2.430376
359313965 -10.272419 -14.926825 3.064363 3.213669 8.482398 -3.727150 -0.061762 -1.045078 -2.430040
379272461 -11.706743 -16.840805 5.453744 3.250439 8.460745 -3.744439 -0.016240 -1.040695 -2.426701
399230957 -14.197870 -20.029417 8.190476 3.335947 8.402413 -3.800170 -0.005201 -1.029047 -2.421155
419219971 -18.623966 -26.668608 8.102664 3.569910 8.267682 -3.882210 0.043306 -1.002964 -2.398077
439178467 -20.042168 -34.533287 7.099310 4.156186 7.971683 -3.917753 0.150289 -0.949089 -2.326672
459136963 -17.851185 -44.235657 7.747173 5.241592 7.382565 -3.767470 0.258448 -0.852324 -2.194005
479095459 -7.016333 -42.565933 10.813821 6.849653 6.214449 -3.260869 0.475430 -0.686324 -2.015112
499053955 8.226197 -40.367569 13.998792 8.514854 4.216547 -2.426598 0.302301 -0.444457 -1.848421
519012451 24.332151 -37.862267 18.584976 9.593233 1.441205 -1.436381 0.890383 -0.147496 -1.719421
538970947 32.035084 -35.428871 22.450703 9.645098 -1.691656 -0.529879 0.996945 0.173368 -1.625679
558929443 33.137337 -33.485157 19.039001 8.671640 -4.579366 -0.049406 0.630605 0.485856 -1.576494
578887939 34.330730 -32.164211 9.778511 7.134016 -6.726521 0.173548 0.982459 0.755859 -1.546474
598876953 35.412384 -31.295536 7.116857 4.239053 -8.814438 0.711684 0.761514 1.117076 -1.404460
618835449 34.638107 -29.552860 12.567826 4.239053 -8.814438 0.711684 0.607102 1.117076 -1.404460
638793945 28.263039 -25.067066 14.007140 3.154428 -9.236862 0.948865 0.661802 1.228236 -1.278602
658752441 23.839916 -20.816643 10.429565 2.211261 -9.471813 1.251188 0.500677 1.308728 -1.055884
678710938 20.894348 -18.462193 6.998095 1.342830 -9.588596 1.557566 0.133668 1.359523 -0.711496
698669434 19.287567 -16.231117 3.537255 0.506049 -9.622418 1.823012 -0.162728 1.376654 -0.270772
718627930 18.413553 -13.675115 0.749213 -0.306477 -9.590603 2.024054 -0.524305 1.360501 0.150276
738586426 19.547583 -8.725992 0.710330 -1.118155 -9.513277 2.101824 -0.911344 1.325578 0.488913
758544922 19.866341 -4.648751 0.986152 -1.845236 -9.399290 2.102104 -1.021899 1.281556 0.720416
778533936 19.101517 -2.216033 0.889284 -2.422304 -9.271249 2.084892 -1.127178 1.238833 0.860120
798492432 17.574091 -0.790923 0.614550 -2.850561 -9.155341 2.055342 -1.229109 1.204290 0.946095
818450928 15.547951 -0.389227 0.148184 -3.158483 -9.068624 1.988572 -1.237369 1.180358 1.008898
838409424 13.483413 0.295482 0.327267 -3.388509 -9.013212 1.857527 -1.279304 1.165769 1.069348
858367920 11.933039 1.323245 0.600651 -3.565416 -8.978382 1.687262 -1.313465 1.156849 1.128793
878326416 10.517040 1.366198 0.425883 -3.676534 -8.958676 1.547776 -1.338005 1.151881 1.172329
898284912 9.567237 1.578207 -0.320215 -3.723011 -8.948478 1.494768 -1.340133 1.149332 1.189002
918243408 8.318966 2.160290 -1.136240 -3.711469 -8.954405 1.487949 -1.321625 1.150812 1.189509
938201904 6.640449 2.041241 -1.055950 -3.648357 -8.987457 1.444126 -1.338594 1.159155 1.193891
958190918 5.016534 1.478770 -0.376324 -3.543873 -9.044718 1.343292 -1.345349 1.174002 1.208483
978149414 3.053288 1.033370 -1.046302 -3.403373 -9.113126 1.240310 -1.303023 1.192459 1.221320
998107910 1.588056 0.469050 -1.919218 -3.061692 -9.255713 1.062175 -1.326186 1.234005 1.236864
1018066406 -0.038347 -0.596353 -1.136761 -3.061692 -9.255713 1.062175 -1.296645 1.234005 1.236864
1038024902 -0.729995 -0.736484 -1.085029 -2.901492 -9.311389 1.024590 -1.320831 1.251630 1.231340
1057983398 -0.865684 -0.661195 -1.223018 -2.762073 -9.351400 1.045296 -1.319909 1.264900 1.209008
1077941895 -0.938130 -0.433651 -0.773852 -2.628416 -9.386586 1.074159 -1.292268 1.277048 1.182837
1097900391 -0.828656 -0.456411 -0.058895 -2.491117 -9.421560 1.094955 -1.269693 1.289627 1.156672
1117858887 -1.123950 -0.692798 -0.036158 -2.343697 -9.454798 1.133254 -1.259240 1.302112 1.120409
1137847900 -0.895720 -0.648531 -0.076752 -2.203440 -9.483487 1.174186 -1.228489 1.313363 1.081186
1157806397 -0.797998 -0.231605 -0.566352 -2.070134 -9.510736 1.196165 -1.175798 1.324513 1.046845
1177764893 -0.391074 -0.004891 -0.802075 -1.941188 -9.539640 1.182135 -1.175995 1.336908 1.023804
1197723389 0.535164 0.115692 -0.563923 -1.805448 -9.571601 1.138072 -1.143313 1.351412 1.008356
1217681885 1.717425 0.231192 -0.472270 -1.647093 -9.604052 1.104391 -1.079794 1.367175 0.980138
1237640381 2.666567 1.115096 -0.300435 -1.445989 -9.637571 1.093952 -1.057287 1.384834 0.923121
1257598877 2.866513 1.314025 -0.380932 -1.191660 -9.673284 1.085315 -0.971197 1.405687 0.832069
1277557373 2.783576 0.639634 -0.061607 -0.884323 -9.709538 1.055101 -0.789060 1.429948 0.697569
1297515869 4.124268 0.171654 1.188697 -0.197995 -9.756950 0.965980 -0.355203 1.470076 0.202168
1317504883 5.234115 0.214157 2.173049 -0.197995 -9.756950 0.965980 -0.355203 1.470076 0.202168
1337463379 6.127495 0.938668 3.024136 0.221225 -9.755741 0.973120 0.102223 1.468858 -0.223537
1357421875 6.932723 0.134626 3.165890 0.696972 -9.733184 0.974549 0.423400 1.448315 -0.620837
1377380371 4.738887 -2.417080 5.087323 1.254639 -9.682871 0.915572 0.721054 1.411745 -0.940382
1397338867 4.955397 -3.527317 4.164001 1.800648 -9.593730 0.942550 0.940265 1.362034 -1.088565
1417297363 6.777893 -3.595273 3.584314 2.290875 -9.478503 1.039366 0.922999 1.311373 -1.144871
1437255859 8.057403 -3.453843 2.975919 2.795348 -9.323369 1.196336 0.932521 1.255546 -1.166409
1457214355 8.761870 -3.740361 2.549040 3.352423 -9.110148 1.391708 1.021480 1.191638 -1.177311
1477172852 8.095275 -5.771707 1.689600 4.008312 -8.807643 1.590366 1.005616 1.115497 -1.193080
1497161865 8.240967 -8.424864 1.475156 4.685962 -8.433397 1.757835 0.919427 1.035205 -1.211914
