0 0.436698 -0.190201 -0.914352 -7.519858 6.288688 -0.272962 -0.224425 -0.696149 1.607079
19958496 0.097044 -0.015195 -0.432758 -7.532067 6.274574 -0.260925 -0.252308 -0.694275 1.605424
39916992 -0.183629 0.047049 -0.428443 -7.542328 6.262517 -0.254054 -0.229409 -0.692676 1.604467
59875488 0.088601 0.200099 -0.912416 -7.538661 6.266754 -0.258380 -0.223616 -0.693238 1.605057
79833984 0.387924 -0.082553 -0.095112 -7.523140 6.285972 -0.243546 -0.269349 -0.695788 1.603158
99792480 1.042285 -0.381731 0.077129 -7.497975 6.316207 -0.237233 -0.282977 -0.699812 1.602425
119781494 1.802938 -0.180662 -0.581333 -7.471375 6.346089 -0.275859 -0.312114 -0.703802 1.607702
139739990 1.801415 -0.246511 -0.139914 -7.452169 6.365461 -0.341279 -0.293350 -0.706396 1.616560
159698486 1.786199 -0.287849 0.247384 -7.437150 6.378944 -0.410183 -0.269271 -0.708205 1.625894
179656982 2.050269 -0.883545 0.817487 -7.418052 6.396818 -0.472878 -0.305217 -0.710607 1.634457
199615478 2.121801 -1.704173 1.237040 -7.393188 6.420521 -0.536715 -0.296865 -0.713800 1.643265
219573975 2.015124 -2.293151 0.955921 -7.355062 6.455944 -0.627879 -0.313004 -0.718589 1.655957
239532471 3.373801 -2.398738 1.605506 -7.287758 6.519830 -0.742146 -0.330004 -0.727276 1.672281
259490967 4.998497 -2.933287 1.806416 -7.190539 6.607574 -0.898049 -0.327850 -0.739319 1.695046
279449463 4.770217 -2.907497 0.624606 -7.081914 6.684567 -1.154744 -0.292907 -0.749996 1.732429
299438476 4.709088 -4.032113 1.859985 -6.966623 6.770519 -1.340386 -0.239539 -0.762043 1.760875
319396973 6.121094 -5.188805 3.678926 -6.700712 6.998642 -1.513226 -0.151035 -0.794713 1.792901
339355469 7.943331 -6.070179 2.731416 -6.700712 6.998642 -1.513226 -0.222962 -0.794713 1.792901
359313965 9.766271 -4.865249 1.158965 -6.560905 7.076577 -1.745560 -0.221194 -0.806125 1.830827
379272461 8.757792 -4.986292 -0.107786 -6.455317 7.096969 -2.032809 -0.059117 -0.809133 1.875870
399230957 8.637756 -5.615677 0.922107 -6.414280 7.088704 -2.185792 0.033737 -0.807913 1.899225
419189453 9.365203 -7.091859 2.712784 -6.453388 7.063348 -2.152509 0.086522 -0.804179 1.892739
439147949 10.581289 -8.183334 1.786336 -6.565792 6.988549 -2.054493 0.123461 -0.793245 1.874053
459106445 11.880861 -7.873390 -0.553125 -6.746598 6.834672 -1.985210 0.124055 -0.771125 1.856973
479064941 10.315256 -7.837587 -0.320164 -6.979844 6.598875 -1.976619 0.098422 -0.738119 1.846760
499053955 9.905281 -8.582077 1.891307 -7.231274 6.310354 -2.014574 0.076257 -0.699032 1.842499
519012451 12.286741 -10.744669 1.258223 -7.824513 5.550169 -2.035434 0.122921 -0.601597 1.825291
538970947 15.138824 -12.984423 0.567596 -8.261138 4.911350 -1.950034 0.059073 -0.524544 1.802602
558929443 15.922812 -16.880224 2.021022 -8.261138 4.911350 -1.950034 0.070515 -0.524544 1.802602
578887939 12.490617 -22.050381 2.081580 -8.772570 3.949287 -1.901464 0.024522 -0.414481 1.784246
598846435 6.358724 -29.069830 7.126095 -9.249252 2.641588 -1.908857 0.014330 -0.272736 1.774319
618804932 0.053601 -33.610313 13.419844 -9.595353 0.993527 -1.764224 -0.000135 -0.101486 1.752628
638793945 -4.673259 -35.343689 8.970206 -9.296280 -2.951092 -1.020112 -0.101375 0.305665 1.680092
658752441 -10.418379 -34.921600 -0.941671 -9.296280 -2.951092 -1.020112 -0.004367 0.305665 1.680092
678710937 -19.522413 -33.395363 -2.582847 -8.503660 -4.822718 -0.774291 0.015211 0.514133 1.661600
698669434 -28.642759 -32.188030 -0.466533 -7.402369 -6.397884 -0.665134 0.065753 0.710750 1.660410
718627930 -29.078035 -28.795042 -0.971796 -6.249455 -7.540147 -0.510756 0.092380 0.877089 1.652343
738586426 -24.842863 -24.205521 2.751657 -5.252665 -8.275055 -0.321525 0.171694 1.004364 1.631932
758544922 -22.649704 -20.167967 5.164267 -4.375056 -8.775921 -0.111732 0.209223 1.108196 1.596329
778503418 -21.516073 -15.331322 4.044170 -3.574184 -9.129779 0.206728 0.263758 1.197084 1.513022
798461914 -21.346027 -11.497341 -0.093939 -2.195755 -9.510082 0.952559 0.478650 1.324239 1.161480
818450928 -15.091907 -7.587056 4.556869 -2.195755 -9.510082 0.952559 0.542733 1.324239 1.161480
838409424 -13.032368 -6.633898 5.853815 -1.572331 -9.605376 1.197882 0.660918 1.367844 0.919753
858367920 -11.418877 -5.296337 4.851061 -0.965762 -9.648737 1.462727 1.011824 1.391096 0.583545
878326416 -11.524948 -3.992371 0.521881 -0.350036 -9.632975 1.803793 1.330887 1.382316 0.191674
898284912 -11.799273 -2.464761 -2.211708 0.239072 -9.569547 2.130027 1.600055 1.350452 -0.111771
918243408 -11.565110 -1.701129 -2.394673 0.766709 -9.485476 2.368181 1.851779 1.314161 -0.313105
938201904 -11.244913 -1.548901 -2.861678 1.232748 -9.386608 2.557791 1.943553 1.277056 -0.449110
958160400 -10.378750 -1.304187 -3.000822 1.638659 -9.283270 2.702976 2.022936 1.242615 -0.544997
978118896 -9.353109 -0.560058 -2.362633 1.989055 -9.188455 2.790401 2.098668 1.213831 -0.619278
998107910 -9.293423 -0.128125 -2.201230 2.292204 -9.102361 2.839579 2.139232 1.189499 -0.679136
1018066406 -8.921196 -0.093713 -1.826452 2.538905 -9.031912 2.854631 2.164859 1.170636 -0.726927
1038024902 -8.290704 0.287898 -1.325950 2.728321 -8.980062 2.843435 2.211145 1.157275 -0.764741
1057983398 -7.355095 0.463601 -1.564129 2.857241 -8.945267 2.826442 2.234167 1.148532 -0.790817
1077941894 -6.706767 0.421494 -1.342812 2.930996 -8.929336 2.801183 2.210604 1.144585 -0.808041
1097900391 -5.925980 0.262727 -0.795569 2.942762 -8.933452 2.775604 2.202804 1.145602 -0.814622
1117858887 -4.780336 0.110759 -0.972032 2.888758 -8.947555 2.786888 2.192696 1.149102 -0.803345
1137817383 -3.757081 -0.025135 -1.681802 2.780653 -8.966273 2.836245 2.163246 1.153790 -0.775501
1157775879 -2.806605 -0.049115 -2.247355 2.636581 -8.995053 2.882335 2.126147 1.161096 -0.740898
1177734375 -2.015006 -0.076178 -1.820426 2.483506 -9.039242 2.880053 2.104986 1.172559 -0.711599
1197723389 -1.197528 -0.270667 -1.377706 2.325841 -9.092901 2.842530 2.070967 1.186915 -0.685758
1217681885 -0.489293 -0.457853 -0.598677 2.165522 -9.149063 2.788469 2.044805 1.202507 -0.660308
1237640381 -0.186706 -0.532382 -0.534000 2.003650 -9.195563 2.756337 2.025658 1.215911 -0.628569
1257598877 -0.114665 -0.509629 -1.180541 1.845087 -9.229538 2.753482 1.971680 1.226020 -0.590370
1277557373 0.146771 -0.419518 -1.655591 1.546355 -9.293809 2.721080 1.916889 1.245966 -0.516775
1297515869 0.264589 -0.368106 -2.053689 1.546355 -9.293809 2.721080 1.917176 1.245966 -0.516775
1317474365 -0.297413 -0.272849 -2.201945 1.433931 -9.326730 2.669518 1.876275 1.256654 -0.492924
1337432861 -1.547717 -0.149626 -2.171136 1.335805 -9.361347 2.598305 1.831388 1.268286 -0.474869
1357421875 -2.710137 -0.158306 -2.657507 1.207950 -9.401132 2.515942 1.832113 1.282215 -0.447616
1377380371 -3.366875 -0.258153 -2.868358 1.030712 -9.453522 2.395610 1.789933 1.301623 -0.406309
1397338867 -3.764233 -0.356054 -2.692579 0.816971 -9.514839 2.229527 1.719517 1.326234 -0.351238
1417297363 -4.297452 -0.167183 -1.373931 0.578310 -9.581647 2.006985 1.639833 1.356170 -0.280549
1437255859 -4.940878 -0.165881 0.187729 0.307882 -9.642176 1.761830 1.540697 1.387391 -0.173004
1457214355 -5.944047 -0.315591 1.612341 -0.000755 -9.685520 1.536582 1.376480 1.413460 0.000491
1477172851 -6.874587 -0.865510 2.398811 -0.356365 -9.704436 1.366487 1.161139 1.426290 0.255107
1497131348 -7.618494 -1.531074 3.273651 -0.769383 -9.696835 1.244916 0.893887 1.421003 0.553565
