0 -0.857553 -0.636032 -1.196006 7.349637 6.393740 -1.128419 0.571035 -0.710193 -1.723141
19958496 -0.806142 -0.783920 -0.933984 7.330688 6.406086 -1.180449 0.607847 -0.711854 -1.730454
39947510 -0.836996 -0.907519 -0.208305 7.330688 6.406086 -1.180449 0.616186 -0.711854 -1.730454
59906006 -0.435344 -0.772748 0.575657 7.303681 6.423510 -1.251050 0.606003 -0.714203 -1.740440
79864502 -1.317240 -1.455625 0.059142 7.264429 6.454649 -1.317560 0.598600 -0.718413 -1.750217
99822998 -2.969092 -2.246552 0.066935 7.214813 6.497699 -1.377234 0.604577 -0.724259 -1.759417
119781494 -2.906702 -1.813420 0.233578 7.165701 6.534958 -1.455144 0.585689 -0.729343 -1.771143
139739990 -3.579043 -1.869707 0.765681 7.105587 6.592377 -1.490497 0.582194 -0.737224 -1.777563
159698486 -4.010278 -2.886891 1.780341 7.030218 6.677247 -1.469964 0.581978 -0.748977 -1.776919
179656982 -4.123538 -4.240487 1.789683 6.947262 6.764882 -1.463665 0.576953 -0.761249 -1.778442
199615478 -4.105741 -4.860187 0.892883 6.865531 6.838405 -1.507014 0.586116 -0.771656 -1.786874
219604492 -4.736939 -4.574521 0.563538 6.777620 6.907248 -1.588765 0.569045 -0.781498 -1.801052
239562988 -5.023049 -4.330406 1.159309 6.672734 6.981727 -1.703086 0.569822 -0.792254 -1.820692
259521484 -5.320048 -5.070948 1.785845 6.537689 7.065376 -1.873354 0.557740 -0.804477 -1.849865
279479980 -5.540675 -5.849330 1.577416 6.391127 7.136224 -2.097187 0.536177 -0.814951 -1.887866
299438476 -5.492723 -5.409358 0.865420 6.270583 7.179915 -2.301959 0.510296 -0.821469 -1.922627
319396973 -6.180691 -5.348020 0.759883 6.186600 7.219735 -2.402455 0.479736 -0.827450 -1.941204
339355469 -6.678426 -6.041519 1.697732 6.121492 7.256598 -2.457539 0.484579 -0.833021 -1.952561
359313965 -6.686134 -6.904181 2.643438 6.070657 7.265934 -2.554158 0.470095 -0.834438 -1.969052
379272461 -6.924930 -7.711252 2.095735 6.060913 7.214879 -2.716846 0.467556 -0.826719 -1.992200
399261475 -7.354632 -8.902727 1.149384 6.120290 7.101494 -2.877712 0.440455 -0.809802 -2.010314
419219971 -7.243123 -10.338712 1.205724 6.526306 6.729375 -2.879797 0.511124 -0.756259 -1.986358
439178467 -7.179513 -12.590218 1.223680 6.526306 6.729375 -2.879797 0.431311 -0.756259 -1.986358
459136963 -7.831653 -15.875872 0.669924 6.874894 6.449659 -2.703354 0.438792 -0.717738 -1.945445
479095459 -8.044849 -19.250387 1.104969 7.831799 5.472028 -2.211389 0.710598 -0.591964 -1.845992
499053955 -7.887367 -23.913403 1.288624 8.415839 4.583755 -2.081640 0.805715 -0.486362 -1.813277
519012451 -5.960446 -30.955759 3.272192 8.415839 4.583755 -2.081640 0.634548 -0.486362 -1.813277
538970947 0.558918 -38.622593 6.955803 9.494439 1.204783 -2.138808 1.035024 -0.123165 -1.792367
558929443 14.863960 -38.102463 10.602356 9.494439 1.204783 -2.138808 0.720792 -0.123165 -1.792367
578918457 30.973167 -35.986195 11.224427 9.024200 -3.543023 -1.476880 1.208768 0.369649 -1.733016
598876953 31.529266 -32.813522 6.335404 8.215461 -5.301312 -0.756757 1.218502 0.571130 -1.662651
618835449 32.323975 -31.632992 3.418043 7.189728 -6.667538 -0.148712 1.197496 0.747626 -1.591477
638793945 29.395840 -31.534576 4.071887 7.189728 -6.667538 -0.148712 0.857816 0.747626 -1.591477
658752441 31.601877 -26.551973 4.981052 4.490361 -8.700006 0.562971 1.077963 1.091140 -1.446074
678710937 31.802574 -17.994909 4.653096 3.198052 -9.239318 0.760165 0.944953 1.228982 -1.337431
698669434 31.193989 -11.345874 6.915314 3.198052 -9.239318 0.760165 0.738043 1.228982 -1.337431
718627930 28.473608 -6.144636 7.659473 2.113709 -9.526819 0.970740 0.575439 1.331332 -1.140269
738586426 23.693953 -4.006237 5.435750 1.276104 -9.640526 1.265784 0.246665 1.386470 -0.789458
758575439 18.506281 -2.933800 2.237175 0.629080 -9.655229 1.597248 -0.116065 1.394838 -0.375196
778533935 14.135771 -2.538185 -0.832124 0.102599 -9.624882 1.876568 -0.379788 1.377961 -0.054619
798492432 11.346964 -2.154580 -2.462772 -0.351537 -9.582459 2.055066 -0.561554 1.356559 0.169419
818450928 10.149553 -1.284510 -2.659335 -0.760638 -9.533760 2.167773 -0.708533 1.334335 0.337463
838409424 9.826156 0.275327 -2.335195 -1.139419 -9.479652 2.237922 -0.819078 1.311831 0.470934
858367920 10.013268 1.444824 -1.482288 -1.494410 -9.429257 2.241925 -0.938327 1.292470 0.587939
878326416 9.906048 1.918503 -0.136367 -1.817153 -9.386897 2.180486 -1.016375 1.277158 0.694760
898284912 9.712138 2.398177 0.412028 -2.106817 -9.340215 2.119455 -1.097913 1.261135 0.782408
918273926 9.442494 2.595428 -0.131937 -2.360574 -9.283034 2.103180 -1.160233 1.242540 0.842997
938232422 9.211670 2.625524 0.465157 -2.574900 -9.222982 2.115863 -1.199041 1.224047 0.882947
958190918 8.748456 3.068658 0.256684 -2.743986 -9.158279 2.183313 -1.203573 1.205127 0.898700
978149414 8.009854 3.434249 -0.360711 -2.860450 -9.096334 2.290181 -1.205427 1.187850 0.895667
998107910 6.706791 3.044915 -1.405181 -2.914437 -9.053302 2.390434 -1.180632 1.176273 0.883856
1018066406 5.419466 2.644384 -2.147592 -2.930857 -9.042437 2.411392 -1.156428 1.173400 0.882331
1038024902 4.257300 2.215919 -2.079671 -2.928937 -9.065039 2.327399 -1.160033 1.179398 0.899343
1057983398 2.899655 1.595658 -1.663206 -2.893337 -9.108567 2.198405 -1.159584 1.191203 0.921042
1077941894 1.955406 1.310553 -1.140730 -2.823654 -9.156346 2.087743 -1.158383 1.204576 0.934129
1097930908 1.341116 1.086265 -0.572816 -2.730692 -9.201085 2.013393 -1.173804 1.217535 0.935460
1117889404 0.711663 0.612885 -0.101359 -2.622161 -9.242100 1.969327 -1.158467 1.229830 0.926635
1137847900 0.530800 0.050578 0.482134 -2.516521 -9.279705 1.929919 -1.138899 1.241489 0.916567
1157806396 -0.020829 -0.117620 -0.179027 -2.422675 -9.311327 1.897421 -1.124194 1.251610 0.906388
1177764893 -0.830369 -0.249313 -0.831587 -2.340846 -9.343593 1.840679 -1.119373 1.262267 0.904446
1197723389 -1.173683 -0.278775 -0.812393 -2.278453 -9.377874 1.741982 -1.134281 1.273996 0.918051
1217681885 -1.641407 -0.112749 -1.132823 -2.161901 -9.434079 1.579473 -1.154589 1.294265 0.939831
1237640381 -1.942173 -0.373399 -1.141425 -2.161901 -9.434079 1.579473 -1.129336 1.294265 0.939831
1257629394 -2.147816 -0.652221 -1.322139 -2.100413 -9.452912 1.549551 -1.129373 1.301389 0.935190
1277587891 -2.439268 -0.712461 -1.335320 -2.057032 -9.466612 1.523900 -1.126708 1.306688 0.933193
1297546387 -2.259456 -0.670900 -0.349510 -2.047141 -9.478044 1.465025 -1.144439 1.311191 0.949648
1317504883 -1.552405 -0.496975 0.044491 -2.067601 -9.480840 1.417425 -1.180968 1.312304 0.969840
1337463379 -0.641795 -0.115618 -0.518596 -2.107774 -9.473689 1.406021 -1.186317 1.309467 0.982519
1357421875 -0.171351 0.172249 -0.649153 -2.141554 -9.466414 1.403969 -1.182388 1.306611 0.990505
1377380371 0.381447 0.404011 -0.158610 -2.178798 -9.462828 1.370449 -1.186204 1.305214 1.009331
1397338867 0.766558 0.495386 -0.298025 -2.178798 -9.462828 1.370449 -1.198952 1.305214 1.009331
1417297363 0.993886 0.568528 -0.376130 -2.176835 -9.466537 1.347760 -1.197883 1.306659 1.016424
1437255859 1.241936 0.700985 -0.251594 -2.161024 -9.476509 1.302363 -1.206513 1.310583 1.028423
1457244873 0.932442 0.695816 -0.315552 -2.123189 -9.493864 1.236534 -1.206300 1.317552 1.043423
1477203369 0.532990 0.525179 -0.363083 -2.068928 -9.516863 1.148584 -1.215346 1.327088 1.064001
1497161865 0.307458 0.174984 0.201218 -2.005878 -9.540792 1.058366 -1.230536 1.337415 1.085288
