0 0.326608 0.281699 0.110065 -0.856836 9.766070 -0.245149 -2.385028 -1.479792 1.849461
19958496 0.303836 0.191288 -0.369226 -0.877176 9.764627 -0.230253 -2.393799 -1.478187 1.827499
39916992 0.836720 0.350332 0.105344 -0.877176 9.764627 -0.230253 -2.393799 -1.478187 1.827499
59875488 0.567213 0.225056 0.598962 -0.912073 9.762251 -0.192285 -2.447407 -1.475603 1.778575
79833985 -0.295729 0.072077 0.639807 -0.968313 9.757431 -0.159028 -2.495764 -1.470565 1.733575
99792481 -0.415308 0.119923 0.275565 -1.024924 9.751905 -0.142339 -2.514140 -1.465084 1.708791
119781494 -0.395425 0.105889 -0.052459 -1.077833 9.746340 -0.132404 -2.522829 -1.459835 1.693026
139739990 -0.420586 0.001472 0.025665 -1.182940 9.734448 -0.107453 -2.556432 -1.449375 1.661383
159698487 -0.253518 -0.049470 0.350265 -1.182940 9.734448 -0.107453 -2.550854 -1.449375 1.661383
179656983 0.004054 -0.059536 0.487133 -1.235293 9.728006 -0.101634 -2.562875 -1.444067 1.652887
199615479 -0.217416 -0.310029 0.194794 -1.301601 9.719218 -0.114055 -2.558292 -1.437163 1.658200
219573975 -0.755951 -0.630533 -0.267325 -1.382302 9.707691 -0.142654 -2.539428 -1.428614 1.673633
239532471 -1.081476 -0.955821 -0.321983 -1.462151 9.695477 -0.173907 -2.501544 -1.420078 1.689180
259490967 -1.455984 -1.223988 0.360267 -1.530141 9.684557 -0.196030 -2.487659 -1.412834 1.698215
279449463 -1.614931 -1.606186 0.138197 -1.582838 9.675049 -0.241746 -2.436076 -1.406786 1.722355
299407959 -1.944660 -2.083133 0.075923 -1.621499 9.666306 -0.321953 -2.339231 -1.401413 1.766800
319396973 -1.633881 -2.795149 0.186048 -1.642894 9.658566 -0.428240 -2.298275 -1.396793 1.825784
339355469 -2.104306 -3.278720 -0.428557 -1.649361 9.650208 -0.568730 -2.167378 -1.391938 1.902847
359313965 -3.306645 -2.541977 -1.065938 -1.645781 9.640164 -0.727346 -2.106356 -1.386269 1.986932
379272461 -3.279087 -2.732517 -2.009483 -1.579605 9.629852 -0.970145 -1.947832 -1.380624 2.121570
399230957 -3.084709 -3.018177 -1.816214 -1.579605 9.629852 -0.970145 -1.945777 -1.380624 2.121570
419189453 -3.118770 -3.040779 -1.145857 -1.497114 9.639748 -1.002149 -1.902934 -1.386038 2.160680
439147949 -3.062968 -3.981660 -1.300179 -1.411074 9.650549 -1.022818 -1.851188 -1.392133 2.198007
459106445 -4.124439 -5.133903 -2.168151 -1.324326 9.660156 -1.047818 -1.797776 -1.397732 2.240154
479095459 -4.942611 -6.498813 -1.838155 -1.211929 9.675311 -1.044012 -1.743061 -1.406950 2.281898
499053955 -4.220526 -7.593498 -0.658120 -1.040239 9.699630 -1.002737 -1.681279 -1.422925 2.337840
519012451 -3.722916 -8.672270 -0.157874 -0.787998 9.729169 -0.944840 -1.581698 -1.445008 2.446460
538970947 -3.566390 -9.757083 -0.266747 -0.470756 9.754173 -0.897155 -1.326514 -1.467298 2.658365
558929444 -3.508902 -11.286557 -1.038212 -0.095128 9.767222 -0.873335 -0.950869 -1.481094 3.033096
578887940 -3.468608 -13.056406 -1.524403 0.840020 9.734745 -0.836358 -0.012351 -1.449625 -2.354010
598846436 -3.597864 -14.530275 -1.630905 0.840020 9.734745 -0.836358 -0.012351 -1.449625 -2.354010
618804932 -3.241802 -15.675399 -1.237480 1.423383 9.669655 -0.801339 0.271128 -1.403450 -2.083552
638763428 -2.379812 -17.145451 -0.982397 2.827497 9.361327 -0.735666 0.556193 -1.268279 -1.825336
658752442 -2.072096 -18.619633 -0.525435 3.629523 9.085030 -0.677646 0.643147 -1.184777 -1.755375
678710938 -1.901600 -20.333147 0.613208 3.629523 9.085030 -0.677646 0.643147 -1.184777 -1.755375
698669434 -0.875379 -22.300983 1.141645 4.521933 8.681543 -0.594399 0.590756 -1.087076 -1.701495
718627930 1.742971 -24.162182 1.236310 6.514397 7.319169 -0.403460 0.870287 -0.842557 -1.632651
738586426 4.525072 -25.325850 0.854825 6.514397 7.319169 -0.403460 0.870287 -0.842557 -1.632651
758544922 5.768083 -26.624369 1.836891 7.472069 6.347486 -0.219083 0.740862 -0.703989 -1.600108
778503418 8.428228 -28.616571 5.157859 8.346215 5.148689 0.045601 1.054065 -0.552739 -1.565333
798461914 12.802361 -30.405844 4.997635 9.093184 3.666015 0.211520 1.122923 -0.383134 -1.547539
818420410 15.163395 -29.912334 3.172644 9.600449 1.985282 0.245814 0.903795 -0.203851 -1.545197
838409424 15.887033 -31.539551 5.343785 9.801268 0.241241 0.217574 1.228101 -0.024602 -1.548601
858367920 17.583961 -34.795502 7.598843 9.680758 -1.560182 0.138360 1.287886 0.159773 -1.556505
878326416 20.813717 -34.429642 6.592195 9.200316 -3.393610 0.089368 0.980779 0.353360 -1.561083
898284912 24.522392 -32.881996 4.654497 8.350023 -5.140363 0.155481 1.330748 0.551741 -1.552178
918243408 25.711973 -31.564676 4.002961 7.197202 -6.651055 0.366254 1.295897 0.745336 -1.519952
938201904 25.825203 -30.537804 4.332541 5.827332 -7.859561 0.663253 0.877490 0.929719 -1.457466
958160401 25.144730 -29.792713 4.414253 4.359294 -8.733566 0.944332 1.089644 1.098610 -1.357467
978118897 25.140890 -27.610159 7.595577 2.872127 -9.309442 1.120526 0.922965 1.250998 -1.198820
998077393 24.378607 -22.990108 7.565097 1.388957 -9.627578 1.245363 0.367423 1.379401 -0.839854
1018066406 24.844353 -19.087994 6.908812 0.008388 -9.712355 1.356649 -0.240139 1.432009 -0.006183
1038024903 23.180618 -14.817016 3.956915 -1.224083 -9.615600 1.487362 -0.934292 1.373083 0.688603
1057983399 21.646671 -11.872339 2.788240 -2.301482 -9.399697 1.587221 -1.350119 1.281701 0.967049
1077941895 20.883202 -9.254556 3.056217 -3.237514 -9.113074 1.625047 -1.326696 1.192445 1.105596
1097900391 20.246014 -7.354664 3.565993 -4.037240 -8.789728 1.616096 -1.400028 1.111361 1.190034
1117858887 19.115488 -6.172532 3.410686 -4.700370 -8.456264 1.602658 -1.551329 1.039792 1.242194
1137817383 17.787374 -4.799055 3.319151 -5.269973 -8.120411 1.567388 -1.476321 0.975623 1.281709
1157775879 16.745804 -3.397135 2.819629 -5.776925 -7.779520 1.508836 -1.504711 0.916194 1.315320
1177734375 16.391899 -2.445417 1.600008 -6.222041 -7.436970 1.465627 -1.587735 0.860793 1.339459
1197723389 15.727097 -1.050601 0.171958 -6.599721 -7.114990 1.411028 -1.578480 0.811800 1.360166
1217681885 14.040535 -0.108905 -0.804186 -6.916276 -6.838538 1.252951 -1.564547 0.771675 1.391580
1237640381 12.323835 -0.094082 -0.529539 -7.173680 -6.607208 1.026414 -1.571982 0.739269 1.428680
1257598877 11.857729 0.374228 -0.380299 -7.381888 -6.395581 0.880154 -1.569485 0.710440 1.452125
1277557373 11.795483 1.475834 -0.925281 -7.541713 -6.209122 0.860090 -1.529980 0.685622 1.457243
1297515869 11.630095 2.688112 -1.393689 -7.646520 -6.076376 0.882480 -1.537257 0.668256 1.455895
1317474365 11.360241 2.902085 -0.532481 -7.686239 -6.025465 0.886506 -1.525727 0.661659 1.455967
1337432862 9.405605 2.571833 0.679729 -7.635950 -6.085437 0.911112 -1.536018 0.669434 1.452039
1357391358 7.211029 2.151298 1.301143 -7.506557 -6.237397 0.957543 -1.487792 0.689352 1.443921
1377380371 4.525602 1.305422 1.395878 -7.309859 -6.466147 0.961912 -1.539539 0.719972 1.439957
1397338867 2.054179 0.228974 1.061059 -7.070857 -6.741189 0.854245 -1.532007 0.757917 1.450567
1417297363 -0.902292 -1.164910 0.958581 -6.801214 -7.031595 0.685960 -1.465259 0.799522 1.470278
1437255860 -2.405639 -0.945447 1.051150 -6.543560 -7.280693 0.586282 -1.535761 0.836681 1.481438
1457214356 -2.817758 -0.395893 0.020746 -6.314784 -7.477856 0.612821 -1.524234 0.867213 1.474054
1477172852 -2.779509 -0.600657 -0.857362 -6.101286 -7.646485 0.689901 -1.448578 0.894226 1.458200
1497131348 -3.275554 -0.688170 -1.336501 -5.696423 -7.945144 0.771916 -1.518524 0.944458 1.436108
