0 0.255651 -0.063453 -0.218183 -1.936540 9.589411 -0.680730 0.987567 -1.359920 1.908824
19958496 0.073483 0.002117 -0.387439 -1.927314 9.590005 -0.698317 1.006286 -1.360209 1.918410
39916993 0.062370 -0.048857 -0.242506 -1.896771 9.594703 -0.717162 1.014856 -1.362513 1.932279
59906006 0.115351 -0.106083 -0.088236 -1.896771 9.594703 -0.717162 0.994512 -1.362513 1.932279
79864502 0.200302 -0.236096 -0.231417 -1.858787 9.599854 -0.747049 1.034147 -1.365070 1.952941
99822998 0.301008 -0.330422 -0.574456 -1.733355 9.616396 -0.831136 1.024504 -1.373497 2.017906
119781494 0.643367 -0.525694 -0.594745 -1.649774 9.627773 -0.868684 1.098428 -1.379505 2.055455
139739991 0.990708 -0.752890 -0.482185 -1.649774 9.627773 -0.868684 1.091103 -1.379505 2.055455
159698487 1.216920 -0.992798 -0.509060 -1.453181 9.649750 -0.970047 1.216052 -1.391675 2.159399
179656983 1.159556 -1.274150 -0.254300 -1.333982 9.660285 -1.034298 1.248217 -1.397808 2.230322
199615479 1.057974 -1.626247 -0.128318 -1.333982 9.660285 -1.034298 1.289600 -1.397808 2.230322
219573975 1.287473 -2.330137 -0.245673 -1.189616 9.671404 -1.104145 1.341483 -1.404525 2.318949
239532471 1.721781 -2.814512 -0.069220 -0.862620 9.693974 -1.205460 1.471280 -1.419061 2.520477
259521485 2.264606 -3.230515 0.273520 -0.711038 9.700754 -1.249074 1.599776 -1.423705 2.624089
279479981 2.394444 -3.881978 0.471552 -0.711038 9.700754 -1.249074 1.626787 -1.423705 2.624089
299438477 2.893307 -4.521076 0.059433 -0.433742 9.698324 -1.387360 1.819984 -1.422024 2.838582
319396973 3.102535 -4.968825 -0.077275 -0.433742 9.698324 -1.387360 1.812512 -1.422024 2.838582
339355469 3.394644 -5.339218 -0.211683 -0.316424 9.691985 -1.461404 1.852468 -1.417724 2.928364
359313965 4.235682 -5.407187 0.045106 -0.224466 9.686475 -1.514005 1.945998 -1.414083 2.994405
379272461 4.223889 -6.118823 0.991312 -0.174336 9.685580 -1.526278 1.978442 -1.413499 3.027863
399230957 4.432783 -7.257703 1.281828 -0.157880 9.686150 -1.524460 1.985745 -1.413870 3.038396
419219971 3.351748 -7.882297 0.753388 -0.201088 9.679139 -1.563400 1.933890 -1.409360 3.013673
439178467 1.761124 -7.654687 -1.337157 -0.531501 9.633561 -1.755671 1.821129 -1.382635 2.847630
459136963 1.541645 -7.356073 -3.086300 -0.734067 9.631880 -1.690692 1.664558 -1.381720 2.731971
479095459 2.351401 -8.010398 -1.028933 -0.734067 9.631880 -1.690692 1.702299 -1.381720 2.731971
499053955 4.448821 -9.442284 1.553854 -0.933378 9.646115 -1.500541 1.539453 -1.389608 2.585134
519012452 4.897868 -10.583680 0.631984 -1.241177 9.628032 -1.389566 1.347356 -1.379644 2.412540
538970948 3.964511 -10.810744 -0.879847 -1.704355 9.556806 -1.390336 1.163004 -1.344584 2.255070
558929444 3.509492 -11.323655 -0.125320 -2.287014 9.433640 -1.395130 1.011902 -1.294101 2.118552
578887940 3.519262 -12.758539 1.135012 -2.959354 9.248388 -1.371106 0.862728 -1.231753 2.004666
598846436 4.057540 -15.191505 1.379291 -3.757543 8.956882 -1.351116 0.747327 -1.151432 1.915975
618835450 2.785735 -17.839935 1.709917 -4.762726 8.470057 -1.320964 0.628470 -1.042576 1.841350
638793946 -0.919348 -19.716951 1.165818 -5.961011 7.682721 -1.269853 0.558352 -0.900149 1.780685
658752442 -4.953304 -21.317562 -0.215378 -8.249280 5.209395 -0.990948 0.725147 -0.560029 1.690349
678710938 -7.383554 -23.543550 -0.168571 -8.249280 5.209395 -0.990948 0.504886 -0.560029 1.690349
698669434 -7.679629 -25.911272 3.653799 -9.067093 3.657619 -0.761605 0.440347 -0.382212 1.654596
718627930 -8.209807 -27.859865 7.640759 -9.783329 -0.073218 -0.671924 0.742694 0.007466 1.639369
738586426 -9.672253 -30.658089 6.810318 -9.783329 -0.073218 -0.671924 0.418428 0.007466 1.639369
758544922 -12.615899 -32.988861 2.094855 -9.538140 -2.173763 -0.684853 0.459166 0.223519 1.642475
778503418 -16.215626 -33.134430 1.021923 -8.835515 -4.218243 -0.557225 0.528337 0.444649 1.633779
798492432 -17.447659 -32.164207 4.011734 -7.771999 -5.973354 -0.292312 0.588309 0.654941 1.608390
818450928 -16.251173 -30.989424 7.262102 -6.473646 -7.365734 0.090885 0.700507 0.849720 1.556758
838409424 -16.528847 -30.138187 8.122940 -4.975817 -8.431915 0.560739 0.822611 1.034909 1.458577
858367920 -16.730476 -28.761557 7.896867 -3.399442 -9.137076 1.062083 0.993915 1.199127 1.267977
878326416 -19.317245 -25.240042 6.876886 -1.790232 -9.516054 1.552476 1.429766 1.326747 0.856405
898284912 -21.483494 -20.719971 5.972693 -0.288889 -9.592460 2.017831 2.139710 1.361410 0.142202
918243409 -20.572439 -16.085121 4.405379 0.979179 -9.441062 2.465348 2.658091 1.296885 -0.378070
938201905 -18.971632 -12.826470 3.505679 2.012029 -9.164330 2.852573 2.882384 1.206856 -0.614300
958160401 -17.428722 -10.563273 3.253289 2.847289 -8.841578 3.144809 2.979855 1.123431 -0.735787
978149414 -16.084972 -8.575645 3.308044 3.541054 -8.511924 3.343421 3.001537 1.051109 -0.814097
998107911 -15.028046 -6.976237 2.674369 4.111763 -8.190519 3.489869 3.045626 0.988497 -0.867027
1018066407 -13.623953 -5.869578 1.003043 4.575975 -7.886087 3.611161 3.063526 0.934256 -0.902702
1038024903 -11.946818 -4.965761 0.175468 4.977837 -7.615165 3.660709 3.040825 0.889141 -0.936704
1057983399 -10.349425 -4.662614 0.204354 5.359415 -7.372215 3.619048 3.042497 0.850722 -0.976862
1077941895 -9.334740 -4.021122 0.496823 5.740038 -7.130645 3.517991 2.997657 0.814122 -1.020955
1097900391 -9.137605 -2.855603 0.479740 6.120935 -6.860108 3.412252 3.034453 0.774748 -1.062234
1117858887 -9.430387 -2.086552 -0.189615 6.767576 -6.258785 3.346330 3.056889 0.692182 -1.111586
1137817383 -9.734507 -1.766850 -0.927450 6.767576 -6.258785 3.346330 3.029610 0.692182 -1.111586
1157806397 -10.018003 -1.264609 -1.778406 6.994596 -5.966583 3.412611 3.022035 0.654071 -1.116882
1177764893 -10.000995 -0.852630 -2.674479 7.164834 -5.703933 3.507235 2.975482 0.620742 -1.115578
1197723389 -9.507759 -0.377558 -3.000968 7.364916 -5.380598 3.602440 2.965698 0.580771 -1.115878
1217681885 -8.511925 0.079665 -2.945321 7.364916 -5.380598 3.602440 2.935784 0.580771 -1.115878
1237640381 -6.727479 0.000082 -2.466806 7.402466 -5.346878 3.575582 2.929761 0.576663 -1.120820
1257598877 -5.032475 -0.556383 -1.794962 7.328423 -5.455304 3.564304 2.905997 0.589910 -1.118114
1277557373 -3.540205 -0.879022 -1.930350 7.328423 -5.455304 3.564304 2.886864 0.589910 -1.118114
1297515869 -2.388977 -0.757666 -1.845082 7.255395 -5.541833 3.580185 2.883462 0.600566 -1.112401
1317474366 -1.405570 -0.799738 -1.079209 7.184883 -5.639102 3.570486 2.865111 0.612639 -1.109596
1337463379 -0.998193 -0.810485 -1.073706 7.110688 -5.728180 3.577215 2.856766 0.623785 -1.104691
1357421875 -0.620342 -0.630944 -1.529140 7.027233 -5.809488 3.610849 2.830199 0.634038 -1.096141
1377380371 -0.208209 -0.535532 -1.513337 6.944489 -5.889612 3.641007 2.821388 0.644218 -1.087897
1397338868 0.313383 -0.277238 -1.247628 6.864839 -5.971099 3.659284 2.799850 0.654651 -1.081062
1417297364 0.842619 -0.364480 -1.229940 6.784780 -6.051735 3.676091 2.788515 0.665059 -1.074259
1437255860 1.392243 -0.438664 -1.265599 6.709935 -6.125577 3.691133 2.802993 0.674664 -1.067877
1457214356 1.537325 -0.281494 -1.390051 6.642036 -6.187354 3.710847 2.763129 0.682757 -1.061305
1477172852 1.416588 -0.240294 -1.662002 6.581428 -6.241280 3.728485 2.779364 0.689866 -1.055361
1497131348 1.454122 -0.306644 -1.628760 6.524010 -6.299562 3.731379 2.755194 0.697595 -1.051261
