0 0.359116 -0.070637 0.578688 7.943727 5.106529 -2.644040 0.447974 -0.547695 -1.892108
19958496 0.136339 -0.239918 0.150115 7.949607 5.111000 -2.617598 0.444991 -0.548229 -1.888889
39916992 0.112229 -0.259016 -0.118271 7.952453 5.112894 -2.605222 0.436767 -0.548456 -1.887378
59875488 -0.259150 -0.442637 -0.160728 7.947704 5.117857 -2.609968 0.443142 -0.549049 -1.888094
79864502 -0.565706 -0.497332 -0.010833 7.942213 5.120668 -2.621145 0.440886 -0.549385 -1.889568
99822998 -0.715594 -0.567014 0.048495 7.935374 5.119739 -2.643580 0.416926 -0.549274 -1.892372
119781494 -0.697335 -0.522356 -0.125630 7.925681 5.114947 -2.681658 0.437574 -0.548701 -1.897056
139739990 -0.539716 -0.523055 0.132389 7.905063 5.115498 -2.740813 0.436842 -0.548767 -1.904543
159698486 -0.787552 -0.880160 0.802408 7.863744 5.138222 -2.816133 0.423287 -0.551485 -1.914683
179656982 -1.235630 -1.315661 1.218093 7.798238 5.189668 -2.902622 0.393913 -0.557656 -1.927123
199615478 -1.915721 -1.771999 1.060861 7.694765 5.265056 -3.039764 0.411188 -0.566742 -1.947022
219573974 -2.466688 -1.984241 1.135845 7.546301 5.359509 -3.240277 0.402884 -0.578201 -1.976376
239532470 -3.493049 -2.197320 1.487639 7.122411 5.637130 -3.696540 0.295823 -0.612393 -2.049529
259521484 -4.953083 -2.835718 1.659801 7.122411 5.637130 -3.696540 0.346253 -0.612393 -2.049529
279479980 -6.612360 -3.718485 2.462970 6.877146 5.822764 -3.869196 0.354361 -0.635720 -2.083274
299438476 -7.315248 -4.597402 2.887572 6.604954 6.000844 -4.066308 0.329295 -0.658480 -2.122640
319396972 -7.751956 -5.613192 2.886285 6.310233 6.154649 -4.297866 0.212542 -0.678466 -2.168721
339355468 -8.614779 -6.752879 3.046545 6.012362 6.300455 -4.508452 0.291349 -0.697714 -2.214210
359313965 -10.159650 -7.749496 3.647194 5.751185 6.446441 -4.640868 0.269322 -0.717302 -2.249755
379272461 -11.383102 -8.240421 4.877257 5.561860 6.585787 -4.675845 0.259804 -0.736317 -2.269865
399230957 -12.134928 -9.022041 6.142286 5.436511 6.693213 -4.670721 0.274026 -0.751202 -2.280572
419189453 -12.339039 -10.610161 7.994389 5.358487 6.759222 -4.665827 0.266026 -0.760452 -2.287206
439178466 -12.507824 -13.537666 7.997087 5.331150 6.778230 -4.669565 0.281200 -0.763130 -2.290137
459119389 -16.848711 -20.375935 10.210079 5.366915 6.777518 -4.629456 0.299235 -0.763030 -2.282555
479077885 -25.811890 -31.088026 11.268633 5.617096 6.665495 -4.493305 0.334888 -0.747342 -2.245497
499036381 -22.593861 -38.627739 13.657163 6.394115 6.157842 -4.167333 0.426341 -0.678884 -2.148397
518994877 -10.013967 -41.558933 12.710958 7.624271 4.917754 -3.722441 0.544680 -0.525299 -2.024988
538953373 9.171686 -39.411003 12.514891 8.832527 2.846645 -3.170717 0.677152 -0.294516 -1.915450
558911869 28.377512 -37.065296 14.090763 9.492652 0.224454 -2.451443 0.791168 -0.022890 -1.823521
578870365 32.008247 -34.905014 11.756790 9.308319 -2.576466 -1.699236 0.883066 0.265847 -1.751358
598828861 32.931301 -33.248222 4.291128 8.379619 -5.016832 -0.885306 0.892937 0.537016 -1.676056
618817875 33.935539 -32.062019 2.250322 7.110501 -6.752541 -0.119804 0.866568 0.759512 -1.587644
638776371 34.939423 -30.761734 6.917676 5.821296 -7.882564 0.384827 0.854290 0.933652 -1.504786
658734867 33.159264 -22.108158 10.558407 4.603003 -8.636015 0.634034 0.865137 1.077187 -1.433914
678693363 29.824261 -13.776463 11.441685 3.529666 -9.113234 0.812902 0.824497 1.192489 -1.344438
698651859 25.517862 -9.469860 11.022550 2.652007 -9.389147 0.990546 0.735307 1.277951 -1.213334
718610355 21.941797 -7.528834 7.165595 1.929299 -9.531799 1.262141 0.556521 1.333483 -0.991476
738568851 18.823572 -5.555892 1.580018 1.311893 -9.584858 1.606186 0.297442 1.357713 -0.684886
758527348 16.049004 -3.942088 -1.975325 0.339183 -9.578400 2.075952 -0.104660 1.354621 -0.161956
778485844 13.634452 -2.265709 -3.192862 -0.060548 -9.576785 2.109955 -0.276815 1.353855 0.028689
798474857 12.311189 -0.885334 -2.199653 -0.060548 -9.576785 2.109955 -0.309614 1.353855 0.028689
818433353 11.293343 -0.183024 -0.463788 -0.386262 -9.573889 2.088501 -0.450073 1.352487 0.182881
838391850 10.166296 0.497177 0.079572 -0.851764 -9.529081 2.154411 -0.595265 1.332307 0.376498
858350346 9.429632 0.759061 0.269350 -1.039355 -9.501760 2.192413 -0.679052 1.320786 0.442688
878308842 8.886595 0.937430 0.503660 -1.039355 -9.501760 2.192413 -0.722749 1.320786 0.442688
898267338 9.114296 1.748976 0.400571 -1.224668 -9.473361 2.219460 -0.781919 1.309338 0.504214
918225834 9.209155 2.764691 -0.506548 -1.381420 -9.441039 2.264698 -0.826744 1.296877 0.547725
938184330 8.642522 2.714424 -1.547794 -1.467144 -9.413173 2.325952 -0.845279 1.286561 0.562739
958142826 7.281170 2.272129 -1.585684 -1.468817 -9.402431 2.367968 -0.837990 1.282681 0.555202
978131840 6.036068 2.110123 -1.421079 -1.420747 -9.408779 2.372075 -0.819931 1.284968 0.539645
998090336 4.864277 1.655270 -1.562397 -1.163731 -9.448235 2.355203 -0.743200 1.299603 0.458925
1018048832 3.659942 1.385033 -2.114274 -1.163731 -9.448235 2.355203 -0.743200 1.299603 0.458925
1038007328 2.279110 0.761920 -2.411051 -0.729677 -9.528324 2.202043 -0.594104 1.331980 0.319977
1057965824 0.607395 -0.361499 -1.488210 -0.729677 -9.528324 2.202043 -0.594104 1.331980 0.319977
1077924320 -0.455006 -0.581543 -0.440862 -0.500700 -9.574885 2.059431 -0.515377 1.352956 0.238498
1097882816 -1.095304 -0.526900 0.275111 -0.287773 -9.612301 1.921264 -0.403240 1.371377 0.148678
1117841312 -1.583906 -0.883778 0.940694 -0.075712 -9.636206 1.818844 -0.305080 1.384082 0.041602
1137830326 -1.992185 -1.196533 0.703471 0.292632 -9.640285 1.774731 -0.124544 1.386336 -0.163417
1157788822 -1.776860 -1.072717 -0.152649 0.426383 -9.634735 1.777765 -0.046739 1.383276 -0.235396
1177747318 -1.309260 -0.677159 -1.007403 0.426383 -9.634735 1.777765 -0.025213 1.383276 -0.235396
1197705814 -0.789374 -0.400734 -1.327213 0.551826 -9.630710 1.765024 0.034915 1.381087 -0.303017
1217664310 -0.262731 -0.338306 -1.171865 0.682680 -9.628819 1.729216 0.104179 1.380067 -0.376009
1237622807 0.559373 -0.178724 -0.248990 0.986253 -9.624135 1.604282 0.240997 1.377564 -0.551204
1257581303 1.058537 0.351258 0.322377 0.986253 -9.624135 1.604282 0.263062 1.377564 -0.551204
1277539799 1.460111 0.624358 0.865630 1.163405 -9.613504 1.548357 0.354347 1.371998 -0.644384
1297498295 2.923746 0.241730 1.212459 1.347495 -9.595284 1.511676 0.434872 1.362800 -0.728038
1317487308 4.588579 0.201581 1.053578 1.556841 -9.563937 1.509220 0.494825 1.347850 -0.800929
1337445805 4.679159 0.163711 0.212204 1.820075 -9.513355 1.534204 0.566824 1.325611 -0.870419
1357404301 3.599342 -0.275990 0.296014 2.141188 -9.445006 1.541935 0.640599 1.298376 -0.946687
1377362797 2.810490 -0.269541 0.684588 2.473569 -9.365644 1.528583 0.728370 1.269760 -1.017271
1397321293 3.035871 -0.220918 1.408850 2.791927 -9.277617 1.517025 0.795797 1.240831 -1.073064
1417279789 4.160760 -0.617672 2.429837 3.110469 -9.172837 1.534412 0.849814 1.209301 -1.112518
1437238285 5.517498 -1.109516 2.798388 3.447119 -9.038520 1.610252 0.861623 1.172370 -1.133789
1457196781 5.958870 -1.939816 2.063317 3.807961 -8.865094 1.754973 0.882435 1.129007 -1.138940
1477155277 6.202130 -2.534193 1.709852 4.185636 -8.654897 1.934841 0.881756 1.081266 -1.137796
1497113773 7.298885 -2.842718 2.180203 4.576138 -8.409334 2.124253 0.874421 1.030417 -1.136195
