0 0.069998 0.105824 -0.000375 -0.534801 9.786946 -0.316329 -2.239051 -1.507395 2.104935
19958496 0.286578 0.167194 -0.276589 -0.520442 9.787481 -0.323623 -2.207586 -1.508261 2.127108
39916993 0.330090 0.372027 -0.343681 -0.511828 9.787560 -0.334799 -2.194115 -1.508389 2.150065
59875489 0.161940 0.290276 -0.189968 -0.516995 9.786786 -0.349187 -2.182600 -1.507136 2.164832
79833985 -0.116034 0.170732 0.033222 -0.545054 9.784609 -0.367043 -2.171764 -1.503739 2.163451
99822998 -0.323252 0.003881 0.066915 -0.553393 9.783768 -0.376883 -2.174650 -1.502470 2.168684
119781494 -0.335756 0.080530 -0.196219 -0.553393 9.783768 -0.376883 -2.174650 -1.502470 2.168684
139739991 -0.324471 0.018680 0.096133 -0.560070 9.783192 -0.381933 -2.164582 -1.501614 2.169297
159698487 -0.291936 0.005443 0.199466 -0.566615 9.782615 -0.387018 -2.157150 -1.500769 2.170045
179656983 -0.278933 -0.183603 -0.099975 -0.588458 9.779708 -0.425936 -2.138659 -1.496653 2.197329
199615479 -0.519356 -0.366014 0.234477 -0.588458 9.779708 -0.425936 -2.138659 -1.496653 2.197329
219573975 -0.938925 -0.693939 0.565599 -0.606889 9.777081 -0.459097 -2.109433 -1.493120 2.218429
239532471 -1.350979 -1.177457 0.007539 -0.623434 9.773094 -0.518020 -2.076921 -1.488047 2.264105
259490967 -1.555899 -1.430532 -0.441964 -0.628374 9.768801 -0.588267 -1.969784 -1.482909 2.323241
279479981 -1.889985 -1.691761 -0.454308 -0.624945 9.764959 -0.652222 -1.916834 -1.478554 2.377548
299438477 -1.989031 -2.302099 -0.551365 -0.616861 9.760874 -0.717780 -1.874977 -1.474137 2.431666
319396973 -1.847065 -3.229405 -0.820925 -0.594044 9.743827 -0.935599 -1.687384 -1.457544 2.575881
339355469 -2.287377 -3.844534 -1.207987 -0.594044 9.743827 -0.935599 -1.619598 -1.457544 2.575881
359313965 -2.908203 -4.597265 -2.107135 -0.585630 9.730006 -1.074428 -1.577637 -1.445690 2.642549
379272461 -3.427128 -5.832699 -1.953207 -0.573953 9.717837 -1.185165 -1.501544 -1.436110 2.690599
399230957 -4.022003 -7.107102 -1.370697 -0.549287 9.710776 -1.252794 -1.445590 -1.430851 2.728385
419189453 -4.196445 -8.421545 -1.965174 -0.412210 9.704718 -1.348673 -1.332953 -1.426490 2.844969
439178467 -4.647225 -9.840837 -2.662256 -0.412210 9.704718 -1.348673 -1.343509 -1.426490 2.844969
459136963 -5.723217 -11.552332 -3.065829 -0.299608 9.709700 -1.342515 -1.259957 -1.430066 2.922021
479095459 -6.323272 -13.191043 -2.113090 -0.133409 9.723897 -1.264289 -1.112748 -1.440794 3.036461
499053955 -5.644906 -14.843209 -1.160828 0.118103 9.737383 -1.157506 -0.924937 -1.451871 -3.039912
519012451 -3.873131 -16.167774 -0.986365 0.469700 9.735092 -1.085239 -0.623297 -1.449918 -2.733127
538970948 -2.326812 -17.659725 -0.735401 0.912627 9.707344 -1.051180 -0.261190 -1.428364 -2.426630
558929444 -1.389657 -18.923147 -0.394106 1.452535 9.644997 -1.017142 0.018390 -1.388975 -2.181692
578887940 -0.215403 -19.839848 0.297902 2.099019 9.531006 -0.961475 0.134159 -1.333139 -2.000332
598846436 0.010194 -21.725426 0.585468 2.830574 9.345947 -0.900834 0.267327 -1.263059 -1.878912
618835450 -0.667828 -24.797607 0.342923 3.650062 9.063497 -0.836940 0.363606 -1.178986 -1.796195
638793946 -1.299660 -28.803537 0.284422 4.594737 8.627531 -0.790244 0.436035 -1.075364 -1.741119
658752442 0.640951 -33.205051 1.906441 5.714316 7.932720 -0.767428 0.662392 -0.942300 -1.704297
678710938 5.478604 -39.159386 3.918254 6.982120 6.845420 -0.748753 0.758030 -0.772655 -1.677627
698669434 11.813321 -41.756653 6.404988 8.276718 5.215900 -0.678757 0.540378 -0.560812 -1.652621
718627930 21.766960 -39.451927 9.668986 9.336307 2.961118 -0.485349 0.585087 -0.306737 -1.622735
738586426 30.837477 -37.025806 7.784578 9.798409 0.260601 -0.305996 1.047137 -0.026577 -1.602015
758544922 31.521173 -34.776760 3.032393 9.484478 -2.488156 -0.155451 0.645721 0.256526 -1.587185
778503418 32.701019 -32.840172 2.983990 8.492092 -4.904137 -0.064792 1.063584 0.523694 -1.578426
798492432 34.198940 -31.345375 3.343517 7.008294 -6.858849 0.101983 0.609901 0.774569 -1.556246
818450928 35.713081 -30.358908 3.228138 5.269426 -8.260209 0.415282 0.584944 1.001549 -1.492149
838409424 36.380775 -26.855682 4.422227 3.602432 -9.092087 0.725841 0.785008 1.186693 -1.371972
858367920 31.673893 -20.661644 7.564239 2.190942 -9.517286 0.889620 0.608429 1.327267 -1.185090
878326416 27.739767 -16.090126 9.648693 1.020652 -9.707089 0.949247 0.161035 1.428181 -0.821631
898284912 24.466866 -13.544026 6.838571 0.070295 -9.749707 1.052929 -0.432889 1.462980 -0.066662
918243409 20.799641 -11.323810 3.833098 -0.687981 -9.711406 1.177143 -0.996381 1.431312 0.528907
938201905 17.584242 -8.714062 2.886605 -1.316413 -9.639590 1.231158 -1.278954 1.385951 0.818851
958190918 14.497742 -7.361657 1.713529 -2.379812 -9.435056 1.219262 -1.440451 1.294630 1.097329
978149414 12.830698 -5.354434 1.306853 -2.888738 -9.299173 1.162306 -1.498520 1.247684 1.188259
998107910 12.476373 -2.759427 1.495653 -3.351486 -9.147950 1.119346 -1.525946 1.202192 1.248459
1018066407 12.211738 -1.363053 1.258720 -3.751811 -8.993551 1.100154 -1.556704 1.160711 1.285560
1038024903 11.870249 -0.944019 0.866792 -4.108073 -8.841450 1.059665 -1.578125 1.123401 1.318352
1057983399 11.407837 -0.447232 0.964172 -4.108073 -8.841450 1.059665 -1.578125 1.123401 1.318352
1077941895 11.328543 0.455051 1.838630 -4.724857 -8.531686 1.027840 -1.542019 1.055182 1.356595
1097900391 11.698367 1.484304 1.569687 -4.724857 -8.531686 1.027840 -1.623713 1.055182 1.356595
1117858887 11.430752 2.011720 1.329600 -4.954636 -8.396858 1.055818 -1.628961 1.027949 1.360840
1137847901 10.922537 2.378075 1.669482 -5.111148 -8.301921 1.060496 -1.596062 1.009490 1.366212
1157806397 9.791685 2.909669 1.056413 -5.196762 -8.251086 1.040976 -1.645740 0.999825 1.373100
1177764893 8.367899 3.072253 0.730215 -5.211236 -8.249610 0.978435 -1.652291 0.999547 1.385202
1197723389 6.176256 2.627132 0.290673 -5.151605 -8.297786 0.882098 -1.643821 1.008698 1.401213
1217681885 3.844602 1.744230 -0.552264 -5.037891 -8.378512 0.768494 -1.646757 1.024338 1.419420
1237640381 1.802989 0.322967 -1.034589 -4.893475 -8.473228 0.654769 -1.659953 1.043218 1.437782
1257598877 0.874652 0.035219 -1.113710 -4.651487 -8.620558 0.469080 -1.652425 1.073870 1.470291
1277557373 0.706241 0.766457 -1.595862 -4.651487 -8.620558 0.469080 -1.652425 1.073870 1.470291
1297515869 0.557958 0.849512 -1.207733 -4.542617 -8.681631 0.405342 -1.652475 1.087096 1.481801
1317504883 -0.054464 -0.021012 -0.624659 -4.410497 -8.750577 0.381219 -1.658153 1.102438 1.484576
1337463379 -1.301396 -0.558157 -0.614270 -4.151758 -8.875835 0.390942 -1.665366 1.131576 1.476910
1357421875 -2.891713 -0.846259 -0.656909 -4.151758 -8.875835 0.390942 -1.623922 1.131576 1.476910
1377380371 -2.922939 -0.741092 -1.058904 -4.079763 -8.909403 0.385290 -1.624312 1.139695 1.476636
1397338868 -2.063727 -0.156672 -2.041753 -4.054217 -8.920015 0.408685 -1.612427 1.142292 1.470331
1417297364 -1.463360 0.214436 -2.760707 -4.049622 -8.920920 0.433723 -1.607600 1.142515 1.464101
1437255860 -1.082068 0.436203 -2.771621 -4.046066 -8.922031 0.443955 -1.582034 1.142787 1.461509
1457214356 -1.010561 0.593706 -2.693719 -4.030055 -8.928723 0.454909 -1.589442 1.144435 1.458393
1477172852 -0.944948 0.564858 -2.201481 -3.996692 -8.943769 0.453677 -1.586141 1.148160 1.457767
1497161866 -1.337694 0.200672 -1.334000 -3.942949 -8.968725 0.430699 -1.611457 1.154407 1.461995
