0 6.076477 7.948746 -0.244202 1.758953 -0.917717 -1.610963
40069580 5.583282 7.656662 -1.144424 1.617321 -0.930910 -1.772969
80047607 4.927261 7.556107 -1.675934 1.441205 -0.967641 -1.898656
120086670 3.830719 7.216125 -1.647217 1.192969 -1.046821 -1.976896
160125732 2.691086 6.540955 -1.642426 0.851254 -1.121657 -2.118770
199920654 1.786072 5.631165 -1.695099 0.444107 -1.158570 -2.330068
239990234 1.259354 4.596863 -2.279282 -0.159924 -1.055385 -2.636815
280059814 0.612915 2.686295 -2.657562 -1.695004 -0.777819 -2.914926
320068359 -1.110916 0.138870 -1.987183 -2.397646 -0.060923 2.631835
360137939 -3.385406 -2.106903 0.531509 -2.153606 0.551243 1.415067
399932861 -4.668701 -4.697418 1.312027 -1.849233 0.769464 1.296836
440032959 -7.838623 -9.452316 2.250549 -1.748412 0.858927 1.291206
480163574 -9.337387 -16.927002 3.677490 -1.388036 1.035638 1.195607
520202637 -6.756439 -32.249893 4.893753 -0.687012 1.317660 0.943941
560302734 9.308655 -56.584564 9.117126 1.448833 1.344472 -0.795792
600280762 35.295319 -71.079071 13.924683 2.034527 1.080467 -1.195024
640350342 41.548981 -58.092911 10.098740 2.250551 0.936290 -1.332363
680419922 30.075958 -43.258438 12.938263 2.099223 0.922916 -1.164541
720397949 21.605270 -33.542770 16.414642 1.894067 0.890638 -0.921083
760467529 19.962860 -24.171860 8.681381 2.079038 0.837658 -1.160590
800415039 15.207977 -17.219101 3.241745 2.250772 0.836301 -1.360779
840454101 12.061981 -11.530472 1.441315 0.490488 0.759333 -1.451868
880523681 10.338165 -9.131485 1.742981 0.471128 0.716553 -1.403770
920501709 8.494629 -7.249649 2.126053 0.462318 0.691525 -1.325552
960235596 6.698975 -6.809113 3.567368 0.468348 0.731244 -1.081469
1000244140 5.051773 -5.535400 1.829163 0.511207 0.800310 -1.223398
1040130615 1.244980 -6.531387 -0.349548 0.810212 1.375339 -1.844515
1080291748 -4.041412 -9.346970 -1.613693 -1.085070 1.135070 1.950690
1120330810 -5.573700 -9.758774 -1.029510 -0.832664 1.044608 1.753446
1160430908 -4.778824 -9.691727 0.090973 -0.964171 1.112626 1.551762
1200195312 -4.663910 -9.816223 -0.134079 -1.008729 1.127088 1.599537
1240295410 -4.774033 -9.964661 -1.824387 -0.665000 1.096892 1.935819
1280364990 -3.548203 -9.639053 -0.952896 -0.837450 1.206645 1.833163
1320373535 -2.293640 -9.787491 -0.957687 -1.212577 1.322102 1.966332
1360595703 1.053452 -8.901642 1.403000 0.288919 1.376196 -0.644049
1400543213 2.580948 -8.571243 1.106125 0.488864 1.254209 -1.165903
1440612793 3.562576 -9.897629 0.387863 0.932377 1.223410 -1.462352
1480651855 7.953537 -9.054871 1.972824 0.463139 0.835232 -1.327660
