0 9.078812 1.623276 0.023941 1.897406 -0.176928 -1.568159
40039063 9.667786 1.972824 -0.502777 1.868070 -0.201034 -1.622755
79803467 9.433151 1.896210 -1.398209 1.917126 -0.196283 -1.717948
119842530 8.485046 1.733398 -0.938522 1.890923 -0.200327 -1.680958
159881592 7.158661 1.350327 0.363922 1.863628 -0.186203 -1.520003
200073242 6.612778 1.493988 -1.565811 1.924120 -0.216403 -1.803300
240081787 6.579269 1.881836 -2.820374 1.969766 -0.257072 -1.975776
279846192 3.265686 0.857117 -0.009583 1.794510 -0.256671 -1.573731
319885254 4.232956 0.445328 -1.608902 2.354167 -0.098026 -1.934021
359924317 4.788406 1.666367 -1.651993 1.686554 -0.317821 -1.903008
400085450 -0.656006 0.119705 1.522705 2.242674 -0.072073 0.406787
440093994 -2.092529 -0.632065 1.221039 -2.317576 0.255201 1.042580
479858399 -0.004791 0.076614 -1.374268 -2.065545 -0.055691 3.138106
519897461 -2.121262 -1.297653 -2.322372 -1.954147 0.391290 2.401422
559936524 -2.327164 -2.619263 -1.594543 -1.733327 0.748326 2.171512
600128174 0.474045 -5.406113 -1.048660 -2.747741 1.361052 -2.717037
640136719 10.031708 -10.936707 -1.704666 2.767837 0.821437 -1.739116
679901123 25.105606 -10.309433 22.208618 2.164445 0.298388 -0.846550
719940186 31.076736 -3.993530 15.500061 2.218668 0.114493 -1.108135
759979248 27.993011 -0.651230 4.563354 2.306685 0.022957 -1.409200
799835205 28.639435 1.651993 2.968811 2.287989 -0.057312 -1.467504
839904785 22.093689 0.493210 3.687073 1.955977 -0.022015 -1.405437
879699707 17.563858 -1.115692 2.226608 2.182935 0.062934 -1.444697
919769287 13.867218 -2.336746 2.240967 2.303470 0.164841 -1.410580
959869385 14.417877 -2.614471 2.882614 2.268864 0.175977 -1.373465
999877930 12.052414 -3.169922 0.636856 2.590406 0.256844 -1.518005
1039916992 10.831375 -3.801987 1.115692 2.213017 0.335934 -1.468153
1079711914 10.797852 -4.319138 3.280060 1.981466 0.365531 -1.275885
1119781494 8.638275 -5.272034 3.189072 2.148864 0.519984 -1.217139
1159851075 9.236832 -4.865021 2.657562 2.172635 0.468567 -1.290649
1199859619 10.544067 -4.730942 3.184296 2.054520 0.405696 -1.277507
1239929200 11.420349 -4.462799 2.308014 2.116833 0.365794 -1.371386
1279724121 12.085938 -4.031830 2.403778 2.003611 0.316210 -1.374468
1319793701 12.914322 -3.122040 3.438080 1.717817 0.229497 -1.310609
1359863282 14.269440 -2.322372 4.299988 1.525931 0.154587 -1.278108
1399871826 15.217545 -1.651993 4.036621 1.401010 0.104547 -1.311507
1439910889 15.547943 -1.307236 3.821152 1.765091 0.081467 -1.329807
1479705811 16.620544 -0.972046 6.129150 1.635449 0.054817 -1.217499
