0 0.220261 9.332596 -0.335190 0.789013 -1.527845 -2.560227
40039062 -0.344772 8.896851 -0.900223 -0.258386 -1.462866 2.775839
80047607 -0.876282 9.035721 -0.957687 -0.757899 -1.428111 2.400553
120086669 -1.149216 8.848969 -1.297653 -0.822229 -1.377361 2.416785
160034179 -1.833954 7.733276 -1.086975 -1.361702 -1.301802 2.105827
200073242 -2.106903 6.440399 -1.350327 -1.464746 -1.200190 2.140752
240112304 -2.159576 5.659897 -2.164352 -1.591768 -1.075508 2.357299
280120849 -2.839523 3.169922 -2.341522 -2.385908 -0.711012 2.260369
320159912 -4.754883 1.177948 -1.829163 -2.595693 -0.227223 1.938036
360107421 -4.558563 0.000000 -4.280838 -2.780749 -0.000000 2.324786
400146484 -4.046204 -2.997543 -5.147537 -2.859159 0.429338 2.475418
440185546 -1.168365 -6.071701 -3.145981 -2.987365 1.065870 2.785996
480163574 4.017471 -7.939178 0.191544 2.131626 1.101878 -1.523155
520202636 8.164230 -13.364441 1.762131 2.148683 1.012226 -1.358222
560180664 14.561539 -19.330780 1.833954 2.274559 0.921412 -1.445511
600219726 19.359512 -25.536560 5.540176 2.682666 0.903081 -1.292072
640228271 21.983566 -32.767044 3.356674 2.747874 0.974522 -1.419276
680236816 26.288330 -38.010345 4.711792 2.734500 0.958307 -1.393444
720275878 30.468613 -33.102234 4.094086 2.776708 0.822343 -1.437226
760223388 26.307495 -24.090454 5.870590 2.735590 0.729348 -1.351241
800262451 17.942154 -20.096924 10.295074 1.635978 0.770956 -1.049870
840270996 15.926224 -17.439362 6.876144 1.743169 0.788047 -1.163222
880279541 15.155304 -11.516113 5.080490 1.607406 0.624332 -1.247341
920074462 11.104309 -8.973465 1.608902 1.823559 0.674592 -1.426908
960083007 7.455551 -8.896851 1.058243 2.119718 0.868397 -1.429798
1000091552 4.745316 -8.939957 0.411804 0.914910 1.081259 -1.484232
1040161132 4.280838 -7.790726 0.809235 0.853085 1.060909 -1.383964
1080200195 2.968811 -7.603989 -0.809235 1.297181 1.186268 -1.836910
1120239257 0.416595 -8.973465 -1.350327 -2.827276 1.414601 -2.842343
1160217285 -0.866699 -9.260773 -1.541870 -1.684351 1.382074 2.629500
1200286865 -1.115692 -9.490616 -2.657562 -1.527086 1.275953 2.744119
1240325927 -1.675934 -9.576813 -2.853882 -1.299194 1.238061 2.610603
1280334472 -2.025497 -9.763550 -3.327942 -1.160980 1.191133 2.594849
1320373535 -2.442093 -10.232819 -3.462021 -1.096356 1.178256 2.527255
1360351562 -2.049438 -9.883270 -3.380615 -1.159699 1.190289 2.596603
1400390625 -1.455673 -9.773132 -2.944870 -1.246491 1.246535 2.682509
1440429687 -1.192307 -9.643845 -2.240967 -1.391389 1.313418 2.652635
1480438232 -1.273712 -9.792282 -1.719040 -1.367929 1.355689 2.503913
