0 -1.355118 9.653427 -0.766144 -1.025726 -1.410914 2.085364
40069580 -1.163589 9.543289 -0.895432 -0.838538 -1.418143 2.226688
80139160 -1.541870 8.954315 -1.063019 -0.962881 -1.364618 2.174396
120147705 -3.021484 7.733276 -1.407791 -1.456793 -1.163821 2.006816
160186767 -4.434067 6.129150 -1.685516 -1.902907 -0.912146 1.934056
199981689 -5.219360 4.438843 -1.958450 -2.178652 -0.672449 1.929767
240020752 -4.343079 3.361465 -3.184296 -2.301821 -0.558014 2.203451
280090332 -3.462021 -0.047882 -4.199432 -2.785646 0.008798 2.452148
320098877 -5.147537 -5.114014 -3.596085 -2.693844 0.683478 2.180584
360260010 -5.837067 -9.303864 -1.766922 -2.460443 0.990568 1.864735
400024414 -3.332733 -12.813766 -0.569824 -2.209949 1.312812 1.740137
440093994 1.503555 -18.200729 -0.244202 1.962989 1.487299 -1.731807
480163574 7.905655 -24.286789 4.189850 1.771318 1.217823 -1.083452
520233154 19.977219 -34.557907 5.104431 2.166507 1.032842 -1.320636
560333252 31.134201 -44.038940 1.407791 2.328941 0.954926 -1.525610
600097656 33.916260 -52.150497 5.420471 2.251453 0.988394 -1.412317
640167236 42.262451 -39.944870 2.427719 2.508557 0.756391 -1.513415
680297851 29.961044 -27.044907 8.810669 2.261671 0.713710 -1.284788
720306396 19.565414 -21.988342 13.110641 2.018819 0.751077 -0.980426
760406494 18.765747 -17.262192 3.557785 2.365025 0.734899 -1.383431
800292968 15.892715 -10.510544 0.948105 2.422393 0.583491 -1.511210
840393066 11.836929 -8.992615 2.461243 0.615667 0.639521 -1.365788
880432129 9.686935 -8.394073 2.092529 0.654046 0.702749 -1.358050
920410156 8.001419 -7.867340 1.513138 0.701083 0.768168 -1.383895
960479736 4.821930 -8.264786 0.890640 0.998673 1.035318 -1.388149
1000244140 1.474823 -9.165009 0.023941 1.933400 1.411224 -1.554565
1040252685 -1.340759 -10.419571 -0.143646 -1.067870 1.442098 1.677527
1080413818 -2.590530 -10.721237 -0.469269 -0.908447 1.330002 1.750001
1120391845 -2.523483 -10.749969 -1.077393 -1.040602 1.320889 1.974315
1160491943 -2.001556 -10.639832 -0.665588 -1.095641 1.375086 1.891829
1200256347 -0.670380 -10.046066 -0.416595 -1.614093 1.492392 2.126826
1240264892 -0.210693 -10.496185 -0.909790 -1.886688 1.482057 2.914020
1280303955 -0.593765 -10.266342 -0.555450 -1.313517 1.491764 2.322867
1320312500 0.919373 -9.753983 0.316040 1.907205 1.471455 -1.239695
1360107422 2.987961 -9.327805 -0.440536 1.910111 1.257658 -1.717179
1400054931 4.529831 -8.997406 0.114929 1.235695 1.104256 -1.545430
1440124511 6.617569 -9.121902 1.786072 1.160867 0.926388 -1.307179
1480133056 7.240067 -9.835388 1.805222 1.156940 0.921775 -1.326441
