0 -1.321594 9.643845 -2.073380 -0.156955 -1.321158 2.574119
40069580 -1.580170 9.323029 -1.752548 -0.399620 -1.322894 2.407871
80078125 -1.551437 9.174576 -1.987183 -0.309982 -1.302625 2.478718
120117187 -2.025497 8.738831 -2.039856 -0.525139 -1.252994 2.359726
159912109 -3.011902 7.886505 -1.862686 -1.062805 -1.148742 2.124666
199981689 -3.332733 6.363785 -1.680725 -1.418624 -1.040340 2.037885
240051269 -3.433289 5.568909 -1.833954 -1.592288 -0.960773 2.061404
280059814 -4.462799 3.878601 -3.260910 -2.368652 -0.611885 2.201822
320068359 -4.486740 -0.435745 -2.197876 -2.711457 0.086996 2.026299
359863281 -5.659897 -5.822693 -0.411804 -2.538933 0.798255 1.643427
399993896 -6.320694 -9.950302 -1.766922 -2.622099 0.987716 1.843384
440124511 -5.511459 -14.724335 -1.192307 -2.518687 1.205058 1.783846
480163574 -6.991074 -24.444794 1.489197 -2.144201 1.286316 1.360919
520202636 4.347870 -42.942398 2.925720 1.028027 1.449360 -0.978485
559997558 25.412064 -67.387207 8.441956 1.732380 1.192560 -1.250064
600097656 47.745178 -82.973465 15.696381 1.980140 1.026178 -1.253174
640167236 43.550537 -61.712952 4.462799 2.168300 0.953796 -1.468679
680175781 27.231644 -42.109222 9.112335 2.046648 0.972297 -1.247885
720214843 18.162415 -31.890762 15.174454 1.281134 0.932348 -0.874789
759979248 15.777786 -25.747253 11.511322 1.311318 0.921842 -0.940486
800048828 13.512878 -17.999603 6.727707 1.354926 0.872940 -1.108851
840118408 11.180923 -11.238388 1.192307 1.392337 0.785134 -1.464560
880126953 7.709335 -9.428360 1.211472 1.565544 0.879386 -1.414927
920166015 4.960785 -8.422806 3.533844 -0.073692 0.944716 -0.951826
959960937 3.433289 -7.910446 2.370255 -0.078497 1.085467 -0.966560
1000061035 1.268921 -8.576035 1.886627 -0.302802 1.311640 -0.592090
1040100097 0.493210 -7.110779 1.786072 -0.474373 1.315886 -0.269428
1080108642 -0.239426 -7.268799 -0.646439 2.001407 1.476242 2.786882
1120178222 -3.778046 -9.318237 -1.077393 -0.619370 1.171800 1.848594
1159973144 -4.544189 -9.902420 -0.359131 -0.702986 1.139387 1.649663
1200103759 -4.802765 -9.662994 0.220261 -0.685061 1.109112 1.524967
1240203857 -4.836288 -10.026917 -0.153229 -0.678359 1.121188 1.602469
1280242920 -3.730164 -9.356537 -0.699112 -0.804779 1.185462 1.756068
1320312500 -3.409348 -10.017334 -1.120483 -0.523425 1.226787 1.888326
1360076904 -2.212250 -9.591171 -0.392654 -0.753869 1.340686 1.746458
1400207519 0.751785 -8.834610 -0.359131 1.287206 1.476768 -2.016448
1440368652 2.595322 -8.556885 0.938522 0.365575 1.258805 -1.223807
