0 3.442856 8.935165 -1.192307 1.588113 -1.183612 -1.904183
40069580 2.820374 8.288727 -1.130066 1.462144 -1.219442 -1.951888
79925537 2.456451 7.996628 -1.182739 1.337097 -1.242217 -2.019521
120025635 1.752548 7.149094 -1.039078 1.119334 -1.293166 -2.105975
160034180 1.297653 6.521805 -1.513138 0.691079 -1.274168 -2.432708
199829102 0.881073 5.880157 -1.881836 0.229806 -1.231121 -2.703708
239929199 0.718262 5.046982 -1.953674 0.038113 -1.179621 -2.789284
279754639 0.545883 4.209000 -2.346313 -0.899045 -1.050964 -2.913003
319854736 0.062256 2.015915 -0.986404 -1.196055 -1.114953 -3.078562
359954834 -0.368713 -0.057465 -0.847549 0.000000 -0.000000 -0.000000
399993896 -1.019928 -1.776505 -1.877060 -2.690385 0.693712 2.643858
440063477 -1.776505 -4.084503 0.330399 -1.735511 1.154284 1.386915
479888916 2.288864 -6.493073 -1.417374 2.750676 1.177747 -2.125248
519958496 4.568130 -12.176910 -0.244202 2.515553 1.211427 -1.624203
559783936 7.474701 -20.441696 -0.474045 2.518815 1.219592 -1.634131
599853516 16.266205 -29.774292 4.046204 2.393150 1.058053 -1.326995
640045166 25.201370 -38.474823 8.169022 2.396150 0.967788 -1.257334
679840088 33.308136 -42.851425 7.948746 2.466296 0.896592 -1.336535
720001221 35.721497 -38.685516 9.093185 2.400820 0.809548 -1.321533
759857178 33.241104 -28.701691 11.089935 2.277597 0.686255 -1.248787
799926758 28.902802 -18.550278 9.241623 2.215707 0.548706 -1.261322
839752197 19.249390 -14.125793 3.883392 2.367164 0.623587 -1.371727
879638672 11.894394 -12.416336 2.628830 2.427508 0.794948 -1.353279
919860840 9.050079 -10.261551 2.715027 0.545210 0.826622 -1.279339
959716797 8.006210 -8.475479 2.590530 0.520846 0.788986 -1.257863
999847412 7.814682 -6.512222 2.346313 0.452551 0.673602 -1.279115
1040008545 7.149094 -5.430054 0.569824 0.394201 0.648057 -1.491259
1079864502 5.018250 -5.243301 -1.795654 0.265334 0.777214 -1.914425
1119964600 2.341522 -6.555328 -1.206680 0.521555 1.188709 -2.046641
1159820557 0.172379 -8.283936 0.177170 0.266071 1.540968 -0.771692
1199920654 -1.618484 -9.806656 1.517929 -0.633288 1.348277 0.817448
1240081787 -3.270477 -10.864883 0.229843 -0.753905 1.277729 1.500633
1280029297 -3.414139 -11.013321 -0.478836 -0.765465 1.267424 1.710138
1320190430 -2.331955 -10.323792 -1.010361 -0.676263 1.329424 1.979649
1359985352 -1.460464 -10.357315 -1.829163 -0.893303 1.348537 2.467808
1400085449 -0.799667 -10.472244 -1.450882 -1.309993 1.413901 2.637860
1440216064 0.694321 -9.931152 -0.723053 2.333299 1.470199 -2.376463
1480163574 1.091751 -10.237610 0.392654 1.037861 1.457949 -1.225546
