0 3.093307 9.198517 -1.532288 1.380671 -1.211780 -2.030722
39764404 3.136398 9.198517 -1.551437 1.391248 -1.207298 -2.030159
79835747 2.791641 8.968674 -1.613693 1.276900 -1.225660 -2.094916
119905327 2.250549 8.657440 -1.383850 1.136588 -1.274605 -2.122096
159913872 1.771713 8.140289 -1.642426 0.857318 -1.282295 -2.318344
199983452 1.015137 7.153870 -1.412582 0.502452 -1.332269 -2.518466
239747857 1.154007 6.737289 -2.197876 0.411908 -1.217772 -2.658102
279847954 0.469269 4.922485 -2.298431 -0.378923 -1.126078 -2.940192
319978570 -0.933731 2.753326 -1.340759 -1.858069 -1.035235 2.533274
360017632 -0.924164 1.498764 -0.948105 -2.192199 -0.847231 2.368981
400117730 0.287308 0.225052 -2.935287 -3.019083 -0.076159 -3.044023
439882134 -1.235413 -1.695099 -2.293640 -2.735947 0.576840 2.647524
480012749 -2.178726 -3.280060 -1.067810 -2.369979 0.933907 2.026499
519777154 -1.426941 -4.141968 -1.168365 -2.380837 1.151893 2.256890
559846734 -0.991196 -8.690948 -0.584183 -2.007443 1.439178 2.103364
599916314 -0.694321 -18.229446 -0.948105 -2.089779 1.506422 2.509500
639711236 20.034683 -28.323410 4.812347 2.369139 0.941868 -1.335061
679872368 34.328064 -34.974503 3.849884 2.485018 0.791601 -1.459113
720002984 38.417358 -35.932175 9.342178 2.445732 0.737670 -1.332250
760042046 34.735077 -28.112717 5.343857 2.496458 0.674701 -1.418147
800081109 30.880417 -20.882233 5.061340 2.164275 0.588458 -1.408340
839876031 23.918076 -12.583923 4.774033 1.993364 0.476325 -1.373786
880006646 16.084244 -12.301407 3.687073 2.146540 0.640599 -1.345455
920106743 12.794617 -10.366898 2.389420 2.222854 0.672594 -1.386171
960115288 12.540833 -8.681381 5.760452 1.883941 0.561514 -1.140206
1000215386 11.688492 -6.861786 5.109222 0.568003 0.493514 -1.158709
1039979790 10.472244 -5.760452 2.394196 0.501501 0.492212 -1.346036
1080049370 8.552094 -6.114792 0.047882 0.463609 0.620718 -1.565197
1120149468 7.144302 -6.871353 -0.837967 0.501645 0.762513 -1.687554
1160158013 5.626373 -8.116348 -1.690308 0.637087 0.944260 -1.862644
1200227593 3.806778 -9.797073 -0.287308 1.861171 1.199229 -1.646126
1239991997 2.221817 -10.611099 0.823608 1.849973 1.351092 -1.215808
1280092095 1.197098 -10.912766 0.598557 1.964390 1.448760 -1.107144
1320131158 1.340759 -10.424362 -0.656006 3.108544 1.428575 -2.025831
1360170220 3.031067 -9.849747 -0.703888 2.467852 1.264799 -1.798976
1400178765 5.396530 -8.834610 0.684738 2.031887 1.018886 -1.444586
1439973687 7.915237 -8.245636 1.857895 1.268467 0.792437 -1.340246
1480073784 9.533707 -8.159439 1.719040 1.037125 0.699989 -1.392401
