0 8.116348 5.066132 -0.119705 1.783892 -0.557967 -1.585544
39978028 8.413223 5.262451 -0.167587 1.781225 -0.558868 -1.590713
80078125 8.025360 5.286392 -1.288086 1.700228 -0.576647 -1.729941
119873047 7.694962 5.190628 -1.177948 1.676101 -0.588082 -1.722697
159942627 7.881714 5.262451 -1.110916 1.689028 -0.584169 -1.710822
200012207 7.613556 5.171478 -1.240204 1.666811 -0.590590 -1.732272
240020752 7.469910 5.118805 -1.565811 1.649364 -0.590776 -1.777421
280090332 6.785172 4.979935 -1.805222 1.563589 -0.616921 -1.830827
319885254 5.937622 4.098877 -1.948883 1.644503 -0.580509 -1.887943
359954834 4.639969 3.112457 -1.235413 1.678706 -0.575116 -1.831014
399993897 1.910568 1.010361 -0.248993 1.894682 -0.482971 -1.700390
440002442 -0.062256 -1.115692 0.392654 0.949548 1.228490 0.157242
480072022 -2.925720 -2.753326 1.158798 -1.370188 0.718800 1.193680
519866944 -7.129929 -4.390961 3.002335 -1.915702 0.516241 1.172243
559936524 -9.811432 -3.059784 1.833954 -2.192397 0.297455 1.386009
600006104 -16.615753 -12.028473 1.115692 -1.749412 0.625532 1.503750
639862061 -9.303864 -29.817383 -0.852341 -1.105437 1.267151 1.662153
679962158 34.318481 -34.107803 3.351883 2.429399 0.779946 -1.473435
719787598 52.758636 -25.455154 4.888962 2.396191 0.447865 -1.478394
759887696 41.448425 -13.067551 8.480270 2.300399 0.299578 -1.368983
800048828 28.423965 -9.303864 6.086060 2.298249 0.309766 -1.359864
839935303 22.333115 -5.774811 5.037399 2.277118 0.247085 -1.348951
880004883 19.062637 -5.391739 2.030289 1.550980 0.274170 -1.464690
919799805 18.622101 -3.236954 0.287308 1.289246 0.172084 -1.555369
959960938 13.029251 -5.195419 2.748550 1.699132 0.371998 -1.362892
1000091553 9.265564 -7.015015 5.085281 1.773270 0.585956 -1.068847
1039978028 8.834610 -7.192184 4.041412 1.878329 0.637270 -1.141762
1080047608 8.729263 -6.737289 1.881836 1.595321 0.646357 -1.358468
1119842530 7.024582 -7.335831 0.507568 2.159551 0.805768 -1.498666
1159942627 5.894531 -8.293518 -0.105347 2.588341 0.952824 -1.588666
1200012207 5.985504 -8.274368 0.665588 2.342623 0.941631 -1.460051
1239990235 4.927261 -9.054871 0.339981 2.562465 1.071453 -1.501906
1280059815 5.918472 -7.982269 -0.105347 2.630249 0.932712 -1.588594
1319885254 5.607224 -8.082825 0.081406 2.602876 0.964248 -1.556279
1359954834 5.142746 -8.116348 0.833176 2.396786 1.000144 -1.410182
1400085450 5.473145 -8.068466 1.584961 2.162272 0.955916 -1.288918
1440063477 6.445190 -7.647079 1.628052 2.051342 0.855202 -1.323373
1480194092 7.613556 -7.484268 2.212250 1.909714 0.756587 -1.288016
