0 2.561798 9.428360 0.378281 1.836445 -1.302748 -1.424194
39794922 2.063797 9.198517 -0.454895 1.425402 -1.344968 -1.787744
79864502 2.054230 9.112335 -0.608124 1.360304 -1.339885 -1.858611
119934082 1.403000 8.786728 -0.981628 0.921553 -1.378334 -2.181297
159942627 0.751785 7.896072 -0.737411 0.635400 -1.438213 -2.346543
199981690 0.493210 8.001419 -0.708679 0.421818 -1.463304 -2.533586
239776611 0.244202 7.278366 -1.733398 -0.181855 -1.334770 -3.001633
279846192 0.502777 5.726929 -1.359909 0.165555 -1.322838 -2.787465
319915772 0.483627 3.371033 -0.100555 1.327620 -1.425298 -1.775795
359954834 -1.862686 0.656006 -1.268921 -2.527356 -0.283237 2.168815
399963379 -4.678268 -2.734177 -4.218582 -2.599066 0.409500 2.304572
439758301 -7.422028 -7.187393 -6.277603 -2.565842 0.636669 2.272851
479919434 -5.899307 -12.550400 -7.086838 -2.586434 0.937153 2.447387
520050049 -3.016693 -21.332336 -0.081406 -1.552061 1.430264 1.597775
560058594 3.050217 -36.420593 2.126053 1.346101 1.469063 -0.962075
600097656 30.205246 -47.237595 12.033264 2.442103 0.967962 -1.191684
639892578 46.198517 -40.217804 5.588074 2.637184 0.712706 -1.450423
680023193 39.849091 -31.431076 2.130844 2.677559 0.667151 -1.517374
719818115 32.010483 -26.862946 11.142609 2.524627 0.670181 -1.235822
759887695 27.413605 -20.604507 6.909668 2.572940 0.629808 -1.323887
799957276 22.127213 -14.800949 5.702988 1.451811 0.574781 -1.318550
839752197 15.974121 -11.956650 4.213791 1.530421 0.626484 -1.312883
879913330 14.125793 -9.299072 3.993530 1.427759 0.564671 -1.295275
920013428 12.636597 -7.584824 2.183517 1.410175 0.534118 -1.399693
960052490 10.228027 -6.828262 1.072601 1.536251 0.586128 -1.466309
1000183106 7.038956 -7.378937 0.569824 0.621275 0.807343 -1.490020
1039978027 4.343079 -8.245636 0.205902 1.093646 1.085545 -1.523423
1080108643 2.949661 -8.724472 0.761353 1.387352 1.234860 -1.318195
1120208740 1.426941 -9.591171 -0.167587 2.336634 1.422103 -1.687706
1160217285 0.311249 -10.218460 -0.842758 -2.491275 1.483102 -2.787810
1200256348 -0.043091 -10.328583 -1.015137 -1.952317 1.472740 3.099170
1240020752 -0.210693 -10.496185 -0.909790 -1.775771 1.482057 2.914020
1280151367 0.057465 -10.496185 -1.331177 -1.990610 1.444529 -3.098451
1320251465 0.636856 -10.070007 -0.857117 -2.722967 1.465153 -2.502573
1360137940 0.608124 -10.046066 -0.378281 3.098043 1.499628 -2.127268
1400268555 0.660797 -10.012558 -0.134079 2.826416 1.503557 -1.770983
1440063477 1.728607 -9.370911 0.201111 2.338944 1.387179 -1.454974
1480133057 2.863464 -8.896851 0.301666 2.123511 1.257802 -1.465833
