0 4.639969 8.576035 0.766144 1.990025 -1.069209 -1.407155
40069580 4.946426 8.686157 -0.320816 1.881100 -1.052232 -1.635564
80200195 4.587296 8.786728 -0.799667 1.752046 -1.083481 -1.743384
120239258 3.629608 8.288727 -0.924164 1.614114 -1.146389 -1.820117
160003662 2.743759 7.560883 -0.962463 1.386893 -1.203664 -1.908168
200073242 2.111679 6.272812 -0.790085 1.308136 -1.225744 -1.928822
240112304 0.043091 4.721359 -0.134079 -0.197722 -1.540976 -2.830635
280242920 -1.302444 3.586517 -0.100555 -2.364252 -1.221500 1.647849
320281982 -0.809235 2.006348 -0.708679 -1.948319 -1.078658 2.290045
360046387 -2.906555 -0.498001 -0.411804 -2.563416 0.168043 1.711541
400146484 -3.418915 -2.628830 -2.317581 -2.574719 0.566798 2.166515
440246582 -6.033386 -6.689407 -2.317581 -2.429807 0.802595 1.937544
480102539 -8.547302 -12.148178 -3.088516 -2.355599 0.928505 1.917541
520141601 -3.141190 -21.954834 -1.699890 -1.960538 1.409527 2.066828
559936523 12.799408 -36.573822 0.742203 2.223578 1.233633 -1.512874
599975586 26.369736 -48.113876 3.447647 2.304050 1.065857 -1.440791
640045166 31.914703 -47.831360 1.211472 2.403885 0.982069 -1.532855
680206299 31.263489 -38.187515 1.316818 2.446522 0.884332 -1.528701
720245361 24.516632 -32.302567 3.021484 2.300198 0.917947 -1.448172
760040283 19.445709 -29.692886 8.743622 2.005748 0.948057 -1.148240
800079346 18.799271 -21.729782 6.148315 2.037709 0.832357 -1.254711
840209961 16.381134 -15.887924 2.068588 2.184993 0.766162 -1.445183
880096435 14.432251 -10.558426 1.580170 2.072285 0.628775 -1.461742
920227051 10.946289 -9.811432 2.121262 0.625459 0.721629 -1.379381
959991455 8.939957 -8.054092 2.255341 0.621820 0.718003 -1.323676
1000122070 8.518570 -6.105209 1.508347 0.566022 0.614552 -1.395547
1040222168 8.796295 -4.908112 0.876282 0.512079 0.506847 -1.471505
1080322265 8.001419 -4.678268 -1.096542 0.473205 0.525034 -1.706991
1120330810 3.270477 -8.413223 -2.274490 0.913945 1.128575 -2.178470
1160095215 -1.599319 -11.616669 -0.325607 -1.420484 1.431211 1.771643
1200225830 -3.117249 -11.951859 -0.009583 -0.998467 1.315662 1.573870
1240325928 -3.423706 -11.760315 -1.297653 -1.135525 1.268975 1.933087
1280181885 -3.313568 -11.540054 -2.662354 -1.179911 1.217880 2.247650
1320312500 -3.169922 -11.487381 -2.839523 -0.987808 1.216003 2.301270
1360107422 -2.662354 -11.396408 -3.174713 -1.088121 1.222091 2.443747
1400146484 -0.876282 -10.491394 -2.643204 -1.572312 1.311354 2.821473
1440246582 -0.205902 -10.342957 -3.050217 -1.756283 1.283401 3.074191
1480133056 0.861908 -9.979034 -2.030289 -2.642822 1.353264 -2.740124
