0 -0.550659 9.150635 -2.394196 -0.100832 -1.308508 2.915527
39825439 -0.871490 8.781937 -2.365479 -0.290922 -1.291256 2.788603
79895019 -1.537079 8.125916 -2.264908 -0.683728 -1.245883 2.545340
119995117 -2.073380 7.527374 -2.087738 -1.003215 -1.198168 2.359645
159881592 -2.126053 6.880936 -2.580948 -1.013201 -1.118444 2.452538
200012207 -2.681503 6.823471 -2.327164 -1.276359 -1.091011 2.285567
240081787 -1.493988 7.158661 -2.427719 -0.679711 -1.191842 2.589936
280093635 -1.043869 5.521027 -2.782059 -0.492264 -1.077053 2.782634
320163215 -2.231400 2.504333 -0.852341 -1.972542 -0.809037 1.935669
360019172 -3.950439 -0.746994 -0.751785 -2.437646 0.183664 1.758852
400119270 -5.339066 -4.199432 -3.605667 -2.598874 0.577659 2.164777
439944709 -6.143524 -7.465118 -2.078171 -2.420772 0.855504 1.896983
480044807 -2.169144 -10.745178 -0.780502 -2.178630 1.359458 1.916193
520236457 4.299988 -15.538376 -1.278503 2.069049 1.289732 -1.859799
560031379 8.030151 -24.368179 2.140411 1.642155 1.242126 -1.310306
600131477 16.357193 -37.086182 4.132385 2.329749 1.143861 -1.323340
640201057 26.982651 -53.002838 7.120361 2.348322 1.086169 -1.312791
680209602 39.762909 -52.021210 7.407654 2.455257 0.909920 -1.386612
720035041 35.855560 -37.292084 4.343079 2.514709 0.801395 -1.450256
759860481 23.812729 -34.395111 13.081924 2.274367 0.902230 -1.068439
799991096 20.202271 -30.650574 8.384491 1.803692 0.950983 -1.177403
840091193 17.559082 -21.902161 5.118805 1.821239 0.875030 -1.287138
880130256 14.460983 -16.558304 4.323929 1.758923 0.831641 -1.280251
920260871 13.479355 -12.234375 4.730942 1.562771 0.708210 -1.233252
960086311 12.224792 -8.317459 3.457230 1.425797 0.579671 -1.295189
1000247443 10.486603 -6.349426 2.801208 0.379836 0.529294 -1.309768
1040042365 8.710114 -4.596863 1.316818 0.393951 0.480960 -1.420750
1080142463 6.344635 -4.448425 -0.296875 0.449016 0.610971 -1.617554
1120303596 1.331177 -7.307098 -1.651993 1.542349 1.288220 -2.463325
1160220588 -1.968033 -8.743622 -1.733398 -1.576896 1.279395 2.292889
1200290168 -2.968811 -9.370911 -1.671158 -1.499633 1.222097 2.083493
1240115608 -4.434067 -10.429138 -0.445328 -1.084926 1.166979 1.670894
1280185188 -4.836288 -10.726028 -1.958450 -1.095192 1.118040 1.955562
1320346320 -4.443634 -10.649414 -4.165909 -0.891730 1.051250 2.323948
1360232795 -3.687073 -10.342957 -3.960007 -1.009460 1.088814 2.391870
1400302375 -3.050217 -10.419571 -3.122040 -0.889846 1.174105 2.367830
1440127815 -3.150772 -10.644623 -2.992752 -0.896315 1.183207 2.330479
