0 8.499420 4.860229 -1.369476 1.813411 -0.513945 -1.730549
40008545 8.686157 5.166687 -0.699112 1.759574 -0.535183 -1.651109
79803467 8.441956 4.970367 -1.019928 1.764414 -0.528959 -1.691030
119812012 8.274368 5.142746 -1.201889 1.712144 -0.551429 -1.715042
159851075 7.742844 5.066132 -1.063019 1.663100 -0.575121 -1.707234
199829102 6.296753 4.912903 -1.661575 1.406861 -0.646314 -1.828794
239837647 4.553772 4.639969 -2.073380 0.989422 -0.747712 -1.998057
279602051 2.691086 4.204224 -1.278503 0.546266 -0.954285 -2.014317
319671631 2.576157 3.083725 -1.781281 0.374241 -0.777629 -2.175760
359680176 0.608124 1.321594 -3.509903 -2.066811 -0.355264 -2.970036
399719239 -1.355118 -0.919373 -0.421387 -1.866386 0.574859 1.872277
439819336 -1.374268 -2.475601 2.049438 0.419381 0.787027 0.590692
479614258 -1.201889 -4.386185 2.030289 0.206156 1.077284 0.534501
519744873 -3.533844 -6.358994 2.695877 -0.781452 0.960761 0.919107
559539795 -4.683060 -10.515335 1.805222 -0.954396 1.125474 1.202870
599609375 2.619263 -19.570206 0.043091 2.270620 1.437730 -1.554346
639678955 18.148056 -32.115829 -1.656784 2.373685 1.054669 -1.661837
679809571 23.587677 -50.330917 2.978394 2.183974 1.129493 -1.445192
719879151 33.906693 -65.845337 11.353302 2.049623 1.073309 -1.247691
759948731 39.351105 -54.156845 10.730820 2.144221 0.925285 -1.304575
799957276 34.184418 -28.692108 5.841858 2.252600 0.691190 -1.401539
839996338 23.865402 -14.135361 6.306320 0.790743 0.520059 -1.312456
880065918 11.774689 -15.112198 1.019928 1.297820 0.907085 -1.484392
920135498 3.241745 -16.203964 2.585739 1.493951 1.320268 -0.897497
960174561 3.495529 -13.043610 2.384628 1.479661 1.257100 -0.972121
1000152588 6.478714 -10.620682 1.024719 1.474014 1.017542 -1.413929
1040161133 8.394073 -7.666229 1.029510 0.296317 0.736394 -1.448758
1079895020 8.030151 -5.683838 1.508347 0.264473 0.607798 -1.385124
1119934082 6.708557 -5.827484 1.848328 0.265494 0.697169 -1.301949
1159942627 2.647980 -7.680603 0.402222 0.529587 1.235265 -1.420051
1199890137 -2.274490 -11.300629 -0.804459 -1.210863 1.360465 1.910752
1239929200 -3.169922 -11.492172 0.272934 -0.818944 1.300707 1.484907
1279693604 -3.730164 -11.180923 -0.215485 -0.791195 1.248289 1.628500
1319763184 -4.252106 -11.142609 -1.944092 -0.761803 1.173507 1.999627
1359771729 -4.314346 -11.185715 -1.901001 -0.756684 1.171908 1.985825
1399810791 -3.327942 -10.874466 -1.043869 -0.913891 1.260427 1.874745
1439849854 -1.532288 -10.505753 -1.307236 -1.018064 1.381377 2.277103
1479644776 -0.043091 -10.122681 -2.173935 -1.719952 1.359210 3.121774
