0 9.447525 2.413361 0.464478 1.800332 -0.249811 -1.521672
39794922 9.404419 2.303223 0.110138 1.815439 -0.240165 -1.559086
79895020 9.404419 2.604889 -1.173157 1.771504 -0.268232 -1.694901
119964600 8.939957 2.762909 -0.780502 1.715135 -0.298671 -1.657880
160003662 8.394073 2.772491 -1.470047 1.678420 -0.314539 -1.744167
200042725 7.671021 2.796432 -1.838745 1.606304 -0.340681 -1.806058
239868164 6.708557 2.375046 -1.790863 1.630909 -0.329579 -1.831665
279937744 6.478714 2.044647 -1.177948 1.709849 -0.301065 -1.750650
320007324 3.524261 1.254562 0.191544 1.672079 -0.341525 -1.516500
360015869 1.685516 0.761353 -1.819595 -1.778497 -0.297830 -2.394428
399841309 1.881836 0.114929 -3.524261 -2.202623 -0.028759 -2.651143
439666748 -1.388641 -0.885849 -2.748550 -1.934156 0.280104 2.673772
479797363 -6.019028 -2.135635 -1.958450 -1.825394 0.325409 1.885369
519927979 -6.785172 0.876282 -1.910568 -2.115609 -0.123678 1.845270
559967041 -9.562439 1.604111 -1.747772 -2.180429 -0.163544 1.751576
600036621 -16.146500 -10.539276 -6.191406 -1.670950 0.547345 1.936956
639862061 4.462799 -24.933212 5.779602 1.685961 1.285898 -0.657536
679962158 44.034164 -24.095245 18.435349 2.340544 0.467436 -1.174308
720062256 41.750092 -6.608002 18.435349 2.200447 0.143789 -1.154980
760070801 23.022644 -1.307236 14.676453 2.089592 0.047843 -1.003274
800140381 19.723434 -1.738190 6.675034 2.213631 0.083284 -1.244464
840118408 23.132782 -0.852341 3.677490 2.289987 0.036373 -1.413142
880187988 15.993271 -1.963242 1.680725 2.237829 0.121481 -1.466091
920227051 13.594284 -2.782059 2.652771 2.239865 0.198223 -1.378079
960266113 13.867218 -2.422928 2.336746 2.230826 0.170619 -1.403856
1000305176 12.765884 -2.001556 1.331177 2.313245 0.154698 -1.466896
1040100098 11.171341 -2.537857 2.767700 2.199964 0.217036 -1.327936
1080169678 11.496964 -2.360687 3.280060 2.111840 0.194945 -1.292882
1120269775 10.864883 -2.609680 3.107681 2.160509 0.226954 -1.292205
1160278320 10.500977 -2.628830 3.557785 2.115083 0.232804 -1.244129
1200317383 9.830597 -2.901779 4.041412 2.095953 0.266514 -1.180753
1240295410 10.491394 -2.308014 4.572922 1.992857 0.198998 -1.159752
1280334473 10.831375 -1.853119 3.462021 2.184620 0.161546 -1.261430
1320404053 11.022903 -1.632843 3.797211 2.129361 0.139150 -1.239044
1360412598 12.349289 -1.216248 4.237732 2.061838 0.092887 -1.240232
1400451660 13.158539 -1.173157 4.716583 2.035532 0.083731 -1.226620
1440399170 11.573578 -1.221039 6.167465 1.946909 0.092840 -1.081183
1480438233 11.434708 -1.201889 6.287170 2.074239 0.091845 -1.068082
