0 3.509903 8.858551 -0.809235 1.475555 -1.184604 -1.797394
39794922 3.145981 8.633499 -0.598557 1.449529 -1.215600 -1.758810
79895019 2.949661 8.552094 -0.536301 1.421265 -1.233623 -1.750649
119964600 2.394196 8.097183 0.205902 1.594888 -1.282302 -1.485007
159973144 2.159576 7.522583 0.114929 1.549165 -1.290860 -1.517628
200042725 2.446869 6.799530 -0.517151 1.491209 -1.218346 -1.779083
239898682 1.369476 5.037399 -0.804459 1.000093 -1.265366 -2.101915
279998779 -1.489197 2.940079 1.345535 -2.929686 -0.971813 0.836034
320037842 -2.863464 0.679947 -0.038315 -2.631424 -0.233118 1.584176
360107422 -4.491516 -1.120483 0.445328 -2.589202 0.243330 1.471971
400207519 -3.371033 -2.772491 -2.580948 -2.570426 0.578500 2.224223
440063476 -2.973602 -4.936844 -3.825928 -2.640317 0.794723 2.480895
480163574 -1.106125 -8.662216 -2.054230 -2.573715 1.307697 2.647651
520263672 3.021484 -14.968552 -2.542648 2.691448 1.312855 -2.270348
560241699 9.916779 -24.559723 1.810013 2.143365 1.181312 -1.390263
600311279 23.247696 -33.236313 6.880936 2.487321 0.940569 -1.283028
640167236 26.896469 -42.315125 6.095642 2.522340 0.993197 -1.347928
680206299 30.669724 -47.275909 0.478836 2.668696 0.995253 -1.555185
720306396 34.442993 -41.841064 9.212891 2.516171 0.865069 -1.309433
760284424 33.825287 -26.987442 9.504974 2.524513 0.654984 -1.296859
800292969 31.364044 -12.339722 14.484924 0.856812 0.343060 -1.138147
840057373 18.851944 -12.105087 6.703766 1.006682 0.544088 -1.229141
880126953 10.486603 -12.009323 0.162811 1.615391 0.852924 -1.555272
920166016 9.615112 -9.074020 -0.679947 1.395516 0.755209 -1.641395
960174560 8.729263 -7.378937 -0.938522 1.230109 0.698933 -1.677899
1000274658 4.458008 -8.068466 -2.796432 0.344358 0.992855 -2.131036
1040130615 1.355118 -9.069229 -2.059021 0.945889 1.305416 -2.559519
1080230713 -0.670380 -10.007767 -0.579391 -1.471259 1.482489 2.283519
1120330810 -2.398987 -10.505753 0.608124 -0.459408 1.339442 1.322534
1160339355 -2.691086 -10.783478 0.502777 -0.475423 1.322175 1.386095
1200347900 -1.556229 -10.026917 0.435745 -0.296770 1.410996 1.297787
1240234375 -0.186752 -9.974243 0.378281 0.375735 1.528525 0.458585
1280273437 0.866699 -10.170563 -0.560242 2.974219 1.469673 -2.144643
1320312500 2.772491 -9.552872 0.890640 1.243531 1.274911 -1.259967
1360290527 6.009445 -8.695740 0.818817 0.628759 0.961774 -1.435375
1400329590 8.355759 -8.676590 0.172379 0.738885 0.804126 -1.550169
1440216064 7.493851 -10.486603 2.006348 1.050578 0.933868 -1.309199
1480255127 11.099518 -9.706100 1.120483 0.656194 0.716014 -1.470188
