0 9.682159 2.375046 -0.972046 1.758795 -0.239394 -1.670857
40069580 9.955093 2.303223 -1.230621 1.769908 -0.225701 -1.693790
79864502 9.471466 1.910568 -1.436523 1.827645 -0.196855 -1.721318
119903565 9.155426 2.217026 -1.201889 1.752846 -0.235634 -1.701326
160003662 8.422806 2.533066 -1.168365 1.651901 -0.289517 -1.708631
200012207 6.363785 2.499542 -0.861908 1.496557 -0.371181 -1.705417
240051270 5.267242 3.040634 -1.182739 1.237005 -0.512957 -1.791679
279846191 4.683060 2.542648 -2.705444 0.905629 -0.439469 -2.094664
319946289 3.035843 1.407791 -1.182739 1.322510 -0.407860 -1.942298
360137940 0.095764 -0.746994 -0.790085 -2.382188 0.753732 -3.020974
400207520 -1.862686 -1.522705 -0.742203 -1.531556 0.649498 1.949973
440216065 -1.996765 -2.494751 2.288864 0.023849 0.687616 0.717346
480010986 -4.649536 -5.267242 2.279282 -0.935586 0.793927 1.115006
520074829 -13.345276 -13.910309 -1.470047 -1.521427 0.803113 1.680509
560113892 -8.489838 -26.499023 -1.010361 -1.142777 1.258697 1.689247
600122437 40.442856 -26.604370 9.907211 2.241513 0.568557 -1.330559
640161499 43.095627 -19.110519 6.952759 2.310067 0.412649 -1.410841
679956421 30.894775 -19.287689 4.180283 2.363433 0.554031 -1.436306
720026001 33.111816 -11.099518 7.623138 2.239831 0.315740 -1.344515
760095581 25.268402 -6.315903 7.469910 2.181499 0.235259 -1.283360
800104126 19.421768 -6.320694 3.596085 2.262403 0.309707 -1.387712
840143189 16.218323 -6.162674 -0.316040 1.394974 0.363068 -1.590280
879938111 11.238388 -6.924026 -1.053452 1.930192 0.550226 -1.664260
920038208 9.251190 -7.139511 0.847549 1.922586 0.655250 -1.479436
959863648 8.906433 -6.799530 1.374268 1.846377 0.646382 -1.417703
999902710 9.011780 -6.775589 1.704666 1.800824 0.636268 -1.383845
1040002808 7.268799 -7.603989 1.647217 1.595983 0.795419 -1.347945
1079828247 6.023819 -8.183380 1.460464 1.835713 0.922557 -1.332938
1119928345 5.128387 -8.528152 1.197098 2.013421 1.017599 -1.341477
1160028443 4.472366 -8.801086 1.589752 1.967053 1.076198 -1.229265
1200067505 3.677490 -9.203308 0.469269 2.384292 1.187858 -1.443877
1240137085 4.400543 -8.801086 1.608902 2.081926 1.081589 -1.220279
1279932007 4.553772 -8.595184 1.637634 2.061259 1.058010 -1.225576
1320032105 4.534622 -8.566452 0.924164 2.261438 1.075486 -1.369748
1360101685 5.645523 -7.891296 1.364700 2.031914 0.936305 -1.333615
1400140747 5.822693 -7.934387 1.149216 2.074209 0.928569 -1.375932
1440179810 6.268021 -7.675812 1.575378 1.964012 0.870970 -1.324561
1480005249 6.928818 -7.465118 1.158798 1.972096 0.815759 -1.405087
