0 5.540176 8.279144 -0.004791 1.812506 -0.981061 -1.571661
40100098 5.334274 8.255203 -0.967255 1.657281 -0.989720 -1.750176
79956055 5.449203 8.370132 -1.053452 1.657783 -0.985278 -1.761763
120056153 4.764465 7.996628 0.052673 1.719285 -1.033437 -1.559741
160156250 4.453217 7.924805 -0.517151 1.579284 -1.055971 -1.686408
199981690 3.763687 7.704544 -1.082184 1.324434 -1.100535 -1.850777
240081787 2.102112 6.962341 -1.312027 0.768651 -1.228867 -2.128782
279907227 0.919373 6.076477 -2.451660 -0.463847 -1.163936 -2.782822
320068360 0.708679 4.132385 -2.298431 -0.876645 -1.043689 -2.842510
360229492 -0.454895 1.225830 -1.800446 -2.288382 -0.583446 2.894115
400085450 -2.844315 -2.197876 -0.028732 -2.214818 0.657863 1.580898
440246582 -5.535400 -5.870590 -0.043091 -2.151801 0.814762 1.578581
480041504 -6.335052 -8.595184 0.708679 -1.979793 0.932664 1.459393
520141602 -3.605667 -13.182480 -0.799667 -1.762314 1.297634 1.789044
560272217 2.499542 -20.072983 0.110138 2.042981 1.446792 -1.526762
600128174 12.722794 -31.354462 3.189072 2.125070 1.174592 -1.325198
640197754 24.138336 -44.742844 4.022263 2.443093 1.070314 -1.405680
680023194 32.149338 -50.886368 11.200073 2.337838 0.981161 -1.235569
720092774 32.858032 -45.580811 9.959885 2.377783 0.925210 -1.276481
760253907 28.438324 -34.452560 12.277466 2.318804 0.838493 -1.163245
800109864 24.689011 -28.285095 13.393158 2.273664 0.788898 -1.073749
840240479 19.440918 -17.219101 4.496307 1.106336 0.711956 -1.343512
880065918 10.706863 -14.623779 3.615250 1.419767 0.912884 -1.245159
920166016 10.237610 -11.678909 4.199432 1.225998 0.812364 -1.181531
960296631 10.074799 -9.926361 3.586517 1.146776 0.748182 -1.228796
1000183106 8.935165 -7.943954 1.934509 1.112494 0.715384 -1.357582
1040313721 8.044525 -6.325485 1.441315 0.290580 0.658675 -1.393510
1080108643 6.047760 -5.784393 0.220261 0.334962 0.762812 -1.534392
1120178223 2.039856 -7.637497 -0.325607 0.785779 1.306650 -1.729084
1160308838 -2.025497 -9.825806 -0.148438 -1.129683 1.366973 1.643950
1200195313 -5.243301 -11.458649 -0.785294 -0.664270 1.137441 1.719462
1240325928 -5.061340 -11.099518 -0.335190 -0.581157 1.142140 1.636925
1280120850 -3.873825 -10.606308 -1.661575 -0.725841 1.192518 1.975986
1320190430 -4.180283 -10.572800 -2.470810 -0.655149 1.140251 2.104619
1360321045 -3.840302 -10.702087 -2.044647 -0.726354 1.184676 2.060041
1400238037 -3.993530 -10.764328 -1.642426 -0.717282 1.189301 1.960982
1440307617 -3.141190 -10.529694 -1.661575 -0.670710 1.245317 2.057345
1480102539 -1.738190 -9.955093 -1.628052 -0.959076 1.335979 2.323488
