0 8.049301 5.008667 -0.900223 1.705791 -0.553834 -1.682172
39947510 7.489059 4.884171 -1.829163 1.637945 -0.564724 -1.810351
79925537 6.622360 4.347870 -2.217026 1.616996 -0.556858 -1.893847
119964600 5.784393 3.816360 -1.738190 1.617070 -0.563515 -1.862709
159729004 3.394974 2.925720 -1.762131 1.239614 -0.652960 -2.049561
199798584 -0.047882 1.493988 -2.015915 -1.641641 -0.637644 3.117845
239807129 -3.639191 -0.067032 -1.254562 -2.139441 0.017412 1.902774
279815674 -4.323929 -1.752548 -2.504333 -2.030837 0.337328 2.095766
319610596 -4.113235 -3.284851 -0.660797 -1.711869 0.667686 1.730087
359436035 -4.932053 -4.874588 1.901001 -1.186578 0.744955 1.202906
399566651 -6.042969 -9.241623 -3.031067 -1.763459 0.939220 2.035712
439605713 -7.570465 -27.308258 -4.797974 -1.622187 1.253664 2.135681
479644776 25.799911 -30.775070 7.029373 2.298399 0.855433 -1.304796
519805908 47.309433 -22.280441 8.614334 2.354354 0.433886 -1.390685
559600830 37.306458 -15.145721 8.255203 2.328665 0.377393 -1.353025
599700928 33.944992 -6.076477 9.059662 1.992188 0.171261 -1.309983
639831543 30.842102 -0.148438 4.611237 1.873324 0.004760 -1.422385
679870606 24.775208 1.604111 2.791641 1.792999 -0.064251 -1.458591
719970703 15.816101 -1.149216 0.110138 2.049587 0.072532 -1.563833
759765625 11.899185 -2.475601 1.249771 2.128668 0.204031 -1.466150
799835205 10.184937 -3.347092 3.241745 1.525983 0.303479 -1.262647
839965820 10.692505 -3.174713 3.098099 1.491156 0.277806 -1.288774
880004883 10.041275 -3.615250 1.537079 1.648962 0.341915 -1.418899
920074463 8.413223 -4.678268 0.799667 2.047584 0.505577 -1.476032
959930420 9.490616 -4.802765 0.474045 2.031986 0.467977 -1.520889
999969483 9.260773 -5.228943 1.101334 1.987877 0.511008 -1.452428
1040039063 8.561661 -5.659897 2.260132 1.931082 0.568730 -1.312701
1080047608 7.943954 -6.004654 2.130844 2.017341 0.630623 -1.308731
1120147705 8.327026 -5.669464 0.679947 2.206436 0.596214 -1.489322
1159973145 9.490616 -5.334274 1.101334 1.987790 0.509202 -1.455269
1199981690 10.122681 -5.300766 1.651993 2.024021 0.477009 -1.409025
1240081787 10.702087 -4.869812 2.207458 1.872541 0.419233 -1.367385
1280242920 9.504974 -5.042191 1.517929 2.038240 0.482538 -1.412435
1320281983 10.184937 -4.563354 1.747772 1.898699 0.415842 -1.400848
1360015869 10.955872 -3.993530 3.284851 1.664175 0.335921 -1.279500
1400054932 10.797852 -3.969589 3.457230 1.954238 0.336781 -1.260932
1440063477 10.395630 -3.725372 3.141190 1.959599 0.330462 -1.277355
1480041504 9.897629 -3.797211 4.175491 1.885966 0.339772 -1.171582
