0 2.015915 9.576813 1.110916 2.049045 -1.334924 -1.067130
39764405 3.021484 10.127472 0.239426 1.773790 -1.280000 -1.491720
79833985 2.485184 9.797073 0.387863 1.774982 -1.319487 -1.415975
119628907 0.541092 8.848969 0.023941 1.342470 -1.509667 -1.526579
159667969 -0.282516 7.934387 -0.972046 -0.811094 -1.443902 2.858744
199768067 -1.479614 5.865799 -2.020706 -1.692593 -1.167261 2.509564
239593506 -3.926498 2.245758 -3.711014 -2.559721 -0.393945 2.327988
279693604 -7.881714 -2.954453 -7.019806 -2.653929 0.272936 2.298419
319854737 -14.456192 -11.233597 -4.151550 -2.493461 0.641507 1.850452
359863282 -14.604630 -20.211853 -2.537857 -2.297911 0.938000 1.742849
399932862 1.570602 -32.355240 -3.471588 3.082313 1.453571 -2.716731
439727784 31.852463 -38.944092 -0.038315 2.474164 0.885234 -1.571999
479827881 38.762131 -42.176254 8.097183 2.410158 0.816906 -1.364864
519958497 38.230621 -31.129410 11.477798 2.440924 0.662342 -1.279133
559967041 30.473404 -21.485565 12.957413 2.443921 0.575560 -1.168753
600036622 28.553253 -15.045166 8.523361 1.967200 0.467561 -1.280709
639831543 25.263611 -10.232819 3.931274 1.985032 0.380700 -1.416424
679962159 20.824768 -8.355759 5.458786 1.890009 0.370230 -1.314435
720092774 16.558304 -7.211334 5.319916 1.876725 0.393060 -1.259929
760131836 15.279800 -5.219360 3.615250 1.847519 0.320918 -1.338466
800140381 10.443512 -6.708557 -0.258575 0.843997 0.570851 -1.595551
839904786 5.468353 -9.279922 1.235413 1.670718 1.027354 -1.348606
880004883 3.222595 -9.811432 2.585739 1.475235 1.172222 -0.894607
920135498 2.949661 -10.070007 1.149216 1.900361 1.266216 -1.199279
960144043 3.213013 -9.591171 -1.216248 2.851566 1.226840 -1.932665
1000244141 4.017471 -9.366119 -1.106125 2.892843 1.152194 -1.839468
1040008545 4.544189 -9.279922 0.397430 2.269850 1.113932 -1.483559
1080108643 5.410889 -8.667007 0.670380 2.042828 1.009267 -1.447530
1120208741 6.148315 -8.346191 0.852341 1.865774 0.931336 -1.433044
1160217286 6.540955 -7.991852 1.393433 1.668943 0.874005 -1.360902
1200286866 7.335831 -7.541733 2.140411 1.761538 0.778813 -1.286902
1240051270 6.416458 -8.173798 1.225830 2.074705 0.896543 -1.382026
1280151368 6.526596 -8.044525 1.182739 2.062048 0.881280 -1.391523
1320251465 7.393295 -7.594406 1.891418 1.801605 0.782968 -1.320339
1360260010 6.885727 -7.872131 1.417374 1.962286 0.841843 -1.367790
1400268555 7.038956 -7.254425 1.393433 2.248440 0.790864 -1.375363
1440032959 7.781158 -6.684616 2.753326 1.912063 0.680731 -1.230700
1480133057 8.643066 -6.689407 2.260132 1.943273 0.642723 -1.315027
