0 -0.636856 10.280701 -1.513138 0.066326 -1.412446 2.743213
39825440 -0.622498 10.218460 -0.598557 -0.413978 -1.486485 2.336590
79895020 -0.282516 10.443512 -0.493210 -0.114612 -1.516425 2.621404
119934082 -0.981628 9.763550 -0.919373 -0.515744 -1.433908 2.323457
159973145 -1.934509 8.705322 -0.732620 -1.162090 -1.337499 1.932817
200042725 -2.360687 7.139511 -1.063019 -1.353407 -1.222916 1.993900
239898682 -2.949661 4.285614 -2.451660 -2.317527 -0.840765 2.264255
279998780 -5.114014 0.828400 -3.730164 -2.837570 -0.130132 2.200983
319976807 -7.958328 -2.585739 -4.539413 -2.836645 0.275072 2.089165
360015869 -9.088394 -7.838623 -5.468353 -2.858547 0.636441 2.112454
400085450 -8.868118 -15.485703 -2.968811 -2.693233 1.027512 1.893842
439910889 -3.682281 -24.119186 -3.998322 -2.971430 1.349135 2.397319
480072022 8.169022 -33.810913 -1.264145 1.869263 1.331015 -1.724327
520202637 21.777664 -45.939941 5.252884 2.008233 1.117084 -1.334112
560241700 38.551437 -56.426544 4.156342 2.284834 0.968731 -1.463398
600372315 46.155426 -46.993393 4.654327 2.455885 0.791865 -1.470296
640472412 32.422287 -41.553772 5.722137 2.350360 0.900764 -1.396107
680572510 28.380875 -34.538757 8.599976 2.293117 0.861326 -1.276571
720611573 25.440781 -22.586899 2.312805 2.447141 0.724004 -1.480136
760620118 17.635696 -17.932571 4.036621 2.313891 0.780979 -1.345783
800659180 14.068329 -14.216766 3.232178 2.310120 0.777787 -1.344967
840423584 11.535263 -11.410767 4.218582 2.137694 0.748624 -1.220194
880462647 9.844955 -9.016571 2.331955 0.340720 0.727930 -1.338215
920532227 7.920013 -7.053314 0.766144 0.342585 0.725267 -1.474361
960571289 3.438080 -8.662216 -0.885849 0.720978 1.181812 -1.822970
1000640869 0.809235 -8.868118 -2.001556 2.470403 1.331990 -2.757383
1040405274 -0.215485 -9.179367 -1.781281 -1.882208 1.377763 3.021206
1080474854 -2.006348 -9.797073 -1.742981 -0.957027 1.305896 2.286066
1120544434 -3.442856 -10.457870 -2.576157 -0.611619 1.180696 2.213184
1160583496 -2.748550 -9.974243 -2.173935 -0.721361 1.232928 2.239988
1200683594 -2.264908 -9.835388 -1.565811 -0.901095 1.297829 2.175683
1240783692 -1.584961 -9.753983 -1.843536 -1.089696 1.326522 2.431471
1280853272 -0.277725 -9.619904 -1.776505 -1.603960 1.386016 2.986516
1320831299 1.043869 -9.327805 -0.895432 2.680149 1.424410 -2.279802
1360809327 3.026276 -8.628708 0.191544 0.887902 1.232854 -1.507587
1400573731 4.946426 -9.112335 0.277725 0.592158 1.072816 -1.514709
1440429688 5.300766 -9.121902 0.761353 0.555356 1.039941 -1.428141
1480590821 7.460327 -9.337387 1.584961 0.800124 0.885891 -1.361457
