0 6.890518 7.838623 0.550659 1.887595 -0.848100 -1.491050
40069580 6.785172 7.881714 -0.129288 1.822647 -0.859933 -1.589849
79864502 6.358994 7.929596 -0.138870 1.760863 -0.894762 -1.592631
119964600 5.482727 7.843399 -0.095764 1.645559 -0.960654 -1.588261
159790039 4.984726 7.685394 -0.186752 1.566107 -0.995088 -1.608244
199829102 4.472366 6.694183 -0.110138 1.601603 -0.981664 -1.595418
239929200 3.787628 5.396530 -0.852341 1.604638 -0.947158 -1.792142
279754639 1.235413 3.634399 -3.179504 -1.853354 -0.817084 -2.770991
319854737 -0.972046 1.216248 -2.044647 -2.300163 -0.492982 2.697810
360015870 -1.881836 -0.316040 0.804459 -2.720425 0.153214 1.166822
399963379 -2.652771 -1.249771 -0.627274 -2.333986 0.429880 1.802991
440063477 -5.401321 -3.730164 -2.030289 -2.402321 0.573870 1.930345
479858399 -6.335052 -7.235275 -2.935287 -2.350060 0.803208 2.004689
519958496 -4.386185 -13.239929 0.450104 -1.610200 1.249324 1.468536
560089112 5.190628 -21.418533 0.603333 2.010592 1.331497 -1.455081
599975586 14.633362 -33.595444 1.197098 2.184876 1.158780 -1.489172
640136719 17.070663 -52.447388 8.030151 2.186097 1.225511 -1.131103
679931641 32.149338 -63.618729 10.730820 2.331122 1.081293 -1.248644
720001221 35.510803 -48.698059 3.462021 2.523088 0.938485 -1.473611
760101319 26.987442 -34.150894 12.109879 2.313619 0.856999 -1.149005
800048828 20.460846 -26.618729 12.943054 2.230224 0.832733 -1.006767
840118409 15.116989 -21.873428 8.604767 1.019640 0.898971 -1.053323
879913330 12.756302 -15.978897 3.050217 1.093493 0.883484 -1.336089
920074463 10.261551 -11.951859 -0.397430 1.098261 0.860975 -1.609507
960205078 9.289505 -9.476257 0.876282 0.973816 0.793135 -1.476744
1000091553 8.772354 -7.058105 1.532288 0.824718 0.670203 -1.397869
1040191651 7.086838 -6.143524 0.177170 0.341901 0.714065 -1.545802
1079986573 4.486740 -6.263229 0.617706 0.363474 0.944722 -1.433983
1120056153 0.378281 -7.216125 0.009583 0.927852 1.518405 -1.545470
1160430909 -3.208237 -9.035721 -0.301666 -1.115348 1.228229 1.664549
1200256348 -4.721359 -10.036499 -0.239426 -0.875779 1.130597 1.621464
1240325928 -4.979935 -9.849747 0.177170 -0.700446 1.102432 1.535235
1280120850 -5.679047 -10.443512 -0.047882 -0.666517 1.072721 1.579227
1320190430 -5.798752 -10.836151 -0.402222 -0.679301 1.078442 1.640049
1360290528 -5.085281 -10.304642 -0.742203 -0.729522 1.108171 1.715724
1400238037 -4.649536 -10.352524 -1.063019 -0.791567 1.139072 1.795562
1440277100 -3.888184 -9.959885 -0.483627 -0.550337 1.195999 1.694545
1480072022 -2.250549 -9.696518 -0.239426 -0.729758 1.341493 1.676783
