0 3.222595 9.236832 -1.302444 1.340987 -1.210884 -1.954884
40039063 2.695877 8.786728 -1.565811 1.150742 -1.229843 -2.096991
79864502 1.901001 8.236053 -2.049438 0.738942 -1.243592 -2.393752
119903565 0.766144 6.880936 -1.972824 0.124463 -1.272410 -2.771171
159820557 -0.153229 5.607224 -2.442093 -0.716916 -1.159324 3.078930
199920655 -0.411804 4.496307 -2.456451 -1.088130 -1.064925 2.975495
240020752 -1.575378 3.620026 -0.991196 -1.858018 -1.095888 2.132396
280059815 -1.436523 2.375046 -0.933731 -1.999718 -0.945863 2.147167
320129395 -1.264145 1.570602 -1.757339 -2.187443 -0.627651 2.517997
359985352 -1.312027 -0.622498 -0.483627 -2.387109 0.418833 1.923954
400024415 -1.637634 -4.453217 -0.536301 -1.900515 1.201582 1.887274
440124512 -1.819595 -10.237610 -3.227386 -2.439939 1.223560 2.628217
480133057 -5.070923 -20.570984 0.761353 -1.290479 1.326504 1.421769
520202637 8.054092 -32.738312 4.673477 1.847840 1.293683 -1.045017
559997559 31.909927 -37.292084 6.703766 2.387997 0.852332 -1.363724
600067139 35.908234 -38.709457 7.235275 2.535508 0.812994 -1.371965
640167237 35.611359 -33.523621 7.771576 2.516382 0.743608 -1.355932
680206299 30.837326 -23.922867 12.890381 2.367009 0.621224 -1.174859
720336915 26.819855 -15.911865 13.958191 2.291633 0.484449 -1.090929
760437012 21.600494 -9.346970 6.564896 2.387130 0.392535 -1.275744
800506592 10.572800 -8.992615 -0.311249 1.072476 0.704595 -1.600227
840576172 5.501877 -9.461884 0.344772 1.848558 1.043255 -1.508214
880554200 6.081268 -9.600754 3.505112 1.289909 0.939503 -1.047927
920623780 6.842636 -8.556885 3.711014 1.176318 0.832650 -1.073856
960662842 5.420471 -8.192963 2.571365 1.337296 0.938740 -1.127854
1000701905 2.446869 -9.366119 0.962463 1.435351 1.297111 -1.196040
1040740967 1.714249 -9.452316 0.277725 1.877730 1.389100 -1.410182
1080688477 0.478836 -10.237610 0.119705 2.076401 1.522622 -1.325825
1120880127 -0.167587 -10.299850 0.248993 0.231273 1.541666 0.592416
1160644532 0.239426 -10.357315 -0.047882 2.579644 1.547221 -1.768180
1200592041 0.258575 -10.170563 -0.684738 -2.444299 1.498954 -2.780521
1240570069 0.330399 -10.132263 -0.612915 -2.596218 1.502184 -2.647187
1280700684 0.723053 -10.194504 -0.043091 2.536010 1.499864 -1.630322
1320770264 1.968033 -9.586380 0.143646 2.167408 1.367791 -1.497936
1360809327 3.677490 -9.059662 0.363922 1.660595 1.183497 -1.472158
1400817872 4.960785 -8.920792 0.967255 1.455961 1.055325 -1.378232
1440826416 6.540955 -8.690948 2.106903 1.069854 0.901754 -1.259181
