0 0.047882 10.074799 -1.072601 0.260194 -1.464627 -3.096981
40039063 -0.220261 9.758774 -1.063019 -0.031902 -1.460009 2.937281
80017090 -1.101334 9.035721 -1.450882 -0.643281 -1.371870 2.492306
120056153 -2.020706 8.226471 -1.939301 -1.058459 -1.242651 2.335640
159973145 -3.371033 7.254425 -1.570602 -1.696675 -1.097082 2.006803
200012207 -3.217804 6.560120 -1.929733 -1.666991 -1.051255 2.110999
240051270 -1.877060 5.894531 -2.695877 -1.199731 -1.062371 2.533374
280029297 -3.102890 2.820374 -2.657562 -2.349444 -0.604222 2.279040
319824219 -4.319138 -0.541092 -1.771713 -2.581545 0.115390 1.960065
359619141 -3.912125 -3.778046 -0.895432 -2.490916 0.755214 1.795807
399749756 -3.816360 -7.733276 -2.135635 -2.508715 1.056120 2.080980
439819336 -3.318359 -11.554413 -2.111679 -2.450192 1.242687 2.137525
479858399 -0.636856 -17.879898 -1.345535 -2.764475 1.487731 2.699524
519927979 6.181824 -27.423187 -1.067810 2.022227 1.345904 -1.741842
559753418 14.331696 -44.187393 2.561798 1.850073 1.252518 -1.393914
599792481 32.508469 -61.918854 8.169022 2.465368 1.074626 -1.324605
639892578 48.870453 -59.883774 6.325485 2.575804 0.882249 -1.442078
679962158 42.985504 -38.259338 5.837067 2.575475 0.722757 -1.435830
720092774 26.508606 -28.720840 18.837585 2.279911 0.723439 -0.952977
759887696 19.009964 -24.574081 8.365341 2.380914 0.869116 -1.156247
799957276 17.185577 -17.185577 2.729385 1.167578 0.779171 -1.413293
840087891 14.820114 -12.148178 1.810013 1.028411 0.683017 -1.449266
880096436 12.358871 -9.662994 4.362228 0.967183 0.635316 -1.231484
920196533 10.414780 -7.388504 3.792419 0.924493 0.587960 -1.221582
960113526 8.590393 -6.133942 1.642426 0.943442 0.611627 -1.381883
1000152588 5.185837 -5.477936 -0.699112 0.477387 0.808286 -1.704800
1040222168 0.296875 -7.848190 -1.350327 2.315276 1.396421 -2.925181
1080200196 -2.039856 -8.877701 -0.847549 -1.501798 1.326931 1.964589
1120300293 -2.863464 -9.658203 -0.268158 -1.141008 1.281380 1.664172
1160217285 -3.682281 -9.758774 -0.028732 -0.947365 1.209974 1.578599
1200286865 -4.185059 -10.304642 -1.843536 -0.883780 1.153117 1.985726
1240417481 -4.932053 -10.534485 -2.748550 -0.782725 1.078785 2.079214
1280364990 -4.347870 -10.328583 -2.375046 -0.855080 1.123548 2.070760
1320434571 -3.117249 -10.180145 -1.881836 -1.095035 1.227297 2.113921
1360168457 -1.714249 -9.749191 -1.254562 -1.566033 1.356256 2.202576
1400207520 -0.095764 -9.208099 -0.713470 -2.381458 1.492777 3.008167
1439971924 1.805222 -8.609543 0.272934 1.316965 1.361832 -1.420741
