0 9.777924 0.948105 0.545883 1.780076 -0.096512 -1.515026
40069580 9.208099 0.799667 -1.043869 1.826373 -0.086078 -1.683679
79925537 8.633499 1.000778 -1.254562 1.782525 -0.114214 -1.715100
119995117 8.734055 1.829163 -0.837967 1.595127 -0.205528 -1.666446
160095215 7.627930 1.503555 -0.541092 1.619700 -0.194141 -1.641613
200042725 5.382172 0.651230 -1.034302 1.790099 -0.118269 -1.760654
240142822 5.238510 1.800446 -1.048660 1.337879 -0.325054 -1.768368
280212402 4.577713 1.388641 -2.513916 1.096268 -0.259879 -2.072998
320251465 3.524261 0.708679 -0.699112 1.644118 -0.194743 -1.766625
360290527 3.040634 -0.622498 2.025497 1.853705 0.168763 -0.983156
400115967 3.213013 -0.703888 0.071823 2.145365 0.215615 -1.548446
440216065 3.902542 0.445328 0.181961 1.809152 -0.113499 -1.524204
480285645 5.573700 -0.330399 -1.244980 2.183848 0.057788 -1.790556
520324707 6.483505 0.732620 -1.742981 1.928968 -0.108693 -1.833420
560394287 8.374924 1.201889 0.555450 1.773927 -0.142229 -1.504570
600219727 8.370132 0.694321 -0.751785 1.885648 -0.082432 -1.660374
640258789 10.572800 0.301666 3.141190 1.866317 -0.027344 -1.282001
680419922 10.884048 0.660797 1.139633 1.881280 -0.060309 -1.466470
720489502 11.688492 1.355118 0.426163 1.832366 -0.115345 -1.534352
760620117 10.591949 1.297653 1.991974 1.801445 -0.119826 -1.384903
800476074 11.803421 0.330399 0.047882 1.959543 -0.027984 -1.566740
840606690 10.884048 -1.426941 1.556229 2.191806 0.129063 -1.428776
880706787 13.785812 -0.584183 2.987961 2.052867 0.041390 -1.357356
920715332 17.846375 0.617706 1.350327 2.048501 -0.034500 -1.495276
960815430 17.223892 -0.392654 6.287170 1.969199 0.021412 -1.220798
1000671387 16.754623 1.690308 3.256119 1.900329 -0.098711 -1.378847
1040710449 14.777008 0.368713 2.868256 2.089352 -0.024490 -1.379078
1080749512 14.599838 0.344772 3.567368 2.057599 -0.022936 -1.331149
1120727539 12.928696 -0.220261 3.313568 2.098306 0.016502 -1.319901
1160766602 11.607086 -0.220261 3.203445 2.087803 0.018290 -1.301509
1200531006 12.267883 0.086197 3.610458 2.048339 -0.006740 -1.284575
1240600586 10.874466 0.052673 2.624039 2.106937 -0.004709 -1.334020
1280731201 10.520126 0.239426 2.264908 2.102848 -0.022245 -1.358740
1320739746 10.759537 0.258575 2.877838 2.066935 -0.023212 -1.309445
1360839844 10.290283 0.493210 1.661575 2.109219 -0.047282 -1.410708
1400695801 9.864105 0.445328 1.853119 2.092577 -0.044341 -1.385096
1440795899 9.418793 0.387863 2.379837 2.098540 -0.039904 -1.323307
1480895996 9.749191 0.498001 2.073380 2.112602 -0.049922 -1.361246
