0 8.647858 4.453217 -0.852341 1.792747 -0.473572 -1.669040
40039063 8.657440 4.108444 -1.537079 1.867746 -0.437106 -1.746510
80017090 8.576035 4.534622 -1.944092 1.782646 -0.476106 -1.793718
120056153 7.790726 4.501099 -2.130844 1.651590 -0.508417 -1.837777
159851074 6.799530 4.185059 -2.255341 1.570489 -0.528717 -1.891068
199859619 6.162674 4.050995 -2.197876 1.470660 -0.554379 -1.913377
239898682 4.156342 3.581726 -1.862686 0.964741 -0.666387 -1.992115
279907227 1.589752 2.576157 -1.479614 -0.202215 -0.870365 -2.320327
319976807 -0.296875 1.115692 -2.212250 -1.918773 -0.463523 3.008194
359771729 -1.532288 -0.268158 -0.818817 -2.105376 0.153141 2.061565
399902344 -4.098877 -2.987961 0.335190 -1.616876 0.628320 1.489202
440002442 -7.019806 -3.734955 0.694321 -1.844820 0.486949 1.472208
480041504 -7.503433 -5.410889 -1.364700 -1.752541 0.617062 1.750707
520080567 -5.377380 -14.211975 -3.045425 -1.770651 1.160624 2.086098
559875489 1.915359 -29.166168 -4.960785 -2.908942 1.390453 -2.773126
600006104 27.317841 -39.044647 9.639053 2.192142 0.932478 -1.231586
640075684 34.332855 -43.756439 3.734955 2.354903 0.902636 -1.462436
680084229 36.152451 -38.790863 7.757217 2.303403 0.809356 -1.359432
720184326 34.079071 -25.105606 8.054092 1.952639 0.622003 -1.338719
759979248 28.194122 -18.454514 1.302444 2.082497 0.579080 -1.524634
800048828 18.210297 -14.858414 -1.106125 2.287396 0.683480 -1.631464
840148926 14.279022 -13.484146 3.701431 2.011221 0.740561 -1.317158
880126953 15.863983 -9.471466 5.492294 1.805328 0.513670 -1.237501
920135498 13.498505 -8.207321 2.557007 0.567201 0.538501 -1.383586
959899903 10.304642 -7.019806 -0.143646 0.529830 0.597970 -1.584735
1000000000 6.775589 -7.565674 -1.891418 0.602707 0.821754 -1.843018
1040100098 4.161118 -8.628708 0.780502 1.383106 1.114656 -1.385380
1080078125 1.781281 -9.701309 1.628052 1.359383 1.326995 -0.830312
1120300293 2.116470 -9.318237 0.277725 1.678788 1.345602 -1.440321
1160034180 1.517929 -9.270355 0.565033 1.623834 1.397826 -1.214448
1200134278 -0.215485 -9.979034 -1.259354 -1.731607 1.443455 2.972126
1239898682 -1.249771 -11.128250 -1.632843 -1.136953 1.388081 2.488311
1279937744 0.196320 -10.692505 0.670380 1.030647 1.505560 -0.284883
1320068360 3.117249 -9.155426 2.015915 1.067418 1.185579 -0.996747
1359893799 5.348648 -8.638275 -0.277725 0.717041 1.015790 -1.622674
1400024414 7.862564 -8.906433 0.172379 0.493557 0.847449 -1.548876
1440124512 10.424362 -9.260773 1.470047 0.442289 0.721471 -1.430700
1480407715 10.654205 -11.037277 0.177170 0.449032 0.802987 -1.554169
