0 0.488419 10.433929 -0.651230 1.033773 -1.492935 -2.498095
39825440 0.550659 10.687714 -0.062256 1.819828 -1.518991 -1.683375
79895020 0.292099 10.467453 -0.689529 0.767785 -1.499378 -2.740891
119964600 -1.149216 9.643845 -1.268921 -0.615912 -1.395107 2.405657
160003662 -2.375046 8.556885 -1.177948 -1.324580 -1.270353 2.031214
200042725 -2.820374 7.359772 -1.675934 -1.527116 -1.151468 2.106958
239868164 -2.930496 5.607224 -2.279282 -1.887293 -0.985963 2.231841
279937744 -4.199432 3.691864 -2.130844 -2.342362 -0.664898 2.040356
320007324 -5.391739 2.590530 -1.843536 -2.500088 -0.426692 1.900254
360076905 -5.348648 -0.368713 -3.533844 -2.781133 0.057453 2.154656
400177002 -5.951981 -5.559341 -2.427719 -2.713122 0.713056 1.958081
440185547 -7.340622 -10.773911 -2.470810 -2.643638 0.947502 1.895479
480224610 -3.481171 -16.668427 -4.438843 -2.919827 1.244466 2.476528
520233155 4.845871 -23.027435 -0.746994 1.719701 1.361004 -1.723743
560241699 9.624695 -35.668823 -0.301666 1.695462 1.307115 -1.602129
600250244 23.353043 -53.103394 5.166687 1.767533 1.147610 -1.353061
640258789 39.025482 -65.112717 3.988739 2.035530 1.028559 -1.468941
680267334 44.393295 -54.654831 -1.297653 2.617175 0.888422 -1.600019
720306397 33.217163 -33.988083 7.747635 2.359929 0.783626 -1.341651
760314942 21.547821 -30.808594 10.692505 2.185044 0.907882 -1.110176
800384522 21.255722 -21.911728 3.280060 2.429131 0.794712 -1.417690
840362549 18.837585 -13.546387 5.070923 2.284273 0.606955 -1.307838
880401612 15.514435 -8.030151 6.066910 0.465721 0.449181 -1.198030
920471192 10.376465 -7.264008 2.987961 0.509265 0.592176 -1.290426
960449219 3.126831 -9.916779 0.857117 1.166487 1.254812 -1.303252
1000518799 0.220261 -8.963898 -1.335968 -2.515573 1.420879 -2.978193
1040496826 -0.038315 -9.141068 -2.106903 -2.051022 1.344229 3.123409
1080566407 -0.837967 -8.844177 -2.092529 -2.252532 1.321243 2.760693
1120574951 -1.302444 -9.074020 -2.346313 -1.736113 1.283250 2.634840
1160552979 -1.944092 -9.715668 -2.671936 -1.357165 1.242963 2.512584
1200622559 -2.916138 -10.079590 -2.389420 -1.116025 1.212879 2.257242
1240570069 -3.112457 -10.084381 -2.111679 -1.085491 1.213805 2.166919
1280517578 -2.691086 -10.002975 -2.240967 -0.936758 1.234038 2.265182
1320526123 -2.217026 -9.830597 -1.589752 -1.039216 1.300097 2.192884
1360498154 -1.690308 -9.701309 -1.359909 -1.203151 1.350792 2.248296
1400506699 -1.312027 -9.648636 -1.695099 -1.392829 1.352187 2.482900
1440484726 -1.283295 -9.931152 -1.154007 -1.388407 1.398733 2.303199
1480493271 -0.301666 -9.509766 -0.885849 -1.943835 1.472707 2.813371
