0 -0.089834 -0.170481 0.859808 -5.591605 -7.778631 2.096961 0.558490 0.916045 1.212008
19958496 -0.531991 -0.053239 0.108249 -5.581105 -7.772774 2.146071 0.552824 0.915065 1.203702
39916992 -0.157119 -0.036139 -0.107567 -5.581105 -7.772774 2.146071 0.600299 0.915065 1.203702
59875488 0.259431 -0.015356 0.062078 -5.601222 -7.760850 2.136798 0.579511 0.913074 1.206350
79833984 0.319937 0.189105 0.154896 -5.615800 -7.753444 2.125389 0.568674 0.911839 1.208990
99792480 0.305261 0.082368 -0.244615 -5.619675 -7.748435 2.133397 0.566965 0.911006 1.207973
119750976 0.226099 0.072275 -0.452479 -5.608982 -7.753591 2.142786 0.571509 0.911864 1.205879
139739990 0.133536 0.053851 -0.086853 -5.608982 -7.753591 2.142786 0.561464 0.911864 1.205879
159698486 0.168013 -0.047718 0.056781 -5.603051 -7.759616 2.136483 0.570179 0.912868 1.206508
179656982 0.006085 -0.034862 0.338917 -5.594610 -7.768296 2.127041 0.556504 0.914317 1.207479
199615478 -0.025956 0.080679 0.494133 -5.585691 -7.775937 2.122554 0.556853 0.915594 1.207651
219573974 0.064460 0.113850 0.541465 -5.577496 -7.781075 2.125277 0.555811 0.916455 1.206736
239532470 -0.127296 0.192783 0.278775 -5.562521 -7.787904 2.139462 0.568571 0.917600 1.203618
259490967 -0.211946 0.223935 0.234120 -5.562521 -7.787904 2.139462 0.560922 0.917600 1.203618
279449463 -0.175058 0.160043 0.358502 -5.568836 -7.785573 2.131503 0.519632 0.917209 1.205244
299407959 -1.078382 0.563283 0.197320 -5.576796 -7.783751 2.117300 0.538860 0.916903 1.207944
319396972 -1.354239 2.470183 -1.310806 -5.582626 -7.783936 2.101195 0.553945 0.916934 1.210815
339355469 -4.642979 4.458331 -2.369217 -5.555376 -7.819452 2.040675 0.532438 0.922912 1.218764
359313965 -16.838146 3.872002 2.423527 -5.436665 -7.945470 1.866163 0.534452 0.944515 1.240143
379272461 -33.897057 4.781893 7.625729 -5.244887 -8.117970 1.661356 0.483314 0.975179 1.264038
399230957 -33.378578 3.180191 11.126451 -5.244656 -8.131442 1.594870 0.439609 0.977633 1.275588
419189453 -32.416054 -3.886517 21.271904 -5.701789 -7.816011 1.603107 0.315687 0.922331 1.296714
439147949 -31.308287 -14.366337 19.464142 -6.547896 -7.068338 1.825934 0.290036 0.804912 1.298847
459106445 -30.225113 -21.451000 8.961330 -7.477363 -5.976683 2.130421 0.317985 0.655369 1.293235
479064941 -29.330715 -27.195978 4.102184 -8.347113 -4.632202 2.244726 0.323608 0.491959 1.308089
499023437 -28.741787 -32.955925 4.639518 -9.020245 -3.096532 2.284088 0.333537 0.321256 1.322791
519012451 -24.859026 -39.003277 4.153923 -9.410760 -1.420686 2.364239 0.362902 0.145381 1.324663
538970947 -22.710007 -41.546371 4.117240 -9.521791 0.294912 2.327852 0.369599 -0.030077 1.331023
558929443 -16.296261 -43.492302 4.569436 -9.332249 2.047306 2.210893 0.378776 -0.210314 1.338176
578887939 -10.000479 -45.194111 1.724258 -8.824861 3.767404 2.024573 0.407345 -0.394307 1.345282
598846435 -5.188224 -42.830906 0.329124 -8.037782 5.309779 1.835950 0.419315 -0.572157 1.346234
618804931 -1.720494 -39.804066 0.053418 -7.028303 6.611097 1.751215 0.402391 -0.739806 1.326603
638763427 1.791900 -37.566231 -1.125158 -5.873834 7.656935 1.743506 0.357294 -0.895929 1.282254
658721924 5.651672 -35.337543 -2.395035 -4.672887 8.452327 1.700788 0.280898 -1.039000 1.221731
678710937 8.067228 -31.268427 -3.169372 -3.519215 9.022069 1.545252 0.197557 -1.168067 1.157052
698669433 8.541115 -26.329714 -0.081141 -2.457909 9.400663 1.325365 0.073319 -1.282047 1.076264
718627929 8.564478 -23.151340 0.092670 -1.468009 9.637533 1.064564 -0.085624 -1.384813 0.943373
738586426 9.732715 -20.290649 -0.535596 -0.529717 9.757400 0.826396 -0.552140 -1.470533 0.570020
758544922 9.143718 -17.021952 -0.510118 0.296768 9.778617 0.678943 -1.563709 -1.495166 -0.412077
778503418 8.080772 -14.137241 -2.060764 0.970108 9.741156 0.582369 -2.233398 -1.455159 -1.030146
798461914 7.214132 -10.968759 -2.267130 1.882847 9.611126 0.501532 -2.491978 -1.370774 -1.310472
818420410 5.923188 -7.697066 -0.609271 1.882847 9.611126 0.501532 -2.482240 -1.370774 -1.310472
838378906 5.081463 -6.262195 -0.755056 2.188501 9.548573 0.453433 -2.529088 -1.340871 -1.366498
858337402 4.604566 -5.310712 -2.097505 2.422128 9.496396 0.349494 -2.541411 -1.318585 -1.427493
878326416 3.430557 -3.833420 -1.238757 2.576635 9.458941 0.244475 -2.594279 -1.303709 -1.476198
898284912 2.731649 -2.668647 -0.745146 2.683992 9.431014 0.150209 -2.625216 -1.293123 -1.514890
918243408 2.221469 -2.122866 -1.119142 2.886954 9.372045 -0.025876 -2.646434 -1.271970 -1.579759
938201904 2.369882 -1.603278 -1.221245 2.886954 9.372045 -0.025876 -2.641668 -1.271970 -1.579759
958160400 2.378743 -1.573513 -0.820367 3.005855 9.334210 -0.088046 -2.642566 -1.259132 -1.600080
978118896 2.816487 -1.891612 -1.200266 3.130346 9.292553 -0.140657 -2.701725 -1.245564 -1.615699
998077392 3.024019 -1.821127 -2.696795 3.237606 9.254574 -0.202840 -2.708025 -1.233654 -1.633366
1018035888 2.720441 -1.247130 -2.134178 3.305743 9.229575 -0.239563 -2.717759 -1.226031 -1.643139
1037994385 2.146578 -1.093562 -0.912548 3.342397 9.216428 -0.237127 -2.699568 -1.222086 -1.641623
1057983398 2.237821 -1.427320 -1.170126 3.366662 9.207575 -0.237751 -2.687514 -1.219453 -1.641298
1077941894 2.063656 -1.296764 -0.873622 3.377175 9.203823 -0.233928 -2.670999 -1.218343 -1.639953
1097900390 1.737670 -1.320885 -0.765904 3.374960 9.204887 -0.223776 -2.699474 -1.218658 -1.637004
1117858886 1.720757 -1.031599 -1.033434 3.366630 9.208113 -0.216466 -2.653929 -1.219613 -1.635005
1137817383 1.280424 -0.869094 -0.572879 3.355138 9.212732 -0.197480 -2.657859 -1.220984 -1.629587
1157775879 1.612491 -0.960935 -0.460461 3.350662 9.214838 -0.173832 -2.680449 -1.221612 -1.622630
1177734375 1.422322 -0.743876 -0.560838 3.344657 9.217411 -0.151622 -2.651269 -1.222379 -1.616098
1197692871 1.230286 -0.638126 -0.460205 3.333789 9.221716 -0.127236 -2.644382 -1.223667 -1.608943
1217651367 1.242039 -0.467045 -0.244883 3.319864 9.227098 -0.097819 -2.646959 -1.225284 -1.600253
1237640381 0.992986 -0.378112 -0.163133 3.302908 9.233447 -0.068160 -2.654534 -1.227201 -1.591430
1257598877 1.054025 -0.338532 -0.438508 3.283325 9.240575 -0.043926 -2.644120 -1.229365 -1.584174
1277557373 0.829229 -0.227592 -0.111080 3.259933 9.248950 -0.011909 -2.625066 -1.231925 -1.574449
1297515869 0.888391 -0.170033 0.431077 3.234968 9.257685 0.025555 -2.654434 -1.234614 -1.562897
1317474365 0.834741 -0.075203 0.428871 3.208414 9.266768 0.058885 -2.613234 -1.237434 -1.552445
1337432861 0.751682 -0.134318 -0.259187 3.179573 9.276581 0.075888 -2.630264 -1.240505 -1.546933
1357391357 0.682700 0.015500 0.004235 3.146680 9.287573 0.098955 -2.647243 -1.243979 -1.539359
1377349853 0.340381 0.141627 0.590026 3.108963 9.299765 0.138221 -2.626454 -1.247874 -1.526367
1397308349 0.101445 0.106308 0.434560 3.071638 9.311616 0.170948 -2.601406 -1.251704 -1.515200
1417266845 0.097727 0.091653 0.523916 3.036498 9.322604 0.197805 -2.607826 -1.255295 -1.505746
1437255859 0.345116 0.023281 0.836604 3.005717 9.332098 0.219122 -2.600501 -1.258430 -1.498023
1457214355 0.254333 0.088375 0.275667 2.972729 9.342577 0.222544 -2.595471 -1.261927 -1.496074
1477172851 0.195298 0.034869 0.301457 2.937872 9.353580 0.223238 -2.593897 -1.265639 -1.494956
1497131347 0.154509 0.102525 0.404175 2.904948 9.363785 0.226246 -2.604010 -1.269122 -1.493070
