0 -0.039166 -0.198840 0.251568 -7.319672 -6.104958 2.307007 0.399222 0.671974 1.265473
19989013 -0.060484 -0.006109 0.256055 -7.326141 -6.107127 2.280579 0.373638 0.672257 1.269011
39947509 0.116256 0.080997 -0.291669 -7.326141 -6.107127 2.280579 0.388286 0.672257 1.269011
59906005 0.371415 0.172796 -0.756947 -7.321672 -6.113492 2.277873 0.373640 0.673087 1.269175
79864502 0.022552 0.318774 -0.720012 -7.305938 -6.135314 2.269712 0.377897 0.675936 1.269582
99822998 -0.144475 0.490518 -0.576532 -7.284022 -6.167704 2.252298 0.352515 0.680177 1.270911
119781494 -0.055469 0.837226 -0.209522 -7.256992 -6.211410 2.219196 0.363806 0.685923 1.274026
139739990 -0.096875 1.806454 0.098653 -7.213731 -6.277637 2.173417 0.348315 0.694682 1.278157
159698486 -0.650751 2.964983 0.095464 -7.132819 -6.384216 2.129571 0.371840 0.708913 1.280662
179656982 -4.853793 4.090718 1.217977 -6.980948 -6.562328 2.091076 0.357187 0.733093 1.279761
199645996 -12.847349 4.649897 3.324882 -6.772283 -6.776862 2.093019 0.387318 0.762937 1.271051
219604492 -23.426506 3.933005 1.319899 -6.557617 -6.942090 2.230565 0.436354 0.786515 1.242925
239562988 -29.075769 2.685323 -1.171654 -6.455837 -6.979026 2.405359 0.482800 0.791862 1.214143
259521484 -30.822624 0.763850 -0.512327 -6.589703 -6.844602 2.428505 0.504154 0.772538 1.217710
279479980 -29.887806 -2.987480 -0.267081 -7.564662 -5.895866 2.045734 0.454154 0.645016 1.306681
299438476 -26.456268 -8.150234 1.318838 -8.162873 -5.134708 1.781197 0.392742 0.551065 1.355957
319396972 -22.711298 -12.710299 2.735291 -8.162873 -5.134708 1.781197 0.422607 0.551065 1.355957
339355468 -19.789391 -16.486347 2.180333 -8.686610 -4.258186 1.606563 0.423386 0.449166 1.387916
359313964 -19.142632 -20.508846 3.473970 -9.121373 -3.285045 1.476283 0.402907 0.341585 1.410339
379302978 -20.221416 -24.804075 5.059194 -9.469785 -2.196446 1.291970 0.382139 0.225891 1.435203
399261474 -18.130917 -28.445971 5.447194 -9.707501 -0.949283 1.016697 0.389204 0.096952 1.466444
419219970 -12.357594 -31.610130 6.834352 -9.763651 0.469248 0.788238 0.380570 -0.047868 1.490239
439178466 -7.310746 -32.993580 8.445985 -9.584181 1.940697 0.739968 0.417124 -0.199211 1.493742
459136962 -6.210283 -32.786789 6.871524 -8.625993 4.521455 1.148508 0.192782 -0.479189 1.438430
479095459 -4.377414 -31.699440 5.011896 -7.879589 5.663901 1.415166 0.118374 -0.615733 1.393092
499053955 -2.000382 -30.097939 4.051572 -7.879589 5.663901 1.415166 0.371018 -0.615733 1.393092
519012451 -0.529325 -28.780382 3.083985 -6.990751 6.684150 1.619240 0.280374 -0.749938 1.343184
538970947 2.584532 -27.777790 1.517987 -5.995983 7.578849 1.667218 0.211687 -0.883285 1.299591
558959960 4.825098 -24.875580 0.354840 -4.975130 8.310513 1.534216 0.161410 -1.011138 1.271672
578918457 5.504226 -21.661221 -1.337116 -2.994171 9.282686 1.018361 0.010420 -1.242430 1.242955
598876953 6.015100 -19.037243 -2.141151 -2.994171 9.282686 1.018361 -0.000027 -1.242430 1.242955
618835449 6.939366 -17.232189 -2.899112 -1.192459 9.713732 0.625977 -0.200494 -1.433028 1.087392
638793945 6.836551 -15.556519 -3.242593 -1.192459 9.713732 0.625977 -0.200494 -1.433028 1.087392
658752441 6.325162 -13.593355 -2.395887 -0.438522 9.783228 0.516285 -0.544592 -1.501668 0.704134
678710937 5.316944 -12.040827 -1.931612 0.238391 9.793670 0.444501 -1.752772 -1.519339 -0.492273
698669433 5.238315 -11.052895 -1.314096 0.869944 9.759817 0.399449 -2.438840 -1.473027 -1.140346
718627929 5.664484 -9.938515 0.185015 1.463981 9.689213 0.382484 -2.632056 -1.415882 -1.315246
738616943 6.128708 -8.758752 0.653062 2.002490 9.593283 0.359650 -2.722764 -1.361814 -1.393090
758575439 6.031368 -7.598238 0.300989 2.471060 9.485193 0.308788 -2.850617 -1.314047 -1.446479
778533935 5.918334 -6.537838 -0.452769 2.869174 9.374361 0.244083 -2.886161 -1.272773 -1.485930
798492431 5.932871 -5.502673 -0.850345 3.205391 9.266191 0.183223 -2.921432 -1.237254 -1.513698
818450927 5.946390 -4.696061 -0.884491 3.684440 9.087782 0.086657 -2.964524 -1.185523 -1.547281
838409423 5.979426 -3.860173 -0.982879 3.684440 9.087782 0.086657 -2.950732 -1.185523 -1.547281
858367919 5.822745 -2.986961 -0.811272 3.887568 9.003160 -0.017514 -2.987409 -1.163176 -1.575301
878326416 4.692484 -2.188125 -0.934220 3.917417 8.989933 -0.072961 -2.974359 -1.159787 -1.589419
898284912 4.171644 -1.498816 -1.344749 3.930351 8.983804 -0.118310 -2.982081 -1.158225 -1.600889
918243408 4.279024 -1.069678 -1.089799 3.921850 8.987065 -0.148821 -2.990322 -1.159055 -1.608725
938232421 4.018402 -0.923238 -0.495916 3.921850 8.987065 -0.148821 -2.976184 -1.159055 -1.608725
958190918 2.980362 -0.700555 -1.420605 3.878386 9.005175 -0.188011 -3.025295 -1.163695 -1.619235
978149414 2.077231 -0.472004 -2.184528 3.726794 9.068025 -0.228774 -3.013768 -1.180197 -1.632106
998107910 1.136833 -0.096056 -1.318233 3.726794 9.068025 -0.228774 -3.004854 -1.180197 -1.632106
1018066406 0.545092 0.149993 -0.101013 3.654678 9.098029 -0.198984 -2.964926 -1.188313 -1.625189
1038024902 0.702106 0.053573 0.100786 3.603084 9.118972 -0.180379 -2.956681 -1.194076 -1.620817
1057983398 1.001162 -0.230441 -0.680543 3.554658 9.137745 -0.190833 -2.976181 -1.199315 -1.624430
1077941894 0.434650 -0.077389 -0.678933 3.411789 9.192028 -0.191607 -2.936255 -1.214875 -1.626898
1097930908 -0.148583 0.250557 -0.380079 3.342083 9.218040 -0.169179 -2.950926 -1.222567 -1.621374
1117889404 -0.466134 0.190230 0.020031 3.294730 9.235519 -0.142578 -2.915710 -1.227829 -1.614044
1137847900 0.021383 0.058308 0.499215 3.294730 9.235519 -0.142578 -2.928577 -1.227829 -1.614044
1157806396 0.112431 0.138182 0.501171 3.261348 9.247700 -0.118502 -2.950246 -1.231542 -1.607116
1177764892 -0.272433 0.122293 -0.022877 3.213944 9.264563 -0.093913 -2.893961 -1.236747 -1.600009
1197723388 -0.322557 0.346682 -0.014792 3.215844 9.264165 -0.063065 -2.909429 -1.236623 -1.590404
1217681884 -0.307925 0.320224 0.579341 3.239666 9.256013 -0.034126 -2.898321 -1.234098 -1.581330
1237640380 0.314659 0.113639 0.594685 3.268510 9.245918 -0.015598 -2.919164 -1.230996 -1.575568
1257598877 0.605684 -0.181025 0.720234 3.289083 9.238625 -0.011784 -2.903927 -1.228772 -1.574379
1277557373 0.632893 -0.339294 0.289722 3.289083 9.238625 -0.011784 -2.898384 -1.228772 -1.574379
1297546386 0.528080 -0.297209 -0.118839 3.300592 9.234510 -0.017123 -2.928941 -1.227523 -1.575984
1317504882 0.533598 -0.291811 0.108769 3.309981 9.231153 -0.015544 -2.918104 -1.226507 -1.575492
1337463378 0.515044 -0.482988 0.356196 3.324064 9.226100 -0.008378 -2.907328 -1.224984 -1.573317
1357421875 0.942735 -0.744006 0.078130 3.348364 9.217310 -0.006781 -2.885670 -1.222349 -1.572822
1377380371 1.181369 -1.021023 -0.210351 3.376778 9.206939 -0.006436 -2.898510 -1.219265 -1.572702
1397338867 1.187672 -1.137268 -0.174116 3.398101 9.199093 -0.000350 -2.913304 -1.216949 -1.570899
1417297363 1.412016 -1.108326 0.153845 3.412379 9.193798 0.011542 -2.893783 -1.215394 -1.567414
1437255859 1.642297 -1.255473 0.134317 3.418971 9.191336 0.018929 -2.904971 -1.214673 -1.565260
1457214355 1.783144 -1.239453 0.132382 3.414714 9.192918 0.019321 -2.941267 -1.215136 -1.565138
1477203369 1.951354 -1.492291 0.073556 3.365394 9.211107 -0.001771 -2.917930 -1.220501 -1.571323
