0 0.291934 -0.119248 -0.040905 -3.833723 -9.012750 0.493253 0.393679 1.165650 1.442838
19958496 0.277182 -0.038194 -0.072055 -3.823942 -9.017138 0.488938 0.409086 1.166787 1.443624
39916992 0.011477 -0.020285 0.022848 -3.814172 -9.021912 0.477066 0.431783 1.168027 1.446365
59875488 0.115539 -0.034480 -0.178221 -3.807042 -9.025377 0.468393 0.405531 1.168929 1.448378
79864502 0.071558 0.053208 -0.099828 -3.781233 -9.037040 0.452290 0.374401 1.171981 1.451748
99822998 -0.019918 0.056504 -0.072731 -3.781233 -9.037040 0.452290 0.401155 1.171981 1.451748
119781494 -0.045080 -0.019220 0.043936 -3.761769 -9.045315 0.449159 0.414124 1.174160 1.451958
139739990 -0.118562 0.041066 -0.101506 -3.736640 -9.055574 0.452191 0.408705 1.176876 1.450367
159698486 -0.191216 0.193749 -0.230455 -3.706370 -9.067917 0.453963 0.385526 1.180168 1.448921
179656982 -0.317644 0.046451 0.193536 -3.672379 -9.082223 0.444125 0.394880 1.184018 1.450444
199615478 -0.250760 -0.189664 0.374890 -3.636930 -9.097287 0.427198 0.369036 1.188111 1.453871
219573974 -0.450115 -0.283092 0.546125 -3.598104 -9.113563 0.408656 0.407560 1.192580 1.457705
239562988 -1.223726 0.049067 0.554143 -3.490762 -9.156540 0.377807 0.390651 1.204631 1.462985
259521484 -2.689528 -0.085040 -0.033039 -3.490762 -9.156540 0.377807 0.382513 1.204631 1.462985
279479980 -5.796900 -0.802337 -0.146709 -3.402672 -9.189914 0.371079 0.366671 1.214257 1.462170
299438476 -9.156970 -1.531812 -0.691865 -3.303161 -9.225833 0.378838 0.396728 1.224903 1.456606
319396972 -13.733527 -1.268428 -0.675079 -3.244904 -9.246157 0.386763 0.439215 1.231069 1.452165
339355468 -16.495005 -2.358074 -0.237335 -3.331176 -9.214349 0.411626 0.406126 1.221466 1.447852
359313965 -16.924694 -4.724648 0.144598 -3.611010 -9.107625 0.426804 0.406515 1.190944 1.453147
379272461 -16.056501 -6.630151 0.595279 -4.065133 -8.914481 0.420833 0.393033 1.140936 1.467641
399230957 -14.197285 -7.944088 1.098587 -4.635223 -8.631739 0.422116 0.402671 1.076267 1.479980
419219970 -11.897652 -10.240636 0.472355 -5.273720 -8.254304 0.474070 0.345015 1.000433 1.481144
439178467 -10.729232 -12.138057 0.625376 -5.932336 -7.790252 0.538300 0.354842 0.917994 1.480304
459136963 -9.906440 -13.631224 0.190662 -6.609127 -7.222479 0.570647 0.350630 0.827864 1.484668
479095459 -8.976072 -15.603935 -0.346738 -7.296199 -6.529287 0.551601 0.319053 0.728568 1.495339
499053955 -8.136592 -17.726845 1.237110 -7.970505 -5.698896 0.404977 0.330052 0.620111 1.520030
519012451 -7.207021 -19.092476 2.524714 -8.597266 -4.716882 0.091786 0.258165 0.501781 1.560120
538970947 -6.455914 -19.735189 1.983356 -9.112406 -3.612314 -0.292666 0.285293 0.377237 1.602903
558929443 -4.857204 -20.489645 1.953210 -9.482585 -2.415058 -0.646891 0.325522 0.248827 1.638910
578887939 -2.755994 -21.094852 2.482887 -9.696491 -1.151976 -0.906319 0.395510 0.117741 1.663994
598876953 -0.871827 -21.263369 1.975275 -9.751657 0.115548 -1.030638 0.404266 -0.011783 1.676094
618835449 0.747820 -20.594677 1.076336 -9.659428 1.338768 -1.036121 0.473610 -0.136944 1.677653
638793945 1.515200 -19.657799 0.859305 -9.437979 2.490885 -0.943635 0.536910 -0.256813 1.670448
658752441 1.134184 -18.952999 1.119527 -9.098516 3.570237 -0.800505 0.515357 -0.372626 1.658552
678710937 1.360801 -18.268806 -0.033475 -8.642716 4.588077 -0.650682 0.533267 -0.486861 1.645941
698669433 1.695281 -18.254816 -0.445352 -7.387291 6.437588 -0.394667 0.381062 -0.716105 1.624171
718627929 3.093648 -17.946716 -0.415687 -6.628822 7.220205 -0.312626 0.351410 -0.827521 1.617923
738586425 3.464049 -17.525684 -0.587155 -6.628822 7.220205 -0.312626 0.573324 -0.827521 1.617923
758544922 3.266367 -16.601448 -0.528970 -5.821913 7.887609 -0.247646 0.571707 -0.934517 1.613308
778533935 3.837205 -15.753663 -0.941164 -4.966685 8.454248 -0.167659 0.594212 -1.039386 1.604540
798492431 4.776131 -15.673203 -0.662594 -4.067768 8.923123 -0.039091 0.558904 -1.143056 1.580406
818450927 6.423482 -14.995408 0.212782 -3.150026 9.286151 0.123005 0.493294 -1.243528 1.531767
838409424 7.201442 -13.435633 0.521010 -2.268265 9.537272 0.256515 0.400531 -1.335868 1.458186
858367920 7.485878 -11.966084 0.676622 -1.448756 9.693019 0.341872 0.248630 -1.418418 1.339059
878326416 7.678513 -10.210614 -0.032075 -0.702137 9.774105 0.379803 -0.065721 -1.489305 1.074947
898284912 7.583046 -8.654570 0.088776 -0.036242 9.798577 0.396182 -1.038621 -1.530218 0.091224
918243408 7.316135 -7.459079 0.769807 0.555047 9.782494 0.406334 -2.053287 -1.500593 -0.938869
938201904 7.863927 -5.983790 -0.020536 1.077030 9.740194 0.372829 -2.363278 -1.454312 -1.237543
958190918 7.377136 -4.598044 -0.488352 1.532585 9.681156 0.311098 -2.488434 -1.410645 -1.370528
978149414 6.558729 -3.340212 0.053494 1.925983 9.612361 0.251961 -2.610119 -1.371408 -1.440713
998107910 5.870622 -2.142974 0.248170 2.262046 9.540142 0.198062 -2.631469 -1.337129 -1.483460
1018066406 5.854010 -1.711642 -0.251329 2.562108 9.465057 0.136708 -2.629681 -1.306082 -1.517489
1038024902 5.706306 -1.713750 -0.567573 2.821511 9.391726 0.070296 -2.714576 -1.278864 -1.545887
1057983398 5.283852 -1.162734 -0.350740 3.019530 9.330207 0.007429 -2.728289 -1.257804 -1.568336
1077941894 4.235470 -0.819539 -0.197094 3.260877 9.247903 -0.115601 -2.746003 -1.231604 -1.606233
1097900390 3.319088 -0.533983 -0.465294 3.260877 9.247903 -0.115601 -2.765190 -1.231604 -1.606233
1117858886 2.594351 -0.367645 -0.535485 3.329493 9.222419 -0.178529 -2.773457 -1.223878 -1.624366
1137847900 2.397034 -0.208571 -0.347644 3.383537 9.201620 -0.228588 -2.761719 -1.217693 -1.638253
1157806396 1.822276 -0.281844 -0.384934 3.417309 9.187767 -0.278071 -2.783619 -1.213631 -1.651989
1177764892 1.515995 -0.232879 -0.580358 3.426464 9.182554 -0.332315 -2.808720 -1.212113 -1.667479
1197723388 0.893086 0.004879 -0.210648 3.416022 9.184728 -0.376758 -2.751671 -1.212745 -1.680644
1217681884 0.867776 0.196517 -0.435273 3.411020 9.184874 -0.416445 -2.812199 -1.212788 -1.692283
1237640381 0.895245 0.167606 -0.836200 3.411509 9.182353 -0.465171 -2.799814 -1.212055 -1.706314
1257598877 0.862022 0.209456 -0.733820 3.411884 9.180104 -0.505078 -2.810903 -1.211402 -1.717764
1277557373 0.744742 0.219738 -0.644647 3.410633 9.178827 -0.535811 -2.828890 -1.211032 -1.726623
1297515869 0.715111 0.229434 -0.442793 3.416979 9.175726 -0.548358 -2.798329 -1.210135 -1.729920
1317504883 0.904872 0.024603 -0.105175 3.436359 9.168449 -0.548954 -2.820265 -1.208038 -1.729207
1337463379 0.974434 -0.055344 -0.232221 3.456876 9.160882 -0.546484 -2.833616 -1.205870 -1.727585
1357421875 0.721528 -0.158360 -0.498258 3.463449 9.157978 -0.553483 -2.809305 -1.205041 -1.729263
1377380371 0.480589 -0.232767 -0.192492 3.457485 9.159810 -0.560422 -2.795633 -1.205564 -1.731488
1397338867 0.465766 -0.434095 -0.070575 3.449422 9.162595 -0.564571 -2.834028 -1.206360 -1.733029
1417297363 0.475759 -0.485687 -0.222847 3.445463 9.163943 -0.566857 -2.826131 -1.206745 -1.733858
1437255859 0.342682 -0.403998 -0.347933 3.445537 9.164148 -0.563066 -2.845112 -1.206804 -1.732784
1457214355 0.041720 -0.304421 -0.029089 3.444949 9.164990 -0.552879 -2.836354 -1.207045 -1.729929
1477172851 0.272507 -0.446711 0.264873 3.454394 9.162412 -0.536447 -2.838798 -1.206307 -1.724860
1497161865 0.799217 -0.474677 0.161619 3.468543 9.157789 -0.523917 -2.823465 -1.204987 -1.720711
