0 -0.082414 -0.257478 1.170762 -7.600702 -5.667498 2.505830 0.532010 0.616182 1.252334
19958497 -0.180258 -0.240271 0.805118 -7.611169 -5.659319 2.492505 0.523312 0.615161 1.254323
39947510 0.116526 -0.007905 0.596955 -7.625260 -5.652038 2.465816 0.550713 0.614252 1.258035
59906006 0.163026 0.204762 0.126464 -7.629525 -5.649826 2.457684 0.570341 0.613976 1.259164
79864502 0.134336 0.439890 -0.826278 -7.629525 -5.649826 2.457684 0.574399 0.613976 1.259164
99822999 -0.199561 0.624437 -0.943292 -7.610735 -5.679952 2.446475 0.538004 0.617739 1.259778
119781495 0.293418 0.705682 -0.793375 -7.584887 -5.720772 2.431594 0.551216 0.622855 1.260564
139739991 0.259861 1.146678 -0.616585 -7.535851 -5.796592 2.404341 0.545799 0.632407 1.261952
159698487 -0.281427 2.013660 -0.205868 -7.535851 -5.796592 2.404341 0.541007 0.632407 1.261952
179656983 -1.800048 2.754076 -0.237742 -7.448096 -5.915773 2.387438 0.544166 0.647559 1.260601
199615479 -5.096176 3.741182 -0.023529 -7.309140 -6.088953 2.381493 0.544338 0.669891 1.255819
219573975 -11.123261 4.609347 1.083117 -6.867233 -6.571791 2.413103 0.548744 0.734392 1.232880
239562989 -21.082615 4.445443 1.198166 -6.867233 -6.571791 2.413103 0.545791 0.734392 1.232880
259521485 -27.793732 3.988773 2.097807 -6.683826 -6.737492 2.470436 0.542428 0.757398 1.216756
279479981 -31.352806 1.811847 3.746415 -6.681893 -6.731139 2.492879 0.528952 0.756507 1.213710
299438477 -29.277815 -2.567244 6.368110 -6.912602 -6.504866 2.464352 0.508284 0.725235 1.228341
319396973 -24.178028 -7.371912 7.476305 -7.737748 -5.499983 2.459231 0.458794 0.595403 1.263070
339355469 -20.742413 -12.407831 5.481695 -7.737748 -5.499983 2.459231 0.482602 0.595403 1.263070
359313965 -19.994961 -15.516603 3.739442 -8.171457 -4.861555 2.400614 0.486035 0.518687 1.285055
379272461 -21.653595 -18.404421 3.022997 -8.583549 -4.155123 2.286494 0.511638 0.437531 1.310461
399230958 -19.773178 -22.426958 3.317348 -8.980956 -3.291227 2.163480 0.487981 0.342255 1.334404
419219971 -18.260685 -26.309422 4.794606 -9.577860 -1.059845 1.819815 0.443842 0.108286 1.383032
439178467 -16.038071 -31.270304 5.627316 -9.577860 -1.059845 1.819815 0.512001 0.108286 1.383032
459136963 -11.181163 -35.816002 5.240374 -9.664987 0.331747 1.627383 0.562601 -0.033835 1.403982
479095459 -6.642545 -38.645592 6.048142 -9.526023 1.824594 1.447801 0.519159 -0.187147 1.419967
499053956 -4.281046 -39.743698 6.577559 -9.124941 3.339275 1.324793 0.550256 -0.347461 1.426620
519012452 -2.471867 -39.984169 5.511477 -8.451521 4.806674 1.279873 0.509487 -0.512255 1.420501
538970948 2.430588 -39.366547 5.118265 -7.515148 6.172669 1.261386 0.462436 -0.680829 1.404501
558929444 5.565472 -35.442490 3.853130 -5.302924 8.196356 0.932273 0.264383 -0.989580 1.396771
578887940 5.932077 -31.013266 1.351247 -5.302924 8.196356 0.932273 0.377121 -0.989580 1.396771
598876954 6.798141 -27.324211 -1.167406 -4.165834 8.852186 0.674544 0.328705 -1.125938 1.410267
618835450 7.378260 -24.333323 -2.195649 -3.024781 9.315898 0.484915 0.265924 -1.253099 1.411835
638793946 7.743718 -21.940922 -1.617549 -1.911229 9.609655 0.414869 0.206805 -1.370020 1.357043
658752442 9.539193 -18.103359 -1.336564 -0.863492 9.759487 0.420917 -0.016183 -1.472682 1.117231
678710938 9.863576 -14.392123 -0.625220 0.104545 9.795080 0.464600 -1.439179 -1.522215 -0.221334
698669434 8.253824 -12.555685 -0.014238 1.798356 9.619771 0.629528 -2.574815 -1.375260 -1.234070
718627930 7.095060 -11.351832 -0.464143 1.798356 9.619771 0.629528 -2.482961 -1.375260 -1.234070
738586426 7.372888 -9.379823 1.645971 2.522318 9.444708 0.778326 -2.511253 -1.298263 -1.271490
758544922 7.099862 -7.674212 3.022061 3.637178 9.046308 1.051500 -2.646402 -1.174421 -1.289371
778533936 5.495192 -6.646297 2.680243 4.036544 8.868277 1.109217 -2.687237 -1.129766 -1.302622
798492432 4.354344 -5.320134 1.632621 4.386927 8.698967 1.119474 -2.724187 -1.090911 -1.320944
818450928 4.323619 -4.466805 1.098189 4.707347 8.533765 1.089091 -2.742899 -1.055612 -1.343437
838409424 4.444505 -3.959221 1.196177 4.707347 8.533765 1.089091 -2.759165 -1.055612 -1.343437
858367920 4.456198 -3.299111 0.289596 4.983933 8.385891 1.003814 -2.762322 -1.025788 -1.372045
878326417 3.723046 -2.527221 0.123877 5.386697 8.161428 0.738214 -2.765833 -0.983125 -1.434601
898284913 3.430730 -1.868006 0.306574 5.386697 8.161428 0.738214 -2.798588 -0.983125 -1.434601
918243409 3.906086 -1.853507 -1.536081 5.682246 7.981262 0.426527 -2.807416 -0.950768 -1.495874
938201905 3.477181 -1.758438 -2.697451 5.771910 7.920822 0.340608 -2.857660 -0.940239 -1.511853
958190918 2.524360 -1.169599 -2.456059 5.771910 7.920822 0.340608 -2.825896 -0.940239 -1.511853
978149415 2.484605 -0.958828 -1.787727 5.902342 7.827621 0.247184 -2.860595 -0.924293 -1.528942
998107911 2.295668 -0.899787 -1.494884 5.941867 7.798828 0.207080 -2.875887 -0.919435 -1.535959
1018066407 1.673097 -0.789872 -1.567929 5.941867 7.798828 0.207080 -2.863249 -0.919435 -1.535959
1038024903 1.365706 -0.862080 -1.001182 5.970256 7.777928 0.173936 -2.873131 -0.915928 -1.541671
1057983399 1.470140 -0.950158 -0.394189 5.995809 7.759492 0.104611 -2.838707 -0.912847 -1.553351
1077941895 1.137386 -0.756745 -0.473368 5.995809 7.759492 0.104611 -2.884831 -0.912847 -1.553351
1097900391 1.089456 -0.713299 -0.608934 5.993021 7.762094 0.063081 -2.852685 -0.913281 -1.560271
1117858887 1.046712 -0.598654 -0.072197 5.982076 7.770773 0.015094 -2.833002 -0.914731 -1.568273
1137847901 0.781241 -0.529268 -0.021543 5.982076 7.770773 0.015094 -2.845440 -0.914731 -1.568273
1157806397 0.708555 -0.610770 -0.587937 5.979145 7.773041 -0.007365 -2.851745 -0.915110 -1.572028
1177764893 0.970933 -0.560481 -0.357384 5.985096 7.768435 -0.020681 -2.837319 -0.914340 -1.574252
1197723389 0.988555 -0.333807 -0.398927 5.995438 7.760465 -0.016498 -2.853415 -0.913010 -1.573548
1217681885 0.880215 -0.373441 -0.346146 6.017855 7.743070 0.025941 -2.840286 -0.910113 -1.566486
1237640381 0.908537 -0.339780 -0.045880 6.017855 7.743070 0.025941 -2.857558 -0.910113 -1.566486
1257598877 1.281387 -0.363570 -0.564406 6.032062 7.731937 0.042072 -2.851402 -0.908266 -1.563822
1277557374 1.135706 -0.331046 -0.054176 6.040946 7.724853 0.063088 -2.847542 -0.907092 -1.560353
1297515870 1.162931 -0.535395 0.319712 6.041641 7.724102 0.084852 -2.835803 -0.906968 -1.556753
1317474366 1.031407 -0.597173 0.063227 6.014625 7.744669 0.121488 -2.832766 -0.910379 -1.550600
1337463379 0.483608 -0.519631 0.457056 6.002235 7.753967 0.139889 -2.850204 -0.911926 -1.547494
1357421875 0.721672 -0.787908 0.249232 5.994385 7.759718 0.156562 -2.814558 -0.912885 -1.544684
1377380372 0.977984 -0.901505 0.380455 5.994385 7.759718 0.156562 -2.831049 -0.912885 -1.544684
1397338868 1.130949 -0.901312 0.652674 5.982342 7.768632 0.174189 -2.822743 -0.914373 -1.541687
1417297364 1.012268 -1.077057 0.453524 5.963065 7.783195 0.184729 -2.839928 -0.916810 -1.539827
1437255860 1.146376 -1.311197 0.006411 5.905015 7.827768 0.165002 -2.841041 -0.924318 -1.542861
1457214356 1.186243 -1.415274 0.207804 5.865502 7.857625 0.154954 -2.821425 -0.929389 -1.544385
1477172852 1.211251 -1.716951 0.302984 5.822283 7.889784 0.150698 -2.841978 -0.934891 -1.544919
1497131348 1.529111 -2.072946 0.292440 5.822283 7.889784 0.150698 -2.856783 -0.934891 -1.544919
1517120362 1.669797 -2.213373 0.294490 5.700719 7.978259 0.139901 -2.851803 -0.950242 -1.546260
