0 0.207168 0.001400 0.000913 -5.805202 -7.817074 1.167631 0.440696 0.922510 1.372309
19958496 0.184827 0.053906 -0.000968 -5.805880 -7.818978 1.151406 0.453305 0.922832 1.375019
39916992 0.177054 0.203454 0.010764 -5.803146 -7.824205 1.129466 0.443943 0.923715 1.378570
59875488 0.149777 0.340422 -0.292529 -5.791386 -7.835932 1.108332 0.431874 0.925701 1.381707
79833984 -0.258852 0.430876 -0.034129 -5.765304 -7.859541 1.076692 0.430048 0.929716 1.386169
99792480 -0.779409 0.474679 -0.017269 -5.726015 -7.893302 1.038714 0.409798 0.935495 1.391345
119750976 -1.468693 0.799134 -0.152338 -5.674572 -7.936801 0.988345 0.409448 0.943008 1.398355
139709473 -3.061631 1.007162 -0.000153 -5.607352 -7.992332 0.922286 0.411009 0.952714 1.407778
159698486 -5.286782 1.012703 0.318111 -5.525107 -8.057740 0.846408 0.390498 0.964319 1.418785
179656982 -9.532093 0.467991 1.299522 -5.342125 -8.192928 0.712752 0.413976 0.988944 1.438159
199615478 -14.754346 -0.101176 1.036362 -5.342125 -8.192928 0.712752 0.385242 0.988944 1.438159
219573974 -18.775780 -0.315483 0.480790 -5.312520 -8.212017 0.714358 0.384092 0.992496 1.437131
239532471 -20.215994 -1.768185 1.405450 -5.435773 -8.131282 0.710639 0.347763 0.977603 1.440800
259490967 -19.978960 -3.809735 1.899397 -6.114810 -7.629964 0.750424 0.319348 0.891539 1.448685
279449463 -19.627392 -6.368838 1.140760 -6.114810 -7.629964 0.750424 0.372067 0.891539 1.448685
299407959 -20.200676 -8.935902 0.201949 -6.579004 -7.223912 0.837970 0.356569 0.828080 1.444108
319366455 -20.121088 -11.678399 -0.085354 -7.075071 -6.716882 0.998625 0.362878 0.754509 1.430576
339355469 -17.338501 -14.832499 0.518845 -7.622659 -6.057255 1.172658 0.350871 0.665774 1.418154
359313965 -13.619802 -18.235075 0.819074 -8.197679 -5.225664 1.288751 0.328946 0.561988 1.414863
379272461 -9.948227 -20.439339 0.986777 -9.201182 -3.188550 1.158351 0.288069 0.331161 1.445564
399230957 -8.572089 -22.084692 1.178697 -9.539742 -2.049794 0.980853 0.281810 0.210574 1.468339
419189453 -7.415954 -24.028921 1.147168 -9.730060 -0.854978 0.874846 0.262016 0.087294 1.481126
439147949 -4.976792 -26.299343 1.660396 -9.761405 0.352449 0.872440 0.233721 -0.035948 1.481657
459106445 -2.667142 -27.308628 2.474977 -9.635706 1.544820 0.968037 0.248135 -0.158187 1.470669
479064941 -0.660325 -27.838602 1.715246 -9.635706 1.544820 0.968037 0.390540 -0.158187 1.470669
499023437 1.261652 -27.732430 0.268180 -9.362893 2.697542 1.109004 0.413348 -0.278665 1.452899
518981933 3.604647 -26.365469 -0.496786 -8.957555 3.793076 1.243052 0.436200 -0.397144 1.432906
538970947 5.794589 -23.547234 -0.879733 -8.440814 4.807959 1.344093 0.465437 -0.512406 1.412885
558929443 8.209438 -21.088778 -2.680613 -7.831773 5.733473 1.400361 0.467491 -0.624450 1.393861
578887939 9.976460 -18.395464 -3.827738 -7.168876 6.538434 1.423547 0.473602 -0.729819 1.374773
598846435 10.328875 -15.768024 -4.184002 -6.501226 7.201090 1.431341 0.454595 -0.824645 1.354089
618804932 10.073764 -13.672961 -4.105365 -5.850534 7.742129 1.414593 0.457948 -0.909957 1.333561
638763428 9.895493 -11.564647 -3.798951 -5.220219 8.189621 1.360081 0.367321 -0.988331 1.315922
658721924 8.708051 -10.396881 -3.213172 -4.607017 8.562370 1.277343 0.377642 -1.061563 1.300330
678680420 8.388508 -9.500235 -2.232603 -4.000548 8.873402 1.195294 0.321092 -1.130993 1.280457
698638916 7.953189 -8.297809 -1.659284 -3.413079 9.124068 1.128128 0.216735 -1.195492 1.251570
718627930 7.392896 -7.415376 -1.158553 -2.853199 9.318565 1.092701 0.165032 -1.253971 1.205053
738586426 7.587834 -6.909030 -0.356492 -2.318677 9.464915 1.099771 0.000427 -1.306027 1.127911
758544922 7.389382 -5.790601 0.661258 -1.834493 9.568077 1.121126 -0.084675 -1.349767 1.022228
778503418 6.721858 -4.786014 0.644586 -1.402001 9.641360 1.117569 -0.255631 -1.386935 0.897811
798461914 6.678405 -4.224174 0.349518 -1.009367 9.693014 1.094091 -0.473091 -1.418414 0.745141
818420410 5.978658 -3.432517 0.465869 -0.673806 9.724170 1.075592 -0.648955 -1.441008 0.559642
838378906 5.448480 -2.679519 0.648159 -0.389328 9.740710 1.066476 -0.897177 -1.454766 0.350028
858337402 5.060013 -1.941449 0.788152 -0.154111 9.748197 1.057961 -1.144867 -1.461558 0.144650
878295898 4.450060 -1.276721 0.382162 0.035251 9.751966 1.033600 -1.344887 -1.465141 -0.034092
898284912 3.759253 -1.130754 -0.466734 0.187356 9.753808 0.999254 -1.439626 -1.466938 -0.185344
918243408 3.610565 -0.973989 -0.382652 0.309971 9.751968 0.986624 -1.527118 -1.465143 -0.304409
938201904 2.704446 -0.468202 0.568589 0.387983 9.747925 0.998904 -1.592700 -1.461304 -0.370474
958160400 1.748122 -0.136003 0.434323 0.432839 9.746346 0.995878 -1.618341 -1.459840 -0.410000
978118896 1.534139 -0.151546 -1.248005 0.470282 9.749430 0.947555 -1.704830 -1.462717 -0.460693
998077392 0.860617 0.075500 -1.001089 0.497924 9.751591 0.910462 -1.671039 -1.464779 -0.500453
1018035889 0.759018 -0.188494 -0.345670 0.535072 9.749428 0.912553 -1.703304 -1.462715 -0.530319
1037994385 1.768379 -0.418259 -0.834911 0.599254 9.746083 0.908374 -1.760751 -1.459598 -0.583164
1057952881 1.604709 0.111056 -0.333872 0.658617 9.743058 0.899686 -1.826835 -1.456853 -0.631915
1077941894 1.036568 0.237225 0.106824 0.707967 9.739442 0.901357 -1.891609 -1.453654 -0.665803
1097900390 1.351290 -0.074740 -0.673137 0.764373 9.736101 0.891333 -1.888862 -1.450773 -0.708868
1117858887 1.611426 -0.024162 -0.399031 0.814241 9.732105 0.890795 -1.962154 -1.447418 -0.740529
1137817383 1.276482 -0.143507 0.047524 0.841742 9.728986 0.899282 -1.951114 -1.444859 -0.752361
1157775879 1.257558 -0.234480 -0.408248 0.856056 9.728742 0.888340 -1.982486 -1.444661 -0.766893
1177734375 0.853455 -0.005819 0.081420 0.855898 9.729550 0.879592 -1.959878 -1.445319 -0.771746
1197692871 0.769658 -0.112765 0.180140 0.852914 9.730367 0.873436 -1.985917 -1.445986 -0.773511
1217651367 0.672587 -0.032669 -0.134762 0.850496 9.732137 0.855903 -2.018694 -1.447444 -0.782230
1237640381 0.531527 0.028208 0.303614 0.846959 9.733394 0.845048 -2.019166 -1.448490 -0.786527
1257598877 0.688783 -0.073821 0.039930 0.849135 9.734275 0.832628 -2.016454 -1.449228 -0.795213
1277557373 0.776070 -0.113832 -0.281514 0.849913 9.735820 0.813548 -2.017270 -1.450535 -0.807256
1297515869 0.572567 -0.012241 0.055774 0.839128 9.737906 0.799648 -2.036140 -1.452322 -0.809484
1317474365 0.274575 0.027285 -0.188558 0.817274 9.741509 0.778099 -2.019777 -1.455472 -0.809948
1337432861 0.024428 0.187685 -0.168306 0.794130 9.744946 0.758797 -2.047109 -1.458558 -0.808147
1357391357 0.004081 0.109772 -0.080548 0.780662 9.746501 0.752772 -2.021026 -1.459983 -0.803585
1377349853 0.200099 0.199807 -0.224668 0.776979 9.747295 0.746279 -2.039615 -1.460718 -0.805550
1397308349 0.069379 0.189225 0.230830 0.778571 9.747190 0.745990 -2.038363 -1.460621 -0.806766
1417266846 -0.140078 0.102501 0.210968 0.778571 9.747190 0.745990 -2.041341 -1.460621 -0.806766
1437255859 0.259861 -0.045391 -0.193106 0.786983 9.747201 0.736963 -2.053492 -1.460630 -0.818209
1457214355 0.389113 -0.050388 0.183533 0.794164 9.746842 0.734001 -2.057767 -1.460298 -0.824747
1477172851 0.209588 0.000668 0.386296 0.794202 9.747077 0.730829 -2.095258 -1.460515 -0.826930
1497131348 0.136193 -0.091446 0.044489 0.791716 9.748486 0.714578 -2.101109 -1.461828 -0.836564
