0 0.769118 0.055294 -0.455438 1.382548 -9.641839 1.137498 0.107302 1.387203 -0.882334
19958497 0.729402 0.206659 -0.938028 1.433414 -9.630817 1.167509 0.111383 1.381145 -0.887279
39947510 0.242637 0.052509 -0.538776 1.469974 -9.625519 1.165742 0.137865 1.378300 -0.900316
59906006 0.002275 -0.014775 -0.106839 1.469974 -9.625519 1.165742 0.139874 1.378300 -0.900316
79864502 0.483571 0.037218 0.367150 1.525604 -9.614646 1.183849 0.145690 1.372588 -0.910870
99822999 1.268389 0.091325 0.435915 1.525604 -9.614646 1.183849 0.145690 1.372588 -0.910870
119781495 1.589478 -0.100896 0.359219 1.564092 -9.605721 1.205872 0.150494 1.368019 -0.914007
139739991 2.141619 -0.148658 0.392702 1.615923 -9.593524 1.234287 0.149655 1.361933 -0.918504
159698487 3.645335 -0.131829 0.356256 1.798892 -9.551127 1.307800 0.175240 1.342017 -0.942176
179656983 4.976116 -0.372157 0.682137 1.798892 -9.551127 1.307800 0.175240 1.342017 -0.942176
199615479 7.584214 -1.236089 1.596489 1.964521 -9.514646 1.335123 0.222441 1.326153 -0.973881
219604493 11.765417 -2.275023 2.054492 2.176832 -9.459687 1.395029 0.226679 1.303997 -1.000878
239562989 15.407905 -2.568215 1.843256 2.458990 -9.372281 1.511326 0.246434 1.272051 -1.019701
259521485 17.947412 -3.220244 0.521036 2.815178 -9.243097 1.676402 0.289344 1.230134 -1.033702
279479981 19.774256 -5.488347 -0.178343 3.841054 -8.798636 2.000171 0.279856 1.113413 -1.090699
299438477 20.911201 -7.751384 -1.059662 3.841054 -8.798636 2.000171 0.373145 1.113413 -1.090699
319396973 21.337673 -10.043112 -0.822309 4.526673 -8.443199 2.095713 0.428945 1.037167 -1.137209
339355469 21.323418 -13.279138 0.150810 5.309082 -7.969542 2.114342 0.497361 0.948715 -1.191799
359313965 19.685566 -17.293890 1.657117 6.160737 -7.344698 2.066669 0.536439 0.846477 -1.247135
379272461 17.570303 -21.077234 2.074467 7.011690 -6.561266 1.989064 0.626532 0.732947 -1.294380
399230957 16.007095 -23.742687 2.526463 7.798673 -5.642312 1.874942 0.459788 0.613039 -1.334856
419219971 14.188562 -26.237144 3.271278 8.503783 -4.584475 1.684827 0.482025 0.486445 -1.375203
439178467 13.064517 -28.050125 3.404201 9.084208 -3.407582 1.426866 0.869160 0.354879 -1.414998
459136963 12.982983 -29.992760 5.069452 9.509942 -2.127324 1.098129 0.576355 0.218665 -1.455834
479095459 13.068750 -32.256115 6.151206 9.749958 -0.751059 0.737977 0.671332 0.076662 -1.495250
499053956 12.165263 -34.417156 7.093888 9.770865 0.713176 0.438146 0.716243 -0.072788 -1.525984
519012452 10.149032 -37.329155 7.281554 9.541211 2.253099 0.243361 0.787255 -0.231823 -1.545295
538970948 6.378802 -39.533749 6.687298 9.034813 3.811298 0.128650 0.840354 -0.399160 -1.556558
558929444 2.893435 -39.058544 6.596041 8.257518 5.289559 0.065962 0.879881 -0.569706 -1.562808
578887940 1.023577 -37.050728 6.655863 7.248375 6.605351 0.028069 0.905574 -0.739013 -1.566924
598876954 -0.641832 -34.315411 4.767475 6.073595 7.699468 0.004400 0.918173 -0.902901 -1.570072
618835450 -1.853482 -31.641277 2.372084 4.801157 8.550975 0.010526 0.919846 -1.059185 -1.568604
638793946 -4.789550 -29.213535 -0.453966 3.501506 9.160217 0.016313 0.872498 -1.205680 -1.566137
658752442 -5.834634 -25.259275 -0.880279 2.254644 9.543946 0.008246 0.834141 -1.338810 -1.567139
678710938 -6.303955 -22.070347 0.087200 0.035126 9.806586 -0.005664 0.655454 -1.567159 -1.730654
698669434 -5.967415 -19.398727 0.880543 0.035126 9.806586 -0.005664 0.655454 -1.567159 -1.730654
718627930 -5.771689 -17.210329 1.207239 -0.925063 9.762902 0.019420 -2.363509 -1.476304 1.549806
738586426 -6.361993 -15.307435 0.976102 -1.789353 9.641763 0.070891 -2.384203 -1.387160 1.531199
758544922 -7.769829 -13.908201 0.776591 -2.562538 9.465032 0.130213 -2.391650 -1.306072 1.520026
778533936 -7.968049 -12.040398 0.845425 -3.222612 9.260232 0.182353 -2.388461 -1.235403 1.514271
798492432 -7.305338 -9.647335 0.812016 -3.766775 9.051706 0.220020 -2.367352 -1.175850 1.512452
818450928 -6.521567 -8.116599 0.378179 -4.226344 8.845949 0.239975 -2.382219 -1.124463 1.514076
838409424 -6.047416 -6.976610 -0.198258 -4.627942 8.642528 0.243416 -2.360294 -1.078590 1.518248
858367920 -6.537676 -6.346636 -0.269486 -4.986076 8.441057 0.240784 -2.355610 -1.036738 1.522543
878326416 -6.374117 -5.513221 -0.107904 -5.286592 8.256182 0.240395 -2.361575 -1.000787 1.525355
898284913 -5.994923 -4.701635 -1.111557 -5.706991 7.971393 0.239865 -2.392409 -0.949039 1.528791
918243409 -5.013687 -3.985159 -1.308505 -5.848946 7.866856 0.269833 -2.370538 -0.930964 1.524695
938201905 -4.211793 -3.229478 -0.338228 -5.848946 7.866856 0.269833 -2.370538 -0.930964 1.524695
958160401 -3.943222 -3.205273 0.246969 -5.968450 7.775054 0.310691 -2.351955 -0.915447 1.518788
978149415 -3.715425 -2.766968 0.067091 -6.066753 7.696965 0.348738 -2.353056 -0.902490 1.513376
998107911 -3.359386 -2.445312 0.403917 -6.142245 7.635083 0.385649 -2.366555 -0.892371 1.508092
1018066407 -3.253059 -2.292971 0.434006 -6.196897 7.589343 0.413208 -2.372295 -0.884973 1.504215
1038024903 -3.001251 -1.763688 0.124892 -6.226174 7.564610 0.426410 -2.364876 -0.881000 1.502416
1057983399 -2.821769 -1.452681 -0.631902 -6.217775 7.572179 0.414446 -2.365411 -0.882214 1.504240
1077941895 -2.487916 -1.050328 -0.696781 -6.217775 7.572179 0.414446 -2.365411 -0.882214 1.504240
1097900391 -1.724254 -0.559846 -0.158111 -6.184812 7.598448 0.426718 -2.366370 -0.886440 1.501911
1117858887 -1.017807 -0.254302 -0.220050 -6.108370 7.656430 0.487108 -2.392007 -0.895847 1.491220
1137817383 -0.754671 -0.146867 -0.517556 -6.108370 7.656430 0.487108 -2.392007 -0.895847 1.491220
1157806397 -0.511619 -0.193227 0.564468 -6.072992 7.682248 0.521764 -2.394041 -0.900071 1.485091
1177764893 -0.738455 -0.383743 0.764998 -6.041970 7.704276 0.555982 -2.386633 -0.903693 1.479035
1197723389 -0.709447 -0.315182 0.222389 -6.005439 7.731683 0.571125 -2.404553 -0.908224 1.475980
1217681885 -0.265035 -0.016437 0.400104 -5.906253 7.804696 0.610976 -2.383608 -0.920422 1.467717
1237640381 0.044440 0.130749 0.851667 -5.865074 7.834656 0.624069 -2.391089 -0.925485 1.464791
1257598877 0.002457 0.091838 0.503548 -5.831803 7.859185 0.627439 -2.383552 -0.929655 1.463619
1277557374 -0.038423 0.038158 0.399054 -5.831803 7.859185 0.627439 -2.410352 -0.929655 1.463619
1297515870 -0.088069 -0.133846 0.452674 -5.804591 7.879375 0.626546 -2.393963 -0.933106 1.463273
1317474366 -0.124939 -0.049587 0.517860 -5.778532 7.898582 0.625592 -2.396590 -0.936403 1.462955
1337463379 0.007367 -0.145477 0.697201 -5.755453 7.914879 0.632320 -2.382400 -0.939212 1.461371
1357421875 0.108492 -0.063114 0.369090 -5.734405 7.929928 0.635010 -2.398765 -0.941816 1.460509
1377380372 0.202801 0.082012 0.259125 -5.715779 7.943933 0.627840 -2.380996 -0.944247 1.461392
1397338868 0.120748 0.085540 0.639589 -5.704658 7.952319 0.622818 -2.370446 -0.945707 1.462050
1417297364 -0.380989 -0.267926 0.423514 -5.703866 7.953439 0.615712 -2.384983 -0.945902 1.463266
1437255860 -0.385847 -0.065671 -0.091741 -5.699977 7.957299 0.601700 -2.384310 -0.946575 1.465624
1457214356 -0.191576 0.138377 0.237797 -5.689674 7.965182 0.594863 -2.393469 -0.947952 1.466624
1477172852 -0.202555 0.111019 0.437946 -5.682014 7.970951 0.590792 -2.378162 -0.948961 1.467193
1497131348 -0.410473 -0.008403 -0.031876 -5.679904 7.973457 0.577100 -2.349207 -0.949400 1.469540
