0 0.505820 0.089626 -0.515874 5.000934 -8.258880 1.718125 0.462263 1.001297 -1.239869
19958496 0.602860 0.114326 0.281132 5.002339 -8.259671 1.710210 0.455846 1.001447 -1.241372
39916992 0.608073 0.078157 0.168541 5.009964 -8.254545 1.712640 0.460810 1.000478 -1.241403
59875488 0.878186 0.008823 -0.104015 5.018404 -8.245962 1.729194 0.456664 0.998859 -1.238967
79864502 1.141874 -0.165468 -0.223814 5.024913 -8.237112 1.752317 0.455633 0.997194 -1.235257
99822998 1.589888 -0.333715 -0.236465 5.032380 -8.227546 1.775681 0.451704 0.995399 -1.231584
119781494 3.149738 -0.455181 0.364883 5.036533 -8.222477 1.787339 0.450335 0.994450 -1.229785
139739990 6.377177 -0.499937 0.242510 5.046699 -8.212048 1.806517 0.430317 0.992501 -1.227048
159698486 10.252144 -0.912539 -0.313708 5.129539 -8.140275 1.895821 0.431821 0.979246 -1.216778
179656982 13.523893 -1.368838 0.336163 5.215294 -8.071424 1.955299 0.392661 0.966771 -1.212099
199615479 17.715647 -1.819431 1.095148 5.215294 -8.071424 1.955299 0.390083 0.966771 -1.212099
219573975 21.852741 -2.853285 1.083698 5.376247 -7.944946 2.035724 0.370774 0.944423 -1.208828
239532471 25.806883 -3.627581 -0.452274 5.625323 -7.741518 2.143603 0.332921 0.909856 -1.206721
259521484 27.177246 -6.439160 -0.883003 5.982095 -7.437145 2.252508 0.350790 0.860821 -1.210675
279479981 26.179798 -10.160964 -0.143045 6.423872 -7.026772 2.351323 0.350086 0.798817 -1.219914
299438477 23.626244 -14.299334 2.987270 6.943063 -6.497567 2.397060 0.383548 0.724241 -1.238364
319396973 21.160805 -18.753498 4.807829 7.531131 -5.823474 2.353638 0.427935 0.635810 -1.267892
339355469 18.771362 -21.864555 5.875680 8.134162 -5.015335 2.202775 0.461037 0.536839 -1.306334
359313965 15.025743 -23.979256 6.869254 8.679414 -4.098451 2.010186 0.488644 0.431161 -1.343205
379272461 9.068356 -26.566452 7.373012 9.131186 -3.068957 1.836666 0.521214 0.318294 -1.372303
399230957 3.147694 -27.588221 6.990956 9.465383 -1.954024 1.660940 0.581470 0.200598 -1.397090
419189453 -1.806883 -28.298018 8.117724 9.670706 -0.776729 1.429872 0.659219 0.079287 -1.424004
439147949 -5.858476 -28.551218 9.037218 9.735275 0.446004 1.093564 0.707604 -0.045495 -1.458935
459136963 -9.568893 -27.719616 7.692741 9.635124 1.654345 0.773246 0.744319 -0.169507 -1.490715
479095459 -11.937686 -25.540024 4.959074 9.384928 2.763742 0.674711 0.744456 -0.285694 -1.499027
499053955 -12.258883 -23.112801 1.677075 9.033246 3.738279 0.772089 0.756507 -0.391092 -1.485532
519012451 -13.180675 -21.362753 -0.944721 8.601693 4.607636 0.975166 0.768445 -0.489119 -1.457909
538970947 -13.583156 -19.544498 -2.179073 8.110319 5.375480 1.223653 0.761027 -0.580146 -1.421050
558929443 -15.338538 -17.870634 -2.362164 7.028178 6.654555 1.578604 0.686573 -0.745822 -1.349852
578887939 -15.946325 -15.982067 -2.250236 7.028178 6.654555 1.578604 0.769440 -0.745822 -1.349852
598846436 -15.674623 -13.696589 -1.024781 6.526944 7.126517 1.667973 0.787485 -0.813510 -1.320599
618804932 -14.565021 -10.483961 -0.306792 6.092858 7.489786 1.717728 0.815413 -0.869096 -1.296004
638793945 -14.240915 -8.654917 -0.297773 5.714908 7.773479 1.755913 0.811565 -0.915183 -1.272700
658752441 -13.500916 -7.211816 -0.807620 5.401049 7.983243 1.807454 0.806460 -0.951116 -1.247862
678710938 -12.346744 -5.462241 -1.834708 5.173726 8.130248 1.817147 0.805472 -0.977415 -1.233030
698669434 -10.186993 -3.392427 -2.309243 4.995521 8.276719 1.646535 0.742671 -1.004680 -1.252408
718627930 -7.795394 -1.930708 -2.177540 4.995521 8.276719 1.646535 0.757325 -1.004680 -1.252408
738586426 -5.630579 -0.473202 -2.094267 4.989385 8.305597 1.514424 0.747330 -1.010194 -1.276105
758544922 -4.858066 -0.616847 -2.414662 4.988454 8.328685 1.385182 0.713047 -1.014638 -1.299942
778503418 -4.005679 -0.829895 -1.820315 5.003016 8.358111 1.132346 0.657926 -1.020348 -1.348214
798461914 -2.959151 -0.546331 -1.269254 5.020342 8.361367 1.026686 0.643385 -1.020983 -1.369073
818450928 -1.898326 -0.165464 -0.565353 5.020342 8.361367 1.026686 0.633868 -1.020983 -1.369073
838409424 -1.175550 0.187071 -0.687707 5.030457 8.363826 0.954635 0.635356 -1.021463 -1.383255
858367920 -1.107931 0.449924 -1.405204 5.022361 8.372699 0.918795 0.629732 -1.023199 -1.389856
878326416 -2.003625 0.474458 -1.459791 4.988660 8.393945 0.908486 0.624834 -1.027374 -1.390660
898284912 -2.511212 0.366929 -1.743189 4.947190 8.420793 0.886531 0.628848 -1.032692 -1.393479
918243408 -2.347239 -0.038590 -1.221401 4.916065 8.442360 0.853967 0.597203 -1.036999 -1.398803
938201904 -1.646692 0.607723 -0.688421 4.908517 8.451447 0.806165 0.606059 -1.038823 -1.408012
958160400 -1.016470 0.816114 -0.273853 4.912827 8.453117 0.761131 0.608799 -1.039159 -1.417091
978118897 -1.126614 0.350108 -0.512684 4.919887 8.452706 0.718926 0.611415 -1.039076 -1.425697
998077393 -0.657518 0.239506 -0.461302 4.919887 8.452706 0.718926 0.612421 -1.039076 -1.425697
1018066406 -0.050444 0.401608 -0.211869 4.930181 8.449024 0.691157 0.586129 -1.038336 -1.431515
1038024902 -0.114781 0.302007 -0.159104 4.935319 8.448400 0.661484 0.612012 -1.038211 -1.437560
1057983398 -0.177993 0.260674 0.423157 4.932079 8.451431 0.646753 0.609174 -1.038820 -1.440408
1077941895 -0.110687 0.575100 0.034679 4.927788 8.453789 0.648646 0.581620 -1.039294 -1.439919
1097900391 -0.395538 0.528321 -0.294881 4.916680 8.458321 0.673400 0.584665 -1.040206 -1.434681
1117858887 -0.920508 0.490316 -0.680943 4.899019 8.465870 0.706424 0.596259 -1.041730 -1.427587
1137817383 -1.243863 0.047233 -0.740225 4.878058 8.475644 0.733747 0.587477 -1.043708 -1.421498
1157775879 -0.843771 0.016246 0.004402 4.870849 8.480227 0.728685 0.603776 -1.044637 -1.422296
1177734375 -0.776013 0.601660 0.032160 4.870849 8.480227 0.728685 0.585022 -1.044637 -1.422296
1197723389 -0.867757 0.539734 0.150081 4.875291 8.477856 0.726555 0.612818 -1.044156 -1.422857
1217681885 -0.926618 -0.337296 0.171559 4.875291 8.477856 0.726555 0.627164 -1.044156 -1.422857
1237640381 -0.824733 -0.527267 0.045445 4.888304 8.472177 0.705050 0.623429 -1.043005 -1.427552
1257598877 0.049149 0.208715 0.324651 4.923172 8.454961 0.668131 0.601078 -1.039530 -1.435909
1277557373 0.246565 0.222061 0.542600 4.986156 8.420915 0.629937 0.597930 -1.032717 -1.445125
1297515869 0.349755 0.219633 0.217907 4.986156 8.420915 0.629937 0.610289 -1.032717 -1.445125
1317474365 0.153398 0.426437 -0.420611 5.001935 8.411993 0.624011 0.609695 -1.030944 -1.446684
1337432861 -0.092449 0.088952 -0.586651 5.005733 8.409256 0.630419 0.587408 -1.030401 -1.445516
1357391357 -0.210361 -0.248817 -0.344677 5.002564 8.411620 0.623994 0.598605 -1.030870 -1.446702
1377349854 -0.221021 0.322403 -0.550991 5.006479 8.410889 0.602085 0.612657 -1.030725 -1.451110
1397338867 -0.383140 0.687634 -0.637097 5.012092 8.408888 0.583042 0.584690 -1.030328 -1.454990
1417297363 -0.425581 0.185821 -0.739387 5.010476 8.410860 0.568283 0.584727 -1.030719 -1.457860
1437255859 -0.699682 -0.168083 -0.725827 5.005219 8.415161 0.550653 0.597944 -1.031573 -1.461221
1457214356 -0.470406 0.303205 -0.328660 5.012656 8.412229 0.527336 0.609255 -1.030991 -1.465981
1477172852 -0.434597 0.262609 0.364899 5.018085 8.410171 0.508180 0.590738 -1.030583 -1.469871
1497131348 -0.660553 -0.308941 0.561336 5.015712 8.412408 0.494384 0.614206 -1.031026 -1.472547
