0 2.085186 0.334385 -0.150875 2.292411 -9.411982 1.526379 0.229153 1.286129 -0.983366
19958496 2.457459 0.250614 -0.148957 2.340408 -9.398415 1.537099 0.235090 1.281243 -0.989680
39916992 2.868373 0.049687 -0.052385 2.484667 -9.357943 1.557478 0.243476 1.267123 -1.010878
59875488 3.713827 -0.186669 -0.249981 2.484667 -9.357943 1.557478 0.260196 1.267123 -1.010878
79833985 5.594716 -0.926850 0.506811 2.712058 -9.293294 1.565193 0.286969 1.245801 -1.047367
99792481 9.310081 -0.918130 0.782147 2.712058 -9.293294 1.565193 0.286111 1.245801 -1.047367
119781494 12.750938 -0.749791 0.724193 2.916778 -9.227124 1.588387 0.306981 1.225292 -1.072132
139739990 15.281063 -1.843269 2.231133 3.640887 -8.968421 1.575358 0.332137 1.154331 -1.162434
159698486 17.480112 -3.014518 2.770013 4.152187 -8.739445 1.597446 0.295300 1.099929 -1.203528
179656983 19.308289 -5.385509 2.038855 4.152187 -8.739445 1.597446 0.337561 1.099929 -1.203528
199615479 20.861963 -6.962919 1.374912 4.749523 -8.424154 1.626666 0.356753 1.033361 -1.240827
219573975 21.625904 -8.838503 -0.052245 5.433452 -7.992862 1.661974 0.392162 0.952807 -1.273955
239532471 21.203188 -12.137502 -0.185640 6.192993 -7.419466 1.663962 0.414248 0.858059 -1.308311
259490967 19.373171 -16.691305 0.130096 6.998998 -6.673788 1.626338 0.472968 0.748495 -1.342481
279449463 18.455494 -20.473560 1.160048 8.514125 -4.677062 1.343556 0.362154 0.497156 -1.414284
299407959 17.947456 -23.048662 2.677204 8.514125 -4.677062 1.343556 0.546114 0.497156 -1.414284
319396973 16.617611 -26.352358 3.062492 9.123311 -3.412420 1.136208 0.633719 0.355405 -1.446895
339355469 13.781684 -29.413485 2.059875 9.553953 -1.993486 0.958316 0.706990 0.204706 -1.470825
359313965 10.043232 -30.920298 2.551075 9.763539 -0.482835 0.781383 0.765703 0.049255 -1.490936
379272461 6.700220 -31.856077 2.928786 9.729113 1.081182 0.588052 0.833339 -0.110474 -1.510427
399230957 4.666442 -31.859564 3.454146 9.439290 2.623910 0.430456 0.894447 -0.270864 -1.525225
419189453 2.346863 -31.627995 3.739259 8.905030 4.089627 0.381801 0.919766 -0.430171 -1.527948
439147949 -1.298687 -31.068642 2.915961 8.155569 5.427786 0.442952 0.935148 -0.586537 -1.516537
459106445 -4.621127 -28.809881 0.869624 7.258448 6.570797 0.556742 0.927500 -0.734256 -1.494244
479064942 -5.375786 -25.527561 -0.353499 6.301633 7.483525 0.675756 0.954001 -0.868107 -1.463970
499023438 -5.776960 -22.515759 -0.693042 4.351715 8.749913 0.819739 0.787665 -1.102288 -1.384606
519012451 -6.443710 -19.671848 -1.694711 4.351715 8.749913 0.819739 0.979966 -1.102288 -1.384606
538970947 -7.551820 -18.140709 -2.171443 3.375376 9.169231 0.838104 1.058957 -1.208263 -1.327419
558929444 -8.725599 -16.990427 -0.524434 2.438503 9.458104 0.876563 1.126238 -1.303385 -1.225712
578887940 -8.476355 -15.113090 -0.074792 1.597618 9.631603 0.922075 1.279360 -1.381571 -1.047343
598846436 -7.912273 -12.745358 -1.095576 0.890156 9.717184 0.976897 1.568922 -1.435616 -0.738972
618804932 -6.761033 -10.150970 -0.363386 0.304933 9.741292 1.088403 1.996905 -1.455279 -0.273162
638763428 -6.005442 -8.355492 0.556999 -0.195370 9.729924 1.208631 2.424514 -1.445624 0.160260
658721924 -5.870500 -7.576763 0.593168 -1.007273 9.665775 1.314751 2.842823 -1.401092 0.653746
678680420 -5.454244 -6.784358 0.627320 -1.007273 9.665775 1.314751 2.911724 -1.401092 0.653746
698669434 -4.656178 -5.763579 0.908368 -1.313049 9.625228 1.342118 3.018411 -1.378145 0.774450
718627930 -3.981461 -4.699408 0.950955 -1.565434 9.585382 1.356554 3.097221 -1.357966 0.856762
738586426 -3.675013 -4.008347 0.641770 -1.775779 9.549578 1.350025 -3.137085 -1.341321 0.920771
758544922 -3.833433 -3.650419 -0.246060 -1.952817 9.519690 1.316210 -3.085596 -1.328286 0.977730
778503418 -3.490063 -3.079902 -0.088024 -2.090889 9.495746 1.276468 -3.048181 -1.318319 1.022699
798461914 -2.675350 -2.454124 0.373589 -2.193774 9.476830 1.243949 -3.034561 -1.310710 1.054968
818420410 -2.595224 -2.062194 -0.123603 -2.278973 9.462459 1.199395 -2.997530 -1.305071 1.086340
838378906 -2.816495 -1.732908 -0.325528 -2.352205 9.450558 1.150856 -2.971009 -1.300488 1.115772
858337403 -2.544987 -1.405704 0.106077 -2.405910 9.442096 1.108520 -2.948440 -1.297275 1.139040
878326416 -2.196694 -1.150336 -0.197419 -2.439405 9.439115 1.059630 -2.920428 -1.296152 1.161007
898284912 -1.879226 -0.740382 -0.465530 -2.458323 9.440349 1.003418 -2.898240 -1.296617 1.183265
918243408 -1.574237 -0.533020 -0.298905 -2.465010 9.443641 0.954859 -2.881800 -1.297859 1.201229
938201904 -1.586980 -0.558565 0.028599 -2.450934 9.454925 0.876196 -2.874321 -1.302161 1.227461
958160401 -1.379135 -0.401370 -0.516266 -2.450934 9.454925 0.876196 -2.871582 -1.302161 1.227461
978118897 -0.880966 0.042249 -0.668527 -2.423821 9.465952 0.831401 -2.875686 -1.306431 1.240360
998077393 -0.476838 0.101258 -0.395869 -2.394535 9.476420 0.796274 -2.845013 -1.310547 1.249761
1018035889 -0.388661 0.044038 -0.340893 -2.376782 9.483671 0.762410 -2.819263 -1.313436 1.260391
1037994385 -0.440395 0.056379 -0.082358 -2.368935 9.487744 0.735697 -2.821060 -1.315073 1.269680
1057952881 -0.577412 -0.131586 0.244536 -2.369699 9.489043 0.716221 -2.826452 -1.315597 1.277285
1077941895 -0.750214 -0.277874 0.163397 -2.371530 9.490130 0.695443 -2.805250 -1.316037 1.285547
1097900391 -0.443570 -0.013108 -0.122127 -2.366341 9.493196 0.670873 -2.804438 -1.317280 1.294539
1117858887 -0.631135 -0.077095 -0.361816 -2.361556 9.496199 0.644704 -2.797339 -1.318504 1.304291
1137817383 -0.751203 -0.213055 -0.210580 -2.360664 9.497705 0.625496 -2.773615 -1.319120 1.311782
1157775879 -0.623155 -0.140066 0.037670 -2.355475 9.499811 0.612944 -2.763404 -1.319984 1.316221
1177734375 -0.574211 0.009718 -0.124588 -2.344460 9.503420 0.599089 -2.770315 -1.321471 1.320616
1197692871 -0.439401 0.036114 0.052822 -2.335649 9.506234 0.588762 -2.766993 -1.322637 1.323864
1217651367 -0.652245 -0.162281 0.068272 -2.331351 9.507904 0.578756 -2.743342 -1.323331 1.327466
1237609863 -0.653235 -0.113941 0.231361 -2.324298 9.509993 0.572779 -2.754695 -1.324202 1.329180
1257598877 -0.164708 0.115422 0.538517 -2.308637 9.514116 0.567612 -2.752090 -1.325930 1.329713
1277557373 -0.433365 -0.057121 0.127155 -2.278759 9.523354 0.532348 -2.745200 -1.329847 1.341299
1297515869 -0.503838 0.023209 -0.076492 -2.278759 9.523354 0.532348 -2.732636 -1.329847 1.341299
1317474365 -0.307667 0.189742 0.178252 -2.260521 9.528628 0.515421 -2.743791 -1.332111 1.346619
1337432861 -0.320925 0.079613 0.032770 -2.245476 9.533272 0.494926 -2.714897 -1.334122 1.353855
1357391358 -0.420480 0.041710 0.072438 -2.231835 9.537374 0.477290 -2.709144 -1.335913 1.360115
1377349854 -0.570115 -0.058838 0.336774 -2.218094 9.541129 0.466150 -2.700191 -1.337564 1.363653
1397308350 -0.686629 -0.231976 0.150437 -2.202199 9.545559 0.450550 -2.725541 -1.339526 1.368990
1417266846 -0.722245 -0.352852 -0.160645 -2.181207 9.551512 0.425851 -2.714994 -1.342190 1.377985
1437255860 -0.763151 -0.401595 -0.048025 -2.154986 9.558519 0.401410 -2.699620 -1.345365 1.386636
1457214356 -1.009394 -0.608508 0.186374 -2.128281 9.565397 0.379473 -2.676041 -1.348524 1.394350
1477172852 -1.271676 -0.834846 0.089109 -2.097447 9.573126 0.355466 -2.683212 -1.352128 1.402916
1497131348 -1.375657 -1.089450 0.154137 -2.060213 9.582024 0.332765 -2.658284 -1.356350 1.410660
