0 0.315260 -0.009088 -0.087969 2.187972 -9.464180 1.346273 0.285089 1.305740 -1.019198
19958496 1.039155 0.273643 -0.115415 2.201389 -9.459894 1.354507 0.272766 1.304077 -1.019205
39916992 1.059789 0.175901 0.013325 2.201389 -9.459894 1.354507 0.288494 1.304077 -1.019205
59875488 1.206228 0.189998 0.257483 2.228246 -9.452852 1.359736 0.284339 1.301366 -1.022891
79833985 1.949185 0.203012 -0.156243 2.300070 -9.430549 1.394561 0.262727 1.292950 -1.025748
99792481 3.412616 0.154008 -0.280970 2.300070 -9.430549 1.394561 0.262727 1.292950 -1.025748
119781494 7.046319 0.402279 0.320444 2.460938 -9.381146 1.451986 0.290070 1.275138 -1.037752
139739990 10.938550 -1.198326 0.287807 2.460938 -9.381146 1.451986 0.307281 1.275138 -1.037752
159698487 14.871243 -2.190606 0.960998 2.650016 -9.322658 1.495281 0.306241 1.255313 -1.057076
179656983 19.144117 -2.466597 1.597433 2.907927 -9.239013 1.534597 0.308539 1.228890 -1.085212
199615479 20.966675 -4.931242 1.712601 3.319355 -9.091593 1.579629 0.323902 1.186558 -1.126627
219573975 21.134283 -7.582334 2.499416 3.890437 -8.857447 1.606398 0.362438 1.127187 -1.179211
239532471 21.232456 -11.566248 3.245775 4.600739 -8.508614 1.614649 0.400617 1.050430 -1.233272
259490967 22.260006 -14.878857 2.966929 6.207815 -7.408861 1.655961 0.354550 0.856407 -1.310112
279449463 22.836107 -17.825321 3.182163 7.094316 -6.571737 1.628908 0.349402 0.734385 -1.345101
299438477 22.194992 -22.597536 3.698397 7.094316 -6.571737 1.628908 0.462013 0.734385 -1.345101
319396973 19.536482 -27.474682 4.443264 7.979699 -5.487183 1.544538 0.483855 0.593827 -1.379602
339355469 17.269699 -31.245726 4.776382 8.760802 -4.174015 1.412920 0.519773 0.439659 -1.410896
359313965 14.524580 -34.493725 4.513942 9.361236 -2.637490 1.257496 0.576317 0.272302 -1.437266
379272461 10.828439 -36.447842 3.594565 9.701761 -0.916523 1.098277 0.630882 0.093596 -1.458072
399230957 5.932898 -37.611572 2.792892 9.715322 0.906231 0.980639 0.667573 -0.092542 -1.470200
419189453 1.675069 -37.586464 2.054173 9.382381 2.697645 0.929527 0.732624 -0.278676 -1.472047
439147949 -0.778175 -35.178677 0.580554 8.749741 4.338183 0.890283 0.782709 -0.458241 -1.469396
459106446 -1.663480 -32.022087 -0.730062 7.891137 5.762441 0.833449 0.792049 -0.628096 -1.465568
479095459 -1.762432 -29.376154 -1.201331 6.869716 6.948134 0.837148 0.837987 -0.787388 -1.449534
499053955 -2.513959 -27.501953 -0.875140 5.734170 7.902710 0.914797 0.865975 -0.937113 -1.412595
519012451 -4.908470 -25.868645 -1.004335 4.538702 8.638354 0.974369 0.935761 -1.077691 -1.359326
538970947 -5.408429 -22.564045 -1.706804 3.369168 9.161024 0.945903 0.994925 -1.205910 -1.297090
558929444 -5.415730 -20.393040 -2.424742 2.269033 9.497071 0.909668 1.101615 -1.318861 -1.189510
578887940 -5.055177 -18.095972 -0.432504 1.267349 9.676883 0.960291 1.388612 -1.407935 -0.922375
598846436 -5.956252 -16.851826 0.824538 0.366027 9.738005 1.098945 1.980933 -1.452406 -0.321515
618804932 -7.042281 -15.175600 1.574006 -0.422453 9.715549 1.264922 2.637648 -1.434384 0.322329
638763428 -7.358046 -13.357504 1.675841 -1.073184 9.646855 1.398879 2.961841 -1.390025 0.654403
658721924 -7.019571 -10.944241 0.602842 -1.578462 9.567595 1.462868 -3.117332 -1.349543 0.823388
678710938 -5.548780 -8.819729 0.681348 -1.966018 9.492941 1.479608 -3.076178 -1.317177 0.925639
698669434 -5.207730 -7.272465 0.000653 -2.285193 9.423648 1.463946 -3.006855 -1.290396 1.001042
718627930 -5.104306 -6.038476 -0.484031 -2.561779 9.358887 1.420881 -2.947999 -1.267445 1.064393
738586426 -5.098761 -5.152046 -0.767258 -2.796620 9.299441 1.367363 -2.909523 -1.247770 1.116040
758544922 -5.196953 -4.549323 -0.722269 -2.985541 9.247770 1.317453 -2.870731 -1.231563 1.155220
778503418 -4.023623 -3.170226 -0.923431 -3.112842 9.213154 1.264281 -2.879697 -1.221110 1.184999
798461914 -3.409260 -2.337499 -0.986060 -3.193213 9.192607 1.212335 -2.835204 -1.215045 1.207947
818420410 -2.836653 -1.925580 -0.379444 -3.244985 9.179343 1.174773 -2.831942 -1.211182 1.223447
838378906 -2.405137 -1.595057 -0.342106 -3.273503 9.173831 1.138148 -2.839995 -1.209588 1.236185
858367920 -1.831818 -1.347878 -0.911430 -3.265596 9.187437 1.047498 -2.829274 -1.213534 1.260397
878326416 -1.307628 -0.783092 -0.960074 -3.265596 9.187437 1.047498 -2.820678 -1.213534 1.260397
898284912 -1.010766 -0.342651 -0.401248 -3.239509 9.199285 1.024274 -2.817343 -1.217005 1.264561
918243408 -0.895085 -0.366315 -0.218518 -3.192006 9.218982 0.995925 -2.759683 -1.222849 1.268362
938201905 -0.806960 -0.026323 -0.472946 -3.192006 9.218982 0.995925 -2.782299 -1.222849 1.268362
958160401 -0.857652 -0.089713 -0.198546 -3.169433 9.227748 0.986787 -2.784005 -1.225480 1.268964
978118897 -0.681753 -0.174133 0.026879 -3.142102 9.237771 0.980388 -2.772994 -1.228512 1.268352
998077393 -0.617954 -0.309900 0.223649 -3.106829 9.250250 0.975138 -2.773241 -1.232324 1.266665
1018035889 -0.400889 -0.109316 0.111276 -3.060109 9.266866 0.965047 -2.770003 -1.237464 1.265305
1037994385 0.278032 0.156916 0.252097 -3.003549 9.286620 0.952772 -2.789289 -1.243677 1.263621
1057983399 0.188580 0.194422 -0.128989 -2.958784 9.302660 0.936221 -2.794172 -1.248806 1.264343
1077941895 0.192822 0.259686 0.018850 -2.931107 9.312592 0.924467 -2.779568 -1.252021 1.265273
1097900391 0.059565 -0.026448 0.125334 -2.915745 9.318316 0.915308 -2.757468 -1.253889 1.266619
1117858887 -0.296729 -0.088923 0.010627 -2.906934 9.322125 0.904485 -2.780068 -1.255138 1.269144
1137817383 -0.122278 0.054178 -0.083021 -2.895265 9.327175 0.889741 -2.779592 -1.256801 1.272648
1157775879 -0.219566 0.077909 -0.025966 -2.882723 9.332182 0.877877 -2.756268 -1.258458 1.275188
1177734375 -0.089123 0.182919 0.247526 -2.871291 9.336579 0.868541 -2.762721 -1.259921 1.277056
1197692871 -0.072820 0.122283 -0.055618 -2.862458 9.340691 0.853363 -2.756296 -1.261294 1.281063
1217651367 -0.218968 0.043271 -0.219523 -2.859384 9.343251 0.835443 -2.742302 -1.262153 1.286533
1237609863 -0.039841 0.017158 0.004446 -2.856727 9.345257 0.821998 -2.753288 -1.262827 1.290624
1257598877 -0.038268 -0.175508 -0.032063 -2.853821 9.347315 0.808569 -2.734564 -1.263520 1.294704
1277557373 -0.109115 -0.062708 -0.042558 -2.850804 9.349219 0.797124 -2.735392 -1.264162 1.298146
1297515869 -0.165126 0.040377 -0.252037 -2.847008 9.351523 0.783546 -2.740589 -1.264942 1.302228
1317474365 -0.051027 -0.027529 -0.118832 -2.843537 9.353488 0.772621 -2.743448 -1.265608 1.305490
1337432862 -0.037799 -0.041248 -0.134460 -2.842728 9.354457 0.763828 -2.751148 -1.265937 1.308301
1357391358 -0.266937 -0.118158 -0.120404 -2.846471 9.353999 0.755440 -2.733320 -1.265781 1.311381
1377349854 -0.330064 -0.153534 -0.219615 -2.847249 9.354512 0.746092 -2.731153 -1.265955 1.314519
1397308350 -0.196119 -0.103914 -0.080845 -2.841625 9.356712 0.739916 -2.719613 -1.266704 1.316068
1417266846 -0.171794 -0.184307 -0.149057 -2.831890 9.360037 0.735193 -2.720032 -1.267838 1.316792
1437255860 -0.134840 -0.187608 -0.107901 -2.817949 9.364525 0.731595 -2.728824 -1.269376 1.316785
1457214356 -0.213869 -0.144370 0.031434 -2.808385 9.367968 0.724246 -2.720721 -1.270561 1.318408
1477172852 -0.214826 0.012915 0.049638 -2.801841 9.370322 0.719120 -2.711197 -1.271374 1.319559
1497131348 -0.323314 0.074664 -0.527907 -2.795274 9.373329 0.705356 -2.705863 -1.272415 1.323618
