0 -0.123172 -0.167098 0.368930 -7.105556 -6.329432 2.370601 0.426878 0.701576 1.248782
19958496 0.043836 -0.185682 0.281486 -7.100025 -6.340333 2.358010 0.431447 0.703032 1.250144
39916992 0.074252 -0.072701 0.438658 -7.103684 -6.350007 2.320661 0.427515 0.704326 1.255042
59875489 0.179230 0.104055 0.348650 -7.105025 -6.362157 2.282971 0.407792 0.705953 1.259898
79833985 0.562413 0.048103 -0.571483 -7.095471 -6.376542 2.272531 0.429835 0.707882 1.260840
99822998 0.387954 0.106072 -0.599562 -7.073636 -6.408732 2.249938 0.420459 0.712211 1.262842
119781494 0.158760 0.239315 -0.353247 -7.007956 -6.507281 2.171230 0.461565 0.725565 1.270352
139739990 -0.137916 0.153026 -0.325729 -7.007956 -6.507281 2.171230 0.418298 0.725565 1.270352
159698487 -0.586589 0.020092 -0.366909 -6.965176 -6.569913 2.119663 0.444483 0.734134 1.275378
179656983 -0.920585 0.406692 0.182433 -6.917416 -6.642048 2.050108 0.422813 0.744087 1.282674
199615479 -0.864453 1.171741 0.863300 -6.786310 -6.825872 1.877192 0.434857 0.769875 1.300930
219573975 -3.073296 1.950888 0.712308 -6.657158 -6.970486 1.806922 0.450868 0.790623 1.305756
239532471 -8.823771 3.114664 0.188390 -6.510991 -7.106339 1.810344 0.439792 0.810519 1.299602
259490967 -15.963539 3.175696 -0.067568 -6.412358 -7.180942 1.867119 0.436515 0.821623 1.287455
279449463 -22.339602 3.231794 0.705504 -6.464099 -7.115306 1.938615 0.386440 0.811847 1.279427
299438477 -24.948166 1.557017 3.093652 -6.717142 -6.859623 1.998992 0.346952 0.774679 1.281547
319396973 -24.336334 -1.280840 5.133439 -6.717142 -6.859623 1.998992 0.368614 0.774679 1.281547
339355469 -22.596087 -4.218861 4.719855 -7.148965 -6.398326 2.030789 0.305464 0.710810 1.294020
359313965 -21.867622 -7.275145 2.770836 -8.198373 -4.990816 2.012166 0.299157 0.533932 1.330119
379272461 -21.783585 -10.370825 1.630564 -8.678537 -4.088248 2.034603 0.262643 0.430016 1.340514
399230957 -21.846394 -13.635796 1.206595 -8.678537 -4.088248 2.034603 0.294252 0.430016 1.340514
419189453 -19.177189 -17.524359 1.944784 -9.052495 -3.056610 2.209038 0.303950 0.316969 1.331449
439147949 -16.551420 -21.297918 4.250762 -9.448376 -0.669332 2.539797 0.198575 0.068306 1.308196
459136963 -15.196440 -23.307171 3.537535 -9.448376 -0.669332 2.539797 0.244412 0.068306 1.308196
479095459 -13.824629 -25.853125 3.165117 -9.474368 0.670372 2.440768 0.250025 -0.068412 1.318661
499053955 -10.943087 -28.451336 2.851891 -9.328187 2.085041 2.192697 0.234911 -0.214250 1.339926
519012451 -7.934107 -28.845306 2.637192 -8.971178 3.453772 1.939028 0.248315 -0.359906 1.357931
538970948 -5.277590 -28.968348 1.397866 -7.671961 5.868793 1.693717 0.185139 -0.641565 1.353514
558929444 -2.870721 -28.543959 -0.440580 -6.798353 6.844900 1.760716 0.085930 -0.772581 1.317373
578887940 -1.230474 -27.814476 -0.220788 -5.841917 7.641071 1.912176 0.008953 -0.893344 1.254468
598846436 0.055738 -26.117844 0.706090 -5.841917 7.641071 1.912176 0.127498 -0.893344 1.254468
618804932 -0.433796 -24.163317 0.534685 -4.872954 8.263842 2.033135 0.071929 -1.002237 1.175527
638763428 0.125204 -22.157259 -0.310777 -2.930767 9.135450 2.030897 -0.247660 -1.198671 0.964813
658752442 2.260286 -20.288219 -1.228217 -2.930767 9.135450 2.030897 -0.188929 -1.198671 0.964813
678710938 3.455465 -18.584187 -2.216354 -1.973095 9.419822 1.882617 -0.345012 -1.288989 0.808860
698669434 4.727768 -16.563562 -1.780481 -1.064222 9.603281 1.677736 -0.589542 -1.366787 0.565273
718627930 5.866665 -13.980054 -0.883162 -0.223182 9.693964 1.465483 -1.018949 -1.419054 0.151131
738586426 6.355266 -12.534974 -1.439051 0.559334 9.711092 1.245887 -1.664229 -1.431082 -0.421976
758544922 7.186423 -11.337362 -2.182957 1.930572 9.569597 0.930641 -2.422314 -1.350475 -1.121608
778503418 7.161659 -9.901549 -1.885876 1.930572 9.569597 0.930641 -2.433666 -1.350475 -1.121608
798461914 6.507483 -9.129147 -1.248569 2.955131 9.312969 0.840351 -2.623182 -1.252144 -1.293740
818420410 6.059474 -8.089374 -1.277879 3.335166 9.184334 0.833706 -2.657596 -1.212631 -1.325842
838409424 5.365879 -6.692056 -0.957470 3.335166 9.184334 0.833706 -2.628490 -1.212631 -1.325842
858367920 4.962883 -5.832212 -0.554883 3.662713 9.059813 0.821395 -2.638321 -1.178004 -1.350188
878326416 4.659024 -5.215620 -0.354866 4.189532 8.833521 0.766234 -2.702766 -1.121536 -1.389903
898284912 4.847883 -4.464621 -0.500661 4.189532 8.833521 0.766234 -2.664652 -1.121536 -1.389903
918243408 4.646415 -3.618415 -0.709412 4.541038 8.663742 0.699251 -2.704330 -1.083188 -1.418011
938201905 4.383503 -3.189557 -0.456554 4.664533 8.600878 0.661386 -2.719166 -1.069677 -1.429945
958160401 4.564313 -2.914066 -0.475349 4.664533 8.600878 0.661386 -2.705203 -1.069677 -1.429945
978118897 4.108526 -2.449474 -0.871847 4.785282 8.542012 0.552712 -2.752480 -1.057321 -1.455804
998077393 3.596299 -1.782900 -0.382937 4.804226 8.535282 0.488611 -2.713134 -1.055926 -1.469440
1018066407 2.636933 -1.149246 -0.679051 4.804226 8.535282 0.488611 -2.757204 -1.055926 -1.469440
1038024903 2.193521 -1.002906 -1.505615 4.824828 8.527581 0.414466 -2.740209 -1.054333 -1.485104
1057983399 2.966765 -1.251367 -0.661632 4.851800 8.514374 0.368586 -2.822804 -1.051613 -1.494973
1077941895 2.430499 -0.482723 0.480365 4.838797 8.522037 0.362381 -2.814409 -1.053190 -1.496045
1097900391 1.159116 0.057200 -0.801763 4.681601 8.612294 0.285296 -2.814822 -1.072106 -1.509932
1117858887 0.544502 0.416349 -1.664744 4.681601 8.612294 0.285296 -2.836364 -1.072106 -1.509932
1137817383 0.444986 0.576884 -1.139212 4.579423 8.668225 0.247266 -2.864735 -1.084165 -1.516854
1157775879 0.431658 0.549995 0.171170 4.469380 8.725975 0.228875 -2.879516 -1.096911 -1.519632
1177734375 -0.054303 0.409173 0.244731 4.344789 8.789240 0.206068 -2.832315 -1.111248 -1.523403
1197723389 -0.195023 0.276180 0.541438 4.084574 8.914488 0.136173 -2.824024 -1.140938 -1.537470
1217681885 -0.724804 0.316219 0.168494 4.084574 8.914488 0.136173 -2.858518 -1.140938 -1.537470
1237640381 -1.044445 0.349484 -0.479614 3.891647 9.001220 0.059292 -2.849608 -1.162677 -1.555562
1257598877 -0.604278 0.142911 -0.495073 3.891647 9.001220 0.059292 -2.833735 -1.162677 -1.555562
1277557373 -0.288829 0.026134 0.256440 3.843482 9.021914 0.055537 -2.851523 -1.168027 -1.556348
1297515869 -0.212959 -0.031745 0.495589 3.801333 9.039780 0.051223 -2.836396 -1.172701 -1.557322
1317474365 -0.154554 -0.029663 -0.457013 3.801333 9.039780 0.051223 -2.872922 -1.172701 -1.557322
1337432862 0.270390 -0.009151 -0.364520 3.805434 9.038083 0.046046 -2.852201 -1.172255 -1.558697
1357391358 0.593818 -0.074785 0.309716 3.837638 9.024303 0.069824 -2.865125 -1.168649 -1.552604
1377380371 0.872457 -0.215576 0.236753 3.837638 9.024303 0.069824 -2.863913 -1.168649 -1.552604
1397338867 0.894928 -0.246406 -0.310491 3.842564 9.022260 0.062619 -2.872738 -1.168117 -1.554502
1417297364 0.852719 -0.036978 -0.245771 3.842564 9.022260 0.062619 -2.895061 -1.168117 -1.554502
1437255860 0.736052 -0.015092 0.076879 3.831314 9.027025 0.064963 -2.887990 -1.169359 -1.553842
1457214356 0.727803 -0.247105 0.012600 3.817923 9.032712 0.063103 -2.913966 -1.170846 -1.554270
1477172852 0.767627 -0.341896 -0.191024 3.801842 9.039541 0.055406 -2.888177 -1.172638 -1.556224
1497131348 0.608697 -0.227114 -0.333260 3.780838 9.048388 0.048226 -2.887659 -1.174971 -1.558042
