0 0.366990 -0.092730 0.099712 1.745778 -9.441918 1.993193 -0.032325 1.297209 -0.719323
19958496 0.069849 -0.026283 -0.390365 1.772117 -9.428797 2.031692 -0.034127 1.292300 -0.717263
39916992 0.621958 0.413528 0.114181 1.799689 -9.419740 2.049393 -0.029369 1.288959 -0.720615
59875488 0.708210 0.207061 -0.335711 1.799689 -9.419740 2.049393 -0.025536 1.288959 -0.720615
79864502 0.270202 -0.213057 -0.175012 1.838152 -9.410233 2.058911 -0.021608 1.285494 -0.728811
99822998 1.068754 -0.213881 0.328797 1.874442 -9.397712 2.083237 0.002879 1.280992 -0.732690
119781494 2.885848 0.002830 -0.057611 1.874442 -9.397712 2.083237 0.000765 1.280992 -0.732690
139739990 5.437442 0.028096 0.047150 2.000601 -9.363653 2.118957 0.010618 1.269077 -0.756676
159698486 8.764438 -0.429666 -0.258500 2.190675 -9.316300 2.139596 0.026719 1.253231 -0.797194
179656982 13.611994 -1.073042 0.524780 2.513375 -9.230721 2.155719 0.050089 1.226377 -0.861850
199615478 17.537365 -1.745049 1.580224 2.513375 -9.230721 2.155719 0.069417 1.226377 -0.861850
219573974 19.725151 -3.747766 3.502048 3.527714 -8.896047 2.141487 0.150990 1.136447 -1.025212
239532470 22.048870 -6.559923 4.789494 4.182907 -8.587873 2.218586 0.175396 1.066923 -1.083131
259490966 24.831230 -8.348478 4.349592 4.182907 -8.587873 2.218586 0.244571 1.066923 -1.083131
279479980 26.486980 -11.091489 3.114311 4.929899 -8.136088 2.381293 0.292155 0.978481 -1.120816
299438476 26.636518 -16.161894 3.413509 5.783828 -7.486882 2.581532 0.340996 0.868637 -1.150993
319396972 25.433350 -21.941753 3.316637 6.684605 -6.600943 2.813184 0.428179 0.738405 -1.172450
339355468 24.746338 -28.279474 2.091996 7.551618 -5.464812 3.046191 0.514380 0.591077 -1.187377
359313965 27.666576 -33.452301 3.090396 8.359637 -4.088516 3.093684 0.649457 0.430046 -1.216351
379272461 28.434820 -38.839245 5.886127 9.106624 -2.383801 2.749051 0.853318 0.245540 -1.277621
399230957 27.588558 -41.314106 9.197210 9.534967 1.837269 1.370847 0.475902 -0.188463 -1.428004
419189453 27.082317 -43.692528 10.764420 8.933758 3.916958 1.007870 0.578712 -0.410882 -1.458455
439147949 21.050751 -45.779171 7.349996 8.933758 3.916958 1.007870 1.198332 -0.410882 -1.458455
459136963 12.022177 -47.460377 3.515000 7.875366 5.772871 0.907179 1.231808 -0.629411 -1.456110
479095459 5.396793 -48.653805 1.166597 6.435109 7.345955 0.892582 1.305519 -0.846671 -1.432971
499053955 1.059710 -49.143875 -0.053640 2.765510 9.359804 0.957300 0.929249 -1.267759 -1.237550
519012451 -4.211518 -46.336205 0.810219 2.765510 9.359804 0.957300 1.435544 -1.267759 -1.237550
538970947 -11.979193 -40.938412 2.812281 0.834719 9.709488 1.095205 1.918110 -1.429912 -0.651237
558929443 -11.414618 -32.524456 4.661864 -0.822053 9.692989 1.241197 3.108813 -1.418398 0.584978
578887939 -9.757940 -25.879791 2.959262 -2.140797 9.478163 1.323550 -2.765496 -1.311239 1.017065
598846435 -8.422115 -21.088270 3.621382 -4.085557 8.797213 1.444878 -2.752565 -1.113085 1.230869
618804931 -9.496913 -18.330460 3.069482 -4.085557 8.797213 1.444878 -2.585176 -1.113085 1.230869
638793945 -9.736800 -14.955040 -0.100124 -4.770713 8.456607 1.377131 -2.570121 -1.039861 1.289772
658752441 -6.637016 -10.491913 -1.071127 -5.242805 8.189519 1.270889 -2.556150 -0.988312 1.332977
678710937 -3.332585 -7.039630 -0.363755 -5.572931 7.982361 1.180996 -2.555655 -0.950961 1.361969
698669433 -2.343744 -5.009838 -1.070625 -5.851019 7.793766 1.092319 -2.495364 -0.918584 1.386232
718627929 -2.833993 -4.493147 -1.163158 -6.109180 7.605227 1.004406 -2.510290 -0.887534 1.407845
738586425 -2.601735 -3.649318 -0.546437 -6.321975 7.437244 0.943614 -2.485909 -0.860836 1.422631
758544922 -1.392380 -2.789680 -0.119551 -6.478840 7.303913 0.920790 -2.475556 -0.840223 1.429619
778503418 -0.811267 -2.800051 -0.291122 -6.607150 7.188700 0.915718 -2.466572 -0.822786 1.433079
798461914 -0.822851 -3.112799 -0.069102 -6.837284 6.973481 0.890222 -2.496205 -0.791057 1.441324
818450927 -1.363260 -2.983435 -0.333244 -6.934892 6.879984 0.862255 -2.470427 -0.777589 1.447095
838409424 -1.790841 -2.908804 -0.521720 -6.934892 6.879984 0.862255 -2.452906 -0.777589 1.447095
858367920 -1.697658 -2.552047 -0.468067 -7.009563 6.806679 0.839945 -2.459190 -0.767152 1.451537
878326416 -1.719625 -2.329965 -0.238701 -7.067675 6.747622 0.829435 -2.450480 -0.758820 1.453974
898284912 -2.045643 -2.267111 0.066060 -7.115023 6.698202 0.825191 -2.442685 -0.751898 1.455333
918243408 -2.336182 -1.904598 -0.320606 -7.148991 6.663522 0.812272 -2.441921 -0.747068 1.457661
938201904 -2.089861 -1.834711 0.100857 -7.163790 6.648962 0.801124 -2.433808 -0.745046 1.459429
958160400 -1.991595 -1.585611 0.268450 -7.159989 6.654828 0.786261 -2.441247 -0.745860 1.461421
978118896 -1.248720 -0.799306 0.341840 -7.136668 6.682679 0.761674 -2.434405 -0.749733 1.464472
998077392 -0.646163 -0.233920 0.075788 -7.101745 6.724281 0.720864 -2.436115 -0.755545 1.469638
1018066406 -0.640557 -0.106250 -0.008229 -7.045505 6.791467 0.638140 -2.434558 -0.765000 1.480469
1038024902 -0.618118 0.058703 0.219874 -7.045505 6.791467 0.638140 -2.444159 -0.765000 1.480469
1057983398 -0.333599 0.166500 0.333447 -7.022612 6.816791 0.620229 -2.437552 -0.768586 1.482706
1077941894 -0.372876 0.089324 0.065100 -7.003763 6.837356 0.606843 -2.420534 -0.771507 1.484367
1097900390 -0.491016 -0.034194 0.312298 -6.986924 6.856253 0.587419 -2.419942 -0.774198 1.486920
1117858886 -0.308191 -0.009704 0.283439 -6.967762 6.878420 0.554993 -2.418612 -0.777365 1.491313
1137817383 -0.163784 -0.098957 0.106463 -6.948315 6.901450 0.511167 -2.396758 -0.780665 1.497362
1157775879 -0.050459 -0.164537 -0.362761 -6.929401 6.923884 0.462186 -2.412387 -0.783890 1.504196
1177734375 -0.134195 -0.301521 -0.354833 -6.913491 6.942260 0.423153 -2.388696 -0.786540 1.509666
1197723388 -0.459814 -0.475091 -0.166266 -6.892157 6.966501 0.369352 -2.382041 -0.790046 1.517257
1217681884 -0.698986 -0.834522 -0.150910 -6.878168 6.981848 0.339103 -2.387350 -0.792272 1.521535
1237640381 -0.757461 -0.869412 -0.330909 -6.878168 6.981848 0.339103 -2.391968 -0.792272 1.521535
1257598877 -0.763542 -0.789650 -0.200396 -6.857980 7.003123 0.307849 -2.384982 -0.795366 1.525937
1277557373 -0.919390 -0.997620 -0.190882 -6.832417 7.029334 0.277335 -2.390238 -0.799192 1.530228
1297515869 -1.015604 -0.873160 -0.285980 -6.800783 7.061031 0.248144 -2.389770 -0.803838 1.534325
1317474365 -0.887281 -0.805388 -0.305502 -6.761090 7.099880 0.223067 -2.387524 -0.809564 1.537816
1337432861 -0.920340 -1.002664 -0.133147 -6.716155 7.142974 0.203919 -2.376491 -0.815956 1.540443
1357391357 -1.008971 -1.349062 -0.057805 -6.668220 7.188269 0.184444 -2.388556 -0.822721 1.543143
1377380371 -1.309588 -1.780702 -0.062019 -6.618048 7.235039 0.161374 -2.385824 -0.829759 1.546417
1397338867 -1.914371 -2.412570 0.126143 -6.562098 7.286240 0.141304 -2.382244 -0.837526 1.549266
1417297363 -2.406870 -3.007471 -0.025037 -6.489253 7.351564 0.120368 -2.389760 -0.847534 1.552250
1437255859 -2.685491 -3.526798 0.194611 -6.389850 7.438508 0.093905 -2.391676 -0.861034 1.556101
1457214355 -2.500445 -3.952021 0.640262 -6.255474 7.552162 0.065274 -2.406882 -0.879008 1.560362
1477172851 -3.084003 -4.346685 0.353123 -6.092533 7.684450 0.025866 -2.397138 -0.900433 1.566551
1497131347 -3.240707 -4.523032 0.345577 -5.897685 7.834996 -0.023228 -2.404557 -0.925543 1.574735
