0 0.584358 0.098754 -0.773571 3.234175 -9.069592 1.858223 0.334509 1.180617 -1.049294
19958496 0.389458 0.323792 -0.842367 3.231550 -9.066157 1.879433 0.315582 1.179698 -1.044025
39947510 -0.152428 0.240101 -0.285655 3.245037 -9.062891 1.871933 0.337862 1.178825 -1.047565
59906006 -0.433811 0.161912 0.048086 3.255960 -9.062122 1.856623 0.324775 1.178620 -1.052559
79864502 -0.328415 0.127155 0.262362 3.250508 -9.066663 1.843964 0.355951 1.179833 -1.054780
99822998 0.311690 0.114295 0.326758 3.226801 -9.075821 1.840547 0.337814 1.182291 -1.052431
119781494 1.469807 0.454534 0.410726 3.194713 -9.086642 1.843131 0.348569 1.185214 -1.047512
139739991 2.998380 0.639225 0.328029 3.180800 -9.091095 1.845236 0.340554 1.186423 -1.045125
159698487 3.831711 0.575216 0.098744 3.202955 -9.082161 1.850897 0.346860 1.184001 -1.046807
179656983 5.979600 0.166735 1.938493 3.259007 -9.067311 1.825688 0.346380 1.180006 -1.060158
199615479 9.727175 -0.267155 2.847110 3.348220 -9.036336 1.817810 0.336306 1.171796 -1.073406
219604492 13.575858 -0.173823 3.009645 3.481115 -8.975773 1.867549 0.315277 1.156188 -1.078392
239562989 17.039446 -0.504966 3.491393 3.676582 -8.880240 1.947941 0.289102 1.132633 -1.083575
259521485 18.908354 -1.818810 3.224732 3.953876 -8.734541 2.060349 0.306591 1.098828 -1.090415
279479981 20.956827 -2.892667 3.069767 4.317832 -8.525980 2.198718 0.309670 1.054003 -1.099801
299438477 22.034733 -5.222446 2.531739 4.828118 -8.210074 2.335449 0.289723 0.992133 -1.120259
319396973 22.618580 -8.624497 2.203206 5.496865 -7.748131 2.433377 0.319297 0.910955 -1.154043
339355469 23.459579 -13.488160 3.121548 6.303089 -7.104502 2.442848 0.325698 0.810247 -1.201057
359313965 23.202705 -17.403687 4.833790 7.175781 -6.252759 2.362535 0.364414 0.691384 -1.252737
379272461 20.175407 -24.453928 6.438176 8.057224 -5.124958 2.233009 0.405428 0.549898 -1.300438
399261475 17.066927 -28.845234 6.389001 8.812783 -3.766085 2.078903 0.425981 0.394161 -1.339135
419219971 13.971670 -31.871824 6.365284 9.364864 -2.219467 1.882466 0.506904 0.228301 -1.372426
439178467 12.294102 -34.471146 7.177658 9.655087 -0.527742 1.634374 0.565090 0.053841 -1.403110
459136963 9.517100 -35.310196 7.205050 9.627581 1.236598 1.396744 0.615265 -0.126435 -1.426724
479095459 3.706514 -36.851173 2.257413 9.257716 3.002304 1.204675 0.611490 -0.311146 -1.441397
499053955 1.532734 -33.873352 -0.269487 8.612450 4.583840 0.992227 0.611259 -0.486372 -1.456094
519012451 0.098684 -31.255953 1.373390 7.749481 5.962626 0.750357 0.629642 -0.653562 -1.474270
538970948 -1.625121 -29.365387 1.424228 6.692787 7.153478 0.452493 0.616572 -0.817520 -1.503290
558929444 -3.665155 -27.510735 0.762222 5.496499 8.119370 0.186305 0.588533 -0.975434 -1.536914
578918457 -5.445355 -24.807278 0.838497 4.237150 8.843963 0.035498 0.566528 -1.123994 -1.562419
598876953 -6.422657 -21.781944 1.299213 2.997378 9.337308 -0.028085 0.580659 -1.260164 -1.580166
618835449 -6.465867 -18.723965 2.282171 1.832473 9.633751 -0.057273 0.566732 -1.382738 -1.602040
638793946 -6.934619 -16.103146 1.794230 0.780419 9.775339 -0.063838 0.521235 -1.490865 -1.652414
658752442 -6.686841 -13.484068 1.806982 -0.126723 9.805806 -0.022244 -2.369200 -1.557676 1.744557
678710938 -6.673734 -11.932944 2.266852 -0.897659 9.765294 0.060153 -2.604891 -1.478926 1.503885
698669434 -6.588136 -10.142162 0.968766 -1.533283 9.685267 0.122543 -2.629747 -1.413296 1.491044
718627930 -6.218099 -8.620556 0.985655 -2.049134 9.588462 0.181207 -2.643203 -1.359457 1.482595
738586426 -5.812737 -7.155220 1.518365 -2.467780 9.487986 0.242026 -2.638730 -1.315171 1.473035
758575440 -4.924197 -5.461560 1.819029 -2.806541 9.392296 0.280173 -2.653302 -1.279066 1.471297
778533936 -4.912522 -4.689524 0.285987 -3.085933 9.304624 0.267175 -2.637632 -1.249439 1.484433
798492432 -4.869090 -4.263579 -0.211730 -3.306067 9.229468 0.239196 -2.631866 -1.225999 1.498572
818450928 -4.371602 -3.608335 0.393632 -3.460996 9.172622 0.234329 -2.641161 -1.209239 1.503194
838409424 -2.558588 -2.591893 0.715344 -3.551242 9.138107 0.232500 -2.644239 -1.199417 1.505420
858367920 -1.649736 -1.681090 -0.101524 -3.630861 9.108297 0.161716 -2.645335 -1.191129 1.526286
878326416 -1.261782 -1.263055 -0.343052 -3.630861 9.108297 0.161716 -2.629853 -1.191129 1.526286
898284912 -0.598530 -0.623324 -0.491704 -3.651779 9.100442 0.129804 -2.623010 -1.188973 1.535266
918243408 -1.108215 -0.923039 -0.480739 -3.679326 9.089470 0.120309 -2.616002 -1.185982 1.538109
938201905 -1.362764 -0.971553 0.162886 -3.702411 9.079834 0.138409 -2.641303 -1.183372 1.533430
958190918 -1.075074 -0.520603 0.548813 -3.707232 9.077409 0.165677 -2.642365 -1.182719 1.526136
978149414 -0.970215 -0.380157 0.536113 -3.707764 9.076874 0.182289 -2.644274 -1.182574 1.521672
998107910 -1.020292 -0.469943 0.059269 -3.712099 9.075136 0.180582 -2.649736 -1.182106 1.522188
1018066407 -1.087736 -0.567167 0.032587 -3.714833 9.074152 0.173679 -2.623780 -1.181842 1.524077
1038024903 -1.289663 -0.722828 0.413610 -3.709755 9.076175 0.176481 -2.625634 -1.182386 1.523260
1057983399 -1.240205 -0.650949 0.300831 -3.689766 9.084373 0.173704 -2.653707 -1.184599 1.523754
1077941895 -0.758540 -0.379632 0.233526 -3.652616 9.099594 0.161784 -2.654399 -1.188741 1.526533
1097900391 -0.356884 -0.339671 0.032879 -3.611745 9.116214 0.142549 -2.645357 -1.193313 1.531349
1117858887 -0.184959 -0.464163 0.068461 -3.577373 9.130048 0.122584 -2.631954 -1.197159 1.536543
1137847901 -0.331290 -0.530115 0.528136 -3.548320 9.141529 0.110749 -2.615093 -1.200379 1.539595
1157806397 -0.813552 -0.833940 0.201189 -3.521877 9.151963 0.091269 -2.632125 -1.203330 1.544887
1177764893 -1.113355 -0.919519 -0.160149 -3.485133 9.166254 0.063373 -2.611169 -1.207408 1.552614
1197723389 -0.639298 -0.600763 0.112513 -3.429311 9.187430 0.036347 -2.613575 -1.213533 1.560198
1217681885 -0.181584 -0.436667 0.193362 -3.366463 9.210714 0.007334 -2.576095 -1.220385 1.568618
1237640381 -0.251644 -0.465366 -0.102349 -3.311349 9.230621 -0.031157 -2.568061 -1.226347 1.580205
1257598877 -0.917056 -0.582814 -0.332471 -3.211787 9.265388 -0.085821 -2.560169 -1.237004 1.597511
1277557373 -1.246451 -0.618775 -0.478855 -3.211787 9.265388 -0.085821 -2.586198 -1.237004 1.597511
1297515869 -1.063210 -0.637670 -0.197534 -3.068301 9.313786 -0.096495 -2.583261 -1.252410 1.602235
1317504883 -0.925586 -0.703929 -0.047582 -2.989459 9.339321 -0.102934 -2.581841 -1.260836 1.605215
1337463379 -0.905609 -0.860437 0.000898 -2.989459 9.339321 -0.102934 -2.601893 -1.260836 1.605215
1357421875 -0.999115 -1.251319 0.082691 -2.908060 9.364924 -0.108467 -2.598966 -1.269513 1.608078
1377380371 -1.075231 -1.652217 -0.417169 -2.718467 9.421479 -0.126660 -2.584409 -1.289598 1.617355
1397338867 -1.271764 -1.863847 -0.329166 -2.718467 9.421479 -0.126660 -2.581623 -1.289598 1.617355
1417297364 -1.336704 -2.267929 -0.022020 -2.602782 9.454132 -0.123704 -2.595658 -1.301857 1.618288
1437255860 -1.818638 -2.907897 -0.036874 -2.470183 9.489753 -0.114733 -2.593622 -1.315884 1.617210
1457214356 -2.042557 -3.478081 0.191525 -2.313052 9.529442 -0.099650 -2.593930 -1.332462 1.613851
1477172852 -2.416051 -3.749971 0.388138 -2.121147 9.574139 -0.083564 -2.621863 -1.352604 1.610172
1497131348 -2.556002 -3.669846 0.301496 -1.594460 9.675949 -0.063947 -2.591478 -1.407349 1.610881
