0 0.057707 -0.036961 -0.050200 3.190886 -9.245098 0.718885 0.524310 1.230745 -1.349203
19958496 -0.218759 -0.279979 -0.181935 3.189338 -9.245447 0.721260 0.514920 1.230852 -1.348390
39916992 0.005119 -0.163624 0.125147 3.185460 -9.246089 0.730119 0.509095 1.231048 -1.345484
59875488 0.345603 0.169374 -0.076694 3.185460 -9.246089 0.730119 0.509095 1.231048 -1.345484
79833984 0.647530 0.244953 0.037314 3.189809 -9.244151 0.735646 0.522237 1.230456 -1.344136
99792480 1.129616 0.260891 -0.152450 3.203913 -9.238434 0.746115 0.522779 1.228713 -1.341998
119750976 1.633914 0.435354 -0.439063 3.224366 -9.229899 0.763413 0.547384 1.226129 -1.338314
139709473 1.940866 0.348044 -0.746610 3.256140 -9.217197 0.781796 0.542460 1.222315 -1.335158
159667969 1.938096 0.037114 -1.071627 3.298181 -9.200510 0.801876 0.529387 1.217366 -1.332297
179656982 2.707466 -0.244372 -0.814707 3.342999 -9.183975 0.805828 0.558856 1.212526 -1.334259
199615478 4.578294 0.121728 -0.621171 3.395170 -9.165545 0.797493 0.555658 1.207204 -1.340088
219573975 6.934080 0.213554 -0.321953 3.498958 -9.127481 0.785356 0.564650 1.196442 -1.350001
239532471 10.446939 -0.061549 0.478619 3.661531 -9.064990 0.767804 0.584759 1.179385 -1.364096
259490967 12.953882 -1.805604 1.572283 3.897827 -8.967347 0.751010 0.563381 1.154060 -1.380455
279449463 15.823540 -2.434991 1.288188 4.492448 -8.676697 0.838590 0.558476 1.086015 -1.386254
299407959 18.952349 -2.956686 1.302690 4.954823 -8.417947 0.870806 0.555446 1.032126 -1.396824
319366455 20.632973 -4.738934 1.380174 5.562232 -8.030871 0.858534 0.494584 0.959528 -1.417654
339324951 20.633570 -7.361795 1.630756 5.562232 -8.030871 0.858534 0.563896 0.959528 -1.417654
359283447 19.437323 -10.244270 1.534459 6.241858 -7.515377 0.853640 0.646202 0.873148 -1.434879
379272461 17.622820 -13.287216 1.319001 6.937815 -6.873380 0.890927 0.536550 0.776644 -1.443079
399230957 16.275719 -16.001747 0.782559 7.611885 -6.108332 0.958057 0.531452 0.672414 -1.445591
419189453 15.270025 -18.312508 -0.053659 8.250476 -5.205477 1.001515 0.759052 0.559557 -1.449998
439147949 13.850760 -20.882477 0.713733 8.842375 -4.134845 0.941190 0.573331 0.435250 -1.464755
459106445 11.661037 -22.995432 2.440317 9.328195 -2.913145 0.817779 0.589540 0.301610 -1.483352
479064941 9.666219 -25.295717 3.267088 9.649768 -1.592627 0.718263 0.940735 0.163125 -1.496500
499023437 8.294922 -26.432293 2.090406 9.779095 -0.239025 0.694672 0.653429 0.024376 -1.499879
518981934 7.621453 -26.182858 -0.285809 9.714223 1.121464 0.739306 0.684901 -0.114608 -1.494837
538940430 6.556309 -26.824821 0.177110 9.447840 2.522060 0.740217 0.705926 -0.260101 -1.492608
558929443 5.259485 -28.440248 0.382289 8.952838 3.941190 0.695784 0.737313 -0.413579 -1.493236
578887939 3.436059 -29.401550 1.896478 8.216542 5.309689 0.682670 0.764265 -0.572146 -1.487902
598846435 1.184858 -29.666798 2.234173 7.265703 6.550858 0.682797 1.296238 -0.731520 -1.477096
618804932 -0.555330 -28.076767 0.656393 6.170124 7.594753 0.647822 0.839667 -0.885844 -1.466186
638763428 -0.924701 -25.552141 -0.363665 5.004147 8.412784 0.594957 0.878831 -1.031101 -1.452459
658721924 -1.045846 -24.026016 -0.557488 3.803978 9.020804 0.570285 1.217868 -1.167739 -1.421986
678680420 -2.394308 -22.875130 0.119278 2.584990 9.441802 0.583602 0.949614 -1.297165 -1.348753
698638916 -5.487446 -21.540480 -0.994076 1.380455 9.691138 0.588694 1.150419 -1.417160 -1.167699
718597412 -7.418367 -18.643517 -1.091939 0.271523 9.783798 0.611523 2.126339 -1.502515 -0.417863
738586426 -7.189911 -15.821708 1.822360 -0.693517 9.755330 0.723158 3.103492 -1.468446 0.764478
758544922 -8.438745 -13.991320 1.423303 -1.534915 9.648899 0.844498 -2.854971 -1.391189 1.067806
778503418 -9.295258 -11.981689 0.123252 -2.243945 9.503594 0.903767 -2.648652 -1.321543 1.187915
798461914 -8.524578 -9.714464 0.849637 -2.798217 9.350950 0.948738 -2.698177 -1.264748 1.243909
818420410 -7.712105 -8.144582 1.448312 -3.221985 9.210018 0.982233 -2.646297 -1.220178 1.274893
838378906 -6.709827 -6.705560 1.488592 -3.537726 9.092643 0.989302 -2.639522 -1.186844 1.298118
858337402 -5.735167 -5.115685 1.222790 -3.763622 9.004661 0.960012 -2.664331 -1.163562 1.321045
878295898 -5.503060 -4.579512 0.545151 -3.935637 8.937498 0.895698 -2.634244 -1.146603 1.347021
898254394 -4.488077 -3.550711 0.010326 -4.053395 8.892784 0.811650 -2.581271 -1.135658 1.373170
918212891 -3.963071 -2.488079 -0.169566 -4.128922 8.865624 0.723257 -2.587880 -1.129133 1.397387
938201904 -3.670699 -1.901028 -0.325571 -4.177005 8.849226 0.643604 -2.576489 -1.125237 1.417916
958160400 -3.606742 -1.595971 -0.322563 -4.198641 8.848128 0.502425 -2.528864 -1.124978 1.451699
978118896 -3.202797 -1.544316 -0.905659 -4.198641 8.848128 0.502425 -2.528864 -1.124978 1.451699
998077393 -2.561584 -1.239760 -1.139275 -4.161689 8.868977 0.438159 -2.560203 -1.129934 1.465899
1018035889 -1.744745 -0.833679 -0.783967 -4.098268 8.900553 0.393386 -2.541547 -1.137541 1.475101
1037994385 -0.734597 -0.444890 -0.508576 -4.023498 8.935877 0.363263 -2.555422 -1.146202 1.480755
1057952881 -0.235404 -0.091807 -0.904427 -3.950629 8.969557 0.331621 -2.543741 -1.154617 1.487051
1077911377 -0.230055 -0.038286 -0.889035 -3.893548 8.995233 0.310561 -2.570261 -1.161142 1.491202
1097869873 -0.653276 -0.520254 -0.131426 -3.850310 9.013693 0.314387 -2.564518 -1.165894 1.489325
1117858887 -0.872763 -0.543319 0.121219 -3.805137 9.032548 0.323092 -2.546041 -1.170803 1.486090
1137817383 -0.536516 -0.157746 -0.211152 -3.747908 9.056746 0.314545 -2.541743 -1.177188 1.487067
1157775879 -0.293244 0.227461 -0.901532 -3.685665 9.083154 0.287363 -2.531209 -1.184269 1.492986
1177734375 0.084865 0.434251 -0.740988 -3.635539 9.103901 0.268739 -2.524463 -1.189921 1.497011
1197692871 -0.341511 0.124047 -0.511995 -3.605515 9.115910 0.266127 -2.513496 -1.193229 1.497119
1217651367 -0.446582 -0.036904 -0.321144 -3.585454 9.123507 0.276670 -2.513924 -1.195336 1.493784
1237609863 -0.280631 0.012443 -0.490079 -3.566060 9.130783 0.287066 -2.521166 -1.197364 1.490470
1257568359 0.322596 0.322751 -0.317489 -3.544767 9.138556 0.302992 -2.528828 -1.199543 1.485528
1277526855 0.272856 0.223205 0.042504 -3.517954 9.146839 0.360172 -2.535397 -1.201878 1.468771
1297515869 0.193420 0.042510 0.392559 -3.517954 9.146839 0.360172 -2.535397 -1.201878 1.468771
1317474365 0.296033 0.069565 0.268180 -3.505406 9.150482 0.388832 -2.545418 -1.202910 1.460324
1337432861 0.286220 -0.024268 0.018554 -3.497824 9.152324 0.413015 -2.544163 -1.203432 1.453263
1357391357 0.329780 -0.120384 0.342514 -3.497800 9.150938 0.442828 -2.567280 -1.203039 1.444864
1377349853 0.240628 -0.099459 0.127277 -3.503528 9.147449 0.468865 -2.579720 -1.202051 1.437760
1397308350 0.077152 -0.254494 0.450367 -3.515418 9.141620 0.492957 -2.552575 -1.200405 1.431478
1417266846 -0.251245 -0.420542 0.591939 -3.529761 9.134873 0.515031 -2.551231 -1.198509 1.425908
1437225342 -0.811774 -0.564935 0.170360 -3.537275 9.131553 0.522331 -2.541726 -1.197579 1.424191
1457183838 -0.784472 -0.400152 0.214954 -3.516524 9.139648 0.520841 -2.577077 -1.199850 1.423753
1477142334 -0.335157 -0.006435 0.208589 -3.516524 9.139648 0.520841 -2.577077 -1.199850 1.423753
1497131348 0.144473 0.320738 0.147321 -3.496034 9.147693 0.517540 -2.577945 -1.202119 1.423827
