0 -0.341531 0.036992 0.151315 4.733221 -8.557589 0.731218 0.749205 1.060564 -1.417522
19958496 0.000653 0.259081 -0.023240 4.719730 -8.563498 0.749017 0.724040 1.061800 -1.413410
39916992 -0.065177 0.300854 -0.218415 4.724041 -8.560180 0.759706 0.730273 1.061105 -1.411345
59875488 -0.086150 0.320980 0.047070 4.732156 -8.555031 0.767168 0.731558 1.060030 -1.410077
79833984 -0.246525 0.254162 -0.077435 4.732156 -8.555031 0.767168 0.731381 1.060030 -1.410077
99792480 -0.209877 0.329328 -0.496004 4.726337 -8.556755 0.783628 0.723846 1.060390 -1.406491
119750977 -0.074823 0.436558 -0.189619 4.723056 -8.558101 0.788688 0.726318 1.060671 -1.405336
139709473 -0.100837 0.375292 -0.192583 4.723056 -8.558101 0.788688 0.723205 1.060671 -1.405336
159698486 -0.269565 0.215162 -0.238684 4.722478 -8.558125 0.791892 0.726399 1.060676 -1.404656
179656982 -0.242121 0.251071 0.028120 4.720692 -8.559242 0.790464 0.723957 1.060910 -1.404889
199615478 -0.194065 0.244528 0.067934 4.719011 -8.560021 0.792058 0.731820 1.061072 -1.404502
219573975 -0.029672 0.256618 -0.138663 4.715734 -8.561078 0.800114 0.701842 1.061293 -1.402728
239532471 0.320530 0.316940 0.356627 4.715453 -8.561151 0.800998 0.710443 1.061308 -1.402536
259490967 1.140382 0.506267 0.373419 4.715282 -8.560118 0.812953 0.725085 1.061092 -1.400067
279449463 1.629670 0.666571 -0.341384 4.722867 -8.552117 0.852171 0.699965 1.059423 -1.392282
299407959 1.968522 0.980605 -0.689109 4.754506 -8.527420 0.920960 0.710914 1.054300 -1.379463
319366455 2.995326 1.302315 -0.950156 4.754506 -8.527420 0.920960 0.695744 1.054300 -1.379463
339355469 6.257112 1.099361 0.039171 4.805306 -8.502124 0.890676 0.682827 1.049101 -1.387524
359313965 11.529930 1.147527 1.092080 4.805306 -8.502124 0.890676 0.664007 1.049101 -1.387524
379272461 17.790070 1.651833 0.718123 4.905984 -8.443847 0.896189 0.626575 1.037297 -1.390116
399230957 22.040842 0.502029 0.596274 5.531221 -8.047739 0.899920 0.579577 0.962532 -1.409511
419189453 24.412436 -2.224432 2.105829 5.531221 -8.047739 0.899920 0.624050 0.962532 -1.409511
439147949 25.092749 -5.369394 2.492780 6.061643 -7.654804 0.911505 0.584579 0.895582 -1.421542
459106445 24.426638 -8.561249 1.884021 7.342776 -6.418077 1.030692 0.526010 0.713470 -1.431339
479064941 23.158081 -12.102379 0.763321 7.993229 -5.575494 1.092038 0.505542 0.604733 -1.435017
499023437 22.427750 -15.725298 -0.866093 8.612717 -4.565009 1.073402 0.505678 0.484201 -1.446806
518981934 21.782503 -20.543636 -0.024335 9.145083 -3.402804 0.979163 0.492359 0.354359 -1.464133
538970947 21.910070 -24.282513 0.622790 9.145083 -3.402804 0.979163 0.678317 0.354359 -1.464133
558929443 21.260817 -29.549078 2.248884 9.561455 -2.035299 0.778810 0.745834 0.209062 -1.489523
578887939 19.098091 -35.485077 3.160541 9.728213 1.206233 0.277950 0.546343 -0.123314 -1.542233
598846436 14.793405 -39.367065 3.793258 9.368568 2.896395 0.105859 0.584527 -0.299822 -1.559497
618804932 10.954521 -41.408264 4.801383 9.368568 2.896395 0.105859 1.020486 -0.299822 -1.559497
638763428 8.094002 -40.624779 4.216109 8.706547 4.512181 0.081570 1.106676 -0.478124 -1.561428
658721924 5.314817 -39.459999 2.376009 6.528234 7.314744 0.216939 0.713705 -0.841880 -1.537578
678680420 1.105613 -38.573898 -1.563023 6.528234 7.314744 0.216939 1.184166 -0.841880 -1.537578
698638916 -4.123700 -36.643814 -3.684202 3.743843 9.062548 0.155722 0.746179 -1.178733 -1.529226
718627930 -4.299445 -30.458284 -1.010767 2.368974 9.515514 0.115426 0.774245 -1.326519 -1.522111
738586426 -4.509494 -26.745117 1.011841 2.368974 9.515514 0.115426 1.137823 -1.326519 -1.522111
758544922 -6.365086 -24.921509 0.995605 1.017161 9.753212 0.103081 1.182028 -1.466354 -1.469799
778503418 -9.142028 -23.557007 -0.246655 -0.225050 9.802116 0.195552 -2.842467 -1.540390 0.855417
798461914 -10.121422 -20.592804 1.187131 -1.240626 9.718297 0.431205 -2.515497 -1.436460 1.236287
818420410 -8.484836 -16.581146 2.775779 -1.998000 9.574311 0.714817 -2.583860 -1.352685 1.227220
838378906 -7.858817 -13.692210 2.127423 -2.564898 9.419753 0.927325 -2.621331 -1.288964 1.223874
858337402 -6.688840 -11.063208 1.771487 -3.000443 9.277255 1.048947 -2.623443 -1.240717 1.234480
878295898 -5.286377 -8.794258 1.476931 -3.331034 9.157266 1.104119 -2.632993 -1.204838 1.250729
898254394 -5.431281 -7.572124 0.437441 -3.596729 9.055836 1.107141 -2.636580 -1.176946 1.272182
918243408 -5.265198 -6.095209 -0.733851 -3.803462 8.975578 1.069135 -2.627983 -1.156139 1.296772
938201904 -3.861200 -4.230616 -0.491952 -3.936116 8.922545 1.032251 -2.660448 -1.142914 1.314321
958160400 -2.720736 -3.129985 0.221650 -4.015667 8.889286 1.012619 -2.639862 -1.134812 1.323779
978118896 -2.433591 -2.558068 -0.015577 -4.078947 8.863515 0.985233 -2.638659 -1.128630 1.333795
998077393 -2.659647 -2.279711 -0.512009 -4.135349 8.841642 0.945849 -2.607763 -1.123446 1.345941
1018035889 -2.343848 -1.867311 -0.322306 -4.170874 8.828546 0.911583 -2.622185 -1.120369 1.355621
1037994385 -1.571087 -1.165849 -0.200591 -4.177695 8.828001 0.885253 -2.630503 -1.120241 1.361985
1057952881 -0.930111 -0.694565 0.117008 -4.171226 8.833123 0.864406 -2.629550 -1.121442 1.366458
1077911377 -0.918400 -0.566469 0.235545 -4.166470 8.837354 0.843865 -2.634838 -1.122436 1.370962
1097900391 -1.038231 -0.662098 -0.090631 -4.168925 8.839212 0.811648 -2.615419 -1.122874 1.378512
1117858887 -0.951566 -0.767776 -0.370500 -4.174088 8.840147 0.774064 -2.619058 -1.123094 1.387434
1137817383 -0.955163 -0.640228 -0.550561 -4.175528 8.842539 0.738141 -2.610750 -1.123658 1.395826
1157775879 -0.708144 -0.492682 0.175334 -4.172584 8.845650 0.717218 -2.604589 -1.124392 1.400572
1177734375 -0.809349 -0.582031 0.472032 -4.171010 8.847383 0.704891 -2.620169 -1.124802 1.403380
1197692871 -0.652943 -0.708001 0.407234 -4.175592 8.846705 0.686015 -2.610153 -1.124641 1.407959
1217651367 -0.713888 -0.819157 -0.340825 -4.184554 8.845509 0.645665 -2.596617 -1.124359 1.417706
1237609863 -0.655593 -0.714883 -0.089088 -4.191996 8.844608 0.608660 -2.606137 -1.124146 1.426608
1257568359 -0.886125 -0.789231 0.103037 -4.198713 8.843206 0.582141 -2.561890 -1.123815 1.433027
1277557373 -0.830609 -0.661210 -0.199362 -4.203780 8.842971 0.548171 -2.560634 -1.123760 1.441128
1297515869 -0.423633 -0.426930 -0.345409 -4.202569 8.845790 0.510680 -2.562613 -1.124425 1.449873
1317474365 -0.427313 -0.414604 -0.500145 -4.203176 8.847499 0.474834 -2.558892 -1.124829 1.458303
1337432861 -0.909744 -0.514836 -0.794926 -4.209699 8.846055 0.442873 -2.558957 -1.124488 1.465979
1357391357 -1.161328 -0.596960 -0.707929 -4.211209 8.846374 0.421651 -2.564350 -1.124563 1.471003
1377349853 -1.009563 -0.458371 -0.260965 -4.199250 8.852321 0.416062 -2.547895 -1.125970 1.472039
1397308350 -0.656370 -0.143842 0.031315 -4.178598 8.862165 0.414424 -2.561475 -1.128309 1.471942
1417266846 -0.621857 -0.111331 0.185052 -4.157874 8.872359 0.404615 -2.569864 -1.130743 1.473789
1437225342 -0.970681 -0.403541 0.112514 -4.139239 8.881945 0.384904 -2.570945 -1.133043 1.478074
1457214355 -1.008660 -0.540862 -0.097119 -4.111100 8.896173 0.356867 -2.557803 -1.136478 1.484208
1477172852 -0.898343 -0.480291 -0.360772 -4.063748 8.919044 0.327081 -2.573368 -1.142054 1.490482
1497131348 -0.086972 0.007079 -0.129857 -3.997090 8.949948 0.303435 -2.594627 -1.149699 1.495028
