0 0.742767 0.160368 -0.381997 4.190620 -8.744701 1.462632 0.478641 1.101112 -1.234990
19958496 0.460384 0.054520 -0.397941 4.190154 -8.743006 1.474054 0.478107 1.100730 -1.232528
39916992 0.041001 -0.075316 -0.245196 4.182949 -8.746124 1.476020 0.505757 1.101433 -1.231571
59875488 0.576978 0.098973 0.340302 4.182949 -8.746124 1.476020 0.499089 1.101433 -1.231571
79833984 1.013354 0.278154 0.328965 4.178034 -8.747101 1.484131 0.506263 1.101653 -1.229477
99792481 1.591988 0.427527 -0.289381 4.176902 -8.743274 1.509646 0.510046 1.100791 -1.223978
119750977 2.166104 0.659883 -0.805308 4.186700 -8.733498 1.538816 0.511388 1.098594 -1.218574
139709473 2.012896 0.438532 -0.508089 4.220231 -8.715895 1.547001 0.520190 1.094663 -1.219439
159698486 2.212939 0.348387 0.159020 4.257632 -8.698651 1.541564 0.529581 1.090841 -1.223409
179656982 3.962687 0.327272 0.986816 4.295473 -8.682086 1.529931 0.542125 1.087196 -1.228633
199615479 7.589355 1.155866 1.235466 4.337750 -8.658614 1.543603 0.520844 1.082073 -1.228916
219573975 10.425789 1.057611 1.684069 4.538428 -8.540789 1.621111 0.484216 1.057067 -1.227725
239532471 13.420020 0.600524 2.379282 4.538428 -8.540789 1.621111 0.504469 1.057067 -1.227725
259490967 17.217731 0.428200 2.071405 4.660299 -8.459318 1.700570 0.512802 1.040407 -1.220905
279449463 22.220226 -0.263899 1.434591 4.857302 -8.333242 1.770328 0.500853 1.015519 -1.221292
299407959 25.743639 -2.119630 0.289895 5.703195 -7.793788 1.703183 0.413604 0.918588 -1.280591
319366455 25.653961 -5.668250 0.283577 5.703195 -7.793788 1.703183 0.413604 0.918588 -1.280591
339355469 23.773376 -9.844292 2.506260 6.289474 -7.367819 1.525816 0.433239 0.850043 -1.332796
359313965 22.801374 -14.159065 2.619973 7.507508 -6.201706 1.160411 0.358894 0.684645 -1.417443
379272461 23.113863 -17.014925 0.544692 8.128007 -5.405378 0.942216 0.341423 0.583796 -1.455389
399230957 20.870090 -20.906675 -0.461451 8.128007 -5.405378 0.942216 0.450450 0.583796 -1.455389
419189453 16.206879 -25.908268 1.696022 8.720670 -4.428801 0.711352 0.463654 0.468571 -1.489406
439147949 11.525666 -29.445580 3.262747 9.216565 -3.315851 0.480051 0.514136 0.344921 -1.518758
459106445 8.414347 -30.916603 3.776975 9.570264 -2.129979 0.208911 0.557861 0.218942 -1.548971
479064941 6.275228 -31.085819 3.980098 9.764915 -0.899808 -0.084556 0.595937 0.091884 -1.579455
499023438 3.408381 -31.731102 6.117366 9.790215 0.404901 -0.397646 0.636668 -0.041300 -1.611391
518981934 0.559812 -32.830547 8.149478 9.266562 3.084124 -0.888488 0.436097 -0.319923 -1.666385
538970947 -1.068787 -32.538166 6.876454 8.760758 4.300783 -0.960616 0.732121 -0.453993 -1.680010
558929443 -2.700541 -30.532986 3.927031 8.760758 4.300783 -0.960616 0.732121 -0.453993 -1.680010
578887940 -3.337064 -28.331009 3.158512 7.402647 6.400360 -0.637641 0.769935 -0.711083 -1.656721
598846436 -4.169431 -26.828976 2.531103 7.402647 6.400360 -0.637641 0.769935 -0.711083 -1.656721
618804932 -6.489582 -26.000139 1.567858 6.551105 7.282870 -0.461743 0.769970 -0.837013 -1.641163
638763428 -8.277123 -23.640396 0.904902 5.644787 8.011141 -0.358315 0.732293 -0.956031 -1.634188
658721924 -8.927711 -20.231745 1.355164 3.851511 9.015086 -0.253910 0.690034 -1.166255 -1.636626
678680420 -9.565610 -17.493263 0.738331 3.851511 9.015086 -0.253910 0.690034 -1.166255 -1.636626
698638916 -10.569666 -15.031113 -0.411520 2.990634 9.336699 -0.229275 0.653425 -1.259960 -1.647311
718627930 -11.333460 -12.942454 -0.487701 2.192135 9.556737 -0.183609 0.622621 -1.344553 -1.654360
738586426 -11.582054 -10.802676 -0.578167 0.889747 9.765857 -0.082205 0.516231 -1.479554 -1.662926
758544922 -10.269968 -9.102153 0.156172 0.889747 9.765857 -0.082205 0.567275 -1.479554 -1.662926
778503418 -8.800985 -7.092173 0.026740 0.396171 9.798558 -0.041231 0.556003 -1.530169 -1.674498
798461914 -7.880828 -5.645856 -0.434306 -0.014508 9.806639 -0.002809 -2.319745 -1.569252 1.762033
818420410 -6.969015 -5.181328 -0.153545 -0.362231 9.799847 0.046728 -2.693241 -1.533544 1.442503
838378906 -6.288195 -4.345466 -0.643271 -0.645272 9.785090 0.077592 -2.699613 -1.504475 1.451123
858337402 -5.519945 -3.848035 -0.819333 -0.870012 9.767699 0.074224 -2.668407 -1.481639 1.485689
878295899 -4.445480 -3.044294 -0.347821 -1.043260 9.750823 0.058693 -2.659488 -1.464043 1.514596
898284912 -3.542547 -2.483537 -0.227307 -1.182402 9.735054 0.032213 -2.621372 -1.449886 1.543559
918243408 -2.992685 -2.021773 -1.228783 -1.298131 9.720345 -0.012296 -2.602067 -1.438028 1.580268
938201904 -2.780966 -1.815812 -1.453430 -1.395616 9.706728 -0.045625 -2.574129 -1.427922 1.603477
958160400 -2.834865 -1.621783 -1.065510 -1.480379 9.694136 -0.050938 -2.557608 -1.419170 1.605191
978118897 -2.366042 -1.467336 -0.142539 -1.553052 9.682805 -0.041298 -2.586707 -1.411703 1.597382
998077393 -1.796568 -0.961015 -0.336699 -1.616793 9.672299 -0.054715 -2.569186 -1.405078 1.604625
1018035889 -1.853114 -0.642684 -0.343819 -1.675458 9.662164 -0.076436 -2.557607 -1.398925 1.616386
1037994385 -2.010205 -0.822190 0.006310 -1.735150 9.651601 -0.078954 -2.550771 -1.392738 1.616268
1057952881 -2.494022 -1.067615 -0.149967 -1.790123 9.641590 -0.074671 -2.540159 -1.387063 1.612485
1077941895 -2.363190 -0.606852 -0.343396 -1.819740 9.636031 -0.076469 -2.570178 -1.383986 1.612793
1097900391 -1.722185 -0.264400 -0.072618 -1.821461 9.635720 -0.074554 -2.558175 -1.383816 1.611704
1117858887 -1.286055 -0.353577 0.126204 -1.810993 9.637779 -0.062596 -2.557374 -1.384948 1.605347
1137817383 -1.020050 -0.237613 -0.064359 -1.791987 9.641401 -0.050509 -2.558033 -1.386958 1.598975
1157775879 -0.697261 0.013155 0.325946 -1.770336 9.645463 -0.036868 -2.579033 -1.389238 1.591619
1177734375 -0.714476 -0.241455 0.614434 -1.757580 9.647845 -0.019849 -2.583205 -1.390588 1.582089
1197692871 -0.747658 -0.414909 0.462511 -1.749907 9.649246 -0.016173 -2.586462 -1.391387 1.580038
1217651367 -0.439237 -0.120866 -0.132790 -1.735866 9.651741 -0.032147 -2.555712 -1.392819 1.589314
1237609863 -0.295296 0.140686 -0.098381 -1.718396 9.654838 -0.040330 -2.578303 -1.394611 1.594262
1257598877 -0.536318 0.017018 0.554215 -1.713646 9.655729 -0.026602 -2.566483 -1.395130 1.586319
1277557373 -0.948308 -0.259416 0.635796 -1.721666 9.654328 -0.013367 -2.584421 -1.394315 1.578560
1297515869 -1.031540 -0.298298 0.303372 -1.719799 9.654621 -0.031006 -2.582756 -1.394485 1.588824
1317474365 -0.878164 -0.361974 0.285202 -1.719799 9.654621 -0.031006 -2.562156 -1.394485 1.588824
1337432861 -0.866071 -0.340769 0.344291 -1.683839 9.660861 -0.053178 -2.540691 -1.398150 1.602367
1357391357 -0.631238 -0.186353 0.404679 -1.683839 9.660861 -0.053178 -2.578947 -1.398150 1.602367
1377349854 -0.757687 -0.385614 0.103788 -1.659718 9.664922 -0.070804 -2.565588 -1.400578 1.613431
1397308350 -0.767042 -0.540586 -0.138491 -1.633552 9.669208 -0.091134 -2.508695 -1.403177 1.626528
1417266846 -0.787362 -0.870379 -0.008691 -1.609712 9.673035 -0.107748 -2.509843 -1.405533 1.637633
1437225342 -1.102288 -1.308290 0.305824 -1.589608 9.676115 -0.127853 -2.526280 -1.407452 1.651054
1457214356 -1.413516 -1.702467 -0.010247 -1.567250 9.679107 -0.170336 -2.501591 -1.409340 1.679056
1477172852 -1.321656 -1.856923 -0.615483 -1.534240 9.683182 -0.229109 -2.420298 -1.411945 1.719031
1497131348 -1.404559 -1.958018 -0.508878 -1.497291 9.687734 -0.276289 -2.400040 -1.414907 1.753270
