0 -0.084433 -0.183363 0.235693 1.758488 -9.541260 1.429147 0.155470 1.337622 -0.888351
19989014 -0.269456 -0.241776 0.515175 1.758488 -9.541260 1.429147 0.183726 1.337622 -0.888351
39947510 0.022249 -0.103839 0.169038 1.756539 -9.539030 1.446327 0.173177 1.336639 -0.881952
59906006 0.752968 0.164834 0.239946 1.752031 -9.537477 1.461949 0.160559 1.335958 -0.875411
79864502 1.113317 0.100527 -0.005279 1.758705 -9.533154 1.481995 0.182434 1.334071 -0.870578
99822998 1.194573 -0.084131 -0.184149 1.814665 -9.517006 1.517888 0.180353 1.327149 -0.874218
119781494 1.700367 -0.272441 -0.141054 1.814665 -9.517006 1.517888 0.187518 1.327149 -0.874218
139739990 3.075612 -0.002644 0.133527 1.854161 -9.507929 1.527013 0.199778 1.323341 -0.881854
159698486 3.782416 -0.174832 -0.306883 1.919503 -9.492207 1.543993 0.209012 1.316878 -0.893396
179656982 4.754398 -0.760174 -0.487444 2.020795 -9.468948 1.557497 0.216472 1.307603 -0.914156
199645996 7.573813 -0.915953 -0.163345 2.162266 -9.435730 1.569077 0.232807 1.294883 -0.943054
219604492 11.063488 -1.095015 0.606576 2.365207 -9.387021 1.568446 0.252228 1.277201 -0.985244
239562988 12.990102 -2.343020 1.945922 3.025017 -9.203803 1.519763 0.310105 1.218337 -1.105232
259521484 14.850818 -3.451988 2.909389 3.025017 -9.203803 1.519763 0.336929 1.218337 -1.105232
279479980 15.558232 -5.057913 2.027586 3.480572 -9.037089 1.545003 0.359069 1.171994 -1.153032
299438477 16.167824 -7.106688 0.827842 4.015942 -8.806164 1.579269 0.382435 1.115155 -1.196123
319396973 17.592367 -8.172110 0.362194 5.306579 -8.099859 1.550124 0.358185 0.971896 -1.286590
339355469 17.953796 -9.812204 0.615289 5.306579 -8.099859 1.550124 0.443722 0.971896 -1.286590
359313965 16.534657 -12.967039 0.515622 6.052562 -7.569732 1.495338 0.466032 0.881821 -1.328588
379272461 14.527434 -15.635019 0.072174 6.805051 -6.914107 1.434151 0.501337 0.782483 -1.363088
399261475 12.884997 -17.850758 -0.315535 7.540798 -6.130111 1.314724 0.526361 0.675256 -1.398183
419219971 12.372617 -19.704130 0.089595 8.228207 -5.223224 1.088548 0.563953 0.561694 -1.439265
439178467 11.646634 -21.872463 1.069094 8.830694 -4.192803 0.780787 0.591585 0.441777 -1.482608
459136963 9.311833 -23.475092 2.108678 9.310075 -3.044917 0.470507 0.656573 0.315714 -1.520302
479095459 6.486202 -24.862207 3.222122 9.636596 -1.803390 0.232761 0.700133 0.184947 -1.546647
499053955 3.010503 -25.803457 3.712527 9.793246 -0.500934 0.108543 0.740569 0.051103 -1.559713
519012451 0.160432 -26.070972 4.164240 9.772150 0.820315 0.050518 0.783390 -0.083747 -1.565627
538970947 -1.818850 -25.466928 4.003835 9.573270 2.126652 -0.015825 0.868598 -0.218595 -1.572449
558929443 -3.035465 -24.883684 3.656584 9.204193 3.382487 -0.109574 0.900191 -0.352151 -1.582700
578918457 -5.719953 -24.395855 3.735572 8.687744 4.546475 -0.151885 0.919489 -0.482067 -1.588277
598876953 -8.513279 -22.303530 3.017322 7.431430 6.398765 -0.005058 0.720618 -0.710869 -1.571477
618835449 -10.341120 -18.999243 1.131575 7.431430 6.398765 -0.005058 0.915907 -0.710869 -1.571477
638793945 -10.591692 -15.783915 -0.672964 6.787331 7.076869 0.143025 0.919029 -0.806168 -1.549727
658752441 -10.503649 -14.177535 -0.847657 6.145401 7.636621 0.294024 0.888308 -0.892621 -1.522988
678710937 -11.061354 -13.226706 -0.759530 5.516865 8.095921 0.436648 0.910540 -0.971183 -1.491813
698669434 -10.614708 -11.681183 -0.255904 4.930727 8.458173 0.563584 0.950849 -1.040177 -1.456990
718627930 -10.111712 -10.313624 -0.179207 4.401896 8.738279 0.660430 0.942722 -1.099667 -1.421874
738586426 -9.190380 -8.436836 -0.062917 3.937973 8.949922 0.749439 0.986110 -1.149692 -1.382734
758544922 -7.937838 -7.087543 0.582408 3.157083 9.233690 0.970657 1.031781 -1.227275 -1.272515
778533936 -7.909204 -6.490280 0.037634 3.157083 9.233690 0.970657 1.060018 -1.227275 -1.272515
798492432 -7.718012 -5.811300 0.098615 2.836921 9.327353 1.059613 1.096657 -1.256859 -1.213334
818450928 -6.883767 -4.838132 0.190811 2.419355 9.437291 1.120107 1.117895 -1.295468 -1.137203
838409424 -5.397885 -3.531177 -0.012400 2.419355 9.437291 1.120107 1.150738 -1.295468 -1.137203
858367920 -4.481626 -2.637121 0.056362 2.204537 9.483915 1.168660 1.166444 -1.313534 -1.083347
878326416 -4.096721 -2.038163 -0.529646 2.133539 9.497891 1.186778 1.187150 -1.319197 -1.063168
898284912 -3.759155 -1.459568 -0.975274 2.133539 9.497891 1.186778 1.171359 -1.319197 -1.063168
918243408 -3.348213 -1.258750 -0.983618 2.085341 9.510176 1.174009 1.193089 -1.324278 -1.058041
938201904 -2.644005 -0.632980 -0.835894 2.059361 9.520535 1.135264 1.153603 -1.328645 -1.066979
958190918 -2.267581 -0.469960 -0.323921 2.041018 9.528298 1.102801 1.174833 -1.331969 -1.075416
978149414 -2.248281 -0.785890 0.048192 2.024512 9.532828 1.094041 1.171020 -1.333930 -1.075356
998107910 -2.239764 -0.803579 -0.216512 2.020806 9.533930 1.091290 1.156702 -1.334409 -1.075642
1018066406 -1.649644 -0.504778 0.201835 2.042638 9.529037 1.093367 1.153632 -1.332288 -1.079331
1038024902 -0.876724 -0.257056 0.400174 2.086051 9.521439 1.077493 1.142031 -1.329030 -1.094018
1057983398 -0.429766 -0.072197 0.266711 2.137907 9.514978 1.031951 1.107947 -1.326293 -1.121091
1077941894 -0.345907 -0.035013 0.293355 2.240884 9.499709 0.950970 1.087912 -1.319942 -1.169457
1097900391 -0.476945 -0.034379 0.161136 2.240884 9.499709 0.950970 1.076108 -1.319942 -1.169457
1117858887 -0.532511 -0.068835 0.126696 2.296259 9.490001 0.915131 1.056416 -1.315984 -1.191557
1137847900 0.019149 0.244788 -0.002247 2.362591 9.477285 0.877283 1.039790 -1.310890 -1.215254
1157806396 0.357972 0.583292 -0.350411 2.429310 9.463967 0.837962 1.009349 -1.305657 -1.238638
1177764893 0.552984 0.785754 -0.349937 2.483109 9.452676 0.807142 0.974639 -1.301298 -1.256516
1197723389 0.314483 0.600038 -0.106369 2.512459 9.447030 0.782023 0.962424 -1.299144 -1.269043
1217681885 -0.293760 0.210754 -0.289008 2.520369 9.447644 0.748425 0.950774 -1.299378 -1.282140
1237640381 -0.599945 0.107515 0.067011 2.525207 9.448565 0.719967 0.933859 -1.299728 -1.293054
1257598877 -0.390378 0.177954 0.376220 2.539560 9.446659 0.694018 0.932708 -1.299003 -1.304027
1277557373 -0.360785 0.144774 0.206238 2.559983 9.442754 0.671771 0.938188 -1.297524 -1.314170
1297515869 -0.222274 0.178241 -0.070518 2.583280 9.437264 0.659612 0.919215 -1.295457 -1.320799
1317474365 -0.238581 0.151435 -0.043894 2.602906 9.431941 0.658593 0.921309 -1.293468 -1.322975
1337463379 -0.405647 0.055469 -0.214207 2.614469 9.429604 0.646152 0.917036 -1.292599 -1.328507
1357421875 -0.612042 -0.149019 -0.149352 2.618890 9.430146 0.619806 0.899016 -1.292800 -1.338405
1377380371 -0.671314 -0.160041 0.081983 2.636671 9.428494 0.567329 0.884766 -1.292187 -1.358859
1397338867 -0.692584 -0.120682 -0.217328 2.653811 9.424111 0.560177 0.861127 -1.290567 -1.362766
1417297363 -0.695080 -0.046400 -0.119059 2.653811 9.424111 0.560177 0.896407 -1.290567 -1.362766
1437255859 -0.650599 0.197549 -0.453462 2.676092 9.417955 0.557707 0.846970 -1.288306 -1.365334
1457214355 -0.643771 0.186043 -0.429919 2.694136 9.413426 0.547213 0.844516 -1.286653 -1.370410
1477172852 -0.904600 -0.052815 -0.218989 2.706662 9.410645 0.533047 0.855640 -1.285643 -1.376346
1497131348 -0.927678 -0.153965 -0.017686 2.723951 9.406743 0.513473 0.837577 -1.284233 -1.384479
