0 0.320388 -0.052274 -0.223959 -3.760547 -9.010201 0.919207 0.429866 1.164991 1.331063
19958496 0.162065 -0.018888 -0.115988 -3.723811 -9.028470 0.889013 0.443797 1.169736 1.336446
39916992 0.100808 -0.041336 0.034805 -3.723811 -9.028470 0.889013 0.429265 1.169736 1.336446
59875488 0.273413 -0.069825 0.023778 -3.700808 -9.039557 0.872257 0.442759 1.172642 1.339327
79833985 0.192097 0.117474 -0.346681 -3.667500 -9.054358 0.859329 0.411807 1.176553 1.340639
99792481 -0.008985 0.215189 -0.361752 -3.619969 -9.075092 0.841974 0.427325 1.182095 1.342268
119750977 -0.129479 0.113454 0.143349 -3.558016 -9.102109 0.813964 0.407380 1.189429 1.345897
139709473 -0.495754 -0.210476 0.597722 -3.480499 -9.134748 0.782862 0.433827 1.198474 1.349550
159698487 -1.265201 -0.244704 0.493997 -3.271339 -9.216932 0.718949 0.430536 1.222236 1.354463
179656983 -2.333656 -0.639941 0.096824 -3.271339 -9.216932 0.718949 0.441328 1.222236 1.354463
199615479 -3.887987 -0.707562 0.111215 -3.138952 -9.265456 0.684607 0.456416 1.237025 1.356059
219573975 -6.292196 -1.317753 -0.544700 -2.869470 -9.354274 0.658862 0.478975 1.265875 1.345097
239532471 -11.025722 -2.080818 -1.738854 -2.826144 -9.366768 0.668545 0.485857 1.270147 1.338509
259490967 -16.560373 -2.113542 -2.036509 -2.954973 -9.325659 0.686021 0.510783 1.256301 1.342679
279449463 -17.400455 -2.813776 -2.127609 -3.290830 -9.214433 0.659585 0.483193 1.221491 1.372986
299407959 -14.962429 -5.536916 -1.548164 -3.290830 -9.214433 0.659585 0.458970 1.221491 1.372986
319366455 -13.179924 -8.124446 -0.701897 -3.768162 -9.034245 0.594766 0.417220 1.171248 1.414248
339355469 -11.977798 -9.361515 -0.133541 -4.315478 -8.791147 0.512613 0.365096 1.111687 1.452565
359313965 -11.038896 -9.816387 -0.104184 -4.903324 -8.481840 0.431482 0.315468 1.044965 1.483025
379272461 -11.082924 -11.096334 -0.528618 -5.523993 -8.094477 0.367865 0.279224 0.970923 1.504300
399230957 -10.094191 -13.085475 -1.035948 -6.181274 -7.605674 0.340523 0.251608 0.887606 1.515763
419189453 -8.162575 -14.605558 -0.734368 -6.838128 -7.021142 0.337587 0.238193 0.797994 1.521468
439147949 -6.198983 -16.522957 0.111700 -7.486895 -6.326284 0.308085 0.207114 0.701156 1.529670
459106446 -4.983279 -18.522387 0.503441 -8.102428 -5.519927 0.226781 0.220179 0.597861 1.542814
479064942 -4.056713 -18.890972 0.963119 -8.651928 -4.615833 0.092782 0.168332 0.490066 1.560073
499023438 -3.217767 -20.045242 2.119234 -9.119417 -3.605848 -0.066981 0.154476 0.376528 1.578141
519012451 -1.634805 -21.153868 1.958717 -9.486832 -2.476590 -0.192105 0.165609 0.255306 1.591043
538970947 -0.065017 -22.791775 1.740713 -9.721382 -1.268287 -0.237813 0.154876 0.129693 1.595254
558929444 1.473719 -23.405273 1.329536 -9.804382 -0.027342 -0.209101 0.142631 0.002788 1.592120
578887940 2.323765 -22.390606 0.996113 -9.733840 1.185593 -0.130751 0.145763 -0.121193 1.584228
598846436 2.985481 -21.682997 0.586385 -9.146551 3.536927 0.033543 0.103699 -0.368982 1.567129
618804932 5.444935 -20.143782 -1.238278 -8.643665 4.629627 0.154948 0.038377 -0.491661 1.552872
638763428 8.334232 -17.736092 -1.747520 -8.048346 5.594172 0.315828 0.025262 -0.607050 1.531575
658721924 9.545232 -16.063389 -1.127393 -8.048346 5.594172 0.315828 0.152895 -0.607050 1.531575
678680420 10.033854 -13.611879 -0.286201 -7.411688 6.406272 0.443784 0.148119 -0.711879 1.510992
698669434 9.588188 -10.622138 -0.853337 -6.784163 7.065300 0.476494 0.084789 -0.804466 1.500675
718627930 8.792651 -9.524159 -2.132919 -6.175230 7.603807 0.468018 0.114337 -0.887305 1.495151
738586426 9.489318 -9.803252 -1.562407 -5.581396 8.047001 0.513979 0.062054 -0.962400 1.478967
758544922 8.736315 -8.143374 0.755727 -4.619863 8.630464 0.585095 0.014882 -1.075994 1.444819
778503418 5.701288 -6.849065 1.433751 -4.233717 8.832087 0.490171 0.014041 -1.121199 1.455532
798461914 3.324369 -5.874562 -0.111519 -4.233717 8.832087 0.490171 -0.016061 -1.121199 1.455532
818420410 2.629733 -4.558954 -0.588902 -3.823682 9.021195 0.409735 -0.027945 -1.167840 1.464046
838378906 3.024107 -4.849192 0.239656 -3.347881 9.208179 0.414141 0.017394 -1.219632 1.447719
858337403 4.568448 -6.184324 0.561357 -2.824271 9.380212 0.453333 -0.097726 -1.274812 1.411641
878326416 5.742187 -5.355499 0.596185 -2.314682 9.518742 0.454088 -0.136249 -1.327884 1.377079
898284912 4.147108 -3.701146 0.754117 -1.875722 9.616609 0.415808 -0.170857 -1.373607 1.352645
918243408 3.551048 -3.266382 0.668532 -1.469783 9.688312 0.383078 -0.219860 -1.415287 1.315833
938201905 4.876130 -3.242778 0.916977 -1.064763 9.741142 0.383175 -0.301626 -1.455147 1.225357
958160401 5.379823 -2.627828 0.630806 -0.702713 9.773883 0.384432 -0.468854 -1.489026 1.070207
978118897 5.222582 -2.002513 0.954234 -0.399580 9.790984 0.383861 -0.744211 -1.514264 0.805459
998077393 5.021217 -1.203553 0.543159 -0.143856 9.798538 0.371923 -1.168041 -1.530121 0.369067
1018035889 3.821225 -0.628390 -0.048785 0.064899 9.800288 0.347155 -1.706896 -1.534776 -0.184813
1037994385 3.393158 -0.753452 0.165579 0.247378 9.797611 0.340566 -2.141054 -1.527859 -0.628208
1057983399 3.658629 -1.077291 0.282596 0.419257 9.791550 0.346650 -2.386135 -1.515295 -0.879914
1077941895 3.548850 -1.081395 0.084116 0.562980 9.784408 0.344688 -2.536312 -1.503432 -1.021413
1097900391 2.541823 -0.862993 0.086086 0.664893 9.778268 0.337308 -2.677494 -1.494696 -1.101316
1117858887 1.988929 -0.904262 -0.532417 0.780940 9.770979 0.297468 -2.763012 -1.485478 -1.206854
1137817383 2.199476 -0.742093 -1.220489 0.780940 9.770979 0.297468 -2.719193 -1.485478 -1.206854
1157775879 1.845933 -0.520023 -0.567039 0.795915 9.769813 0.296081 -2.726832 -1.484093 -1.214658
1177734375 1.447091 -0.452496 0.425974 0.785548 9.769957 0.318205 -2.644895 -1.484263 -1.185924
1197692871 0.953879 0.033789 0.200262 0.767645 9.771117 0.326148 -2.682821 -1.485643 -1.169037
1217681885 0.500231 0.547832 -0.232697 0.753014 9.772711 0.312196 -2.669460 -1.487577 -1.177772
1237640381 0.186351 0.780288 -0.054129 0.751523 9.772920 0.309272 -2.713446 -1.487832 -1.180392
1257598877 0.828134 0.281868 -0.018826 0.773325 9.771113 0.312590 -2.687221 -1.485639 -1.186661
1277557373 1.158387 0.102639 -0.143289 0.792485 9.769790 0.305864 -2.692746 -1.484066 -1.202455
1297515869 0.566689 0.209615 -0.417920 0.787691 9.770910 0.281503 -2.761780 -1.485395 -1.227565
1317474365 -0.093119 0.332088 -0.380010 0.770923 9.772873 0.258879 -2.757802 -1.487775 -1.246824
1337432862 0.024445 0.312827 -0.608049 0.769794 9.773328 0.244663 -2.771873 -1.488336 -1.263063
1357391358 0.259226 0.132880 -0.536110 0.786429 9.771929 0.247656 -2.782885 -1.486622 -1.265715
1377349854 0.335581 -0.045714 0.415477 0.810508 9.769182 0.276666 -2.723202 -1.483354 -1.241849
1397308350 0.451774 -0.042953 0.650342 0.839919 9.765787 0.307140 -2.753867 -1.479474 -1.220223
1417297363 0.550644 -0.203197 0.265289 0.867758 9.762892 0.321468 -2.736416 -1.476292 -1.216014
1437255860 0.379152 -0.195695 0.144910 0.884099 9.761030 0.333222 -2.725634 -1.474302 -1.210356
1457214356 0.364907 -0.231232 0.555592 0.897853 9.759067 0.353361 -2.717457 -1.472246 -1.195852
1477172852 0.447541 -0.362623 0.566559 0.912389 9.757134 0.369100 -2.702796 -1.470264 -1.186380
1497131348 0.453793 -0.294112 0.156981 0.925854 9.755918 0.367752 -2.682902 -1.469035 -1.192703
