0 0.396050 0.139884 -0.790959 2.825829 -9.340738 0.967318 0.476851 1.261310 -1.240986
19958496 0.496597 0.168168 -0.092398 2.851957 -9.332329 0.971789 0.473418 1.258507 -1.242391
39947510 0.933931 0.360184 0.012112 2.880700 -9.322436 0.981907 0.474295 1.255240 -1.242290
59906006 1.395870 0.403075 0.164420 2.917462 -9.308867 1.001902 0.482020 1.250812 -1.239999
79864502 1.737991 -0.274148 0.686643 2.972524 -9.289249 1.021936 0.469002 1.244512 -1.239661
99822998 1.608996 -1.026447 -0.056831 3.035989 -9.263942 1.064208 0.467250 1.236554 -1.233649
119781494 2.901591 -0.068878 -0.546642 3.094355 -9.232944 1.161081 0.459632 1.227049 -1.211828
139739990 6.126617 0.634612 0.363558 3.094355 -9.232944 1.161081 0.465662 1.227049 -1.211828
159698486 9.780418 -0.128715 -0.353795 3.293776 -9.151033 1.256984 0.445447 1.203066 -1.206231
179656982 14.164019 -0.896654 -0.585361 3.293776 -9.151033 1.256984 0.468978 1.203066 -1.206231
199615478 19.613396 -0.502865 1.318461 3.500400 -9.074933 1.250271 0.444788 1.182052 -1.227740
219604492 22.307449 -2.432275 3.032798 4.475573 -8.647216 1.168459 0.462771 1.079603 -1.315422
239562988 22.916506 -5.788832 3.205652 5.186184 -8.246670 1.125308 0.464126 0.998993 -1.357127
259521484 22.219606 -9.006296 3.655994 5.186184 -8.246670 1.125308 0.535979 0.998993 -1.357127
279479980 19.975525 -12.258348 3.542912 5.964944 -7.705226 1.104225 0.544522 0.903850 -1.387749
299438476 18.461065 -15.521016 2.617871 7.505083 -6.207357 1.145788 0.467887 0.685389 -1.419298
319396972 17.929180 -17.580551 1.358480 7.505083 -6.207357 1.145788 0.574363 0.685389 -1.419298
339355468 16.710056 -20.766943 0.584560 8.228110 -5.216921 1.119068 0.585527 0.560935 -1.435620
359313965 14.578695 -23.989317 0.580931 9.391380 -2.708810 0.796693 0.442116 0.279861 -1.486167
379272461 11.721712 -26.913109 1.538035 9.391380 -2.708810 0.796693 0.663367 0.279861 -1.486167
399261474 9.787410 -29.042143 2.805944 9.709924 -1.266859 0.531824 0.685642 0.129546 -1.516080
419219970 8.792458 -29.738842 2.288750 9.798691 0.220383 0.327824 0.728446 -0.022475 -1.537353
439178467 7.237920 -30.087868 1.791012 9.649611 1.729397 0.254162 0.757210 -0.177277 -1.544463
459136963 5.136744 -31.030973 1.937390 9.248815 3.249716 0.262959 0.847416 -0.337765 -1.542372
479095459 0.790305 -32.208534 0.207758 8.595490 4.713007 0.274771 0.878876 -0.501331 -1.538840
499053955 -0.472973 -29.299786 -0.488243 7.774709 5.970503 0.278166 0.874297 -0.654575 -1.535033
519012451 -0.593945 -26.411760 -0.018301 6.841095 7.018349 0.335541 0.907236 -0.797586 -1.521788
538970947 -1.851838 -24.493343 0.036254 4.667812 8.612349 0.457564 0.677397 -1.072117 -1.473083
558929443 -4.341909 -23.528217 -2.390479 4.667812 8.612349 0.457564 0.907248 -1.072117 -1.473083
578918457 -6.583848 -21.733877 -4.229312 3.535285 9.137979 0.411701 0.915094 -1.199381 -1.454864
598876953 -5.954035 -18.467485 -1.078651 2.487053 9.477689 0.397961 0.938057 -1.311050 -1.412128
618835449 -5.867882 -17.007881 1.836305 1.511426 9.679521 0.439156 1.077204 -1.409603 -1.288025
638793945 -6.922104 -15.069315 1.388665 0.617636 9.773643 0.514604 1.456028 -1.488726 -0.876146
658752441 -8.090212 -12.726409 -0.228800 -0.177075 9.786307 0.605985 2.620601 -1.506374 0.284294
678710937 -6.931411 -10.073136 0.718767 -0.850052 9.744689 0.699170 -3.097789 -1.458325 0.882484
698669433 -5.350113 -8.562029 1.287111 -1.423353 9.673717 0.750755 -2.866452 -1.405957 1.085426
718627929 -4.935296 -7.554355 0.114979 -2.347944 9.489780 0.775641 -2.821545 -1.315895 1.251734
738586426 -5.078928 -6.701696 0.619633 -2.347944 9.489780 0.775641 -2.734437 -1.315895 1.251734
758544922 -4.527882 -5.698544 1.553169 -2.701803 9.393126 0.799911 -2.692894 -1.279360 1.282953
778533935 -3.967715 -4.710222 0.752643 -3.216113 9.233831 0.750569 -2.695372 -1.227317 1.341522
798492431 -3.430647 -3.626348 -0.086372 -3.216113 9.233831 0.750569 -2.653957 -1.227317 1.341522
818450927 -3.186630 -3.236952 0.017951 -3.429267 9.160137 0.708797 -2.624106 -1.205657 1.366976
838409424 -3.551158 -3.105514 -0.299147 -3.631505 9.084683 0.671635 -2.602568 -1.184683 1.387916
858367920 -4.461808 -3.226837 -0.294961 -3.813595 9.011773 0.644074 -2.590577 -1.165397 1.403486
878326416 -4.636134 -2.834743 0.354364 -4.018813 8.925315 0.598564 -2.605487 -1.143595 1.422943
898284912 -3.893303 -1.878378 0.112532 -4.018813 8.925315 0.598564 -2.587527 -1.143595 1.422943
918243408 -3.187356 -1.280586 -0.788325 -4.070166 8.907849 0.504322 -2.557060 -1.139317 1.447518
938201904 -2.637164 -0.619525 -1.336708 -4.070166 8.907849 0.504322 -2.557060 -1.139317 1.447518
958190918 -2.352868 -0.968578 -0.612498 -4.088156 8.900557 0.487297 -2.545729 -1.137542 1.452159
978149414 -1.956996 -0.966611 0.180726 -4.099531 8.894852 0.495823 -2.542530 -1.136158 1.450435
998107910 -2.118698 -1.017572 0.059432 -4.093192 8.897947 0.492647 -2.545953 -1.136908 1.451015
1018066406 -1.317138 -0.693151 0.370948 -3.989468 8.946673 0.459959 -2.539943 -1.148882 1.456010
1038024902 -0.269220 -0.290061 0.418788 -3.989468 8.946673 0.459959 -2.581946 -1.148882 1.456010
1057983398 0.338506 0.138732 -0.011751 -3.916018 8.980511 0.430838 -2.564640 -1.157389 1.461218
1077941894 0.687899 0.424372 0.211478 -3.857232 9.007066 0.406088 -2.553579 -1.164182 1.465903
1097900390 0.678520 0.559681 0.000846 -3.822749 9.022741 0.383586 -2.559052 -1.168243 1.470788
1117858886 0.527760 0.632488 -0.141416 -3.807850 9.030044 0.359150 -2.534755 -1.170147 1.476756
1137847900 -0.199222 0.242834 -0.303098 -3.805051 9.032609 0.322425 -2.521371 -1.170819 1.486262
1157806396 -0.292922 0.094027 0.086496 -3.805051 9.032609 0.322425 -2.511958 -1.170819 1.486262
1177764892 -0.042912 0.257888 -0.365954 -3.797015 9.036883 0.296319 -2.549526 -1.171940 1.492914
1197723388 0.115317 0.269918 -0.611755 -3.792700 9.039535 0.269489 -2.503542 -1.172636 1.499861
1217681885 -0.021784 0.039228 -1.066625 -3.802270 9.036162 0.246763 -2.517627 -1.171751 1.505988
1237640381 -0.008557 -0.129702 -0.541145 -3.823475 9.027211 0.246735 -2.506195 -1.169408 1.506354
1257598877 -0.416871 -0.365409 0.066947 -3.879938 9.001896 0.286971 -2.538251 -1.162851 1.496968
1277557373 -0.887039 -0.592558 0.071605 -3.879938 9.001896 0.286971 -2.523000 -1.162851 1.496968
1297515869 -0.495553 -0.417342 0.564563 -3.893988 8.995179 0.306583 -2.501896 -1.161128 1.492226
1317474365 -0.047647 -0.236023 0.370128 -3.898024 8.993084 0.316598 -2.548663 -1.160592 1.489754
1337463379 -0.236184 -0.160953 -0.079484 -3.905887 8.989739 0.314698 -2.540044 -1.159737 1.490400
1357421875 -0.574682 -0.299875 0.280861 -3.923640 8.981851 0.319075 -2.542166 -1.157729 1.489654
1377380371 -0.806791 -0.297894 0.466624 -3.944668 8.972329 0.327566 -2.529961 -1.155317 1.487946
1397338867 -0.900454 -0.200392 -0.350939 -3.961678 8.965146 0.318825 -2.519067 -1.153506 1.490492
1417297363 -0.593383 0.066461 -0.370901 -3.968328 8.962589 0.307806 -2.531125 -1.152863 1.493386
1437255859 -0.197507 0.264541 0.118052 -3.968354 8.962551 0.308585 -2.537558 -1.152853 1.493191
1457214355 -0.383025 -0.038044 0.096770 -3.975819 8.959264 0.307989 -2.534642 -1.152028 1.493485
1477172851 -0.630245 -0.184121 -0.187201 -3.986545 8.954753 0.300406 -2.535299 -1.150899 1.495584
1497131347 -0.521482 -0.101918 0.215601 -3.993038 8.951973 0.297006 -2.519105 -1.150204 1.496552
