0 0.281638 0.155675 -0.346322 1.923733 -9.502176 1.475901 0.150026 1.320958 -0.916373
19958496 0.376220 0.280636 -0.451782 1.923733 -9.502176 1.475901 0.150026 1.320958 -0.916373
39916992 0.378416 0.119514 -0.252000 1.934707 -9.499156 1.480990 0.154610 1.319715 -0.917458
59875488 0.644738 0.121184 -0.051173 1.946921 -9.496445 1.482374 0.169769 1.318604 -0.920043
79833984 1.271844 0.240327 0.035085 1.958283 -9.493319 1.487429 0.172650 1.317329 -0.921206
99792480 1.715600 0.232761 -0.189551 1.977520 -9.487843 1.496881 0.197407 1.315113 -0.922863
119750976 2.172542 0.066378 -0.252258 2.012381 -9.479831 1.501167 0.190496 1.311902 -0.929882
139739990 3.299894 0.168925 -0.000160 2.062461 -9.469790 1.496572 0.223886 1.307932 -0.943079
159698486 4.894399 -0.225941 -0.731328 2.150436 -9.450002 1.497826 0.222094 1.300276 -0.962409
179656982 7.112692 -0.822159 -1.302624 2.301622 -9.413185 1.504951 0.260087 1.286566 -0.991709
199615478 10.323428 -1.332569 0.483754 2.507031 -9.365926 1.471262 0.264242 1.269858 -1.040099
219573974 13.584935 -2.156882 2.531515 2.769942 -9.300219 1.415540 0.278226 1.248020 -1.098359
239532470 16.352953 -3.661474 2.259252 3.096196 -9.197227 1.412437 0.318249 1.216400 -1.142811
259490967 18.377810 -5.060184 1.572401 3.505111 -9.043759 1.447409 0.338516 1.173749 -1.179183
279449463 19.997759 -6.383839 1.753984 4.022706 -8.819062 1.487400 0.343819 1.118153 -1.216635
299407959 20.503704 -8.614087 1.506283 4.659994 -8.489905 1.541542 0.354482 1.046606 -1.251324
319396972 19.610102 -12.365734 1.899112 5.392604 -8.031250 1.609112 0.384084 0.959596 -1.280815
339355468 18.921902 -16.301163 2.922265 6.166634 -7.437156 1.682777 0.408404 0.860822 -1.304398
359313965 18.283947 -18.342690 2.034398 6.941588 -6.695442 1.776455 0.440809 0.751513 -1.320259
379272461 17.261486 -20.959217 1.036100 7.725146 -5.763345 1.810071 0.455333 0.628210 -1.340639
399230957 16.669678 -25.378462 1.823027 8.471587 -4.630549 1.720649 0.478496 0.491767 -1.370414
419189453 15.632775 -30.161858 3.921554 9.108518 -3.305948 1.508647 0.523926 0.343849 -1.406656
439147949 14.746604 -34.005661 7.719436 9.568746 -1.802786 1.165960 0.593743 0.184885 -1.449543
459106445 13.456365 -36.765331 9.980883 9.774117 -0.163724 0.781166 0.631506 0.016696 -1.491044
479064941 9.968315 -38.048046 8.974400 9.669325 1.536478 0.560176 0.682584 -0.157325 -1.512928
499023437 5.033695 -38.371586 4.538258 9.253244 3.195760 0.578771 0.734330 -0.331939 -1.508330
519012451 2.177093 -36.533436 1.560828 8.568796 4.715689 0.713025 0.737177 -0.501643 -1.487776
538970947 0.004299 -34.222939 -0.270271 7.650035 6.083181 0.801405 0.770158 -0.669140 -1.466419
558929443 -3.369776 -32.197464 -0.791241 6.522251 7.284641 0.751416 0.789913 -0.837283 -1.456094
578887939 -5.839093 -29.546986 -0.927079 5.250961 8.260548 0.600939 0.781515 -1.001613 -1.456849
598846435 -7.239839 -26.757402 -1.604493 3.927059 8.974803 0.448894 0.765621 -1.155942 -1.456982
618804931 -7.515529 -23.184372 -1.446111 2.635313 9.436558 0.420577 0.838679 -1.295193 -1.412538
638763427 -7.581742 -20.449806 -0.441015 1.412160 9.691356 0.503812 1.011225 -1.417304 -1.228106
658721924 -9.075639 -19.503353 -0.293499 0.281840 9.781669 0.640230 1.815610 -1.499403 -0.414688
678680420 -9.416304 -17.195631 1.328069 -0.686661 9.748806 0.812196 2.953607 -1.462129 0.701840
698669433 -8.835357 -14.440550 1.784768 -1.461020 9.649766 0.958030 -3.065431 -1.391684 0.990406
718627929 -7.470108 -11.903673 1.574529 -2.064310 9.530492 1.038620 -2.952248 -1.332916 1.104647
738586426 -6.832314 -10.042964 2.098816 -2.545485 9.409118 1.076761 -2.859617 -1.285090 1.170614
758544922 -6.423893 -8.397641 1.336235 -2.936854 9.296970 1.054336 -2.819759 -1.246977 1.226125
778503418 -6.295677 -7.192787 0.350287 -3.251460 9.200269 0.976450 -2.783873 -1.217295 1.279054
798461914 -5.851753 -5.956165 -0.253460 -3.495328 9.121501 0.866762 -2.727946 -1.194778 1.327722
818420410 -4.916756 -4.935172 -0.787327 -3.669914 9.063313 0.747310 -2.695910 -1.178938 1.369911
838378906 -4.289140 -3.752667 -0.847721 -3.793025 9.021498 0.629217 -2.662635 -1.167919 1.406405
858337402 -3.949631 -2.984262 -0.442085 -3.879636 8.991241 0.525726 -2.645125 -1.160121 1.436108
878326416 -3.591982 -2.624358 -0.274465 -3.939952 8.970074 0.430066 -2.626693 -1.154747 1.462072
898284912 -3.164427 -2.261309 -0.586453 -3.974514 8.959134 0.327946 -2.593628 -1.151996 1.488471
918243408 -3.023728 -2.032012 -1.090084 -3.982445 8.958873 0.221614 -2.578645 -1.151931 1.515206
938201904 -2.439111 -1.243327 -0.826504 -3.956434 8.972256 0.125058 -2.564230 -1.155298 1.539198
958160400 -1.986955 -1.017428 -0.775089 -3.908481 8.993997 0.046841 -2.538234 -1.160825 1.558812
978118896 -1.426364 -0.717071 -1.357263 -3.852352 9.018252 -0.029907 -2.523815 -1.167076 1.578560
998077392 -0.515513 -0.030403 -1.110360 -3.736591 9.065984 -0.127338 -2.501374 -1.179651 1.604862
1018035888 -0.574278 -0.023381 -0.462368 -3.736591 9.065984 -0.127338 -2.518479 -1.179651 1.604862
1037994384 -0.907565 -0.241446 -0.604300 -3.695878 9.082255 -0.153281 -2.510991 -1.184026 1.612246
1057952881 -0.982156 -0.061868 -0.420683 -3.653689 9.098927 -0.174529 -2.490031 -1.188559 1.618528
1077941894 -0.464366 0.383352 -0.331831 -3.557338 9.136435 -0.203203 -2.493863 -1.198947 1.627856
1097900390 -0.141414 0.409204 -0.193729 -3.557338 9.136435 -0.203203 -2.493863 -1.198947 1.627856
1117858886 -0.177948 0.266698 -0.404859 -3.529468 9.147035 -0.212124 -2.491500 -1.201934 1.630825
1137817383 -0.393519 0.087338 -0.295038 -3.511194 9.154076 -0.211644 -2.472858 -1.203930 1.631000
1157775879 -0.451557 0.023026 0.078991 -3.496069 9.160090 -0.201566 -2.470954 -1.205644 1.628388
1177734375 -0.575396 -0.129935 0.247374 -3.480554 9.166195 -0.192350 -2.490366 -1.207391 1.626004
1197692871 -0.357260 -0.026965 0.286340 -3.456737 9.175289 -0.188263 -2.489203 -1.210009 1.625205
1217651367 -0.535136 -0.168887 0.003001 -3.390333 9.199725 -0.202695 -2.490723 -1.217135 1.630511
1237609863 -0.386052 -0.072654 0.213229 -3.390333 9.199725 -0.202695 -2.490723 -1.217135 1.630511
1257598877 0.201854 0.219522 0.039227 -3.351923 9.213581 -0.211960 -2.486806 -1.221237 1.633947
1277557373 -0.038420 0.041401 -0.413113 -3.326254 9.222572 -0.224909 -2.489310 -1.223924 1.638310
1297515869 -0.246026 0.003260 -0.182573 -3.310669 9.228114 -0.227500 -2.493092 -1.225590 1.639406
1317474365 -0.332491 -0.029561 -0.006071 -3.299053 9.232375 -0.223326 -2.486989 -1.226877 1.638387
1337432861 -0.460024 -0.169805 0.178971 -3.288895 9.236132 -0.217766 -2.507565 -1.228014 1.636912
1357391357 -0.519397 -0.231333 -0.002749 -3.271212 9.242451 -0.216045 -2.482253 -1.229936 1.636745
1377349853 -0.173757 -0.009847 0.000183 -3.245009 9.251677 -0.216295 -2.478230 -1.232762 1.637352
1397308349 0.000561 0.024012 0.232547 -3.221471 9.259943 -0.214399 -2.497717 -1.235313 1.637251
1417266845 -0.191720 -0.144963 0.399811 -3.203317 9.266187 -0.216625 -2.488469 -1.237252 1.638319
1437255859 -0.577122 -0.353910 0.271134 -3.191475 9.270024 -0.227007 -2.469517 -1.238450 1.641806
1457214355 -0.657701 -0.308240 0.303766 -3.191475 9.270024 -0.227007 -2.481925 -1.238450 1.641806
1477172851 -0.681842 -0.213879 0.030972 -3.168101 9.277565 -0.245583 -2.478832 -1.240815 1.648159
1497131347 -0.450722 0.066687 -0.228102 -3.133801 9.288668 -0.265212 -2.473673 -1.244327 1.655225
