0 -0.228177 -0.375499 -0.354245 3.429785 -9.103202 1.240431 0.422248 1.189729 -1.223768
19958496 -0.272877 -0.343040 0.383598 3.463419 -9.089179 1.249776 0.430794 1.185902 -1.224488
39916992 -0.129034 -0.071091 0.307960 3.463419 -9.089179 1.249776 0.430794 1.185902 -1.224488
59875488 0.033591 0.196956 -0.175068 3.472703 -9.083122 1.267918 0.405747 1.184261 -1.220724
79833985 0.127931 0.288126 -0.305160 3.484712 -9.075751 1.287596 0.404742 1.182272 -1.216858
99822998 0.037820 0.112725 -0.216903 3.484712 -9.075751 1.287596 0.412702 1.182272 -1.216858
119781494 -0.099616 -0.194856 0.336050 3.493636 -9.073282 1.280803 0.412807 1.181608 -1.219401
139739990 0.250599 -0.290586 0.718032 3.501452 -9.071281 1.273605 0.423874 1.181070 -1.221937
159698486 1.110499 0.011870 0.493456 3.504767 -9.069216 1.279194 0.424945 1.180516 -1.220833
179656983 2.341727 0.403889 0.587067 3.515547 -9.063113 1.292782 0.423038 1.178884 -1.218412
199615479 3.681778 0.630541 0.117476 3.547464 -9.045555 1.328087 0.409424 1.174223 -1.212573
219573975 5.118542 -0.025081 -1.107668 3.608945 -9.014788 1.370955 0.406729 1.166178 -1.207757
239532471 8.955946 -0.886384 -1.536347 3.677140 -8.983063 1.397712 0.400497 1.158037 -1.207554
259490967 14.101971 -0.765884 -0.181630 3.767918 -8.946170 1.392565 0.386595 1.148757 -1.216782
279479981 19.239195 -0.226155 0.958096 3.914385 -8.885171 1.379026 0.378406 1.133820 -1.232077
299438477 22.634825 -2.652012 1.330670 4.201338 -8.755566 1.363530 0.379776 1.103566 -1.256975
319396973 25.273315 -5.101077 0.684029 4.634043 -8.534989 1.360144 0.422031 1.055865 -1.285303
339355469 27.092493 -6.980608 -0.450994 5.185396 -8.210562 1.367015 0.372840 0.992224 -1.313033
359313965 25.879215 -11.716015 -0.548843 5.882449 -7.733015 1.329535 0.369614 0.908444 -1.348514
379272461 23.722481 -17.033604 0.214346 6.670625 -7.084289 1.219019 0.526280 0.807262 -1.390046
399230957 23.304256 -20.718956 2.201895 8.157747 -5.360177 0.943426 0.408876 0.578282 -1.455660
419189453 23.930645 -24.082603 3.828473 8.157747 -5.360177 0.943426 0.408876 0.578282 -1.455660
439147949 21.562368 -28.221684 3.569491 8.785714 -4.261878 0.904440 0.648833 0.449584 -1.468213
459106445 16.629139 -33.000992 4.424705 9.310980 -2.959973 0.845341 0.443456 0.306615 -1.480255
479095459 12.147067 -36.533352 6.093474 9.672379 -1.478378 0.655641 0.482610 0.151330 -1.503115
499053955 8.797195 -39.230011 8.018128 9.799987 0.142127 0.332359 1.064553 -0.014493 -1.536895
519012451 4.867113 -40.720303 6.986035 9.636771 1.815347 0.086856 0.599356 -0.186188 -1.561784
538970947 1.343919 -40.756153 5.465657 9.178209 3.453977 0.030002 0.618849 -0.359929 -1.567528
558929444 -1.115778 -39.443874 3.041461 8.449306 4.976969 0.096856 0.680605 -0.532292 -1.559334
578887940 -3.244443 -36.906101 0.291525 7.495756 6.319731 0.212173 0.717514 -0.700282 -1.542498
598846436 -4.982681 -33.783791 -0.775770 6.379761 7.441155 0.313432 0.701303 -0.861448 -1.521707
618804932 -6.962011 -31.134235 -0.943638 5.169394 8.326593 0.340026 1.093817 -1.014234 -1.505114
638763428 -7.597870 -26.730865 -1.341241 3.955375 8.969584 0.268259 0.708026 -1.154624 -1.503079
658752442 -7.750003 -23.701555 -1.651110 2.779400 9.402815 0.180014 0.734162 -1.282819 -1.506119
678710938 -8.226878 -20.613121 -0.997959 1.675428 9.660213 0.208855 1.023346 -1.397766 -1.446779
698669434 -9.901549 -19.079727 0.832777 0.655117 9.777411 0.378755 1.224783 -1.493555 -1.046599
718627930 -11.506558 -17.052090 3.187640 -0.243371 9.784095 0.618573 2.629409 -1.502961 0.374838
738586426 -11.277727 -13.883779 3.938962 -0.958609 9.725890 0.811486 -3.072935 -1.442371 0.868324
758544922 -9.645284 -10.847878 2.907262 -1.493753 9.650904 0.893961 -2.993214 -1.392336 1.031505
778503418 -7.877199 -8.244949 1.805176 -1.882556 9.582073 0.900137 -2.961002 -1.356374 1.124784
798461914 -6.650799 -6.385283 1.177188 -2.181249 9.522232 0.860027 -2.841053 -1.329368 1.195229
818420410 -6.147327 -5.432468 -0.453164 -2.430378 9.469447 0.770208 -2.831078 -1.307798 1.263900
838409424 -5.871083 -4.312453 -1.829408 -2.635706 9.423955 0.642269 -2.774014 -1.290509 1.331775
858367920 -4.952697 -2.968065 -1.767091 -2.784305 9.388257 0.527886 -2.709507 -1.277637 1.383427
878326416 -4.066786 -1.792478 -0.911650 -2.883219 9.362421 0.449999 -2.669711 -1.268654 1.415970
898284912 -3.461323 -1.274491 -0.363741 -2.952540 9.342941 0.402929 -2.678897 -1.262049 1.435166
918243408 -3.217772 -1.058677 -0.898282 -3.003886 9.328247 0.361759 -2.657434 -1.257155 1.450943
938201904 -2.750165 -0.621536 -1.035395 -3.037518 9.318332 0.335514 -2.658056 -1.253894 1.460786
958160401 -2.402352 -0.394823 -0.578619 -3.059908 9.310892 0.338589 -2.676291 -1.251469 1.460591
978118897 -2.323985 -0.509635 -0.006032 -3.082012 9.302563 0.365945 -2.699739 -1.248774 1.452614
998077393 -1.852012 -0.264430 0.239953 -3.098076 9.296352 0.387506 -2.703399 -1.246779 1.446363
1018035889 -1.528174 -0.146957 0.291987 -3.105169 9.293653 0.395397 -2.683795 -1.245916 1.444143
1038024903 -1.221848 -0.156562 0.455393 -3.102770 9.294219 0.400866 -2.685650 -1.246097 1.442312
1057983399 -0.871737 -0.067283 0.410195 -3.092459 9.297894 0.395317 -2.684055 -1.247273 1.443653
1077941895 -0.543606 -0.101583 0.431142 -3.078001 9.303415 0.377864 -2.697445 -1.249049 1.448645
1097900391 -0.290609 -0.038546 0.398097 -3.065768 9.308665 0.346711 -2.641715 -1.250746 1.458184
1117858887 -0.370281 -0.084410 -0.568436 -3.059969 9.312435 0.292466 -2.634944 -1.251970 1.475507
1137817383 -0.146442 0.092257 -0.799231 -3.056816 9.315145 0.233096 -2.646505 -1.252853 1.494689
1157775879 -0.001162 0.207710 -0.878046 -3.060278 9.315084 0.185201 -2.624778 -1.252833 1.510352
1177734375 -0.214871 -0.058606 -0.660446 -3.081188 9.308769 0.153228 -2.623927 -1.250780 1.521107
1197692871 -0.555959 -0.223284 -0.291587 -3.117176 9.297112 0.131535 -2.614733 -1.247023 1.528625
1217681885 -0.632016 -0.278474 -0.417908 -3.155178 9.284543 0.111837 -2.585139 -1.243018 1.535366
1237640381 -0.698132 -0.496832 -0.225506 -3.190050 9.272764 0.099054 -2.588496 -1.239307 1.539755
1257598877 -0.828486 -0.578434 -0.062114 -3.220705 9.262221 0.093285 -2.609980 -1.236020 1.541840
1277557373 -0.747901 -0.370444 0.208136 -3.244507 9.253963 0.087817 -2.594713 -1.233466 1.543736
1297515869 -0.836920 -0.291255 -0.068446 -3.263397 9.247424 0.075907 -2.596213 -1.231457 1.547540
1317474365 -1.022494 -0.465502 -0.112092 -3.284925 9.239882 0.064961 -2.582836 -1.229154 1.551023
1337432861 -1.135433 -0.456377 0.106652 -3.305835 9.232483 0.055752 -2.576838 -1.226909 1.553933
1357391358 -0.835709 -0.321229 0.309210 -3.317724 9.228263 0.047536 -2.577824 -1.225635 1.556469
1377349854 -0.738293 -0.423889 0.384142 -3.320648 9.227262 0.036295 -2.557716 -1.225334 1.559867
1397338867 -0.824466 -0.520582 -0.008694 -3.312814 9.230131 0.018453 -2.585161 -1.226198 1.565226
1417297363 -0.588526 -0.536547 -0.078703 -3.293660 9.237001 -0.000907 -2.580988 -1.228278 1.571072
1437255860 -0.053995 -0.456937 0.223248 -3.271082 9.245011 -0.012527 -2.545197 -1.230719 1.574626
1457214356 0.366267 -0.377873 0.745281 -3.260198 9.248848 -0.017714 -2.540029 -1.231894 1.576230
1477172852 0.243634 -0.550475 1.186955 -3.274550 9.243776 -0.017810 -2.542104 -1.230341 1.576235
1497131348 -0.413280 -0.808241 0.876347 -3.306848 9.232243 -0.028770 -2.533209 -1.226836 1.579496
1517089844 -0.929247 -1.020483 0.824350 -3.341267 9.219757 -0.049007 -2.502680 -1.223081 1.585463
