0 0.509209 0.012872 -0.651816 2.729632 -9.282941 1.595776 0.317153 1.242511 -1.041768
19958496 0.394517 -0.031281 0.046281 2.749323 -9.276998 1.596532 0.311947 1.240636 -1.044689
39916992 0.677422 0.124826 0.272376 2.768042 -9.270449 1.602221 0.321508 1.238582 -1.046090
59875488 1.134196 0.375515 0.048571 2.781868 -9.263175 1.620243 0.333322 1.236316 -1.043396
79833984 1.887723 0.748451 -0.321641 2.794406 -9.255393 1.642974 0.335412 1.233907 -1.039284
99792481 3.250603 0.690614 -0.684452 2.812129 -9.246294 1.663841 0.346418 1.231111 -1.036528
119750977 5.623640 0.580917 -0.681453 2.910061 -9.216862 1.658731 0.329693 1.222215 -1.052729
139739990 8.035271 -0.171068 0.145743 2.910061 -9.216862 1.658731 0.353941 1.222215 -1.052729
159698486 10.482927 -0.812124 1.009509 3.022651 -9.185032 1.633755 0.357351 1.212834 -1.075273
179656982 13.126143 -1.522040 1.939191 3.191798 -9.131989 1.609221 0.387553 1.197701 -1.103815
199615479 16.133261 -3.196968 2.305193 3.424222 -9.049285 1.598603 0.384479 1.175209 -1.134017
219573975 19.043020 -4.482088 2.434454 3.739376 -8.922007 1.607875 0.413078 1.142781 -1.164711
239532471 22.146458 -5.793014 1.715682 4.145779 -8.732790 1.649626 0.400456 1.098436 -1.192097
259490967 23.124956 -8.678525 0.567917 4.691333 -8.440826 1.707115 0.401827 1.036692 -1.221804
279449463 22.268097 -11.923309 -1.077136 6.104940 -7.473418 1.745886 0.355435 0.866514 -1.292252
299407959 21.048233 -16.002623 -1.020910 6.104940 -7.473418 1.745886 0.451789 0.866514 -1.292252
319396973 20.743544 -19.408472 -0.366395 6.876853 -6.789794 1.666723 0.465318 0.764763 -1.333014
339355469 20.810932 -23.094946 0.272550 7.656826 -5.941088 1.498954 0.491279 0.650799 -1.377474
359313965 19.149139 -27.404253 2.160764 8.416138 -4.888762 1.199591 0.516028 0.521885 -1.429215
379272461 16.488243 -31.794933 5.114460 9.074631 -3.624559 0.827067 0.574350 0.378581 -1.479907
399230957 12.628994 -35.473080 5.776081 9.547149 -2.179194 0.522933 0.597627 0.224087 -1.516077
419189453 7.577171 -37.802284 5.531353 9.781005 -0.617289 0.348259 0.667031 0.062988 -1.535206
439147949 4.345123 -38.682831 6.637751 9.752923 1.002048 0.216291 0.709709 -0.102359 -1.548623
459106445 1.788459 -37.777775 5.277602 9.452672 2.608693 0.110021 0.761773 -0.269254 -1.559158
479064941 -1.192371 -36.335533 5.025448 8.884490 4.150947 0.076607 0.857257 -0.437061 -1.562174
499023438 -5.100586 -34.541634 2.869626 8.086664 5.545375 0.158335 1.210968 -0.601004 -1.551219
519012451 -8.045721 -31.374084 -0.126519 7.136987 6.716933 0.341482 0.867051 -0.754517 -1.522986
538970947 -7.495702 -26.524513 -1.359120 6.119237 7.642511 0.563336 0.910325 -0.893579 -1.478995
558929443 -6.621136 -23.052935 -3.005521 3.953056 8.946425 0.710780 0.829738 -1.148821 -1.392892
578887940 -6.621768 -21.390476 -2.800429 3.953056 8.946425 0.710780 0.981178 -1.148821 -1.392892
598846436 -7.124570 -20.274439 -0.415293 2.838836 9.359154 0.719476 1.065556 -1.267536 -1.322582
618804932 -7.266334 -18.223812 1.842023 0.835860 9.733581 0.853896 1.492427 -1.448646 -0.774725
638763428 -6.721982 -16.275877 1.647788 0.835860 9.733581 0.853896 1.800270 -1.448646 -0.774725
658721924 -6.019876 -14.159234 1.392990 -0.754446 9.708857 1.157282 2.920551 -1.429454 0.577718
678680420 -5.445905 -12.071969 2.004472 -0.754446 9.708857 1.157282 3.088037 -1.429454 0.577718
698669434 -6.654883 -10.929284 1.766844 -1.430957 9.614230 1.299741 -3.038512 -1.372373 0.833414
718627930 -7.579622 -9.661018 1.179704 -2.009984 9.501342 1.361929 -2.802914 -1.320614 0.975275
738586426 -7.389686 -7.590192 0.212163 -2.458041 9.397032 1.350639 -2.736694 -1.280750 1.068354
758544922 -6.938369 -5.672659 -0.172840 -2.793426 9.307863 1.315619 -2.735248 -1.250486 1.130641
778503418 -6.395924 -4.503062 -0.057290 -3.057346 9.228760 1.285703 -2.694521 -1.225785 1.172719
798461914 -6.155217 -4.091235 -0.237980 -3.271631 9.159608 1.252356 -2.647666 -1.205506 1.205211
818420410 -5.876643 -3.791077 -0.437877 -3.436803 9.104233 1.213146 -2.615842 -1.190012 1.231463
838378906 -5.156074 -3.174798 -0.288216 -3.542765 9.068708 1.173765 -2.619122 -1.180380 1.250865
858337402 -4.382840 -2.855553 -0.290797 -3.600847 9.050860 1.134112 -2.605211 -1.175626 1.265675
878326416 -3.434548 -2.297816 -0.327462 -3.619852 9.047700 1.098268 -2.616494 -1.174789 1.276222
898284912 -2.866462 -1.926373 -0.133407 -3.582268 9.069943 1.036281 -2.614668 -1.180712 1.289203
918243408 -2.496019 -1.620487 -0.167668 -3.582268 9.069943 1.036281 -2.614668 -1.180712 1.289203
938201904 -1.874151 -1.368970 0.351679 -3.531382 9.093055 1.008013 -2.593172 -1.186957 1.292746
958160400 -1.620862 -1.172363 0.340374 -3.463292 9.122612 0.976705 -2.595322 -1.195087 1.295919
978118897 -1.335008 -0.587770 -0.150105 -3.286178 9.198314 0.873178 -2.586908 -1.216719 1.311085
998077393 -0.641581 -0.037314 0.063337 -3.286178 9.198314 0.873178 -2.593644 -1.216719 1.311085
1018035889 -0.588864 -0.113438 0.109269 -3.201730 9.231931 0.831131 -2.581538 -1.226742 1.316814
1037994385 -0.494601 0.076905 0.116416 -3.128199 9.260371 0.793915 -2.567370 -1.235446 1.322251
1057952881 -0.196367 0.194932 0.483681 -3.062654 9.284925 0.762039 -2.557530 -1.243139 1.326932
1077941895 -0.453594 -0.221997 0.588543 -3.009743 9.304847 0.729145 -2.565332 -1.249511 1.333114
1097900391 -0.597322 -0.277014 0.402708 -2.957338 9.324939 0.685611 -2.523436 -1.256063 1.342987
1117858887 -0.842514 -0.184942 -0.079888 -2.898632 9.347210 0.630859 -2.537144 -1.263484 1.356498
1137817383 -0.756806 0.103013 0.121964 -2.833912 9.370269 0.580846 -2.522640 -1.271355 1.368634
1157775879 -0.556680 0.015462 -0.054591 -2.769321 9.392509 0.531061 -2.492117 -1.279141 1.381331
1177734375 -0.492090 -0.039039 -0.417729 -2.709373 9.412645 0.481460 -2.472266 -1.286370 1.394930
1197692871 -0.790241 -0.215189 0.023489 -2.657829 9.428821 0.451282 -2.471062 -1.292308 1.402607
1217651367 -0.990919 -0.444015 0.103850 -2.612491 9.442430 0.431019 -2.452004 -1.297402 1.407285
1237609863 -1.090633 -0.621369 -0.171446 -2.564231 9.456896 0.402763 -2.448354 -1.302919 1.415000
1257598877 -0.970201 -0.640866 -0.126270 -2.506802 9.473387 0.375866 -2.444438 -1.309348 1.421967
1277557373 -0.716616 -0.739510 0.415029 -2.444425 9.490322 0.359132 -2.436580 -1.316114 1.424921
1297515869 -0.762214 -1.166063 0.938603 -2.386139 9.505692 0.344338 -2.436516 -1.322412 1.427478
1317474365 -1.150623 -1.617694 0.700072 -2.330841 9.520470 0.313426 -2.424426 -1.328617 1.437129
1337432861 -1.309669 -1.618102 0.160261 -2.263239 9.538270 0.263721 -2.418009 -1.336306 1.454796
1357391357 -1.048954 -1.376456 0.448690 -2.175415 9.559825 0.218429 -2.402396 -1.345961 1.470724
1377349854 -0.734781 -1.525950 0.635427 -2.075814 9.582779 0.178151 -2.395480 -1.356713 1.485184
1397308350 -1.046224 -1.891399 0.362586 -1.972219 9.605350 0.134078 -2.373163 -1.367831 1.502918
1417266846 -0.777726 -1.244448 0.575144 -1.850848 9.630033 0.084943 -2.360369 -1.380721 1.524934
1437255859 -0.498073 -1.036358 0.871110 -1.719455 9.654690 0.028955 -2.314014 -1.394524 1.553958
1457214356 -0.529460 -1.375669 0.755451 -1.589422 9.676929 -0.034061 -2.289964 -1.407965 1.592223
1477172852 -0.528571 -1.650372 0.656991 -1.454812 9.697600 -0.102270 -2.245513 -1.421527 1.640978
