0 0.135467 -0.417410 0.198474 -7.092971 -6.462952 2.022473 0.470270 0.719539 1.293030
19958496 0.342707 -0.284950 0.494968 -7.095919 -6.467699 1.996796 0.426306 0.720182 1.296489
39916992 0.373469 -0.088064 0.312055 -7.095919 -6.467699 1.996796 0.450281 0.720182 1.296489
59906006 0.203157 -0.012258 -0.415809 -7.077423 -6.483067 2.012539 0.409960 0.722269 1.293749
79864502 0.160077 0.013427 -0.804643 -7.077423 -6.483067 2.012539 0.461173 0.722269 1.293749
99822998 0.010854 0.028046 -0.351927 -7.064090 -6.500165 2.004215 0.477140 0.724595 1.294343
119781494 0.250457 -0.007217 -0.079245 -7.026191 -6.547579 1.982987 0.433075 0.731071 1.295723
139739990 0.077830 -0.009089 0.105714 -7.026191 -6.547579 1.982987 0.459673 0.731071 1.295723
159698486 -0.073318 -0.122094 0.276630 -6.997272 -6.579371 1.980013 0.427329 0.735434 1.295036
179656982 -0.291766 -0.273075 0.330277 -6.969904 -6.609411 1.976488 0.433211 0.739573 1.294476
199615478 -0.652375 -0.286648 0.324237 -6.942073 -6.651591 1.932449 0.449955 0.745411 1.299302
219573974 -0.709112 -0.065140 -0.145775 -6.942073 -6.651591 1.932449 0.429601 0.745411 1.299302
239562988 -0.343782 0.914180 -0.817319 -6.931373 -6.675026 1.889570 0.424905 0.748668 1.304652
259521484 -1.992980 2.104474 -0.626656 -6.886796 -6.741640 1.814589 0.439218 0.757980 1.313164
279479980 -7.252287 2.885699 0.447711 -6.629634 -7.027744 1.682005 0.442485 0.798959 1.322329
299438476 -14.859108 2.936357 0.146681 -6.629634 -7.027744 1.682005 0.483871 0.798959 1.322329
319396972 -26.757092 3.778918 -3.436266 -6.486461 -7.136463 1.779636 0.485904 0.814987 1.303024
339355468 -32.278664 2.600148 -4.975031 -6.799450 -6.813575 1.874314 0.447832 0.768130 1.301820
359313965 -30.154541 -2.008934 0.579688 -6.799450 -6.813575 1.874314 0.394653 0.768130 1.301820
379272461 -25.425686 -6.800761 4.381570 -7.940875 -5.565176 1.463456 0.348943 0.603454 1.388547
399230957 -21.443256 -10.483202 4.092384 -8.497553 -4.726990 1.271824 0.320146 0.502957 1.422230
419219970 -20.485804 -13.766062 2.402110 -8.497553 -4.726990 1.271824 0.343878 0.502957 1.422230
439178467 -20.059376 -16.353264 2.871034 -8.979232 -3.807076 1.024669 0.331140 0.398692 1.457172
459136963 -18.439077 -18.944324 3.003760 -9.651441 -1.690941 0.400973 0.329919 0.173294 1.529275
479095459 -17.680965 -21.813061 2.072717 -9.789616 -0.561778 0.134966 0.292971 0.057317 1.557011
499053955 -16.933863 -24.908094 2.705708 -9.789616 -0.561778 0.134966 0.339287 0.057317 1.557011
519012451 -16.180099 -27.336483 3.703137 -9.786098 0.631666 -0.060492 0.371086 -0.064457 1.576978
538970947 -12.762980 -30.182430 4.720114 -9.617548 1.910213 -0.155747 0.348232 -0.196041 1.586989
558929443 -8.651208 -32.635292 6.159764 -9.244909 3.262993 -0.234322 0.398622 -0.339200 1.596137
578887939 -5.650982 -33.633144 5.686385 -7.927617 5.763854 -0.318229 0.233551 -0.628274 1.610917
598846435 -3.788718 -33.855827 4.968633 -7.031068 6.832678 -0.221318 0.190690 -0.770842 1.602263
618835449 -0.977238 -32.653461 5.209291 -7.031068 6.832678 -0.221318 0.288569 -0.770842 1.602263
638793945 2.028900 -30.518875 4.654025 -6.014643 7.745578 -0.021663 0.325712 -0.910530 1.574398
658752441 4.636333 -28.033730 2.085684 -4.945494 8.466419 0.179522 0.216472 -1.041841 1.534512
678710937 6.454008 -24.895597 -0.314090 -2.873047 9.366890 0.421151 0.015155 -1.270189 1.425246
698669433 7.702317 -21.414070 -0.716500 -1.913460 9.606317 0.477199 -0.106300 -1.368320 1.326392
718627929 8.376733 -18.366714 -0.663154 -1.015751 9.743813 0.443570 -0.238919 -1.457531 1.159065
738586426 9.278601 -15.584900 -1.447589 -0.183228 9.798461 0.356360 -0.919605 -1.529926 0.474916
758544922 10.443716 -12.804754 -2.622442 0.575934 9.785460 0.288855 -2.482717 -1.505048 -1.105916
778533935 10.445627 -10.696100 -2.346588 1.227487 9.725559 0.277769 -2.761606 -1.442108 -1.348253
798492431 9.072314 -9.589357 -0.772044 1.755087 9.644122 0.284535 -2.804101 -1.388482 -1.410074
818450927 7.871945 -8.832071 -0.266147 1.755087 9.644122 0.284535 -2.804189 -1.388482 -1.410074
838409424 6.291009 -7.789059 -0.963558 2.159939 9.562075 0.267952 -2.836851 -1.346992 -1.447372
858367920 4.262698 -6.650081 -0.675296 2.472064 9.486199 0.267065 -2.876676 -1.314451 -1.463180
878326416 2.584886 -5.624490 -0.321426 2.743451 9.410735 0.286214 -2.785906 -1.285677 -1.466846
898284912 3.559638 -5.883555 0.031209 3.033767 9.320381 0.311686 -2.817134 -1.254566 -1.468417
918243408 4.616157 -5.217602 0.418429 3.532657 9.142487 0.325054 -2.845424 -1.200649 -1.479041
938201904 4.737261 -3.736794 0.241394 3.532657 9.142487 0.325054 -2.824905 -1.200649 -1.479041
958160400 4.787256 -3.032118 -1.033702 3.861257 9.011198 0.243702 -2.858109 -1.165249 -1.507765
978149414 4.590129 -2.124074 -1.690635 3.969844 8.964733 0.210454 -2.865958 -1.153402 -1.517833
998107910 4.320094 -1.380939 -0.841216 3.969844 8.964733 0.210454 -2.880051 -1.153402 -1.517833
1018066406 4.859615 -1.050519 -0.148768 4.067780 8.922295 0.127281 -2.882105 -1.142852 -1.539517
1038024902 4.174755 -0.537264 -0.747807 4.067780 8.922295 0.127281 -2.852249 -1.142852 -1.539517
1057983398 2.913009 -0.303753 -0.808213 4.040914 8.935205 0.059385 -2.889261 -1.146035 -1.556101
1077941894 1.886193 0.015753 -0.847024 3.982917 8.961403 0.003824 -2.888083 -1.152565 -1.569836
1097900390 0.745922 0.173517 -0.112358 3.910333 8.993279 -0.024910 -2.857619 -1.160642 -1.577166
1117858886 0.105671 -0.115827 0.828267 3.846690 9.020663 -0.031847 -2.863367 -1.167702 -1.579075
1137817383 0.158463 -0.422749 0.798923 3.806422 9.037678 -0.043743 -2.872426 -1.172148 -1.582288
1157806396 -0.074399 -0.243805 0.069348 3.777716 9.049490 -0.077243 -2.889925 -1.175263 -1.591241
1177764892 -0.327570 -0.226161 -0.005409 3.781328 9.047139 -0.145661 -2.917258 -1.174641 -1.609298
1197723388 -0.013338 -0.530941 -0.466320 3.781328 9.047139 -0.145661 -2.885311 -1.174641 -1.609298
1217681885 0.582740 -0.656864 -0.535719 3.813383 9.033085 -0.178601 -2.912437 -1.170943 -1.617597
1237640381 1.008493 -0.512028 -0.241617 3.850774 9.016745 -0.200615 -2.939404 -1.166685 -1.622847
1257598877 1.578144 -0.532213 -0.562958 3.885494 9.001208 -0.227072 -2.963001 -1.162674 -1.629171
1277557373 1.576170 -0.386450 -1.233855 3.911111 8.988160 -0.294237 -2.965172 -1.159335 -1.645886
1297515869 1.544737 -0.311945 -1.090974 3.908254 8.988601 -0.317784 -2.973103 -1.159447 -1.651929
1317474365 1.676908 -0.319066 -1.076400 3.908254 8.988601 -0.317784 -2.970587 -1.159447 -1.651929
1337463379 1.424633 -0.286293 -0.850692 3.894728 8.993937 -0.332557 -2.982541 -1.160810 -1.655976
1357421875 1.158281 -0.286950 -1.042185 3.873028 9.002913 -0.342923 -2.983389 -1.163113 -1.659107
1377380371 1.050316 -0.411744 -0.858531 3.851238 9.012257 -0.342918 -2.983692 -1.165522 -1.659603
1397338867 0.916998 -0.489480 -0.537550 3.804425 9.033283 -0.310687 -2.999158 -1.170995 -1.652280
1417297363 0.829105 -0.645679 -0.347138 3.772566 9.047319 -0.290083 -2.971467 -1.174689 -1.647538
1437255859 0.634483 -0.649372 -0.379136 3.772566 9.047319 -0.290083 -2.972136 -1.174689 -1.647538
1457214355 0.559757 -0.719440 -0.296666 3.702190 9.077431 -0.253831 -2.956392 -1.182724 -1.639252
1477172851 0.523084 -0.836311 -0.043537 3.667497 9.091915 -0.238597 -2.955512 -1.186646 -1.635762
