0 0.896250 -0.022188 -0.253053 4.155237 -8.622788 2.133519 0.422347 1.074348 -1.096444
19958496 1.053263 0.157568 -0.014250 4.165895 -8.613592 2.149824 0.402981 1.072382 -1.094389
39916992 0.926528 0.210827 0.153719 4.211146 -8.580732 2.192638 0.392839 1.065418 -1.090746
59875488 0.493109 -0.128397 -0.093818 4.211146 -8.580732 2.192638 0.400466 1.065418 -1.090746
79833984 0.465679 -0.248608 -0.535033 4.232149 -8.560948 2.229231 0.416069 1.061266 -1.085988
99822998 0.521883 -0.254841 -0.607188 4.249388 -8.544758 2.258360 0.418060 1.057892 -1.082302
119781494 1.189773 -0.221764 0.017436 4.269162 -8.532362 2.267918 0.409872 1.055321 -1.082476
139739990 2.715246 0.005863 -0.016413 4.298854 -8.514393 2.279332 0.419524 1.051616 -1.083267
159698486 4.779992 -0.012169 -0.218585 4.407562 -8.446260 2.324751 0.399920 1.037781 -1.085434
179656982 7.169988 -0.389827 -0.263635 4.407562 -8.446260 2.324751 0.404659 1.037781 -1.085434
199615478 11.103796 -0.988467 0.155007 4.587778 -8.324573 2.413331 0.375521 1.013844 -1.086539
219573974 15.029003 -2.189193 0.269443 4.587778 -8.324573 2.413331 0.360869 1.013844 -1.086539
239532470 19.405441 -2.028067 -0.562791 5.064666 -8.001694 2.548025 0.324801 0.954363 -1.104673
259490966 22.188265 -3.202563 -0.066905 5.064666 -8.001694 2.548025 0.348827 0.954363 -1.104673
279479980 24.562904 -5.656681 0.603695 5.475529 -7.716419 2.577956 0.351068 0.905697 -1.130769
299438476 24.785433 -8.525152 -0.366944 5.998056 -7.301781 2.622536 0.373182 0.839897 -1.158612
319396972 22.744144 -11.502718 -1.301098 6.599149 -6.744711 2.670298 0.383022 0.758411 -1.186294
339355468 21.208376 -15.179003 -0.900862 7.236624 -6.056930 2.667447 0.423952 0.665732 -1.217645
359313964 21.316017 -17.952797 0.957945 7.892100 -5.242550 2.529986 0.484177 0.564024 -1.260575
379272460 20.897715 -20.882530 4.329068 8.564275 -4.251510 2.179049 0.533370 0.448410 -1.321648
399230957 19.112286 -24.905514 7.411339 9.152909 -3.059758 1.741413 0.585658 0.317306 -1.382786
419189453 13.224167 -29.178354 10.126155 9.556471 -1.691376 1.408372 0.679221 0.173339 -1.424476
439147949 7.091751 -31.599899 11.709455 9.667272 1.216470 1.111058 0.508241 -0.124366 -1.456369
459106445 3.734367 -31.877354 12.486876 9.667272 1.216470 1.111058 0.837421 -0.124366 -1.456369
479095459 1.794662 -30.605448 10.310582 9.407367 2.624828 0.884374 0.893804 -0.270961 -1.477063
499053955 -0.127444 -29.245995 8.446779 8.953080 3.965914 0.533171 0.944878 -0.416334 -1.511315
519012451 -2.922565 -28.350256 7.487164 8.316667 5.192650 0.199570 0.944940 -0.558015 -1.546804
538970947 -7.331600 -25.773067 5.705801 7.549793 6.258586 -0.033307 0.951518 -0.692156 -1.575208
558935742 -11.566808 -22.467869 2.627480 6.730529 7.130505 -0.162100 0.933623 -0.814102 -1.594876
578894238 -13.553322 -20.068459 0.885923 5.938861 7.802032 -0.169113 0.870832 -0.919974 -1.599264
598852734 -13.015137 -18.215935 0.434202 5.241409 8.287977 -0.086253 0.833480 -1.006824 -1.587251
618811230 -11.942183 -15.540142 0.211025 4.663902 8.626526 0.038157 0.828171 -1.075148 -1.562615
638769726 -11.716465 -13.078918 -0.183550 4.184712 8.866635 0.203368 0.834540 -1.129374 -1.522237
658758740 -10.955670 -11.613748 -0.111112 3.784652 9.038150 0.398290 0.865272 -1.172272 -1.465944
678717236 -10.661430 -10.316632 -0.220608 3.451179 9.161601 0.569926 0.928525 -1.206075 -1.407134
698675732 -9.397241 -9.090431 0.357620 3.192901 9.247198 0.681987 0.969613 -1.231388 -1.360364
718634228 -7.754888 -7.548698 1.128605 3.006795 9.305735 0.729985 0.994632 -1.249798 -1.332626
738592724 -6.673427 -6.545273 1.811558 2.863434 9.350574 0.733443 1.022291 -1.264620 -1.320046
758551220 -6.195754 -5.748409 2.258379 2.746238 9.386406 0.723847 1.009017 -1.276985 -1.313080
778509717 -5.913522 -5.316617 1.656589 2.656138 9.413678 0.705677 1.054594 -1.286745 -1.311117
798468213 -5.769836 -4.232148 0.468725 2.607415 9.430388 0.662987 1.047601 -1.292890 -1.321803
818426709 -4.814814 -2.861094 -0.287982 2.605237 9.435986 0.587617 1.002379 -1.294978 -1.348956
838415722 -3.455323 -1.645682 -0.771621 2.628028 9.434894 0.496618 0.969752 -1.294570 -1.384029
858374218 -2.901636 -0.874964 -1.345970 2.646544 9.433681 0.414522 0.952901 -1.294117 -1.415431
878332715 -3.205341 -1.048181 -1.106768 2.640916 9.437270 0.365903 0.928919 -1.295460 -1.433121
898291211 -3.314740 -1.212764 -0.887880 2.626116 9.442639 0.332346 0.918059 -1.297481 -1.444911
918249707 -3.152566 -0.956370 -0.838687 2.623334 9.444952 0.285281 0.888529 -1.298356 -1.462475
938208203 -2.562186 -0.171547 -1.209911 2.641099 9.441377 0.235336 0.873238 -1.297004 -1.481926
958166699 -2.039787 0.495697 -0.833233 2.660446 9.436460 0.213562 0.856671 -1.295156 -1.490695
978125195 -2.447615 0.052610 -1.035049 2.665008 9.435247 0.210331 0.882768 -1.294702 -1.492036
998083691 -2.755240 -0.654448 -1.026587 2.661836 9.436125 0.211107 0.871974 -1.295030 -1.491653
1018042187 -2.045516 0.380424 -0.602037 2.694370 9.426746 0.217306 0.865523 -1.291540 -1.490319
1038031201 -1.842990 0.558875 -0.360215 2.742572 9.412564 0.228778 0.867936 -1.286340 -1.487572
1057989697 -1.374558 0.433450 -0.237139 2.854581 9.377910 0.276736 0.878156 -1.274008 -1.474154
1077948193 -0.802656 0.464232 -0.289249 2.854581 9.377910 0.276736 0.874526 -1.274008 -1.474154
1097906689 -0.613358 0.041935 -0.213411 2.910896 9.360155 0.290811 0.888772 -1.267879 -1.471222
1117865185 -0.255580 -0.366547 0.414329 2.967278 9.342255 0.296526 0.916586 -1.261818 -1.471195
1137823681 0.308155 -0.103298 0.750311 3.032956 9.321306 0.291230 0.932391 -1.254869 -1.475068
1157782177 0.334093 -0.110245 0.832298 3.093016 9.301728 0.285517 0.913687 -1.248505 -1.478747
1177740674 0.299528 -0.035183 1.027760 3.184884 9.270665 0.285781 0.915969 -1.238650 -1.481305
1197699170 0.033261 -0.217067 0.715330 3.184884 9.270665 0.285781 0.925587 -1.238650 -1.481305
1217688183 -0.619564 -0.492509 0.476481 3.212625 9.261637 0.267432 0.906062 -1.235838 -1.487744
1237646679 -1.229047 -0.608198 0.632113 3.239856 9.252705 0.247344 0.921964 -1.233078 -1.494600
1257605175 -1.349403 -0.270136 0.509996 3.282114 9.238594 0.215601 0.905062 -1.228762 -1.505201
1277563672 -1.475569 -0.130895 0.406840 3.337910 9.219461 0.174015 0.889287 -1.222992 -1.518711
1297522168 -2.088883 -0.347507 -0.009209 3.399581 9.197590 0.132599 0.871743 -1.216507 -1.531811
1317480664 -2.388385 -0.643788 -0.066237 3.475499 9.169556 0.102669 0.865450 -1.208356 -1.541264
1337439160 -2.044550 -0.623115 0.064057 3.574184 9.131828 0.072848 0.829913 -1.197657 -1.550418
1357397656 -1.583654 -0.354809 0.120759 3.685798 9.087585 0.032542 0.837265 -1.185470 -1.561968
1377356152 -1.229389 -0.280303 0.092395 3.794539 9.042766 -0.015826 0.804502 -1.173487 -1.574967
1397345166 -1.148527 -0.713638 0.217178 3.884650 9.004199 -0.065398 0.806634 -1.163443 -1.587630
1417303662 -1.630570 -1.274733 0.816056 3.956397 8.972585 -0.100187 0.791703 -1.155382 -1.596114
1437262158 -2.323926 -1.585083 1.041089 4.022661 8.942756 -0.125248 0.787238 -1.147908 -1.601922
1457220654 -2.390935 -1.587406 1.023160 4.095880 8.908904 -0.159924 0.788738 -1.139574 -1.609822
1477179150 -2.581594 -1.715023 1.337269 4.170358 8.873562 -0.195972 0.776365 -1.131031 -1.617754
1497137646 -3.738521 -1.707671 1.815394 4.239701 8.839976 -0.223938 0.754177 -1.123054 -1.623567
