0 0.060790 -0.181120 -0.031747 2.506357 -9.351752 1.559899 0.277176 1.265019 -1.014086
19958496 0.419543 -0.000466 0.022165 2.530537 -9.341792 1.580408 0.256412 1.261663 -1.012532
39916992 0.654406 0.023845 0.118614 2.558878 -9.331759 1.593988 0.266804 1.258318 -1.013691
59875489 0.695572 0.033447 -0.274084 2.589455 -9.321683 1.603545 0.266279 1.254992 -1.016335
79833985 0.964620 0.077289 -0.303445 2.617156 -9.312195 1.613666 0.283145 1.251892 -1.018280
99792481 1.879906 0.243772 -0.386760 2.654545 -9.300469 1.620201 0.283277 1.248100 -1.022801
119781494 2.894017 0.367216 -0.447249 2.654545 -9.300469 1.620201 0.298291 1.248100 -1.022801
139739991 3.886559 0.412009 -0.579713 2.801500 -9.257998 1.616001 0.307150 1.234711 -1.047585
159698487 5.382811 0.167758 -0.266344 2.940935 -9.217734 1.598334 0.332778 1.222476 -1.072974
179656983 6.593100 -0.441421 0.342120 3.120069 -9.161563 1.581555 0.342699 1.206064 -1.101646
199615479 8.297312 -1.047246 0.993902 3.338677 -9.088126 1.558710 0.378335 1.185617 -1.134007
219573975 10.625367 -1.311709 2.238180 3.618963 -8.980825 1.555076 0.383537 1.157469 -1.164950
239532471 12.897726 -1.982753 2.985912 3.618963 -8.980825 1.555076 0.418148 1.157469 -1.164950
259490967 14.447682 -3.049630 2.454202 4.370454 -8.616124 1.682835 0.396846 1.072923 -1.203246
279449463 15.725714 -3.702984 1.073156 4.834872 -8.345493 1.774015 0.383338 1.017893 -1.219128
299438477 15.592777 -5.379452 0.332181 5.376162 -7.992455 1.840630 0.391263 0.952736 -1.240936
319396973 14.824289 -7.376017 0.252844 5.376162 -7.992455 1.840630 0.451923 0.952736 -1.240936
339355469 15.162462 -9.095224 1.007343 5.973474 -7.554578 1.848332 0.469912 0.879394 -1.270717
359313965 15.220956 -11.019218 0.879492 6.609751 -7.014142 1.812014 0.475868 0.796972 -1.303227
379272461 15.563081 -13.018997 0.889939 7.254288 -6.369189 1.726016 0.510996 0.706896 -1.337209
399230957 14.853880 -15.246109 0.922256 7.880393 -5.610693 1.609325 0.523424 0.609102 -1.369347
419189453 13.662283 -17.743393 1.561455 8.460433 -4.734737 1.474360 0.536020 0.503859 -1.398264
439147950 12.393111 -20.227425 2.251523 8.969995 -3.738271 1.317153 0.585493 0.391091 -1.424998
459106446 11.288574 -22.616230 2.850798 9.379015 -2.629939 1.134850 0.638352 0.271502 -1.450383
479095459 11.436149 -24.865736 4.516209 9.662379 -1.419294 0.891295 0.658503 0.145238 -1.478813
499053955 12.076101 -26.418283 3.977324 9.783174 -0.126016 0.666357 0.702440 0.012850 -1.502789
519012451 10.860980 -28.870522 3.531051 9.711309 1.256001 0.532288 0.757367 -0.128429 -1.516040
538970948 9.315514 -30.499100 2.631463 9.418893 2.677058 0.536845 0.825598 -0.276493 -1.513861
558929444 7.371675 -32.181236 2.558633 8.884412 4.112242 0.571908 0.847418 -0.432709 -1.506513
578887940 6.079281 -32.106281 1.946957 8.104381 5.491137 0.580353 0.883611 -0.594314 -1.499309
598846436 5.030891 -31.598492 -0.574740 5.894818 7.817641 0.553164 0.642695 -0.922606 -1.477231
618804932 3.197048 -30.464560 -0.768660 5.894818 7.817641 0.553164 0.933213 -0.922606 -1.477231
638763428 -0.322349 -28.943613 -2.482243 4.551691 8.666648 0.584567 0.941394 -1.083821 -1.443067
658752442 -3.257080 -26.258408 -2.424536 3.169385 9.256564 0.664393 1.031288 -1.234268 -1.364160
678710938 -4.702786 -23.468170 -1.675363 1.817053 9.608249 0.741792 1.214373 -1.369302 -1.183208
698669434 -7.071778 -21.349541 -1.417604 0.549519 9.755814 0.832178 1.830530 -1.468930 -0.583608
718627930 -9.199084 -19.416664 0.391093 -0.569530 9.734285 1.043903 2.872272 -1.449237 0.499441
738591503 -9.888170 -16.682016 1.558039 -1.498284 9.599876 1.329627 -3.080827 -1.365080 0.844968
758549999 -8.066754 -13.770571 0.607253 -2.220802 9.432178 1.507471 -2.977786 -1.293556 0.974444
778508495 -4.814631 -10.917490 -0.277264 -2.767910 9.277408 1.561658 -2.905650 -1.240765 1.057115
798466991 -3.242393 -9.269696 -0.610098 -3.234474 9.121770 1.581738 -2.848491 -1.194853 1.115967
818425487 -2.983770 -8.368925 0.129021 -3.684251 8.942854 1.619278 -2.810980 -1.147932 1.156697
838414501 -3.049472 -7.461420 1.059801 -4.113941 8.742783 1.676199 -2.781708 -1.100680 1.183890
858372997 -4.239183 -6.851953 -0.127770 -4.510590 8.538629 1.707865 -2.732116 -1.056619 1.208843
878331493 -4.171837 -5.630574 -0.552829 -4.844201 8.349156 1.730804 -2.703323 -1.018605 1.227638
898289989 -3.341445 -4.308382 0.126405 -5.115062 8.179495 1.761364 -2.688901 -0.986456 1.239165
918248486 -3.151035 -3.625395 0.155360 -5.351488 8.019797 1.792992 -2.690597 -0.957563 1.247506
938206982 -3.279617 -3.361231 0.100835 -5.568723 7.864708 1.818260 -2.652514 -0.930598 1.255197
958165478 -4.044687 -3.267054 -0.093277 -5.767304 7.715015 1.840415 -2.626904 -0.905465 1.261899
978123974 -4.078202 -2.992589 0.791255 -5.935171 7.579982 1.867617 -2.631898 -0.883467 1.265936
998082470 -3.947877 -3.088093 1.440823 -6.066129 7.469187 1.893071 -2.627987 -0.865848 1.268301
1018040966 -3.703360 -2.805911 0.706211 -6.158822 7.393870 1.889440 -2.640310 -0.854077 1.273126
1038029980 -3.181886 -2.028420 0.360183 -6.216647 7.353624 1.856853 -2.614094 -0.847852 1.280541
1057988476 -2.447093 -1.566432 0.614744 -6.248546 7.334947 1.823351 -2.609582 -0.844978 1.286876
1077946972 -1.910903 -1.070129 0.254296 -6.263802 7.330669 1.787860 -2.579991 -0.844321 1.292762
1097905468 -1.568834 -0.887075 0.621827 -6.271929 7.330599 1.759434 -2.599339 -0.844310 1.297301
1117863964 -1.646492 -0.981465 0.723214 -6.277474 7.332650 1.730884 -2.573994 -0.844625 1.301752
1137822460 -1.374508 -0.866501 0.707294 -6.274957 7.344204 1.690551 -2.561650 -0.846401 1.307632
1157780956 -1.198445 -0.804793 0.505252 -6.263085 7.367279 1.633210 -2.566371 -0.849959 1.315709
1177739452 -0.863605 -0.609204 0.013437 -6.211700 7.440611 1.490797 -2.523390 -0.861363 1.335253
1197697948 -0.475876 -0.243734 -0.517206 -6.211700 7.440611 1.490797 -2.564688 -0.861363 1.335253
1217686962 0.058414 0.168886 -0.020755 -6.182132 7.473068 1.450814 -2.524467 -0.866459 1.340289
1237645458 -0.453440 -0.135050 -0.141530 -6.170034 7.486535 1.432779 -2.508218 -0.868582 1.342625
1257603954 -0.773742 -0.168066 0.138340 -6.170029 7.488219 1.423975 -2.499616 -0.868848 1.343979
1277562450 -0.624820 -0.078974 0.235260 -6.169335 7.491108 1.411735 -2.478841 -0.869305 1.345839
1297520946 -0.691875 -0.130062 0.046291 -6.168651 7.496495 1.385892 -2.492883 -0.870156 1.349799
1317479443 -0.762796 -0.222228 -0.137235 -6.162642 7.513140 1.320968 -2.489601 -0.872793 1.359641
1337437939 -0.636577 -0.283450 -0.122938 -6.154099 7.526070 1.286750 -2.483010 -0.874847 1.364677
1357396435 -0.404087 -0.174799 -0.071217 -6.154099 7.526070 1.286750 -2.476373 -0.874847 1.364677
1377354931 -0.230996 -0.182038 0.157381 -6.146680 7.536922 1.258383 -2.461200 -0.876575 1.368861
1397343944 -0.184620 -0.223023 -0.203983 -6.142445 7.544202 1.235222 -2.459617 -0.877736 1.372347
1417302441 -0.263714 -0.195949 -0.501818 -6.141171 7.547244 1.222918 -2.455847 -0.878222 1.374233
1437260937 -0.215710 -0.118977 -0.155910 -6.143683 7.544242 1.228794 -2.430962 -0.877743 1.373392
1457219433 -0.481604 -0.396435 0.186950 -6.153497 7.534035 1.242255 -2.465023 -0.876115 1.371596
1477177929 -0.760140 -0.510077 -0.019890 -6.165483 7.523909 1.244190 -2.435108 -0.874503 1.371671
1497136425 -0.637494 -0.369895 -0.169721 -6.169268 7.522266 1.235325 -2.427542 -0.874242 1.373171
