0 0.118685 -0.105822 -0.230809 1.762684 -0.113639 -0.023805
19980156 -0.413681 0.322165 -1.314572 1.681357 -0.173200 0.042184
39960312 -1.792234 0.871646 -1.553216 1.601112 -0.227076 0.216157
59940468 -3.804753 1.763470 -0.904670 1.549455 -0.275542 0.410242
79920625 -4.901225 2.025215 -0.353365 1.586352 -0.259517 0.487546
99900781 -5.178796 2.153121 -0.153418 1.503186 -0.259517 0.487546
119880937 -6.215008 2.251001 0.320865 1.566968 -0.241316 0.540008
139861093 -8.429926 2.390762 0.729465 1.621768 -0.141053 0.749003
159841250 -10.176453 1.579763 0.889308 1.607999 -0.141053 0.749003
179821406 -11.833774 0.375556 1.806124 1.602604 -0.050406 0.786110
199801562 -15.607788 -0.684156 2.987866 1.577071 0.011193 0.879438
219781718 -20.552727 -2.757896 3.626416 1.547442 0.094954 0.987968
239761875 -24.579266 -6.299471 4.307271 1.500952 0.209134 1.044167
259742031 -26.719862 -11.653257 6.066766 1.409096 0.358252 1.025346
279722187 -28.963650 -16.865719 9.153154 1.395208 0.460269 0.975990
299702343 -32.936047 -22.403601 10.021120 1.327431 0.537916 1.012507
319682500 -34.108646 -27.764307 7.490278 1.291790 0.637327 1.087947
339662656 -32.615532 -35.160404 1.875319 1.273034 0.803016 1.220133
359642812 -28.341110 -43.103878 -1.193346 1.302693 0.985367 1.271676
379622968 -20.357450 -48.268818 0.398685 1.552681 1.153402 1.088435
399603125 -12.869036 -51.154682 5.930922 2.120468 1.209340 0.643238
419583281 -4.812256 -51.548447 11.962960 2.810789 1.166287 0.186981
439563437 2.892448 -49.049648 12.472256 -2.851019 1.138065 -0.130680
459543593 8.006725 -44.598061 8.828850 -2.062057 1.095873 -0.704280
479523750 12.807792 -38.753765 5.081295 -1.801029 0.970433 -0.890220
499503906 16.498228 -32.143955 3.674443 -1.769522 0.842695 -0.955288
519484062 17.680874 -26.016243 3.059166 -1.643985 0.729840 -1.176721
539464218 19.881586 -21.352501 -1.058041 -1.573941 0.604190 -1.370974
559444375 21.258297 -17.234669 -4.994708 -1.537549 0.505089 -1.501656
579424531 20.237219 -13.479151 -7.925791 -1.610858 0.505089 -1.501656
599404687 17.763592 -10.357763 -8.693445 -1.655813 0.388987 -1.444890
619384843 14.804643 -8.035221 -7.295681 -1.713942 0.338708 -1.290128
639365000 11.939652 -6.030590 -5.500599 -1.625281 0.338708 -1.290128
659345156 7.992506 -3.829493 -3.454729 -1.662099 0.257691 -1.008545
679325312 3.447168 -2.004940 -1.009955 -1.508520 0.006546 -0.175176
699305468 0.416742 -0.503149 0.799683 -1.459426 0.006546 -0.175176
719285625 -0.138131 0.563844 2.037333 -1.140460 -0.066846 -0.114481
739265781 -0.846497 1.318113 3.216565 -0.759078 -0.143633 -0.004937
759245937 -1.643794 2.000810 3.689590 -0.658251 -0.143633 -0.004937
779226093 -1.963337 2.381313 2.866281 -0.634442 -0.187064 -0.020479
799206250 -1.576103 2.318946 1.716301 -0.613881 -0.165211 -0.032416
819186406 -1.429310 2.044986 1.309639 -0.714626 -0.113136 -0.091019
839166562 -0.768696 1.562219 1.590767 -0.991021 -0.043379 -0.152713
859146718 -0.041129 0.828176 1.807219 -0.979186 -0.043379 -0.152713
879126875 0.034383 0.431987 1.388024 -0.964711 -0.009556 -0.160459
899107031 -0.416102 0.263250 1.248003 -0.838759 -0.014764 -0.035271
919087187 -1.140924 0.376012 1.177010 -0.877608 -0.014764 -0.035271
939067343 -0.753854 0.180483 1.097951 -1.108362 0.023859 -0.130486
959047500 -0.142757 -0.165742 0.078398 -1.142463 0.056950 -0.193298
979027656 0.409649 -0.529881 -0.339547 -1.175318 0.056950 -0.193298
999007812 0.757320 -0.800369 -0.538763 -1.345930 0.109909 -0.357202
1018987968 1.637130 -1.033353 -1.268856 -1.361073 0.105434 -0.414402
1038968125 2.232431 -1.039245 -1.194828 -1.390402 0.105434 -0.414402
1058948281 1.675751 -0.942374 -0.469273 -1.292156 0.087396 -0.323869
1078928437 0.721662 -0.625402 0.539167 -1.201186 0.043994 -0.196962
1098908593 0.658468 -0.460577 0.722634 -0.971352 0.018926 -0.182982
1118888750 1.177224 -0.476106 -0.304859 -1.071838 0.015679 -0.252159
1138868906 0.988733 -0.516767 -0.902413 -1.097297 0.021109 -0.245998
1158849062 0.472246 -0.428333 -0.513123 -0.998852 0.029998 -0.130669
1178829218 0.071990 -0.502986 0.162541 -0.958344 0.052900 -0.104720
1198809375 -0.167343 -0.653775 0.211749 -0.758079 0.052900 -0.104720
1218789531 -0.859220 -0.695592 0.493796 -0.555157 0.094934 -0.015077
1238769687 -1.009604 -0.989083 0.791713 -0.994181 0.133716 -0.085763
1258749843 -0.290660 -1.353184 0.693160 -0.943764 0.133716 -0.085763
1278730000 0.419641 -1.523605 0.141713 -0.956551 0.159003 -0.163201
1298710156 0.253200 -1.347039 -0.448476 -0.941110 0.154146 -0.157245
1318690312 0.128371 -1.084466 -0.528100 -0.835288 0.132074 -0.148322
1338670468 0.508033 -0.907026 -0.687892 -0.950598 0.127053 -0.265326
1358650625 1.029706 -0.898982 -1.142591 -0.838830 0.109552 -0.269996
1378630781 1.132529 -0.710728 -1.193974 -0.868534 0.109552 -0.269996
1398610937 0.630053 -0.139563 -0.579893 -0.624189 0.041650 -0.183481
1418591093 0.252171 0.093355 0.505224 -0.410677 0.008120 -0.109412
1438571250 -0.078955 0.051244 1.263797 -0.290706 -0.002146 -0.054556
1458551406 -0.146222 -0.282904 1.548431 -0.495619 0.029548 -0.104240
1478531562 1.039616 -0.988085 2.203103 -0.593488 0.029548 -0.104240
1498511718 2.494674 -1.650715 0.825280 -0.998900 -0.007869 -0.246878
