0 0.852695 -0.012642 -0.879371 -0.165738 -0.038744 -0.169915
19979636 1.257613 0.122295 -0.277505 -0.140491 -0.046628 -0.190327
39959271 1.089963 0.137711 -0.084837 -0.230605 -0.043594 -0.176935
59938906 1.211771 0.146055 -0.253421 -0.258556 -0.043594 -0.176935
79918542 1.043516 0.253590 -0.268417 -0.045626 -0.041448 -0.094206
99898177 0.501505 0.190635 0.112348 -0.014985 -0.017688 -0.077268
119877813 0.358888 -0.014222 0.033574 -0.033958 -0.005409 -0.075019
139857448 0.356049 -0.090600 -0.058971 0.006070 -0.005409 -0.075019
159837083 0.164884 -0.165655 0.302667 0.072786 0.006795 -0.052153
179816719 0.120928 -0.131107 0.553355 0.112419 0.005113 -0.037408
199796354 0.049484 -0.101129 0.769419 0.114580 -0.003658 -0.046785
219775990 0.146214 -0.005302 0.617549 0.128892 -0.003658 -0.046785
239755625 0.866249 0.144796 0.362602 -0.048863 -0.017952 -0.121926
259735261 2.334600 0.033003 0.855017 -0.321559 -0.007421 -0.258836
279714896 4.390130 -0.738100 2.121573 -0.503731 0.048652 -0.400666
299694531 7.007330 -1.859355 3.395432 -0.847287 0.105801 -0.536801
319674167 11.205564 -2.972527 3.530283 -1.058576 0.141797 -0.742363
339653802 15.747796 -4.108294 2.716903 -1.214788 0.188315 -0.962272
359633438 17.155760 -4.993480 3.070668 -1.251124 0.188315 -0.962272
379613073 19.298698 -6.576437 2.450662 -1.344892 0.236220 -1.033417
399592708 24.735643 -9.670569 3.355027 -1.398230 0.292636 -1.098521
419572344 27.502174 -13.599703 5.676045 -1.543708 0.367375 -1.070134
439551979 27.131844 -18.507002 7.027953 -1.836798 0.481154 -1.027226
459531615 25.942644 -23.599360 7.225250 -2.117436 0.598947 -1.005851
479511250 23.926186 -29.853956 4.145361 -2.258162 0.952255 -1.152705
499490886 21.587082 -37.221222 0.562227 -2.585101 1.097814 -1.022507
519470521 17.263039 -43.128925 1.382868 -2.561603 1.097814 -1.022507
539450156 9.852999 -46.625275 7.984637 -3.051767 1.147419 -0.508803
559429792 4.402299 -47.570515 15.693983 2.982625 1.058765 -0.156988
579409427 4.727375 -48.575195 13.460581 2.963396 1.313185 -0.097482
599389063 1.841354 -48.981171 2.769643 3.021479 1.313185 -0.097482
619368750 -6.212788 -46.666405 -2.260127 2.305300 1.346130 0.794223
639348438 -15.894138 -39.851482 -2.912777 2.185916 1.118115 1.214159
659328125 -20.701841 -31.188332 -5.722085 2.234047 0.916905 1.410915
679307813 -21.062576 -23.704655 -6.227381 2.395657 0.652417 1.335536
699287500 -19.591681 -17.864431 -4.422610 2.362087 0.652417 1.335536
719267188 -17.568182 -13.498712 -2.209196 2.411072 0.547136 1.192982
739246875 -16.787802 -9.852394 -0.372540 2.488992 0.313531 1.065694
759226563 -15.773381 -7.218647 -0.739885 2.413825 0.313531 1.065694
779206250 -14.058789 -5.385004 -0.362364 2.377687 0.250343 0.991942
799185938 -11.297701 -4.255260 1.999619 2.532143 0.209480 0.769301
819165625 -8.330019 -3.660620 4.855948 2.669213 0.180584 0.511773
839145313 -6.100857 -2.957273 6.441009 2.852920 0.077469 0.270333
859125000 -4.871884 -1.838122 5.896564 2.830776 0.077469 0.270333
879104688 -3.933928 -1.137768 4.042260 2.787210 -0.000701 0.187894
899084375 -3.081202 -0.661282 2.949615 2.823322 -0.000701 0.187894
919064063 -2.293178 -0.312695 2.493412 2.926131 -0.032275 0.132722
939043750 -1.196047 -0.199464 2.043517 3.017395 -0.046531 0.046441
959023438 -0.244921 0.069591 1.586212 3.085880 -0.076238 -0.033711
979003125 -0.064264 0.341780 1.241188 3.066858 -0.158163 -0.060870
998982813 0.087105 0.748831 0.529155 3.068417 -0.158163 -0.060870
1018962500 0.538436 1.047586 -0.116319 -3.015178 -0.205824 -0.154945
1038942188 1.096935 1.117475 -0.333474 -2.981689 -0.194449 -0.140037
1058921875 1.071159 1.078557 -0.293544 3.107830 -0.187326 -0.069151
1078901563 0.530954 1.177769 0.257708 3.028732 -0.155761 -0.025665
1098881250 0.187453 1.058839 1.306069 3.013298 -0.133127 -0.028101
1118860938 0.246969 0.846684 1.714865 2.966501 -0.133127 -0.028101
1138840625 0.398100 0.787763 1.161109 3.055408 -0.138452 -0.045069
1158820313 0.997857 0.881726 0.463077 3.112287 -0.161019 -0.110511
1178800000 1.635514 0.736090 0.064188 -3.069893 -0.155856 -0.183772
1198779688 1.852643 0.350597 -0.257095 -2.973501 -0.087155 -0.214177
1218759375 1.764135 -0.037895 -0.343469 -3.013345 -0.087155 -0.214177
1238739063 1.214953 -0.243395 0.006171 3.125480 -0.067308 -0.157517
1258718750 0.474525 -0.199750 0.127495 2.862507 -0.090789 -0.049547
1278698438 0.012318 -0.118763 0.025904 2.944217 -0.095614 -0.043090
1298678177 -0.113841 -0.159333 -0.299451 2.954999 -0.095614 -0.043090
1318657917 -0.283833 -0.251852 -0.423429 2.869719 -0.092383 -0.029591
1338637656 -0.184573 -0.298275 -0.696555 2.939363 -0.090486 -0.072978
1358617396 0.035323 -0.363958 -0.865916 3.029484 -0.088010 -0.129188
1378597136 0.494165 -0.387365 -1.043199 2.938761 -0.088010 -0.129188
1398576875 0.805142 -0.188726 -0.840052 3.047148 -0.104944 -0.162893
1418556615 1.102040 0.132698 -0.419899 3.046276 -0.131279 -0.186594
1438536354 1.232062 0.422131 -0.341326 3.003025 -0.172042 -0.204122
1458516094 1.354831 0.602383 -0.209868 3.101139 -0.172042 -0.204122
1478495833 1.631793 0.678601 -0.100986 3.124727 -0.175838 -0.229865
1498475573 1.646284 0.733024 0.157990 3.102975 -0.177914 -0.226289
