0 0.048457 0.087291 0.403572 1.574562 -0.132460 -0.016535
19979323 -0.254166 -0.096812 0.004720 1.655623 -0.130243 0.082940
39958646 -0.906773 0.048452 0.063418 1.689071 -0.122967 0.108900
59937969 -1.180363 0.021637 0.409165 1.667441 -0.113146 0.152923
79917292 -1.559293 -0.099032 0.258365 1.667441 -0.113146 0.152923
99896615 -3.108752 0.128215 -0.029281 1.662716 -0.134287 0.311280
119875938 -5.054450 0.766158 0.560886 1.640691 -0.173753 0.458912
139855261 -6.873014 1.216152 1.239395 1.672815 -0.180725 0.622331
159834584 -8.382673 1.343623 1.894012 1.680955 -0.148548 0.616118
179813907 -9.060853 0.970118 2.801874 1.680955 -0.148548 0.616118
199793230 -9.134684 0.351445 1.950946 1.678321 -0.092964 0.802370
219772553 -11.318329 -0.023711 0.844973 1.644832 -0.092964 0.802370
239751875 -16.439531 0.266300 1.359655 1.640019 -0.025817 1.014372
259731198 -20.813389 -0.873862 2.926223 1.593951 0.091518 0.996803
279710521 -22.223726 -3.860068 4.243762 1.544425 0.207760 0.982727
299689844 -23.535894 -7.222794 5.395871 1.544425 0.207760 0.982727
319669167 -25.499203 -12.260564 6.088354 1.406700 0.521443 1.022356
339648490 -27.787590 -18.641094 6.283812 1.434273 0.755499 0.924003
359627813 -24.236708 -26.682329 7.025295 1.501990 0.918931 0.818861
379607188 -20.019894 -31.418619 6.680716 1.458976 0.918931 0.818861
399586563 -16.147419 -33.267662 3.185604 1.706311 1.220435 0.735164
419565938 -11.688310 -33.672161 0.021640 1.706311 1.220435 0.735164
439545313 -6.237243 -32.494961 -1.893487 2.215637 1.341100 0.358150
459524688 -1.744671 -30.646105 -1.943450 2.974857 1.336252 -0.234902
479504063 1.782360 -29.903492 -3.857978 -2.597085 1.335468 -0.740834
499483438 5.887052 -28.066494 -5.631423 -1.988553 1.253949 -1.170499
519462813 9.296518 -24.748449 -3.075212 -1.791762 0.914182 -1.092705
539442188 13.602674 -22.411638 -1.191578 -1.760417 0.914182 -1.092705
559421563 18.077291 -20.441412 -0.210316 -1.510644 0.767410 -1.140240
579400938 20.411242 -17.393318 0.534012 -1.422507 0.644998 -1.146385
599380313 18.358149 -13.681702 1.129598 -1.425857 0.572326 -1.081564
619359688 14.031760 -10.078417 1.195724 -1.473288 0.524198 -0.974347
639339063 10.589181 -7.066772 0.595187 -1.551869 0.463289 -0.894384
659318438 8.222857 -4.946637 -0.120069 -1.473899 0.400377 -0.839985
679297813 5.932539 -3.201657 -0.189039 -1.377323 0.319047 -0.730663
699277188 3.616617 -1.914988 -0.632950 -1.345088 0.248221 -0.603741
719256563 1.980344 -0.766910 -1.184460 -1.218443 0.152575 -0.495320
739235938 1.427842 0.078135 -1.413808 -1.000616 0.055009 -0.450945
759215313 1.148729 0.401536 -1.635792 -0.953243 0.013651 -0.430214
779194688 0.479513 0.651397 -1.254537 -0.805654 -0.013901 -0.341259
799174063 -0.180631 0.916355 -0.506504 -0.590240 -0.035764 -0.249044
819153438 -0.191555 0.945032 0.165178 -0.572354 -0.029951 -0.233730
839132813 -0.238959 0.954232 0.765108 -0.465389 -0.025032 -0.216202
859112188 -0.515419 0.964810 1.437784 -0.339970 -0.023195 -0.178912
879091563 -0.820694 0.884574 1.580067 -0.345881 -0.016468 -0.149540
899070938 -0.920473 0.804786 1.476122 -0.386641 -0.011801 -0.141725
919050313 -1.064212 0.624714 1.306065 -0.329311 0.001850 -0.130601
939029688 -1.282376 0.582161 1.311952 -0.255085 0.002747 -0.111408
959009063 -1.392315 0.666629 1.357314 -0.177147 -0.009300 -0.102493
978988438 -1.206030 0.612920 1.220494 -0.243458 -0.010297 -0.123054
998967813 -1.066756 0.601576 0.764967 -0.240501 -0.017767 -0.142443
1018947188 -0.880791 0.479166 0.130769 -0.299498 -0.015376 -0.169470
1038926563 -0.775980 0.397778 -0.357840 -0.363187 -0.016673 -0.187672
1058905938 -0.704932 0.270398 -0.959962 -0.436593 -0.011654 -0.205643
1078885261 -0.067397 -0.055618 -1.709691 -0.638200 0.021643 -0.295669
1098864584 0.726301 -0.310666 -2.419221 -0.873852 0.056224 -0.412186
1118843907 0.226643 -0.167277 -1.121607 -0.655990 0.037833 -0.295629
1138823230 -0.751613 0.143710 0.010217 -0.331635 0.008642 -0.165874
1158802553 -1.191268 0.336000 0.394382 -0.221712 -0.005301 -0.119131
1178781875 -1.269385 0.499481 0.674300 -0.232946 -0.018462 -0.109251
1198761198 -1.121279 0.393520 0.876275 -0.332305 0.008193 -0.182890
1218740521 -0.530127 0.218736 0.497510 -0.521021 0.022367 -0.242602
1238719844 0.025540 0.069313 0.231311 -0.521021 0.022367 -0.242602
1258699167 0.461226 0.116052 0.213704 -0.515445 0.015908 -0.284901
1278678490 0.713075 -0.046305 0.172120 -0.594747 0.028765 -0.305911
1298657813 1.111415 -0.364858 0.602726 -0.640650 0.049548 -0.320071
1318637136 1.519790 -0.707022 1.076737 -0.692128 0.065451 -0.331057
1338616459 1.066654 -0.774199 0.964505 -0.624668 0.059474 -0.287929
1358595782 0.454417 -0.650744 0.163946 -0.526252 0.041029 -0.248697
1378575105 0.143265 -0.390086 -0.144341 -0.527297 0.006585 -0.225141
1398554428 0.509046 -0.427498 -0.208647 -0.588919 0.003569 -0.263748
1418533750 0.581158 -0.318053 -0.102263 -0.484251 -0.014745 -0.267114
1438513073 0.405660 -0.360739 -0.165627 -0.526780 -0.017913 -0.248588
1458492396 0.458494 -0.504273 -0.725034 -0.508249 -0.008393 -0.264205
1478471719 0.996174 -0.446589 -0.580805 -0.601688 -0.016859 -0.311579
1498451042 2.056529 -0.379774 0.186063 -0.849731 0.009848 -0.442924
