0 -0.162844 0.070443 0.652784 2.013127 -0.257143 -0.009249
19980313 -0.206569 0.084126 0.730916 2.001465 -0.257143 -0.009249
39960625 -0.154520 0.152045 0.108644 1.993924 -0.279641 -0.018449
59940938 -0.062075 0.155980 -0.323912 1.995093 -0.288883 -0.035911
79921250 -0.040445 0.164083 -0.218813 2.006397 -0.288883 -0.035911
99901563 -0.078481 0.215234 -0.102328 1.830688 -0.290268 -0.033395
119881875 -0.004309 0.194405 -0.100401 1.983361 -0.279322 -0.045982
139862188 -0.010862 0.077528 -0.233361 1.914218 -0.279322 -0.045982
159842500 -0.067730 0.042907 -0.111907 1.919419 -0.271617 -0.040204
179822813 0.009600 0.132238 -0.316053 1.906908 -0.285358 -0.050686
199803125 0.083365 0.160026 -0.478953 1.886135 -0.290940 -0.061932
219783438 -0.095021 0.270564 -0.508725 1.824873 -0.300844 -0.044299
239763750 -0.466594 0.426515 -0.581208 1.851246 -0.316709 -0.002460
259744063 -0.388769 0.250849 -0.405933 1.857394 -0.289328 -0.009951
279724375 -0.343961 0.075119 -0.050636 1.918877 -0.256886 -0.013697
299704688 -0.423989 0.251063 -0.129973 1.859510 -0.272418 -0.004942
319685000 -0.735896 0.459026 -0.298320 1.848323 -0.293081 0.031580
339665313 -1.804430 1.143668 0.491724 1.744676 -0.328716 0.139479
359645625 -3.344076 2.192991 0.477587 1.670856 -0.457657 0.503449
379625938 -5.814445 3.316399 0.327362 1.671948 -0.457657 0.503449
399606198 -9.187428 3.881998 1.792868 1.760153 -0.399236 0.661777
419586458 -12.713452 3.620442 3.131952 1.810718 -0.314385 0.774872
439566719 -17.709988 3.373856 4.480781 1.846550 -0.241611 0.893309
459546979 -22.022104 2.334817 6.229976 1.824171 -0.166155 0.939692
479527240 -23.704964 0.091244 6.354759 1.789247 -0.080573 0.966297
499507500 -25.929716 -2.433263 5.350339 1.742543 0.008798 1.034464
519487761 -28.689756 -5.983920 6.069390 1.653976 0.121876 1.055176
539468021 -30.029024 -11.013554 6.096955 1.567106 0.273821 1.069710
559448281 -32.077026 -16.376389 6.717151 1.429475 0.408020 1.078570
579428542 -31.461803 -23.277126 9.044790 1.430742 0.721045 0.923089
599408802 -28.618418 -29.878021 10.422632 1.334680 0.721045 0.923089
619389063 -27.683409 -35.726055 12.735046 1.374117 0.803332 0.850839
639369323 -23.815603 -41.347443 11.946680 1.567658 0.926835 0.788704
659349583 -16.199642 -43.362396 10.395301 1.832189 1.046386 0.620571
679329844 -10.284715 -42.040726 6.344618 2.169718 1.151528 0.506660
699310104 -8.889759 -39.591602 5.874233 2.360438 1.141579 0.482144
719290365 -8.256088 -38.056915 8.540262 2.686633 1.072070 0.415031
739270625 -2.974251 -36.820541 11.800161 3.130198 1.016687 0.143558
759250886 2.620596 -35.685760 11.114094 -2.741126 1.016546 -0.107729
779231146 9.109043 -34.211086 7.413844 -2.321076 1.034252 -0.476766
799211406 16.196558 -31.177370 1.481650 -1.841579 0.981640 -0.974720
819191667 23.180098 -26.266073 -2.381148 -1.531685 0.782835 -1.281316
839171927 26.503584 -20.605619 -3.262298 -1.530244 0.597830 -1.347890
859152188 24.390471 -14.635370 -1.146811 -1.572221 0.460878 -1.244455
879132448 18.278944 -9.171330 1.710672 -1.650666 0.192100 -0.713386
899112708 12.444758 -5.069334 4.065268 -1.638906 0.192100 -0.713386
919092969 8.902818 -2.196811 5.719937 -1.532015 0.043974 -0.485053
939073229 6.117231 -0.325191 6.376677 -1.409668 -0.061529 -0.315006
959053490 2.697344 0.957426 5.127602 -1.014239 -0.207176 -0.005627
979033750 0.957942 1.311027 2.906332 -0.818473 -0.248784 0.014076
999014011 0.761981 1.370614 0.960902 -0.845656 -0.285962 0.016562
1018994271 0.804572 1.678485 0.559647 -0.743745 -0.278383 0.099718
1038974531 0.007328 1.704211 0.847143 -0.658024 -0.278383 0.099718
1058954792 -1.365955 1.766393 0.841882 -0.255941 -0.284460 0.346114
1078935052 -2.540731 1.907324 0.529025 -0.249531 -0.291417 0.327746
1098915313 -2.180669 1.856289 -0.020123 -0.407885 -0.246547 0.231017
1118895573 -1.305009 1.445800 0.257217 -0.614169 -0.220659 0.187629
1138875833 -1.037274 1.326524 0.770844 -0.525473 -0.220659 0.187629
1158856094 -1.283931 1.256812 1.237870 -0.477392 -0.203222 0.194003
1178836354 -1.756806 1.276625 1.183427 -0.501315 -0.222666 0.188537
1198816615 -1.240387 1.241147 0.538376 -0.742783 -0.212424 0.082016
1218796927 -0.148877 0.929588 -0.044849 -0.711839 -0.212424 0.082016
1238777240 0.333030 0.666631 -0.364109 -0.745454 -0.213392 0.044607
1258757552 0.147741 0.797240 -0.550686 -0.753124 -0.205089 0.022269
1278737865 0.311102 0.727850 -0.585749 -0.861008 -0.182031 0.002896
1298718177 0.451603 0.579745 -0.387879 -0.915919 -0.153759 -0.002212
1318698490 0.454549 0.430718 0.175846 -0.880220 -0.153759 -0.002212
1338678802 0.448978 0.311490 0.327931 -0.901957 -0.137531 -0.006550
1358659115 0.496752 0.154719 0.362123 -0.986070 -0.120809 -0.015719
1378639427 0.516908 -0.003704 0.380296 -0.936176 -0.106266 -0.020035
1398619740 0.858391 -0.124701 -0.095765 -1.033120 -0.103944 -0.054539
1418600052 0.817501 -0.122491 -0.275635 -1.089787 -0.079373 -0.089348
1438580365 1.119895 -0.346113 -0.361390 -1.100526 -0.072158 -0.121303
1458560677 1.414159 -0.376966 -0.200181 -1.225777 -0.064390 -0.114803
1478540990 1.352544 -0.402359 0.121381 -1.167826 -0.070638 -0.072564
1498521302 0.917066 -0.305292 0.375313 -1.055959 -0.078481 -0.048723
