0 -0.389802 -0.086213 -0.001255 -0.020250 -0.017362 -0.022655
19979635 -0.022232 0.136299 0.003716 -0.147646 -0.039673 -0.061413
39959270 0.316854 0.220490 0.061265 -0.272591 -0.047195 -0.096956
59938906 0.332646 0.295223 0.296574 -0.243672 -0.061234 -0.108814
79918541 0.394356 0.327133 0.298146 -0.217454 -0.082740 -0.117803
99898177 0.399457 0.482747 -0.056653 -0.213839 -0.082740 -0.117803
119877812 0.282918 0.819071 -0.245419 -0.156973 -0.198723 -0.129505
139857447 0.523812 1.622485 0.064677 -0.174376 -0.198723 -0.129505
159837083 1.276435 2.462402 -0.421456 -0.303749 -0.291121 -0.209897
179816718 1.769192 2.987159 -0.839307 -0.322923 -0.354083 -0.262099
199796354 1.847412 3.143836 -0.533804 -0.287376 -0.354083 -0.262099
219775989 2.350664 2.703498 -0.887994 -0.435760 -0.314982 -0.321802
239755625 2.988401 1.851140 -1.379788 -0.688739 -0.108908 -0.464307
259735260 3.588063 0.932087 -1.404607 -0.724416 -0.025645 -0.520945
279714895 4.946999 0.330490 0.074142 -0.781191 0.025722 -0.604472
299694531 6.721689 -0.243407 1.281880 -1.005047 0.112961 -0.804813
319674166 9.230300 -1.475552 0.235726 -1.067754 0.196985 -0.942080
339653802 10.981338 -2.808991 -0.747915 -1.019684 0.196985 -0.942080
359633437 12.352794 -4.662754 -1.051827 -1.232112 0.385414 -0.971297
379613072 12.554226 -6.495707 -0.014684 -1.232388 0.422266 -0.927397
399592708 13.087089 -7.765148 1.365051 -1.274402 0.422266 -0.927397
419572343 15.553207 -9.020871 1.598731 -1.318839 0.450664 -1.086839
439551979 19.495758 -10.982701 1.422401 -1.382467 0.474834 -1.104981
459531614 23.210600 -13.611318 2.663831 -1.364620 0.474834 -1.104981
479511250 25.579348 -17.499992 4.215584 -1.580391 0.537620 -1.087554
499490885 23.994757 -22.353453 5.960886 -1.809241 0.654429 -1.003679
519470520 23.237375 -28.403282 5.388222 -2.089189 0.785593 -1.000921
539450156 22.286503 -35.343113 2.855513 -2.206458 0.932725 -1.057201
559429791 17.189230 -40.045670 2.361472 -2.641346 1.149290 -0.802340
579409427 14.086259 -43.497486 3.434936 -2.625607 1.149290 -0.802340
599389062 12.547327 -46.476238 3.796084 -2.704023 1.188568 -0.727286
619368697 9.335917 -48.923275 -2.215651 -2.578862 1.332819 -0.867155
639348333 4.581319 -50.303875 -8.163661 -2.231951 1.491660 -1.210634
659327968 -1.505090 -48.628048 -8.384673 1.868260 1.502876 1.244873
679307604 -9.903512 -42.251293 -4.522636 2.153386 1.268881 1.187267
699287239 -15.329073 -35.165607 -2.774461 2.282623 1.071871 1.214206
719266875 -18.750160 -29.524261 -5.127996 2.323658 0.772493 1.460397
739246510 -20.991385 -23.482481 -6.687303 2.271881 0.772493 1.460397
759226145 -19.980553 -17.821390 -4.374973 2.389565 0.646298 1.353752
779205781 -18.113735 -13.334858 -3.135470 2.384349 0.537910 1.277460
799185416 -15.749383 -10.246063 -3.193695 2.378010 0.468716 1.244168
819165052 -12.595794 -7.652182 -1.936406 2.537925 0.314468 0.952396
839144687 -10.238438 -5.535138 -0.634378 2.508975 0.314468 0.952396
859124322 -9.682274 -4.122841 -0.954164 2.461770 0.174727 0.971752
879103958 -9.496477 -3.048727 -1.745955 2.413387 0.174727 0.971752
899083593 -9.227944 -2.248137 -1.467571 2.459158 0.120176 0.942753
919063281 -8.789339 -1.836428 -0.690494 2.488536 0.091530 0.876186
939042968 -7.533898 -1.510791 -0.330222 2.509803 0.073632 0.789187
959022656 -6.281621 -1.201330 -0.260296 2.553982 0.055660 0.708966
979002343 -5.564290 -1.161556 -0.428055 2.590112 0.027372 0.653411
998982031 -5.500129 -0.739815 -0.232422 2.568975 0.027372 0.653411
1018961718 -5.201845 -0.353104 -0.138778 2.584630 -0.000358 0.631727
1038941406 -4.343059 -0.164968 0.113611 2.660284 -0.010580 0.561239
1058921093 -2.951886 -0.053045 0.263394 2.745737 -0.013318 0.449667
1078900781 -1.725702 0.111256 0.224380 2.875511 -0.019102 0.350057
1098880468 -1.156209 0.138319 0.778059 3.027815 -0.009872 0.287815
1118860156 -1.003206 0.136140 1.313772 2.987445 0.011886 0.269154
1138839843 -1.000767 0.086090 1.558886 3.064233 0.026350 0.246369
1158819531 -0.766894 -0.031621 1.936850 3.121084 0.060917 0.225683
1178799218 -0.638079 -0.461649 2.416254 3.121901 0.061382 0.243931
1198778906 -0.957886 -0.535298 2.472105 3.062452 0.061382 0.243931
1218758593 -1.000642 -0.163737 1.755810 2.942030 0.025303 0.255917
1238738281 0.175657 -0.020143 0.984267 3.086629 0.006857 0.166786
1258717968 1.801124 -0.216967 0.152957 -2.951155 0.026068 0.023766
1278697656 2.541332 -0.069062 0.563145 -2.909527 0.011127 -0.037266
1298677343 2.166294 0.172660 1.764862 -2.956743 -0.014131 0.009685
1318657031 1.915272 0.335634 1.918729 -2.976278 -0.034283 0.036281
1338636718 2.217135 0.380642 1.481475 -2.869742 -0.048480 0.012596
1358616406 2.503466 0.324028 1.033410 -2.942798 -0.055171 -0.013584
1378596093 2.086392 0.407824 0.472692 -3.048492 -0.077194 0.026548
1398575781 1.651052 0.442967 -0.497321 -3.139168 -0.115979 0.101642
1418555468 1.502809 0.561910 -0.672408 3.122974 -0.106985 0.108449
1438535156 1.410238 0.526309 0.070944 3.069583 -0.106985 0.108449
1458514843 1.426480 0.419764 0.651859 3.065124 -0.096191 0.102240
1478494531 1.597338 0.166700 0.511711 3.086330 -0.079880 0.084355
