0 0.020889 -0.043710 0.306151 1.692165 -0.142155 0.012601
19980312 0.095267 -0.004896 0.199994 1.698407 -0.142155 0.012601
39960625 0.135719 0.020131 0.164324 1.654619 -0.141542 0.003227
59940937 0.003048 0.059709 0.098223 1.695951 -0.143343 0.012210
79921250 0.027950 -0.038582 0.142816 1.785831 -0.126552 0.003168
99901562 0.007772 -0.038322 0.316647 1.682684 -0.137765 0.002255
119881875 -0.025675 0.050696 0.054090 1.703242 -0.137765 0.002255
139862187 -0.324229 0.026675 -0.009777 1.584130 -0.139255 0.071458
159842500 -0.700096 0.078149 -0.142279 1.676736 -0.139255 0.071458
179822812 -2.428291 -0.040886 -0.359139 1.756657 -0.062287 0.770158
199803125 -9.717400 -0.218455 0.922018 1.743171 -0.128424 0.996842
219783437 -24.534622 2.528657 6.767478 1.780383 -0.107344 1.095497
239763750 -31.649387 2.195906 7.104336 1.791345 0.054123 1.251477
259744062 -27.984190 -3.547592 -0.095993 1.732180 0.054123 1.251477
279724375 -25.808456 -8.331038 -2.921030 1.604984 0.235918 1.322875
299704687 -26.940184 -11.620832 0.470982 1.537240 0.332781 1.213956
319685000 -26.495958 -16.357132 4.160430 1.538498 0.568659 1.009720
339665260 -26.525660 -21.161739 6.757294 1.524559 0.568659 1.009720
359645521 -26.910088 -26.722672 6.265334 1.513031 0.840827 1.003034
379625781 -25.251591 -33.516312 5.932726 1.564806 0.929799 0.899926
399606042 -23.618603 -39.456993 8.214892 1.737703 1.017524 0.790459
419586302 -20.638933 -44.964298 9.527019 1.898417 1.070691 0.707229
439566562 -18.150341 -48.237785 10.050148 1.898417 1.070691 0.707229
459546823 -13.898881 -50.300404 10.450693 2.089179 1.123198 0.559905
479527083 -11.571208 -49.063881 9.494255 2.329930 1.145127 0.497364
499507344 -11.650867 -45.777012 7.949681 2.403899 1.138463 0.545586
519487604 -10.124576 -43.689220 6.549358 2.528562 1.155991 0.522817
539467865 -5.769575 -41.637558 5.135332 2.957292 1.202113 0.327702
559448125 0.114277 -38.957973 3.590304 -2.878755 1.233233 -0.070484
579428385 8.055315 -35.495979 1.826030 -1.923833 0.973178 -1.013949
599408646 16.206905 -31.014946 1.113701 -1.923833 0.973178 -1.013949
619388906 20.765688 -25.715435 0.610114 -1.883957 0.793039 -1.131789
639369167 22.832855 -20.993505 0.216836 -1.862094 0.651698 -1.178805
659349427 23.436880 -16.836391 0.730981 -1.885999 0.528845 -1.168120
679329687 22.565578 -12.943914 1.578900 -1.930253 0.419210 -1.123260
699309948 19.757347 -9.398546 1.981717 -1.917901 0.328071 -1.054924
719290208 15.648838 -6.466017 1.637624 -1.975127 0.251925 -0.968107
739270469 11.843756 -4.472148 0.854748 -1.935225 0.191562 -0.878976
759250729 9.124985 -3.328806 -0.357687 -1.943558 0.142955 -0.717324
779230990 6.352924 -2.621784 -1.073039 -1.943558 0.142955 -0.717324
799211250 4.191250 -1.791316 -0.979921 -1.932993 0.100009 -0.562475
819191510 2.889205 -1.021405 0.028127 -1.876694 0.043616 -0.415909
839171771 1.323271 -0.256020 1.064680 -1.870422 -0.014533 -0.250964
859152031 -0.444126 0.627252 1.660590 -1.792383 -0.084483 -0.085486
879132292 -1.948542 1.325114 2.253496 -1.419978 -0.134586 0.044017
899112552 -2.842381 1.888782 2.100741 -0.734972 -0.179405 0.115918
919092812 -2.923649 2.260355 1.715849 -0.781449 -0.223159 0.079477
939073073 -2.483170 2.289207 1.484456 -0.814245 -0.223159 0.079477
959053333 -2.160089 2.069035 1.267752 -0.868376 -0.210156 0.046770
979033594 -1.900920 1.810718 0.724279 -0.771360 -0.199634 0.021477
999013854 -1.583294 1.602147 0.159807 -0.976450 -0.192882 -0.010234
1018994115 -1.175957 1.471254 0.049086 -1.131669 -0.172360 -0.081370
1038974375 -0.877453 1.344827 0.055977 -1.131669 -0.172360 -0.081370
1058954635 -0.845088 1.087966 0.359300 -1.119202 -0.144714 -0.080292
1078934896 -0.958040 0.915814 0.169049 -1.133948 -0.133480 -0.067464
1098915156 -0.565352 0.677128 -0.102068 -1.274292 -0.114696 -0.108077
1118895417 0.275064 0.516263 -0.264571 -1.479918 -0.087438 -0.252633
1138875677 0.711800 0.404163 -0.498954 -1.525774 -0.070116 -0.283704
1158855937 0.962249 0.271974 -0.530253 -1.550465 -0.066388 -0.287885
1178836198 0.921501 0.258809 -0.726254 -1.550465 -0.066388 -0.287885
1198816458 0.707903 0.341616 -0.639199 -1.486515 -0.070930 -0.262458
1218796719 0.619271 0.420849 -0.264832 -1.449503 -0.048771 -0.234047
1238776979 0.661688 0.241472 0.103727 -1.391758 -0.048771 -0.234047
1258757240 0.464295 0.112500 0.164076 -1.418176 -0.032128 -0.210150
1278737500 -0.413067 0.328017 0.125752 -1.285282 -0.051582 -0.116322
1298717760 -1.006078 0.753845 0.253631 -1.097110 -0.091817 -0.047559
1318698021 -0.290944 0.501789 0.256265 -1.346096 -0.061525 -0.116992
1338678281 0.359681 0.105389 0.282336 -1.489162 -0.015880 -0.181497
1358658542 0.597548 -0.241095 0.328975 -1.479197 0.024001 -0.204651
1378638802 0.619364 -0.405186 0.511719 -1.571783 0.043282 -0.202306
1398619062 0.701080 -0.499458 0.594968 -1.638290 0.053543 -0.205545
1418599323 0.720004 -0.498497 0.988391 -1.584805 0.050682 -0.197419
1438579583 0.508841 -0.401730 1.202325 -1.558987 0.038411 -0.174411
1458559844 0.028767 -0.180670 1.333457 -1.429870 0.013214 -0.131246
1478540104 0.054990 -0.236908 1.456896 -1.510969 0.009591 -0.135356
1498520365 0.343650 -0.389892 1.419699 -1.415924 0.011313 -0.164989
