0 0.574177 0.116249 -0.255447 -0.030569 -0.041110 -0.074485
19979739 0.819254 0.352426 -0.391828 -0.031575 -0.041110 -0.074485
39959479 0.782198 0.285829 -0.446339 -0.040900 -0.033622 -0.066157
59939219 -0.001753 0.148033 -0.110030 0.275027 -0.018780 0.087360
79918958 -0.667568 0.148995 0.209980 0.249701 -0.018780 0.087360
99898698 -0.847402 0.212551 0.037428 0.293702 -0.026925 0.107976
119878437 -0.395682 0.166840 -0.329467 0.282240 -0.021949 0.066387
139858177 0.165773 0.069212 -0.169953 0.139561 -0.012468 -0.000223
159837916 0.265205 0.140869 0.655978 0.065451 -0.012468 -0.000223
179817656 0.358724 0.190272 1.119843 0.059696 -0.025334 -0.049702
199797396 0.786786 0.255471 1.061714 0.049284 -0.025334 -0.049702
219777135 2.254013 0.230579 0.647063 -0.151342 -0.024535 -0.190450
239756875 3.524126 0.328089 0.830863 -0.466933 -0.033462 -0.299067
259736614 4.015566 0.183917 1.351525 -0.700187 0.001588 -0.475795
279716354 5.936860 -0.153135 1.411417 -0.758981 0.001588 -0.475795
299696094 8.047837 -0.329419 1.366711 -0.981100 0.036648 -0.781612
319675833 9.870709 -0.797131 0.236142 -1.101000 0.090620 -0.901064
339655573 11.647182 -1.663652 -0.398155 -1.163479 0.165187 -1.004295
359635312 14.685196 -3.195904 -0.225085 -1.267090 0.238129 -1.075371
379615052 18.657738 -5.355392 0.516896 -1.322742 0.291598 -1.114265
399594791 23.673809 -7.968693 1.992755 -1.413003 0.377345 -1.103053
419574531 27.924511 -12.332292 4.361233 -1.568381 0.516325 -1.078773
439554271 29.559658 -18.980650 6.030051 -1.568381 0.516325 -1.078773
459534010 26.584551 -26.723122 6.280977 -1.856637 0.706327 -1.028048
479513750 21.408583 -34.892696 6.005811 -2.246304 0.907992 -0.943653
499493489 16.658285 -41.460037 4.237500 -2.555935 1.073658 -0.887385
519473229 13.526200 -45.138428 2.091543 -2.666284 1.183081 -0.859949
539452969 9.034168 -45.447533 3.585451 -3.012621 1.256586 -0.407821
559432708 6.338749 -45.511631 3.596530 -3.012621 1.256586 -0.407821
579412448 5.202545 -44.392181 -0.517982 -2.925424 1.340036 -0.448135
599392187 1.817558 -41.882423 -6.489126 1.329760 1.403121 1.757466
619371927 -4.903076 -38.154701 -10.740291 1.460254 1.403121 1.757466
639351666 -11.185423 -32.367588 -10.522820 1.814614 1.190676 1.651300
659331406 -15.012354 -26.174744 -8.263868 2.237294 0.822163 1.388113
679311146 -17.281780 -20.555258 -6.068072 2.237294 0.822163 1.388113
699290885 -18.393408 -15.802381 -4.325853 2.277525 0.663350 1.309056
719270625 -18.252161 -11.207088 -2.136571 2.281438 0.394904 1.154801
739250364 -17.400784 -8.043139 -1.605555 2.281438 0.394904 1.154801
759230104 -15.169758 -6.858788 -0.381230 2.337232 0.379001 1.040629
779209844 -12.056153 -6.368774 1.438282 2.413336 0.396704 0.849325
799189583 -9.356814 -5.618034 4.964956 2.631757 0.347662 0.593638
819169323 -7.704188 -4.754545 7.260633 2.739692 0.282506 0.451287
839149062 -6.665388 -3.988022 6.190331 2.808109 0.251848 0.424165
859128802 -5.807342 -3.286189 3.227409 2.732592 0.238849 0.456028
879108541 -5.021885 -2.483420 0.080284 2.697503 0.214645 0.523060
899088281 -4.268800 -1.558195 -1.664614 2.692678 0.141982 0.559274
919068021 -3.415794 -0.848262 -2.241365 2.575660 0.060528 0.528330
939047760 -2.377254 -0.569492 -2.573845 2.705263 0.023974 0.456500
959027500 -1.411738 -0.490425 -2.551993 3.077780 0.016749 0.264866
979007239 -0.592268 -0.423691 -2.319555 -3.072287 0.001923 0.218232
998986979 -0.217741 -0.193499 -1.875132 -3.125531 0.001923 0.218232
1018966719 -0.477854 0.168681 -0.986683 3.120476 -0.024004 0.238467
1038946458 -0.941437 0.507376 -0.354156 3.047627 -0.043806 0.284149
1058926198 -0.701536 0.540398 0.320419 3.104367 -0.033629 0.255106
1078905937 -0.226037 0.333214 0.690994 -3.071911 0.012461 0.190923
1098885677 -0.079975 0.193543 1.197783 -3.071911 0.012461 0.190923
1118865416 0.147376 0.287215 1.462175 -3.101538 0.003097 0.167573
1138845156 0.423560 0.294425 1.173462 -3.058810 -0.001278 0.146858
1158824896 0.596386 0.154844 0.635739 -3.012880 0.007131 0.136802
1178804635 0.581887 0.033902 0.133333 -3.049473 0.014920 0.143823
1198784375 0.740089 -0.125808 -0.143631 -3.011198 0.028664 0.131389
1218764114 0.977635 -0.218463 -0.041314 -3.062534 0.035542 0.107945
1238743854 1.344772 -0.393880 -0.046359 -2.941081 0.052991 0.073164
1258723594 1.364566 -0.385631 0.312207 -3.013612 0.025864 0.076795
1278703333 1.277932 -0.214784 0.757075 -3.013612 0.025864 0.076795
1298683073 1.240286 -0.075525 0.888161 -3.053475 0.005620 0.079493
1318662812 1.235711 0.011589 0.525998 -3.049334 -0.010963 0.081871
1338642552 1.292576 0.155550 0.155643 -3.061497 -0.034791 0.077560
1358622291 1.402976 0.355968 -0.041402 -3.107061 -0.064999 0.065473
1378602031 1.368709 0.606808 -0.079874 3.127614 -0.099772 0.067271
1398581771 1.622392 0.670475 -0.225019 -3.038965 -0.115911 0.039810
1418561510 1.796898 0.770404 -0.202828 -3.025426 -0.133127 0.019487
1438541250 1.704964 0.832421 0.169214 -3.063751 -0.141705 0.025215
1458520989 1.672762 0.809868 0.211023 -3.102747 -0.141708 0.023290
1478500729 1.666802 0.645693 -0.066035 3.090230 -0.141708 0.023290
1498480469 1.577067 0.658323 -0.484632 3.026122 -0.155064 0.031884
