0 0.657340 0.053087 0.332919 -0.347622 -0.062247 -0.071806
19979479 0.660215 0.214157 0.217739 -0.397654 -0.081646 -0.070572
39958959 0.607549 0.181905 -0.169045 -0.340822 -0.081646 -0.070572
59938438 0.524638 0.119078 -0.451027 -0.270054 -0.079740 -0.053761
79917917 0.396907 0.166170 -0.209513 -0.306089 -0.079740 -0.053761
99897396 0.260809 0.191414 0.205667 -0.230612 -0.080254 -0.040737
119876875 0.417018 0.155297 -0.013718 -0.370690 -0.080938 -0.071732
139856354 0.494449 0.143852 -0.296013 -0.330240 -0.080938 -0.071732
159835834 0.558879 0.109976 -0.240377 -0.391857 -0.073678 -0.100609
179815313 0.732011 0.095291 -0.163314 -0.397975 -0.073678 -0.100609
199794792 0.734265 0.072382 -0.097924 -0.414979 -0.070171 -0.103953
219774271 1.023856 -0.058552 -0.108923 -0.580440 -0.031623 -0.205777
239753750 1.627081 -0.258847 -0.106177 -0.578899 -0.031623 -0.205777
259733229 1.957891 -0.280572 -0.174027 -0.625946 -0.026640 -0.244594
279712709 2.346336 -0.371015 -0.281005 -0.801540 0.015403 -0.328163
299692188 2.890595 -0.647084 -0.110192 -0.889766 0.054210 -0.407025
319671667 3.844554 -1.060003 0.166815 -0.933722 0.054210 -0.407025
339651146 5.919188 -1.686904 0.028755 -1.134498 0.104673 -0.582592
359630625 8.305964 -2.364266 -0.109024 -1.198210 0.160113 -0.814200
379610104 10.035293 -2.788362 0.387052 -1.179563 0.160113 -0.814200
399589584 11.147725 -3.170971 1.042794 -1.242655 0.197458 -0.825334
419569063 12.840606 -4.057966 2.918715 -1.227011 0.197458 -0.825334
439548542 16.819496 -5.667675 5.064221 -1.187654 0.225494 -0.877224
459528021 19.812994 -8.941382 6.664898 -1.331963 0.309682 -0.905779
479507500 19.029655 -13.245143 8.736065 -1.837531 0.574922 -0.749277
499486979 17.892328 -18.926958 10.744260 -2.096893 0.695543 -0.723422
519466459 18.096024 -25.131763 11.808955 -2.150808 0.695543 -0.723422
539445938 17.068604 -31.874899 12.671077 -2.500870 0.815112 -0.667556
559425417 12.524746 -37.556759 13.027440 -2.977497 1.084436 -0.415178
579404896 8.617626 -42.188728 9.557655 -3.098958 1.243919 -0.365610
599384375 5.696059 -45.781483 4.208681 -3.081076 1.243919 -0.365610
619363854 1.030580 -45.836021 2.000297 2.487083 1.376223 0.403862
639343334 -1.884041 -42.986641 -1.781171 2.309016 1.320698 0.699176
659322813 -4.236415 -39.170067 -1.856005 2.375924 1.320698 0.699176
679302292 -5.214676 -35.998592 0.729808 2.568467 1.222023 0.648966
699281771 -5.785421 -33.280373 -0.439262 2.531807 1.207627 0.765217
719261250 -9.165308 -29.685112 -0.891432 2.497421 1.097429 0.965467
739240729 -14.172691 -24.792839 -1.330989 2.482436 0.896828 1.139885
759220209 -16.471357 -19.794081 -1.169192 2.463805 0.591489 1.158968
779199688 -16.776953 -15.525498 -0.851065 2.509518 0.591489 1.158968
799179167 -16.034075 -11.946633 -1.267487 2.501185 0.333464 1.156886
819158646 -16.416330 -8.378386 -1.192567 2.488261 0.333464 1.156886
839138125 -15.266445 -5.708976 0.221113 2.573031 0.165714 0.912878
859117604 -12.101673 -4.170348 1.304906 2.499869 0.165714 0.912878
879097084 -8.474375 -3.424425 1.243268 2.630622 0.152963 0.758650
899076563 -6.218256 -2.995142 1.228252 2.700625 0.144470 0.628788
919056042 -5.403551 -2.666855 0.790972 2.751856 0.123144 0.578989
939035521 -5.183062 -2.355914 0.714107 2.801153 0.097277 0.534113
959015000 -5.127952 -2.029574 1.693609 2.740131 0.097277 0.534113
978994479 -4.447989 -1.667459 2.217023 2.868910 0.052908 0.427061
998973959 -3.491259 -1.393519 1.478256 2.946552 0.043211 0.394353
1018953438 -2.528476 -1.226774 0.229400 2.835752 0.043211 0.394353
1038932917 -1.891676 -0.810315 -0.623252 2.828820 0.004655 0.369189
1058912396 -1.375008 -0.432701 -0.966732 2.964803 -0.036410 0.268669
1078891875 -0.782026 -0.316242 -0.779180 2.929537 -0.036410 0.268669
1098871354 -0.444788 -0.226268 -0.000793 3.067463 -0.021125 0.192174
1118850834 -0.280230 -0.283633 0.601487 3.019855 0.010951 0.191031
1138830313 -0.349234 -0.575235 0.976511 2.966211 0.032875 0.191342
1158809792 -0.455375 -0.816902 1.342773 2.995198 0.056417 0.215729
1178789271 -0.654907 -1.054975 0.873675 2.923154 0.078186 0.216264
1198768750 -0.598239 -1.270468 0.627708 2.935787 0.090058 0.214417
1218748229 -0.601391 -1.429900 0.804567 2.830871 0.084311 0.234840
1238727709 -0.886018 -1.444112 1.064612 2.848129 0.084311 0.234840
1258707188 -0.721577 -1.550983 0.962108 2.858281 0.088518 0.221278
1278686667 -0.376578 -1.792292 0.753037 2.819669 0.100632 0.182996
1298666146 -0.245043 -1.822613 0.434565 2.874602 0.075369 0.159763
1318645625 0.012238 -1.646508 0.118568 2.796124 0.075369 0.159763
1338625104 0.431675 -1.607144 0.014893 2.939878 0.055829 0.019790
1358604584 1.398604 -1.602791 -0.540442 -3.087578 0.024602 -0.169433
1378584063 3.115689 -1.356418 -0.880847 -3.061231 -0.034607 -0.225572
1398563542 3.814460 -0.834227 -0.441654 -3.013889 -0.034607 -0.225572
1418543021 2.371828 -0.405257 0.516817 2.498067 -0.121471 0.231571
1438522500 -0.458782 0.002969 0.307496 2.345813 -0.145777 0.376306
1458501979 -1.745543 0.185245 -0.530739 2.289053 -0.145777 0.376306
1478481459 -0.340574 -0.415495 -1.034630 2.386210 -0.083789 0.240215
1498460938 0.751726 -1.277585 -0.266984 2.612748 0.026840 0.106515
