0 0.400064 -0.162290 -0.398067 -0.032588 -0.010316 -0.101719
19979688 0.276041 -0.163190 0.312769 0.015687 -0.003795 -0.081924
39959375 -0.151794 0.018309 0.989430 0.043893 -0.018505 -0.039180
59939063 -0.385673 0.314877 0.872540 0.020767 -0.047550 -0.020839
79918750 -0.226070 0.651179 0.226651 0.016508 -0.086107 -0.041244
99898438 0.214593 0.998008 -0.431705 -0.143112 -0.157138 -0.159454
119878125 0.756335 1.201329 -0.800759 -0.214588 -0.157138 -0.159454
139857813 0.679268 1.428674 -0.660009 -0.151496 -0.180775 -0.153942
159837500 0.126564 1.859161 -0.846183 -0.053597 -0.235633 -0.103298
179817188 -0.391782 2.466086 -0.967930 0.011030 -0.373487 -0.079196
199796875 -0.247862 2.994738 -1.050829 -0.046799 -0.439658 -0.130309
219776563 0.080367 3.396444 -1.530780 -0.050996 -0.439658 -0.130309
239756250 1.399235 2.941506 -2.642687 -0.642002 -0.228592 -0.548524
259735938 2.712044 1.373822 -3.618593 -0.359178 -0.040332 -0.285449
279715625 1.485645 0.307920 -1.542846 0.111355 0.024906 -0.045863
299695313 -0.314675 -0.116757 1.083710 0.033181 0.024906 -0.045863
319675000 0.282732 -0.845111 1.466019 -0.101174 0.102200 -0.085436
339654688 3.167066 -1.466473 0.900566 -1.066473 0.254918 -0.568838
359634375 5.699841 -2.507291 0.212584 -1.095070 0.321459 -0.671570
379614063 6.452236 -3.108488 -0.629846 -1.154858 0.378848 -0.597273
399593750 5.648373 -3.564437 -0.232462 -1.126449 0.378848 -0.597273
419573438 7.474207 -3.865927 2.332557 -0.966826 0.333909 -0.602464
439553125 14.087764 -5.113004 4.729150 -0.973556 0.300807 -0.803790
459532813 17.718025 -6.828572 5.750710 -1.014614 0.327090 -0.877996
479512500 15.538426 -7.655680 5.389278 -1.014013 0.384944 -0.823596
499492188 15.609838 -7.693457 5.468902 -1.086896 0.382266 -0.815128
519471875 21.735725 -9.476415 5.273937 -1.140023 0.374731 -0.972224
539451563 24.842716 -12.224017 5.681714 -1.180902 0.414179 -1.015652
559431250 23.669676 -13.981376 8.019742 -1.429867 0.442337 -0.925128
579410938 30.646729 -20.108564 7.050078 -1.739225 0.718311 -1.199101
599390625 32.607231 -32.695053 3.264252 -1.963464 0.718311 -1.199101
619370313 22.253336 -37.582535 -1.409189 -2.213228 0.970185 -1.228926
639350000 18.281290 -39.822884 -6.272879 -2.113383 1.109245 -1.394968
659329688 17.132874 -42.756481 0.146717 -2.399813 1.130268 -1.045830
679309375 13.866801 -45.010303 11.242065 -2.869728 1.054013 -0.565631
699289063 11.429824 -47.133945 10.083951 -2.944518 1.111131 -0.505784
719268750 10.480985 -49.883320 1.024574 -2.751318 1.461162 -0.660995
739248438 3.894175 -47.448566 -5.473594 -2.686647 1.461162 -0.660995
759228125 -2.094501 -40.269417 -3.412025 2.564534 1.396992 0.509258
779207813 -2.970205 -34.368511 0.087150 2.803503 1.309517 0.378637
799187500 -1.611413 -31.781086 -1.614035 2.964588 1.309517 0.378637
819167188 -2.554885 -30.518726 -1.720671 2.924764 1.294465 0.458408
839146875 -6.829957 -27.046541 0.033114 2.767543 1.143125 0.689243
859126563 -9.667313 -22.522385 -0.008114 2.662792 1.009549 0.838016
879106250 -10.392578 -18.816988 -2.109860 2.539321 0.952925 0.988492
899085938 -10.048754 -15.860188 -2.669442 2.552094 0.897477 1.005974
919065625 -9.722408 -13.372595 -1.639210 2.598609 0.808385 0.915203
939045365 -9.952964 -11.305575 -1.900625 2.431123 0.683484 1.004512
959025104 -10.574503 -10.023692 -2.752277 2.438897 0.683484 1.004512
979004844 -11.704390 -8.659018 -2.305553 2.389999 0.583822 1.018304
998984584 -12.025696 -7.301877 -0.560661 2.406298 0.485119 0.930955
1018964323 -11.118603 -6.247470 1.068716 2.481818 0.428434 0.813098
1038944063 -9.556866 -6.020952 0.126728 2.526392 0.474565 0.795399
1058923802 -8.864235 -5.365053 0.397448 2.553725 0.456165 0.761249
1078903542 -8.069746 -3.977352 2.253805 2.634687 0.359332 0.647618
1098883281 -5.520002 -2.824563 2.621702 2.928293 0.317816 0.493246
1118863021 -3.347428 -2.084272 2.609650 3.077810 0.291027 0.349645
1138842761 -2.157616 -1.370993 2.309151 -2.980203 0.253555 0.265152
1158822500 -1.299161 -0.796353 1.772905 -2.942108 0.222074 0.199912
1178802240 -0.608909 -0.210374 1.453578 -2.811527 0.174104 0.125310
1198781979 -0.429580 -0.099005 1.119078 -2.869865 0.174104 0.125310
1218761719 -0.581550 -0.257617 0.611746 -2.880611 0.199104 0.147087
1238741459 -0.589630 -0.771853 0.647722 -2.942993 0.249078 0.148937
1258721198 -0.588901 -0.819989 2.010253 -2.889347 0.222180 0.126162
1278700938 0.067822 -0.282012 2.714558 -2.787749 0.159398 0.055242
1298680677 1.236214 -0.322075 0.376083 -2.649904 0.192288 -0.056078
1318660417 1.340585 -0.068687 -0.215106 -2.661170 0.172077 -0.069897
1338640156 0.945501 0.453515 0.442090 -2.610955 0.066697 -0.045569
1358619896 1.225746 0.781437 0.112409 -2.628757 0.066697 -0.045569
1378599636 1.426393 1.042719 -0.293579 -2.650035 0.035904 -0.062113
1398579375 1.542145 1.232108 -0.750772 -2.525181 0.013199 -0.071408
1418559115 1.593691 1.099215 -1.175858 -2.579221 0.031162 -0.073465
1438538854 1.469679 0.743336 -1.195389 -2.782470 0.118285 0.017556
1458518594 0.860699 0.406172 -0.571144 -2.765257 0.118285 0.017556
1478498334 0.226848 0.234558 -0.234074 -3.016306 0.138226 0.081293
1498478073 0.107373 0.113934 -0.413226 -3.053607 0.161650 0.094617
