0 -0.368008 -0.255672 0.700645 1.622189 -0.108290 0.091484
19980261 -0.270442 -0.014120 -0.015478 1.475160 -0.182344 0.101666
39960521 -0.404989 0.358695 -0.289292 1.400311 -0.182344 0.101666
59940781 -0.273132 0.328889 -0.075502 1.521838 -0.174673 0.084357
79921042 0.012231 0.208300 0.061524 1.435583 -0.160014 0.051950
99901302 0.107291 0.166005 0.102386 1.415663 -0.155061 0.038868
119881563 -0.050331 0.411394 -0.026330 1.364733 -0.203659 0.080093
139861823 -0.392474 0.609450 -0.359033 1.347003 -0.203659 0.080093
159842083 -0.414907 1.028437 -0.660482 0.955524 -0.363185 -0.079019
179822344 0.698574 2.251718 -0.617104 0.272151 -0.470311 -0.326071
199802604 2.563277 3.409468 -1.192589 0.385593 -0.470311 -0.326071
219782865 3.546047 2.726786 -1.481116 0.043168 -0.393082 -0.465968
239763125 2.525642 2.141148 -1.401571 0.448830 -0.339703 -0.380824
259743386 -2.357090 3.078793 -2.044290 1.150109 -0.476744 0.199411
279723646 -8.479014 4.603512 -1.003023 1.468712 -0.437824 0.733248
299703906 -12.489399 5.416081 1.206522 1.537061 -0.259494 0.805891
319684167 -15.696155 5.054636 4.835860 1.525081 -0.174174 0.838805
339664427 -20.163221 4.254159 7.786338 1.516206 -0.071979 0.879566
359644688 -22.674812 1.794303 8.352493 1.500430 0.073420 0.875630
379624948 -22.158873 -2.213847 7.914721 1.444586 0.183778 0.880218
399605208 -22.824968 -5.381402 8.133718 1.420044 0.183778 0.880218
419585469 -26.132854 -8.101691 8.286016 1.356906 0.253595 0.940530
439565729 -27.783533 -12.495187 7.859290 1.304483 0.374234 0.977598
459545990 -29.031687 -18.159676 7.173014 1.200178 0.519362 1.012287
479526250 -31.966076 -23.486658 8.247191 1.171814 0.647436 1.096354
499506511 -36.260483 -28.266382 7.760330 1.143763 0.647436 1.096354
519486771 -37.543056 -32.868198 9.513435 1.205212 0.694225 1.071974
539467031 -32.377510 -38.475368 14.176197 1.567313 0.944271 0.793674
559447292 -24.447294 -42.145573 11.716608 1.683798 0.944271 0.793674
579427552 -18.077765 -40.754951 6.907770 1.942812 1.056453 0.759155
599407813 -15.231036 -38.596615 9.125461 2.309097 0.948144 0.538333
619388073 -14.735377 -37.507496 12.425555 2.461509 0.948144 0.538333
639368333 -12.975842 -37.349648 14.423748 2.703410 0.923405 0.452454
659348594 -9.663359 -37.410801 15.825696 2.966224 0.920868 0.320453
679328854 -5.161868 -37.403130 15.242877 -2.770610 1.034963 -0.214445
699309115 2.648812 -36.432858 10.305057 -2.755153 1.034963 -0.214445
719289375 9.864815 -33.062668 3.912946 -2.363796 1.044041 -0.739633
739269636 14.204311 -28.358435 -1.926818 -2.058257 0.956825 -1.172645
759249896 16.475407 -23.587132 -5.572087 -2.003555 0.695142 -1.475074
779230156 17.194651 -19.358143 -6.834102 -2.040978 0.608000 -1.443057
799210417 15.994842 -15.613811 -6.357887 -2.048433 0.608000 -1.443057
819190677 13.683907 -12.376519 -5.367394 -2.081372 0.544830 -1.363866
839170938 10.535568 -9.490855 -4.119843 -2.085850 0.493276 -1.224985
859151198 6.942716 -7.078178 -2.773129 -2.131593 0.445866 -0.994805
879131458 3.909522 -4.737436 -1.190036 -2.235214 0.323948 -0.682064
899111719 1.209750 -2.268173 0.955276 -2.267191 0.116165 -0.344776
919091979 -0.994040 -0.351280 2.643326 -2.312323 -0.030218 -0.118781
939072240 -2.601176 1.114562 3.296432 -1.858598 -0.169327 -0.032886
959052500 -1.951766 1.935147 3.540729 -1.314703 -0.169327 -0.032886
979032761 -0.623960 2.203412 3.359783 -1.329116 -0.208697 -0.138647
999013021 -0.627595 2.661702 3.103550 -1.245922 -0.208697 -0.138647
1018993281 -1.413778 3.058154 2.911868 -1.000563 -0.237661 -0.076052
1038973542 -1.289166 3.217348 2.325409 -0.884530 -0.257455 -0.086307
1058953802 -0.139532 3.278399 2.174319 -1.108464 -0.259769 -0.183235
1078934063 0.441829 2.949966 1.965383 -1.219913 -0.203450 -0.214347
1098914323 0.046519 2.479378 1.381281 -1.248638 -0.203450 -0.214347
1118894583 -0.886342 1.967346 1.129407 -1.025268 -0.162247 -0.129304
1138874844 -1.093168 1.293389 1.080482 -1.182649 -0.100195 -0.099608
1158855104 -0.720624 0.755915 1.335915 -1.343528 -0.051802 -0.114488
1178835365 -0.554541 0.291657 2.157868 -1.492048 -0.017192 -0.101413
1198815625 -1.141727 0.093257 2.386847 -1.449511 -0.012566 -0.034817
1218795886 -1.024952 -0.066010 2.241275 -1.560817 -0.012566 -0.034817
1238776146 0.246735 -0.261502 0.617599 -1.645715 -0.009264 -0.157614
1258756406 1.138109 -0.427664 -0.513683 -1.614900 -0.004545 -0.265482
1278736667 1.257303 -0.432013 -0.908624 -1.719532 -0.016731 -0.264678
1298716927 1.068455 -0.467621 -0.990298 -1.739773 -0.016731 -0.264678
1318697188 1.054130 -0.492508 -0.797969 -1.667443 -0.017999 -0.257201
1338677448 1.357219 -0.447887 -0.587900 -1.687241 -0.026224 -0.282487
1358657708 1.509555 -0.407236 -0.792433 -1.741825 -0.035613 -0.300882
1378637969 1.443864 -0.292382 -0.885450 -1.682569 -0.052582 -0.289642
1398618229 0.710058 0.125054 -0.740952 -1.616309 -0.101850 -0.197529
1418598490 0.753613 0.043490 -0.283171 -1.646700 -0.088373 -0.189427
1438578750 1.163038 0.014773 -0.048554 -1.636203 -0.080599 -0.227976
1458559011 1.351378 0.045244 -0.243949 -1.564430 -0.081766 -0.254536
1478539271 0.660618 0.282764 -0.216890 -1.604277 -0.104404 -0.183117
1498519531 -0.895079 0.628506 -0.069128 -1.284185 -0.149651 0.021389
