0 -0.279064 -0.791126 1.103159 1.652594 -0.054487 0.027314
19980209 -1.931411 -0.084069 0.367403 1.538772 -0.129555 0.197533
39960417 -4.651417 0.676816 0.096217 1.582299 -0.192180 0.463031
59940625 -10.512498 1.763418 0.922086 1.601040 -0.209856 0.800416
79920834 -17.505430 2.913279 2.710652 1.673696 -0.199372 0.965407
99901042 -22.572556 2.469974 3.749631 1.652668 -0.147081 1.035916
119881250 -26.243565 1.174551 3.962991 1.626768 -0.085907 1.086355
139861459 -32.210606 -1.496053 4.666026 1.556592 0.007568 1.143558
159841667 -37.181709 -7.722331 6.684797 1.344153 0.167827 1.145052
179821875 -37.006409 -17.242311 9.843379 1.275527 0.389402 1.066952
199802084 -35.060745 -26.329849 11.127859 1.244740 0.588888 1.009472
219782292 -31.900885 -33.922962 10.297007 1.355035 0.759872 0.979929
239762500 -29.247620 -39.436169 9.700770 1.605727 1.010536 0.863646
259742709 -23.347746 -44.241257 8.481440 1.704538 1.010536 0.863646
279722917 -16.666788 -45.236530 7.796211 2.107204 1.105031 0.697758
299703125 -13.890136 -43.129093 10.557315 2.460803 1.066719 0.538725
319683334 -11.198133 -41.191998 15.517915 2.743525 0.978668 0.368657
339663542 -6.983711 -39.668842 18.317791 -3.027855 0.936084 0.070600
359643750 -2.640583 -38.193573 16.702190 -2.960457 0.936084 0.070600
379623959 1.204796 -36.414085 12.056223 -2.845995 0.999378 -0.088506
399604167 6.052894 -33.510960 7.951950 -2.541016 1.022018 -0.389327
419584375 11.446252 -30.181902 3.654517 -2.171390 0.849694 -0.987409
439564584 14.577726 -26.021301 2.122870 -2.220834 0.849694 -0.987409
459544792 14.890728 -21.597813 0.881407 -2.228094 0.743164 -1.064566
479525000 13.320240 -17.328163 -1.083832 -2.190824 0.595471 -1.199085
499505209 11.187855 -13.646458 -3.022691 -2.227121 0.595471 -1.199085
519485417 9.313803 -10.690177 -4.820694 -2.168978 0.518010 -1.284793
539465625 7.534601 -8.114255 -5.820261 -2.097699 0.417461 -1.328114
559445834 5.698847 -5.771591 -5.853535 -2.081710 0.281631 -1.273869
579426042 4.021754 -3.525642 -4.982618 -2.110245 0.072006 -1.080123
599406250 1.372360 -1.176093 -3.515147 -1.878856 -0.228563 -0.646415
619386459 -1.440901 1.260039 -1.455874 -1.247376 -0.451034 -0.134010
639366667 -2.884278 2.958505 0.599400 -0.352415 -0.477099 0.051885
659346875 -3.592605 3.854906 1.407310 -0.146812 -0.479903 0.119057
679327084 -4.142011 4.303298 2.539824 0.029300 -0.441882 0.157208
699307292 -3.061836 3.808967 3.185340 -0.149371 -0.368422 0.065704
719287500 -2.150949 3.169559 3.793128 -0.456682 -0.290917 -0.004996
739267709 -2.718501 2.556006 3.922665 -0.476875 -0.230571 0.039699
759247917 -1.847546 1.531084 2.968226 -0.835677 -0.158069 -0.024996
779228125 0.234795 0.089582 1.735530 -1.413649 -0.041832 -0.204800
799208334 2.276292 -1.339146 -0.224403 -1.609485 0.094668 -0.428925
819188542 3.487396 -2.471378 -2.221316 -1.712154 0.234838 -0.624249
839168750 3.239944 -2.419976 -3.053579 -1.697061 0.269625 -0.635217
859148959 1.395931 -1.064257 -1.408558 -1.533908 0.121827 -0.325604
879129167 -0.669792 -0.069810 0.580297 -1.290048 0.031374 -0.065321
899109375 -2.511158 0.883884 1.679259 -0.274503 -0.084143 0.154517
919089584 -3.168900 1.702624 1.958344 -0.280152 -0.084143 0.154517
939069792 -3.275202 2.158354 2.984339 -0.139968 -0.101575 0.153191
959050000 -3.165385 2.098298 4.133247 -0.252781 -0.085008 0.135894
979030209 -1.962709 1.695582 3.473228 -0.467309 -0.060598 0.055359
999010417 -0.763894 1.156489 2.709087 -0.619990 -0.025259 -0.035407
1018990625 0.528060 0.439150 2.342313 -0.979561 0.061809 -0.207654
1038970834 1.232630 -0.082015 2.247570 -1.133864 0.061809 -0.207654
1058951042 0.996778 -0.165637 1.800080 -1.131030 0.062631 -0.204627
1078931250 -0.025079 0.108641 0.943879 -0.829161 -0.020917 -0.065143
1098911459 -0.854851 0.579813 0.603184 -0.792520 -0.020917 -0.065143
1118891667 -0.751674 0.749482 0.449722 -0.835030 -0.049247 -0.079671
1138871875 -0.475260 0.895079 0.080311 -0.702091 -0.099619 -0.108732
1158852084 -0.549367 0.987796 -0.181690 -0.739256 -0.099619 -0.108732
1178832292 -0.732098 0.863159 -0.231883 -0.731282 -0.095225 -0.090244
1198812500 -0.637311 0.572888 -0.340176 -0.807851 -0.071239 -0.101272
1218792709 0.195737 0.127279 -0.061199 -1.014858 -0.028621 -0.182512
1238772917 0.750481 0.102122 -0.017136 -1.047766 -0.034108 -0.231733
1258753125 0.698699 -0.077211 0.185843 -1.139317 -0.024248 -0.215929
1278733334 0.713723 -0.115431 0.080960 -1.081118 -0.028929 -0.215260
1298713542 0.754066 -0.182495 -0.025472 -1.157898 -0.029228 -0.219049
1318693750 0.846733 -0.252081 -0.186928 -1.111824 -0.027646 -0.231138
1338673959 0.892373 -0.274016 -0.212391 -1.137185 -0.028701 -0.237238
1358654167 0.667522 -0.190834 -0.151246 -1.086991 -0.039758 -0.214241
1378634375 0.563254 -0.205832 -0.201148 -1.116333 -0.040059 -0.205497
1398614584 0.408415 -0.323276 -0.116553 -1.046033 -0.028226 -0.189393
1418594792 0.615567 -0.464947 0.122945 -1.094115 -0.013188 -0.209459
1438575000 0.997929 -0.631683 0.018282 -1.264171 0.023859 -0.291848
1458555209 1.218084 -0.775128 0.055485 -1.150700 0.023859 -0.291848
1478535417 1.384105 -1.186985 0.569834 -1.247312 0.066981 -0.312361
1498515625 1.284684 -1.500470 0.838330 -1.205453 0.100449 -0.323210
