0 -0.478050 -0.353166 0.192853 1.711870 -0.100400 0.058314
19980313 -0.538464 -0.319968 0.216081 1.679981 -0.103507 0.065514
39960625 -0.514836 -0.521293 0.253439 1.802092 -0.058526 0.073523
59940938 -0.637009 -0.750865 0.318614 1.840731 -0.058526 0.073523
79921250 -1.565429 -0.834087 0.363390 1.762301 -0.053941 0.220093
99901563 -2.221447 -0.741510 0.574135 1.661514 -0.118548 0.283367
119881875 -2.789955 -0.097641 0.103169 1.660315 -0.118548 0.283367
139862188 -3.818003 0.711836 -0.306919 1.583229 -0.197964 0.399701
159842500 -5.594028 1.256950 0.012024 1.590404 -0.226052 0.546680
179822813 -7.249634 1.081937 1.381946 1.643292 -0.117873 0.653701
199803125 -8.687528 0.429880 2.124060 1.644646 -0.117873 0.653701
219783438 -10.491169 -0.608140 1.483414 1.671452 -0.041625 0.769203
239763750 -13.061568 -1.304780 2.359147 1.663023 0.006475 0.837271
259744063 -14.720439 -2.474161 4.844934 1.675687 0.060130 0.800949
279724375 -15.229109 -4.311917 5.995279 1.655103 0.131916 0.779442
299704688 -15.946011 -6.390563 5.909322 1.636737 0.275889 0.928883
319685000 -18.208323 -8.543540 4.203356 1.558753 0.360468 1.031028
339665313 -20.439804 -11.306164 2.785775 1.562136 0.487763 1.051704
359645625 -21.151855 -15.209538 2.502358 1.546927 0.617696 1.058990
379625990 -21.975418 -19.838341 2.586376 1.529384 0.696813 1.094516
399606355 -24.004353 -24.063232 2.523787 1.469679 0.812634 1.155221
419586719 -24.421661 -29.091501 0.945656 1.539075 0.874442 1.113508
439567084 -25.580095 -34.504189 2.680027 1.563515 0.874442 1.113508
459547448 -25.032356 -40.153370 10.832900 1.840160 0.890121 0.867455
479527813 -19.213255 -45.399567 13.655705 2.217387 0.987251 0.657348
499508177 -13.530011 -47.194092 11.327973 2.502665 1.094001 0.517239
519488542 -8.275488 -45.075558 10.133223 2.956691 1.156852 0.168873
539468907 -5.326177 -41.567081 8.300443 2.990187 1.156852 0.168873
559449271 -0.319892 -38.498024 5.465539 -2.957643 1.192439 -0.148735
579429636 6.692745 -34.973450 1.276406 -2.389423 1.175827 -0.732153
599410000 12.365857 -30.522612 -2.492357 -1.848174 0.939872 -1.329961
619390365 14.363832 -26.111582 -4.684808 -1.934648 0.939872 -1.329961
639370730 14.887269 -22.187944 -6.040951 -1.877223 0.842840 -1.417043
659351094 15.996112 -18.729652 -7.185824 -1.910971 0.722585 -1.488837
679331459 17.229639 -15.911711 -7.344384 -1.933887 0.603826 -1.504869
699311823 16.283567 -12.995097 -7.824231 -1.943079 0.500907 -1.497153
719292188 11.403116 -9.826941 -7.596263 -1.964796 0.500907 -1.497153
739272552 6.419940 -6.882177 -5.179764 -2.047710 0.464511 -1.227155
759252917 5.250317 -4.760578 -3.037013 -2.142089 0.294898 -0.982357
779233282 5.269784 -2.876894 -2.211747 -2.057730 0.117816 -0.910690
799213646 3.165718 -0.971024 -1.807901 -1.907735 -0.216128 -0.477545
819194011 1.088308 0.717685 -0.437201 -1.796330 -0.216128 -0.477545
839174375 0.618984 1.735636 0.631233 -1.580758 -0.280297 -0.396793
859154740 -0.042064 2.225658 1.259825 -1.504149 -0.304719 -0.324483
879135105 -1.911964 2.751225 1.326395 -1.037511 -0.355242 -0.155293
899115469 -2.948884 3.068633 1.181663 -0.751310 -0.361439 -0.095015
919095834 -2.582853 2.826925 1.253248 -0.756583 -0.361439 -0.095015
939076198 -1.752013 2.348881 1.344470 -1.060509 -0.312967 -0.176592
959056563 -1.658774 2.091022 1.208928 -0.953332 -0.292973 -0.191009
979036927 -2.159899 2.059404 1.269531 -0.707230 -0.291653 -0.145490
999017292 -2.205261 1.912786 1.269004 -0.976287 -0.281212 -0.143305
1018997657 -2.095626 1.826392 0.976898 -1.275939 -0.265636 -0.261333
1038978021 -1.150728 1.441084 0.408900 -1.234283 -0.265636 -0.261333
1058958386 -1.281042 1.616752 -0.087356 -1.085521 -0.305715 -0.254699
1078938750 -0.312297 1.316795 -0.723923 -1.302172 -0.283747 -0.419329
1098919115 -0.141822 1.132642 -1.300520 -1.305592 -0.283747 -0.419329
1118899480 0.411290 0.838206 -1.526600 -1.443939 -0.242033 -0.493214
1138879844 0.387885 0.688217 -1.552748 -1.463367 -0.214949 -0.489963
1158860209 0.367010 0.536398 -1.044268 -1.514088 -0.176283 -0.453797
1178840573 0.248472 0.500485 -0.091568 -1.526858 -0.148113 -0.392985
1198820938 0.346006 0.433041 0.827808 -1.516431 -0.122921 -0.365386
1218801302 0.571947 0.400996 0.787362 -1.602677 -0.115570 -0.384494
1238781667 0.509169 0.339874 0.314220 -1.556522 -0.110897 -0.394136
1258762032 0.118393 0.336911 0.201911 -1.560770 -0.106862 -0.362851
1278742396 0.304133 0.289479 0.167803 -1.556164 -0.093405 -0.386202
1298722761 0.751922 0.254631 0.082980 -1.640485 -0.072933 -0.478859
1318703125 0.944088 0.226768 -0.332282 -1.560818 -0.073063 -0.500894
1338683490 0.757889 0.274181 -1.002668 -1.562347 -0.083122 -0.476813
1358663855 0.180111 0.436516 -1.548817 -1.431856 -0.083122 -0.476813
1378644219 0.219400 0.553183 -1.088869 -1.520168 -0.074655 -0.461883
1398624584 0.446218 0.512492 -0.551969 -1.478251 -0.049420 -0.461763
1418604948 0.275992 0.493464 -0.160035 -1.495726 -0.032479 -0.426861
1438585313 0.100707 0.356257 0.465366 -1.464329 -0.007546 -0.380961
1458565677 -0.220753 0.269333 0.953616 -1.522709 0.006961 -0.327902
1478546042 -0.048516 0.064572 1.107169 -1.570610 0.047450 -0.372034
