0 -0.693143 -0.102702 0.001017 1.695850 -0.187030 0.118861
19980364 -0.526378 0.044799 -0.305257 1.690187 -0.208474 0.104185
39960729 -0.329219 0.087515 -0.154402 1.624452 -0.209047 0.078452
59941093 -0.220513 0.019857 0.070084 1.704013 -0.196208 0.059042
79921458 -0.153138 0.139083 -0.088799 1.615116 -0.209751 0.045732
99901822 -0.115122 0.407143 -0.266479 1.567505 -0.239713 0.027677
119882187 -0.071884 0.418500 -0.381824 1.590807 -0.229876 0.047528
139862552 -0.257117 0.357571 -0.356494 1.623709 -0.229876 0.047528
159842916 -0.470159 -0.028981 0.089490 1.698554 -0.189010 0.110908
179823281 -0.922825 0.110927 0.043849 1.525171 -0.267523 0.241421
199803645 -2.209289 0.939160 -0.283638 1.470579 -0.329506 0.384646
219784010 -3.482642 1.617091 -0.876335 1.614131 -0.308559 0.539392
239764322 -5.189391 1.788178 -0.755554 1.543593 -0.308559 0.539392
259744635 -7.014672 1.507769 0.797113 1.624723 -0.225566 0.604426
279724947 -9.722913 1.204926 2.015039 1.633995 -0.085185 0.788712
299705260 -12.378376 0.278605 2.942001 1.671908 -0.006802 0.849341
319685572 -14.912590 -1.119218 3.822855 1.612950 0.019931 0.962682
339665885 -18.654697 -1.811205 3.733662 1.650446 0.019931 0.962682
359646197 -20.912329 -3.215386 1.491073 1.582661 0.074943 1.095865
379626510 -21.610140 -5.972904 4.598723 1.589383 0.279828 1.029737
399606822 -22.847023 -9.315405 4.301024 1.521490 0.363037 1.124579
419587135 -25.998005 -12.570486 2.841985 1.469222 0.363037 1.124579
439567447 -29.683758 -17.818771 2.501635 1.387659 0.473608 1.179226
459547760 -30.702051 -25.825146 4.129132 1.346181 0.641100 1.138933
479528072 -30.390209 -34.925510 5.330812 1.366050 0.808760 1.093741
499508385 -29.344732 -42.674591 4.757958 1.362249 0.941291 1.089266
519488697 -26.281284 -47.369320 6.461787 1.519096 1.023317 0.984866
539469010 -19.175001 -50.715584 7.671728 1.894728 1.125403 0.779238
559449322 -13.076927 -49.559933 6.327065 2.312485 1.196771 0.607970
579429635 -8.290642 -45.840923 1.823088 2.553891 1.289313 0.522758
599409947 -5.291474 -41.082375 1.405972 2.859903 1.291239 0.336645
619390260 -2.590659 -38.078960 1.568571 -2.661446 1.217565 -0.296880
639370572 3.051296 -36.004856 2.794272 -2.631916 1.217565 -0.296880
659350885 9.496633 -33.549011 3.906096 -1.929301 0.966143 -0.937672
679331197 15.640655 -29.802748 2.120545 -1.770656 0.808599 -1.124174
699311510 20.318773 -25.028639 0.223073 -1.765600 0.643475 -1.190848
719291822 22.983324 -19.940258 -0.362150 -1.743191 0.643475 -1.190848
739272135 22.067560 -14.806508 -0.720367 -1.799551 0.515387 -1.189959
759252447 18.143276 -10.462574 -0.135065 -1.832083 0.422888 -1.089760
779232760 13.244539 -6.681939 0.540376 -1.924219 0.198269 -0.693706
799213072 9.280550 -3.980224 1.398802 -1.872144 0.198269 -0.693706
819193385 7.005817 -2.500839 1.620322 -1.856348 0.113425 -0.552767
839173697 4.377062 -1.650049 1.031343 -1.853738 0.067765 -0.387635
859154010 1.433572 -0.745121 0.960905 -1.796678 0.001875 -0.136531
879134322 -0.262985 0.122758 1.852606 -1.709305 -0.061697 0.013259
899114635 -0.328970 0.626410 2.430787 -1.521394 -0.092830 0.010203
919094947 -1.319929 1.380066 2.614616 -1.362549 -0.149718 0.084968
939075260 -3.455473 2.249434 1.683771 -0.612257 -0.228882 0.270150
959055572 -3.263597 2.401221 0.733512 -0.455241 -0.263170 0.273097
979035937 -2.318784 2.305328 0.617598 -0.615780 -0.263558 0.184296
999016302 -2.075626 2.214639 0.579301 -0.754390 -0.258739 0.157026
1018996666 -1.630849 1.807040 -0.151492 -0.837452 -0.240090 0.120725
1038977031 -1.792168 1.724622 -0.183635 -0.841135 -0.232295 0.137214
1058957395 -1.391896 1.546220 0.008342 -0.855274 -0.210929 0.092039
1078937760 -1.289693 1.297331 0.085529 -0.956943 -0.184323 0.078503
1098918125 -0.856806 0.888325 -0.310495 -1.256807 -0.148320 0.033898
1118898489 0.028307 0.446214 0.029554 -1.430914 -0.097293 -0.060074
1138878854 0.749137 -0.040365 0.597769 -1.489265 -0.046176 -0.127237
1158859218 1.348675 -0.539188 0.611259 -1.592286 -0.002248 -0.183992
1178839583 0.314117 -0.189735 0.133899 -1.529405 -0.043685 -0.086926
1198819947 -0.299814 0.424652 -0.222000 -1.335273 -0.115779 -0.023317
1218800312 -0.094900 0.736984 -0.276045 -1.338504 -0.168082 -0.105561
1238780677 0.469929 0.810415 -0.492700 -1.328192 -0.168082 -0.105561
1258761041 0.483206 0.788962 -0.475603 -1.308742 -0.167833 -0.104873
1278741406 -0.043952 0.938384 -0.344791 -1.190376 -0.183902 -0.043404
1298721770 -0.554862 0.999113 -0.167041 -1.175899 -0.188542 0.015067
1318702135 -0.533217 0.942621 -0.128547 -1.196810 -0.182394 0.013989
1338682500 -0.057427 0.725052 0.077522 -1.269127 -0.156234 -0.038029
1358662864 0.295187 0.432763 0.011387 -1.441283 -0.126601 -0.078730
1378643229 0.500316 0.216232 -0.284011 -1.405155 -0.106984 -0.104819
1398623593 0.608153 0.044969 -0.158644 -1.482666 -0.087890 -0.114530
1418603958 0.825427 -0.071254 0.157412 -1.442945 -0.074156 -0.132711
1438584322 1.057629 -0.171880 0.363570 -1.558512 -0.064801 -0.153193
1458564687 1.068039 -0.151289 0.111440 -1.467167 -0.071816 -0.157639
1478545052 0.616719 0.005570 -0.192493 -1.408279 -0.093801 -0.114490
