0 0.100307 -0.094365 0.119928 1.635840 -0.132579 0.020026
19980156 0.156323 -0.160380 -0.117319 1.551039 -0.127447 0.012933
39960313 -0.073848 -0.089198 0.102863 1.623516 -0.130777 0.034400
59940469 -0.223024 0.021986 0.136335 1.496259 -0.167106 0.043839
79920625 -0.191668 0.237859 -0.021433 1.556708 -0.167106 0.043839
99900781 -0.026805 0.198031 -0.371470 1.545330 -0.168057 0.024223
119880938 -0.445966 0.287065 -0.352467 1.513169 -0.173048 0.064658
139861094 -1.871970 0.777079 -0.305971 1.463103 -0.213168 0.210242
159841250 -3.683554 1.661336 -0.304705 1.525782 -0.288446 0.544952
179821406 -5.678661 2.134311 -0.412328 1.595404 -0.243052 0.771059
199801563 -9.949050 2.542778 0.494286 1.620259 -0.189359 0.870676
219781719 -15.881430 3.022220 3.531485 1.576702 -0.189359 0.870676
239761875 -22.087955 3.113099 5.240785 1.552380 -0.151557 0.965229
259742031 -24.650238 0.975070 3.371336 1.568696 -0.068808 1.069989
279722188 -25.658739 -2.043978 1.603561 1.495010 0.042272 1.143319
299702344 -27.684286 -5.372295 2.739035 1.403931 0.261278 1.133302
319682500 -29.882370 -9.224524 3.798574 1.365366 0.261278 1.133302
339662656 -28.545551 -13.923531 4.446074 1.284359 0.411465 1.093490
359642813 -25.812540 -17.156345 4.346425 1.212390 0.592599 1.099036
379622969 -27.213875 -19.942583 3.632442 1.221041 0.642393 1.101526
399603125 -30.958883 -25.250278 5.536897 1.386680 0.746360 1.096719
419583281 -35.414238 -35.461010 7.998039 1.473364 0.871001 1.012490
439563438 -34.730503 -45.743385 11.191356 1.473364 0.871001 1.012490
459543594 -26.407810 -49.345753 12.234438 1.790952 0.996531 0.843412
479523750 -22.395123 -46.235035 11.950424 2.125955 1.015074 0.752209
499503906 -21.407261 -42.601971 8.149218 2.065837 1.031052 0.818759
519484063 -18.902870 -39.573921 -1.025172 1.983282 1.136899 1.092803
539464219 -14.358364 -35.342125 -7.407166 1.712389 1.247429 1.404894
559444375 -8.737385 -31.629877 -8.514498 2.694692 1.477453 0.431203
579425521 -4.414598 -29.764778 -6.562278 -2.592115 1.372100 -0.604423
599405000 0.010151 -29.411972 -4.155496 -2.592115 1.372100 -0.604423
619384479 4.200315 -28.493196 -4.009340 -2.247456 1.264172 -0.973407
639364011 10.561064 -26.212759 -6.332020 -1.733178 0.888661 -1.582526
659343594 14.360462 -21.581482 -9.350226 -1.733178 0.888661 -1.582526
679323229 13.623268 -16.424519 -9.617554 -1.768869 0.776209 -1.599099
699302969 11.402983 -12.115067 -8.220172 -1.842940 0.703196 -1.503007
719282813 9.884022 -9.028970 -5.823941 -1.906697 0.614855 -1.305237
739262761 9.107437 -6.950718 -3.124402 -2.006299 0.435136 -0.970484
759242813 8.876864 -5.745750 -1.460106 -1.995024 0.435136 -0.970484
779222969 7.831481 -4.679847 -0.092650 -2.104996 0.349911 -0.713939
799203229 6.373902 -3.730252 1.045411 -2.104996 0.349911 -0.713939
819183594 5.129319 -2.820421 2.107879 -2.049496 0.303883 -0.597923
839164063 3.407468 -1.998423 2.956788 -2.127561 0.263234 -0.461386
859144583 2.006253 -1.058469 3.620396 -2.124485 0.204559 -0.351889
879125156 1.361954 -0.314187 3.507087 -2.037331 0.157872 -0.313399
899105781 1.232026 -0.043126 2.857807 -1.941327 0.142629 -0.320219
919086406 1.306490 -0.030785 1.839334 -1.935129 0.146033 -0.348622
939067031 0.935767 0.106134 1.060173 -1.854487 0.138599 -0.334573
959047656 -0.969143 0.465974 1.416701 -1.874072 0.105543 -0.155616
979027969 -1.230069 0.964948 1.965890 -1.659022 0.029378 -0.221761
999008125 -0.287254 1.219869 1.881151 -1.587809 0.026511 -0.233491
1018988229 -0.217260 1.153043 1.609931 -1.582259 0.024356 -0.219269
1038968333 -0.471945 1.056864 1.031350 -1.582259 0.024356 -0.219269
1058948438 -1.131100 1.037593 1.119179 -1.658760 0.018190 -0.196941
1078930052 -0.925490 0.897287 0.417486 -1.660302 0.026132 -0.273151
1098908854 -0.436838 0.747834 -0.308197 -1.660302 0.026132 -0.273151
1118887708 -0.404289 0.642731 -0.705500 -1.617886 0.031576 -0.296890
1138866667 -0.298764 0.359814 -0.884668 -1.681423 0.058521 -0.320932
1158845729 -0.038988 0.081480 -1.119194 -1.728975 0.087328 -0.363132
1178824948 0.074974 -0.000502 -0.988198 -1.715569 0.092256 -0.374901
1198804375 0.547190 -0.238412 -1.361151 -1.783438 0.142104 -0.501470
1218784011 0.985707 -0.434846 -1.760405 -1.783438 0.142104 -0.501470
1238763854 1.007103 -0.611635 -1.804718 -1.816843 0.158529 -0.480632
1258743906 0.321677 -0.567314 -0.554338 -1.795887 0.133514 -0.275937
1278724167 0.140172 -0.703449 0.663884 -1.795887 0.133514 -0.275937
1298704636 0.672076 -0.321050 -0.109417 -1.736759 0.103353 -0.351460
1318685313 0.204743 0.032698 0.369843 -1.616212 0.062639 -0.287307
1338666146 -0.790127 0.525896 1.441693 -1.453824 0.006243 -0.167453
1358647136 -0.631481 0.701567 0.991620 -1.338019 -0.017821 -0.187526
1378628229 -0.511074 0.886682 0.206771 -1.191854 -0.075820 -0.195349
1398609375 -0.795867 1.159818 0.077055 -1.191854 -0.075820 -0.195349
1418590521 -0.673946 1.007168 -0.262933 -1.201946 -0.062838 -0.218560
1438571511 -0.912254 0.920278 -0.020764 -1.190219 -0.053949 -0.187018
1458551667 -1.096634 0.536322 0.363532 -1.219069 -0.014683 -0.158257
1478531823 -1.065922 0.107774 0.213402 -1.463131 0.027505 -0.161601
1498511979 -0.902875 -0.499027 0.136158 -1.832341 0.166350 -0.244697
