0 0.634402 -0.102919 -0.616362 -0.351785 0.008512 -0.149000
19979687 0.356991 -0.111555 -0.002944 -0.269557 0.010487 -0.111599
39959375 0.535643 -0.200991 0.203548 -0.299424 0.019935 -0.129507
59939062 0.569802 -0.189607 -0.011143 -0.282346 0.016421 -0.123703
79918750 0.410591 -0.130367 -0.293131 -0.245676 0.016421 -0.123703
99898437 0.403881 0.045954 -0.312787 -0.173589 0.001096 -0.120398
119878125 0.374326 0.212009 0.073581 -0.200627 -0.013713 -0.110722
139857812 0.384163 0.426678 0.512607 -0.158697 -0.035238 -0.108275
159837500 0.614449 0.948269 0.513628 -0.361510 -0.173447 -0.242952
179817187 1.551544 1.691428 -0.018991 -0.331117 -0.173447 -0.242952
199796875 2.813244 1.995936 -1.120063 -0.674506 -0.204206 -0.562593
219776562 3.829075 1.754094 -2.249288 -0.810208 -0.120732 -0.642604
239756250 4.679325 1.154942 -2.344547 -0.848822 -0.033928 -0.608700
259735937 5.176013 0.530727 -1.138982 -0.794430 -0.033928 -0.608700
279715625 5.811968 0.032942 0.640952 -0.813794 0.019013 -0.568740
299695312 7.637982 -0.398276 0.825974 -0.915340 0.051911 -0.679990
319675000 9.500490 -1.114838 -0.260688 -0.966649 0.102798 -0.838978
339654687 11.668941 -2.544512 -1.715984 -1.043891 0.196063 -1.013476
359634375 13.703232 -4.910513 -2.411545 -1.085302 0.325922 -1.115098
379614062 14.076763 -7.424160 -1.394240 -1.241587 0.496685 -0.962904
399593750 15.304915 -9.435854 1.531734 -1.211373 0.496685 -0.962904
419573437 17.976650 -12.221050 4.394755 -1.279903 0.528365 -0.923318
439553125 19.443285 -16.252401 6.028101 -1.398447 0.613913 -0.898419
459532812 18.852760 -20.494617 8.174420 -1.699584 0.705202 -0.805456
479512500 17.728180 -24.773083 9.430959 -2.009577 0.792363 -0.724873
499492187 16.190977 -29.502970 7.853726 -2.293833 0.915125 -0.710182
519471875 13.574318 -32.704323 3.900241 -2.538449 1.058945 -0.736717
539451562 11.362427 -34.542313 -0.635542 -2.471019 1.193096 -0.835759
559431250 8.767212 -35.406021 -2.668276 -2.539137 1.285486 -0.811026
579410937 6.700290 -36.343441 -3.104905 -2.707737 1.338083 -0.681297
599390625 3.699756 -37.153572 -2.609943 -3.098665 1.368967 -0.331420
619370312 0.560029 -37.228207 -2.628057 2.843550 1.380101 0.085482
639350000 -1.877325 -36.552921 -2.644558 2.554003 1.361569 0.409257
659329687 -4.279856 -34.927597 -2.942065 2.274152 1.322900 0.697208
679309375 -5.813219 -33.355442 -1.682542 2.348519 1.255405 0.735496
699289062 -8.831365 -31.927910 -2.491160 1.983487 1.040096 1.366182
719268750 -14.309082 -27.897310 -6.234530 2.120578 0.762478 1.408099
739248437 -19.847698 -21.354486 -5.966408 2.194058 0.762478 1.408099
759228125 -21.056917 -16.538624 -4.622976 2.302738 0.599593 1.359226
779207812 -20.497488 -13.462876 -4.250171 2.273010 0.514973 1.336962
799187500 -20.462729 -9.660878 -2.345067 2.324023 0.373952 1.252088
819167187 -21.409729 -5.817978 -0.791473 2.295584 0.209727 1.200690
839146875 -18.938091 -3.535970 -0.631397 2.273815 0.134079 1.151827
859126562 -12.815593 -2.536855 0.133993 2.337572 0.123252 0.961934
879106250 -7.496600 -1.289442 2.512534 2.487537 0.062434 0.616790
899085937 -5.189758 0.179815 3.592567 2.567578 -0.038450 0.440617
919065625 -4.878637 1.197942 1.980226 2.473070 -0.124562 0.471135
939045312 -5.185480 1.393163 -0.161210 2.332009 -0.159907 0.584825
959025000 -5.324285 1.544099 -0.965796 2.218796 -0.176834 0.642029
979004687 -4.912002 1.444515 -0.417448 2.282690 -0.158013 0.584978
998984375 -3.896438 0.901684 0.105922 2.441679 -0.102998 0.480107
1018964062 -2.702322 0.512405 0.139068 2.579718 -0.062945 0.374505
1038943750 -2.320728 0.410996 0.662186 2.682268 -0.046040 0.324361
1058923437 -1.857502 0.168009 1.177832 2.703344 -0.020282 0.273744
1078903125 -0.976243 -0.164613 1.239062 3.013715 0.016322 0.059438
1098882812 0.599224 -0.219100 1.110508 2.988508 0.016322 0.059438
1118862500 1.996671 -0.054304 1.302458 -3.046558 0.000505 -0.067219
1138842187 2.314180 0.333468 1.533321 -3.038749 -0.036301 -0.093018
1158821875 2.170953 0.538922 1.404191 -3.100069 -0.058630 -0.080542
1178801562 2.109173 0.599340 0.989846 -3.124581 -0.070477 -0.077335
1198781250 2.210330 0.406926 0.649229 -3.084114 -0.057294 -0.089303
1218760937 2.183056 0.210834 0.513444 -3.057909 -0.041410 -0.088593
1238740625 1.857574 0.054509 0.753034 -3.132304 -0.029329 -0.057195
1258720312 1.899497 -0.192734 0.680178 -3.095301 0.020683 -0.075234
1278700000 2.000502 -0.586308 0.011564 3.104799 0.020683 -0.075234
1298679687 1.377144 -0.845637 -0.664509 3.051593 0.041894 -0.010042
1318659375 -0.264656 -0.793573 -1.481971 2.510714 -0.005804 0.401473
1338639062 -1.765375 -0.508289 -2.748690 2.525932 -0.005804 0.401473
1358618750 -1.494734 -0.048706 -3.144147 2.461514 -0.058060 0.385110
1378598437 -0.324104 0.192086 -1.647800 2.632324 -0.060671 0.191191
1398578125 0.708466 0.259863 0.869868 2.898858 -0.041635 0.060082
1418557812 1.436495 0.174276 2.806123 2.973140 -0.025339 -0.006049
1438537500 2.894429 0.245728 2.134484 -3.099729 -0.032659 -0.135199
1458517187 4.253795 0.651637 0.533455 -2.724272 -0.072300 -0.289146
1478496875 4.562980 1.242931 -0.310204 -2.781124 -0.120356 -0.244192
