0 -0.329303 -0.226059 -0.452427 1.840735 -0.152327 0.094893
19980208 -0.555002 -0.073097 -0.762209 1.841400 -0.132170 0.100057
39960417 -0.423244 -0.268097 0.365019 1.882522 -0.132170 0.100057
59940625 -0.479264 -0.314856 0.661871 1.934355 -0.123669 0.099905
79920833 -0.734672 0.049188 -0.015635 1.787086 -0.216316 0.155380
99901042 -0.897600 0.391882 -0.738013 1.730940 -0.216316 0.155380
119881250 -0.888947 0.869140 -1.089515 1.684256 -0.271978 0.153312
139861458 -0.304878 0.657061 -0.833273 1.743390 -0.170564 0.069353
159841667 -0.335074 0.183108 -0.313293 1.807401 -0.148427 0.144505
179821875 -1.020364 -0.013516 -0.654136 1.829140 -0.148427 0.144505
199802083 -3.697145 0.610403 -1.262489 1.708376 -0.200673 0.443039
219782292 -8.252400 2.024153 -0.685587 1.717736 -0.249152 0.754629
239762500 -12.216128 2.696042 0.167966 1.698039 -0.224525 0.894828
259742708 -16.038614 2.252933 3.004205 1.676129 -0.041769 0.900677
279722917 -19.453066 0.305453 5.595538 1.683686 0.053378 0.942208
299703125 -21.940050 -2.208410 6.070623 1.625759 0.155842 1.005353
319683333 -23.884104 -5.212933 5.229006 1.593845 0.261774 1.035698
339663542 -25.387629 -8.641517 5.060616 1.537601 0.388957 1.055747
359643750 -26.371933 -12.993477 4.863812 1.469921 0.511589 1.052412
379623958 -27.509735 -18.009171 5.504705 1.443718 0.595690 1.010744
399604167 -29.786137 -23.621103 8.271686 1.359359 0.595690 1.010744
419584375 -30.669281 -29.904877 11.710805 1.412446 0.677664 0.939245
439564583 -29.960138 -36.414162 9.827793 1.395116 0.937518 1.030402
459544792 -27.571033 -41.901985 5.920862 1.484967 1.046028 1.070870
479525000 -23.998260 -44.935944 2.688888 1.484967 1.046028 1.070870
499505208 -19.473591 -46.365696 3.152528 1.764844 1.118633 0.958156
519485417 -15.151655 -46.023533 3.323091 1.924282 1.173469 0.823740
539465625 -13.175857 -44.066631 2.861656 2.101240 1.190060 0.772081
559445833 -11.857790 -42.799835 5.253412 2.383589 1.157911 0.636962
579426042 -8.452245 -41.436172 8.835047 2.728973 1.112834 0.403610
599406250 -3.943429 -39.391392 9.072692 3.105276 1.110674 0.195640
619386458 1.033837 -36.736916 5.192266 -2.747936 1.176361 -0.065341
639366667 5.844367 -32.823307 1.750704 -2.321827 1.191623 -0.453878
659346875 10.916605 -28.550125 0.456088 -1.994705 1.084678 -0.805797
679327083 17.454832 -24.819450 0.005513 -1.784304 0.885599 -1.055097
699307292 21.866714 -20.597931 1.162382 -1.771999 0.688759 -1.101848
719287500 20.415152 -15.655928 1.448807 -1.815727 0.505843 -0.998312
739267708 16.220190 -10.958532 0.237456 -1.815727 0.505843 -0.998312
759247917 13.934604 -7.608909 0.855688 -1.870956 0.389956 -0.885379
779228125 12.769794 -5.346590 2.514382 -1.881750 0.270784 -0.759796
799208333 9.795645 -3.203915 3.204762 -1.871677 0.169882 -0.586700
819188542 6.299253 -1.551850 3.162462 -1.824681 0.081283 -0.377558
839168750 4.650276 -0.867284 2.770378 -1.834648 0.064609 -0.270418
859148958 4.522357 -1.061643 2.673049 -1.812432 0.064609 -0.270418
879129167 4.507346 -1.169758 2.429217 -1.859948 0.080662 -0.278995
899109427 3.163670 -0.861089 2.488536 -1.893341 0.028434 0.000211
919089687 0.898833 -0.353836 2.285101 -1.883412 0.028434 0.000211
939069948 -0.385051 0.154822 1.765761 -1.782652 -0.041240 0.128577
959050208 -0.792415 0.574752 2.163956 -1.572211 -0.067178 0.114445
979030469 -0.740727 0.894669 2.149812 -1.613283 -0.067178 0.114445
999010729 -0.809986 1.072995 1.484074 -1.574966 -0.087730 0.117274
1018990989 -0.875916 1.111814 0.556973 -1.464842 -0.100163 0.125459
1038971250 -1.021949 1.189973 0.222610 -1.221098 -0.126539 0.146299
1058951510 -1.205711 1.370550 0.515071 -1.365803 -0.111503 0.075470
1078931771 -0.518341 1.185275 0.616276 -1.365803 -0.111503 0.075470
1098912031 -0.011670 0.877934 0.517156 -1.521670 -0.087112 0.023869
1118892292 -0.006314 0.640901 0.066003 -1.590362 -0.070022 0.022013
1138872552 -0.273588 0.631478 -0.149565 -1.527778 -0.060002 0.009282
1158852812 0.031431 0.527395 -0.063770 -1.671186 -0.033628 -0.073265
1178833073 0.765622 0.273004 -0.125902 -1.671186 -0.033628 -0.073265
1198813333 1.399562 -0.107935 -0.435390 -1.652292 0.007292 -0.150375
1218793594 1.672180 -0.505771 -0.594995 -1.733364 0.053699 -0.193233
1238773854 1.775426 -0.831998 -0.356368 -1.743050 0.089365 -0.213296
1258754114 2.064767 -1.152680 -0.714687 -1.756329 0.126883 -0.261866
1278734375 2.211248 -1.347569 -1.088474 -1.791259 0.150558 -0.287498
1298714635 0.895437 -0.727636 -0.617449 -1.730813 0.075577 -0.127026
1318694896 0.086737 -0.241245 0.086300 -1.633764 0.017366 -0.033852
1338675156 0.393971 -0.012915 -0.214011 -1.509484 -0.006548 -0.069551
1358655417 0.343694 0.161045 -0.150558 -1.418430 -0.022694 -0.066066
1378635677 -0.483026 0.530134 0.418235 -1.321317 -0.048737 0.045409
1398615937 -0.830024 0.524829 0.785071 -1.321317 -0.048737 0.045409
1418596198 -0.610861 0.320825 0.962934 -1.350721 -0.021245 0.013386
1438576458 -0.085395 0.027658 1.103162 -1.318121 0.017055 -0.051666
1458556719 -0.310686 0.112661 1.583483 -1.220600 0.019769 -0.046930
1478536979 -1.295993 0.578726 2.162683 -0.990508 -0.012597 0.021849
