0 0.183158 -0.005104 0.107458 -0.107800 -0.049638 -0.089607
19979583 0.159778 -0.097781 0.194510 -0.051345 -0.049638 -0.089607
39959167 0.111718 -0.070924 0.191459 0.045467 -0.062736 -0.070981
59938750 -0.009686 0.045859 0.198230 -0.012886 -0.062736 -0.070981
79918333 -0.136442 0.141533 0.224472 -0.034006 -0.073225 -0.057643
99897917 -0.067973 0.071060 0.093318 0.011740 -0.068278 -0.066276
119877500 -0.130206 -0.038133 0.051428 -0.009694 -0.059237 -0.062127
139857083 -0.373315 -0.125602 0.217346 0.096813 -0.052957 -0.039198
159836667 -0.393599 -0.100993 0.041009 0.127616 -0.060872 -0.041424
179816250 -0.210707 -0.140141 -0.464368 0.037736 -0.069459 -0.066093
199795833 -0.277045 -0.085744 -0.906263 -0.040934 -0.079661 -0.080780
219775417 -0.138697 0.066483 -0.571350 -0.071010 -0.079661 -0.080780
239755000 -0.031237 0.279032 -0.192451 -0.004746 -0.095696 -0.090297
259734583 0.265777 0.313438 0.064357 -0.169891 -0.094293 -0.121940
279714167 1.001590 0.370791 -0.159816 -0.210777 -0.099711 -0.206945
299693750 2.117416 0.328376 -0.622475 -0.884395 -0.004537 -0.635267
319673333 5.155578 -0.361913 -1.145043 -1.095104 0.026515 -0.931791
339652917 10.614853 -0.557188 -0.901009 -1.077891 0.067683 -1.060055
359632500 19.579922 -1.532764 1.909604 -1.117177 0.113259 -1.063220
379612083 26.285542 -3.377643 5.414853 -1.063999 0.166029 -1.014338
399591667 27.372330 -5.520180 7.791592 -1.132170 0.256565 -1.069108
419571250 29.950474 -9.444680 7.141494 -1.164003 0.256565 -1.069108
439550833 32.348545 -15.226777 4.787609 -1.337424 0.385067 -1.158123
459530417 31.525707 -22.496424 1.862059 -1.526203 0.564424 -1.225962
479510000 28.888962 -31.258112 1.592914 -1.815937 0.764971 -1.204828
499489583 27.076120 -42.241482 4.604066 -2.256359 0.923193 -1.093975
519469167 21.726618 -51.835571 9.992913 -2.574265 1.037636 -0.851640
539448750 15.439173 -56.344944 11.203922 -2.902354 1.122680 -0.658028
559428333 11.529346 -56.470455 11.131903 -3.035784 1.157805 -0.521719
579407917 8.220217 -54.519779 10.725062 -3.088158 1.174234 -0.387652
599387500 5.167878 -50.686539 4.755694 -3.096799 1.269326 -0.326123
619367083 1.977270 -45.245739 -1.145289 3.138197 1.380125 -0.122321
639346667 -1.178210 -39.938774 -2.174051 2.810973 1.371356 0.388141
659326250 -3.006689 -36.073013 0.451200 2.736465 1.166465 0.662596
679305833 -5.206170 -32.350838 1.260551 2.854227 1.166465 0.662596
699285417 -9.204066 -28.278337 -1.654051 2.686364 1.074505 1.039261
719265000 -14.419314 -23.670771 -5.829115 2.445260 0.664986 1.522504
739244583 -17.988344 -18.756615 -7.661413 2.463241 0.664986 1.522504
759224167 -18.396650 -14.221177 -6.754838 2.485534 0.510534 1.483145
779203698 -16.273697 -11.187657 -4.675670 2.543624 0.431865 1.369680
799183229 -13.403080 -9.158158 -3.054845 2.660596 0.388710 1.241791
819162760 -11.405246 -7.247625 -3.246949 2.608927 0.328370 1.204224
839142292 -10.032456 -5.433091 -3.685053 2.643109 0.244434 1.191279
859121823 -9.166813 -3.861215 -3.370020 2.573615 0.146209 1.140033
879101354 -8.356344 -2.748416 -3.074970 2.617275 0.071615 1.088849
899080885 -6.919083 -2.055178 -2.305853 2.631516 0.025939 0.970788
919060417 -5.533059 -1.651434 -1.699567 2.723127 0.001815 0.849105
939039948 -4.944607 -1.242826 -0.988071 2.744408 -0.023498 0.757437
959019479 -4.632017 -0.891612 -0.668130 2.821475 -0.042645 0.708053
978999010 -4.786177 -0.591283 -0.584683 2.739837 -0.055383 0.705727
998978542 -4.317686 -0.298938 -0.466367 2.824089 -0.067316 0.661265
1018958073 -3.043204 -0.331928 0.111014 2.958725 -0.048205 0.531691
1038937604 -1.854783 -0.433232 1.238772 -3.082201 -0.021297 0.386563
1058917135 -0.760445 -0.510929 1.891408 -2.877296 0.000058 0.273685
1078896667 0.404423 -0.507146 2.073351 -2.880687 0.013048 0.169901
1098876198 1.026348 -0.351378 2.638324 -2.788118 0.009703 0.112191
1118855729 1.132945 -0.309195 3.065261 -2.745103 0.012086 0.101680
1138835260 1.153098 -0.353419 3.067031 -2.832414 0.017892 0.101987
1158814792 1.133567 -0.771185 3.144197 -2.820778 0.048902 0.102774
1178794323 1.048877 -1.382656 3.351479 -2.861018 0.088613 0.104672
1198773854 0.294790 -1.289656 2.225632 -2.952000 0.078243 0.176275
1218753385 -0.447591 -0.532527 1.060886 -3.048609 0.004538 0.265598
1238732917 0.157169 -0.006296 0.384519 -3.073400 -0.056508 0.232763
1258712448 1.216695 0.366538 0.420197 -2.919553 -0.102036 0.136638
1278691979 2.175310 0.683529 0.534670 -2.760082 -0.139325 0.046548
1298671510 2.663614 0.771112 0.654696 -2.715733 -0.151913 0.001717
1318651042 2.791782 0.821574 0.610131 -2.669308 -0.174583 -0.011205
1338630573 2.761218 0.839909 0.448778 -2.737229 -0.174583 -0.011205
1358610104 2.393912 0.845792 0.148471 -2.865058 -0.187451 0.023410
1378589635 1.613528 0.695007 -0.347917 -2.983640 -0.186784 0.109616
1398569167 0.708027 0.593136 -0.585451 -3.091969 -0.184037 0.212119
1418548698 0.143963 0.355430 -0.361835 3.034199 -0.159402 0.262948
1438528229 -0.109306 0.152081 -0.519857 2.895081 -0.147041 0.290074
1458507760 -0.273658 -0.011808 -0.932046 2.866017 -0.129402 0.341887
1478487292 -0.490041 -0.175254 -1.047152 2.861872 -0.129402 0.341887
