0 0.093756 -0.148920 0.271289 1.779442 -0.164272 0.061925
19979427 -0.290470 0.265773 -0.028375 1.732278 -0.199964 0.106827
39958854 -0.708901 0.629744 -0.035886 1.721143 -0.186951 0.080116
59938281 -0.469203 0.552918 0.230459 1.783305 -0.161759 0.066247
79917708 -0.377398 0.364817 0.608727 1.808772 -0.161759 0.066247
99897136 -0.555171 0.344560 0.507071 1.712271 -0.161016 0.081816
119876563 -1.341855 0.472545 0.528087 1.731994 -0.171199 0.154753
139855990 -2.906880 0.952579 0.562107 1.714352 -0.198035 0.353011
159835417 -3.844108 0.991081 0.854777 1.678358 -0.198035 0.353011
179814844 -5.797446 0.270991 1.990846 1.794484 -0.117673 0.456548
199794271 -10.165042 0.293972 3.549595 1.779245 -0.092129 0.845443
219773698 -16.342844 0.565722 4.444441 1.762704 -0.092129 0.845443
239753125 -21.354429 -0.064436 6.769802 1.765261 -0.056051 0.897572
259732552 -24.605782 -2.155899 7.501041 1.720176 0.080485 0.959951
279711979 -27.353289 -4.588909 8.618328 1.670561 0.080485 0.959951
299691406 -28.718790 -9.803327 10.127732 1.575644 0.227729 0.937554
319670833 -28.688425 -15.548979 9.638347 1.416863 0.565200 0.912816
339650261 -27.818584 -21.033743 9.654329 1.281781 0.761648 0.912421
359629688 -24.676584 -25.840883 7.098865 1.230296 0.908677 0.932505
379609115 -22.995512 -29.673767 5.176440 1.206849 1.132170 0.972174
399588542 -18.373495 -33.156433 1.003314 1.140475 1.132170 0.972174
419567969 -11.718183 -34.091988 -1.831766 1.420284 1.349186 0.792714
439547396 -7.432008 -32.283459 -1.877065 2.086757 1.413565 0.180723
459526823 -3.546291 -30.453762 0.597433 -2.942507 1.187083 -0.787413
479506250 2.721664 -29.833405 1.369869 -2.177727 1.051029 -1.166844
499485677 10.298971 -29.366028 -1.155479 -2.107047 1.051029 -1.166844
519465104 14.669893 -27.126522 -6.221966 -1.635466 0.948953 -1.463798
539444531 14.446283 -23.227354 -9.265881 -1.481413 0.894194 -1.606421
559423958 10.899408 -18.230595 -4.472458 -1.696217 0.873369 -1.284378
579403386 8.620400 -13.196386 1.813601 -1.761569 0.474609 -0.704716
599382813 8.356803 -9.298084 4.265191 -1.782664 0.474609 -0.704716
619362240 7.632873 -6.136868 2.402810 -1.650291 0.345080 -0.730801
639341667 7.073164 -3.720351 -0.317529 -1.530505 0.223948 -0.829021
659321094 6.756495 -2.314118 -1.786157 -1.417431 0.126631 -0.903029
679300521 6.235345 -1.704625 -1.584709 -1.476224 0.077882 -0.873038
699279948 5.596018 -1.631766 -1.535866 -1.457837 0.076841 -0.849945
719259375 5.183700 -1.556734 -1.817741 -1.376980 0.075286 -0.859880
739238802 5.049133 -1.740297 -2.602888 -1.496530 0.115000 -0.925285
759218229 4.595823 -1.838346 -2.959835 -1.426149 0.115000 -0.925285
779197656 4.114877 -1.929607 -2.313328 -1.426825 0.127189 -0.853183
799177083 3.167829 -1.818042 -1.734618 -1.374022 0.082521 -0.599924
819156511 1.558431 -1.305742 -1.365360 -1.351872 0.082521 -0.599924
839135938 0.186487 -0.727521 -0.686376 -0.780924 -0.033531 -0.306548
859115365 -0.681729 -0.150520 0.463692 -0.653832 -0.033531 -0.306548
879094792 -0.990999 0.191718 1.185306 -0.404061 -0.097874 -0.263996
899074219 -1.187785 0.431621 0.481437 -0.257059 -0.140288 -0.230618
919053646 -1.663287 0.705184 -0.204877 -0.223787 -0.140288 -0.230618
939033073 -1.653533 0.874175 -0.401070 -0.410444 -0.171633 -0.295762
959012500 -1.054674 0.929959 -0.506231 -0.389172 -0.171633 -0.295762
978991927 -0.859833 0.904193 -0.523226 -0.471394 -0.166850 -0.331542
998971354 -0.775166 0.892854 -0.832800 -0.461606 -0.166850 -0.331542
1018950781 -0.577182 0.810355 -0.344776 -0.516958 -0.143414 -0.331641
1038930208 -0.615697 0.774924 -0.026759 -0.412976 -0.130475 -0.313400
1058909636 -0.468328 0.602700 0.312692 -0.447119 -0.095422 -0.331023
1078889063 -0.237576 0.544426 0.340149 -0.574074 -0.095422 -0.331023
1098868490 -0.509403 0.623617 0.495919 -0.378738 -0.099561 -0.298738
1118847917 -0.903089 0.684727 0.649584 -0.292462 -0.101988 -0.255916
1138827344 -0.871894 0.705403 0.694357 -0.383966 -0.101414 -0.254926
1158806771 -0.757917 0.715704 0.884817 -0.389153 -0.100392 -0.262069
1178786198 -0.645256 0.740895 1.072567 -0.346608 -0.106852 -0.266956
1198765625 -0.687289 0.767004 0.699208 -0.294757 -0.106852 -0.266956
1218745052 -0.725018 0.720388 0.299074 -0.344752 -0.101501 -0.299001
1238724479 -0.499206 0.688100 0.171933 -0.462940 -0.101501 -0.299001
1258703906 -0.375330 0.652957 0.160077 -0.479554 -0.095820 -0.311138
1278683333 -0.092011 0.560162 0.235024 -0.463689 -0.083602 -0.336139
1298662761 -0.084434 0.432026 -0.036221 -0.569771 -0.057163 -0.360934
1318642188 0.027168 0.316658 -0.209344 -0.623515 -0.057163 -0.360934
1338621615 0.067039 0.136178 -0.129418 -0.650324 -0.020757 -0.360100
1358601042 0.240821 0.019439 0.182213 -0.659488 -0.012588 -0.356930
1378580469 0.342543 -0.055011 0.494550 -0.623512 -0.005224 -0.371408
1398559896 0.405516 -0.137916 0.188950 -0.618295 -0.012686 -0.367582
1418539323 0.317803 -0.073891 0.014585 -0.672809 -0.014231 -0.363761
1438518750 0.283286 -0.065389 -0.025540 -0.730991 0.000069 -0.387997
1458498177 0.537753 -0.213192 -0.080598 -0.663186 0.008721 -0.403375
1478477604 0.768568 -0.310239 0.048667 -0.676389 0.008316 -0.386286
1498457031 0.577693 -0.312929 0.028324 -0.650554 0.007657 -0.353909
