0 -0.746127 0.896544 0.752004 1.779887 -0.280544 0.160112
19979375 -1.637542 1.693083 0.528186 1.632271 -0.464117 0.555505
39958750 -3.821424 2.414495 -1.176313 1.613741 -0.464117 0.555505
59938125 -6.056066 2.935649 -3.338047 1.890687 -0.366072 1.081708
79917500 -8.084115 1.936452 -4.043180 1.855441 -0.213161 1.139057
99896875 -16.338999 2.304032 -1.094445 1.846973 -0.213161 1.139057
119876250 -26.959518 2.870777 3.441030 1.762635 -0.022064 1.060493
139855625 -29.746458 -0.589449 7.168769 1.734408 -0.022064 1.060493
159835000 -27.784140 -5.108827 9.344731 1.672549 0.110066 0.965234
179814375 -29.229069 -9.653476 7.070746 1.585040 0.241672 1.037316
199793750 -31.334599 -15.063374 4.279615 1.362540 0.551629 1.178371
219773125 -31.511822 -20.769434 2.683086 1.362540 0.551629 1.178371
239752500 -31.545727 -25.846613 3.019435 1.140481 0.676472 1.166693
259731875 -31.231339 -30.610884 3.841100 1.093456 0.912783 1.102818
279711250 -28.911184 -35.967037 3.865911 1.099356 0.912783 1.102818
299690625 -21.812597 -41.660458 1.431873 1.306167 1.314961 1.034146
319670000 -14.338800 -43.649563 -2.510683 1.662577 1.462627 0.858986
339649375 -7.637609 -40.859333 -5.497201 2.603114 1.392472 0.023702
359628750 -4.197694 -37.406975 -1.520965 3.085245 1.286635 -0.324607
379608125 -0.298292 -37.110538 2.160993 -2.525263 1.228225 -0.734242
399587500 5.668393 -37.351559 1.590627 -1.918364 1.136688 -1.157279
419566875 12.245852 -35.297588 -2.061520 -1.840993 1.136688 -1.157279
439546198 19.229706 -30.433067 -6.570610 -1.319845 0.750581 -1.527223
459525521 23.162308 -23.465927 -7.924950 -1.356688 0.750581 -1.527223
479504844 21.842051 -16.312502 -8.358494 -1.307983 0.506026 -1.497208
499484167 17.361164 -10.584731 -7.641661 -1.333642 0.433021 -1.354985
519463490 11.863256 -6.376563 -5.961855 -1.368746 0.433021 -1.354985
539442813 7.500060 -3.452711 -4.003105 -1.397166 0.332024 -1.097847
559422136 4.686949 -1.546248 -1.489120 -1.277013 0.184053 -0.754355
579401459 2.315231 -0.289102 0.254354 -0.853219 -0.019006 -0.324397
599380782 0.957875 0.473523 1.191253 -0.783787 -0.019006 -0.324397
619360104 0.103263 0.750284 0.118333 -0.694533 -0.109553 -0.272184
639339427 -0.196191 1.023154 -0.909738 -0.668373 -0.109553 -0.272184
659318750 -0.224954 1.001209 -1.593588 -0.795186 -0.081322 -0.315265
679298073 -0.071138 0.733501 -1.560603 -0.861641 -0.065833 -0.393408
699277396 0.614371 0.700068 -1.398579 -0.867125 -0.065833 -0.393408
719256719 0.851378 0.585775 -1.422094 -0.879979 -0.016613 -0.394756
739236042 0.819126 0.484344 -0.726758 -0.921541 0.017004 -0.392562
759215365 1.050876 0.253463 -0.051810 -0.786087 0.029822 -0.370909
779194688 1.050584 0.168404 0.551941 -0.814827 0.034861 -0.354826
799174011 0.937327 0.150022 0.736765 -0.872509 0.048060 -0.365018
819153334 0.910820 0.068143 0.399389 -0.835621 0.061867 -0.359177
839132657 0.840767 -0.027937 0.448673 -0.766500 0.075681 -0.355314
859111979 0.792504 -0.132461 0.476130 -0.817836 0.075681 -0.355314
879091302 0.833683 -0.161630 0.888048 -0.861851 0.075934 -0.345553
899070625 0.710012 -0.140201 0.695557 -0.861969 0.073875 -0.338973
919049948 0.725901 -0.116461 0.102198 -0.786306 0.077973 -0.353165
939029271 0.619954 -0.136731 -0.057612 -0.856608 0.077973 -0.353165
959008594 0.937326 -0.138108 -0.159925 -0.843328 0.079537 -0.378156
978987917 0.961493 -0.149488 0.244816 -0.811963 0.076554 -0.349393
998967240 0.736166 -0.136108 0.549977 -0.761670 0.076554 -0.349393
1018946563 0.668818 -0.216195 0.685463 -0.708239 0.080738 -0.339708
1038925886 0.794058 -0.420573 0.412550 -0.823535 0.098539 -0.360268
1058905209 1.197988 -0.811841 -0.037468 -1.047091 0.168532 -0.438396
1078884532 1.450091 -1.185906 0.031827 -1.035850 0.200274 -0.451255
1098863854 1.477886 -1.501365 -0.143476 -1.175897 0.231376 -0.460334
1118843177 1.709281 -1.930263 0.176800 -1.023039 0.256045 -0.456631
1138822500 2.028453 -2.472611 0.998055 -1.197576 0.281564 -0.459731
1158801823 2.141242 -2.927379 1.182704 -1.138265 0.281564 -0.459731
1178781146 1.712194 -3.303999 0.806149 -1.419090 0.343651 -0.420187
1198760469 1.303198 -3.532327 0.225541 -1.323542 0.343651 -0.420187
1218739792 1.684506 -3.186466 -0.086808 -1.198500 0.274715 -0.494534
1238719115 2.068497 -3.016142 -0.462790 -1.088082 0.236252 -0.461089
1258698490 1.918077 -2.846415 -0.198813 -1.122150 0.236252 -0.461089
1278677865 0.545199 -2.527742 -0.276283 -0.214827 0.101405 -0.203342
1298657240 -0.906634 -1.583062 -0.894206 -0.184888 -0.008592 -0.208199
1318636615 -0.925303 -0.752135 -1.169738 -0.148041 -0.045160 -0.267969
1338615990 -0.295843 -0.533169 -0.795439 -0.159444 -0.037557 -0.315930
1358595365 0.272078 -0.692497 -0.424205 -0.499701 -0.020591 -0.417138
1378574740 1.065082 -0.959100 -0.978021 -0.493796 -0.041562 -0.466027
1398554115 1.400564 -0.859522 -1.322104 -0.570878 -0.041562 -0.466027
1418533490 1.152295 -0.427100 -0.716407 -0.097335 -0.110868 -0.364981
1438512865 0.635073 -0.352165 -0.634198 -0.192736 -0.102787 -0.393100
1458492240 0.735171 -0.514234 -0.933949 -0.192736 -0.102787 -0.393100
1478471615 1.192322 -1.168284 -1.451922 -0.372026 -0.033219 -0.471054
1498450990 1.703878 -2.546989 -2.789020 -1.857995 0.314970 -0.642749
