0 0.816657 -0.067506 0.126012 -0.190972 -0.078717 -0.178804
19979583 0.826847 -0.117006 0.491754 -0.257046 -0.078717 -0.178804
39959167 0.635870 -0.048858 0.735806 -0.150534 -0.084241 -0.158410
59938750 0.656991 -0.010722 0.421777 -0.179704 -0.092737 -0.167304
79918333 0.860100 0.018738 -0.165121 -0.190339 -0.102882 -0.201240
99897917 0.886698 0.021364 -0.558712 -0.201687 -0.107231 -0.215794
119877500 0.785678 0.022702 -0.314596 -0.230695 -0.103811 -0.202509
139857083 0.901818 -0.038070 -0.083148 -0.168215 -0.093740 -0.212281
159836667 1.298720 -0.022438 0.053969 -0.503602 -0.081090 -0.357428
179816250 2.376179 -0.089122 0.058042 -0.723695 -0.056262 -0.515426
199795833 4.189024 -0.281122 0.068815 -0.687315 -0.056262 -0.515426
219775417 6.772884 -0.496112 0.302981 -0.968465 -0.024020 -0.765804
239755000 9.012172 -0.525405 1.537578 -0.958670 -0.024281 -0.819499
259734583 11.636070 -0.513549 3.160402 -0.906262 -0.024281 -0.819499
279714167 15.069515 0.054330 4.743259 -0.922933 -0.053908 -0.879435
299693750 18.304218 0.266193 5.013835 -1.017697 -0.068195 -0.954474
319673333 22.226685 -1.186774 3.847717 -1.324671 0.070286 -1.193581
339652917 26.476202 -4.198942 1.696561 -1.354181 0.070286 -1.193581
359632500 29.345545 -9.405251 1.091776 -1.591650 0.216087 -1.238088
379612083 31.426027 -16.255539 2.878846 -1.858136 0.379192 -1.204027
399591667 30.575703 -24.265699 5.183530 -2.134866 0.562465 -1.127796
419571250 28.688330 -31.751516 7.340117 -2.337258 0.873363 -1.135520
439550833 30.622059 -42.172539 4.529601 -2.492940 1.045587 -1.000607
459530417 24.561579 -50.071358 5.535467 -2.424737 1.045587 -1.000607
479510000 16.651234 -49.162209 8.673113 -2.579758 1.114941 -0.681415
499489583 15.591576 -47.302456 11.785482 -2.496750 1.137151 -0.710990
519469167 16.684938 -45.621124 6.507547 -2.419504 1.137151 -0.710990
539448750 13.836166 -43.267357 -0.192192 -2.114982 1.267461 -0.864831
559428333 7.582102 -40.835396 -5.352792 -1.948205 1.458749 -0.809928
579407917 0.349013 -36.761024 -6.373688 2.646520 1.440136 1.167453
599387500 -5.226129 -32.166641 -5.150892 2.631024 1.098416 1.334394
619367083 -8.986601 -28.233309 -4.720556 2.663498 1.098416 1.334394
639346667 -11.587269 -24.577194 -4.466352 2.690983 0.862029 1.312397
659326250 -12.823531 -21.151625 -3.669071 2.803859 0.747498 1.213989
679305833 -13.184811 -17.583565 -1.948963 2.752491 0.592500 1.238432
699285417 -14.128325 -13.508300 -2.342253 2.740228 0.592500 1.238432
719265000 -14.153489 -9.610715 -3.719720 2.601262 0.312954 1.255581
739244583 -12.317600 -6.718961 -3.431977 2.587492 0.312954 1.255581
759224167 -9.563464 -4.830921 -3.480460 2.623412 0.229455 1.195938
779203750 -6.798036 -3.633167 -3.052812 2.717287 0.163133 1.070305
799183333 -5.120086 -2.618743 -2.231297 2.830195 0.075897 0.917377
819162917 -3.665841 -1.952182 -1.965380 2.993677 0.012393 0.792507
839142500 -2.796992 -1.451115 -1.593457 -3.130171 -0.035758 0.684345
859122083 -2.424791 -1.259540 -0.436621 -3.072238 -0.044269 0.566210
879101667 -1.936019 -1.413545 0.154181 -2.984514 -0.017616 0.477989
899081250 -1.764574 -1.375810 0.179961 -2.905536 -0.014796 0.374304
919060833 -0.985062 -1.123010 0.216822 -2.907831 -0.014796 0.374304
939040417 -0.170066 -0.972854 1.276631 -2.810382 -0.011504 0.268606
959020000 0.215837 -0.752609 2.731343 -2.790126 -0.019711 0.205264
978999583 0.781619 -0.493467 2.827311 -2.699528 -0.037845 0.155667
998979167 1.329458 -0.213689 1.836178 -2.698020 -0.064669 0.117603
1018958750 1.796725 0.030190 1.368952 -2.609478 -0.088377 0.075406
1038938333 1.855197 0.146649 1.716754 -2.600638 -0.095061 0.064608
1058917917 1.646446 0.175277 1.906800 -2.700200 -0.096647 0.080579
1078897500 1.033092 0.091114 1.636958 -2.852719 -0.075130 0.149203
1098877083 0.996806 -0.168316 1.286887 -2.821415 -0.075130 0.149203
1118856667 1.182733 -0.474453 1.325925 -2.844006 -0.050822 0.133134
1138836250 1.290351 -0.691964 1.338388 -2.828773 -0.035991 0.123182
1158815833 0.671569 -0.445898 1.212418 -2.883661 -0.065878 0.182623
1178795417 0.543209 -0.276677 0.831808 -2.996135 -0.089006 0.195055
1198775000 0.674924 -0.363408 0.878237 -2.983046 -0.089006 0.195055
1218754583 0.401582 -0.438074 1.097983 -3.045998 -0.087245 0.218987
1238734167 0.052513 -0.359736 0.882062 -3.105297 -0.117299 0.268267
1258713750 0.061484 -0.351322 0.592920 -3.138412 -0.108076 0.243920
1278693333 0.382092 -0.559852 0.541374 3.138462 -0.108076 0.243920
1298672917 0.549382 -0.683076 0.562165 3.133570 -0.113653 0.239839
1318652500 0.553281 -0.755036 0.428226 3.131608 -0.132347 0.245930
1338632083 0.516407 -0.709629 0.428553 3.006789 -0.174426 0.274066
1358611667 0.396574 -0.511645 -0.027735 3.025597 -0.220300 0.275580
1378591250 0.600655 -0.341309 -0.606030 2.951211 -0.220300 0.275580
1398570833 1.145295 -0.500582 -0.839724 2.954560 -0.223954 0.226597
1418550417 1.830909 -0.649209 -0.738756 3.096782 -0.217178 0.146423
1438529948 1.923468 -0.446978 -0.416491 3.087502 -0.240340 0.130622
1458509479 1.951201 -0.359921 -0.047080 -3.122439 -0.248395 0.122259
1478489010 1.874197 -0.509367 -0.367147 3.080104 -0.247623 0.136806
1498468542 1.063912 -0.339137 -0.445065 2.895257 -0.270311 0.230488
