0 -0.278451 -0.109561 0.077625 0.201453 -0.007605 -0.062724
19979583 0.070211 -0.225976 -0.221744 0.209752 -0.007605 -0.062724
39959167 0.521486 -0.216787 -0.354509 0.085872 -0.005102 -0.113297
59938750 0.519525 -0.053182 0.183971 0.055392 -0.019481 -0.106997
79918333 0.128044 0.019645 0.599054 0.153807 -0.026225 -0.064134
99897917 -0.063639 -0.038736 0.250309 0.170012 -0.021812 -0.046449
119877500 0.244642 -0.225986 -0.296060 0.203940 -0.000957 -0.082101
139857083 0.646518 -0.306678 -0.213979 0.118732 0.011243 -0.123455
159836667 0.872960 -0.236866 0.258739 -0.083976 0.005681 -0.172823
179816250 1.241665 -0.219016 0.479941 -0.035955 0.005681 -0.172823
199795833 1.906823 -0.125533 0.328110 -0.341709 -0.012176 -0.330135
219775417 2.825595 -0.037231 0.014751 -0.630007 -0.000395 -0.476768
239755000 4.343180 -0.137471 -0.350412 -0.617595 -0.000395 -0.476768
259734583 6.262923 -0.400080 -0.561940 -0.832926 0.026485 -0.634509
279714167 8.194578 -0.619126 0.028905 -0.939820 0.042382 -0.725818
299693750 11.460855 -1.704076 0.214972 -1.057036 0.108163 -0.873400
319673333 17.251682 -3.472539 -1.124714 -1.154934 0.182010 -1.114180
339652969 20.170950 -5.163299 1.304263 -1.160432 0.261255 -0.924459
359632604 21.540190 -6.728916 6.253855 -1.264470 0.336787 -1.015605
379612240 27.262323 -10.533343 6.739180 -1.276704 0.336787 -1.015605
399591875 31.950228 -17.666546 6.090768 -1.683887 0.696780 -1.049076
419571511 29.667891 -27.237514 6.716614 -1.822193 0.696780 -1.049076
439551146 22.692913 -35.902016 4.646098 -2.258300 1.138954 -0.975074
459530781 17.416851 -41.583210 1.188730 -2.277851 1.138954 -0.975074
479510417 12.719883 -45.244469 0.870942 -2.492410 1.248118 -0.813653
499490052 9.063116 -47.563213 2.326376 -2.768872 1.285424 -0.556062
519469688 5.319335 -48.437073 1.471585 -2.961548 1.335412 -0.321661
539449323 -0.355707 -47.755932 0.460477 2.833214 1.359653 0.196886
559428958 -3.458068 -47.200737 -2.480898 2.509898 1.387019 0.630807
579408594 -7.237207 -44.425213 -3.286068 2.302259 1.330889 0.951572
599388229 -14.782289 -38.918400 -3.645883 2.163442 0.897730 1.391268
619367865 -23.425348 -32.298481 -5.025397 2.204972 0.897730 1.391268
639347500 -28.705732 -23.012276 -7.669823 2.267588 0.628616 1.513993
659327136 -28.116837 -13.282416 -8.859707 2.277589 0.384887 1.555735
679306771 -21.214096 -6.935663 -4.725234 2.320637 0.238841 1.364898
699286406 -13.833904 -2.918340 0.738629 2.568794 -0.066594 0.623491
719266042 -8.290090 -0.235560 3.061435 2.525389 -0.066594 0.623491
739245677 -5.702083 1.360741 3.776793 2.715665 -0.194966 0.359941
759225313 -4.450411 1.622208 3.939696 2.687261 -0.194966 0.359941
779204948 -4.226559 1.320865 2.769447 2.643650 -0.189142 0.376255
799184583 -3.262752 0.840074 1.281753 2.752191 -0.173737 0.350501
819164219 -2.765447 0.220031 1.485209 2.898791 -0.118522 0.307266
839143854 -2.971723 -0.148798 1.131610 2.724528 -0.076082 0.381452
859123490 -3.184710 -0.338735 0.467250 2.791239 -0.076082 0.381452
879103125 -2.902388 -0.490222 -0.273595 2.717221 -0.067085 0.389342
899082761 -2.353657 -0.582450 -0.944058 2.795350 -0.061473 0.369977
919062396 -1.913900 -0.593028 -1.367639 2.790804 -0.060322 0.345911
939042031 -1.902917 -0.217714 -1.350362 2.797305 -0.134909 0.329250
959021615 -1.769021 0.159278 -1.304142 2.930743 -0.144859 0.231399
979001198 -0.895934 0.298531 -1.335465 2.896456 -0.144859 0.231399
998980781 -0.166204 0.526692 -1.417645 2.968256 -0.160143 0.150647
1018960365 0.449520 0.710189 -0.534653 3.066458 -0.149342 0.072386
1038939948 1.332453 0.573359 0.544511 -3.008667 -0.106602 -0.022320
1058919531 1.898542 0.383707 1.228386 -2.894747 -0.071459 -0.074166
1078899115 2.146836 0.033039 1.223145 -2.840839 -0.029853 -0.098632
1098878698 1.398987 -0.126354 1.587314 -3.057962 -0.008608 -0.028386
1118858281 0.363872 -0.164082 1.574620 3.123405 -0.002104 0.065637
1138837865 -0.059694 -0.304853 1.432893 3.102866 0.011416 0.104800
1158817448 0.423907 -0.648643 1.247712 3.078139 0.042369 0.059978
1178797031 0.742578 -0.749906 1.414867 -3.140641 0.047000 0.026132
1198776615 0.459197 -0.423154 1.105869 3.129766 0.011790 0.050325
1218756198 0.347104 -0.020976 0.325933 3.010937 -0.032999 0.066460
1238735781 0.153373 0.233041 0.130841 3.051815 -0.063280 0.093064
1258715365 0.342646 0.259685 0.574070 2.960562 -0.067233 0.073409
1278694948 0.863795 0.198132 0.969547 3.005160 -0.064846 0.020381
1298674531 1.044639 0.156332 0.395531 3.121265 -0.070065 0.002674
1318654115 0.455217 0.309765 -0.549725 2.929590 -0.095881 0.073066
1338633698 0.143402 0.481190 -0.439684 2.855883 -0.111660 0.113772
1358613281 0.486085 0.426403 0.946112 2.911869 -0.094135 0.069548
1378592865 0.787511 0.324407 1.473628 2.977897 -0.087141 0.037391
1398572448 0.733445 0.213322 0.616153 2.987817 -0.092600 0.042933
1418552031 0.419030 0.197253 -0.617856 2.863521 -0.110553 0.082878
1438531615 0.108382 0.208418 -1.072869 2.742239 -0.120007 0.126395
1458511198 0.125751 0.323870 -0.461143 2.798267 -0.126186 0.120093
1478490781 0.368252 0.195203 0.256733 2.814126 -0.107671 0.088372
1498470365 0.380290 0.039877 0.268934 2.820159 -0.096890 0.086328
