0 0.330523 -0.169221 -0.294320 0.020619 -0.045458 -0.066332
19979636 -0.014573 -0.137067 -0.130931 0.170425 -0.053222 -0.004771
39959271 -0.256667 -0.082543 -0.110883 0.152255 -0.053222 -0.004771
59938906 -0.196894 -0.160679 -0.234138 0.168843 -0.033172 -0.020201
79918542 -0.142553 -0.256654 -0.266652 0.116603 -0.033172 -0.020201
99898177 -0.363374 -0.185120 -0.209070 0.104214 -0.038564 0.003316
119877813 -0.604609 -0.005286 -0.046893 0.256364 -0.054849 0.028750
139857448 -0.641562 -0.017215 0.234433 0.236316 -0.049029 0.018741
159837084 -0.523098 -0.041375 0.214520 0.238947 -0.049029 0.018741
179816719 -0.118083 -0.041148 0.075301 0.129099 -0.049726 -0.022936
199796354 0.450796 -0.074508 -0.116462 -0.133256 -0.049970 -0.143035
219775990 1.045397 -0.014360 -0.069458 -0.256605 -0.058349 -0.213862
239755625 1.762303 0.111404 -0.028516 -0.253528 -0.058349 -0.213862
259735261 3.498469 0.111400 0.000645 -0.540279 -0.047496 -0.376915
279714896 7.217931 0.164974 0.541852 -0.855931 -0.033693 -0.632010
299694531 10.975216 -0.111515 1.682829 -0.987588 -0.003285 -0.772211
319674167 11.455049 -0.472559 3.218992 -0.941460 0.018392 -0.724663
339653802 11.309656 -1.369833 3.677062 -1.043506 0.119584 -0.791546
359633438 12.469954 -2.565165 2.827311 -1.204641 0.203610 -0.966354
379613073 15.079406 -4.469260 1.029732 -1.342399 0.273524 -1.120595
399592709 18.516872 -6.597967 -0.443840 -1.377569 0.351108 -1.129226
419572344 20.385435 -9.159367 0.238853 -1.422472 0.351108 -1.129226
439551979 21.934689 -13.090013 0.955355 -1.536573 0.466496 -1.126943
459531615 22.917530 -17.927019 1.638094 -1.735248 0.595918 -1.113661
479511250 22.146336 -24.530703 3.319631 -1.986033 0.758397 -1.034295
499490886 18.828678 -31.402449 5.802789 -2.332906 0.913591 -0.866907
519470521 13.678808 -37.140003 6.501434 -2.675587 1.056355 -0.673981
539452813 7.140760 -41.378635 3.384746 -2.973598 1.229454 -0.447134
559430313 0.158729 -41.600872 1.662265 2.752930 1.300144 0.077147
579407865 -4.025993 -39.191887 1.685368 2.533501 1.257581 0.427455
599385573 -4.482236 -36.283474 1.120022 2.495042 1.240275 0.483683
619363490 -3.665796 -34.757633 -0.529149 2.504081 1.274369 0.490443
639341667 -6.611348 -32.579834 -3.379194 2.190626 1.263424 0.900226
659320156 -13.019716 -28.573814 -5.533935 2.033026 1.075182 1.297038
679299011 -19.252480 -22.255064 -8.538877 2.076358 0.795612 1.526377
699278229 -21.760778 -15.562336 -9.192535 2.167776 0.553928 1.561519
719257813 -21.245659 -10.073019 -6.178308 2.225324 0.370572 1.426988
739237761 -18.894772 -6.226180 -3.546379 2.257360 0.238067 1.282878
759218021 -15.452734 -3.615007 -2.398363 2.284187 0.142214 1.163375
779198594 -11.723722 -2.088928 -1.209147 2.295351 0.077056 0.987914
799179427 -8.819443 -1.187970 -0.046679 2.349092 0.029037 0.790053
819160469 -6.936189 -0.660292 0.694046 2.412892 -0.000703 0.637655
839141615 -5.590301 -0.312373 1.098598 2.486953 -0.016578 0.489065
859122813 -5.220524 -0.223066 1.415956 2.485629 -0.016578 0.489065
879104011 -5.433846 -0.078678 1.787595 2.441832 -0.020462 0.492498
899084115 -4.961921 -0.070056 1.599155 2.474133 -0.016426 0.471689
919063750 -4.092308 -0.172814 1.309581 2.530075 -0.004371 0.424565
939043386 -3.771503 -0.078014 1.259705 2.546027 -0.027397 0.384378
959023021 -3.303368 0.140299 0.971165 2.555168 -0.027397 0.384378
979002656 -2.990457 0.391513 0.888993 2.554568 -0.049230 0.365638
998982292 -2.499519 0.514770 0.749547 2.508964 -0.060599 0.331970
1018961927 -1.563766 0.568591 0.812209 2.610857 -0.065721 0.251604
1038941563 -0.469204 0.482057 0.948206 2.834606 -0.057203 0.153868
1058921198 0.388015 0.463129 0.979291 2.987612 -0.055287 0.078431
1078900834 0.831851 0.482039 1.361869 3.028070 -0.056973 0.038888
1098880469 1.221517 0.432640 1.449363 3.102075 -0.056544 0.004586
1118860104 1.487159 0.331052 1.161272 3.094851 -0.055346 -0.021687
1138839740 1.486778 0.284015 0.359795 3.075483 -0.061726 -0.025370
1158819375 1.317180 0.287775 -0.192005 3.040704 -0.071011 -0.008442
1178799011 0.921790 0.304581 -0.200955 2.943039 -0.077196 0.035652
1198778646 0.721840 0.130615 -0.457843 2.926402 -0.063079 0.060913
1218758281 0.444282 0.094266 -0.343269 2.854012 -0.060628 0.091299
1238737917 0.401340 0.008873 -0.201866 2.842591 -0.053079 0.094531
1258717552 0.721048 -0.149147 -0.403451 2.970998 -0.038714 0.062719
1278697188 0.680111 -0.195155 -0.447886 2.948611 -0.034695 0.067784
1298676823 0.860538 -0.230891 -0.244628 2.986622 -0.030890 0.046743
1318656459 1.111180 -0.168402 -0.137660 3.001806 -0.038224 0.019169
1338636094 1.198145 -0.141870 0.000572 2.981763 -0.042197 0.007814
1358615729 1.104712 -0.085459 -0.052789 2.934163 -0.050510 0.015451
1378595365 1.138362 -0.027711 -0.367698 2.958562 -0.059566 0.010748
1398575000 1.170564 0.097664 -0.490195 2.966095 -0.073604 0.006648
1418554636 1.176664 0.215202 -0.307678 2.896508 -0.083536 0.004955
1438534271 0.984760 0.346186 0.019267 2.850581 -0.093597 0.021864
1458513906 0.893455 0.386193 0.090462 2.783588 -0.096794 0.026672
1478493542 0.693767 0.563577 0.142262 2.858447 -0.114774 0.042351
