0 0.315395 0.102517 -0.254416 1.567365 -0.229322 0.069742
19980209 -0.600956 0.571708 -0.603865 1.490666 -0.294741 0.167725
39960417 -1.267842 1.019466 -1.348107 1.518491 -0.405672 0.612211
59940625 -4.916161 2.424865 -2.292074 1.491947 -0.405672 0.612211
79920834 -11.027503 3.867300 -1.679215 1.619214 -0.352556 0.955456
99901042 -16.010889 3.594947 0.601717 1.653947 -0.233432 1.003254
119881250 -21.380222 2.673130 3.546877 1.582272 -0.076880 1.055252
139861459 -28.051537 1.737083 6.043893 1.548627 0.039446 1.108630
159841615 -30.739004 -2.039898 5.406135 1.494154 0.220904 1.127027
179821771 -30.102215 -7.923137 4.346773 1.423135 0.220904 1.127027
199801927 -30.768217 -13.991866 7.028481 1.372678 0.534332 0.938744
219782084 -30.115147 -21.131008 11.355290 1.397718 0.668891 0.813696
239762240 -28.182848 -28.597151 15.191634 1.406026 0.829840 0.838094
259742396 -26.813801 -36.442051 12.584207 1.325037 0.975907 1.046860
279722552 -27.279057 -43.231983 4.992886 1.366747 0.975907 1.046860
299702709 -23.401176 -48.150192 -1.533466 1.525516 1.258053 1.169353
319682865 -16.014181 -46.943119 -3.454692 1.611120 1.258053 1.169353
339663021 -13.059552 -43.452976 -1.993372 1.846498 1.270847 0.984671
359643177 -11.078357 -41.407360 0.647367 2.502791 1.171053 0.480728
379623334 -9.020398 -40.521778 5.552291 2.593733 1.171053 0.480728
399603490 -5.205018 -40.686352 8.949805 -2.900664 1.115073 -0.030805
419583646 0.271233 -40.386936 9.924774 -2.900664 1.115073 -0.030805
439563802 6.801581 -37.898418 8.443143 -2.420476 1.090644 -0.367629
459543959 13.268337 -32.848118 3.719138 -1.983526 1.035857 -0.789942
479524115 17.810230 -26.410904 -0.467588 -1.643932 0.736897 -1.247988
499504271 19.551270 -20.303123 -2.761617 -1.701673 0.736897 -1.247988
519484427 20.574402 -15.736417 -3.991952 -1.659879 0.589925 -1.320856
539464584 21.068462 -12.612640 -4.071815 -1.696597 0.477722 -1.334008
559444740 20.152592 -10.290830 -4.470083 -1.703281 0.412505 -1.345546
579424896 18.353144 -8.385504 -3.761880 -1.737674 0.322269 -1.227073
599405052 15.745766 -6.550076 -3.111852 -1.713261 0.322269 -1.227073
619385209 12.221043 -4.874660 -2.539277 -1.802657 0.240426 -0.989465
639365365 8.862934 -3.337456 -2.299693 -1.802657 0.240426 -0.989465
659345521 4.616013 -1.966322 -2.116660 -1.825984 0.194190 -0.734410
679325677 0.943342 -0.845622 -1.066888 -1.920505 0.113277 -0.337879
699305834 -0.818092 -0.222367 1.026077 -1.996642 0.057049 -0.119659
719285990 -1.124214 0.157191 2.633337 -1.529507 0.020621 -0.018817
739266146 -2.123886 0.400897 3.090104 -1.529507 0.020621 -0.018817
759246302 -3.223343 0.820697 2.241055 -0.628071 -0.010771 0.068166
779226459 -3.220368 1.257134 1.180470 -0.373899 -0.052693 0.071934
799206615 -2.041254 1.466727 0.548771 -0.879107 -0.077668 -0.045811
819186771 -1.227687 1.506257 -0.063234 -1.009628 -0.100506 -0.123681
839166927 -1.318815 1.605054 -0.231429 -1.009628 -0.100506 -0.123681
859147084 -1.212574 1.621965 -0.410324 -0.846632 -0.105965 -0.127470
879127240 -0.468287 1.328286 -0.384406 -1.037495 -0.073264 -0.197631
899107396 -0.051812 1.052397 -0.302100 -1.162114 -0.032072 -0.164360
919087552 -0.565372 0.979954 -0.193660 -1.005553 -0.022501 -0.085126
939067709 -1.172934 0.923142 0.191231 -1.005553 -0.022501 -0.085126
959047865 -0.619782 0.607717 0.563556 -1.119889 0.011097 -0.127669
979028021 0.589485 0.239138 0.607330 -1.343291 0.044875 -0.234986
999008177 1.378015 -0.295650 0.038039 -1.518346 0.134517 -0.336479
1018988334 1.554637 -0.641918 -0.345686 -1.518346 0.134517 -0.336479
1038968542 1.319197 -0.740186 -0.367633 -1.569850 0.148304 -0.310952
1058948750 1.472243 -0.640949 -0.350643 -1.545676 0.134028 -0.316295
1078928959 1.428744 -0.536937 -0.249247 -1.545676 0.134028 -0.316295
1098909167 1.232215 -0.374187 -0.192237 -1.361759 0.120986 -0.290141
1118889375 1.063956 -0.312821 0.010599 -1.347172 0.116360 -0.261383
1138869584 0.754741 -0.269114 0.593804 -1.331282 0.109904 -0.214009
1158849792 0.981883 -0.339416 0.892506 -1.306630 0.116200 -0.228285
1178830000 0.873345 -0.359578 1.056727 -1.314410 0.118656 -0.215187
1198810209 0.718001 -0.512475 1.153272 -1.323795 0.131441 -0.197941
1218790417 0.841321 -0.823760 0.920224 -1.328074 0.158310 -0.229692
1238770625 1.072723 -0.844484 0.913056 -1.328074 0.158310 -0.229692
1258750834 1.026293 -0.954385 1.028000 -1.370658 0.162765 -0.223160
1278731042 0.639082 -0.990741 0.926852 -1.407178 0.180920 -0.191734
1298711250 0.525013 -1.149341 0.576206 -1.322688 0.180920 -0.191734
1318691459 1.041437 -1.415513 0.193596 -1.422453 0.240908 -0.307863
1338671667 1.596562 -1.873078 0.259641 -1.488595 0.277881 -0.318260
1358651875 1.691972 -2.346732 0.280627 -1.488595 0.277881 -0.318260
1378632084 1.784786 -2.750498 0.624278 -1.461931 0.298511 -0.320515
1398612292 2.339174 -3.002143 0.593217 -1.508656 0.321350 -0.403453
1418592500 2.580332 -3.266815 0.582362 -1.569177 0.323478 -0.350694
1438572709 1.859710 -3.283803 0.470998 -1.569177 0.323478 -0.350694
1458552917 1.240410 -3.146149 0.122136 -1.499476 0.316324 -0.310065
1478533125 1.351597 -2.965074 -0.192180 -1.424608 0.295682 -0.334917
1498513334 1.379782 -3.062553 -0.426299 -1.436686 0.298569 -0.347824
