0 -0.452896 -0.091601 0.226863 1.836166 -0.146628 0.069966
19979375 -0.254839 0.055532 0.056173 1.958059 -0.134494 0.058027
39958750 -0.170976 -0.081239 -0.191416 1.958059 -0.134494 0.058027
59938125 -0.294253 -0.118855 -0.114851 1.845047 -0.126309 0.066624
79917500 -0.411062 0.090545 0.520824 1.785581 -0.137685 0.071751
99896875 -0.360835 0.183640 0.638454 1.752466 -0.146431 0.064725
119876250 -0.560288 0.277351 0.114348 1.837335 -0.165852 0.089753
139855625 -0.900315 0.403292 -0.250240 1.754464 -0.208515 0.243249
159835000 -1.876107 0.625969 -0.421517 1.693241 -0.226654 0.333772
179814375 -2.894329 0.973603 -0.130681 1.733665 -0.182441 0.372471
199793750 -3.468482 0.662380 0.268171 1.769408 -0.138969 0.532918
219773125 -5.634781 0.417356 0.656811 1.740307 -0.138969 0.532918
239752500 -11.280142 0.911875 0.793091 1.740878 -0.133528 0.845118
259731875 -15.509108 0.234038 2.201107 1.778849 -0.069767 0.932601
279711250 -17.665283 -1.846663 3.752928 1.785807 0.146802 0.949319
299690625 -19.676359 -4.922123 4.669142 1.799304 0.237355 0.945198
319670000 -20.682514 -7.691916 5.405787 1.743080 0.237355 0.945198
339649375 -20.745295 -9.424684 5.104800 1.691558 0.294393 0.951395
359628750 -23.149504 -11.191812 2.967546 1.634275 0.340078 1.067584
379608125 -24.288784 -14.288274 1.394278 1.552188 0.575108 1.187953
399587552 -25.653017 -19.316662 0.452515 1.456288 0.696978 1.159521
419566979 -27.639126 -25.687366 1.977282 1.456288 0.696978 1.159521
439546406 -26.127604 -33.623447 5.725222 1.588672 1.003729 0.907125
459525833 -21.854885 -40.148117 5.974951 1.683052 1.159871 0.787075
479505260 -15.956225 -44.630657 4.177866 2.204079 1.262095 0.420176
499484687 -8.518715 -46.270527 4.033222 2.769563 1.256067 -0.008505
519464114 -2.417782 -42.961342 4.546820 2.769563 1.256067 -0.008505
539443542 -1.169571 -39.086727 4.776274 -2.971785 1.222019 -0.266885
559422969 1.574538 -36.830170 3.319438 -2.375170 1.152845 -0.659911
579402396 7.291437 -33.561935 2.146770 -1.827867 0.993951 -1.011643
599381823 14.390395 -29.507471 0.553408 -1.536950 0.779955 -1.293435
619361250 22.806986 -25.433430 -2.570247 -1.455385 0.605211 -1.378162
639340677 26.780876 -20.212526 -3.997622 -1.505341 0.488606 -1.308448
659320104 24.224487 -14.322890 -2.578899 -1.505341 0.488606 -1.308448
679299531 18.916504 -9.510956 -0.547816 -1.536052 0.400003 -1.162060
699278958 13.881741 -6.263244 0.456466 -1.512063 0.325123 -1.007403
719258385 9.855944 -4.169820 -0.200237 -1.553875 0.266555 -0.902067
739237812 6.935910 -2.834498 -1.518767 -1.517320 0.219705 -0.837383
759217239 5.507605 -1.964746 -1.959264 -1.472800 0.108646 -0.732663
779196667 4.809347 -1.382466 -1.862567 -1.433709 0.058686 -0.645231
799176094 3.758367 -0.853087 -1.659868 -1.284506 -0.005034 -0.508372
819155521 2.426801 -0.244816 -1.207426 -1.284506 -0.005034 -0.508372
839134948 1.361078 0.393356 -1.119731 -1.113346 -0.075924 -0.403562
859114375 0.978023 0.729086 -1.261337 -0.923151 -0.113759 -0.368579
879093802 1.042051 0.804854 -0.881034 -0.976218 -0.080186 -0.296675
899073229 0.710748 0.637025 -0.114437 -0.953483 -0.080186 -0.296675
919052656 0.539464 0.382163 0.791243 -0.927637 -0.043093 -0.256201
939032083 0.173560 0.220704 1.748676 -0.708845 -0.021796 -0.205085
959011510 -0.708486 0.280523 2.295630 -0.629026 -0.025513 -0.124743
978990885 -1.205392 0.268270 2.094316 -0.558902 -0.025245 -0.107775
998970260 -1.010203 0.186510 1.488630 -0.558902 -0.025245 -0.107775
1018949635 -0.987683 0.285774 1.610682 -0.440725 -0.039175 -0.109999
1038929010 -1.272073 0.535196 1.510030 -0.392803 -0.107671 -0.102055
1058908385 -1.232622 0.813409 0.852382 -0.348640 -0.123705 -0.134848
1078887760 -0.987397 0.825097 0.284808 -0.432427 -0.127456 -0.178335
1098867135 -0.647739 0.713416 -0.246916 -0.579462 -0.110006 -0.212620
1118846510 -0.412101 0.432097 -0.756670 -0.600845 -0.110006 -0.212620
1138825885 -0.632135 0.436734 -0.690675 -0.563553 -0.114087 -0.185756
1158805260 -0.819345 0.466291 -0.346994 -0.331267 -0.114991 -0.158851
1178784635 -0.516436 0.248858 0.000126 -0.438904 -0.088958 -0.184833
1198764010 0.048880 -0.011498 0.026102 -0.625218 -0.062590 -0.242198
1218743385 0.810041 -0.410076 -0.077931 -0.810577 -0.023862 -0.320254
1238722760 1.158886 -0.543452 -0.209247 -0.903720 -0.017040 -0.336022
1258702135 0.925504 -0.517801 -0.126127 -0.839898 -0.033637 -0.312681
1278681510 0.683241 -0.368712 -0.042357 -0.816674 -0.033637 -0.312681
1298660885 0.685868 -0.436578 0.195186 -0.678215 -0.009344 -0.324922
1318640260 0.863867 -0.660805 0.292743 -0.801324 0.016248 -0.360189
1338619635 1.150192 -0.969380 0.068277 -0.756760 0.016248 -0.360189
1358599010 1.284995 -1.282822 -0.044378 -0.916348 0.047703 -0.368716
1378578385 1.157253 -1.379689 -0.054942 -0.858577 0.047703 -0.368716
1398557760 1.016636 -1.456546 -0.105516 -0.764626 0.050620 -0.358113
1418537135 0.606231 -1.666123 -0.271688 -0.818501 0.068719 -0.321959
1438516510 0.185147 -1.911566 -0.291925 -0.629682 0.090614 -0.274523
1458495885 -0.035353 -1.693664 0.222355 -0.398286 0.059945 -0.233369
1478475260 0.128907 -1.382913 0.915154 -0.295242 0.020972 -0.231394
1498454635 0.400123 -1.309865 0.823389 -0.558119 0.006902 -0.257892
