0 0.429298 -0.025379 0.579281 0.051252 -0.111809 -0.099043
19979531 0.378922 -0.054638 0.489169 0.022395 -0.111903 -0.096619
39959115 0.458035 -0.032507 -0.189051 -0.039073 -0.122804 -0.112753
59938698 0.288194 0.108677 -0.242328 0.016867 -0.137886 -0.093972
79918281 0.265799 0.049924 -0.009916 0.037331 -0.127700 -0.087168
99897865 0.280317 -0.076470 0.088687 0.028048 -0.112676 -0.086755
119877448 0.408667 -0.113837 0.097364 0.003413 -0.108015 -0.100491
139857031 0.834752 -0.135044 0.034412 -0.229645 -0.101569 -0.198587
159836615 1.331905 -0.157000 -0.038608 -0.385628 -0.078205 -0.250238
179816198 1.863857 -0.360695 0.061065 -0.343240 -0.078205 -0.250238
199795781 2.339318 -0.632556 0.152819 -0.447989 -0.050086 -0.295739
219775365 2.681180 -0.475564 -0.242575 -0.662048 -0.065136 -0.441817
239754948 3.529618 -0.466690 -0.634230 -0.812586 -0.053801 -0.531951
259734531 4.648583 -0.501232 -0.409755 -0.727737 -0.053801 -0.531951
279714115 5.288065 -0.741604 0.200150 -0.785556 -0.018711 -0.536598
299693698 5.309287 -0.856500 1.021086 -0.925856 0.017551 -0.577123
319673281 6.103911 -1.413271 1.758933 -1.123661 0.064727 -0.749019
339652865 8.385564 -2.224685 1.177958 -1.057884 0.064727 -0.749019
359632448 10.111630 -2.786167 0.546875 -1.215381 0.091292 -0.871119
379612031 11.307338 -3.136503 0.841591 -1.247309 0.123384 -0.919272
399591615 13.392075 -3.897995 2.468999 -1.413670 0.183236 -0.954133
419571198 16.649584 -5.878437 3.999883 -1.579438 0.262413 -0.923224
439550781 19.050409 -8.998425 6.717398 -1.701254 0.262413 -0.923224
459530365 20.020702 -13.161031 8.426791 -2.076834 0.367367 -0.894955
479509948 18.848171 -18.262653 7.299109 -2.476682 0.530354 -0.897049
499489531 17.054211 -23.404022 5.331307 -2.638199 0.711007 -0.906713
519469115 15.701576 -28.674263 3.658798 -2.666856 0.877567 -0.915988
539448698 15.262853 -35.016567 2.105398 -2.678344 1.024865 -0.944775
559428281 9.416419 -38.694199 4.782589 -2.961336 1.131218 -0.580739
579407865 4.805718 -38.883678 8.038459 3.097967 1.112453 -0.233649
599387448 3.629310 -39.224174 5.765025 3.121263 1.175462 -0.174358
619367031 1.042810 -37.621078 2.154652 3.009408 1.257333 0.012470
639346615 -0.869473 -34.036289 -0.092680 2.890734 1.283085 0.247330
659326198 -3.243393 -30.572714 0.020954 2.811252 1.219785 0.491413
679305781 -6.682598 -26.928690 0.240274 2.735793 1.101686 0.735486
699285365 -9.930641 -23.472357 0.349284 2.693757 0.961210 0.891483
719264948 -13.169826 -20.088949 -1.540983 2.551261 0.829815 1.101083
739244531 -16.505598 -16.693823 -1.137620 2.540967 0.511099 1.156497
759224115 -18.076786 -13.629972 -0.553926 2.494240 0.511099 1.156497
779203698 -17.824711 -11.594315 -0.205856 2.512537 0.441646 1.131217
799183333 -16.929193 -9.783910 0.894392 2.526114 0.377842 1.058928
819162969 -14.897342 -7.854155 2.204900 2.566649 0.310601 0.944659
839142604 -12.682719 -5.815794 2.513283 2.612600 0.230764 0.855864
859122240 -10.643281 -3.721628 2.280226 2.635391 0.128511 0.785067
879101875 -7.729531 -2.277087 1.848660 2.730326 0.045759 0.664134
899081511 -4.948955 -1.247235 1.498113 2.835185 -0.033057 0.509120
919061146 -3.525719 -0.285619 1.559130 2.996650 -0.119593 0.404058
939040781 -2.681556 0.346672 1.185377 3.045418 -0.187413 0.348158
959020417 -1.893144 0.667192 0.254677 2.965762 -0.242780 0.307982
979000052 -0.691126 0.574053 -0.817482 -3.026758 -0.254057 0.145931
998979688 -0.027039 0.448049 -0.953434 -3.072674 -0.254057 0.145931
1018959323 0.519185 0.585552 -0.799175 -2.895849 -0.203814 0.027531
1038938958 0.924222 0.484931 0.269589 -2.923577 -0.168609 0.002899
1058918594 1.165386 0.410112 1.366504 -2.894881 -0.168609 0.002899
1078898229 1.440520 0.365174 1.441329 -2.930455 -0.158674 -0.020499
1098877865 1.067924 0.309640 1.136701 -2.984294 -0.155558 0.015200
1118857500 0.499761 0.153715 0.815879 3.100321 -0.144407 0.071180
1138837136 0.167883 -0.034652 0.641730 3.096236 -0.129248 0.104942
1158816771 0.757125 -0.414983 0.135579 -3.119155 -0.098133 0.049790
1178796406 1.697177 -0.841312 -0.171587 -2.996546 -0.054634 -0.051415
1198776042 1.266043 -0.912854 0.292932 -3.100593 -0.044188 -0.012046
1218755677 0.642060 -0.694666 0.539494 3.095966 -0.065456 0.040972
1238735313 0.260892 -0.427161 0.595795 2.956606 -0.093738 0.072057
1258714948 0.075480 -0.402895 0.568795 2.938698 -0.100003 0.089350
1278694583 0.086718 -0.688278 0.633054 2.951634 -0.076433 0.089314
1298674219 0.222348 -0.920244 0.768471 2.948273 -0.058798 0.074678
1318653854 0.086416 -0.866334 0.859855 2.894224 -0.069796 0.085147
1338633490 0.279347 -0.730823 0.689383 2.856628 -0.091307 0.069731
1358613125 0.361306 -0.805610 0.547448 2.824767 -0.086132 0.121722
1378592761 -0.056320 -0.972588 0.467827 2.782049 -0.086132 0.121722
1398572396 -0.476618 -1.138011 0.274050 2.697417 -0.080614 0.173124
1418552031 -0.738837 -1.315497 -0.160301 2.647735 -0.074854 0.212766
1438531667 -1.135820 -1.426643 -0.513234 2.636640 -0.072355 0.261933
1458511302 -0.911227 -1.584663 -0.046291 2.601536 -0.059434 0.219623
1478490938 0.044086 -1.949621 0.317433 2.697827 -0.028656 0.110961
1498470573 0.369145 -2.121547 0.258383 2.699256 -0.020984 0.080065
