0 0.484108 -0.175736 0.052695 0.103292 -0.011105 -0.036190
19979635 0.263424 -0.097978 0.212735 0.155023 -0.016301 -0.028642
39959271 0.202617 -0.039563 0.293395 0.181741 -0.019198 -0.029137
59938906 0.221868 -0.013372 0.278888 0.078740 -0.017081 -0.059073
79918542 0.509784 -0.038465 0.093548 0.050239 -0.017081 -0.059073
99898177 0.765750 -0.040369 -0.099637 0.042337 -0.016396 -0.088679
119877813 0.842917 0.005782 -0.027120 -0.084179 -0.020218 -0.097387
139857448 1.072446 0.006002 0.149481 -0.172984 -0.024939 -0.183554
159837083 1.672206 0.065965 0.121002 -0.151907 -0.024939 -0.183554
179816719 2.878574 0.061096 0.057889 -0.745359 0.013568 -0.512544
199796354 5.220737 -0.239023 -0.091150 -1.060174 0.086269 -0.767200
219775990 9.240028 -1.119079 0.060556 -1.136012 0.178434 -0.883341
239755625 13.490132 -2.899057 1.363590 -1.121115 0.208428 -0.858958
259735260 15.794897 -3.958153 3.633571 -1.181197 0.208428 -0.858958
279714896 15.934276 -4.664890 7.194818 -1.227550 0.249465 -0.936702
299694531 21.269999 -6.478550 5.525783 -1.269729 0.348828 -1.151362
319674167 25.872271 -10.181312 1.593116 -1.409363 0.469792 -1.261065
339653802 26.880047 -14.158351 -1.271418 -1.475144 0.469792 -1.261065
359633438 26.455770 -18.246208 -2.017477 -1.608955 0.595425 -1.282113
379613073 27.595699 -25.105816 -1.144971 -1.814533 0.732380 -1.263754
399592708 26.415907 -35.209641 1.741293 -2.068565 0.902224 -1.154171
419572344 20.258947 -43.530949 4.581369 -2.374570 1.064716 -0.947100
439551979 13.487496 -48.704887 3.073160 -2.659155 1.214312 -0.799467
459531615 7.464549 -50.793968 0.551270 -2.806048 1.332647 -0.600891
479511250 3.683597 -50.717945 1.834182 -3.141080 1.340456 -0.266493
499490885 1.433151 -48.944176 0.131532 3.032142 1.372480 -0.063520
519470521 -1.466745 -45.306358 -1.856452 2.144139 1.362069 1.028192
539450156 -5.901380 -39.409752 -5.411587 1.715299 1.170762 1.710699
559429792 -11.935448 -32.075218 -11.488871 1.804813 1.170762 1.710699
579409427 -17.363562 -24.277365 -12.574631 1.976229 0.897860 1.730504
599389115 -19.746141 -17.912104 -9.487779 2.226465 0.547042 1.428515
619368802 -20.265442 -13.675948 -6.407847 2.227426 0.547042 1.428515
639348490 -19.256439 -10.596342 -4.044169 2.276749 0.449989 1.308941
659328177 -16.715164 -7.989329 -2.453111 2.395696 0.322848 1.069116
679307865 -13.633004 -5.943686 -1.723540 2.389815 0.322848 1.069116
699287552 -11.172258 -4.286436 -2.375652 2.394853 0.270303 1.016504
719267240 -9.257509 -3.112525 -2.457911 2.405429 0.221274 0.933414
739246927 -7.358901 -2.405722 -0.783989 2.554185 0.178425 0.715735
759226615 -5.492761 -2.056966 0.998173 2.665411 0.154132 0.495776
779206302 -4.310499 -1.615597 1.991978 2.855003 0.121117 0.370921
799185990 -4.168236 -1.050269 2.309943 2.725027 0.078980 0.350168
819165677 -3.866001 -0.623872 1.640809 2.772477 0.053733 0.348435
839145365 -2.934494 -0.393339 1.244304 2.901626 0.044078 0.290597
859125052 -1.810485 -0.352934 1.672023 2.976800 0.047155 0.194980
879104740 -0.318483 -0.432620 1.803682 -3.135632 0.060742 0.073193
899084427 0.748931 -0.408037 1.911331 -3.000316 0.062806 -0.012267
919064115 0.866804 -0.084365 2.175977 -2.946800 0.035417 -0.014020
939043802 1.022581 0.031553 1.697961 -2.922917 0.026330 -0.018005
959023490 1.353250 -0.106105 1.177334 -2.938608 0.051810 -0.042028
979003177 1.510295 -0.238832 0.945891 -2.980445 0.046495 -0.023225
998982865 1.409935 -0.199511 0.829049 -2.964693 0.046495 -0.023225
1018962552 1.205525 0.001434 0.530726 -3.069511 0.024716 0.004988
1038942240 1.202870 -0.010315 0.292781 -2.958572 0.034635 -0.021094
1058921927 1.561777 -0.145397 -0.140133 -2.945367 0.034635 -0.021094
1078901615 2.018399 -0.367809 -0.650474 -2.922497 0.061242 -0.068000
1098881302 2.208795 -0.384945 -0.317303 -2.906140 0.061079 -0.083168
1118860990 2.307692 -0.247072 0.809861 -2.898716 0.037369 -0.086954
1138840677 2.230657 0.024755 0.962390 -2.878195 0.003238 -0.085575
1158820365 1.935902 0.184333 -0.088598 -2.993798 -0.021599 -0.070359
1178800052 1.715087 0.370869 -0.978956 -2.994244 -0.050586 -0.052671
1198779740 1.841853 0.487106 -0.763598 -3.077608 -0.064554 -0.062302
1218759375 2.154005 0.483116 -0.391293 -2.848112 -0.056741 -0.137572
1238739010 2.649464 0.452906 -0.113471 -2.903985 -0.056741 -0.137572
1258718646 2.826621 0.545571 0.378258 -2.939012 -0.081951 -0.128876
1278698281 2.581884 0.678420 0.448938 -2.922934 -0.081951 -0.128876
1298677917 1.955179 0.825538 -0.081430 -3.054764 -0.105952 -0.074958
1318657552 1.540167 0.939448 -0.539685 -3.123686 -0.125703 -0.034795
1338637188 1.375011 0.952805 -0.618218 3.049280 -0.127949 -0.017422
1358616823 1.242685 0.830273 -0.515612 3.099174 -0.111391 -0.003437
1378596458 1.036210 0.707611 -0.248839 2.970193 -0.093403 0.016237
1398576094 0.870986 0.604756 -0.122975 3.050328 -0.064566 0.031359
1418555729 0.821458 0.468932 -0.159626 2.911978 -0.064566 0.031359
1438535365 0.709003 0.432171 -0.285680 3.040903 -0.059236 0.041070
1458515000 0.498298 0.346893 -0.106327 2.825346 -0.046440 0.059490
1478494635 0.310578 0.371039 0.073078 2.897041 -0.045019 0.075693
