0 -1.674906 -0.360432 0.119266 1.696015 -0.106144 0.329537
19979375 -3.270668 0.075872 0.610916 1.680210 -0.106144 0.329537
39958750 -5.776418 0.382046 2.156363 1.711365 -0.129701 0.627884
59938125 -9.564163 1.052801 3.597167 1.707831 -0.124891 0.725256
79917500 -12.388868 1.128210 4.184736 1.691359 -0.110082 0.881396
99896875 -15.467514 0.862245 2.860354 1.686948 -0.082148 0.988722
119876250 -19.149834 0.437573 2.666487 1.661487 0.038263 0.919772
139855625 -19.005213 -2.330614 4.290896 1.571997 0.038263 0.919772
159835000 -21.915327 -3.790437 5.881584 1.545056 0.090801 0.928857
179814375 -26.872707 -6.096659 7.795429 1.436624 0.153492 0.965512
199793750 -30.430847 -11.216151 7.715172 1.387245 0.294555 1.021901
219773125 -30.744238 -18.935417 8.980354 1.277570 0.493833 0.989494
239752500 -28.050611 -26.398701 11.866582 1.329042 0.668918 0.863497
259731875 -25.681988 -32.309563 11.415349 1.404243 0.887735 0.871324
279711250 -26.064310 -36.354233 9.819860 1.556553 1.005291 0.821329
299690625 -22.222822 -40.361156 8.315023 2.135285 1.186144 0.478793
319670000 -11.657598 -42.267231 6.150356 2.232765 1.186144 0.478793
339649375 -6.080872 -39.056297 2.514524 2.686715 1.282032 0.187118
359628750 -2.256824 -36.006889 4.554523 -2.870222 1.109407 -0.424123
379608125 3.323282 -35.764130 7.368251 -2.789653 1.109407 -0.424123
399587500 12.801825 -36.271049 7.608961 -1.957479 0.880976 -1.122598
419566875 21.423815 -34.160416 3.003996 -1.960077 0.880976 -1.122598
439546250 24.870920 -28.479115 -1.789532 -1.793146 0.756096 -1.320793
459525625 22.317684 -21.813057 -4.015102 -1.720893 0.603701 -1.407637
479505000 16.050194 -15.138697 -5.715774 -1.720354 0.477640 -1.392952
499484375 10.461677 -9.044906 -6.397520 -1.730077 0.477640 -1.392952
519463750 6.485894 -4.524574 -5.657308 -1.620405 -0.112453 -0.913142
539443125 2.745652 -1.221710 -4.147202 -1.201237 -0.375342 -0.576586
559422500 0.249682 0.505743 -3.185615 -1.184286 -0.375342 -0.576586
579401875 -0.560398 0.891439 -2.717726 -1.124764 -0.376801 -0.536388
599381250 0.130995 0.756276 -2.522288 -1.075372 -0.376801 -0.536388
619360625 0.537283 0.628923 -2.435089 -1.162430 -0.309094 -0.569704
639340000 0.716681 0.495480 -2.055459 -1.136426 -0.309094 -0.569704
659319375 0.852714 0.516808 -2.234854 -1.196754 -0.296088 -0.601041
679298750 0.914672 0.613025 -2.180187 -1.196754 -0.296088 -0.601041
699278125 0.328437 0.740844 -1.384209 -0.702759 -0.257558 -0.324005
719257500 -0.697881 0.900919 -0.236390 -0.664563 -0.257558 -0.324005
739236875 -1.234080 1.054102 0.943661 -0.399674 -0.215217 -0.187572
759216250 -1.542001 1.100791 1.526765 -0.346658 -0.215217 -0.187572
779195625 -1.575332 1.081970 1.604909 -0.337334 -0.201272 -0.182243
799175000 -1.437340 0.982372 1.714554 -0.328947 -0.180503 -0.194706
819154375 -1.031040 0.891488 1.282699 -0.552734 -0.159022 -0.272220
839133750 -0.755733 0.833178 1.053308 -0.633130 -0.159022 -0.272220
859113125 -0.549884 0.749595 0.889638 -0.631413 -0.141888 -0.295582
879092500 -0.533356 0.730375 0.742722 -0.676492 -0.121058 -0.319525
899071875 -0.309323 0.570910 0.600958 -0.676492 -0.121058 -0.319525
919051250 -0.097983 0.444770 0.797530 -0.710443 -0.083545 -0.338635
939030625 -0.026885 0.326705 0.859568 -0.639560 -0.083545 -0.338635
959010000 -0.215634 0.275202 0.758734 -0.617392 -0.077311 -0.322986
978989375 -0.107853 0.187915 0.518818 -0.783824 -0.065887 -0.368431
998968750 0.168988 0.178127 0.415366 -0.734214 -0.065887 -0.368431
1018948125 0.552517 0.132544 0.331944 -0.871499 -0.059737 -0.409820
1038927500 0.477504 -0.105653 -0.056571 -0.734655 -0.055607 -0.372395
1058906875 -0.140484 0.077692 -0.340185 -0.555449 -0.068028 -0.342709
1078886250 -0.378081 0.212451 -0.321176 -0.660776 -0.060867 -0.358973
1098865625 -0.042794 0.203659 0.031621 -0.719891 -0.053667 -0.343058
1118845000 0.056257 0.202997 0.792359 -0.615172 -0.053667 -0.343058
1138824375 0.202559 0.191888 0.873754 -0.643663 -0.050713 -0.356116
1158803750 0.045014 0.291098 0.506790 -0.586100 -0.062665 -0.354006
1178783125 -0.105554 0.365394 0.308553 -0.565829 -0.072412 -0.343682
1198762500 -0.091892 0.340262 0.463777 -0.577499 -0.069872 -0.336668
1218741875 0.196529 0.214690 0.710555 -0.509009 -0.057449 -0.353959
1238721250 0.676394 -0.013419 0.316904 -0.686116 -0.038685 -0.410726
1258700625 0.803787 -0.116176 0.075297 -0.721876 -0.032138 -0.430274
1278680000 0.817486 -0.266393 -0.046525 -0.802282 -0.020832 -0.433171
1298659375 0.589706 -0.339545 -0.168340 -0.723454 -0.016814 -0.413172
1318638750 0.620934 -0.413867 -0.114722 -0.750438 -0.010788 -0.412602
1338618125 0.985760 -0.789691 -0.501204 -0.994607 0.029280 -0.462934
1358597500 0.719559 -1.453866 -0.812279 -1.151989 0.108522 -0.447377
1378576875 0.689229 -2.207315 -0.436673 -1.148710 0.190748 -0.419297
1398556250 1.940252 -2.815064 0.509602 -1.342633 0.226206 -0.482414
1418535625 3.904863 -3.029871 1.439111 -1.325825 0.212788 -0.585604
1438515000 3.705112 -2.724944 2.205584 -1.188492 0.180383 -0.547196
1458494375 2.659852 -2.028756 2.057833 -0.954355 0.100163 -0.466100
1478473750 1.576799 -1.568964 1.019892 -0.929763 0.100163 -0.466100
