0 -0.543912 -0.152570 0.445612 1.753817 -0.141739 0.116929
19980260 -0.580750 0.132796 -0.136765 1.575461 -0.180935 0.127699
39960521 -0.485324 -0.035504 -0.189184 1.681741 -0.164785 0.117246
59940781 -0.370188 -0.210735 0.225523 1.624024 -0.151215 0.105993
79921041 -0.471363 -0.114111 0.263575 1.646138 -0.151215 0.105993
99901302 -0.757357 0.072407 -0.085097 1.641353 -0.176265 0.138507
119881562 -1.475195 0.349462 -0.291817 1.637643 -0.205667 0.215711
139861823 -1.914325 0.509050 -0.237708 1.573759 -0.208704 0.268419
159842083 -2.078398 0.447825 -0.272644 1.644159 -0.215905 0.363825
179822343 -3.104555 0.623632 -0.300913 1.630795 -0.215905 0.363825
199802604 -4.881591 0.723168 -0.229093 1.578296 -0.204685 0.513299
219782864 -7.716554 0.482637 -0.009251 1.683278 -0.153967 0.706001
239763125 -12.800065 0.503485 0.700852 1.742384 -0.065063 0.977606
259743385 -16.343990 -0.269482 2.004529 1.700624 0.018843 1.032427
279723646 -18.408154 -2.176363 2.009009 1.712922 0.018843 1.032427
299703906 -21.140244 -3.571185 1.518611 1.676828 0.068088 1.108043
319684166 -23.808897 -5.128515 1.093452 1.639871 0.116222 1.167068
339664427 -25.670017 -8.354398 1.293796 1.599243 0.349190 1.169185
359644687 -26.801218 -12.935119 2.272299 1.570025 0.501662 1.064462
379624948 -26.201328 -18.739735 5.372566 1.673582 0.662776 0.934805
399605208 -23.982576 -25.257917 8.299492 1.604014 0.662776 0.934805
419585468 -21.476048 -32.169086 7.888010 1.721051 0.946517 0.824340
439565729 -19.941177 -37.354549 7.996798 1.757641 1.043054 0.807276
459545989 -18.785774 -42.376717 7.045070 1.919789 1.138029 0.732530
479526250 -15.921892 -46.845703 6.217513 2.027087 1.173246 0.653826
499506510 -13.789006 -47.344227 5.962145 2.173702 1.173246 0.653826
519486771 -13.210525 -45.941624 1.669166 2.104682 1.232191 0.791272
539467031 -10.411909 -43.996212 -1.915405 2.353095 1.381052 0.683536
559447291 -6.648175 -41.315125 -3.389109 2.840058 1.388368 0.315311
579427552 -3.650913 -39.874214 -2.587074 -3.098679 1.419811 0.068444
599407812 -1.005270 -40.810642 -3.416807 -3.030231 1.419811 0.068444
619388073 5.766260 -42.438446 -2.728981 -2.182275 1.365326 -0.681670
639368333 22.071692 -42.891312 0.194992 -1.639031 0.725473 -1.298552
659348593 38.127052 -34.774323 1.041926 -1.699219 0.546779 -1.236220
679328854 38.864265 -24.392403 3.839130 -1.756328 0.494841 -1.061097
699309114 29.147570 -17.001755 6.438785 -1.817921 0.475858 -0.849433
719289375 17.960274 -10.955076 5.683854 -1.859166 0.410787 -0.594706
739269635 10.115655 -6.148313 4.397388 -1.832925 0.344305 -0.371587
759249873 6.169130 -4.026969 4.789308 -1.860551 0.331152 -0.205467
779230133 3.659825 -3.788605 6.344870 -1.949032 0.291715 0.050067
799210393 -0.696880 -2.863174 6.601162 -1.573362 0.197536 0.239706
819190654 -4.107311 -1.350985 6.840142 -1.190826 0.162688 0.243687
839170914 -4.201655 -0.796473 6.257264 -1.478632 0.172926 0.263475
859151175 -4.118580 -0.895647 4.265820 -1.583600 0.172926 0.263475
879131435 -5.229805 -0.213306 1.142950 0.489758 0.062093 0.428411
899111695 -4.635112 0.490425 -0.711628 0.485841 0.062093 0.428411
919091956 -3.780603 0.840170 -1.298434 0.161204 0.005998 0.358441
939072216 -3.610677 0.737146 -1.676057 0.438320 -0.100299 0.475274
959052477 -4.584356 1.414921 -2.260612 0.227082 -0.168446 0.439036
979032737 -4.372667 1.897558 -2.113662 0.285610 -0.168446 0.439036
999012998 -3.092621 1.650047 -1.788641 -0.041272 -0.149560 0.272077
1018993258 -2.918128 1.552583 -1.820533 0.178505 -0.198250 0.375987
1038973518 -4.014607 2.081514 -1.933516 0.127137 -0.190782 0.299624
1058953779 -3.495092 2.118207 -1.402872 0.120857 -0.190782 0.299624
1078934039 -1.996500 1.729835 -0.397549 -0.471425 -0.133729 0.116428
1098914300 -0.621163 1.117731 0.649641 -0.955104 -0.013732 -0.083601
1118894560 -0.043245 0.577042 0.467891 -1.003283 -0.013732 -0.083601
1138874820 -0.097157 0.255571 -0.375420 -1.073745 0.043284 -0.081772
1158855081 -0.146915 0.069371 -1.056657 -1.291642 0.062429 -0.156178
1178835341 0.564799 -0.071542 -0.687961 -1.264737 0.059939 -0.210126
1198815602 1.221472 -0.051892 0.138937 -1.278838 0.059939 -0.210126
1218795862 1.121871 0.065343 0.355127 -1.225504 0.043924 -0.190423
1238776123 1.049986 0.157032 0.199219 -1.122563 0.031607 -0.145678
1258756383 0.622913 0.298458 0.056996 -1.066141 0.039522 -0.123909
1278736643 0.454370 0.243276 0.073689 -1.098595 0.049249 -0.146508
1298716904 0.735420 0.161831 0.354923 -1.119601 0.049249 -0.146508
1318697164 0.935757 0.166075 0.728889 -1.152423 0.042308 -0.118761
1338677425 0.460918 0.259986 1.016694 -0.927155 0.030422 -0.055001
1358657685 -0.254012 0.391991 0.832682 -1.001713 0.023824 -0.044440
1378637945 -0.360635 0.441247 0.501165 -1.020138 0.028916 -0.076776
1398618206 -0.003510 0.350784 0.354263 -0.961706 0.027092 -0.077205
1418598466 0.035226 0.318277 0.663708 -1.025325 0.027092 -0.077205
1438578727 -0.228833 0.166976 0.748256 -0.933332 0.050647 -0.076237
1458558987 -0.093629 0.036858 0.606824 -1.005658 0.050512 -0.101374
1478539248 0.111088 -0.004311 0.896095 -1.110468 0.050512 -0.101374
1498519508 -0.002175 0.100317 0.943738 -0.962859 0.011840 -0.081797
