0 0.038878 -0.011818 -0.171741 -0.051206 0.021309 -0.056411
19979688 0.201282 -0.068610 -0.389595 -0.131049 0.028507 -0.076340
39959375 0.470919 -0.100886 -0.334836 -0.214050 0.033395 -0.105061
59939063 0.383236 -0.009953 -0.085233 -0.126826 0.024568 -0.092885
79918750 0.204586 0.004084 0.134104 -0.099204 0.030038 -0.080922
99898438 0.297292 -0.064939 0.090070 -0.117285 0.030038 -0.080922
119878125 0.794805 -0.092249 -0.143748 -0.352912 0.034683 -0.223716
139857813 1.647327 -0.083181 -0.180871 -0.450209 0.035305 -0.280760
159837500 2.325122 -0.081389 0.168006 -0.546173 0.041375 -0.360882
179817188 3.392069 -0.155654 0.672058 -0.719598 0.064621 -0.437020
199796875 4.569931 -0.464145 1.240659 -0.667451 0.064621 -0.437020
219776563 6.768371 -1.291401 1.572015 -1.031286 0.172847 -0.743228
239756250 9.924782 -2.395483 1.743114 -1.034005 0.172847 -0.743228
259735938 12.626027 -3.440173 1.896802 -1.105022 0.209506 -0.850433
279715625 14.411194 -4.650402 3.067908 -1.209204 0.279003 -0.874867
299695313 16.564011 -6.367351 4.606537 -1.300372 0.338485 -0.956926
319675000 20.110622 -9.182278 4.921303 -1.389175 0.338485 -0.956926
339654688 22.542715 -13.345214 5.231653 -1.685629 0.548282 -0.887930
359634375 22.072075 -19.019903 8.881587 -2.248591 0.693831 -0.706273
379614063 18.560946 -26.306854 12.855023 -2.616511 0.870621 -0.634811
399593750 14.897158 -33.208321 11.364942 -2.914016 0.963587 -0.495437
419573438 10.579844 -37.081139 11.429464 -3.045115 1.067884 -0.478987
439553125 8.049578 -38.778343 8.024550 -3.139659 1.067884 -0.478987
459532813 3.621357 -39.323807 2.870813 2.613926 1.304060 0.050242
479512448 -1.072873 -38.522804 0.524259 2.388459 1.202968 0.387447
499492084 -5.273674 -37.577206 3.137115 2.427050 1.033506 0.428887
519471719 -8.450900 -36.370712 8.835632 2.462839 1.033506 0.428887
539451355 -12.135499 -35.311012 11.898361 2.468133 0.925800 0.514235
559430990 -17.783339 -31.962919 8.132707 2.347059 0.861855 0.796504
579410625 -21.423283 -25.428314 3.345713 2.317107 0.562605 1.142152
599390261 -21.223124 -18.029034 0.699677 2.390855 0.387208 1.245782
619369896 -19.376528 -11.668339 -2.412302 2.447476 0.187822 1.213755
639349532 -17.198898 -6.736214 -2.524364 2.463874 0.014152 1.073387
659329167 -15.241102 -3.388109 -0.699294 2.422473 0.014152 1.073387
679308803 -13.533741 -1.176822 0.198453 2.435904 -0.113297 0.971018
699288438 -11.344905 0.175999 0.795660 2.424480 -0.203380 0.851774
719268073 -10.275724 0.808311 1.579380 2.402306 -0.242170 0.666383
739247709 -9.086267 0.995007 2.541261 2.497951 -0.234581 0.560844
759227344 -7.399626 0.807329 3.006652 2.477175 -0.229124 0.514211
779206980 -6.217718 0.495329 2.447129 2.467432 -0.229124 0.514211
799186615 -5.326324 0.423454 1.532708 2.473753 -0.245984 0.491668
819166250 -4.785470 0.396799 0.862817 2.505488 -0.283835 0.447111
839145886 -3.991642 0.379174 0.178294 2.586098 -0.289395 0.319452
859125521 -2.478284 0.225009 -0.063477 2.673012 -0.291058 0.171754
879105157 -1.068209 0.271155 0.330896 2.720338 -0.291058 0.171754
899084792 0.101435 0.421268 0.361745 2.878891 -0.327960 0.003263
919064428 0.655829 0.653634 0.385393 2.835637 -0.327960 0.003263
939044063 1.042112 0.780249 0.219763 3.010962 -0.344009 -0.029230
959023698 1.149140 0.850198 0.400502 2.929141 -0.344009 -0.029230
979003334 1.471864 0.840624 0.649266 3.032053 -0.335332 -0.054297
998983021 1.752996 0.720662 0.649083 3.051086 -0.340518 -0.069621
1018962709 1.633516 0.655533 -0.000987 2.895941 -0.360782 -0.014900
1038942396 1.147318 0.757483 -0.339842 2.909340 -0.352610 -0.001832
1058922084 1.070684 0.804986 -0.081347 2.910233 -0.333060 -0.025367
1078901771 1.343705 0.722995 0.159130 2.980002 -0.333060 -0.025367
1098881459 1.483617 0.619012 0.378736 2.991649 -0.314118 -0.033793
1118861146 1.131760 0.482490 0.426659 2.884816 -0.298047 0.039475
1138840834 0.836168 0.342145 -0.024876 2.899750 -0.298047 0.039475
1158820521 0.522364 0.216409 -0.162015 2.753364 -0.289269 0.093716
1178800209 0.370454 0.203518 -0.347053 2.865103 -0.289269 0.093716
1198779896 0.215335 0.157290 -0.427364 2.748407 -0.270595 0.116783
1218759584 0.194419 0.105482 -0.317423 2.697228 -0.270595 0.116783
1238739271 -0.079606 0.056700 0.058735 2.742512 -0.253427 0.143726
1258718959 -0.146203 0.103811 0.138700 2.742780 -0.267262 0.141344
1278698646 -0.108508 0.177198 -0.144748 2.795938 -0.269898 0.130306
1298678334 -0.014932 0.194712 -0.211548 2.790869 -0.271701 0.108204
1318658021 0.184305 0.198070 -0.343397 2.769041 -0.287461 0.094943
1338637709 0.275847 0.419484 -0.208026 2.762223 -0.287461 0.094943
1358617396 0.153037 0.538855 -0.115831 2.793618 -0.294451 0.107728
1378597084 0.141886 0.557931 -0.194367 2.725311 -0.294451 0.107728
1398576771 0.024388 0.595895 -0.292182 2.782907 -0.271674 0.098088
1418556459 0.241370 0.390278 -0.287696 2.807006 -0.255058 0.094346
1438536146 0.265985 0.316906 -0.195142 2.776044 -0.255058 0.094346
1458515834 0.125570 0.275741 0.096549 2.674376 -0.226639 0.129343
1478495521 -0.156117 0.354159 0.616524 2.712556 -0.225192 0.123440
1498475209 -0.112473 0.435276 0.975883 2.769897 -0.225192 0.123440
