0 -0.197629 -0.092264 -0.202053 1.914087 -0.134154 0.006053
19979479 -0.139801 -0.084880 -0.526400 1.901312 -0.134154 0.006053
39958958 0.207523 -0.069312 -0.233441 1.971318 -0.129544 -0.030289
59938437 -0.013871 0.123098 0.017272 1.861896 -0.144247 -0.006190
79917916 -0.268263 0.131417 -0.218355 1.824859 -0.146337 0.022131
99897395 0.032860 0.132601 -0.149482 1.859629 -0.143371 -0.006808
119876875 -0.060589 0.132054 -0.421190 1.849105 -0.145160 0.009640
139856354 -0.589904 0.251889 -0.642523 1.792450 -0.158389 0.081332
159835833 -1.581327 0.080656 -1.128226 1.783158 -0.154776 0.569433
179815312 -5.111791 0.632060 -0.562218 1.769197 -0.123535 0.878584
199794791 -11.599949 1.084277 0.925813 1.749761 -0.123535 0.878584
219774270 -18.310728 0.334466 4.707044 1.806803 -0.051317 0.939347
239753750 -23.603340 -1.306612 7.579907 1.788488 0.010722 0.963968
259733229 -29.841379 -3.262710 7.184965 1.775369 0.058874 1.070276
279712708 -35.285923 -7.077296 6.837588 1.737472 0.138661 1.139248
299692187 -35.872318 -15.344759 6.558969 1.697899 0.322682 1.148045
319671666 -34.150570 -23.741535 5.997682 1.546920 0.511341 1.140263
339651145 -32.334110 -31.323771 4.767937 1.436291 0.677212 1.147858
359630677 -30.105822 -38.471676 3.094287 1.388265 0.831603 1.164418
379610208 -24.964293 -44.849236 1.808404 1.307458 1.001197 1.132884
399589739 -18.538799 -50.547073 0.717887 1.442998 1.165292 1.052403
419569270 -8.102743 -54.175243 -0.614579 1.931587 1.352176 0.705884
439548802 -2.442173 -51.426502 0.614050 2.602474 1.369403 0.179201
459528333 -0.776884 -49.561939 3.892927 2.860194 1.303093 0.005208
479507864 5.680025 -50.428646 5.425772 -2.829668 1.256637 -0.402644
499487395 16.666006 -46.530014 2.441789 -2.010014 1.144072 -0.965736
519466927 26.949551 -37.874504 -0.174047 -1.558042 0.912587 -1.244751
539446458 31.625528 -27.411942 -3.657650 -1.411983 0.694026 -1.392469
559425989 32.269032 -18.522564 -4.326093 -1.381420 0.372442 -1.325436
579405520 28.641602 -11.745718 -2.056787 -1.379455 0.372442 -1.325436
599385052 21.029640 -6.640211 -0.733598 -1.376973 0.282052 -1.194596
619364583 12.416491 -2.485123 1.154014 -1.169520 -0.022305 -0.473151
639344114 4.964756 0.550755 2.674524 -1.100182 -0.022305 -0.473151
659323645 0.816833 2.132468 3.289399 -0.613847 -0.150247 -0.170451
679303177 -0.419685 2.624732 2.731446 -0.637182 -0.171176 -0.181679
699282708 0.275673 1.784692 1.075892 -0.611816 -0.171176 -0.181679
719262239 0.362911 0.992465 -0.035325 -0.646644 -0.119915 -0.224544
739241770 -0.091538 0.507314 -0.227106 -0.672282 -0.081361 -0.195633
759221302 -0.583549 0.240231 -0.809556 -0.561026 -0.062622 -0.167550
779200833 -1.040122 0.485390 -0.720434 -0.505177 -0.091379 -0.131107
799180364 -0.969300 0.556270 -0.464568 -0.394294 -0.096302 -0.151154
819159895 -0.778683 0.688603 -0.585709 -0.425080 -0.111771 -0.187834
839139427 -0.431765 0.452959 -0.356964 -0.662902 -0.048986 -0.266110
859118958 -0.240769 0.134843 -0.428074 -0.509789 -0.048986 -0.266110
879098489 -0.227627 0.180323 -0.409736 -0.588159 -0.053583 -0.278092
899078020 -0.336980 0.390754 -0.202587 -0.507022 -0.076606 -0.267191
919057552 -0.368182 0.465507 -0.207281 -0.413940 -0.070946 -0.269757
939037083 -0.203543 0.273866 0.123278 -0.595699 -0.053087 -0.293393
959016614 0.045315 0.057599 0.173293 -0.561479 -0.053087 -0.293393
978996145 0.218683 0.041240 -0.130459 -0.526688 -0.077809 -0.299395
998975677 -0.188344 0.264940 -0.256636 -0.297845 -0.103717 -0.225621
1018955208 -0.873934 0.573370 0.414668 -0.003546 -0.146662 -0.172352
1038934739 -1.511874 0.965845 0.351540 -0.059467 -0.146662 -0.172352
1058914218 -2.364610 1.310314 0.179425 0.104164 -0.189298 -0.089501
1078893697 -2.300728 1.371768 -0.144693 -0.034076 -0.144103 -0.210509
1098873177 -1.244800 0.788521 -0.314694 -0.063665 -0.144103 -0.210509
1118852656 -0.221419 0.231484 0.104143 -0.393250 -0.077775 -0.302945
1138832135 0.170015 0.003097 0.450088 -0.429932 -0.051603 -0.331250
1158811614 -0.035603 -0.103246 0.449551 -0.238228 -0.037167 -0.273588
1178791093 -0.478241 -0.140639 0.443025 -0.325758 -0.016889 -0.264463
1198770572 -0.573458 -0.336065 0.451806 -0.422327 0.031015 -0.284587
1218750052 -0.354252 -0.805142 0.565283 -0.339092 0.114839 -0.300900
1238729531 -0.361631 -1.566555 0.132727 -0.362118 0.114839 -0.300900
1258709010 -0.463783 -2.457880 -0.252168 -0.773637 0.219417 -0.307866
1278688489 0.369027 -2.626334 0.180471 -1.080368 0.208949 -0.503268
1298667968 2.168333 -2.798479 0.997252 -1.275398 0.224598 -0.686303
1318647447 4.546324 -3.324910 0.542814 -1.399391 0.268413 -0.844112
1338626927 6.038526 -4.055247 -0.930863 -1.229180 0.195209 -0.685087
1358606406 4.554056 -3.245502 0.138724 -1.339994 0.195209 -0.685087
1378585885 1.680230 -2.075182 0.464959 -0.832190 0.095236 -0.449984
1398565364 0.317711 -1.142197 0.123734 -0.638727 0.009336 -0.488700
1418544843 1.788072 -1.455523 -0.493112 -0.677679 0.009336 -0.488700
1438524322 1.847041 -1.637388 0.537633 -0.605810 0.008990 -0.439656
1458503802 0.019200 -0.846716 1.210715 0.467808 -0.157718 -0.191955
1478483281 -0.731891 -0.222004 1.358461 0.101541 -0.112643 -0.308546
1498462760 0.321224 -1.066826 0.411917 -0.465506 -0.091367 -0.454974
