0 -0.267309 -0.334976 0.456626 1.692506 -0.114146 0.039784
19980364 -0.335395 -0.165248 0.264749 1.661759 -0.134236 0.045966
39960729 -0.286047 -0.093584 0.066999 1.656371 -0.128374 0.027836
59941093 -0.223853 -0.253015 -0.097504 1.790226 -0.128374 0.027836
79921458 -0.146375 -0.226201 -0.069487 1.747842 -0.136265 -0.000752
99901822 -0.025543 -0.160023 -0.050487 1.690051 -0.136265 -0.000752
119882187 -0.034722 -0.112821 -0.136466 1.682801 -0.142033 -0.002297
139862552 -0.127760 -0.033640 -0.123421 1.667427 -0.165065 0.005428
159842916 -0.145199 0.120205 -0.186688 1.560064 -0.165065 0.005428
179823281 -0.233817 0.385514 -0.423024 1.544802 -0.194037 0.010873
199803645 -0.678696 0.579187 -0.424255 1.536774 -0.255239 0.180882
219784010 -1.992912 1.236717 -0.263440 1.455827 -0.309489 0.330832
239764375 -3.721579 2.139302 0.052562 1.471201 -0.320146 0.366627
259744739 -4.405875 2.534703 0.426688 1.455840 -0.320146 0.366627
279725104 -4.362853 2.277242 0.503175 1.462735 -0.291547 0.348894
299705468 -4.890334 2.028035 0.341121 1.520318 -0.265773 0.394743
319685833 -4.995569 2.324328 0.630043 1.388629 -0.326118 0.309620
339666197 -4.104415 2.842126 1.040831 1.335264 -0.350794 0.210670
359646562 -2.741761 2.806648 0.637098 1.232520 -0.350794 0.210670
379626927 -2.384717 1.159893 -0.365645 1.369071 -0.233457 0.221522
399607291 -6.084538 0.446025 0.449536 1.582192 -0.056261 0.731869
419587656 -9.690937 -0.514390 1.716218 1.589808 0.029356 0.820883
439568020 -11.125020 -2.026889 1.587288 1.617696 0.029356 0.820883
459548385 -13.409044 -3.031755 1.596032 1.590243 0.075392 0.916595
479528750 -18.236944 -3.925135 1.662848 1.555932 0.101766 1.048068
499509114 -20.663393 -6.149216 3.343774 1.527629 0.182281 1.032477
519489479 -19.514400 -8.844110 5.532885 1.494467 0.290778 0.921731
539469843 -19.444010 -10.051781 6.045646 1.494939 0.339468 0.890533
559450208 -23.901461 -10.751791 6.031239 1.420105 0.322486 0.983484
579430572 -29.019514 -13.759437 6.366541 1.366805 0.361248 1.058364
599410937 -32.844921 -18.689829 4.933940 1.322448 0.457515 1.143511
619391302 -35.172157 -26.251442 3.637804 1.331713 0.606238 1.198835
639371666 -35.069260 -34.633995 4.667381 1.440647 0.900722 1.047670
659352031 -30.993229 -42.860786 7.291965 1.495591 0.900722 1.047670
679332343 -26.005426 -50.492062 7.005830 1.748022 1.039834 0.974245
699312656 -20.584343 -51.855427 5.191974 1.958615 1.127959 0.921103
719292968 -16.951965 -51.139488 6.075927 2.309394 1.150030 0.804893
739273281 -12.881614 -50.864941 10.089314 2.621752 1.132910 0.569740
759253593 -2.900376 -51.255424 13.884218 -2.992602 1.129011 0.131490
779233906 9.536592 -49.267365 14.778706 -2.422256 1.074789 -0.348335
799214218 20.840200 -42.813320 12.249102 -1.994041 0.950698 -0.740344
819194531 28.832279 -34.134262 9.387735 -1.810363 0.768381 -0.976476
839174843 30.548645 -25.414009 7.906914 -1.874079 0.605202 -1.041126
859155156 29.808865 -19.231373 8.740081 -1.868436 0.474179 -1.008649
879135468 27.589197 -14.956887 7.274323 -1.868372 0.398540 -1.011448
899115781 24.676849 -11.335448 5.115385 -1.896279 0.334470 -1.023676
919096093 21.241899 -8.376633 3.744111 -1.848605 0.243773 -0.938025
939076406 16.087257 -6.096464 1.943082 -1.878213 0.243773 -0.938025
959056718 8.876730 -4.071992 0.997485 -1.899287 0.219491 -0.675355
979037031 3.839560 -2.685805 1.938498 -1.941984 0.130629 -0.067665
999017343 1.024450 -2.158050 2.759491 -1.941984 0.130629 -0.067665
1018997656 -1.203862 -1.466902 3.843230 -2.028458 0.087690 0.085646
1038977968 -3.118410 -0.977765 4.383384 -1.935328 0.061586 0.199552
1058958281 -4.595119 -0.480918 3.469729 -1.895375 0.035984 0.305191
1078938593 -5.010529 0.193841 2.657766 -0.443312 -0.009967 0.343864
1098918906 -5.332538 1.081031 2.311747 0.171561 -0.080747 0.368726
1118899218 -5.921326 1.901166 1.833775 0.467575 -0.152778 0.420112
1138879531 -6.149436 2.014445 0.292892 0.586408 -0.187232 0.491628
1158859843 -4.978553 1.895784 -0.700196 0.431287 -0.207906 0.432165
1178840156 -3.758367 1.437705 -0.259457 0.009840 -0.168752 0.297302
1198820468 -2.650656 0.934946 0.057936 -0.334137 -0.124366 0.179697
1218800781 -3.521285 0.709026 0.722076 -0.302888 -0.127042 0.194613
1238781093 -2.899528 0.833534 0.316224 -0.455359 -0.136687 0.072070
1258761406 -1.634399 0.731153 -0.466374 -0.561862 -0.136687 0.072070
1278741718 -0.923521 0.553466 -0.640335 -0.750525 -0.125404 -0.008961
1298722031 -0.445103 0.352027 -0.913708 -0.886481 -0.107663 -0.069255
1318702343 0.974735 0.033117 -1.776916 -1.130404 -0.070544 -0.260201
1338682656 3.015979 -0.277588 -2.045963 -1.355291 -0.017520 -0.505261
1358662968 2.412011 0.041740 -0.711478 -0.942069 -0.075754 -0.185097
1378643281 0.818461 0.554583 0.603938 -0.981561 -0.075754 -0.185097
1398623593 -0.292689 0.858154 1.466999 -0.769734 -0.093808 -0.069891
1418603906 -0.281727 0.892578 1.604631 -0.815723 -0.084412 -0.099087
1438584218 0.089085 0.735894 1.397182 -0.797922 -0.084412 -0.099087
1458564531 -0.311731 0.697377 1.183175 -0.824198 -0.084960 -0.061259
1478544843 -1.285991 0.681797 1.174092 -0.555700 -0.085121 0.029450
1498525156 -1.887935 0.474033 1.037870 -0.716565 -0.013471 -0.011427
