0 -0.038490 0.061276 0.439831 1.551690 -0.148801 0.112479
19980156 -0.147403 0.048440 -0.111955 1.661812 -0.157691 0.070978
39960312 0.172034 0.152213 -0.380181 1.574094 -0.142949 0.061586
59940468 0.115312 0.147310 0.063878 1.559750 -0.134631 0.076313
79920625 -0.142938 0.150884 0.312689 1.737211 -0.134631 0.076313
99900781 -0.316647 0.389935 0.030380 1.524902 -0.172088 0.096387
119880937 -0.332291 0.465682 -0.318044 1.441539 -0.210095 0.105031
139861093 -0.371996 0.827150 -0.437308 1.441539 -0.210095 0.105031
159841250 -2.866996 1.719348 -0.347371 1.553696 -0.326253 0.661412
179821406 -6.967406 3.141614 0.129808 1.577577 -0.283033 0.802691
199801562 -9.734362 3.194413 0.413961 1.556119 -0.283033 0.802691
219781718 -15.324739 3.136625 0.517893 1.640601 -0.170163 1.112346
239761875 -23.499405 3.683275 2.296988 1.604095 -0.050651 1.143818
259742031 -28.324968 0.707177 3.376954 1.551872 0.117605 1.158172
279722187 -28.847340 -4.507515 2.900714 1.463920 0.117605 1.158172
299702343 -31.901924 -9.608867 2.894733 1.375550 0.258036 1.189536
319682500 -35.644684 -16.599211 5.264874 1.290276 0.574886 1.133180
339662656 -38.046581 -26.595123 7.489841 1.229355 0.574886 1.133180
359642812 -40.557747 -36.452682 11.261705 1.238626 0.824051 1.125213
379622968 -39.841812 -45.317577 8.518031 1.283533 0.824051 1.125213
399603072 -40.385933 -51.701061 7.825203 1.288835 0.888324 1.146756
419583177 -36.006313 -57.465511 6.711228 1.399557 0.997390 1.125421
439563281 -24.605452 -57.337379 5.206750 1.722697 1.146772 0.986281
459543385 -14.996682 -53.235611 7.019465 2.154006 1.211783 0.638116
479523489 -8.747956 -49.410213 11.288462 3.092104 1.129102 -0.002297
499503593 -2.319957 -46.622807 12.533343 3.092104 1.129102 -0.002297
519483697 4.438757 -43.925964 8.605467 -2.747283 1.153076 -0.341424
539463802 8.857972 -39.221500 4.848500 -2.380825 1.133193 -0.643046
559443906 10.490696 -32.861538 2.636202 -2.236897 1.070203 -0.802897
579424010 10.866413 -26.325459 1.375998 -2.161426 0.976317 -0.885205
599404114 11.580332 -21.031284 -1.531695 -2.047172 0.884323 -1.069643
619384218 12.191699 -16.836098 -5.347127 -1.930833 0.780768 -1.323847
639364322 12.747954 -13.399690 -8.066448 -1.875787 0.642987 -1.512653
659344427 12.305429 -10.674566 -8.537312 -1.900608 0.535008 -1.548589
679324531 11.129290 -8.617381 -6.895982 -1.955024 0.462162 -1.440075
699304635 9.769657 -7.052773 -5.222724 -2.005819 0.403790 -1.310663
719284739 7.728937 -5.371226 -4.468303 -2.040761 0.343748 -1.208947
739264843 5.519137 -3.522426 -3.791108 -2.086935 0.128365 -0.849275
759244947 3.104311 -1.856620 -2.827482 -2.061517 0.128365 -0.849275
779225052 1.414423 -0.465730 -1.389575 -2.074006 -0.003136 -0.602129
799205156 0.265103 0.822711 -0.051442 -1.879482 -0.117073 -0.423960
819185260 -0.970433 1.769880 1.271332 -1.571699 -0.181217 -0.265844
839165364 -2.153470 2.588542 1.769487 -0.994029 -0.251884 -0.172221
859145468 -1.918613 2.782681 1.514138 -0.994029 -0.251884 -0.172221
879125572 -1.477713 2.823493 1.428929 -1.004493 -0.248991 -0.210272
899105677 -1.249929 2.560571 1.313208 -1.143547 -0.220200 -0.230765
919085781 -0.914147 2.291771 1.243529 -1.538526 -0.152346 -0.344346
939065885 -0.247519 1.918567 0.612373 -1.626221 -0.097410 -0.368502
959045989 -0.004146 1.427722 0.503473 -1.626221 -0.097410 -0.368502
979026093 0.678218 0.818197 0.584788 -1.698545 -0.028671 -0.426076
999006197 1.218566 0.545651 0.637176 -1.833398 0.004575 -0.472896
1018986302 1.156412 0.444767 0.759453 -1.776235 0.020197 -0.469218
1038966406 0.530677 0.303754 0.235276 -1.849477 0.041890 -0.442099
1058946510 0.148104 0.321849 0.253385 -1.780250 0.043956 -0.405531
1078926614 0.755699 0.293319 0.613458 -1.883364 0.042419 -0.439919
1098906718 1.365043 0.156977 0.762390 -1.816931 0.064593 -0.444024
1118886822 1.320485 -0.227148 1.047725 -1.794765 0.064593 -0.444024
1138866927 1.031165 -0.503961 -0.032331 -1.927153 0.081849 -0.442694
1158847031 0.390290 -0.073024 -0.787874 -1.858956 0.026247 -0.388755
1178827135 -0.219055 0.132134 -0.344488 -1.946699 -0.005148 -0.294228
1198807239 -0.047930 0.276658 -0.533906 -1.913204 0.033599 -0.444171
1218787343 1.478276 -0.245722 0.029160 -1.866110 0.033599 -0.444171
1238767447 1.948587 -0.384651 0.197330 -1.911036 0.042924 -0.476060
1258747552 1.385330 -0.360321 0.196143 -1.888597 0.043316 -0.385906
1278727656 0.971486 -0.485108 0.178228 -1.888597 0.043316 -0.385906
1298707812 1.057355 -0.747733 -0.056648 -1.926571 0.070097 -0.414482
1318687968 0.778927 -0.492165 -1.465996 -1.907183 0.056865 -0.459830
1338668125 -0.047218 0.443032 -1.390729 -1.787263 -0.074142 -0.213718
1358648281 -0.731081 0.725171 0.490839 -1.687441 -0.107214 -0.161133
1378628437 -1.001450 1.120313 1.723665 -1.402580 -0.107214 -0.161133
1398608593 -1.114365 0.340254 1.687501 -1.840940 -0.040949 -0.158457
1418588750 -0.551968 0.191734 0.794259 -1.750951 -0.031871 -0.240739
1438568906 0.464099 -0.373650 0.116060 -1.804790 0.022429 -0.369324
1458549062 0.752751 -0.123557 -0.252239 -1.763137 -0.005404 -0.417305
1478529218 0.533298 -0.059265 -0.623572 -1.772552 -0.016077 -0.410226
1498509375 0.483262 0.418110 -0.671039 -1.671632 -0.072786 -0.399926
