0 -0.006969 -0.360674 0.453291 1.711363 -0.127641 -0.003105
19979375 -0.120328 -0.349820 -0.020024 1.765048 -0.135399 0.009315
39958750 -0.170832 -0.221562 0.023329 1.733428 -0.148035 0.015781
59938125 -0.210528 0.126774 0.109156 1.643492 -0.204324 0.035904
79917500 -0.368098 0.324205 -0.006815 1.638990 -0.195102 0.037760
99896875 -0.381035 0.195414 -0.216955 1.667048 -0.195102 0.037760
119876250 -0.583849 0.136298 -0.220254 1.732472 -0.188654 0.060375
139855625 -0.794266 -0.009715 -0.302788 1.701172 -0.141699 0.083366
159835000 -0.780284 -0.312658 -0.480596 1.851505 -0.120954 0.070926
179814375 -0.679545 -0.494398 -0.690102 1.795541 -0.120954 0.070926
199793750 -0.530295 -0.170695 -0.857313 1.712734 -0.155925 0.049772
219773125 -0.358198 0.095244 -1.071599 1.597087 -0.201283 0.070529
239752500 -0.763461 0.271383 -1.199821 1.603024 -0.193358 0.185449
259731875 -1.754831 0.361137 -1.061068 1.610008 -0.193358 0.185449
279711250 -3.713209 0.162531 -0.010213 1.636753 -0.131918 0.359757
299690625 -8.284966 0.121610 1.841780 1.670135 -0.082198 0.622046
319670000 -15.162778 -0.285234 4.636797 1.668638 -0.029787 0.810842
339649375 -19.425186 -0.005558 8.424994 1.680363 0.011960 0.854140
359628750 -21.105537 -1.375766 8.356741 1.664476 0.079648 0.900419
379608125 -23.255405 -3.573797 8.372420 1.649525 0.079648 0.900419
399587500 -24.228998 -6.834233 8.234259 1.600105 0.179121 0.921365
419566875 -23.731150 -10.712410 8.066326 1.553487 0.303757 0.910318
439546250 -24.156187 -15.414000 7.856549 1.552966 0.445375 0.916745
459525625 -24.635210 -20.498425 7.384441 1.441301 0.681213 0.958328
479505000 -26.653671 -25.094345 7.560448 1.340250 0.681213 0.958328
499484375 -25.000523 -31.190689 7.121534 1.344937 0.841266 0.930013
519463750 -20.044445 -36.020100 2.931783 1.387097 1.060156 0.945472
539443125 -14.867521 -39.018402 -0.999167 1.452099 1.252684 0.954341
559422500 -8.770321 -39.317425 -2.464151 2.571261 1.446125 -0.015018
579401875 -4.991358 -36.444809 -3.339333 2.625630 1.446125 -0.015018
599381250 -2.720656 -33.881073 -1.031324 2.993470 1.366099 -0.344630
619360625 1.542316 -33.138447 0.742931 -2.238508 1.164991 -1.079432
639340000 7.671942 -32.150742 -1.110223 -1.690454 1.018942 -1.466190
659319375 14.032816 -29.478504 -6.108953 -1.628957 1.018942 -1.466190
679298750 19.202133 -24.808384 -9.629105 -1.387763 0.670408 -1.667799
699278125 20.627205 -19.055288 -10.874895 -1.393209 0.670408 -1.667799
719257500 17.928387 -13.654548 -10.293024 -1.406348 0.501982 -1.584468
739236875 13.140028 -9.060719 -8.912265 -1.465783 0.501982 -1.584468
759216250 8.018030 -5.488359 -7.835962 -1.499007 0.448348 -1.492869
779195625 4.689422 -2.706840 -5.036315 -1.409290 0.100685 -0.790070
799175000 3.306147 -0.790661 -2.007634 -1.421133 0.100685 -0.790070
819154375 2.020438 0.453391 0.332372 -1.118430 -0.024030 -0.551135
839133750 0.726279 0.704346 0.800251 -0.989960 -0.048936 -0.429695
859113125 0.200196 0.548842 -0.161839 -1.202790 0.006087 -0.505648
879092500 0.510346 0.148174 -1.087341 -1.260514 0.044757 -0.561601
899071875 1.036848 -0.149236 -1.126857 -1.218080 0.044757 -0.561601
919051250 1.504956 -0.167622 -0.778177 -1.180398 0.051687 -0.587750
939030625 1.692955 0.020829 -0.310686 -1.056778 0.014302 -0.506147
959010000 1.199134 0.304827 0.423531 -1.076581 0.014302 -0.506147
978989375 0.603165 0.458391 0.661209 -0.988624 0.002836 -0.444812
998968698 0.146882 0.540513 0.741787 -0.811293 -0.002736 -0.399249
1018948021 0.089021 0.583158 0.708004 -0.885525 0.006051 -0.400960
1038927344 0.237530 0.526175 0.854727 -0.912613 0.031471 -0.418081
1058906667 0.551715 0.288222 1.176006 -0.679487 0.031471 -0.418081
1078885990 0.473922 0.368506 1.519506 -0.827792 0.029592 -0.393425
1098865313 0.323925 0.309801 1.478911 -0.764374 0.040114 -0.408615
1118844636 0.313104 0.181303 1.054232 -0.785559 0.040114 -0.408615
1138823959 0.560919 -0.056250 0.533442 -0.988690 0.068209 -0.486505
1158803282 0.800018 -0.142359 0.219583 -0.950063 0.072785 -0.490018
1178782604 0.804400 -0.212263 0.160101 -0.921513 0.067610 -0.455784
1198761927 0.511909 -0.194480 0.377433 -0.856603 0.073999 -0.436896
1218741250 0.297429 -0.294443 0.362483 -0.914793 0.084771 -0.441974
1238720573 0.236275 -0.426662 0.034357 -1.033744 0.084771 -0.441974
1258699896 0.069000 -0.557690 -0.250988 -0.846422 0.094420 -0.407075
1278679219 -0.131179 -0.549245 -0.336744 -0.830065 0.076056 -0.367591
1298658542 -0.269624 -0.428103 0.096461 -0.818924 0.076056 -0.367591
1318637865 -0.021590 -0.299952 0.649032 -0.749203 0.055094 -0.363645
1338617188 0.146165 -0.475655 0.632806 -0.748221 0.061149 -0.357976
1358596511 0.134367 -0.515986 0.667564 -0.770733 0.061149 -0.357976
1378575834 -0.166858 -0.221056 1.396280 -0.539655 0.000061 -0.287324
1398555157 -0.373479 -0.064802 1.545250 -0.562062 0.000061 -0.287324
1418534479 -0.210193 -0.174267 0.540219 -0.836064 0.007047 -0.394681
1438513802 0.148016 -0.295322 -0.049989 -0.773929 0.007047 -0.394681
1458493125 0.285694 -0.161190 0.354712 -0.613602 -0.032478 -0.361123
1478472448 -0.071810 -0.006396 1.097136 -0.632273 -0.032478 -0.361123
1498451771 -0.313764 -0.367063 0.622753 -0.658942 -0.001839 -0.382112
