0 0.284570 0.171736 -0.715646 -0.032026 -0.057662 -0.088681
19979688 0.374440 0.347728 -0.443624 -0.048454 -0.076606 -0.097999
39959375 0.622382 0.570443 -0.399646 -0.174894 -0.102071 -0.129895
59939063 0.975477 0.530288 -0.578848 -0.160988 -0.100288 -0.178595
79918750 1.015249 0.318824 -0.691959 -0.059502 -0.056789 -0.132239
99898438 0.477173 0.167572 -0.511967 -0.061859 -0.056789 -0.132239
119878125 -0.065682 -0.049892 -0.195636 0.015025 -0.026837 -0.071908
139857813 -0.060352 -0.230378 0.386870 0.031221 -0.001846 -0.070101
159837500 0.045964 -0.264660 0.901125 0.079209 0.016297 -0.061590
179817188 -0.160188 -0.362159 0.988836 0.052805 0.016297 -0.061590
199796875 -0.741747 -0.273598 0.861038 0.168574 0.009208 -0.007992
219776563 -0.950352 -0.087722 0.695555 0.200315 -0.007830 0.011388
239756250 -0.777857 0.302084 0.723062 0.153954 -0.045292 -0.007633
259735938 -0.814212 1.049248 0.873226 0.199185 -0.116292 -0.009807
279715625 -1.229656 1.827337 0.810000 0.208172 -0.189663 0.022752
299695313 -1.162097 2.560468 0.213012 0.162667 -0.266746 0.018769
319675000 2.244508 2.414349 -0.325193 -0.749174 -0.165190 -0.679491
339654688 7.129225 2.170026 0.148273 -0.724427 -0.165190 -0.679491
359634375 10.996311 1.226617 1.112728 -0.933636 0.039176 -0.867722
379614063 13.247676 -0.548990 2.458101 -0.908554 0.039176 -0.867722
399593750 13.965492 -2.647673 2.963746 -1.099041 0.257132 -0.879811
419573438 14.632413 -5.189544 3.178054 -1.250284 0.328825 -0.852545
439553125 15.284163 -7.237076 4.253698 -1.246466 0.328825 -0.852545
459532813 16.396864 -9.589655 5.042585 -1.335395 0.398718 -0.852413
479512500 18.785013 -12.391917 5.564672 -1.438089 0.460660 -0.892065
499492188 20.719650 -16.347223 6.768371 -1.622637 0.542930 -0.891766
519471875 22.165745 -21.646986 8.960215 -1.801306 0.634365 -0.852571
539451563 21.186077 -28.421007 9.276419 -2.050909 0.783580 -0.809454
559431250 16.779142 -33.196198 9.268327 -2.409663 0.922813 -0.673043
579410938 13.511255 -34.947216 9.937097 -2.676211 0.976485 -0.529824
599390625 14.201633 -37.011040 9.868883 -2.640981 0.998962 -0.547869
619370365 14.754341 -42.034328 7.416544 -2.564804 1.094071 -0.625863
639350104 12.537367 -48.399319 2.187628 -2.510399 1.262012 -0.705124
659329844 6.898856 -52.681057 -3.975672 -2.547187 1.454043 -0.636248
679309583 -1.365431 -49.142639 -7.640665 1.650717 1.347233 1.807385
699289323 -5.938227 -46.300724 -10.868224 1.650717 1.347233 1.807385
719269063 -9.099084 -44.278069 -12.116727 1.802410 1.266414 1.840024
739248802 -13.725561 -37.853706 -6.136379 2.224859 1.125295 1.433412
759228542 -18.898764 -28.425953 1.170659 2.570670 0.849223 1.157524
779208281 -20.672579 -20.674129 1.860870 2.551359 0.651658 1.148999
799188021 -19.617100 -15.660606 -2.124734 2.475602 0.558062 1.273007
819167760 -18.527569 -11.366394 -6.114872 2.341934 0.444928 1.429590
839147500 -17.423231 -6.923693 -7.781972 2.341795 0.275772 1.501984
859127240 -15.320498 -3.837901 -5.947273 2.307546 0.141556 1.387924
879106979 -12.572092 -2.384573 -2.315963 2.398032 0.071723 1.129304
899086719 -9.919943 -1.813206 0.409917 2.528668 0.043366 0.887393
919066458 -7.807601 -1.736676 1.712749 2.574343 0.042379 0.719734
939046198 -6.274716 -1.719683 1.444541 2.679690 0.045859 0.639110
959025938 -5.066285 -1.793729 0.547233 2.679585 0.059450 0.597174
979005677 -4.248858 -1.718912 0.227558 2.708297 0.060254 0.550331
998985417 -3.352884 -1.485126 0.461699 2.906742 0.025241 0.377445
1018965156 -2.226039 -1.220834 0.574332 2.826906 0.025241 0.377445
1038944896 -1.175359 -0.800790 0.799518 3.049397 -0.054597 0.161725
1058924635 0.241163 -0.337158 0.446950 -3.081461 -0.104122 0.070704
1078904375 1.234838 0.182126 0.197446 -3.017987 -0.128443 0.029138
1098884115 1.672823 0.526274 0.478526 -3.017987 -0.128443 0.029138
1118863854 1.301686 0.994663 1.098872 -3.125016 -0.157958 0.064114
1138843594 1.276436 1.097059 1.320599 -3.138362 -0.158089 0.065871
1158823333 1.266312 1.044499 1.701130 3.103590 -0.143712 0.065723
1178803073 1.474614 0.757574 1.669714 3.094580 -0.115523 0.047641
1198782813 1.316924 0.539750 1.811794 3.089944 -0.093950 0.059831
1218762552 1.257499 0.179182 1.301122 3.078119 -0.064893 0.067125
1238742292 1.182444 -0.153254 0.841467 3.064735 -0.035510 0.076651
1258721979 0.956539 -0.372977 0.591038 2.962807 -0.013822 0.101483
1278701667 0.689407 -0.364532 0.688861 2.941366 -0.027875 0.155040
1298681354 0.419286 -0.258695 0.805635 2.878294 -0.027875 0.155040
1318661042 0.403653 -0.204569 0.529913 2.902590 -0.038185 0.161688
1338640729 0.658807 -0.193981 0.006340 2.884292 -0.045500 0.144155
1358620417 1.001867 -0.270724 -0.589180 2.900684 -0.067495 0.127505
1378600104 0.842448 -0.020043 -0.359960 2.900684 -0.067495 0.127505
1398579792 0.581874 0.291072 -0.117938 2.760647 -0.098630 0.150133
1418559479 0.483052 0.427052 0.000073 2.794255 -0.112280 0.157246
1438539167 0.562471 0.282734 -0.060353 2.847042 -0.072815 0.133480
1458518854 0.709303 0.016191 -0.385413 2.805027 -0.072815 0.133480
1478498542 0.602706 -0.087101 -0.272749 2.782887 -0.058817 0.138983
1498478229 0.112364 -0.035659 0.125505 2.724499 -0.060389 0.179341
