0 0.056110 -0.082204 0.200830 0.166256 -0.057278 -0.075873
19979427 0.412785 -0.165104 0.112665 0.117031 -0.060355 -0.086132
39958855 0.536039 -0.135791 0.000994 0.172636 -0.067035 -0.074982
59938282 0.457064 -0.069470 -0.028852 0.163136 -0.067035 -0.074982
79917709 0.486954 -0.005541 0.066039 0.020693 -0.078149 -0.120887
99897136 0.935336 0.024372 -0.221117 -0.074350 -0.073262 -0.143012
119876563 1.127616 -0.025466 -0.459688 -0.092237 -0.072875 -0.143806
139855990 1.149396 -0.005903 -0.411376 -0.089829 -0.072875 -0.143806
159835417 1.318432 0.002854 -0.377532 -0.169217 -0.065055 -0.208528
179814844 1.720056 -0.003408 -0.353687 -0.705519 -0.020219 -0.443870
199794271 3.765540 -0.323693 -1.096169 -0.680765 -0.020219 -0.443870
219773698 6.480491 -0.604136 -0.746543 -0.888552 0.020290 -0.646560
239753125 7.849237 -0.771807 0.333405 -0.871984 0.039123 -0.672562
259732552 8.886127 -1.045025 1.507698 -1.115339 0.092158 -0.840118
279711980 11.386730 -1.608057 0.698689 -1.199554 0.122138 -0.982681
299691407 13.699660 -2.114878 -0.335137 -1.172284 0.122138 -0.982681
319670834 16.490421 -2.570633 0.614374 -1.131487 0.137013 -1.021681
339650261 21.624733 -4.315376 3.104898 -1.230812 0.182677 -1.040713
359629688 27.864563 -8.875492 5.596992 -1.258351 0.287398 -1.068202
379609115 30.059790 -15.838338 8.353387 -1.507511 0.438266 -1.024946
399588542 28.100065 -25.290779 10.083162 -1.967009 0.642101 -0.948905
419567969 23.358829 -34.645325 6.898818 -2.310101 0.881892 -0.942266
439547396 18.563999 -41.961876 2.877873 -2.671937 1.199762 -0.754062
459526823 12.563339 -46.010860 3.109722 -2.714563 1.199762 -0.754062
479506250 7.817664 -47.012432 4.948880 -2.946568 1.231799 -0.451316
499485677 3.783559 -45.143314 6.802364 3.116192 1.209702 -0.161236
519465105 0.890906 -41.948383 7.956439 3.009523 1.163310 0.035209
539444532 -0.213937 -38.453987 4.933002 3.001031 1.193905 0.146977
559424011 -2.072227 -34.549721 0.000142 2.888971 1.264752 0.439070
579403490 -5.346249 -29.571238 -4.879745 2.479774 1.251326 1.083745
599382969 -8.878819 -24.316208 -9.017614 2.276607 1.075322 1.579617
619362448 -11.945780 -19.947460 -9.023162 2.415387 0.858065 1.587743
639341927 -13.793798 -17.047346 -7.225736 2.491027 0.705797 1.486688
659321407 -15.654628 -14.421865 -6.544433 2.515750 0.561129 1.461690
679300886 -16.676590 -11.721132 -7.501081 2.497251 0.435179 1.515656
699280365 -16.217602 -9.101175 -7.641457 2.496873 0.329815 1.524304
719259896 -13.918694 -6.902764 -6.642433 2.511164 0.254294 1.467325
739239427 -10.623760 -5.184107 -4.952861 2.570971 0.193858 1.336025
759218959 -7.765131 -3.839916 -3.081676 2.772135 0.052787 0.947236
779198490 -4.483216 -2.702189 -2.877236 2.760978 0.052787 0.947236
799178021 -3.508817 -1.317743 -2.193461 2.790596 -0.083554 0.801442
819157552 -4.009710 -0.038356 -1.100030 2.842101 -0.239042 0.698428
839137084 -3.845202 0.640269 -0.774981 2.723950 -0.239042 0.698428
859116615 -2.894145 0.587958 -0.922019 3.084324 -0.164475 0.496491
879096146 -1.681821 -0.011489 -0.307138 2.997283 -0.164475 0.496491
899075677 -1.056518 -0.470656 1.012974 -3.099780 -0.092880 0.386166
919055209 -1.132013 -0.498087 2.060417 -3.115078 -0.072249 0.355140
939034740 -0.716485 -0.317102 2.393037 -3.099787 -0.080193 0.308773
959014271 0.469995 -0.143305 2.189968 -2.963105 -0.095176 0.215023
978993802 1.730852 0.020977 1.728073 -2.789231 -0.113182 0.113763
998973334 2.054909 0.196973 1.674540 -2.729829 -0.158295 0.072723
1018952865 2.252445 0.525218 1.601689 -2.731219 -0.176949 0.061553
1038932396 2.400784 0.721492 1.597981 -2.762102 -0.180618 0.073369
1058911927 2.288384 0.734799 1.581742 -2.863216 -0.183557 0.097066
1078891459 2.090103 0.635825 1.003176 -2.734184 -0.183557 0.097066
1098870990 1.829598 0.592524 0.347547 -2.870034 -0.192451 0.130591
1118850521 1.503431 0.610901 0.175348 -2.872058 -0.197402 0.167177
1138830052 1.278006 0.633705 -0.070651 -2.903039 -0.203711 0.196619
1158809584 1.051200 0.521497 -0.091804 -3.074714 -0.173406 0.233774
1178789115 0.914768 0.382814 -0.133263 -3.078956 -0.173406 0.233774
1198768646 0.689879 0.358711 -0.041989 -3.110672 -0.166212 0.252362
1218748177 0.339845 0.337245 -0.138074 3.108162 -0.150299 0.323763
1238727709 -0.021666 0.262545 -0.172673 3.019533 -0.135942 0.357280
1258707240 -0.393790 0.162478 -0.171057 3.027542 -0.135942 0.357280
1278686771 -0.784890 0.011897 -0.247204 2.933692 -0.117665 0.394313
1298666302 -1.107356 0.024786 -0.316010 2.893307 -0.116894 0.424653
1318645834 -0.971114 -0.007905 -0.472925 2.899785 -0.113535 0.397452
1338625365 -0.797405 0.013642 -0.463733 2.864022 -0.113535 0.397452
1358604896 -0.709455 0.188240 -0.269204 2.853596 -0.126147 0.381567
1378584427 -0.122951 0.264683 0.002675 -3.117288 -0.106846 0.213457
1398563959 0.939335 0.070906 0.035677 -3.087394 -0.071488 0.154765
1418543490 1.480011 -0.189658 0.368759 -3.109724 -0.024931 0.164683
1438523021 1.261256 -0.580968 0.928789 3.096399 0.047723 0.198458
1458502552 0.872362 -1.294080 0.835403 3.119622 0.047723 0.198458
1478482084 1.124298 -2.382519 -0.086848 3.135029 0.174352 0.187330
