0 -0.710201 0.098249 -0.406733 1.737553 -0.149974 0.097390
19980313 -0.693372 0.026047 -0.296240 1.738146 -0.131586 0.063765
39960625 -0.430266 -0.005565 0.013972 1.669809 -0.142414 0.041928
59940938 -0.233428 0.081043 -0.246574 1.650450 -0.146085 0.031823
79921250 -0.163248 0.123495 -0.450941 1.704149 -0.146085 0.031823
99901563 0.157920 -0.034622 -0.206420 1.852699 -0.121185 -0.005878
119881875 0.544362 -0.221827 0.439455 1.809961 -0.091958 -0.046149
139862188 0.663539 -0.234674 0.645702 1.813314 -0.087690 -0.058757
159842500 0.520458 -0.075266 0.279419 1.839160 -0.106350 -0.048321
179822813 0.362559 0.022515 0.009635 1.721369 -0.118233 -0.035705
199803125 0.252798 0.192955 -0.159905 1.678591 -0.135852 -0.027702
219783438 0.213600 0.404043 -0.338955 1.721700 -0.157696 -0.025125
239763750 -0.029514 0.403111 -0.302386 1.642238 -0.154080 0.004914
259744063 -0.567355 0.538230 0.622815 1.631501 -0.151886 0.063505
279724375 -0.613064 0.851578 1.560704 1.604682 -0.168055 0.066701
299704688 -0.563070 1.217827 1.336450 1.476615 -0.205958 0.067169
319685000 -0.793302 1.228992 0.985230 1.518579 -0.222019 0.209013
339665313 -2.000962 1.368162 1.277067 1.550383 -0.253135 0.412333
359645625 -4.745795 2.085438 2.034966 1.585072 -0.264720 0.604701
379625938 -7.938715 2.678089 2.323087 1.678187 -0.189257 0.714620
399606250 -10.226928 1.757721 2.487294 1.716311 -0.113621 0.886488
419586563 -14.788589 0.819648 2.715941 1.738908 -0.059650 1.013471
439566875 -20.782047 -0.026372 3.565490 1.730753 -0.059650 1.013471
459547188 -23.785572 -2.770411 4.797216 1.699437 0.188729 1.034443
479527500 -24.043003 -7.075267 4.704411 1.651590 0.188729 1.034443
499507813 -26.011814 -10.237800 4.192134 1.618533 0.276185 1.083488
519488125 -31.096588 -13.096294 4.408803 1.586537 0.311769 1.148927
539468438 -32.843712 -17.954985 4.789678 1.527427 0.411669 1.159973
559448750 -37.175121 -26.547691 4.932620 1.476802 0.725069 1.195610
579429063 -39.472816 -39.994793 6.065966 1.482994 0.725069 1.195610
599409375 -34.109276 -50.868786 12.903625 1.629728 0.874055 0.986489
619389688 -32.416439 -54.999851 12.851847 1.706936 0.933427 0.961447
639370000 -32.300751 -59.337769 9.101077 1.726370 0.997989 1.043606
659350313 -27.527903 -64.962395 10.557596 1.956124 1.080279 0.933723
679330625 -19.284847 -68.879517 16.774426 2.385764 1.122355 0.620405
699310938 -10.682327 -68.942375 20.873878 2.886593 1.126136 0.321393
719291250 0.404304 -65.624802 18.775023 -2.951112 1.153185 -0.033232
739271563 11.633622 -59.336224 11.669474 -2.410595 1.168897 -0.519849
759251875 22.243879 -51.067593 5.325643 -1.938938 1.064909 -0.995570
779232188 28.846464 -40.225117 1.285844 -1.822152 0.882981 -1.222735
799212500 29.664730 -28.699980 -1.056387 -1.813568 0.702566 -1.303133
819192813 27.138994 -19.106672 -2.144655 -1.809027 0.535189 -1.317396
839173125 24.290859 -12.617908 -1.411404 -1.878611 0.382229 -1.264575
859153438 20.298567 -8.250829 -1.324132 -1.879873 0.267873 -1.210085
879133750 16.932194 -5.161652 -1.125111 -1.933265 0.157633 -1.144068
899114063 14.577106 -3.676141 -0.797705 -1.925682 0.091731 -1.077969
919094375 12.551453 -3.027804 -1.668681 -1.970075 0.063035 -1.070594
939074688 10.552256 -2.699835 -2.177583 -1.938264 0.049492 -1.037201
959055000 8.711821 -2.381672 -1.620775 -1.912369 0.033390 -0.930138
979035313 6.714380 -2.221301 -1.213134 -1.962093 0.031023 -0.803900
999015625 4.373354 -1.548284 -0.442094 -1.909437 -0.020039 -0.604134
1018995938 1.998650 -0.857980 0.666748 -1.925135 -0.078633 -0.362276
1038976250 0.470260 -0.257691 1.388493 -1.868836 -0.130558 -0.207759
1058956563 -0.968191 0.280373 1.304304 -1.725366 -0.186837 -0.077018
1078936875 -1.475122 0.567482 0.318774 -1.433956 -0.239944 -0.033209
1098917188 -1.614182 0.690455 -0.900160 -1.197630 -0.293838 -0.018620
1118897500 -1.649561 0.976769 -2.347951 -1.008221 -0.390631 -0.002413
1138877813 -2.097610 1.478516 -2.048586 -0.471565 -0.432139 0.081062
1158858125 -2.981034 1.867825 -0.298704 -0.398621 -0.385821 0.176265
1178838438 -2.991239 1.969923 0.770072 -0.561009 -0.352591 0.143549
1198818750 -2.813650 2.088732 1.028299 -0.473293 -0.352591 0.143549
1218799063 -2.345287 1.836864 1.123734 -0.696036 -0.325658 0.094728
1238779375 -1.761262 1.305453 1.160302 -1.192841 -0.248235 -0.033356
1258759688 -1.117171 1.016981 1.056214 -1.373014 -0.233415 -0.108406
1278740000 -0.391010 0.849206 0.881204 -1.264107 -0.233415 -0.108406
1298720313 -0.171274 0.818669 0.793897 -1.319679 -0.231549 -0.133045
1318700625 0.085117 0.683003 0.520602 -1.402382 -0.224909 -0.162768
1338680938 0.227126 0.698064 0.089986 -1.257412 -0.236297 -0.184806
1358661250 0.386953 0.705481 -0.168676 -1.260133 -0.243167 -0.205934
1378641563 0.531008 0.708380 -0.294876 -1.335749 -0.246022 -0.222309
1398621875 0.406586 0.684623 -0.257893 -1.307382 -0.242351 -0.208335
1418602188 0.526556 0.549973 -0.649228 -1.457540 -0.234390 -0.229884
1438582500 0.505249 0.610172 -0.761347 -1.306080 -0.238203 -0.229434
1458562813 0.570461 0.515503 -0.723590 -1.390106 -0.219313 -0.233979
1478543125 0.834973 0.301883 -0.475554 -1.357971 -0.182054 -0.254794
