0 0.047311 -0.158596 0.234004 1.978200 -0.215023 0.029026
19979375 -0.148832 0.020365 0.108676 1.955824 -0.215023 0.029026
39958750 -0.287559 0.144497 -0.031099 1.924143 -0.212857 0.022491
59938125 -0.081639 0.006889 0.096354 2.057187 -0.192891 0.012986
79917500 -0.015319 -0.189481 0.025912 2.058843 -0.192891 0.012986
99896875 0.029427 -0.042762 -0.035398 1.963627 -0.207335 0.004874
119876250 -0.121925 0.083506 -0.143720 1.911012 -0.225245 0.038647
139855625 -0.313094 0.165177 -0.041433 1.860373 -0.232800 0.026733
159835000 -0.220367 0.272467 0.006460 1.869201 -0.236183 0.007030
179814375 -0.053866 0.284748 -0.190957 1.828313 -0.240668 0.023814
199793750 -0.220316 0.314487 -0.446354 1.813506 -0.241795 0.060644
219773125 -0.543011 0.373975 -0.520183 1.756655 -0.273918 0.184828
239752500 -1.632339 0.796434 -0.468401 1.727854 -0.247617 0.283002
259731875 -2.902774 0.947402 0.438551 1.766039 -0.151244 0.457338
279711250 -5.700803 0.407689 1.540186 1.823714 -0.086562 0.872546
299690625 -14.842042 0.430130 2.435623 1.768526 -0.057989 1.051575
319670000 -27.061794 0.822250 5.471028 1.738820 -0.057989 1.051575
339649375 -29.997023 -4.208339 10.342294 1.679247 0.096320 0.969819
359628750 -28.337822 -7.263221 14.603450 1.645707 0.220554 0.857641
379608125 -30.386457 -9.533485 15.156042 1.591725 0.220554 0.857641
399587500 -34.865486 -13.220159 8.955967 1.330764 0.490715 1.159078
419566875 -36.603531 -21.288486 5.660124 1.330764 0.490715 1.159078
439546250 -31.430393 -31.909105 5.779138 1.287965 0.764458 1.089702
459525625 -25.080786 -40.385826 5.054755 1.304337 0.997304 0.997082
479505000 -22.220200 -45.791962 4.445180 1.325803 1.108013 0.949995
499484375 -16.159039 -48.863327 4.667163 1.743797 1.208446 0.750113
519463750 -10.040008 -47.963661 3.938897 2.050915 1.276496 0.479570
539443125 -8.080683 -45.442600 1.147120 2.324839 1.328289 0.453466
559422500 -3.023275 -44.775753 1.184748 -2.800541 1.245252 -0.558953
579401875 5.183672 -43.377388 3.291813 -2.703060 1.245252 -0.558953
599381250 12.756107 -38.845863 1.120797 -2.106446 1.131346 -0.967889
619360625 18.511181 -31.651068 -1.563006 -1.735623 0.962241 -1.213743
639340000 22.655731 -23.864567 -1.225848 -1.596471 0.741332 -1.255750
659319375 24.471958 -17.229418 -0.859731 -1.533797 0.550787 -1.262173
679298750 23.151400 -12.087281 -1.244879 -1.524742 0.420336 -1.260615
699278125 19.943634 -8.446114 -1.969981 -1.515177 0.334984 -1.248922
719257500 16.840706 -5.876625 -1.969110 -1.511204 0.260876 -1.202183
739236875 13.437363 -4.096749 -1.229166 -1.523213 0.199380 -1.095137
759216250 8.623477 -2.666998 -1.126769 -1.569731 0.146787 -0.928557
779195625 3.413226 -1.018017 -1.032316 -1.380572 0.024894 -0.609353
799175000 1.955981 -0.102088 -0.836742 -1.272659 -0.086517 -0.472463
819154375 1.860453 0.030496 -1.035382 -1.184997 -0.121726 -0.474091
839133750 -0.004307 0.240364 -2.133368 -0.962495 -0.191363 -0.324054
859113125 -0.885715 0.450024 -2.588840 -0.527257 -0.257746 -0.180317
879092500 -1.108617 0.746596 -1.851845 -0.527257 -0.257746 -0.180317
899071875 -0.232826 0.773563 -0.717184 -0.714559 -0.220669 -0.257757
919051250 -0.379032 0.766605 -0.243279 -0.688832 -0.206663 -0.231981
939030625 -1.356164 0.989604 0.212427 -0.297205 -0.227550 -0.076126
959010000 -1.891815 1.031245 -0.103691 -0.542439 -0.205146 -0.184744
978989375 -0.942926 0.882333 -0.149335 -0.616669 -0.169925 -0.274730
998968750 -0.190674 0.579902 -0.429515 -0.700622 -0.160512 -0.269704
1018948125 -0.281868 0.524255 -0.553947 -0.611855 -0.160512 -0.269704
1038927500 -0.490332 0.673237 -0.403118 -0.551172 -0.168700 -0.243008
1058906875 -0.607026 0.792733 -0.007697 -0.468344 -0.170259 -0.219174
1078886250 0.229168 0.656937 -0.036293 -0.701204 -0.152221 -0.300635
1098865625 1.641092 0.477262 -0.391697 -0.846445 -0.135089 -0.440609
1118845000 2.053606 0.312060 -0.592844 -0.939919 -0.123279 -0.475143
1138824375 0.531418 0.197953 -0.474935 -0.737702 -0.116934 -0.311394
1158803750 -1.316689 0.206645 0.127264 -0.235581 -0.107169 -0.100414
1178783125 -1.461908 -0.066532 0.736392 -0.232238 -0.063132 -0.080379
1198762500 -0.541864 -0.578873 1.585267 -0.509147 -0.004311 -0.157369
1218741875 -0.020784 -0.775897 2.273406 -0.606047 0.013524 -0.190294
1238721250 0.227006 -0.881491 2.046729 -0.672041 0.019922 -0.213734
1258700625 0.071201 -0.715203 1.442154 -0.574519 0.001810 -0.212600
1278680000 -0.132407 -0.475936 1.008412 -0.504579 -0.024596 -0.205840
1298659375 -0.447726 -0.454595 0.668696 -0.462565 -0.030305 -0.186435
1318638750 -1.099847 -1.179829 0.198004 -0.354081 0.045314 -0.129890
1338618125 -1.256279 -2.457722 0.586065 -0.433931 0.174477 -0.106444
1358597500 0.818456 -3.768373 1.786796 -1.415947 0.258722 -0.267127
1378576875 3.436913 -3.962246 2.947703 -1.243458 0.229051 -0.424938
1398556250 3.038959 -3.348752 4.248572 -1.299175 0.160970 -0.364156
1418535625 1.195638 -2.847732 3.036980 -1.156733 0.128906 -0.272029
1438515000 0.837610 -2.201327 1.152928 -0.903793 0.071391 -0.298360
1458494375 2.310390 -2.236433 -0.343237 -1.152167 0.054103 -0.491229
1478473750 3.446729 -2.538845 -1.660869 -1.263421 0.060213 -0.665012
1498453125 3.209536 -2.447542 -2.293762 -1.306217 0.027435 -0.687467
