0 -0.084200 -0.179296 0.478963 0.278399 0.029884 -0.044272
19979479 0.126706 -0.235338 0.309485 0.269282 0.036596 -0.065675
39958958 0.411999 -0.212972 0.030313 0.135009 0.024937 -0.089901
59938437 0.326846 -0.077217 -0.040363 0.185813 0.024937 -0.089901
79917917 0.064967 -0.014040 0.118405 0.300857 0.019184 -0.061549
99897396 -0.038747 -0.086078 0.123559 0.188834 0.027503 -0.050239
119876875 -0.032123 -0.167106 0.077799 0.290504 0.039822 -0.072391
139856354 0.167653 -0.178255 -0.031410 0.285317 0.030631 -0.065437
159835833 0.097790 -0.075492 -0.099924 0.222241 0.021674 -0.043973
179815312 -0.093331 0.021702 -0.110835 0.310163 0.021674 -0.043973
199794792 0.001724 0.013769 -0.209330 0.217970 0.024445 -0.053090
219774271 0.423435 0.037448 -0.345872 -0.022032 0.020417 -0.164793
239753750 1.030878 0.128714 -0.315227 -0.148053 0.001014 -0.255188
259733229 2.062685 0.378740 0.173306 -0.364793 -0.023164 -0.370373
279712708 3.573371 0.724221 0.774357 -0.316977 -0.023164 -0.370373
299692187 5.637451 0.938232 1.325682 -0.531592 -0.030961 -0.506454
319671667 8.249871 0.843077 2.034989 -0.779302 0.027810 -0.714579
339651146 10.934936 0.168936 3.255668 -0.929037 0.079755 -0.830104
359630625 15.029151 -1.058301 4.209571 -1.005333 0.121223 -0.977777
379610104 21.306538 -2.701094 4.717855 -1.031220 0.121223 -0.977777
399589583 26.784843 -5.775653 4.528696 -1.138933 0.194904 -1.082645
419569062 29.362535 -10.336958 4.227672 -1.314822 0.305794 -1.126966
439548542 30.924755 -17.140083 3.452394 -1.489218 0.461558 -1.167074
459528021 28.093380 -24.643051 2.179792 -1.839350 0.664548 -1.169237
479507500 24.225992 -30.697052 -1.598145 -2.009413 0.863668 -1.247030
499486979 22.216307 -35.227066 -3.340725 -2.073904 0.986001 -1.289794
519466458 21.942616 -40.510212 -4.172799 -2.085739 1.071176 -1.319280
539445937 17.843132 -44.203342 0.522580 -2.361740 1.153940 -1.031822
559425417 14.945674 -45.653046 3.577765 -2.539821 1.178759 -0.814524
579404896 11.755597 -46.203266 2.539823 -2.588079 1.238367 -0.727479
599384375 7.768279 -44.175751 -0.042954 -2.634657 1.315192 -0.618207
619363854 4.589252 -40.252941 -3.337475 -2.673957 1.394960 -0.521169
639343333 1.534896 -35.240902 -6.957214 -2.851095 1.494782 -0.190969
659322812 -3.615430 -29.602802 -9.920871 1.744635 1.415682 1.639418
679302292 -7.952671 -24.497643 -8.048233 2.090731 1.219822 1.406903
699281771 -10.761024 -21.285482 -4.238078 2.473212 0.855076 1.044007
719261250 -13.701221 -18.948048 -1.085340 2.475590 0.855076 1.044007
739240729 -16.467873 -16.418081 -0.720584 2.459367 0.708453 1.093141
759220208 -17.819689 -13.724687 -2.806908 2.266752 0.522445 1.312013
779199687 -17.082117 -10.761747 -4.960730 2.255261 0.522445 1.312013
799179167 -13.556694 -8.566508 -5.256670 2.253987 0.512003 1.271828
819158646 -10.000639 -7.047922 -3.225679 2.426227 0.506200 1.027965
839138125 -7.822854 -5.558941 -1.052135 2.623597 0.424146 0.776144
859117604 -6.011975 -4.405234 -0.428059 2.714576 0.364246 0.623563
879097083 -4.900585 -3.490674 -0.302714 2.881054 0.296132 0.448910
899076562 -3.599703 -2.927818 -0.775958 2.862455 0.296132 0.448910
919056042 -2.957736 -2.363239 -0.262139 3.008662 0.247640 0.374926
939035521 -2.221186 -1.874442 0.351716 3.039485 0.204598 0.293843
959015000 -1.397250 -1.554725 1.090024 3.117170 0.173260 0.206165
978994479 -0.733434 -1.168703 1.346435 -3.067122 0.117037 0.090937
998973958 -0.034300 -0.801221 0.719233 -2.982411 0.117037 0.090937
1018953437 0.466619 -0.216560 0.546089 -2.960359 0.064916 0.048616
1038932917 1.357239 0.165021 0.322554 -2.833247 0.032110 -0.030834
1058912396 2.311447 0.110503 0.530781 -2.741020 0.041213 -0.115475
1078891875 2.907025 0.171269 1.007148 -2.632315 0.036891 -0.159959
1098871354 3.283450 0.159652 1.708344 -2.628872 0.035297 -0.180380
1118850833 2.986004 0.278293 2.210856 -2.744431 0.019007 -0.149552
1138830312 2.873564 0.302310 1.609106 -2.760993 0.010249 -0.148936
1158809792 2.596527 0.309384 0.609861 -2.734383 0.002401 -0.135174
1178789271 2.272445 0.347289 0.198794 -2.772223 -0.008726 -0.105973
1198768750 2.416991 0.337523 -0.192570 -2.801977 -0.013135 -0.125534
1218748229 2.307104 0.410619 -0.480729 -2.763788 -0.023518 -0.121149
1238727708 1.674669 0.639551 -0.516212 -2.932007 -0.047528 -0.057451
1258707187 1.107833 0.786078 -0.309617 -3.057819 -0.067867 0.045139
1278686667 0.701158 0.926137 0.156174 -3.082672 -0.067867 0.045139
1298666146 0.566416 0.872436 0.609191 3.134089 -0.059641 0.056758
1318645625 0.519363 0.735046 0.579273 -3.063708 -0.042745 0.057561
1338625104 0.501124 0.618494 0.370143 -3.113082 -0.042745 0.057561
1358604583 0.680894 0.484160 -0.021685 -3.074371 -0.035512 0.037872
1378584062 1.008193 0.452901 -0.331686 -3.126174 -0.037252 0.003381
1398563542 1.388226 0.402363 -0.300223 -3.039545 -0.034531 -0.036940
1418543021 1.478873 0.377700 -0.240851 -3.016358 -0.033280 -0.046459
1438522500 1.336930 0.400035 -0.219680 -3.104650 -0.036303 -0.031003
1458501979 1.104723 0.367080 0.176332 3.120685 -0.032873 -0.007122
1478481458 0.973262 0.269766 0.258420 3.058918 -0.024791 0.003179
1498460937 0.670736 0.246960 0.286804 3.067248 -0.025181 0.029882
