0 -0.344855 -0.141367 -0.131278 1.948114 -0.200719 0.073476
19979427 -0.235388 -0.100889 0.196509 1.839323 -0.187381 0.062210
39958854 -0.164659 -0.175844 0.307217 1.829729 -0.173223 0.062676
59938282 -0.160492 -0.321336 0.073559 1.901223 -0.173223 0.062676
79917709 -0.230317 -0.462699 -0.025035 1.914585 -0.154519 0.070879
99897136 -0.118408 -0.492719 -0.006052 1.915209 -0.144268 0.059045
119876563 0.043204 -0.591009 0.162063 1.939951 -0.125590 0.039559
139855990 -0.126523 -0.799605 0.062330 1.993220 -0.099953 0.052471
159835417 -0.312314 -0.699240 -1.227011 1.906377 -0.117404 0.074793
179814844 -1.156517 0.092370 -2.275032 1.627671 -0.296880 0.520196
199794271 -3.974983 1.288504 -2.047256 1.648269 -0.296880 0.520196
219773698 -9.949245 2.910926 0.219326 1.752409 -0.170770 0.897895
239753125 -15.405180 2.575457 2.982220 1.706910 -0.170770 0.897895
259732552 -20.023561 1.863781 6.340026 1.738150 -0.103433 0.904858
279711979 -24.511425 0.754723 7.964844 1.718883 -0.053987 0.951295
299691407 -28.100410 -1.615390 6.267857 1.645425 0.018974 1.056282
319670834 -30.959318 -5.997609 6.621197 1.583248 0.138619 1.084729
339650261 -30.397984 -13.109161 7.924079 1.533432 0.327170 1.040331
359629688 -29.384134 -20.901945 7.257976 1.526916 0.736406 0.977147
379609115 -26.173819 -28.524244 7.133174 1.550101 0.897226 0.926004
399588542 -22.905531 -34.235813 6.278753 1.519426 0.897226 0.926004
419567969 -19.588511 -38.063206 3.285572 1.527170 1.045276 0.939125
439547396 -13.873821 -39.892494 -1.857250 1.546795 1.242599 0.994253
459526823 -8.433407 -38.484341 -5.090566 1.659064 1.400726 0.947440
479506250 -4.827258 -35.831520 -4.560246 2.691393 1.310578 -0.029651
499485677 -3.040398 -33.471054 -0.150870 -3.112185 1.254429 -0.376630
519465104 0.824496 -33.609409 1.133157 -2.277701 1.148626 -0.973865
539444532 9.366937 -33.482082 -0.651840 -2.196521 1.148626 -0.973865
559423959 16.881273 -30.043089 0.517321 -1.679965 0.758093 -1.178822
579403386 21.147936 -24.481241 0.584325 -1.705455 0.758093 -1.178822
599382813 22.540085 -18.457726 0.155432 -1.588050 0.599464 -1.208774
619362240 21.625601 -12.937363 -0.258726 -1.441958 0.326102 -1.166932
639341667 19.802567 -8.469725 -0.053389 -1.462757 0.205298 -1.066617
659321094 17.020891 -5.043732 1.061098 -1.382994 0.089368 -0.906001
679300521 12.611216 -2.285118 2.022690 -1.432927 0.089368 -0.906001
699279948 7.307031 -0.226937 2.227271 -1.053529 -0.153094 -0.438793
719259375 3.264843 1.044805 2.072918 -1.049956 -0.153094 -0.438793
739238802 1.615123 1.212930 1.314700 -0.888029 -0.203695 -0.340481
759218229 0.725751 0.888918 -0.222308 -0.735347 -0.284315 -0.292332
779197657 -0.089059 0.722020 -1.983132 -0.749237 -0.284315 -0.292332
799177084 -0.542614 0.713935 -3.100534 -0.640609 -0.339186 -0.294817
819156511 -0.025709 0.609725 -2.484056 -0.802034 -0.288106 -0.363470
839135938 0.224636 0.457114 -1.842541 -0.728332 -0.234045 -0.360597
859115365 -0.082482 0.467961 -1.715823 -0.689319 -0.240955 -0.349021
879094792 -0.253433 0.562316 -1.673877 -0.620405 -0.261477 -0.292883
899074219 -0.695643 0.791151 -1.461178 -0.543097 -0.274263 -0.288119
919053646 -0.721601 0.958217 -1.390455 -0.667006 -0.220277 -0.328669
939033073 -0.328009 0.616439 -1.249861 -0.748270 -0.169589 -0.365226
959012500 0.145201 0.341454 -0.835316 -0.747792 -0.150766 -0.356830
978991927 0.088808 0.267311 -0.714480 -0.671525 -0.150433 -0.322981
998971354 -0.156765 0.375471 -0.446730 -0.694838 -0.136886 -0.299517
1018950782 -0.266256 0.354784 -0.162711 -0.723847 -0.136886 -0.299517
1038930209 0.332588 -0.012645 0.413271 -0.827806 -0.087507 -0.332570
1058909636 0.960662 -0.450905 1.028067 -0.927917 -0.042584 -0.360459
1078889063 0.688132 -0.757891 1.118948 -0.873639 -0.016372 -0.249398
1098868490 -0.233285 -0.832641 0.799034 -0.509057 -0.063497 -0.163519
1118847917 -1.054760 -0.426066 0.542982 -0.559558 -0.064860 -0.172256
1138827344 -0.602292 -0.434526 1.741515 -0.961935 -0.052311 -0.304954
1158806771 1.084373 -0.670025 1.903980 -1.068800 -0.058428 -0.383417
1178786198 1.735663 -0.730381 1.081100 -1.095451 -0.058428 -0.383417
1198765625 2.154794 -0.557699 0.383448 -1.122975 -0.116958 -0.477647
1218745052 2.239850 -0.302329 -0.047582 -1.139222 -0.116958 -0.477647
1238724479 1.824778 0.247488 0.328052 -0.974882 -0.172590 -0.427912
1258703907 0.956415 0.526114 0.413319 -0.677381 -0.228579 -0.288431
1278683334 0.142607 0.565152 0.007813 -0.638283 -0.228579 -0.288431
1298662761 0.347504 0.209834 -0.362497 -0.740082 -0.198284 -0.326248
1318642188 0.677751 0.025493 -0.264480 -0.865519 -0.172799 -0.361896
1338621615 0.399251 0.066071 0.636965 -0.598135 -0.162736 -0.313611
1358601042 0.040487 0.139099 0.781768 -0.620900 -0.169947 -0.286489
1378580469 0.307783 0.004074 0.369567 -0.656080 -0.164405 -0.332969
1398559896 1.917475 -0.844957 0.262303 -0.976220 -0.080962 -0.486184
1418539323 3.304049 -2.009287 0.787082 -1.502461 0.102980 -0.539836
1438518750 3.530639 -3.259565 1.929711 -1.406134 0.102980 -0.539836
1458498177 2.810300 -3.170264 2.712228 -1.044882 0.041124 -0.401899
1478477604 1.610288 -2.986030 2.027061 -1.151288 0.041124 -0.401899
1498457032 1.787806 -3.134439 0.655387 -1.484186 0.073802 -0.605607
