0 0.384340 -0.022036 0.491642 -0.139743 0.034437 -0.102124
19979688 0.604808 -0.043081 0.322017 -0.220432 0.034437 -0.102124
39959375 0.575496 0.051920 0.362738 -0.166292 0.022995 -0.071427
59939063 0.340269 0.062288 0.545936 -0.158655 0.022995 -0.071427
79918750 0.451766 0.059550 0.565883 -0.155663 0.021059 -0.081035
99898438 1.165516 0.028664 0.342788 -0.485018 0.024341 -0.228194
119878125 1.945611 -0.013172 0.321211 -0.408323 0.024341 -0.228194
139857813 2.425928 -0.165283 0.371026 -0.479482 0.037258 -0.271365
159837500 2.867809 -0.464583 0.401407 -0.648658 0.057097 -0.399931
179817188 3.863493 -0.395015 0.366461 -0.641387 0.057097 -0.399931
199796875 5.857349 -0.133358 0.378192 -1.004424 0.097758 -0.764522
219776563 9.683475 -1.009244 0.938272 -1.032634 0.142335 -0.826063
239756250 13.790825 -2.253700 3.424852 -1.008364 0.142335 -0.826063
259735938 16.958019 -4.456667 6.281174 -1.153062 0.285838 -0.819461
279715625 18.047749 -7.373136 7.552514 -1.220956 0.285838 -0.819461
299695313 17.734747 -11.272829 5.158548 -1.645016 0.609988 -1.058097
319675000 16.586260 -14.819825 0.054196 -1.764297 0.784721 -1.209646
339654688 15.719473 -18.719484 -3.500772 -1.857196 0.912975 -1.302063
359634375 15.787390 -23.227478 -5.170553 -1.922789 0.912975 -1.302063
379614063 13.649827 -25.856155 -3.138454 -2.532634 1.046335 -0.846562
399593750 10.928392 -27.761042 0.524417 -2.532634 1.046335 -0.846562
419573438 9.629246 -29.757324 2.887359 -2.973152 1.069999 -0.546233
439553125 8.338955 -33.162483 5.343843 3.036584 1.075782 -0.342871
459532813 5.496561 -35.857281 8.004748 2.848819 1.092240 -0.131467
479512500 1.634348 -37.247932 8.872572 2.655619 1.113257 0.087524
499492188 -2.291898 -37.144836 7.898074 2.655619 1.113257 0.087524
519471875 -5.207025 -35.946968 6.597276 2.476469 1.114864 0.275624
539451563 -5.868212 -35.309113 4.024222 2.263889 1.145975 0.577509
559431250 -8.378669 -34.395885 2.750773 2.314971 1.145975 0.577509
579410938 -14.880257 -30.187885 3.051810 2.243092 0.974814 0.850379
599388572 -22.699604 -23.998940 0.909402 2.241138 0.729698 1.131738
619368260 -29.036036 -17.321554 -3.951514 2.293206 0.476498 1.388742
639347947 -31.434467 -10.912411 -5.117734 2.373503 0.266537 1.441896
659327635 -29.271921 -6.313733 -0.527282 2.370708 0.135167 1.272047
679307322 -23.182636 -3.728450 3.850682 2.353442 0.065935 1.030927
699287010 -15.187687 -2.441471 5.748413 2.363004 0.029172 0.746060
719266697 -9.039914 -1.846830 5.809984 2.483639 0.006230 0.480751
739246385 -6.101103 -1.474635 5.175138 2.561708 -0.015533 0.338050
759226072 -4.536636 -1.100704 4.441999 2.652612 -0.044203 0.259701
779205760 -3.056056 -0.917156 3.488093 2.679565 -0.065075 0.178099
799185447 -1.663054 -0.812361 2.504480 2.794565 -0.082353 0.089338
819165135 -0.360954 -0.549370 2.008105 2.877280 -0.111512 -0.006915
839144822 1.119431 -0.354209 1.435048 3.083469 -0.136113 -0.129715
859126437 1.819268 0.053751 0.962424 3.045439 -0.180506 -0.191645
879106124 2.031418 0.633008 0.847162 3.103763 -0.237366 -0.207628
899085812 2.351707 0.910895 0.701365 -3.123723 -0.267694 -0.236247
919065499 2.741008 1.010795 0.436635 -3.009102 -0.286096 -0.299876
939045187 2.976236 0.978907 0.296995 -3.009102 -0.286096 -0.299876
959024874 2.937172 0.880469 0.128599 -3.012169 -0.284322 -0.300395
979004562 2.877238 0.941551 -0.243611 -2.980177 -0.301230 -0.305237
998984249 2.781149 1.077579 -0.745647 3.121330 -0.328744 -0.262263
1018963937 2.479326 1.065611 -0.857603 -3.091946 -0.328744 -0.262263
1038943624 1.966635 0.987616 -0.500045 2.956020 -0.282551 -0.152254
1058923312 1.864265 0.838438 -0.292881 2.963766 -0.282551 -0.152254
1078902999 1.718927 0.580778 -0.189308 2.915718 -0.225708 -0.094117
1098882687 1.422768 0.344473 -0.167184 2.853580 -0.198335 -0.053924
1118862374 1.012050 0.060708 -0.244907 2.767377 -0.204150 0.022572
1138842062 0.272638 0.042850 -0.618959 2.770938 -0.204150 0.022572
1158821749 -0.299598 -0.003646 -1.242490 2.621809 -0.201674 0.131711
1178801437 -0.556669 -0.024655 -1.423380 2.698152 -0.171135 0.131902
1198781124 -0.556204 -0.115686 -1.009225 2.611528 -0.151522 0.149408
1218760812 -0.748032 -0.091827 -0.396887 2.558419 -0.125259 0.172052
1238740499 -1.005717 -0.188294 0.090964 2.558419 -0.125259 0.172052
1258720187 -1.382607 -0.268893 0.560597 2.617208 -0.106209 0.201384
1278699874 -1.742895 -0.330798 0.495051 2.498419 -0.097235 0.235458
1298679562 -1.666112 -0.365429 0.182401 2.519309 -0.094132 0.233749
1318659249 -1.563322 -0.380842 0.130268 2.500583 -0.090450 0.225430
1338638937 -1.539083 -0.446350 0.204231 2.493590 -0.081175 0.223237
1358618624 -1.618162 -0.443161 0.451233 2.443737 -0.079091 0.226531
1378598260 -1.391073 -0.533072 0.397652 2.474144 -0.071857 0.205992
1398577895 -0.869807 -0.739012 0.135163 2.503492 -0.054895 0.158606
1418557531 -1.397014 -0.833528 0.461238 2.396572 -0.048009 0.199197
1438537166 -2.249876 -1.335291 1.114616 2.396504 -0.006064 0.248688
1458516801 -1.221271 -2.200369 1.346064 2.552106 0.063943 0.129846
1478496437 0.540552 -2.819024 1.340643 2.660639 0.110101 -0.056369
1498476072 -0.114924 -2.506141 0.993629 2.574169 0.071453 -0.018557
