0 0.071354 -0.161814 0.400753 1.932875 -0.163087 0.089010
19979375 -0.174960 0.074517 -0.252783 1.854622 -0.196486 0.117521
39958750 0.035740 -0.000863 -0.040078 1.834157 -0.180684 0.086401
59938125 0.228738 0.205815 0.182608 1.878287 -0.194018 0.058514
79917500 -0.110803 0.443537 0.354388 1.806888 -0.245115 0.159663
99896875 -0.825768 0.702630 -0.085811 1.610353 -0.286112 0.291896
119876250 -2.046653 1.049610 -0.622423 1.670755 -0.286112 0.291896
139855625 -2.381389 1.363065 -0.577224 1.596110 -0.310580 0.309800
159835000 -3.080240 1.375703 -1.136993 1.715976 -0.316026 0.384695
179814375 -7.021864 2.333458 -1.672501 1.660409 -0.344582 0.747662
199793750 -13.715706 2.808041 -1.136524 1.811627 -0.145732 1.054456
219773125 -19.374743 2.087249 1.570542 1.759166 -0.145732 1.054456
239752500 -21.867285 -0.520238 6.134555 1.716370 -0.021676 0.947935
259731875 -24.876858 -2.433404 9.359265 1.738568 0.041128 0.914880
279711250 -29.400223 -5.608576 8.760632 1.676894 0.262443 1.065062
299690625 -32.793625 -11.332445 8.167652 1.567099 0.444869 1.064683
319670000 -34.029865 -19.474874 8.667195 1.537383 0.444869 1.064683
339649375 -27.354372 -27.826210 6.655371 1.474704 0.847607 0.973758
359628750 -24.978933 -32.119503 6.005590 1.437005 0.847607 0.973758
379608125 -22.664150 -36.583675 2.544172 1.410177 1.135880 0.962681
399587500 -18.216566 -39.142254 1.324114 1.403434 1.135880 0.962681
419566875 -11.457722 -39.472874 0.417396 1.880168 1.319255 0.529539
439546250 -9.000116 -37.055225 -0.354573 1.921533 1.279320 0.551111
459525625 -9.704144 -34.947296 0.442939 1.946755 1.279320 0.551111
479505000 -6.939209 -33.776596 1.355910 2.495452 1.273909 0.290745
499484375 -1.229491 -33.572426 -0.081508 -3.056929 1.310670 -0.266573
519463750 3.148893 -31.820084 -0.501929 -2.325459 1.231461 -0.827398
539443125 4.507272 -28.639217 -2.129251 -2.274635 1.231461 -0.827398
559422500 10.704720 -27.028862 -2.650392 -1.633466 0.828001 -1.280812
579401823 19.347021 -24.707634 -2.675966 -1.676167 0.828001 -1.280812
599381146 22.959389 -20.273006 -2.573949 -1.610703 0.659669 -1.313946
619360469 21.847198 -15.081389 -2.123885 -1.552123 0.538060 -1.284319
639339792 18.395020 -10.378458 -1.954634 -1.610339 0.333771 -1.156769
659319115 13.941536 -6.403998 -2.041834 -1.625604 0.333771 -1.156769
679298438 9.483427 -3.599005 -2.184297 -1.547380 0.095372 -0.862345
699277761 6.275682 -1.399016 -1.500638 -1.544130 0.095372 -0.862345
719257084 4.715298 -0.314976 -0.933337 -1.422467 -0.063433 -0.625906
739236407 2.694423 0.282697 -1.225450 -1.367151 -0.063433 -0.625906
759215730 0.908091 0.382675 -1.778901 -1.277556 -0.084385 -0.506633
779195052 0.941583 0.234687 -2.170784 -1.291905 -0.013045 -0.536191
799174375 1.468783 -0.140672 -1.170044 -1.358119 -0.013045 -0.536191
819153698 1.414178 -0.392515 -0.359246 -1.293633 0.007718 -0.379384
839133021 0.293386 -0.285303 -0.292238 -0.982786 -0.019654 -0.272192
859112344 -0.612568 0.000467 0.090703 -1.014825 -0.019654 -0.272192
879091667 -0.624450 0.402421 0.719077 -0.881134 -0.068616 -0.284267
899070990 -0.189630 0.518441 0.902123 -0.885670 -0.068616 -0.284267
919050313 -0.418745 0.537981 0.579004 -0.700901 -0.075437 -0.269691
939029636 -1.646498 0.973648 0.115116 -0.368539 -0.154531 -0.132417
959008959 -1.776989 1.268703 0.398959 -0.316352 -0.154531 -0.132417
978988282 -1.247547 1.106581 0.573235 -0.467270 -0.135669 -0.179724
998967605 -0.935302 0.771606 0.484791 -0.632029 -0.104165 -0.209022
1018946927 -0.734770 0.498810 0.365320 -0.678066 -0.071140 -0.233418
1038926250 -0.753855 0.380229 -0.106506 -0.586011 -0.071140 -0.233418
1058905573 -0.585359 0.253056 0.026164 -0.713725 -0.057216 -0.241630
1078884896 -0.133842 0.090487 0.348228 -0.720014 -0.039717 -0.274039
1098864219 0.147581 -0.087164 0.136775 -0.900639 -0.023519 -0.304235
1118843542 0.405053 -0.096499 -0.083409 -0.883789 -0.024505 -0.329731
1138822865 0.393929 -0.109995 -0.147749 -0.937490 -0.024505 -0.329731
1158802188 0.382243 -0.125141 -0.004103 -0.935613 -0.024670 -0.318356
1178781511 0.669644 -0.108425 0.188826 -0.947614 -0.016919 -0.364484
1198760834 1.042744 -0.254055 0.265978 -0.997385 -0.016919 -0.364484
1218740157 1.191708 -0.375148 0.177730 -0.976440 -0.013070 -0.403293
1238719480 1.292320 -0.375288 -0.166068 -0.974485 -0.013070 -0.403293
1258698802 1.344999 -0.172322 -0.339250 -0.993911 -0.037927 -0.414355
1278678125 0.849191 0.249552 0.015570 -0.678787 -0.122108 -0.297240
1298657448 0.327538 0.589277 0.219044 -0.636837 -0.146579 -0.298047
1318636771 0.253905 0.743957 -0.072377 -0.494918 -0.146579 -0.298047
1338616094 0.530837 0.752409 -0.206908 -0.644486 -0.152694 -0.328642
1358595417 0.248103 0.638500 -0.081532 -0.504140 -0.113262 -0.259489
1378574740 -0.171762 0.359711 -0.004537 -0.456076 -0.070596 -0.261756
1398554063 -0.227593 0.004092 0.040077 -0.661173 -0.022616 -0.305399
1418533386 0.319170 -0.386598 0.712697 -0.608728 -0.022616 -0.305399
1438512709 1.127825 -1.244421 1.841942 -1.114044 0.109296 -0.401871
1458492032 2.416054 -2.282128 3.315383 -1.040528 0.109296 -0.401871
1478471355 3.032321 -2.907558 3.478114 -1.270181 0.134522 -0.432261
1498450677 2.384115 -3.062938 2.374794 -1.180556 0.086957 -0.390936
