0 -0.055654 -0.105494 -0.034308 0.138002 -0.011463 0.003270
19979687 0.030915 -0.040233 0.119321 0.084628 -0.016209 -0.005170
39959375 0.015436 -0.017055 0.272647 0.031544 -0.018298 -0.008182
59939062 0.056821 -0.002324 0.045707 0.031544 -0.018298 -0.008182
79918750 0.159159 -0.045496 -0.220199 0.056980 -0.011678 -0.018127
99898437 -0.042251 0.056545 -0.217933 0.075753 -0.014705 0.017987
119878125 -0.134178 0.041914 0.131811 0.036432 -0.009163 0.008512
139857812 -0.041287 0.000044 0.256990 -0.131132 -0.014422 -0.053240
159837500 0.532135 0.051550 -0.029509 -0.131132 -0.014422 -0.053240
179817187 1.081666 0.137517 -0.723414 -0.267525 -0.019743 -0.181874
199796875 1.537901 0.179609 -0.986586 -0.267525 -0.019743 -0.181874
219776562 3.094609 -0.070615 -1.076143 -0.922344 0.059806 -0.583515
239756250 5.644851 -0.285907 -1.170175 -0.981556 0.092859 -0.707263
259735937 8.270091 -0.630754 -0.122477 -0.981556 0.092859 -0.707263
279715625 11.081419 -1.045128 2.443352 -0.970804 0.120478 -0.806059
299695312 14.687911 -1.758161 4.466270 -0.956623 0.120478 -0.806059
319675000 17.513863 -2.530280 5.412246 -0.947757 0.133059 -0.867150
339654687 20.095499 -4.659207 5.330528 -1.065982 0.192687 -0.942560
359634375 22.198736 -8.442473 4.301377 -1.514914 0.424615 -1.132937
379614062 23.774469 -12.935406 2.117417 -1.514914 0.424615 -1.132937
399593698 25.288956 -17.642275 -3.706895 -1.589959 0.562645 -1.352908
419573333 25.587746 -23.278755 -5.754863 -2.015450 0.862567 -1.204420
439552968 24.203695 -29.904072 -0.405583 -1.995767 0.862567 -1.204420
459532604 20.659266 -36.232670 5.917418 -2.575474 1.049879 -0.763286
479512239 17.866100 -42.229622 8.024750 -2.577587 1.049879 -0.763286
499491875 14.665545 -47.868671 4.669206 -2.599205 1.177264 -0.768150
519471510 7.171679 -51.047665 -3.740825 -2.554704 1.401928 -0.823953
539451146 -2.094315 -47.777367 -6.062060 2.237463 1.473277 0.708390
559430781 -6.162417 -45.740341 -3.216451 2.156328 1.362887 0.851669
579410416 -13.286493 -40.663300 -2.050920 2.046409 1.188748 1.090637
599390052 -19.611168 -31.128357 -4.626776 1.966512 0.964324 1.336885
619369687 -20.555805 -22.818989 -10.736158 1.915892 0.796773 1.627484
639349323 -20.878412 -15.449850 -10.613134 2.047688 0.590231 1.623505
659328958 -20.225115 -10.185729 -7.850882 2.170408 0.418687 1.497768
679308593 -17.797726 -6.636719 -5.353510 2.211823 0.302767 1.360921
699288229 -14.028790 -4.920678 -2.872255 2.279067 0.259860 1.166271
719267864 -11.919374 -3.714584 -1.179992 2.324650 0.139205 0.958639
739247500 -10.858069 -2.551872 -0.953515 2.324650 0.139205 0.958639
759227135 -9.515623 -1.522193 -1.014793 2.294748 0.076317 0.906309
779206771 -7.246346 -1.134418 -1.439523 2.319643 0.059176 0.819814
799186406 -5.345270 -0.919745 -0.649598 2.430244 0.047029 0.654355
819166041 -3.849134 -0.600294 0.185946 2.549181 0.020253 0.501727
839145677 -2.877853 -0.258821 0.156354 2.610826 -0.010010 0.423068
859125312 -1.914618 -0.068731 -0.582043 2.653738 -0.026378 0.364950
879104948 -1.128473 0.213565 -0.757877 2.745568 -0.049357 0.297765
899084583 -1.103012 0.682898 -0.600527 2.645718 -0.086528 0.299162
919064218 -0.767638 0.807497 -0.012614 2.803945 -0.081718 0.256419
939043854 -0.021135 0.739079 0.851973 3.024621 -0.033508 0.083843
959023489 0.843555 0.580353 1.468208 3.052595 -0.033508 0.083843
979003125 1.164702 0.630667 1.738551 3.045687 -0.032298 0.049878
998982760 1.122109 0.731010 1.639870 3.047133 -0.038618 0.048509
1018962396 1.101999 0.756160 1.527823 3.089743 -0.039839 0.045429
1038942031 1.383262 0.511125 1.209373 -3.127841 -0.016652 0.016048
1058921666 1.594756 0.199720 1.052798 3.074807 0.013804 -0.009381
1078901302 1.182327 0.086390 1.320692 3.113266 0.022789 0.021182
1098880937 0.731977 0.114281 1.015179 2.966996 0.017898 0.056519
1118860573 0.408392 0.132823 0.415621 2.931691 0.014090 0.086921
1138840208 0.202868 0.047839 0.297833 2.924987 0.019596 0.108368
1158819843 0.070241 -0.007527 0.382193 2.840394 0.021327 0.121360
1178799531 0.281590 -0.086844 0.185110 2.843679 0.026745 0.102721
1198779218 0.565705 -0.047339 -0.047916 2.919244 0.020881 0.076485
1218758906 0.662732 -0.018172 -0.089522 2.915786 0.016400 0.067168
1238738593 0.486073 0.053806 -0.156827 2.861943 -0.010170 0.122451
1258718281 0.120295 0.213553 -0.173142 2.735325 -0.025807 0.145742
1278697968 -0.105777 0.354678 -0.304334 2.735325 -0.025807 0.145742
1298677656 -0.109372 0.353398 -0.451620 2.754995 -0.025174 0.147590
1318657343 -0.041923 0.434229 -0.457887 2.814860 -0.018161 0.117248
1338637031 0.165715 0.349900 -0.320526 2.814860 -0.018161 0.117248
1358616718 0.181711 0.413625 -0.041207 2.810156 -0.001897 0.079472
1378596406 0.459200 0.276380 0.264017 2.810156 -0.001897 0.079472
1398576093 0.500840 0.307140 0.622077 2.817131 -0.002778 0.069522
1418555030 0.558087 0.289300 0.526229 2.783806 -0.014937 0.085209
1438534717 0.301610 0.446624 0.713603 2.736703 -0.023053 0.086712
1458514405 0.285069 0.519363 0.642431 2.736703 -0.023053 0.086712
1478494092 0.569624 0.444248 0.423360 2.826403 -0.016841 0.058748
