0 0.967696 -0.023926 1.027409 0.034713 -0.030372 -0.081789
19979427 0.904906 0.160359 0.932698 0.067025 -0.050490 -0.076637
39958854 0.685022 0.278996 0.256596 0.153151 -0.068416 -0.063068
59938281 1.040705 0.306013 -0.269217 0.057935 -0.074997 -0.109209
79917708 2.016974 0.221301 -0.283055 -0.368931 -0.056599 -0.267813
99897135 2.718361 0.220031 0.456935 -0.398025 -0.075811 -0.309169
119876562 3.302381 0.450268 1.099960 -0.376892 -0.075811 -0.309169
139855989 5.792542 0.607798 0.814563 -0.653359 -0.085781 -0.532162
159835416 9.947351 1.132588 1.550963 -0.960022 -0.102566 -0.875928
179814844 14.778261 1.527063 3.608774 -0.947563 -0.102566 -0.875928
199794271 19.762123 2.005711 3.791479 -1.026083 -0.117843 -1.003300
219773698 24.317293 0.594887 0.399176 -1.127347 -0.067773 -1.202749
239753125 26.809040 -0.996656 -3.238673 -1.253691 -0.015049 -1.355305
259732552 28.747858 -4.544839 -4.432182 -1.473420 0.302802 -1.303802
279711979 29.547215 -11.243410 -1.064477 -1.453545 0.302802 -1.303802
299691406 27.380491 -20.601625 5.662665 -1.818280 0.541921 -1.078492
319670833 20.537851 -29.233351 7.993613 -2.355356 0.793181 -0.876271
339650260 10.901856 -35.026093 4.891342 -2.775279 1.074471 -0.646762
359629687 -0.215959 -37.842327 5.517484 2.778677 1.175336 0.032459
379609114 -13.860934 -38.882122 4.264725 1.716746 0.970206 1.097567
399588541 -21.553223 -37.137535 1.415231 1.765942 0.970206 1.097567
419568021 -23.085756 -29.590427 2.940659 1.789952 0.532786 1.210320
439547500 -24.556580 -18.108809 -0.105757 1.820622 0.311611 1.584382
459526979 -19.978485 -9.417891 -9.550968 1.860829 0.311611 1.584382
479506458 -15.083276 -5.510305 -13.036709 2.006777 0.161817 1.813453
499485937 -13.769562 -2.473353 -8.138453 2.065959 -0.026147 1.499147
519465416 -12.627337 -1.580115 -3.713567 2.021338 -0.084636 1.176059
539444896 -10.247496 -1.701408 -1.951825 2.024275 -0.078635 0.979370
559424375 -9.066573 -1.593001 -0.710772 2.024393 -0.085037 0.849032
579403854 -7.803458 -0.795165 -0.318477 2.007071 -0.153223 0.760828
599383333 -5.629692 0.100760 -0.589209 1.890541 -0.356296 0.580238
619362812 -4.340252 0.673754 -1.452799 1.852817 -0.356296 0.580238
639342291 -2.955224 0.635455 -3.226681 1.752133 -0.443800 0.554844
659321771 -2.806704 0.648027 -2.398244 1.784378 -0.394428 0.480728
679301250 -3.255441 0.752987 -0.423760 1.928851 -0.263908 0.358550
699280729 -2.949095 0.639492 0.798919 1.935640 -0.225052 0.285955
719260208 -2.089849 0.280489 0.908994 1.985383 -0.225052 0.285955
739239687 -1.110679 -0.100976 0.826537 2.065443 -0.160581 0.134997
759219166 -0.446319 -0.214030 1.139474 2.033322 -0.159551 0.162340
779198646 -0.845639 -0.049659 1.729078 2.061544 -0.159551 0.162340
799178125 -0.532923 0.054935 1.205905 2.042584 -0.171931 0.143009
819157604 -0.202248 0.030262 0.657141 1.974367 -0.161277 0.136794
839137083 -0.229367 -0.064173 0.425228 1.948404 -0.161277 0.136794
859116562 -0.217400 -0.004925 0.422255 1.947122 -0.159681 0.141521
879096041 -0.133022 -0.059288 0.976883 1.947518 -0.141515 0.127995
899075521 0.040288 -0.103953 1.398112 2.021960 -0.131519 0.105861
919055000 0.379524 -0.272463 0.976249 2.069072 -0.125625 0.051212
939034479 0.643971 -0.336684 0.362340 2.031537 -0.143388 0.054015
959013958 0.637720 -0.217728 0.034317 1.992500 -0.143388 0.054015
978993437 0.445386 -0.098025 -0.037884 1.990182 -0.157796 0.076875
998972916 0.225891 -0.102660 -0.025636 1.877426 -0.157806 0.100634
1018952396 0.148954 -0.157934 -0.173248 1.989633 -0.150856 0.113402
1038931875 0.130290 -0.207584 -0.286987 1.920135 -0.147472 0.148412
1058911354 -0.235837 -0.198745 -0.087426 1.920135 -0.147472 0.148412
1078890833 -0.357762 -0.144225 -0.114848 1.893567 -0.163210 0.151606
1098870312 -0.324586 0.005259 0.082213 1.907624 -0.163790 0.136926
1118849791 -0.226480 0.055357 0.382078 1.879162 -0.162723 0.128023
1138829271 -0.135780 0.032191 0.401936 1.863351 -0.162723 0.128023
1158808750 -0.077240 -0.098988 0.029377 1.936867 -0.156316 0.127044
1178788229 -0.179610 -0.036602 0.143824 1.776725 -0.161580 0.134902
1198767708 -0.313785 -0.119745 0.176338 1.768622 -0.154027 0.145711
1218747187 -0.576892 -0.176695 -0.146068 1.873276 -0.141991 0.186874
1238726666 -0.646015 -0.291305 -0.324051 1.841127 -0.131604 0.192692
1258706146 -0.764898 -0.320194 0.107120 1.863230 -0.131604 0.192692
1278685625 -1.001453 -0.353047 0.427554 1.759210 -0.124569 0.209959
1298665104 -0.922347 -0.422391 0.352118 1.782289 -0.117557 0.192728
1318644583 -0.766412 -0.543863 -0.012358 1.758614 -0.117557 0.192728
1338624062 -0.973772 -0.756499 -0.323433 1.786637 -0.111624 0.279047
1358603541 -1.553178 -0.719772 -0.609461 1.764134 -0.123100 0.282156
1378583021 -1.589701 -0.647122 -0.811592 1.779782 -0.123100 0.282156
1398562500 -0.985533 -0.674450 -0.797744 1.863058 -0.110353 0.167363
1418541979 -0.681904 -0.708115 -0.281466 1.758647 -0.097598 0.148790
1438521406 -0.569869 -0.808126 -0.018593 1.681039 -0.116910 0.177213
1458500833 -0.872672 -0.631130 -0.216051 1.752737 -0.116910 0.177213
1478480260 -0.322423 -0.498883 -0.194981 1.701228 -0.129356 0.111544
