0 -0.260159 0.140891 -0.165773 1.706759 -0.131836 0.064359
19980104 -0.972655 0.332245 -0.700706 1.608942 -0.172124 0.264203
39960208 -2.086712 0.645122 -0.508575 1.619102 -0.172124 0.264203
59940312 -3.805043 1.101293 0.334641 1.631709 -0.195269 0.525572
79920417 -6.107721 1.598363 1.233114 1.590016 -0.195269 0.525572
99900521 -7.986995 2.262508 1.142014 1.629445 -0.224653 0.746255
119880625 -8.877921 2.050467 -0.006740 1.602085 -0.224653 0.746255
139860729 -10.266779 1.841345 -0.376460 1.614046 -0.167945 0.904480
159840833 -13.528390 2.016933 0.977593 1.634997 -0.167945 0.904480
179820937 -18.943312 1.797873 3.278495 1.640143 -0.118241 0.972369
199801042 -22.204271 -1.169835 4.587462 1.634290 0.170487 1.043725
219781146 -25.107382 -5.746597 4.729870 1.535335 0.170487 1.043725
239761250 -28.730246 -10.432742 6.222309 1.466113 0.294603 1.053987
259741354 -35.477024 -15.391375 6.858752 1.354651 0.370567 1.123481
279721458 -39.717670 -25.812628 7.208482 1.252734 0.547768 1.156738
299701562 -36.707878 -38.792664 11.310614 1.271509 0.764663 1.028781
319681667 -35.222034 -45.997822 8.616551 1.212312 0.888996 1.067451
339661771 -34.861671 -52.080742 4.043276 1.195262 0.980037 1.178775
359641927 -30.952164 -56.994614 3.377303 1.353415 1.072356 1.151674
379622083 -22.980255 -59.543552 6.046183 2.355076 1.232395 0.494689
399602239 -11.805977 -59.286781 8.879212 2.940118 1.211826 0.176030
419582396 -4.929013 -57.485146 11.476167 3.072407 1.211826 0.176030
439562552 3.426725 -55.111748 13.509024 -2.710310 1.161690 -0.172493
459542708 12.010613 -50.193100 10.514312 -2.280141 1.121335 -0.547055
479522864 18.435324 -43.433887 5.258204 -1.776488 0.913901 -1.100878
499503021 22.807501 -35.298553 2.228392 -1.772049 0.774662 -1.166867
519483177 23.238785 -27.083012 0.704618 -1.779255 0.643330 -1.275471
539463333 22.850559 -20.400108 -2.192373 -1.737987 0.519777 -1.393067
559443489 21.754570 -15.182335 -5.214238 -1.818530 0.519777 -1.393067
579423646 20.261135 -11.432013 -7.243403 -1.791385 0.343376 -1.500847
599403802 17.547335 -8.571617 -7.879566 -1.779357 0.343376 -1.500847
619383958 14.376357 -6.623445 -6.375206 -1.853464 0.265962 -1.216083
639364114 11.125421 -5.104764 -4.385000 -1.871393 0.202051 -0.937448
659344271 7.596610 -3.540206 -2.175727 -1.871393 0.202051 -0.937448
679324427 3.861329 -2.237290 -0.425056 -1.942429 0.013796 -0.254725
699304583 0.556246 -0.885935 0.898558 -1.688898 -0.078682 -0.095708
719284739 -1.028620 0.276615 2.061426 -1.743395 -0.078682 -0.095708
739264896 -1.825857 0.975773 2.428014 -1.551615 -0.126502 -0.031807
759245052 -2.808061 1.576141 2.727499 -0.625099 -0.165474 0.040281
779225208 -2.997181 1.989145 2.305562 -0.529631 -0.201738 0.048469
799205364 -2.326189 2.018374 1.829116 -0.629275 -0.212632 -0.014983
819185521 -1.903427 2.174884 1.624710 -0.677015 -0.233814 -0.054604
839165677 -2.210263 2.259112 1.311979 -0.169679 -0.289028 0.046804
859145833 -2.878271 2.494228 1.059140 -0.169679 -0.289028 0.046804
879125989 -2.697389 2.401404 0.538246 -0.259216 -0.301930 0.037979
899106146 -1.966456 2.220860 0.413793 -0.592707 -0.294511 -0.031476
919086302 -1.174332 1.711530 0.225921 -1.110042 -0.194190 -0.183265
939066458 -0.462296 1.043483 0.006898 -1.188998 -0.148735 -0.220417
959046614 -0.094374 0.540014 -0.258146 -1.188998 -0.148735 -0.220417
979026771 0.434659 0.220739 -0.039442 -1.253779 -0.113562 -0.263043
999006927 0.741398 -0.125802 0.118775 -1.419091 -0.077952 -0.286562
1018987083 0.888096 -0.229595 -0.051155 -1.395535 -0.054544 -0.373689
1038967239 1.366427 -0.403054 -0.547810 -1.436419 -0.054544 -0.373689
1058947396 1.677533 -0.425235 -1.177466 -1.470795 -0.053066 -0.432125
1078927552 1.385405 -0.207450 -0.961904 -1.428079 -0.072747 -0.392584
1098907708 1.102178 0.016607 -0.534331 -1.347594 -0.088821 -0.348849
1118887864 0.716478 0.175599 -0.501533 -1.337154 -0.099441 -0.312100
1138868021 0.184744 0.472415 -0.393682 -1.263205 -0.122547 -0.259011
1158848177 -0.305928 0.728149 -0.236873 -1.089524 -0.137813 -0.211795
1178828333 -0.712837 0.900744 -0.114315 -0.877668 -0.137538 -0.145889
1198808489 -1.042863 0.998408 0.058058 -0.737799 -0.129037 -0.115837
1218788646 -1.297680 1.087600 0.648558 -0.737799 -0.129037 -0.115837
1238768802 -0.695938 0.761053 1.173654 -0.934920 -0.086556 -0.166475
1258748958 -0.363952 0.460617 1.148427 -1.184989 -0.026223 -0.222746
1278729114 -0.153955 0.120508 0.715080 -1.147678 -0.026223 -0.222746
1298709271 -0.091543 -0.030387 0.268010 -1.181457 -0.010214 -0.239016
1318689427 0.013948 -0.029282 0.119726 -1.078911 -0.010032 -0.258486
1338669583 0.136942 0.021643 0.389618 -1.078911 -0.010032 -0.258486
1358649739 -0.034887 0.151425 0.679377 -1.114079 -0.022467 -0.233339
1378629896 -0.466278 0.359070 0.577578 -0.949350 -0.044860 -0.190292
1398610052 -0.582531 0.510275 0.345711 -0.941503 -0.064676 -0.203009
1418590208 -0.320628 0.525717 0.274526 -0.941503 -0.064676 -0.203009
1438570364 -0.145927 0.462750 0.319367 -1.014738 -0.057827 -0.216718
1458550521 -0.176666 0.330695 0.530678 -0.957020 -0.043810 -0.208371
1478530625 -0.206028 0.113690 0.328163 -1.009926 -0.022333 -0.209744
