0 -1.581950 0.631392 0.709056 1.650710 -0.159115 0.179626
19980208 -3.193250 1.381248 0.209421 1.550883 -0.274276 0.589823
39960417 -6.052455 2.278413 -0.310463 1.604392 -0.270497 0.725079
59940625 -8.923225 2.980414 0.559001 1.550772 -0.270497 0.725079
79920833 -11.154242 2.090344 1.013612 1.613672 -0.180964 0.812027
99901042 -14.463470 1.674924 2.031243 1.628333 -0.095661 0.975476
119881250 -18.925779 1.452355 3.124510 1.600510 -0.018510 1.021211
139861458 -20.738314 -0.336072 2.909086 1.579694 -0.018510 1.021211
159841667 -20.563196 -3.381085 1.579993 1.490264 0.110031 1.063243
179821875 -21.279741 -6.264447 1.462285 1.419134 0.225416 1.080123
199802083 -22.519207 -9.521118 2.110239 1.383475 0.335706 1.078398
219782292 -23.011871 -14.242639 3.308816 1.357990 0.481723 1.043503
239762500 -20.742460 -19.743540 5.990847 1.450923 0.646306 0.900869
259742708 -18.745474 -24.512512 6.644102 1.515309 0.782115 0.822292
279722917 -18.705515 -27.812731 5.537774 1.621795 0.865423 0.853020
299703125 -17.592648 -31.164476 5.635634 1.678077 0.940681 0.813563
319683333 -13.707872 -34.411987 5.606713 2.205622 1.155513 0.461788
339663542 -8.455675 -35.232655 4.037168 2.449958 1.198482 0.344898
359643750 -5.949605 -33.525799 2.461861 2.743199 1.209005 0.193817
379623958 -3.714882 -31.364187 1.757852 3.025988 1.193019 0.023044
399604167 -1.523712 -29.253263 1.649611 3.113953 1.193019 0.023044
419584375 1.171187 -27.476542 2.370825 -2.825951 1.139372 -0.179961
439564583 4.451702 -25.546167 3.273929 -2.475543 1.051780 -0.388062
459544792 8.076706 -23.090534 2.297959 -1.812376 0.852324 -0.980718
479525000 13.302263 -20.910006 -0.038061 -1.591366 0.691959 -1.225134
499505156 18.053005 -18.167824 -2.626299 -1.566743 0.535995 -1.321999
519485313 20.654438 -14.619497 -3.949139 -1.629801 0.419027 -1.277999
539465469 19.687410 -10.845870 -3.216340 -1.661087 0.343131 -1.134861
559445625 15.900305 -7.732619 -1.595899 -1.659364 0.264233 -0.950274
579425781 11.489753 -5.082778 -0.556576 -1.652252 0.264233 -0.950274
599405938 8.194798 -3.176928 0.550253 -1.651891 0.103238 -0.568838
619386094 5.584409 -1.988881 0.850497 -1.626848 0.062899 -0.447381
639366250 4.053236 -1.387856 1.222589 -1.530809 0.031185 -0.379971
659346406 3.035127 -0.924732 1.089218 -1.513119 -0.001265 -0.377480
679326563 2.690421 -0.488003 0.592711 -1.484299 -0.024512 -0.376385
699306719 2.390524 -0.176217 0.136808 -1.474266 -0.024512 -0.376385
719286875 1.661600 0.061580 0.170127 -1.249847 -0.040557 -0.317463
739267031 0.721025 0.450659 0.216759 -0.998562 -0.106518 -0.117381
759247188 -0.443968 0.887866 0.647609 -0.678568 -0.127647 -0.021542
779227344 -1.435560 1.216869 1.332411 -0.714894 -0.127647 -0.021542
799207500 -1.941038 1.330757 1.366785 -0.620934 -0.133580 0.012697
819187656 -1.799345 1.244798 1.302682 -0.640428 -0.133580 0.012697
839167813 -1.450536 1.180221 1.200215 -0.734184 -0.134314 -0.018182
859147969 -1.462000 1.001629 0.885422 -0.817486 -0.127853 -0.016416
879128125 -1.287459 0.775384 0.284844 -0.798427 -0.119134 -0.033129
899108281 -0.492869 0.289454 0.395448 -0.996020 -0.076504 -0.109016
919088438 0.646034 -0.265373 0.933533 -1.446022 0.014627 -0.258660
939068594 1.335966 -0.918797 1.005072 -1.391780 0.005099 -0.285215
959048750 1.315600 -0.952063 -0.343322 -1.180349 -0.066643 -0.252124
979028906 0.865312 -0.412028 -1.006914 -1.329215 -0.066643 -0.252124
999009063 0.249020 0.132729 -1.086035 -0.932116 -0.180180 -0.137093
1018989271 -0.102072 0.497694 -0.976439 -0.815980 -0.180180 -0.137093
1038969479 -0.111473 0.744886 -1.015137 -0.839883 -0.235136 -0.103401
1058949688 -0.265631 0.947213 -0.999282 -0.841059 -0.235136 -0.103401
1078929896 -0.606557 0.952066 -0.844378 -0.976442 -0.188093 -0.088261
1098910104 -0.279262 0.599970 -0.677732 -1.151765 -0.117759 -0.213800
1118890313 0.877183 0.012967 -0.616533 -1.222447 -0.100002 -0.275431
1138870521 1.396354 -0.127258 -0.891663 -1.227610 -0.100002 -0.275431
1158850729 1.406207 -0.143818 -0.777059 -1.176569 -0.090893 -0.270294
1178830938 1.510468 -0.173716 -0.444799 -1.272026 -0.040354 -0.289744
1198811146 1.961668 -0.464414 0.148331 -1.353512 -0.014039 -0.298055
1218791354 2.239559 -0.706163 0.554341 -1.329852 0.000518 -0.274622
1238771563 2.064216 -0.858081 0.622133 -1.331935 0.000518 -0.274622
1258751771 1.959163 -1.024734 0.625455 -1.324061 0.016018 -0.261210
1278731979 2.447279 -1.508998 0.322541 -1.457988 0.111601 -0.271201
1298712188 2.088952 -1.954880 0.183566 -1.428560 0.145936 -0.114102
1318692396 0.709895 -2.407403 1.458103 -1.446057 0.145936 -0.114102
1338672604 1.318605 -3.375331 4.538857 -1.654122 0.265745 -0.315830
1358652813 3.632203 -4.777099 4.217690 -1.628533 0.265745 -0.315830
1378633021 5.355023 -5.521315 2.256236 -1.630107 0.266521 -0.366044
1398613229 3.351120 -4.528872 2.230323 -1.665005 0.266521 -0.366044
1418593438 1.672466 -3.569087 1.331858 -1.521319 0.142965 -0.289481
1438573646 1.337646 -2.838452 -0.428512 -1.338245 0.069298 -0.235593
1458553854 0.679438 -2.278945 -1.091518 -1.188910 0.069298 -0.235593
1478534063 -0.495514 -1.703874 -1.179585 -0.374842 -0.136689 -0.004476
1498514271 -1.077588 -0.956551 -1.353284 -0.238306 -0.136689 -0.004476
