0 0.779400 -0.160830 0.525578 -0.240845 -0.015719 -0.097099
19979531 0.777969 -0.307986 0.057154 -0.216869 -0.022491 -0.113840
39959063 0.870638 -0.247008 -0.324188 -0.256786 -0.022491 -0.113840
59938594 0.897830 -0.404402 -0.079504 -0.097017 0.003442 -0.082766
79918125 0.593511 -0.483816 0.298042 -0.130207 0.006381 -0.077521
99897656 0.527389 -0.527537 0.230795 -0.287299 0.014879 -0.143719
119877188 1.106010 -0.612215 -0.318133 -0.524875 0.021905 -0.224650
139856719 1.800602 -0.666479 -0.616956 -0.527606 0.020614 -0.262643
159836250 2.141441 -0.633760 -0.590507 -0.486447 -0.016414 -0.264583
179815781 2.196523 -0.252540 -0.340400 -0.455180 -0.016414 -0.264583
199795313 2.604502 0.020318 -0.106025 -0.712900 -0.031021 -0.417849
219774844 3.933689 0.015887 0.117109 -0.822438 -0.000355 -0.538935
239754375 5.554725 -0.245441 0.367290 -0.789710 -0.000355 -0.538935
259733906 6.811111 -0.551889 1.012126 -0.940024 0.064283 -0.654642
279713438 8.163744 -1.086294 1.606585 -0.867319 0.064283 -0.654642
299692969 10.335203 -1.555254 1.811857 -1.086613 0.116821 -0.861768
319672500 13.255594 -2.356863 2.164874 -1.113952 0.116821 -0.861768
339652031 16.161892 -3.687245 2.376456 -1.111444 0.162776 -0.948428
359631563 17.684004 -5.510368 2.704720 -1.230819 0.227221 -0.979472
379611094 20.021074 -8.077770 3.348471 -1.324436 0.300008 -1.011894
399590625 24.398129 -12.974569 4.368195 -1.426465 0.404387 -1.061199
419570104 24.702625 -19.898396 5.189581 -1.924379 0.574000 -1.041023
439549583 19.969202 -27.057121 5.825610 -2.241940 0.788083 -0.927181
459529063 17.722908 -33.099670 6.185589 -2.560080 0.920552 -0.856579
479508542 19.462379 -38.839211 7.567529 -2.602078 0.958592 -0.854166
499488021 17.611189 -41.313316 9.336224 -2.754179 0.990475 -0.749412
519467500 15.469030 -42.341053 4.831016 -2.733584 1.093236 -0.808833
539446979 12.520412 -43.211571 -1.595129 -2.512670 1.241370 -0.976615
559426458 8.234371 -41.337711 -4.144462 -2.641798 1.435401 -0.664986
579405938 4.496509 -36.912422 -5.575832 -2.641798 1.435401 -0.664986
599385417 0.618245 -32.645981 -5.244138 2.872791 1.436939 0.294652
619364896 -2.757485 -30.720642 -2.492871 2.689959 1.301934 0.615112
639344375 -6.909782 -30.583229 -1.105836 2.603842 1.191763 0.824652
659323854 -14.208094 -27.750090 -1.697172 2.425695 1.001127 1.123121
679303333 -19.707060 -22.676655 -3.018535 2.337898 0.794723 1.278850
699282813 -20.245955 -17.012138 -2.312455 2.339023 0.639480 1.251453
719262292 -16.806067 -12.325640 -1.446359 2.384622 0.553600 1.147877
739241771 -13.915255 -8.151977 -1.439807 2.410455 0.436613 1.067742
759221250 -12.187270 -4.574775 -2.058108 2.359235 0.276414 1.040079
779200729 -11.072195 -2.263441 -0.925376 2.355646 0.129684 0.928034
799180208 -9.014176 -1.661888 0.401684 2.445264 0.095671 0.759750
819159688 -4.863853 -1.846548 0.794442 2.693480 0.134149 0.476362
839139167 -3.641758 -1.863154 2.832955 2.799222 0.122267 0.317730
859118646 -3.519966 -1.392950 3.017733 2.823537 0.083165 0.301207
879098125 -3.145041 -0.763634 2.715358 2.795145 0.029269 0.281150
899077604 -1.438902 -0.843953 1.798169 2.944379 0.029567 0.163918
919057083 1.071929 -0.558409 0.007232 -2.993413 -0.003426 -0.065209
939036563 1.842259 0.071514 0.215517 -2.955167 -0.075386 -0.147601
959016042 2.057568 0.632627 0.348604 -2.895162 -0.138631 -0.171630
978995521 1.987137 0.930344 -0.213595 -2.797522 -0.185722 -0.174431
998975000 2.271825 1.027548 -1.217292 -2.816300 -0.219976 -0.218368
1018954479 2.372150 0.942231 -1.235393 -2.809365 -0.210431 -0.219651
1038933958 1.740531 0.748756 0.049565 -2.981531 -0.167554 -0.126615
1058913438 1.246733 0.760821 0.302787 -3.111321 -0.168824 -0.078527
1078892917 0.868246 0.842042 -0.504500 3.140560 -0.194742 -0.048011
1098872396 0.551102 0.964750 -1.286963 3.011030 -0.194972 0.046235
1118851875 0.009822 0.851772 -0.876840 2.969577 -0.194972 0.046235
1138831354 -0.046592 0.798664 -0.168795 2.980275 -0.169045 0.045268
1158810833 0.214924 0.767075 0.241850 2.989505 -0.153991 0.014951
1178790313 0.333092 0.575952 0.365821 3.085171 -0.128801 0.002669
1198769792 0.082311 0.415506 0.617773 2.954968 -0.106933 0.023802
1218749271 -0.218981 0.438411 0.807207 2.960101 -0.105289 0.047820
1238728750 -0.334190 0.410692 0.878322 2.934535 -0.101300 0.056623
1258708229 -0.696275 0.284146 0.539721 2.846880 -0.091248 0.094788
1278687708 -0.833536 0.174505 0.422215 2.882050 -0.080311 0.111055
1298667188 -0.896424 0.201946 0.845156 2.835564 -0.080650 0.113360
1318646667 -0.541137 0.085539 1.062591 2.968885 -0.078022 0.027447
1338626146 -0.009621 0.054728 0.464288 2.968885 -0.078022 0.027447
1358605625 0.313973 0.117112 -0.198624 2.981621 -0.104833 0.019178
1378585104 0.080095 0.207261 -0.196077 2.965936 -0.104833 0.019178
1398564583 -0.130611 0.287862 0.016557 2.928292 -0.112840 0.042232
1418544063 0.105648 0.311004 0.009117 3.020850 -0.110639 -0.054584
1438523542 0.815622 0.213332 -0.137096 3.044150 -0.116020 -0.067984
1458503021 0.935468 0.267023 0.113223 2.891987 -0.136731 -0.028673
1478482500 0.524209 0.426639 0.043185 2.891987 -0.136731 -0.028673
