0 -0.494201 -0.472954 0.385810 1.852198 -0.145006 0.155967
19980209 -0.743176 -0.223650 0.039641 1.895061 -0.160744 0.171774
39960417 -0.901096 -0.051317 0.031579 1.832443 -0.154511 0.155731
59940625 -0.808727 -0.063765 0.289662 1.861921 -0.161168 0.126114
79920834 -0.527666 0.002695 0.257544 1.897487 -0.163774 0.109701
99901042 -0.360474 0.008692 0.112036 1.863412 -0.178055 0.109407
119881250 -0.338835 0.121532 -0.036247 1.797634 -0.187855 0.083401
139861459 -0.086160 0.190173 -0.162033 1.768124 -0.187855 0.083401
159841667 -0.123892 0.242795 -0.323625 1.759977 -0.199722 0.128018
179821875 -0.514720 0.317602 -0.291582 1.823799 -0.209348 0.164296
199802084 -0.846667 0.423966 -0.344177 1.769746 -0.209348 0.164296
219782344 -1.859163 0.436603 -0.833891 1.791330 -0.128811 0.542999
239762605 -4.377162 -0.189976 -0.944076 1.793783 -0.147277 0.744564
259742865 -7.836049 0.409757 0.051764 1.790522 -0.221582 0.872974
279723125 -14.206444 2.762980 3.383097 1.811168 -0.222796 0.988954
299703386 -17.096376 2.887993 2.694880 1.760429 -0.222796 0.988954
319683646 -15.699439 0.809575 -1.321221 1.807274 -0.059405 1.214333
339663907 -15.230709 -1.240769 -3.142654 1.807008 0.006813 1.125266
359644167 -17.367893 -2.248780 -0.533566 1.740571 0.088184 1.005839
379624428 -19.908501 -4.171182 3.800771 1.755501 0.209408 0.962162
399604688 -21.627047 -7.838623 6.232494 1.721128 0.330991 0.943093
419584948 -22.825918 -12.187220 7.693481 1.669578 0.452872 0.988161
439565209 -24.408430 -16.978609 7.106347 1.660160 0.452872 0.988161
459545469 -25.295435 -22.481316 7.528278 1.607254 0.574581 0.988885
479525730 -24.473307 -27.512907 8.895857 1.652461 0.682777 0.929453
499505990 -22.868702 -31.795490 9.109631 1.721049 0.785236 0.882074
519486250 -21.650663 -35.548531 9.235165 1.776881 0.862175 0.847317
539466511 -19.761860 -38.987919 11.983404 1.905983 0.898840 0.732928
559446771 -18.007122 -40.365265 12.615211 2.039419 0.927328 0.671041
579427032 -16.536921 -40.124805 8.873747 2.202339 0.997305 0.715533
599407292 -14.178524 -39.029587 6.753735 2.249507 1.053134 0.687721
619387553 -13.057965 -38.051079 8.702578 2.387652 1.026214 0.581000
639367813 -9.785181 -38.345364 10.347641 2.732318 1.033623 0.404418
659348073 -5.959154 -37.712559 10.402150 2.934546 1.049368 0.232009
679328334 -2.971683 -35.993004 10.729857 -3.085267 1.029312 0.091663
699308594 1.762196 -33.657917 10.313306 -2.795130 1.003160 -0.145077
719288855 8.122478 -30.870195 8.778797 -2.242797 0.845149 -0.748134
739269115 13.740167 -27.348267 6.822360 -2.242797 0.845149 -0.748134
759249375 17.422405 -22.906610 4.887340 -2.138648 0.714354 -0.921099
779229636 19.001997 -18.382322 3.359659 -2.086296 0.584232 -1.012902
799209844 18.989216 -14.326662 3.185932 -2.115505 0.458684 -1.018982
819190053 17.988935 -11.108077 2.484232 -2.098136 0.363443 -1.022513
839170261 15.607042 -8.314195 2.139714 -2.102681 0.280091 -0.975279
859150469 12.290461 -6.182448 2.428707 -2.163219 0.209196 -0.858087
879130678 9.806165 -4.682537 2.446074 -2.116184 0.146093 -0.760523
899110886 8.364005 -3.733956 1.863515 -2.147451 0.101097 -0.725004
919091094 6.782969 -2.771913 0.854674 -2.058023 -0.040691 -0.582601
939071303 4.595913 -1.621438 0.455205 -2.058023 -0.040691 -0.582601
959051511 2.355032 -0.618865 0.269663 -2.070213 -0.135950 -0.422313
979031719 1.158999 0.116662 0.009716 -1.967075 -0.245295 -0.362765
999011928 1.303683 0.460469 -0.285146 -1.865795 -0.241365 -0.340928
1018992136 1.292664 0.621631 0.411596 -1.865795 -0.241365 -0.340928
1038972344 0.945096 0.637570 0.947228 -1.870821 -0.234545 -0.294347
1058952553 0.784524 0.289033 0.913133 -1.922899 -0.210258 -0.279628
1078932761 1.486060 -0.551745 0.234992 -1.970756 -0.152120 -0.356665
1098912969 2.764853 -1.425620 -0.525854 -1.994447 -0.090310 -0.487181
1118893178 3.793988 -1.602181 -2.276854 -1.993242 -0.105488 -0.658096
1138873386 2.325770 -0.884833 -1.960152 -1.907164 -0.215922 -0.466015
1158853594 -0.330955 0.401808 -0.944372 -1.637386 -0.357818 -0.103313
1178833803 -1.692469 1.551620 -0.435858 -1.248503 -0.449455 0.062081
1198814011 -1.386039 1.995420 0.291507 -0.968735 -0.455670 0.025207
1218794219 -0.250908 1.641159 0.901856 -1.403327 -0.399291 -0.090753
1238774428 -0.246318 1.470649 0.986259 -1.628810 -0.381567 -0.094680
1258754636 -0.578993 1.314679 0.710801 -1.548504 -0.378245 -0.069770
1278734844 -0.368363 1.130316 0.253666 -1.474353 -0.376553 -0.101068
1298715053 0.654659 0.531276 0.178092 -1.677752 -0.317189 -0.212336
1318695261 1.269828 0.030305 0.558786 -1.772086 -0.257324 -0.265116
1338675469 1.222094 -0.321103 0.688835 -1.796358 -0.225800 -0.255964
1358655678 0.659950 -0.398643 0.429587 -1.778239 -0.251874 -0.198020
1378635886 0.593296 -0.333303 0.157171 -1.826170 -0.282074 -0.140044
1398616094 0.103631 -0.103341 0.247759 -1.826170 -0.282074 -0.140044
1418596303 -0.525769 0.101535 0.179695 -1.671712 -0.314905 -0.068050
1438576511 -1.278482 0.461723 -0.289875 -1.446157 -0.375711 0.020532
1458556719 -1.729082 0.921996 -0.817548 -0.964597 -0.456682 0.065444
1478536928 -1.548849 1.020073 -0.724782 -0.964597 -0.456682 0.065444
1498517136 -1.477257 1.147260 -0.398947 -1.215701 -0.452763 0.051351
