0 -0.319379 -0.159743 0.186803 1.584048 -0.129924 0.044683
19980260 -0.262627 0.095800 0.051603 1.642103 -0.134631 0.046957
39960520 -0.279645 0.141943 -0.006872 1.706126 -0.117647 0.033980
59940781 -0.179081 0.013587 0.254389 1.706126 -0.117647 0.033980
79921041 0.045348 -0.097463 0.395291 1.684854 -0.104600 0.007961
99901302 0.015920 0.033783 0.159199 1.621595 -0.120264 0.008647
119881562 -0.078577 0.136732 -0.090536 1.705661 -0.150256 0.009823
139861822 -0.027845 0.320382 -0.030004 1.633487 -0.181102 0.008271
159842083 -0.098360 0.752357 0.572911 1.428437 -0.254272 0.092054
179822343 -1.194789 1.796905 1.445150 1.485779 -0.254272 0.092054
199802604 -5.280630 3.398087 2.929412 1.647844 -0.380195 0.741064
219782864 -11.813594 5.353742 2.757538 1.725126 -0.304574 1.084152
239763125 -18.152489 4.847705 -0.197042 1.694752 -0.304574 1.084152
259743385 -23.638430 1.807394 0.275659 1.700335 -0.123512 1.167102
279723645 -26.650675 -1.867967 4.881854 1.595644 0.031440 1.055024
299703854 -29.673038 -4.352305 7.808389 1.498227 0.112490 1.015609
319684062 -31.971231 -7.870211 8.875931 1.430422 0.205404 1.021461
339664270 -32.018650 -12.883178 10.223777 1.349655 0.328891 0.989711
359644479 -34.186188 -18.356136 10.388611 1.303421 0.435130 1.017850
379624687 -35.074860 -25.594868 9.105424 1.280830 0.579158 1.058921
399604895 -33.229347 -32.619900 9.307441 1.307956 0.721724 1.027925
419585104 -31.949129 -38.631207 12.211792 1.340820 0.803959 0.940150
439565312 -31.055490 -44.219177 14.913910 1.488448 0.859297 0.867198
459545520 -29.444809 -49.452175 15.629877 1.623255 0.920830 0.825733
479525729 -27.069923 -52.919212 12.860962 1.838653 0.997497 0.841798
499505937 -21.709085 -53.456596 8.319277 2.072333 1.100674 0.838953
519486145 -17.953857 -49.961971 7.421039 2.297276 1.124362 0.763825
539466354 -14.628607 -47.465469 8.254361 2.492827 1.125560 0.636795
559446562 -8.862741 -47.652172 9.515770 2.868401 1.150983 0.391810
579426770 -1.373396 -47.509464 8.134937 -2.986062 1.201452 0.056257
599406979 7.493434 -44.300598 5.404343 -2.014957 1.092825 -0.917462
619387187 14.777896 -38.051510 1.941999 -2.045593 1.092825 -0.917462
639367395 19.288660 -30.619091 0.037827 -1.927238 0.924203 -1.120414
659347604 20.771446 -23.496473 -0.703290 -1.929503 0.756922 -1.180061
679327812 19.396767 -17.327366 -0.997058 -2.014350 0.491280 -1.124519
699308020 17.648577 -12.599887 -0.827914 -2.014350 0.491280 -1.124519
719288229 16.705965 -9.732214 -0.266547 -1.982054 0.392981 -1.079206
739268437 15.835546 -7.705189 0.984548 -2.012805 0.317686 -1.005443
759248645 14.349901 -6.288772 2.187885 -1.996860 0.257784 -0.812356
779228854 11.495049 -5.153208 2.312708 -2.115703 0.229107 -0.541317
799209062 6.183588 -3.630082 2.370286 -2.037987 0.229107 -0.541317
819189270 1.680610 -2.018509 3.121614 -2.108262 0.138594 -0.201154
839169479 -0.278076 -0.233153 4.216487 -1.949008 0.010897 -0.041823
859149687 -2.145320 1.813631 5.610473 -1.522947 -0.119246 0.083118
879129895 -4.097132 3.012539 5.966529 -0.843098 -0.188370 0.198198
899110104 -5.191901 3.419610 4.750860 -0.028604 -0.229603 0.279204
919090312 -4.345955 3.179898 2.839377 -0.208005 -0.252639 0.249714
939070520 -3.436517 3.023797 1.923814 -0.354780 -0.267123 0.183447
959050781 -2.853975 2.720729 1.183151 -0.572199 -0.263451 0.130596
979031041 -2.038700 2.485576 0.237315 -0.880673 -0.253110 -0.035347
999011302 -1.276955 2.254622 0.089684 -0.968550 -0.224529 -0.047740
1018991562 -1.158519 2.033811 0.620019 -0.911461 -0.224529 -0.047740
1038971822 -1.040441 1.557152 0.694413 -1.143747 -0.185339 -0.060583
1058952083 -0.713515 1.263983 -0.054790 -1.039591 -0.177654 -0.099349
1078932343 -0.685656 0.994030 -0.289585 -1.356318 -0.140410 -0.137793
1098912604 -0.428597 0.701023 -0.647259 -1.392753 -0.140410 -0.137793
1118892864 -0.183094 0.464252 -0.734938 -1.462238 -0.117234 -0.168876
1138873125 0.182365 0.170705 -0.643788 -1.547899 -0.082983 -0.211553
1158853385 0.682242 0.044965 -0.442906 -1.552038 -0.066858 -0.264212
1178833645 0.837981 -0.060208 -0.477102 -1.572959 -0.056521 -0.285311
1198813906 0.648095 -0.031132 -0.933538 -1.561020 -0.062929 -0.281893
1218794166 0.561147 0.148381 -0.940673 -1.555531 -0.079860 -0.286709
1238774427 0.656688 0.160805 -0.890640 -1.489747 -0.079860 -0.286709
1258754687 0.771836 0.203324 -0.789098 -1.443061 -0.079223 -0.298527
1278734947 0.808612 0.233991 -0.587811 -1.514327 -0.075899 -0.298718
1298715208 0.558618 0.295343 -0.519828 -1.467788 -0.077490 -0.271142
1318695468 0.347998 0.381614 -0.045313 -1.492161 -0.092236 -0.178024
1338675729 -0.134359 0.549925 0.299746 -1.373052 -0.092236 -0.178024
1358655989 -0.256367 0.641769 0.544243 -1.350239 -0.097750 -0.160979
1378636250 -0.142297 0.616902 0.235051 -1.230547 -0.096200 -0.177136
1398616510 -0.251193 0.599079 0.353363 -1.304099 -0.091863 -0.164491
1418596770 -0.461480 0.597896 0.102601 -1.376064 -0.084913 -0.146368
1438577031 -0.484430 0.503631 -0.212606 -1.376064 -0.084913 -0.146368
1458557291 -0.245403 0.355233 -0.505090 -1.392517 -0.067446 -0.182105
1478537552 -0.117171 0.368690 -0.413019 -1.392517 -0.067446 -0.182105
1498517812 -0.342264 0.573470 -0.205733 -1.243712 -0.087770 -0.140186
