0 0.116431 0.000105 -0.552863 0.007802 -0.049304 -0.080965
19979584 0.461628 -0.024218 -0.427477 -0.074662 -0.043884 -0.116090
39959167 0.470535 0.075154 -0.202800 -0.057004 -0.051334 -0.113371
59938750 0.338737 0.183661 0.016870 -0.000803 -0.060500 -0.097220
79918334 0.119650 0.228864 -0.088241 0.025566 -0.065218 -0.076092
99897917 0.075798 0.123003 -0.293345 0.019461 -0.054042 -0.073204
119877500 -0.096589 0.057680 -0.220865 0.068472 -0.044665 -0.055094
139857084 -0.111107 0.115008 -0.015452 0.079115 -0.047657 -0.052453
159836719 -0.161074 0.185126 0.155477 0.137241 -0.052151 -0.046224
179816355 0.098935 0.246057 0.196111 0.005881 -0.083949 -0.123032
199795990 0.662137 0.572481 0.196014 -0.111866 -0.107659 -0.152969
219775625 1.061923 0.893268 0.365874 -0.129757 -0.107659 -0.152969
239755261 1.028261 1.088882 0.964627 -0.096134 -0.080249 -0.136220
259734896 1.251581 0.830992 2.024540 -0.117960 -0.080249 -0.136220
279714532 2.238285 0.199900 2.375375 -0.320214 -0.028466 -0.207925
299694167 4.439616 -0.504020 1.667412 -0.899821 0.076258 -0.638376
319673803 7.433174 -1.281645 0.635129 -0.895502 0.076258 -0.638376
339653438 10.041548 -2.395661 -0.295306 -1.214436 0.184249 -1.006705
359633073 12.137862 -3.170522 -1.889701 -1.233161 0.184249 -1.006705
379612709 13.235240 -4.019606 -2.534955 -1.279576 0.277375 -1.124055
399592344 14.061296 -4.870395 -2.904098 -1.317552 0.345235 -1.093054
419571980 14.737316 -6.295128 -2.012443 -1.400122 0.410387 -0.999129
439551615 14.769446 -7.903672 -0.093006 -1.504411 0.410387 -0.999129
459531250 15.228970 -10.017889 1.807439 -1.610788 0.475888 -0.928630
479510886 16.317020 -13.925344 2.977465 -1.804453 0.590813 -0.909636
499490521 17.417980 -19.390646 4.320830 -2.033907 0.718925 -0.883187
519470157 16.872900 -23.836924 7.778746 -2.359742 0.782244 -0.747470
539449792 15.086424 -28.274237 8.980589 -2.747241 1.037100 -0.607039
559429428 11.957397 -33.230087 6.013960 -2.756610 1.037100 -0.607039
579409063 7.057132 -37.000347 1.859575 -2.923309 1.223168 -0.474438
599388698 0.746567 -38.100586 -0.743856 2.280749 1.308367 0.576856
619368334 -4.376845 -36.640808 -1.732004 2.329333 1.308367 0.576856
639347969 -7.112175 -34.735363 -2.240176 2.089418 1.188821 0.838641
659327605 -9.622628 -32.835361 -1.198559 2.094290 1.188821 0.838641
679307240 -12.191687 -30.699121 0.066784 2.115004 1.101812 0.863197
699286875 -18.092369 -25.964621 -0.346256 2.087545 0.911613 1.069786
719266511 -23.906599 -18.877678 -1.399466 2.217744 0.416652 1.123738
739246146 -23.649632 -12.056572 1.150431 2.279105 0.287156 0.942975
759225782 -19.691708 -7.750433 3.713353 2.250465 0.287156 0.942975
779205417 -14.781539 -5.025606 4.140733 2.420055 0.097432 0.667137
799185053 -11.967602 -2.698082 3.915238 2.311810 0.097432 0.667137
819164688 -11.377442 -0.535868 4.159712 2.186279 -0.137093 0.636052
839144323 -11.079463 1.164045 3.599371 2.245164 -0.137093 0.636052
859123959 -10.399693 1.840112 2.329965 2.231752 -0.194221 0.654862
879103594 -9.292949 2.283433 1.441655 2.193174 -0.240820 0.640536
899083230 -7.705940 2.551939 1.151428 2.174329 -0.276491 0.567621
919062865 -5.970735 1.852934 0.499084 2.169856 -0.246571 0.481170
939042500 -4.143257 1.046577 0.084107 2.310119 -0.190400 0.348620
959022136 -3.072651 0.426917 -0.066509 2.466713 -0.093405 0.256840
979001771 -3.142247 0.229915 0.523172 2.472410 -0.093405 0.256840
998981407 -3.219107 0.004246 0.658118 2.451487 -0.063600 0.271108
1018961042 -2.756791 -0.186696 0.584923 2.606307 -0.040413 0.242876
1038940678 -1.406243 -0.401477 -0.120968 2.757231 -0.012971 0.018535
1058920313 -0.098273 -0.304278 -0.464046 2.720174 -0.012971 0.018535
1078899948 0.602940 -0.201258 -0.049288 2.822841 -0.012398 -0.043146
1098879584 0.441901 -0.191439 -0.003659 2.751921 -0.003903 -0.025070
1118859219 -0.100977 -0.037885 0.216842 2.667294 -0.010609 0.015784
1138838855 0.423814 0.141926 0.101089 2.665534 -0.017581 -0.057144
1158818490 2.007032 0.260302 0.269356 2.965958 -0.014538 -0.220614
1178798125 3.632280 0.149344 1.265132 -3.045825 0.007516 -0.334108
1198777761 4.406187 -0.026752 2.888968 -3.046204 0.046017 -0.318317
1218757396 4.174594 -0.387471 3.168817 -3.073331 0.046017 -0.318317
1238737032 3.326645 -0.585836 2.398697 2.954968 0.043551 -0.194461
1258716667 1.881480 -0.444910 1.200934 2.895744 0.043551 -0.194461
1278696303 1.134506 -0.166612 0.300177 2.731743 -0.006413 -0.123224
1298675938 0.888473 -0.055207 -0.173668 2.723843 -0.006413 -0.123224
1318655573 0.948398 -0.122017 -0.322086 2.682675 -0.003475 -0.123646
1338635209 1.301163 -0.195958 -0.040119 2.894839 -0.004708 -0.138671
1358614844 1.300485 -0.196401 0.227585 2.734208 -0.019251 -0.098932
1378594480 0.912959 -0.123525 0.161571 2.712017 -0.019251 -0.098932
1398574115 0.599978 -0.094981 -0.294271 2.707244 -0.030898 -0.070895
1418553750 0.271183 0.005030 -0.843717 2.561876 -0.049626 -0.038658
1438533386 0.127698 0.209671 -1.091583 2.570263 -0.102252 -0.021995
1458513021 0.171084 0.467128 -0.872454 2.491187 -0.102252 -0.021995
1478492657 0.495163 0.621828 -0.392821 2.522999 -0.110155 -0.050716
1498472292 0.865306 0.617284 0.194468 2.648690 -0.100092 -0.080037
