0 1.326187 -0.009477 -0.463062 -0.262713 -0.002972 -0.287154
19979427 2.017110 -0.109831 0.141025 -0.455318 0.006955 -0.387800
39958854 2.853960 -0.055089 0.760276 -0.498434 0.008720 -0.456422
59938281 3.742660 -0.088998 0.891003 -0.677106 0.023537 -0.569916
79917708 5.115825 -0.292006 0.592360 -0.658096 0.023537 -0.569916
99897135 6.656302 -0.716120 0.181227 -0.785888 0.055107 -0.688862
119876562 7.916431 -1.140536 0.267521 -0.983767 0.082562 -0.755364
139855989 9.739044 -1.583896 0.959367 -0.989897 0.101604 -0.810312
159835417 13.080238 -2.436585 1.520406 -1.047226 0.130956 -0.911933
179814844 15.649167 -3.813579 2.366107 -1.127696 0.256520 -0.889520
199794271 15.326995 -5.861973 3.740998 -1.399565 0.388030 -0.871811
219773698 15.294668 -9.398860 4.324609 -1.517732 0.388030 -0.871811
239753125 16.180990 -12.857151 3.307174 -1.867158 0.590354 -1.027673
259732552 17.850119 -16.240423 2.207701 -2.109160 0.656985 -1.035308
279711979 18.223970 -18.894808 2.187536 -2.219577 0.656985 -1.035308
299691406 18.068737 -21.912498 0.720416 -2.526233 0.862679 -0.973657
319670833 17.059669 -25.662580 2.069513 -2.471946 0.862679 -0.973657
339650260 17.796831 -29.414721 3.661517 -2.517138 0.911067 -0.912524
359629687 17.091919 -33.603493 4.283010 -2.655083 1.105680 -0.786683
379609114 13.464366 -35.095768 2.359202 -2.639932 1.105680 -0.786683
399588542 7.975678 -33.161518 -5.319811 -2.386760 1.349476 -0.975552
419567969 0.350629 -28.900467 -10.945149 0.822053 1.465970 2.263101
439547396 0.757299 -28.932514 -13.020375 0.591434 1.409992 2.655576
459526823 0.593970 -30.955500 -7.421892 2.312868 1.475608 1.012644
479506250 -7.554285 -28.573778 3.985312 2.727698 1.040205 0.685620
499485677 -13.248842 -23.763252 6.796686 2.503847 0.791257 1.091045
519465104 -14.443435 -19.945070 -0.224423 2.503847 0.791257 1.091045
539444531 -13.697349 -15.312673 -8.957388 2.191664 0.554954 1.584356
559424010 -12.952927 -9.872665 -9.458663 2.191664 0.554954 1.584356
579403489 -12.578272 -6.198235 -5.585669 2.307416 0.366103 1.318414
599382969 -12.076898 -3.988779 -3.978149 2.339983 0.237030 1.195291
619362448 -10.553944 -2.874335 -3.518412 2.332092 0.189647 1.112525
639341927 -9.156807 -2.195441 -1.413455 2.400507 0.153841 0.913079
659321406 -8.562983 -1.702641 1.071020 2.459373 0.116635 0.744665
679300885 -8.161862 -1.399826 2.315115 2.552322 0.097131 0.665589
699280364 -7.353941 -1.395588 1.867563 2.534466 0.106651 0.637705
719259844 -6.434510 -1.504486 1.170841 2.620668 0.131384 0.518341
739239323 -4.773448 -1.292286 0.698766 2.620668 0.131384 0.518341
759218802 -3.534836 -0.794679 1.648962 2.717507 0.091343 0.389697
779198281 -1.200832 -0.265078 1.926315 -2.990602 0.019876 -0.032679
799177760 1.518773 0.097620 1.863630 -3.020559 0.019876 -0.032679
819157239 3.358504 0.287046 1.487074 -2.666090 0.001773 -0.193302
839136719 3.359055 0.531989 1.209979 -2.634149 -0.023195 -0.197677
859116198 1.600762 0.784525 1.296535 -2.933233 -0.051730 -0.040986
879095677 0.095194 0.840645 0.486599 2.907888 -0.072377 0.178331
899075156 -0.598416 0.824690 -0.230038 2.939786 -0.072377 0.178331
919054635 -0.181117 0.578900 -0.139482 -2.989434 -0.026801 0.003743
939034114 1.033156 0.404857 0.105374 -2.977391 -0.013771 -0.043589
959013594 1.486503 0.286745 0.850168 -3.103041 -0.006116 -0.010361
978993073 1.074695 0.178272 1.315282 -3.112831 -0.009683 0.009526
998972552 0.821872 0.169810 0.770683 -3.115485 -0.013135 0.026176
1018952031 0.651737 0.164002 0.241437 -3.135275 -0.013135 0.026176
1038931510 0.738878 0.168448 -0.040178 3.115654 -0.016045 0.018395
1058910989 0.777021 0.157256 0.046629 3.126743 -0.016401 0.014736
1078890469 0.740793 0.162803 0.179541 3.117618 -0.019127 0.017486
1098869948 0.792408 0.227718 -0.012577 3.135752 -0.029049 0.011310
1118849427 0.884352 0.285893 -0.404622 -3.106712 -0.038146 -0.000251
1138828906 0.848417 0.323885 -0.566689 -3.121101 -0.043096 0.000811
1158808385 0.423159 0.520161 -0.385406 2.989576 -0.063030 0.043629
1178787864 0.500564 0.683652 -0.238299 3.089063 -0.078938 0.031120
1198767344 0.751276 0.674391 -0.144090 3.100503 -0.064867 -0.005972
1218746823 0.780715 0.567559 -0.345906 -3.127994 -0.064867 -0.005972
1238726302 0.556682 0.543576 -0.190135 3.031174 -0.058676 0.013052
1258705781 0.325207 0.595394 -0.072924 3.063802 -0.060426 0.032572
1278685260 0.306905 0.545923 0.106997 3.044081 -0.035287 0.041448
1298664739 0.180481 0.421218 0.315420 3.004974 -0.035287 0.041448
1318644219 0.169845 0.395272 0.551716 3.015339 -0.030674 0.040468
1338623698 0.317729 0.332134 0.814756 3.049508 -0.024830 0.023297
1358603177 0.421895 0.245246 0.684483 3.085806 -0.019071 0.009579
1378582656 0.166716 0.305839 0.345501 3.037745 -0.028383 0.032091
1398562135 -0.010361 0.373008 0.119225 2.981939 -0.037887 0.050088
1418541614 0.086595 0.358421 -0.064937 3.108563 -0.043739 0.036631
1438521094 0.128876 0.388999 0.030036 3.108563 -0.043739 0.036631
1458500573 0.150947 0.443367 0.093367 2.993608 -0.051340 0.032422
1478480052 0.172253 0.423763 0.057162 3.023600 -0.052021 0.028068
1498459531 -0.046957 0.438971 -0.056478 2.993593 -0.056607 0.049990
