0 -0.322350 -0.396118 0.980320 1.867365 -0.049032 0.034049
19980260 -0.455043 0.103436 0.091217 1.814297 -0.105220 0.047952
39960520 -0.226731 0.553010 -0.045154 1.621522 -0.209326 0.115230
59940781 -1.077012 1.110988 0.191852 1.565465 -0.270990 0.250356
79921041 -2.364944 1.725051 -0.015187 1.555843 -0.325976 0.367360
99901302 -3.292630 2.153907 -0.811688 1.564079 -0.326248 0.473599
119881562 -4.321573 2.275565 -1.028353 1.530903 -0.326248 0.473599
139861822 -6.016762 2.463283 -0.278321 1.580084 -0.295036 0.575416
159842083 -8.414000 2.403172 1.243907 1.704170 -0.124741 0.787532
179822343 -11.625092 1.155536 1.982736 1.684277 -0.069290 0.892804
199802604 -16.051357 0.403282 3.406477 1.683720 -0.038677 1.021754
219782864 -22.789783 -0.194306 4.412508 1.667768 -0.038677 1.021754
239763125 -28.457302 -3.701676 2.845166 1.637277 0.075563 1.158338
259743385 -26.909782 -11.033582 3.175660 1.581430 0.318174 1.122554
279723645 -24.547544 -16.011282 6.712498 1.555252 0.472324 0.970325
299703906 -27.594097 -17.994848 9.223742 1.510409 0.473009 0.954528
319684166 -30.209011 -22.571316 8.225728 1.428542 0.555492 1.019827
339664427 -29.138678 -29.283682 6.361664 1.396059 0.716569 1.048903
359644687 -25.150463 -35.355934 6.513952 1.478234 0.876944 0.968916
379624947 -22.780821 -40.225552 6.513571 1.673947 1.051057 0.746432
399605208 -18.922127 -43.888901 8.550800 2.040192 1.162592 0.532342
419585468 -11.807924 -45.605087 7.081730 2.118882 1.165631 0.558156
439565781 -11.841981 -45.571617 6.614442 2.263241 1.165631 0.558156
459546093 -7.032312 -45.230858 6.346695 2.814309 1.165688 0.135841
479526406 -3.716344 -42.018925 7.698444 2.936929 1.165688 0.135841
499506718 -2.270612 -38.780380 8.167926 -2.747257 1.182206 -0.315105
519487031 3.873826 -37.024242 4.184004 -2.663317 1.182206 -0.315105
539467343 11.002931 -33.637383 1.483131 -1.895758 0.947314 -0.992098
559447656 16.077835 -28.829226 1.148510 -1.842130 0.947314 -0.992098
579427968 17.691034 -23.000269 2.187805 -1.809446 0.784124 -0.988591
599408281 17.950434 -17.183023 1.844079 -1.759478 0.460483 -1.109194
619388593 19.078548 -12.398447 0.068985 -1.784405 0.460483 -1.109194
639368906 19.086296 -8.302751 -1.211696 -1.740594 0.306790 -1.166859
659349218 17.372694 -5.187778 -1.000419 -1.774057 0.122059 -1.054693
679329531 15.334680 -3.522834 -0.565016 -1.733640 0.122059 -1.054693
699309843 13.693712 -2.773162 0.639918 -1.800671 0.107214 -0.800726
719290156 11.394022 -2.711585 2.108973 -1.794600 0.107214 -0.800726
739270468 8.118532 -2.297657 2.543017 -1.826524 0.102756 -0.630691
759250781 5.009532 -1.648949 3.009302 -1.840715 0.072122 -0.432104
779231093 3.737039 -1.217320 3.202154 -1.807137 0.044602 -0.345620
799211406 3.266850 -1.244766 2.357286 -1.746977 0.027760 -0.285072
819191718 2.117363 -0.965733 0.911016 -1.802528 0.027760 -0.285072
839172031 0.919316 -0.311183 -0.143884 -1.682616 -0.036898 -0.199481
859152343 0.024481 0.265841 0.128168 -1.547799 -0.093290 -0.109362
879132656 -0.502785 0.755219 0.481771 -1.309163 -0.136620 -0.059963
899112968 -0.913696 1.068206 0.760800 -1.298453 -0.169931 -0.009605
919093281 -1.186321 1.123986 0.699270 -1.102409 -0.169931 -0.009605
939073593 -1.323817 1.163265 0.136230 -0.982657 -0.182829 -0.008691
959053906 -0.923751 1.212526 -0.326899 -1.109967 -0.192850 -0.067682
979034218 -0.439801 1.092740 -0.594342 -1.114536 -0.178444 -0.137220
999014531 0.008599 0.975206 -0.272174 -1.408812 -0.128056 -0.247281
1018994843 0.514574 0.770566 -0.239541 -1.377186 -0.128056 -0.247281
1038975156 0.776001 0.609391 -0.571875 -1.391081 -0.111566 -0.284866
1058955468 0.586127 0.551223 -0.317153 -1.395603 -0.099214 -0.258759
1078935781 0.730849 0.293831 -0.045589 -1.437864 -0.065332 -0.266334
1098916093 1.159463 0.070201 0.299103 -1.451057 -0.037766 -0.252855
1118896406 0.896310 0.099289 1.098424 -1.412156 -0.037766 -0.252855
1138876718 0.753975 -0.006667 0.776898 -1.407831 -0.030371 -0.246719
1158857031 0.898695 -0.108954 0.314740 -1.447656 -0.022618 -0.271554
1178837343 0.923010 -0.193393 0.241938 -1.522292 -0.015150 -0.276216
1198817656 0.691483 -0.298010 0.076829 -1.435651 -0.014545 -0.229240
1218797968 0.443858 -0.228193 0.119534 -1.461782 -0.014545 -0.229240
1238778281 0.265925 -0.202373 0.325209 -1.417367 -0.019578 -0.204846
1258758593 -0.043284 -0.156837 0.122398 -1.352869 -0.027472 -0.176775
1278738906 -0.300199 -0.035962 -0.073541 -1.398144 -0.043264 -0.153109
1298719218 -0.521047 -0.022938 -0.315846 -1.300598 -0.024981 -0.136108
1318699531 -0.526687 -0.242556 -0.556486 -1.392728 -0.024981 -0.136108
1338679843 -0.104551 -0.743357 -0.823820 -1.391073 0.032239 -0.188976
1358660156 0.507755 -1.234861 -1.373683 -1.614675 0.103201 -0.339527
1378640468 1.057631 -1.286559 -1.544218 -1.534710 0.077519 -0.308309
1398620781 0.915642 -1.061749 -1.209276 -1.516313 0.077519 -0.308309
1418601093 0.498843 -0.698818 -1.198911 -1.405019 0.043288 -0.259795
1438581406 0.265943 -0.237824 -0.557053 -1.293823 -0.001506 -0.216731
1458561718 0.093011 0.126658 0.283165 -1.041795 -0.031399 -0.181370
1478542031 -0.302273 0.457597 0.693850 -0.906789 -0.058346 -0.134899
