0 0.145636 -0.316389 -0.041985 -0.018301 -0.062964 -0.064405
19979636 0.348385 -0.237130 -0.457936 -0.005858 -0.072994 -0.088726
39959271 0.377287 -0.133714 -0.386889 -0.080845 -0.080663 -0.090620
59938906 0.395296 -0.099489 0.089285 -0.019099 -0.078184 -0.086648
79918542 0.183391 -0.107692 0.426791 0.033176 -0.074729 -0.061840
99898177 0.294669 -0.120602 0.195268 -0.116656 -0.078226 -0.119721
119877813 0.660225 -0.098631 -0.135995 -0.014438 -0.085416 -0.111221
139857448 0.571876 -0.008782 -0.091654 -0.108482 -0.085416 -0.111221
159837084 0.138533 -0.064697 0.173656 0.024826 -0.069548 -0.047856
179816719 0.003683 -0.114121 0.338844 0.017752 -0.077150 -0.070275
199796354 0.203543 -0.059655 0.082465 -0.049546 -0.087480 -0.096012
219775990 0.391447 0.004172 -0.472554 -0.002166 -0.087480 -0.096012
239755625 0.251544 -0.049413 -0.635468 0.115861 -0.069412 -0.004340
259735261 -0.424838 -0.108344 -0.212256 0.153669 -0.069412 -0.004340
279714896 -1.089989 -0.156701 -0.081409 0.339768 -0.089755 0.047062
299694531 -0.938788 0.010719 -1.130936 0.132789 -0.115668 -0.025933
319674167 -0.429377 0.214601 -1.854563 -0.022021 -0.085347 -0.104210
339653802 0.170539 0.111693 -1.612187 -0.006320 -0.038292 -0.095832
359633438 0.173372 -0.106343 -0.569051 -0.105156 -0.031626 -0.156468
379613073 0.784197 -0.022307 0.186348 -0.102143 -0.031626 -0.156468
399592709 3.226218 0.218731 0.174639 -0.809058 0.018766 -0.726434
419572344 7.736560 -0.234770 0.042346 -0.982853 0.066354 -0.898834
439551979 12.108586 -0.783924 0.564779 -1.031032 0.117437 -0.940564
459531615 17.295542 -1.982946 3.246158 -1.020177 0.117437 -0.940564
479511250 21.079990 -3.450128 7.957112 -0.999239 0.193974 -0.859643
499490886 22.731943 -5.322050 9.677572 -1.043971 0.193974 -0.859643
519470521 22.331034 -7.910630 6.099719 -1.198800 0.291580 -0.946805
539450156 21.149965 -10.713778 0.088485 -1.380759 0.439638 -1.128411
559429792 20.175987 -13.446934 -2.393754 -1.485116 0.575982 -1.214064
579409427 19.832098 -16.905380 0.108766 -1.730453 0.676575 -1.095987
599389063 21.040535 -23.112473 3.158286 -1.861188 0.781691 -1.002018
619368698 20.965527 -33.315136 6.406585 -2.617089 1.027153 -0.646363
639348334 15.760180 -39.134480 9.485320 -2.626921 1.027153 -0.646363
659327969 13.424793 -40.939949 7.023887 -2.712088 1.109304 -0.619071
679307604 13.592455 -43.009113 2.398640 -2.520605 1.194008 -0.782669
699287240 11.769208 -44.866833 -2.051038 -2.361552 1.290404 -0.938841
719266875 6.932968 -43.858006 -6.399880 -2.253866 1.422485 -1.059467
739246511 1.750385 -38.924759 -7.473598 2.657242 1.423728 0.432271
759226146 -0.564759 -33.590744 -4.990950 2.702570 1.423728 0.432271
779205781 -1.033275 -30.117935 -3.675044 2.846721 1.361749 0.439634
799185417 -2.159484 -28.799391 -2.998719 2.636904 1.219607 0.800947
819165052 -5.418318 -26.572998 -2.678933 2.655992 1.219607 0.800947
839144688 -10.950692 -22.680006 -4.093858 2.406987 1.032861 1.161614
859124323 -15.396863 -17.461708 -4.322455 2.361417 0.654257 1.253877
879103959 -15.776864 -13.807043 -3.949787 2.366712 0.654257 1.253877
899083594 -15.354789 -11.066545 -2.967514 2.350565 0.557042 1.190157
919063281 -14.401793 -8.757105 -0.249439 2.439475 0.454449 1.026674
939042969 -12.614039 -7.196050 4.157310 2.742096 0.323178 0.608109
959022656 -10.115500 -6.451735 5.957852 2.792224 0.323178 0.608109
979002344 -8.224797 -5.717862 4.071898 2.811467 0.321730 0.574588
998982031 -8.659430 -4.698249 1.883718 2.626551 0.215868 0.735807
1018961719 -8.805717 -3.760674 0.881138 2.636901 0.215868 0.735807
1038941406 -8.087953 -3.155688 0.488761 2.710301 0.150232 0.689709
1058921094 -6.754260 -2.837955 -0.509682 2.695934 0.150232 0.689709
1078900781 -5.254708 -2.490378 -2.340246 2.692448 0.137665 0.693711
1098880469 -4.177855 -1.848941 -2.843708 2.756684 -0.015934 0.533726
1118860156 -3.383071 -1.145809 -2.478748 3.021716 -0.058236 0.361378
1138839844 -2.091515 -0.770501 -1.822784 2.984812 -0.058236 0.361378
1158819531 -1.047302 -0.361225 -1.159037 -2.979956 -0.126835 0.110691
1178799219 -0.090811 -0.015976 -0.952024 -2.950818 -0.126835 0.110691
1198778906 0.301122 0.306867 -0.256187 -2.923369 -0.141772 0.061287
1218758594 0.248524 0.512088 0.638581 -2.959416 -0.140820 0.062424
1238738281 0.441661 0.481768 1.046357 -2.884490 -0.126917 0.043566
1258717969 0.713608 0.138906 1.267375 -2.818601 -0.089895 0.017201
1278697656 0.732801 -0.142844 1.008717 -2.812189 -0.063400 0.012582
1298677344 0.513250 -0.049404 0.546039 -2.959754 -0.071469 0.033217
1318657031 0.229853 0.015430 1.009343 -3.009099 -0.032824 0.073567
1338636719 0.162020 -0.286746 1.990931 -3.052219 -0.031405 0.057205
1358616406 0.502471 -0.279635 2.531078 -2.890796 -0.030280 -0.018402
1378596094 1.608069 -0.324381 2.381836 -2.945847 -0.030280 -0.018402
1398575781 2.592279 -0.197812 2.471376 -2.839596 -0.047185 -0.088852
1418555469 3.546516 0.081356 1.822764 -2.737504 -0.083654 -0.172650
1438535156 4.411042 0.493711 0.835136 -2.587460 -0.139668 -0.268027
1458514844 4.487675 0.836373 0.524496 -2.573013 -0.189047 -0.284417
1478494531 3.584761 0.951010 0.271797 -2.630554 -0.224319 -0.207611
1498474219 2.763981 0.939526 0.352816 -2.805668 -0.242945 -0.136323
