0 0.172343 -0.188396 0.239849 0.091314 -0.007790 -0.087287
19979635 0.273245 -0.125908 0.100317 0.098936 -0.007790 -0.087287
39959270 0.435731 -0.001602 -0.077048 0.044637 -0.019572 -0.096094
59938906 0.344058 -0.001489 -0.148706 0.155629 -0.011947 -0.076930
79918541 0.168297 -0.063644 -0.076774 0.155141 -0.011947 -0.076930
99898177 0.075496 -0.050107 0.166884 0.090405 -0.016460 -0.081027
119877812 0.210680 -0.027821 0.194319 0.030779 -0.016460 -0.081027
139857448 0.520986 0.032203 -0.136378 -0.015191 -0.023998 -0.117868
159837083 0.847986 0.049795 -0.452058 -0.049448 -0.025236 -0.159522
179816718 1.085446 -0.025677 -0.229712 -0.072717 -0.014003 -0.183226
199796354 1.357512 -0.068215 0.030559 -0.230909 -0.006257 -0.207536
219775989 2.064116 -0.107984 0.327611 -0.485747 -0.007033 -0.405473
239755625 3.657534 0.010876 0.312641 -0.430971 -0.007033 -0.405473
259735260 5.451701 -0.440885 0.511322 -0.713051 0.035833 -0.534980
279714895 6.981908 -0.968014 0.841813 -0.759179 0.076260 -0.619328
299694531 9.207953 -1.749085 1.014232 -1.094741 0.150634 -0.922090
319674166 12.987582 -2.451301 0.480391 -1.076005 0.150634 -0.922090
339653802 16.900040 -3.232525 1.156969 -1.083280 0.164831 -1.011084
359633437 20.252527 -4.988246 2.608222 -1.183440 0.212905 -1.034337
379613073 24.211527 -7.985372 4.086446 -1.262842 0.283051 -1.059789
399592708 27.084471 -12.626150 5.697014 -1.594189 0.553871 -1.026861
419572343 26.044500 -19.078140 6.101377 -1.636406 0.553871 -1.026861
439551979 22.913506 -27.010942 3.774747 -2.084568 0.785100 -1.039341
459531614 17.025167 -33.805935 2.510962 -2.404047 1.011613 -0.943621
479511250 11.058580 -38.475117 3.087789 -2.754325 1.160636 -0.685631
499490885 7.579242 -42.173279 4.307704 2.944504 1.169936 -0.074852
519470520 3.136842 -43.422939 8.620277 3.026776 1.169936 -0.074852
539450156 0.160004 -43.033470 10.312840 2.904112 1.130920 0.106312
559429791 -0.883471 -41.348656 4.156009 2.805592 1.235274 0.261333
579409375 -1.987689 -36.796360 -4.788479 2.348606 1.381092 0.866094
599388958 -3.111369 -30.819653 -10.263980 1.627714 1.341105 1.770105
619368541 -4.937748 -25.969076 -13.355747 1.650852 1.181718 2.058504
639348125 -8.182225 -22.046894 -13.325218 2.105186 0.825424 1.850801
659327708 -11.969925 -19.525526 -13.150215 2.244659 0.709213 1.742781
679307291 -14.819546 -17.578543 -11.858820 2.252592 0.709213 1.742781
699286875 -16.683868 -14.745477 -8.949978 2.374825 0.591486 1.580939
719266458 -17.291489 -11.124831 -7.784163 2.368141 0.331768 1.499573
739246041 -16.370682 -7.599625 -7.623325 2.304599 0.331768 1.499573
759225625 -13.994698 -5.033065 -6.456647 2.298658 0.245717 1.413721
779205208 -9.926251 -3.311306 -3.940694 2.400991 0.196157 1.169196
799184791 -6.835339 -2.162480 -1.127249 2.521369 0.135854 0.836930
819164375 -5.769328 -1.481109 0.328629 2.585574 0.089295 0.679121
839143958 -5.532282 -1.183315 0.433099 2.662042 0.077056 0.653582
859123541 -4.933504 -1.232031 1.484022 2.670846 0.086143 0.566177
879103125 -4.143957 -1.335129 2.097052 2.872360 0.109525 0.447845
899082708 -3.165751 -1.302356 1.467100 2.803344 0.109525 0.447845
919062291 -2.800060 -1.089276 1.469805 2.868592 0.097805 0.428106
939041875 -2.258934 -0.848678 1.765513 2.920367 0.080313 0.386581
959021458 -1.865503 -0.566401 2.168868 2.896940 0.055484 0.353418
979001041 -1.435348 -0.557388 1.783376 3.058406 0.049933 0.322657
998980625 -0.896311 -0.470393 0.968207 2.986436 0.049933 0.322657
1018960208 -0.574894 -0.149977 0.652894 3.021463 0.019952 0.308064
1038939791 -0.107934 -0.044100 0.743895 3.127783 -0.008394 0.205181
1058919375 0.534732 0.134057 0.768986 -3.118719 -0.028145 0.174051
1078898958 0.774598 0.328115 1.148339 -3.098927 -0.037304 0.156262
1098878541 0.914422 0.396283 1.274296 -3.027192 -0.037304 0.156262
1118858125 1.005313 0.404819 1.164031 -3.036047 -0.043626 0.147404
1138837708 0.927299 0.167020 0.784743 -3.105744 -0.027739 0.157398
1158817291 1.073860 0.021087 0.034416 -3.132709 -0.018781 0.150654
1178796875 1.193494 -0.153973 -0.257452 3.127019 -0.002560 0.139253
1198776458 0.834781 -0.359932 0.100626 3.114529 0.013286 0.184012
1218756041 0.606521 -0.379002 0.711658 3.077169 0.013286 0.184012
1238735625 1.100145 -0.623477 1.005278 3.114063 0.029214 0.138134
1258715208 1.235959 -0.837093 0.883853 3.087084 0.039965 0.134027
1278694791 0.660473 -0.796317 0.265779 2.957807 0.025308 0.204625
1298674375 0.091826 -0.566505 -0.244074 2.866333 -0.011764 0.274934
1318653958 -0.364567 -0.290320 -0.754985 2.706693 -0.090114 0.357537
1338633541 -0.486369 -0.086442 -1.003814 2.815956 -0.104843 0.316105
1358613125 -0.278974 0.000633 -0.634487 2.816624 -0.104868 0.234982
1378592708 0.308815 -0.035457 -0.272943 2.815208 -0.104868 0.234982
1398572291 0.811693 0.056384 0.051215 2.956645 -0.114361 0.111408
1418551875 1.214788 -0.014014 0.247362 2.921784 -0.112436 0.120217
1438531458 1.052500 -0.104190 0.004049 2.854454 -0.112436 0.120217
1458511041 0.477274 -0.214039 -0.111015 2.734055 -0.095015 0.186698
1478490625 0.106787 -0.300501 0.323585 2.665270 -0.094556 0.187338
1498470208 -0.018808 -0.353817 0.560437 2.646429 -0.089951 0.233139
