0 -1.310422 0.162222 9.865196 -1.816579 -0.016299 0.132060
19979062 -0.898400 -0.134817 11.163546 -1.848469 0.012037 0.080303
39958125 -0.524705 -0.685777 12.040291 -1.909734 0.056842 0.043552
59937187 -0.582197 -0.829506 10.866506 -1.950690 0.076080 0.053526
79916250 -0.519915 -0.259382 8.897423 -1.868677 0.029095 0.058368
99895312 -0.610943 0.238878 8.231480 -1.761061 -0.028932 0.074084
119874375 -0.907982 0.444889 8.954914 -1.725659 -0.049387 0.101049
139853437 -1.573925 0.377815 9.994552 -1.777227 -0.037325 0.156196
159832500 -2.455461 0.373024 10.713196 -1.832266 -0.033926 0.225308
179811562 -3.044749 0.602990 10.325128 -1.805807 -0.055957 0.286760
199790625 -3.083076 0.761092 9.793331 -1.908176 -0.073993 0.304991
219769687 -3.490308 0.722764 10.267636 -1.993778 -0.066549 0.327678
239748750 -4.362262 0.684437 10.775477 -2.243869 -0.058808 0.384665
259727812 -5.421063 0.631736 10.574258 -3.074569 -0.053114 0.473729
279706875 -6.369673 0.296369 11.225828 2.820117 -0.022958 0.516113
299685937 -7.126644 -0.120444 11.901353 2.741212 0.008682 0.539544
319665000 -7.869243 -0.618704 12.025918 2.625914 0.043023 0.579432
339644062 -8.659750 -0.958862 12.169646 2.527890 0.064109 0.618460
359623125 -9.474213 -1.514613 11.805533 2.438177 0.099728 0.676278
379602187 -10.556969 -2.166183 11.896562 2.394431 0.135360 0.725808
399581250 -11.764290 -3.167493 12.356494 2.679017 0.183566 0.760852
419560312 -12.435024 -4.461051 12.246302 2.674368 0.250248 0.793044
439539375 -13.105759 -5.931875 11.853443 2.659485 0.323864 0.835531
459518437 -13.867521 -7.853049 12.059454 2.671464 0.403830 0.855022
479497500 -13.881893 -10.119171 13.185329 2.747122 0.486213 0.811127
499476562 -14.035204 -12.437995 14.076447 2.795144 0.559115 0.783931
519455625 -15.343136 -15.025111 14.550752 2.778709 0.617775 0.811899
539434687 -17.283472 -16.486353 18.038568 2.821468 0.583321 0.764024
559413750 -16.291744 -20.448475 16.035948 2.816833 0.729776 0.793311
579392812 -10.293467 -23.988993 11.781579 2.912195 0.992899 0.718089
599371875 -8.492067 -23.620089 9.601693 2.544048 1.073587 0.724148
619350937 -9.004700 -22.853535 9.342981 2.521824 1.054399 0.766963
639330000 -7.615322 -23.164948 9.989760 2.592406 1.073916 0.651335
659309062 -5.761221 -23.481152 11.206664 2.709924 1.078271 0.474855
679288125 -5.353990 -23.754236 12.083409 2.751694 1.063066 0.417089
699276771 -5.583956 -24.367477 13.683589 2.777303 1.025605 0.387450
719265416 -3.648409 -26.355724 16.400061 2.891520 1.003280 0.218899
739254062 1.305440 -26.877939 17.664873 3.087601 0.988108 -0.073766
759227916 5.387336 -25.632290 17.621754 2.813218 0.947503 -0.296697
779201771 8.951807 -22.858326 15.259813 3.023755 0.912129 -0.530528
799175625 12.041975 -18.910578 13.975837 -3.091295 0.797776 -0.711206
819149479 14.202696 -14.977201 14.656153 -3.027994 0.633091 -0.769687
839123333 14.327261 -10.708459 15.820355 -3.053265 0.465019 -0.735913
859097343 13.340324 -7.072123 17.037258 -3.133872 0.315884 -0.664294
879071354 12.099466 -4.432305 17.252851 3.072272 0.207312 -0.611600
899045364 11.677862 -3.162702 15.992830 3.097680 0.158374 -0.630704
919019375 11.179604 -2.578205 13.822527 -3.106435 0.144021 -0.680081
938993385 9.938745 -2.118273 11.906143 -3.080619 0.135742 -0.695578
958994427 8.731424 -1.893098 9.285490 -2.987610 0.147448 -0.754655
978995468 8.194836 -1.667923 7.206215 -2.844786 0.151670 -0.849502
998970729 7.025843 -1.169664 7.196633 -1.968478 0.115777 -0.773390
1018945989 6.403018 -0.680986 7.325989 -1.889609 0.069876 -0.718271
1038921250 5.569392 -0.494139 7.661355 -1.969501 0.052122 -0.628583
1058896510 4.203969 -0.182727 8.820767 2.099539 0.018698 -0.444752
1078871771 2.340287 0.157431 10.540721 1.544729 -0.014579 -0.218479
1098857343 0.471814 0.373024 12.164855 1.523725 -0.030631 -0.038766
1118842916 -1.056502 0.502380 13.482368 1.525717 -0.037131 0.078202
1138828489 -1.080456 0.377815 13.319476 1.539825 -0.028265 0.080941
1158803593 -0.524705 0.085567 12.811635 1.384991 -0.006673 0.040933
1178778698 -0.208502 -0.364783 12.610415 1.431468 0.028915 0.016533
1198753802 0.304130 -0.719314 12.116946 1.473924 0.059276 -0.025094
1218728906 0.538887 -0.690568 10.976698 1.477457 0.062754 -0.049054
1238704010 -0.059983 -0.115653 10.368246 1.402034 0.011154 0.005785
1258679271 -0.903191 0.583826 10.238891 1.333625 -0.056739 0.087984
1278654531 -1.008592 0.971894 9.937060 1.290338 -0.097000 0.101152
1298629791 -0.716344 1.005431 9.606484 1.269809 -0.103995 0.074431
1318605052 -0.610943 0.971894 9.261536 1.265233 -0.104331 0.065870
1338580312 -0.682807 0.981476 9.170507 1.266915 -0.106327 0.074320
1358555833 -0.764253 1.043758 9.261536 1.472653 -0.111848 0.082333
1378531354 -0.337858 0.804210 9.357354 1.499143 -0.085678 0.036090
1398506875 0.016673 0.588617 9.319027 1.527692 -0.063079 -0.001789
1418482396 0.184356 0.502380 9.108225 1.538553 -0.055090 -0.020238
1438457916 0.217893 0.488007 8.926168 1.538922 -0.054601 -0.024406
1458461458 0.136447 0.449680 8.815976 1.545912 -0.050957 -0.015476
1478465000 -0.213293 0.440098 8.590801 1.549119 -0.051168 0.024823
1498479218 -0.788208 0.401770 8.413536 1.559258 -0.047509 0.093411
1518493437 -1.372705 0.315533 8.600383 1.576074 -0.036214 0.158275
1538507656 -1.674535 0.200550 9.103434 1.592709 -0.021663 0.181912
