0 -0.788208 0.626945 9.778958 -1.995160 -0.063818 0.080429
20006042 -1.051711 0.789838 9.740631 -1.984558 -0.080444 0.107555
40012084 -0.539078 0.967103 9.165716 -1.905596 -0.104944 0.058747
60018125 0.500559 0.761092 8.006305 -1.870174 -0.094593 -0.062439
80024167 0.404740 0.473634 7.761966 -1.922148 -0.060862 -0.052097
100029271 -1.597880 0.737137 8.677038 -2.047979 -0.083354 0.182110
120034375 -3.360952 1.024595 10.943161 -2.210558 -0.089265 0.297983
140039479 -4.630556 0.631736 12.998482 -2.437823 -0.045751 0.342221
160044584 -5.037787 0.032866 12.030708 -2.691468 -0.002520 0.396560
180049688 -5.761221 -0.101280 10.971907 -3.016240 0.008173 0.483516
200054792 -6.522984 0.037657 11.316856 2.735063 -0.002883 0.522882
220059896 -7.701559 -0.283337 12.016335 2.641027 0.019849 0.569969
240065000 -9.196339 -0.494139 12.610415 2.525571 0.031650 0.630098
260070104 -11.577444 -0.494139 13.884809 2.402359 0.027326 0.695026
280075209 -13.134504 -1.586477 13.707543 2.375288 0.083373 0.764053
300080313 -12.621872 -2.731516 11.292901 2.363913 0.159904 0.840912
320085417 -12.621872 -3.248939 8.293762 2.264341 0.211891 0.989450
340090521 -12.928493 -3.833436 6.243232 2.197637 0.260921 1.120918
360095625 -13.651928 -4.743718 6.018057 2.201602 0.307846 1.155602
380100729 -14.246006 -6.875693 8.106915 2.330261 0.397182 1.053433
400105156 -14.806549 -8.945387 11.091681 2.692878 0.450383 0.927867
420109584 -15.807859 -11.321702 13.424877 2.747271 0.499696 0.866736
440114011 -15.702457 -14.306468 15.235859 2.808635 0.579102 0.800479
460118438 -14.456808 -16.519890 15.643090 2.858383 0.659665 0.746007
480122865 -13.862730 -18.747684 13.563815 2.824654 0.768438 0.796296
500127240 -12.732063 -21.627050 14.114775 2.875345 0.849743 0.733940
520131615 -10.662371 -25.205894 16.428806 3.001158 0.910225 0.575675
540135990 -8.626213 -28.856606 19.063833 3.121891 0.943406 0.424924
560140365 -7.735096 -30.955044 18.876986 -3.132366 0.988099 0.388895
580144740 -5.440228 -32.986408 16.050322 -3.081744 1.096198 0.326795
600149115 1.070683 -35.837029 15.082548 2.908515 1.171534 -0.070869
620153490 10.446587 -35.305233 15.657463 -3.000860 1.080992 -0.588369
640157865 15.893904 -31.103563 13.242821 -2.811087 0.983859 -0.876136
660162240 19.146965 -24.036901 6.971458 -2.606417 0.867625 -1.221614
680166615 16.828142 -14.397496 5.912656 -2.620263 0.679108 -1.232915
700170990 11.725771 -7.445817 11.594731 -2.871528 0.424122 -0.791017
720175365 9.977072 -4.758090 16.620445 -3.029107 0.240693 -0.540632
740179740 11.778473 -3.804690 16.280287 -2.962143 0.187127 -0.626312
760184115 12.741455 -2.578205 15.437079 -2.908328 0.128101 -0.690026
780188490 12.166540 -1.404421 15.853892 -2.926284 0.070161 -0.654555
800192865 11.749727 -0.843879 15.336469 -2.838718 0.043651 -0.653745
820197240 11.217930 -0.403111 13.386549 -2.732986 0.023076 -0.697486
840201615 10.298067 0.018494 11.455793 -2.640652 -0.001201 -0.732229
860205990 8.855989 0.444889 10.061625 -2.625610 -0.033179 -0.721753
880210365 7.504939 0.459262 9.850823 -2.782041 -0.037068 -0.651048
900214740 6.134725 0.406561 10.507184 -3.113610 -0.033403 -0.528467
920219115 4.424353 0.325115 11.398302 2.754193 -0.026584 -0.370257
940223490 2.397778 0.631736 11.518076 2.400723 -0.053645 -0.205244
960227865 0.917373 0.880866 11.489330 2.213865 -0.076277 -0.079677
980232240 0.141238 0.981476 11.134800 2.140239 -0.087911 -0.012684
1000236615 0.155610 0.799420 10.909625 1.400670 -0.073138 -0.014263
1020240990 0.361622 0.535917 10.655704 1.433760 -0.050223 -0.033924
1040245365 0.452650 0.339488 10.315546 1.462472 -0.032867 -0.043852
1060249740 0.438277 0.176595 10.267636 1.491529 -0.017182 -0.042659
1080254115 0.562842 -0.086907 9.984970 1.538609 0.008690 -0.056309
1100258490 0.826344 -0.355201 9.635230 1.594669 0.036713 -0.085553
1120262865 0.965282 -0.508512 9.606484 1.629915 0.052620 -0.100146
1140267240 1.032356 -0.819924 10.095161 1.689865 0.080623 -0.101908
1160271615 0.965282 -0.910952 10.224518 1.703557 0.088469 -0.094130
1180275990 0.639497 -0.815133 10.258055 1.674804 0.079143 -0.062260
1200280417 0.529305 -0.748060 10.210145 1.526291 0.073038 -0.051795
1220284844 0.653870 -0.695359 10.013716 1.519390 0.069183 -0.065205
1240289271 0.519723 -0.575585 10.047253 1.499011 0.057149 -0.051682
1260293698 -0.098310 -0.379156 10.080789 1.473225 0.037592 0.009752
1280298125 -0.534287 -0.134817 9.961015 1.445032 0.013514 0.053586
1300302656 -0.610943 0.018494 9.683140 1.426234 -0.001906 0.063010
1320307188 -1.066084 0.157431 9.419637 1.417706 -0.016606 0.112697
1340311719 -1.640998 0.583826 9.314236 1.382454 -0.061652 0.174392
1360316250 -1.463733 0.698809 9.122598 1.364019 -0.075491 0.159095
1380320781 -0.773835 0.310742 8.835140 1.389832 -0.035023 0.087363
1400325417 -0.304321 -0.086907 8.940541 1.600620 0.009715 0.034025
1420330052 -0.069565 -0.474975 9.156135 1.662780 0.051827 0.007597
1440334688 0.026255 -0.652240 9.687930 1.687226 0.067223 -0.002710
1460339323 -0.021655 -0.910952 9.898732 1.721301 0.091768 0.002188
1480343959 -0.122265 -0.963653 9.908315 1.725452 0.096945 0.012339
1500348698 -0.131847 -1.064263 9.865196 1.739703 0.107455 0.013364
1520353438 -0.012073 -1.059472 10.028089 1.740817 0.105260 0.001204
1540358177 0.294548 -1.001980 10.238891 1.739972 0.097510 -0.028760
1560362917 0.313712 -0.848670 10.157444 1.719024 0.083318 -0.030875
1580367656 -0.093519 -0.451020 9.980179 1.652910 0.045159 0.009370
