0 -1.051711 0.904821 8.629129 -2.058033 -0.103713 0.121281
19992864 -2.402761 1.412662 8.734530 -2.793622 -0.154694 0.268448
39985729 -3.940658 1.704910 10.387410 3.094701 -0.152272 0.362595
59978593 -5.833086 1.633046 12.260674 2.807771 -0.119701 0.444065
79971458 -7.399729 1.216233 13.463204 2.688114 -0.079003 0.502556
99978854 -9.134056 0.794629 14.636990 2.602327 -0.046024 0.557908
119986250 -10.791727 0.531126 15.537689 2.530115 -0.028068 0.607060
139993646 -11.821783 -0.235427 15.202322 2.490197 0.012224 0.660951
160001041 -13.048267 -0.815133 14.210594 2.411939 0.042226 0.742784
180012291 -14.437645 -1.361302 13.453623 2.514700 0.068872 0.820664
200023541 -15.846186 -1.960172 12.778098 2.486463 0.095997 0.892175
220034791 -16.967270 -2.851290 11.786369 2.464211 0.137148 0.963668
240046041 -18.303947 -4.068192 11.345602 2.452544 0.186710 1.015913
260057291 -20.502996 -6.008530 11.954053 2.452224 0.247958 1.042941
280070989 -21.034792 -10.214991 11.158754 2.452456 0.405251 1.083055
300084687 -19.075291 -15.973721 12.773307 2.513711 0.607908 0.980748
320098385 -16.852287 -20.865288 15.724537 2.611651 0.735710 0.820003
340112083 -15.755157 -23.993784 15.805983 2.632955 0.821587 0.783788
360125781 -15.204199 -27.031250 16.155722 2.649132 0.883550 0.755066
380140416 -13.795656 -29.666277 14.737599 2.643288 0.973297 0.752398
400155052 -12.243387 -31.793461 10.962325 2.560723 1.093724 0.840547
420169687 -9.900608 -33.412804 9.663976 2.575742 1.178219 0.797493
440184323 -8.003389 -32.981617 10.775477 2.699426 1.184295 0.638839
460198958 -10.130575 -32.334839 12.754143 2.686928 1.104172 0.671254
480270364 -8.851389 -33.853573 12.677487 2.728920 1.142365 0.609515
500355781 -2.350060 -36.622746 10.152654 2.292101 1.293571 0.227466
520441198 2.321123 -35.487289 11.336020 2.679671 1.255600 -0.201965
540526614 4.055449 -32.239021 14.057283 2.757144 1.144774 -0.280868
560612031 7.720531 -27.678030 8.466236 -3.129534 1.178304 -0.739362
580510885 11.538925 -21.674959 4.690962 -2.748247 1.049208 -1.184670
600409739 12.310268 -16.031212 9.697513 -2.583929 0.796756 -0.903565
620308593 12.808529 -11.561250 16.160513 -2.765335 0.510989 -0.670201
640207448 16.334673 -9.410110 18.766792 -2.581183 0.361591 -0.716220
660106302 19.515869 -8.404009 18.091269 -2.347128 0.305894 -0.823261
680008333 20.680071 -7.206270 17.449280 -2.225671 0.260284 -0.869929
699910364 19.482332 -6.233705 18.809912 -2.267781 0.226247 -0.802957
719812396 16.080751 -5.539016 19.768103 -2.464077 0.214034 -0.682900
739714427 11.970110 -4.427515 19.509392 -2.790709 0.191075 -0.550328
759616458 8.721842 -3.632216 18.632647 3.081991 0.174752 -0.437799
779524635 6.058070 -3.076465 16.965393 -2.957492 0.169145 -0.342972
799432812 3.657800 -2.386567 14.852582 1.780718 0.154774 -0.241468
819340989 1.473124 -1.634387 12.936199 1.514951 0.124878 -0.113388
839249166 -0.414513 -1.054681 11.465376 1.436830 0.091671 0.036138
859157343 -1.516434 -0.934907 10.382619 1.451101 0.088865 0.145030
879074271 -2.038648 -1.174455 9.577739 1.508953 0.119366 0.209723
898991198 -2.297360 -1.543358 8.672248 1.584066 0.170364 0.258961
918908125 -2.766873 -1.576895 8.394372 1.581511 0.176552 0.318396
938825052 -3.260342 -1.399630 8.552474 1.543228 0.151742 0.364209
958741979 -3.547799 -1.193619 8.648293 1.512027 0.127004 0.389295
978719635 -3.749020 -0.704941 8.423118 1.456074 0.076311 0.418761
998705729 -3.811302 -0.417484 8.207524 1.425909 0.046102 0.434737
1018691823 -3.662782 -0.278546 7.939231 1.696650 0.031847 0.432254
1038677916 -3.504681 0.186177 7.728429 1.648619 -0.021936 0.425743
1058664010 -3.399280 0.583826 7.742802 1.604869 -0.068932 0.413689
1078650104 -3.480726 0.876075 7.718847 1.573474 -0.103098 0.423634
1098651875 -3.212432 0.900030 7.551164 1.565340 -0.109242 0.402228
1118653646 -2.603981 0.722764 8.015886 1.582150 -0.085546 0.314099
1138655416 -2.043439 0.502380 8.480609 1.614305 -0.057527 0.236447
1158657187 -2.445879 0.789838 8.504564 1.575344 -0.089018 0.280039
1178665416 -3.514263 1.312052 8.739321 1.638951 -0.138401 0.382333
1198673646 -3.437607 1.412662 9.309445 1.633617 -0.141400 0.353729
1218681875 -2.259032 0.756301 9.831659 1.730293 -0.074831 0.225851
1238690104 -1.856592 0.406561 9.980179 1.796402 -0.040028 0.183925
1258698333 -1.856592 0.099940 10.004133 1.845603 -0.009822 0.183495
1278711614 -1.597880 -0.407902 10.047253 1.939167 0.040073 0.157716
1298724896 -1.190649 -0.728896 10.296382 2.019445 0.070207 0.115126
1318738177 -1.181067 -0.891788 10.353873 2.045146 0.085368 0.113579
1338751458 -1.324795 -0.671404 10.488020 1.999759 0.063426 0.125650
1358764739 -1.823055 -0.355201 10.353873 1.919009 0.033774 0.174288
1378781510 -1.933247 -0.216263 10.190981 1.956710 0.020846 0.187474
1398798281 -1.784727 -0.187518 10.286800 1.962644 0.017959 0.171787
1418815052 -1.981156 -0.015043 10.535930 1.926819 0.001403 0.185868
1438831823 -2.297360 0.056821 10.655704 1.901457 -0.005213 0.212349
1458848593 -2.570444 0.090358 10.636540 1.884512 -0.008257 0.237116
1478925416 -2.642308 -0.101280 10.190981 1.902278 0.009620 0.253693
