0 -3.404071 -0.058162 11.532449 -2.373683 0.004837 0.287023
19975990 -4.295189 -0.101280 12.246302 -2.492568 0.007804 0.337328
39951979 -5.382736 0.028075 10.660495 -2.892153 -0.002351 0.467579
59927969 -6.374464 0.684437 9.477128 2.810608 -0.059854 0.592110
79903959 -6.657131 0.646109 9.740631 2.784285 -0.054709 0.599525
99921146 -6.843978 0.052030 10.842551 3.000567 -0.004058 0.563056
119949115 -7.960270 -0.264173 11.503703 2.858895 0.018882 0.605319
139977084 -9.220293 -0.417484 11.944471 2.700169 0.027661 0.657389
160005052 -10.101830 -0.973235 12.016335 2.633801 0.061917 0.699055
180033021 -10.973783 -1.576895 11.594731 2.550596 0.098456 0.757891
199971719 -13.417171 -1.715833 10.622168 2.551785 0.099932 0.901146
219910417 -16.162390 -2.012872 10.708405 2.471403 0.103450 0.985649
239849115 -17.269100 -2.247629 11.043772 2.460566 0.109212 1.001830
259787813 -17.987743 -4.135266 11.690551 2.513885 0.190424 0.994479
279726511 -19.008217 -6.396598 12.562505 2.560292 0.273699 0.986798
299666823 -20.162838 -9.577793 13.123047 2.593985 0.378888 0.993822
319607136 -20.292194 -14.876592 15.652672 2.705861 0.525949 0.913762
339547448 -20.373640 -19.648386 19.317753 2.814657 0.610611 0.811994
359487761 -20.608397 -23.912336 22.412712 2.885283 0.665756 0.743482
379428073 -19.496895 -28.760786 24.501570 2.957816 0.742951 0.672138
399371459 -16.502546 -31.989891 22.925344 3.006604 0.847451 0.623917
419314844 -14.380154 -33.508625 18.445799 2.975390 0.961418 0.662171
439258229 -18.145845 -34.409325 13.975837 2.755559 0.983508 0.914495
459201615 -17.331383 -36.819176 15.777237 2.827009 1.003937 0.832305
479145000 -7.902780 -39.851852 19.533346 -3.061487 1.084419 0.384447
499092761 -0.256412 -37.925888 22.618723 2.984217 1.033005 0.011336
519040521 3.442207 -32.837891 24.774654 3.078442 0.919849 -0.138057
538988281 7.064170 -27.907995 24.985456 -3.124958 0.821451 -0.275540
558936042 10.432213 -23.021219 24.276394 -3.052957 0.716706 -0.405867
578883802 11.203558 -17.799076 22.153999 -3.019710 0.622018 -0.468207
598876146 12.645636 -12.720661 19.475855 -2.961782 0.501157 -0.575882
618872031 15.635193 -8.753749 17.722364 -3.066456 0.354728 -0.722910
638867917 18.107327 -5.586926 15.772446 -2.920307 0.228592 -0.854206
658863802 20.157856 -3.608261 14.416605 -2.801229 0.144581 -0.949951
678859688 21.844275 -2.817753 14.009374 -2.737563 0.108158 -1.000541
698855573 21.686172 -1.902680 13.635679 -2.714939 0.074138 -1.009488
718863438 20.066828 -0.719314 12.869126 -2.704377 0.030165 -1.000552
738871302 17.987553 -0.101280 11.604313 -2.694754 0.004731 -0.997852
758879167 14.672211 0.765883 10.473647 -2.722501 -0.042460 -0.950840
778887031 10.868191 1.546809 10.286800 -2.875835 -0.103000 -0.812874
798896250 7.615130 1.901340 10.430529 3.081529 -0.146174 -0.630631
818905469 5.200488 2.040277 10.420947 2.364262 -0.173424 -0.462881
838914688 2.939157 2.390017 10.329919 1.958062 -0.218968 -0.277203
858923906 0.965282 2.945768 10.071207 1.768679 -0.283327 -0.095554
878933125 -0.318694 3.338627 9.529829 1.697191 -0.336798 0.033429
898942448 -0.668434 3.362581 8.672248 1.664837 -0.368896 0.076925
918951771 -0.577406 3.209271 7.680520 1.631820 -0.394794 0.075037
938961094 -0.438468 2.936186 7.292452 1.643476 -0.382150 0.060054
958970417 -0.404932 2.711011 7.527209 1.689750 -0.345238 0.053744
978979740 -0.481587 2.452300 8.011095 1.752502 -0.296551 0.060043
998961511 -1.056502 2.505000 8.490191 1.904409 -0.284827 0.123802
1018943281 -1.185858 2.088187 9.093852 1.968067 -0.223881 0.129670
1038925052 -1.109202 1.738447 9.467546 2.014649 -0.180392 0.116627
1058906823 -1.569134 1.877385 9.755004 1.996803 -0.187773 0.159488
1078888594 -2.359642 2.337317 10.804223 1.968227 -0.208287 0.215024
1098915521 -2.503371 2.385226 11.546822 1.976249 -0.199203 0.213498
1118954219 -1.664953 2.303780 10.746732 1.978289 -0.208757 0.153705
1138992917 -1.200230 2.404390 9.592112 1.948445 -0.243777 0.124480
1159031615 -1.252931 2.883486 8.988451 1.878536 -0.307640 0.138501
1179070313 -1.171485 3.113452 8.605174 1.837629 -0.344231 0.135305
1198992084 -1.118784 3.108661 8.542892 1.911849 -0.346270 0.130220
1218913854 -1.473315 3.180525 8.974078 1.921091 -0.336435 0.162723
1238835625 -1.928456 3.424864 8.930960 1.888832 -0.358633 0.212664
1258757396 -2.278196 3.376955 8.763276 1.890067 -0.356977 0.254341
1278679167 -1.851801 2.893068 9.036361 1.956143 -0.303924 0.202129
1298603229 -1.070875 2.586447 9.975388 2.046054 -0.252308 0.106942
1318527292 -1.075665 2.423554 10.603004 2.084982 -0.223603 0.101103
1338451354 -1.674535 2.356481 10.650913 2.071663 -0.215178 0.155943
1358375417 -1.976366 2.557701 10.310755 2.033576 -0.238971 0.189383
1378299479 -1.923665 2.576865 9.927479 2.021241 -0.249518 0.191400
