0 -1.554761 -0.053371 9.932269 -1.955957 0.005309 0.155276
19979010 -1.832637 -0.182727 10.603004 -1.988105 0.016980 0.171150
39958021 -2.053021 -0.082117 10.310755 -1.992300 0.007811 0.196544
59937031 -2.000320 -0.101280 9.683140 -2.003019 0.010243 0.203712
79916042 -1.933247 0.008912 9.084270 -1.986786 -0.000960 0.209684
99895052 -2.393179 -0.038998 9.951433 -2.020436 0.003810 0.236004
119874063 -3.044749 -0.230636 10.842551 -2.096500 0.020476 0.273764
139853073 -4.070014 -0.393529 10.373037 -2.289072 0.035302 0.373907
159832083 -5.583956 -0.451020 9.956224 -2.687115 0.039490 0.511136
179811094 -7.112271 -0.561212 10.464066 -3.054125 0.044327 0.596961
199790104 -8.827435 -1.107381 11.939680 3.066133 0.074441 0.636641
219769115 -10.719862 -1.447539 13.942301 2.992684 0.082122 0.655471
239748125 -13.009939 -1.581686 14.972356 2.762592 0.079574 0.715382
259727135 -14.456808 -1.169664 13.851273 2.439057 0.058354 0.806786
279706146 -14.691566 -0.982816 11.963635 2.248299 0.051827 0.887385
299685156 -15.223362 -1.102590 11.254574 2.185099 0.058174 0.934181
319664167 -16.483383 -0.949280 10.871297 2.094790 0.048039 0.987750
339643177 -18.787834 -0.216263 10.181399 1.945387 0.010120 1.074182
359622188 -22.074430 -0.628286 11.106053 1.950318 0.025420 1.104657
379601198 -25.044823 -3.761572 16.634817 2.232368 0.124464 0.984502
399580208 -28.412867 -9.515511 22.139627 2.735976 0.258272 0.908861
419559219 -27.775669 -15.681473 24.041637 2.837010 0.403459 0.857335
439538229 -22.534363 -20.932362 19.887877 2.882753 0.608346 0.847702
459517240 -19.611877 -23.586552 15.561644 2.850021 0.755601 0.900043
479496250 -19.880171 -25.881420 15.484988 2.845601 0.798751 0.909044
499475260 -17.182863 -29.235090 17.947540 2.981119 0.866362 0.763635
519454271 -15.946796 -30.471157 16.457552 2.977599 0.925977 0.769638
539433281 -15.726412 -31.098772 15.623926 2.961221 0.951511 0.788667
559412292 -16.080942 -31.022118 18.143969 3.017161 0.907422 0.725193
579391302 -18.672850 -31.477259 20.731085 3.008111 0.845558 0.733211
599370313 -18.481213 -33.585278 24.611761 2.360140 0.828984 0.644083
619349323 -9.833534 -36.871876 22.877434 2.400347 0.976808 0.405959
639328333 -1.051711 -35.961594 19.566883 2.564459 1.071884 0.053698
659307344 1.262321 -31.434139 22.235447 2.663192 0.954385 -0.056710
679286354 2.359451 -26.494663 22.005480 2.706207 0.874885 -0.106813
699265365 2.474434 -18.996815 15.274186 2.733946 0.887263 -0.160606
719244375 4.970522 -11.800797 13.161374 2.742016 0.697955 -0.361101
739223385 7.227063 -9.122652 15.245440 2.779700 0.495681 -0.442671
759202396 8.626022 -9.002878 20.630476 2.682452 0.382755 -0.396029
779181406 10.125591 -8.581274 24.343468 2.646770 0.314662 -0.394178
799160417 11.481434 -7.886585 22.594769 2.874411 0.301677 -0.470143
819139427 11.673071 -7.570382 17.985867 -2.829844 0.339404 -0.575681
839118438 11.620371 -7.258970 15.389170 -2.580387 0.360025 -0.646757
859097448 11.610788 -6.233705 14.129148 -2.370677 0.328516 -0.687870
879076458 11.002337 -4.988056 12.346911 -2.157890 0.292939 -0.727876
899055469 9.857298 -3.718453 10.646122 -1.976483 0.250889 -0.746944
919034479 7.907379 -2.458431 10.004133 -1.841731 0.190454 -0.668867
939013490 6.010160 -1.528986 9.860405 -1.180105 0.131640 -0.547394
958992500 4.615992 -0.973235 10.176608 0.971140 0.086875 -0.425834
978971510 3.327224 -0.642659 10.526348 1.160220 0.058148 -0.306148
998950521 2.378614 -0.369574 10.411366 0.925395 0.034592 -0.224608
1018929531 1.736626 -0.403111 9.980179 0.997989 0.039772 -0.172283
1038908542 1.559361 -0.364783 9.903523 1.009112 0.036369 -0.156173
1058887552 1.075474 -0.513303 10.147862 1.078197 0.050258 -0.105586
1078866563 1.161711 -0.709732 11.062935 1.100828 0.063717 -0.104626
1098845573 1.204830 -0.767223 11.451003 1.105319 0.066534 -0.104830
1118824583 1.089847 -0.589958 11.201873 1.088401 0.052371 -0.096986
1138803594 0.605960 -0.623495 11.086890 1.124430 0.056094 -0.054601
1158782604 0.649079 -0.580376 10.986279 1.116420 0.052687 -0.059012
1178761615 0.692198 -0.532467 10.885670 1.107512 0.048777 -0.063502
1198740625 0.740107 -0.532467 10.641331 1.250519 0.049876 -0.069438
1218719635 0.318503 -0.379156 9.917896 1.249959 0.038191 -0.032103
1238698646 0.308921 -0.374365 9.405264 1.251957 0.039761 -0.032834
1258677656 0.615542 -0.685777 9.069897 1.292904 0.075294 -0.067763
1278656667 0.998819 -1.342138 9.304654 1.401642 0.142448 -0.106937
1298635677 1.846818 -2.678815 8.653084 1.767044 0.293987 -0.210274
1318614688 2.958320 -3.790317 6.655255 2.600945 0.479853 -0.418278
1338593698 3.135586 -4.235876 5.112566 3.062563 0.614923 -0.550148
1358572708 2.392987 -3.718453 5.562916 2.664559 0.550675 -0.406240
1378551719 1.276694 -2.458431 7.776339 1.752409 0.302398 -0.162725
1398530729 0.241848 -1.806861 9.251953 1.523029 0.192803 -0.026134
1418509740 0.361622 -1.490658 9.199253 1.475592 0.160523 -0.039290
1438488750 0.615542 -0.748060 9.424428 1.348344 0.079041 -0.065221
1458467760 -0.352231 0.095149 10.555094 1.263462 -0.009009 0.033358
1478446771 -1.779936 0.818583 11.733669 1.246188 -0.068865 0.150547
1498425781 -2.647099 1.565973 12.303793 1.224514 -0.123792 0.211915
1518404792 -1.875755 1.551600 12.083409 1.198212 -0.126213 0.154005
1538383802 -0.879236 1.436617 11.728878 1.163774 -0.121541 0.074823
1558362813 -0.960683 1.355171 11.978008 1.175308 -0.112302 0.080033
1578341823 -1.430196 0.909612 12.849962 1.229577 -0.070237 0.110843
