0 -0.189338 0.531126 9.117806 -2.550225 -0.058173 0.020763
19979323 -0.064774 0.497589 8.792022 -2.477070 -0.056534 0.007367
39958646 -0.021655 0.516753 8.643502 -2.435652 -0.059714 0.002505
59937969 0.083746 0.382606 8.586010 -2.439623 -0.044530 -0.009753
79917292 -0.103101 0.047239 6.655255 -2.687609 -0.007097 0.015490
99896615 -0.999010 0.334697 9.189671 3.023852 -0.036192 0.108285
119875938 -1.583507 -0.086907 14.023746 3.028824 0.006158 0.112440
139855261 -1.061293 0.152640 14.296831 -3.020442 -0.010647 0.074097
159834584 -0.778626 0.195759 11.618687 -2.968327 -0.016809 0.066915
179813907 -0.409723 0.262832 9.410055 -2.797070 -0.027897 0.043513
199793230 0.500559 0.396979 8.001513 -2.191159 -0.049476 -0.062477
219772553 0.572424 0.574245 7.690102 -2.072258 -0.074330 -0.074299
239751875 0.261011 0.622154 8.140451 -2.193388 -0.076240 -0.032053
259731198 0.102910 0.492798 8.772858 -2.385111 -0.056110 -0.011730
279710521 -0.208502 0.464053 9.448382 -2.607817 -0.049063 0.022064
299689844 -0.783417 0.488007 10.238891 -3.028566 -0.047487 0.076365
319669167 -1.224185 0.440098 11.038980 2.973212 -0.039604 0.110445
339648490 -1.300840 0.368233 11.082099 2.934110 -0.032989 0.116847
359627813 -1.631417 0.248459 10.579048 2.715521 -0.023207 0.153007
379607136 -1.808682 -0.235427 9.788541 2.678744 0.023647 0.182715
399586459 -2.230286 -0.479766 9.505874 2.555149 0.049097 0.230454
419565782 -3.159732 -0.906161 10.119117 2.457907 0.085272 0.302660
439545105 -4.434126 -1.207991 10.368246 2.299778 0.106717 0.404125
459524428 -5.766013 -1.849980 11.685760 2.273453 0.141026 0.458371
479503750 -7.773424 -2.688397 13.199702 2.226186 0.173730 0.532224
499483073 -9.996428 -2.937527 12.878708 2.108065 0.178270 0.660058
519462396 -11.040855 -3.201030 12.112155 2.063210 0.192886 0.739161
539441719 -11.031275 -3.507651 12.318166 2.085046 0.209029 0.730339
559421042 -10.327003 -4.379605 13.817736 2.197427 0.248631 0.641818
579400365 -9.977264 -5.289886 15.255023 2.294017 0.282447 0.579204
599379688 -10.049128 -6.473253 16.131767 2.360954 0.328271 0.557117
619359011 -9.205919 -7.397908 16.778545 2.461897 0.368861 0.501823
639338334 -8.094418 -8.653138 15.643090 2.554298 0.456652 0.477505
659317657 -6.522984 -9.390946 13.113465 2.634405 0.570153 0.461587
679296980 -5.162352 -10.799487 11.345602 2.728653 0.713936 0.427012
699276303 -6.293018 -12.045136 12.466685 2.750263 0.711721 0.467470
719255625 -5.061742 -12.782944 13.400922 2.868932 0.728573 0.361150
739234948 -2.881856 -13.147057 13.276358 3.036725 0.768997 0.213751
759214271 -2.096139 -14.014219 12.687070 3.093887 0.828357 0.163739
779193594 -4.400590 -15.235913 14.090820 2.942182 0.801195 0.302704
799172917 -7.500339 -16.419279 14.957983 2.766360 0.775933 0.464789
819152240 -5.948069 -17.358307 14.215385 2.819765 0.844797 0.396288
839131563 -1.669744 -20.036453 14.411814 3.096972 0.944084 0.115345
859110886 0.261011 -20.970690 15.571226 -3.058469 0.932030 -0.016761
879090209 1.171293 -19.375301 15.111294 -2.998985 0.906963 -0.077356
899069532 2.297168 -19.169289 12.404403 -2.901775 0.988748 -0.183115
919048855 2.268423 -20.247255 12.064245 -2.900798 1.025766 -0.185858
939028178 8.899107 -22.010326 18.028986 -2.630429 0.830591 -0.458514
959007500 13.397816 -19.428001 20.232826 -2.489413 0.675110 -0.584891
978986823 16.670040 -17.377472 18.441008 -2.351243 0.610086 -0.735002
998966146 18.160028 -13.242875 14.205803 -2.207913 0.521362 -0.906968
1018945469 15.649565 -8.931014 11.930099 -2.228883 0.426051 -0.919452
1038924792 14.480572 -5.265932 12.974527 -2.210831 0.264496 -0.840198
1058904115 14.772821 -3.215403 11.920517 -2.129020 0.167795 -0.891849
1078883438 15.501045 -0.719314 10.809014 -2.024016 0.038046 -0.961879
1098862761 15.448345 0.962312 11.901353 -1.980721 -0.049307 -0.914369
1118842084 15.232752 2.840367 12.509805 -1.914103 -0.143114 -0.883235
1138821407 15.433973 3.721903 12.198392 -1.874900 -0.186983 -0.901961
1158800730 13.680483 5.082535 12.164855 -1.798404 -0.270810 -0.843973
1178780053 11.146067 5.643077 12.097782 -1.722150 -0.330471 -0.744476
1198759375 10.336393 5.724524 11.542031 -1.689535 -0.353914 -0.730348
1218738698 9.081163 5.489767 11.752833 -1.563282 -0.354045 -0.657858
1238718021 7.413910 5.058580 12.313375 -1.550152 -0.338410 -0.541964
1258697344 5.957459 4.972343 11.973217 -1.470771 -0.355968 -0.461698
1278676667 5.732285 4.507620 10.277218 -1.473978 -0.365808 -0.508786
1298655990 5.056759 4.378265 8.710575 -1.387261 -0.410056 -0.525981
1318635313 3.561981 4.292027 8.269807 -1.178588 -0.444805 -0.406707
1338614636 2.939157 4.076434 8.442282 -1.111894 -0.427844 -0.335023
1358593959 2.790637 3.678785 8.518937 -1.214325 -0.389421 -0.316564
1378573282 2.119903 3.496728 9.074688 -1.175111 -0.358968 -0.229491
1398552605 1.425214 3.693158 9.582529 -0.752766 -0.364206 -0.147648
1418531928 1.089847 3.472774 9.501083 -0.234954 -0.348326 -0.114208
1438511250 1.185666 3.391327 9.323818 -0.417375 -0.346283 -0.126486
1458490573 0.926955 3.285926 9.663976 0.071757 -0.326362 -0.095626
1478469896 0.558051 3.372164 10.023297 0.828494 -0.324070 -0.055618
1498449219 0.572424 3.338627 9.826868 0.760281 -0.326994 -0.058185
1518428542 1.420423 2.945768 9.338191 -1.261896 -0.302308 -0.150952
1538407865 1.664762 2.696639 9.371727 -1.713420 -0.276072 -0.175803
1558387188 1.779745 2.423554 10.258055 -2.259934 -0.228708 -0.171787
1578366511 1.770163 2.466673 11.249783 -2.494633 -0.213304 -0.156071
