0 -1.583507 0.507171 10.607795 -2.080942 -0.047252 0.148183
19979115 -2.273405 0.919193 12.083409 -2.063872 -0.074620 0.185969
39958229 -1.660162 0.737137 10.794641 -2.042985 -0.067392 0.152599
59937344 -1.300840 0.660482 10.004133 -2.024154 -0.065376 0.129305
79916459 -1.176276 0.670064 9.817286 -2.010232 -0.067665 0.119248
99895573 -0.888818 0.574245 9.299863 -2.002172 -0.061390 0.095284
119874688 -0.874445 0.550290 9.491501 -2.006468 -0.057669 0.091870
139853802 -1.535597 0.885657 9.898732 -1.997713 -0.088185 0.153904
159832917 -2.431506 1.139578 10.296382 -2.036398 -0.107301 0.231903
179812032 -3.073495 1.240188 10.492811 -2.102559 -0.112945 0.284944
199791146 -3.844839 1.197069 10.555094 -2.481504 -0.106161 0.349325
219770261 -4.649720 1.273724 10.737150 -2.766200 -0.108432 0.408669
239749375 -5.109652 1.450990 10.809014 -2.954467 -0.120771 0.441588
259728490 -5.368363 1.403080 10.794641 -3.100128 -0.115860 0.461499
279707604 -6.024724 1.441408 10.995862 2.908243 -0.114459 0.501236
299686719 -6.820023 1.388707 11.982799 2.832925 -0.100382 0.517428
319665834 -7.438056 1.465363 12.437940 2.713331 -0.100771 0.538958
339644948 -8.401039 0.770674 12.782888 2.640970 -0.050340 0.581427
359624063 -8.894508 -0.570794 15.001101 2.912598 0.032718 0.535200
379603177 -9.143637 -1.255901 15.417915 2.937165 0.069949 0.535296
399582292 -10.854010 -1.088217 14.421396 2.866549 0.060218 0.645184
419561407 -13.460289 -1.025935 13.515905 2.639592 0.053732 0.783336
439540521 -15.985123 -1.289438 13.472787 2.529720 0.061601 0.870478
459519636 -17.077461 -2.798589 14.038119 2.563146 0.125924 0.882768
479498750 -16.675022 -5.740237 13.817736 2.644024 0.259105 0.878829
499477865 -17.676331 -7.723693 13.798572 2.644873 0.331706 0.907982
519456979 -19.813099 -10.023353 14.339950 2.630361 0.388942 0.944301
539436094 -20.148466 -13.530333 16.467134 2.717248 0.479491 0.885601
559415209 -19.104036 -17.664928 17.573845 2.801566 0.597537 0.827094
579394323 -17.762569 -22.230711 16.251541 2.820642 0.745584 0.829793
599373438 -15.894096 -26.288652 16.318615 2.852837 0.856786 0.772220
619352552 -12.530844 -29.819588 17.281597 2.921639 0.949507 0.627372
639331667 -8.118372 -33.570908 18.014612 3.031791 1.038811 0.423398
659310782 -4.391008 -34.193729 18.479336 -3.138649 1.063757 0.233291
679289896 -2.388388 -33.623608 17.439697 -3.079317 1.088514 0.136105
699269011 2.354660 -33.249912 17.985867 -2.919738 1.071379 -0.130177
719248125 10.566360 -32.708534 17.185778 -2.686696 1.018125 -0.551254
739227240 18.313337 -30.174118 18.694929 -2.616068 0.856341 -0.775088
759206354 21.628681 -26.532990 12.696651 -2.515727 0.813543 -1.039969
779185469 25.365627 -19.384882 5.208385 -2.477971 0.642605 -1.368279
799164584 20.957947 -10.665340 5.016747 -2.840403 0.459568 -1.335845
819143698 14.696165 -3.991537 10.588631 3.121100 0.216897 -0.946442
839122813 11.912619 -0.700150 15.628717 2.796445 0.035614 -0.651280
859101927 10.614269 1.067713 17.070795 2.668965 -0.053066 -0.556280
879081042 8.803288 2.054650 17.501980 2.562774 -0.104494 -0.466035
899060157 7.351628 2.643938 17.813393 2.487076 -0.136348 -0.391408
919039271 6.264081 2.442718 17.286388 2.460782 -0.132081 -0.347653
939018386 5.617301 2.390017 16.045530 2.449199 -0.139671 -0.336751
958997500 4.572873 2.581656 14.306413 2.413129 -0.170224 -0.309375
978976615 3.423043 2.893068 12.270256 2.356348 -0.223319 -0.272054
998955729 2.421733 3.194898 10.411366 1.949350 -0.290436 -0.228541
1018934844 1.842027 3.285926 9.132179 1.831775 -0.339091 -0.199037
1038913959 1.731835 3.199689 8.399163 1.791259 -0.357108 -0.203342
1058893073 1.305440 3.257180 8.317717 1.761111 -0.369128 -0.155677
1078872188 0.845508 3.324254 8.940541 1.788147 -0.354526 -0.094290
1098851302 0.289757 3.434446 9.146552 1.780921 -0.359036 -0.031669
1118830417 -0.127056 3.923124 8.638711 1.684060 -0.426245 0.014707
1138809532 -0.352231 4.229745 8.135660 1.615807 -0.479059 0.043268
1158788646 -0.448050 4.191417 8.039841 1.619552 -0.479931 0.055671
1178767761 -0.333067 4.018943 8.423118 1.663714 -0.444883 0.039521
1198746875 0.064582 3.707530 8.883050 1.584101 -0.395382 -0.007270
1218725990 0.261011 3.214062 8.883050 1.654101 -0.347028 -0.029375
1238705104 0.974864 2.418763 8.859095 1.790929 -0.265005 -0.109600
1258684219 1.564152 1.752820 9.050734 1.954554 -0.188570 -0.171130
1278663334 1.578525 1.474944 9.472338 2.016611 -0.152402 -0.165128
1298642448 1.683926 0.976685 10.052043 2.111348 -0.095536 -0.165980
1318621563 1.736626 0.785047 10.195772 2.143961 -0.075759 -0.168709
1338600677 2.071993 0.602990 9.850823 2.205498 -0.059830 -0.207315
1358579792 2.119903 0.670064 9.807705 2.200871 -0.066679 -0.212872
1378558907 2.110321 0.119104 10.976698 2.256523 -0.010655 -0.189937
1398538021 2.153440 -0.388738 11.978008 2.296491 0.031931 -0.177883
1418517136 2.172603 0.090358 10.593421 2.272981 -0.008356 -0.202285
1438496250 1.070683 1.427035 8.859095 1.979163 -0.158575 -0.120274
1458475365 -0.131847 2.457091 9.089061 1.783026 -0.263997 0.014505
1478454479 -0.486378 2.825994 9.692721 1.756809 -0.283357 0.050138
1498433594 -0.855282 3.386536 9.606484 1.805293 -0.337688 0.088798
1518412709 -1.046920 3.673994 9.299863 1.763294 -0.374093 0.112102
1538391823 -1.401451 3.812932 8.859095 1.738935 -0.401965 0.156893
1558370938 -1.626626 3.961451 8.724948 1.725678 -0.419812 0.184318
1578350052 -1.593089 3.832095 8.691411 1.736408 -0.409200 0.181282
