0 -1.904501 1.834266 8.974078 -1.702311 -0.197341 0.209120
19979166 -1.693699 1.503690 9.414846 -1.789394 -0.155916 0.177993
39958333 -1.847010 1.173114 10.670076 -1.885469 -0.107912 0.171403
59937500 -1.324795 0.492798 11.556404 -1.968467 -0.042340 0.114139
79916666 -1.032547 0.286787 10.368246 -1.982139 -0.027517 0.099260
99895833 -0.773835 0.626945 8.317717 -1.904509 -0.074910 0.092768
119875000 -1.022965 0.852120 6.880430 -1.846985 -0.121893 0.147596
139854166 -1.717654 1.403080 7.872158 -1.763249 -0.172407 0.214827
159833333 -2.225495 1.599509 9.582529 -1.794917 -0.161182 0.228200
179812500 -2.795619 1.657001 9.683140 -1.814497 -0.162950 0.281067
199791666 -3.437607 1.546809 9.141762 -1.893058 -0.157071 0.359676
219770833 -3.413653 1.575555 9.510665 -1.886483 -0.154677 0.344607
239750000 -3.107031 1.431826 9.582529 -1.901350 -0.141190 0.313544
259729166 -3.226805 1.383916 9.371727 -1.926217 -0.138728 0.331599
279708333 -3.566963 1.297679 8.480609 -2.009189 -0.140124 0.398140
299687500 -4.299980 1.120414 8.260225 -2.129149 -0.119738 0.479964
319666666 -5.698939 0.962312 9.108225 -2.625732 -0.089327 0.559096
339645833 -7.107481 0.717973 9.280699 2.976346 -0.061343 0.653558
359625000 -7.955480 0.392188 8.758485 2.595931 -0.033134 0.737391
379604166 -8.310011 -0.029416 8.940541 2.631132 0.002410 0.748863
399583333 -9.459841 -0.566003 10.368246 2.726912 0.040305 0.739616
419562500 -11.026484 -0.566003 11.728878 3.022066 0.035145 0.754541
439541666 -13.029104 -0.532467 11.719296 2.837612 0.030375 0.838274
459520833 -15.395836 -1.375675 12.078618 2.736145 0.070185 0.905555
479500000 -16.981642 -2.846499 12.845171 2.748426 0.132897 0.923202
499479166 -18.878862 -3.177075 13.137420 2.690007 0.137265 0.962841
519458333 -22.500826 -4.537706 14.014165 2.639097 0.169538 1.013760
539437500 -23.909367 -6.688846 15.278977 2.691357 0.231509 1.002166
559416666 -24.469908 -10.473702 14.843000 2.717689 0.350822 1.025551
579395833 -24.038723 -14.790355 15.020266 2.776110 0.480926 1.012315
599374948 -23.751265 -19.993334 14.708854 2.663126 0.621158 1.016316
619354062 -23.425480 -23.270350 10.631749 2.594130 0.735336 1.144742
639333177 -23.061367 -26.762957 7.004994 2.512317 0.837669 1.275899
659312291 -19.966410 -32.665417 7.412226 2.471906 0.993016 1.215331
679291406 -17.714659 -37.743832 11.546822 2.558290 1.060124 0.993141
699270520 -20.680262 -38.208553 15.207113 2.618694 0.979228 0.936741
719249635 -24.307016 -39.530857 21.047289 2.683433 0.887958 0.857147
739228750 -24.527399 -45.399780 24.832146 2.716137 0.915374 0.779224
759207864 -21.533052 -53.501289 25.737637 2.738349 1.010598 0.696685
779186979 -13.896267 -62.129803 25.181885 2.821007 1.137243 0.504252
799166093 -5.818713 -64.180336 24.127874 2.979219 1.201793 0.236643
819145208 8.137344 -60.682934 29.426672 3.000132 1.104652 -0.269788
839124323 20.224930 -52.964699 30.883123 -3.015934 0.962088 -0.579802
859103437 20.756727 -35.587898 26.858719 -2.944867 0.809028 -0.657941
879082552 16.464029 -13.075191 19.087788 -2.865743 0.478501 -0.711731
899061666 20.727982 -9.137025 18.589527 -2.706578 0.317092 -0.839734
919040781 28.110846 -12.035554 19.930996 -2.610206 0.336020 -0.954046
939019895 26.304655 -6.578654 15.988039 -2.504746 0.210548 -1.024659
958999010 21.518488 -4.681435 17.645710 -2.606420 0.166665 -0.883963
978978125 17.024570 -6.382225 20.496328 -2.832055 0.235102 -0.693132
998957239 11.495806 -5.117412 21.938406 -1.587982 0.203748 -0.482666
1018936354 5.962250 -2.961482 21.516802 -1.284492 0.131868 -0.270315
1038915468 2.158231 -1.251110 19.911833 -0.156449 0.062386 -0.107968
1058894583 0.754480 -1.169664 19.092579 0.382114 0.061139 -0.039496
1078873698 0.419113 -1.327765 18.369144 0.533565 0.072138 -0.022812
1098852812 -0.970264 -1.203201 17.751110 0.885648 0.067578 0.054605
1118831927 -1.995529 -0.973235 16.150930 1.032953 0.059733 0.122932
1138811041 -2.460252 -0.728896 14.205803 1.087617 0.050514 0.171485
1158790156 -2.857902 -0.714523 11.676178 1.194585 0.059370 0.240044
1178769270 -3.413653 -0.680986 10.976698 1.243806 0.059171 0.301509
1198748385 -3.998149 -0.724105 11.038980 1.276861 0.061597 0.347488
1218727500 -3.969404 -0.810342 11.130009 1.288050 0.068469 0.342578
1238706614 -3.538218 -0.383947 9.798122 1.227939 0.036840 0.346539
1258685729 -3.749020 0.171804 8.370418 1.181257 -0.018730 0.421097
1278664843 -3.739438 0.440098 8.207524 1.141117 -0.048757 0.427510
1298643958 -2.910602 0.502380 8.145242 1.173671 -0.058016 0.343197
1318623073 -2.062603 0.396979 7.910485 1.085227 -0.048522 0.255064
1338602187 -1.966784 0.382606 8.169197 1.062680 -0.045503 0.236260
1358581302 -2.374015 0.756301 8.609965 1.009870 -0.084479 0.269044
1378560416 -2.354851 0.852120 8.423118 0.984559 -0.097122 0.272610
1398539531 -2.033857 0.765883 8.399163 0.942209 -0.088393 0.237577
1418518645 -2.225495 0.545499 8.930960 1.878809 -0.059198 0.244215
1438497760 -2.963303 0.622154 9.170507 1.811629 -0.064467 0.312543
1458476875 -3.557381 0.971894 8.935750 1.697595 -0.100709 0.378873
1478455989 -3.662782 1.086877 8.624338 1.661647 -0.115480 0.401619
1498435104 -3.336997 0.780256 8.926168 1.747593 -0.081695 0.357757
1518414218 -3.193269 0.832956 8.897423 1.736935 -0.087888 0.344580
1538393333 -3.662782 1.240188 8.624338 1.626575 -0.131594 0.401619
1558372448 -4.065223 1.589927 8.207524 1.551423 -0.171877 0.459884
1578351562 -4.276025 1.767193 7.896112 1.519706 -0.194318 0.496321
