0 -1.521224 1.177905 10.780269 -2.073642 -0.107774 0.140186
20003959 -1.583507 0.607781 12.088200 -2.155861 -0.049812 0.130254
40007917 -1.664953 0.205341 11.427048 -2.215246 -0.017780 0.144685
60011875 -2.282987 0.296369 10.171817 -2.287229 -0.028421 0.220784
80015834 -2.704591 0.435307 8.839931 -2.369808 -0.047054 0.296908
100019271 -3.384907 -0.201890 7.675728 -2.708218 0.024062 0.415335
120022709 -4.788657 -1.251110 6.966667 3.098590 0.146928 0.602197
140026146 -7.026034 -2.127855 7.656565 2.845793 0.201972 0.742481
160029584 -10.120993 -2.511132 9.251953 2.686982 0.181120 0.830227
180033021 -13.316561 -2.434476 11.393511 2.601528 0.138027 0.863066
200036459 -14.528673 -2.295539 14.201012 2.999453 0.112513 0.796803
220039896 -15.070051 -1.207991 16.280287 3.076284 0.054398 0.746814
240043334 -16.492966 -0.106071 16.083858 2.967584 0.004604 0.797956
260046771 -18.236874 0.119104 13.448832 2.709680 -0.005256 0.935374
280050209 -19.334003 -0.613913 10.928788 2.558647 0.027635 1.056311
300053698 -18.845325 -2.266793 9.802914 2.575067 0.106308 1.091137
320057188 -18.002117 -4.231085 8.691411 2.602899 0.208577 1.121004
340060677 -17.321800 -6.214541 8.116496 2.639733 0.314118 1.132606
360064167 -17.259518 -8.763330 9.074688 2.723713 0.422361 1.086739
380067657 -17.647585 -11.355238 12.006754 2.856496 0.488912 0.973372
400071198 -18.720760 -14.225021 13.635679 2.899988 0.550795 0.941281
420074740 -17.240355 -18.661448 12.816425 2.772814 0.715244 0.931535
440078282 -13.120132 -23.553015 13.899181 2.815622 0.889077 0.756573
460081823 -10.504269 -25.584381 16.788128 2.902306 0.912081 0.559100
480085365 -8.841806 -27.045622 16.122185 2.921821 0.973707 0.501633
500089011 -5.713312 -28.794323 16.318615 2.998573 1.030038 0.336773
520092657 -2.302150 -29.445892 16.428806 3.100506 1.057736 0.139222
540096302 1.564152 -28.717667 15.293350 -3.053256 1.079294 -0.101922
560099948 2.709191 -26.916267 13.611725 -3.000803 1.094727 -0.196466
580103594 3.403879 -22.455887 16.294659 -3.010078 0.932891 -0.205934
600107396 3.863811 -17.708048 20.831696 -3.031739 0.696191 -0.183393
620111198 7.926543 -14.469360 22.360010 -2.968181 0.547681 -0.340675
640115000 13.009748 -13.161429 23.030745 -2.900611 0.461704 -0.514200
660118802 19.070309 -10.895307 25.095648 -2.852139 0.332813 -0.649810
680122604 22.409607 -9.582584 24.199739 -2.819684 0.282755 -0.747010
700126563 22.155685 -6.511581 22.369593 -2.950840 0.203943 -0.780594
720130521 19.146965 -2.525505 22.407921 -2.997797 0.085477 -0.707085
740134479 16.507147 -0.810342 22.082136 -3.050952 0.029384 -0.641921
760138438 15.136932 0.171804 17.947540 -2.991726 -0.007317 -0.700649
780142396 11.443106 1.853430 14.493260 -3.010083 -0.100034 -0.668334
800146563 6.331154 3.429655 12.859544 3.028118 -0.234859 -0.457494
820150729 3.126004 4.732796 9.822078 2.622643 -0.430445 -0.308127
840154896 1.851609 5.312501 7.148723 2.071938 -0.623628 -0.253443
860159063 1.420423 5.413112 5.730600 1.569182 -0.742048 -0.242970
880163229 0.083746 5.475394 5.869538 1.670636 -0.750620 -0.014267
900167604 -1.789518 5.590377 6.846893 1.912145 -0.668582 0.255643
920171979 -2.924975 5.825134 7.393062 1.983209 -0.632312 0.376740
940176354 -3.054331 6.002399 7.747593 1.991323 -0.624521 0.375522
960180729 -3.130986 5.954490 7.771548 1.999810 -0.617860 0.382985
980185104 -3.351370 5.839507 7.685310 2.014758 -0.608363 0.411214
1000189688 -3.150150 5.547258 7.268497 2.022474 -0.610897 0.408962
1020194271 -2.527326 5.087327 6.918757 2.022443 -0.604429 0.350227
1040198854 -1.674535 4.675304 7.311616 2.079997 -0.557374 0.225141
1060203438 -1.205021 4.220163 7.848203 2.185239 -0.488525 0.152351
1080208021 -0.759462 4.047688 8.677038 2.280490 -0.435016 0.087303
1100212813 -1.003801 3.903960 9.601693 2.329150 -0.384282 0.104166
1120217604 -0.888818 3.808141 8.964496 2.315118 -0.399946 0.098826
1140222396 -0.821745 3.827304 8.054214 2.265039 -0.441602 0.101675
1160227188 -1.185858 3.860841 7.656565 2.217419 -0.462296 0.153660
1180231979 -1.607462 4.109971 7.958395 2.194964 -0.468603 0.199302
1200236979 -2.000320 4.086016 8.590801 2.224299 -0.433806 0.228768
1220241979 -2.029066 3.731485 9.021988 2.272065 -0.383537 0.221221
1240246979 -1.856592 3.525474 8.930960 2.295824 -0.368801 0.204963
1260251979 -1.765563 3.487146 8.854304 2.300315 -0.368582 0.196820
1280256979 -1.617044 3.597338 8.835140 2.295313 -0.380946 0.181021
1300262188 -1.458942 3.856050 8.892632 2.278300 -0.404327 0.162613
1320267396 -1.808682 4.028525 8.921377 2.244458 -0.416646 0.200025
1340272604 -2.172795 4.052480 8.619547 2.211970 -0.427740 0.246933
1360277813 -2.187168 3.947078 8.317717 2.205428 -0.430261 0.257132
1380283021 -2.326105 3.860841 8.662665 2.229994 -0.406469 0.262333
