0 -4.079596 0.123895 11.398302 3.128570 -0.010233 0.343706
20003281 -5.100070 0.248459 12.025918 2.602468 -0.019018 0.401099
40006562 -6.757740 0.171804 13.827317 2.329053 -0.011163 0.454586
60009844 -7.792587 -0.494139 15.686209 2.457100 0.028205 0.461068
80013125 -8.338757 -1.452330 16.083858 2.536491 0.079993 0.478302
100027708 -8.616632 -1.888307 15.001101 2.462216 0.108722 0.521383
120042292 -8.549559 -2.305121 13.659634 2.436824 0.142082 0.559246
140056875 -9.349648 -2.784216 13.214075 2.376050 0.170334 0.615777
160071458 -11.793037 -2.961482 13.036810 2.202025 0.166896 0.735348
180022031 -14.538256 -4.005910 13.271566 2.145117 0.200760 0.830915
199972604 -15.726412 -5.874383 13.008063 2.183930 0.280257 0.879720
219923177 -15.300016 -8.816031 12.854753 2.306411 0.415485 0.872032
239873750 -14.269960 -12.509859 14.349532 2.493556 0.553668 0.782618
259824323 -12.435024 -14.608298 15.005893 2.642838 0.643233 0.691983
279775990 -11.558279 -15.130512 11.024608 2.639375 0.758319 0.809025
299727656 -11.548698 -15.398807 7.584701 2.508045 0.839500 0.989685
319679323 -10.710279 -17.478081 9.663976 2.620643 0.880780 0.836707
339630990 -10.245558 -20.232882 13.707543 2.771402 0.868734 0.641860
359582656 -9.119682 -22.427139 15.451452 2.858340 0.896047 0.533194
379536510 -7.533875 -23.763817 14.804672 2.670901 0.960729 0.470730
399490365 -6.019933 -24.329149 13.487160 2.685146 1.025189 0.419811
419444219 -2.498580 -26.806074 14.454933 2.827661 1.070077 0.171162
439398073 3.073303 -29.076988 20.410091 3.035308 0.953493 -0.149455
459351927 7.821142 -29.752514 26.192778 3.120942 0.827711 -0.290171
479351406 10.753208 -26.724628 23.629614 -3.082981 0.799885 -0.427065
499362760 12.597727 -21.363548 18.005032 -2.978701 0.771299 -0.610510
519374115 13.680483 -13.990265 15.791610 -2.925110 0.590034 -0.713889
539385469 13.426561 -7.464981 13.803363 -2.890262 0.369827 -0.771561
559396823 13.867331 -2.808171 12.926618 -2.846979 0.147058 -0.820493
579398490 14.466200 -0.264173 13.075137 -2.655934 0.013547 -0.835863
599400156 14.346426 1.613882 12.912245 -2.602396 -0.083421 -0.837963
619401823 13.531963 2.715802 14.100402 -2.640524 -0.138080 -0.764830
639403490 11.850336 3.942287 14.426188 -2.681890 -0.208106 -0.687682
659405156 10.240576 4.181836 14.205803 -2.751402 -0.234407 -0.624598
679384219 9.042835 3.702739 13.281148 -2.798623 -0.226496 -0.597776
699363281 7.969661 3.170943 11.815116 -2.810355 -0.218929 -0.593427
719342344 6.944396 2.581656 10.310755 -2.820104 -0.204764 -0.592725
739321406 6.192216 1.877385 9.079479 -2.831287 -0.169193 -0.598544
759300469 5.492737 1.676165 8.609965 -2.879634 -0.162673 -0.567858
779279479 4.443517 1.709701 8.916587 -3.043268 -0.169959 -0.462321
799258490 3.308060 1.589927 9.395682 2.200955 -0.158280 -0.338529
819237500 2.527134 1.321634 9.860405 2.128472 -0.129116 -0.250891
839216510 2.119903 0.852120 10.440111 2.170515 -0.079818 -0.200330
859195521 2.182185 -0.000670 11.867816 2.286254 0.000056 -0.181843
879174531 2.163022 -0.000670 12.677487 2.269447 0.000052 -0.168992
899153542 0.620333 0.684437 12.682279 2.067252 -0.053851 -0.048874
919132552 -0.179757 1.355171 12.064245 1.943561 -0.111848 0.014899
939111562 0.040627 1.642628 10.895251 1.893842 -0.149637 -0.003729
959090573 -0.203711 1.949249 10.435320 1.831456 -0.184631 0.019519
979115729 -0.678016 2.318153 10.296382 1.769183 -0.220987 0.065755
999085625 -0.946310 2.519373 9.951433 1.687889 -0.246888 0.094808
1019055521 -1.152321 2.524164 9.913106 1.688160 -0.247731 0.115723
1039025417 -1.128366 2.413972 9.831659 1.700508 -0.239257 0.114269
1058995312 -1.257722 2.322944 9.707094 1.710168 -0.233009 0.128849
1078965208 -1.233767 1.829475 10.008924 1.785752 -0.179460 0.122648
1098947344 -0.931937 1.393498 9.913106 1.848121 -0.139051 0.093735
1118929479 -0.663643 0.866493 9.884359 1.931009 -0.087244 0.067040
1138911615 -0.299530 0.143058 9.951433 2.052795 -0.014368 0.030090
1158893750 0.098119 -0.144399 9.534620 2.123772 0.015143 -0.010290
1178870312 0.543678 -0.307292 9.352564 2.215021 0.032789 -0.058066
1198846875 0.984446 -0.589958 9.975388 2.296877 0.058788 -0.098369
1218823437 0.979655 -0.738478 10.895251 2.297523 0.067405 -0.089675
1238800000 0.955700 -0.666613 10.641331 2.290750 0.062312 -0.089570
1258776562 0.605960 -0.498930 9.640021 2.245559 0.051608 -0.062776
1278753177 -0.174966 -0.441438 9.553783 2.159092 0.046165 0.018312
1298729792 -0.884027 -0.388738 10.406574 2.096671 0.037204 0.084745
1318706406 -1.439778 -0.359992 10.938371 2.061426 0.032618 0.130874
1338683021 -1.961993 -0.086907 10.967116 2.009633 0.007800 0.177025
1358659635 -2.345269 0.396979 10.492811 1.944928 -0.036906 0.219898
1378636406 -2.661472 0.646109 9.970597 2.050585 -0.062528 0.260850
1398613177 -2.623145 0.947939 9.194462 2.008548 -0.098820 0.277913
1418589948 -2.426715 1.010222 8.921377 2.002960 -0.108834 0.265586
1438566719 -2.029066 0.995849 8.677038 2.013918 -0.111292 0.229715
1458543490 -1.569134 0.900030 8.614757 2.045743 -0.102425 0.180170
1478568229 -1.348750 0.971894 8.629129 2.048393 -0.110822 0.155048
1498605677 -1.224185 0.962312 8.796812 2.060912 -0.107928 0.138274
1518643125 -1.085247 1.005431 8.700994 2.060966 -0.114166 0.124086
1538680573 -1.046920 0.991058 8.806395 2.067994 -0.111290 0.118326
1558718021 -0.979846 0.799420 9.132179 2.106292 -0.086820 0.106887
