0 -1.799100 -0.168354 10.018507 -1.749829 0.016538 0.177684
19986667 -2.191958 -0.685777 11.197082 -1.867806 0.060033 0.193317
39973334 -2.211122 -0.925325 10.382619 -1.949153 0.086948 0.209829
59960000 -2.833947 -1.212782 10.425738 -2.083616 0.111785 0.265409
79946667 -3.974195 -1.552940 11.657014 -2.239412 0.125431 0.328570
99934688 -5.339617 -1.869144 11.671387 -2.590502 0.144614 0.429070
119922709 -6.896678 -1.687087 10.976698 3.067623 0.129414 0.560970
139910730 -8.233355 -1.648759 11.786369 2.779086 0.114179 0.609751
159898750 -8.865761 -2.381776 12.993690 2.890676 0.150273 0.598756
179886771 -9.459841 -2.798589 13.477577 2.853276 0.168352 0.611996
199875730 -11.467251 -3.186657 12.509805 2.681282 0.185616 0.741944
219864688 -14.313080 -4.192758 10.952744 2.422798 0.228569 0.917621
239853646 -16.162390 -7.297297 11.403093 2.482774 0.353430 0.956367
259842605 -16.205507 -11.609159 15.005893 2.737819 0.483943 0.823814
279831563 -12.631454 -14.478942 15.968875 2.985878 0.618151 0.669232
299837292 -9.795208 -12.974582 11.422257 2.949182 0.711573 0.708863
319847709 -11.040855 -10.713250 6.022848 2.536394 0.705554 1.071410
339858125 -11.170212 -9.985024 4.954465 2.446773 0.685097 1.153325
359868542 -10.006010 -11.944526 6.286351 2.626489 0.790770 1.009858
379878959 -8.372293 -15.317360 7.311616 2.821407 0.943041 0.852924
399850834 -6.872724 -20.026871 9.817286 2.991396 1.031561 0.610769
419822709 -5.018623 -25.330460 15.096921 -3.075225 1.009994 0.320935
439794584 -1.228976 -28.775158 18.163132 -2.887501 1.006714 0.067560
459766459 6.062860 -30.849642 16.126976 -2.569306 1.061464 -0.359599
479738334 11.529343 -29.996853 16.951021 -2.422353 0.971288 -0.597283
499710469 11.802427 -24.789082 20.151381 -2.493609 0.815214 -0.529830
519682605 9.814180 -19.926260 22.225864 -2.572226 0.686900 -0.415818
539654740 10.964010 -16.452816 20.625685 -2.531096 0.613643 -0.488584
559626875 12.894766 -13.300367 16.462343 -2.439548 0.566496 -0.664468
579599011 13.690063 -8.892687 14.354322 -2.400491 0.421449 -0.761717
599571667 13.043285 -4.164012 13.645261 -2.676929 0.217116 -0.762846
619544323 11.946156 -0.364783 13.841690 -2.662614 0.019948 -0.712025
639516980 11.653908 1.973204 13.966255 -2.631169 -0.108056 -0.695387
659489636 11.227512 3.501519 14.033329 -2.607989 -0.192422 -0.674778
679462292 10.269321 4.435756 13.721916 -2.596829 -0.253252 -0.642469
699435730 8.889524 4.704050 12.969736 -2.601904 -0.290693 -0.600864
719409167 7.495357 4.210581 12.203183 -2.638903 -0.285952 -0.550805
739382605 6.695267 2.998469 12.567296 -2.724147 -0.207542 -0.489506
759356042 7.562430 1.201860 12.346911 -2.728934 -0.082818 -0.549557
779329480 7.926543 0.042448 12.116946 -2.733688 -0.002932 -0.579301
799321511 5.770612 0.200550 13.276358 -2.847795 -0.013853 -0.410019
819313646 2.575044 0.751510 14.512424 2.669507 -0.050943 -0.175609
839305782 0.443068 1.383916 14.335159 2.329283 -0.096196 -0.030898
859297917 -0.280367 1.843848 13.055973 2.185260 -0.140267 0.021471
879290052 -0.745089 2.083396 12.227138 2.095075 -0.168464 0.060862
899282188 -1.209812 2.270243 11.580359 2.019105 -0.192565 0.104093
919279480 -1.046920 2.030696 10.847342 2.039153 -0.184228 0.096216
939276771 -0.481587 1.503690 10.406574 2.153605 -0.143350 0.046244
959274063 -0.198920 0.617363 10.028089 2.314106 -0.061474 0.019834
979271355 -0.213293 -0.494139 9.654394 2.448142 0.051126 0.022089
999239063 -0.433677 -1.466703 8.839931 2.296609 0.164226 0.049020
1019206771 -0.088728 -2.194929 8.279389 2.426283 0.259132 0.010716
1039174480 0.931745 -2.774634 7.656565 2.656342 0.345319 -0.121097
1059142188 1.085056 -2.463222 7.728429 2.658302 0.305731 -0.139486
1079109896 0.107701 -1.399630 8.648293 2.362158 0.160435 -0.012453
1099078021 -0.630107 -0.666613 9.098642 2.174826 0.072960 0.069142
1119046146 -0.548660 -0.316873 8.710575 2.133825 0.036290 0.062905
1139014271 -0.596570 0.210132 8.169197 2.039461 -0.025649 0.072897
1158982396 -1.492479 0.780256 8.336881 1.891727 -0.091867 0.177145
1178950521 -2.383597 1.211442 9.601693 1.835373 -0.121846 0.243329
1198919480 -3.456771 1.872594 9.654394 1.977761 -0.180620 0.343830
1218888438 -4.414963 2.505000 9.122598 1.913602 -0.242312 0.450733
1238857396 -4.745539 2.806831 8.969287 1.892110 -0.269860 0.486646
1258826355 -4.558692 2.912232 9.165716 1.885840 -0.277164 0.461536
1278795313 -4.386217 2.873904 9.395682 1.891078 -0.270374 0.436764
1298785105 -4.022104 2.778085 9.687930 1.901789 -0.258896 0.393512
1318780782 -3.399280 2.390017 9.812495 2.433406 -0.226211 0.333485
1338776459 -2.627936 1.839057 9.477128 2.517930 -0.184861 0.270496
1358772136 -1.985947 1.498899 9.122598 2.588814 -0.159188 0.214351
1378767813 -1.698490 1.479735 9.127389 2.620073 -0.158055 0.183983
1398752448 -1.866174 1.551600 9.223207 2.600367 -0.163416 0.199639
1418737084 -2.254241 1.767193 8.897423 2.592895 -0.190208 0.248137
1438721719 -2.431506 1.863012 8.911796 2.571208 -0.199009 0.266358
1458706355 -2.460252 1.757611 8.935750 2.577072 -0.187412 0.268670
1478690990 -2.407552 1.901340 8.959705 2.572337 -0.202141 0.262508
1498670052 -2.474625 1.776775 8.413536 2.554196 -0.199893 0.286058
1518649115 -2.235077 1.106041 7.536791 2.590620 -0.139778 0.288294
1538628177 -2.110512 2.236707 9.232790 2.584755 -0.231916 0.224728
1558607240 -2.623145 1.446199 10.056834 2.618995 -0.138259 0.255147
1578586302 -3.083076 0.832956 10.363456 2.623892 -0.076886 0.289157
