0 -1.482897 0.861702 9.822078 -1.820466 -0.086531 0.149844
19979010 -1.358332 1.024595 9.031569 -1.748499 -0.111717 0.149279
39958021 -1.885337 1.206651 9.644812 -1.734130 -0.122173 0.193043
59937031 -1.233767 1.029386 10.488020 -1.774671 -0.097170 0.117098
79916042 -0.160593 0.339488 11.417466 -1.869972 -0.029722 0.014065
99895052 0.701780 -0.470184 11.896562 -1.941010 0.039434 -0.058922
119874062 1.492288 -0.944489 10.052043 -1.958590 0.092675 -0.147380
139853073 1.190457 -0.858252 8.456655 -1.971657 0.100161 -0.139853
159832083 -0.472005 -0.264173 7.987141 -2.017631 0.033005 0.059027
179811094 -2.282987 0.219714 8.447073 -2.155220 -0.025104 0.263963
199790104 -4.726375 0.564663 9.731050 2.843133 -0.052149 0.452143
219769115 -6.891888 0.502380 10.770687 2.363805 -0.039268 0.569224
239748125 -7.845288 0.032866 11.704924 2.403163 -0.002332 0.590483
259727135 -7.701559 -0.345619 12.040291 2.521597 0.024177 0.569064
279706146 -8.127954 -0.383947 12.768516 2.530309 0.025361 0.566871
299685156 -9.172382 -0.350410 13.554233 2.740666 0.021407 0.594928
319664167 -10.624043 -0.120444 13.707543 2.613674 0.006945 0.659342
339643177 -11.984674 -0.086907 12.988900 2.481224 0.004917 0.745208
359622187 -13.455498 -0.283337 11.331229 2.345241 0.016105 0.870891
379601198 -15.194616 -0.484557 10.248472 2.261077 0.026432 0.977404
399580208 -17.700287 -1.231946 9.275908 2.213081 0.061570 1.088091
419559219 -18.668060 -3.392668 8.212316 2.239507 0.164842 1.156363
439538229 -18.562658 -6.137886 9.012405 2.331363 0.289118 1.118806
459517240 -20.124510 -8.873523 13.185329 2.463997 0.353341 0.990783
479496250 -21.801346 -12.078672 17.339088 2.571806 0.409145 0.898914
499479062 -22.663717 -16.179731 19.231516 2.633591 0.498486 0.867139
519461875 -22.869728 -20.165808 20.184917 2.675897 0.584140 0.847676
539444687 -23.861458 -24.377060 21.444939 2.699074 0.649767 0.838685
559427500 -23.157187 -28.712875 23.715853 2.772503 0.713846 0.773480
579403854 -20.982092 -32.919334 24.487196 2.509676 0.795715 0.708463
599380208 -18.217709 -34.524307 24.022472 2.533667 0.852947 0.648831
619356562 -17.225981 -34.390160 22.704960 2.528755 0.878784 0.649038
639332917 -16.540874 -33.887108 22.412712 2.535899 0.882778 0.635785
659309271 -14.116652 -35.094429 22.230656 2.570357 0.927054 0.565764
679285729 -6.618803 -37.576145 22.125254 2.735019 1.019715 0.290678
699262187 1.041938 -38.563084 21.904871 2.966214 1.053733 -0.047531
719238646 5.962250 -36.301750 19.380035 -3.139594 1.061410 -0.298459
739215104 8.942226 -30.763405 16.093439 -2.993080 1.031504 -0.507166
759191562 11.174812 -23.514687 13.458414 -2.871154 0.931199 -0.692958
779183073 12.406088 -17.118759 10.531139 -2.764865 0.810716 -0.866959
799162240 13.948776 -13.108728 10.626958 3.040955 0.641928 -0.919751
819141406 13.977522 -9.735895 13.285939 2.896320 0.467527 -0.810759
839120573 12.286314 -6.789456 13.664425 2.770469 0.353921 -0.732343
859099740 12.343805 -4.853909 11.096472 2.886066 0.284502 -0.838561
879078906 13.469681 -3.833436 7.843412 -3.092702 0.241153 -1.043492
899062656 14.255398 -3.095628 5.754555 -2.855166 0.198710 -1.187125
919046406 14.130833 -2.343448 4.690962 -2.157904 0.156113 -1.250276
939030156 13.297205 -1.648759 4.695753 -2.118405 0.116388 -1.231328
959013906 12.406088 -1.332556 5.361696 -2.170094 0.098280 -1.162858
978989167 11.337704 -1.088217 6.056385 -2.273693 0.084459 -1.080179
998964427 9.665661 -0.886997 7.402644 -2.692804 0.072727 -0.917215
1018939687 7.227063 -0.355201 8.873467 2.495439 0.031028 -0.683495
1038914948 4.869912 0.181386 10.765896 1.895446 -0.015350 -0.424803
1058890208 3.102049 0.727555 12.136109 1.742533 -0.058017 -0.250247
1078865573 2.158231 1.268933 12.107364 1.669121 -0.102816 -0.176405
1098840937 2.201349 1.762402 11.182709 1.598115 -0.153418 -0.194368
1118816302 2.321123 1.973204 9.778958 1.531179 -0.193860 -0.233046
1138791667 2.488806 2.164842 8.538101 1.440867 -0.238776 -0.283635
1158767031 2.766682 2.303780 8.116496 1.375344 -0.262462 -0.328519
1178742656 2.943948 2.524164 8.418327 0.974906 -0.275820 -0.336414
1198718281 2.670863 2.615192 8.456655 0.994922 -0.286761 -0.305915
1218693906 2.297168 2.581656 8.413536 1.035047 -0.287793 -0.266536
1238669531 2.182185 2.356481 8.629129 1.090161 -0.258812 -0.247693
1258645156 2.369033 1.853430 9.122598 1.173443 -0.194169 -0.254076
1278638177 2.445688 1.383916 9.496292 1.255921 -0.140201 -0.252064
1298636094 2.479225 0.890448 9.448382 1.251169 -0.090906 -0.256612
1318634010 2.670863 0.420934 9.534620 1.322103 -0.042486 -0.273122
1338631927 3.494908 -0.053371 10.023297 1.384811 0.005028 -0.335497
1358629844 4.831584 -0.982816 11.316856 1.545349 0.079701 -0.403510
1378598177 4.788466 -1.169664 11.589940 1.821924 0.093004 -0.391797
1398566510 3.767992 -0.398320 10.684449 1.653347 0.035144 -0.339044
1418534844 2.766682 0.559872 9.477128 1.454941 -0.056648 -0.284039
1438503177 2.143858 1.628255 8.839931 1.258740 -0.177128 -0.237926
1458471510 1.396468 2.490627 8.954914 1.188941 -0.268188 -0.154698
1478440260 0.447859 3.266762 9.568156 1.198840 -0.328677 -0.046773
1498409010 -0.366604 3.630875 10.013716 1.235803 -0.347632 0.036594
1518377760 -0.721135 3.630875 10.291591 1.263505 -0.338400 0.069956
1538346510 -0.577406 3.405700 10.488020 1.275853 -0.313537 0.054998
1558315260 -0.122265 2.917022 10.325128 1.286724 -0.275323 0.011841
