0 -2.781246 0.464053 9.898732 -1.727805 -0.045102 0.273908
19979115 -3.250760 0.938357 10.047253 -1.649695 -0.088626 0.312917
39958229 -3.451980 1.062922 10.449693 -1.634133 -0.096286 0.319057
59937344 -3.538218 0.679646 11.273737 -1.711350 -0.057456 0.304111
79916459 -3.317833 0.540708 9.731050 -1.727479 -0.052544 0.328593
99895573 -3.241178 1.106041 8.384790 -1.573787 -0.122423 0.368862
119874688 -3.063913 1.604300 8.121287 -1.433845 -0.182764 0.360759
139853802 -3.020794 1.403080 8.403954 -1.501321 -0.155839 0.345068
159832917 -3.154941 1.144368 9.208835 -1.589760 -0.117023 0.330067
179812031 -3.327415 1.177905 9.558575 -1.591937 -0.115859 0.334988
199791146 -3.725065 1.589927 9.108225 -1.473914 -0.160185 0.388222
219770261 -3.916703 1.302470 8.284180 -1.511469 -0.141192 0.441646
239749375 -3.792138 0.526335 6.789402 -1.808053 -0.067578 0.509375
259728490 -3.729856 -0.058162 5.701854 -2.273908 0.008536 0.579286
279707604 -6.513402 0.832956 6.204905 1.896681 -0.092330 0.809650
299686719 -8.319593 1.417453 8.135660 1.535132 -0.121215 0.796575
319665834 -8.266891 -0.733687 8.892632 3.038511 0.060354 0.748948
339644948 -7.902780 -2.214092 10.253263 -2.889099 0.169394 0.656654
359624063 -9.450258 -2.046409 10.880878 -3.082661 0.141052 0.715148
379603177 -11.151049 -1.241528 10.579048 2.754124 0.080597 0.811715
399582292 -12.497307 -1.241528 10.416156 -3.098705 0.076165 0.875976
419561406 -13.953758 -1.471494 11.312065 3.118739 0.081735 0.889576
439540521 -15.625803 -1.581686 10.272428 2.685404 0.084381 0.989235
459519636 -17.958998 -1.754161 8.916587 2.334028 0.087264 1.109955
479498750 -19.592714 -3.627425 8.078169 2.352765 0.169521 1.179728
499477865 -18.524330 -6.473253 8.154824 2.569782 0.309546 1.156103
519456979 -15.371881 -8.859150 7.790711 2.775430 0.474839 1.101711
539436094 -12.985985 -11.383985 7.009786 2.877390 0.657071 1.075821
559415209 -11.764290 -13.194966 6.113876 2.884859 0.783010 1.091515
579394323 -11.788246 -15.015530 8.609965 3.073243 0.799505 0.939967
599373438 -11.175003 -17.894896 11.647432 3.119823 0.836872 0.764701
619352552 -9.680225 -21.536022 12.936199 -3.066792 0.927144 0.642416
639331667 -7.600949 -23.390123 12.826008 -2.981515 1.003323 0.534975
659310781 -5.722894 -23.255976 11.930099 -2.910938 1.053513 0.447278
679289896 -5.090487 -23.294304 14.062075 -2.834472 1.000061 0.347326
699269011 -4.798239 -23.366167 17.449280 -2.776265 0.911802 0.268350
719248125 -4.050850 -22.925400 21.492847 -2.715466 0.808926 0.186289
739227240 -1.578716 -24.175840 27.246788 -2.621806 0.724917 0.057877
759206354 2.627744 -25.004675 32.306038 -2.526384 0.657086 -0.081160
779185469 7.595967 -24.309986 37.173649 -2.449455 0.569822 -0.201563
799164584 13.383444 -21.444994 38.572609 -2.996622 0.483640 -0.333971
819143698 18.188774 -16.543844 34.069111 -2.946212 0.404722 -0.490382
839122813 19.693134 -9.026834 29.024233 -2.914510 0.251895 -0.596155
859101927 18.998446 -1.370884 25.905319 -2.896996 0.042647 -0.632779
879081042 18.806807 3.515892 23.260712 -2.870951 -0.117002 -0.679916
899060156 19.041563 5.954490 20.386137 -2.840941 -0.210299 -0.751309
919039271 18.092955 7.808590 16.931856 -2.809679 -0.305268 -0.818537
939018386 16.071171 8.685335 13.549442 -2.780785 -0.391817 -0.870328
958997500 13.910448 8.191867 10.986279 -2.764711 -0.432910 -0.902314
978976615 11.184393 7.295958 8.883050 -2.754414 -0.472266 -0.899580
998955729 8.223581 6.275484 7.833830 -2.269267 -0.504786 -0.809666
1018934844 6.038906 5.599959 7.555954 -2.299597 -0.524794 -0.674268
1038913959 3.724874 5.226264 7.996723 -2.483185 -0.534837 -0.435915
1058893073 1.329395 4.622603 8.164406 -3.024976 -0.509597 -0.161412
1078872188 -0.725926 3.793768 9.069897 2.824658 -0.395031 0.079867
1098851302 -2.996839 3.573384 11.005444 2.664670 -0.303600 0.265859
1118830417 -5.032996 3.990197 12.198392 2.564846 -0.293640 0.391317
1138809531 -5.981606 4.421383 12.131319 2.502663 -0.315935 0.458089
1158788646 -5.904950 4.435756 10.794641 2.454276 -0.346005 0.500557
1178767761 -5.746849 4.440547 9.970597 2.424385 -0.368257 0.522870
1198746875 -5.564792 4.646558 10.061625 2.102096 -0.384053 0.505198
1218725990 -4.750329 4.373474 10.253263 2.132192 -0.369272 0.433858
1238705104 -3.514263 3.611711 10.401783 2.229530 -0.317804 0.325812
1258684219 -2.115303 2.811621 9.812495 2.353343 -0.273102 0.212323
1278663334 -0.864863 2.160051 9.304654 2.518788 -0.227161 0.092683
1298642448 0.088537 1.633046 9.309445 2.695920 -0.173644 -0.009510
1318621563 0.639497 1.182696 9.395682 2.809707 -0.124932 -0.067958
1338600677 0.989237 0.789838 9.980179 2.875030 -0.078592 -0.098797
1358579792 0.903000 0.837747 10.075998 2.860255 -0.082622 -0.089380
1378558906 0.562842 0.981476 10.071207 2.807430 -0.096996 -0.055828
1398538021 0.222684 1.101250 10.152654 2.728484 -0.108021 -0.021930
1418517136 -0.117474 1.240188 9.946642 2.675221 -0.124035 0.011810
1438496250 -0.275576 1.383916 9.649603 2.641364 -0.142388 0.028550
1458475365 -0.395350 1.465363 9.893942 2.624139 -0.146923 0.039938
1478454479 -0.495960 1.431826 9.999343 2.616498 -0.142053 0.049559
1498433594 -0.333067 1.312052 9.855614 2.642540 -0.132275 0.033782
1518412709 -0.074355 1.244979 9.410055 2.674861 -0.131535 0.007902
1538391823 0.371204 1.134786 8.930960 2.743083 -0.126277 -0.041540
1558370938 0.696989 0.737137 8.887840 2.817438 -0.082496 -0.078260
1578350052 0.835926 0.205341 9.074688 2.861156 -0.022529 -0.091857
