0 -4.774284 1.211442 10.837760 -2.367976 -0.101939 0.414945
19976146 -5.109652 1.062922 10.871297 -2.482294 -0.088257 0.439372
39952292 -5.847459 1.230606 11.786369 -2.543725 -0.093260 0.460539
59928438 -6.331346 1.187487 11.561194 -2.719730 -0.089846 0.501028
79904583 -6.522984 0.981476 9.980179 -3.119860 -0.082134 0.578898
99880833 -6.748159 0.794629 9.553783 2.775785 -0.067832 0.614964
119857083 -7.567412 0.655691 10.967116 2.843870 -0.049170 0.603989
139833333 -8.817852 0.444889 13.060764 2.903335 -0.028224 0.593846
159809583 -10.317421 0.401770 13.549442 2.716104 -0.023587 0.650798
179785833 -11.289986 0.286787 12.251093 2.476956 -0.017212 0.744594
199762292 -12.205059 -0.125235 11.724088 2.397681 0.007400 0.805495
219738750 -12.214642 -0.235427 12.720607 2.483927 0.013349 0.765110
239715208 -13.029104 -0.446229 13.803363 2.516929 0.023505 0.756551
259691667 -15.113171 -1.073845 13.118256 2.384402 0.053608 0.855944
279668125 -16.564829 -1.586477 12.131319 2.304297 0.077115 0.938685
299702969 -17.982952 -2.908781 12.706233 2.346730 0.131343 0.955674
319752865 -18.581821 -5.304260 13.621306 2.833011 0.226281 0.938235
339802760 -18.428511 -8.432755 14.153103 2.869259 0.348134 0.915874
359852656 -17.872761 -11.867870 14.483679 2.901964 0.476279 0.889760
379902552 -16.387564 -15.269450 14.843000 2.950112 0.604391 0.834815
399819115 -14.255589 -18.421900 14.986729 3.007917 0.727619 0.760401
419735677 -11.424133 -20.659277 14.704062 2.709906 0.837258 0.660519
439652240 -8.707661 -22.590033 14.938820 2.737749 0.917485 0.527742
459568802 -5.742058 -24.525579 16.107813 2.804316 0.961913 0.342433
479485365 -3.188478 -24.410597 13.697962 2.836233 1.048098 0.228698
499404375 -1.717654 -22.154057 10.210145 2.845619 1.133611 0.166669
519323385 -2.886647 -19.571730 8.092542 2.744215 1.157128 0.342635
539242396 -3.212432 -19.399256 8.001513 2.725175 1.152555 0.381780
559161406 -1.535597 -20.156227 14.392651 2.912370 0.948021 0.106291
579080417 0.462232 -20.774260 21.468893 2.985316 0.768840 -0.021527
599004219 3.193077 -18.603956 18.896149 -3.088674 0.770570 -0.167399
618928021 5.880804 -14.718491 13.266775 -2.935440 0.792471 -0.417246
638851823 6.872532 -10.574312 13.276358 -2.902439 0.615626 -0.477669
658775625 7.859469 -7.862631 17.295969 -2.926509 0.392404 -0.426516
678699427 9.641705 -6.219332 21.023335 -2.915693 0.262686 -0.429998
698630000 8.046316 -2.252420 24.908800 -2.975437 0.085837 -0.312450
718560573 5.257980 3.453610 28.262470 -3.053624 -0.119563 -0.183938
738491146 1.645598 9.121312 29.488955 3.113786 -0.299540 -0.055746
758421719 -0.812163 11.919231 28.157068 3.003924 -0.400291 0.028836
778352292 -0.582197 12.441445 24.731535 2.992911 -0.465981 0.023536
798345938 -0.400141 11.871322 21.392239 2.986479 -0.506551 0.018703
818345417 -0.893609 10.778983 18.076895 2.925974 -0.537147 0.049394
838344896 -0.893609 9.135685 14.967566 -0.120968 -0.547216 0.059632
858344375 -0.218084 7.118692 12.528968 -0.487357 -0.516628 0.017405
878343854 0.371204 5.269383 11.134800 -1.304169 -0.441793 -0.033325
898343333 0.558051 3.745858 10.607795 -2.134627 -0.339021 -0.052559
918359115 0.256221 2.658311 9.869987 -2.576758 -0.263005 -0.025954
938374896 0.002300 1.805521 9.060315 -2.820117 -0.196701 -0.000254
958390677 -0.055192 1.288097 8.562056 -2.895978 -0.149320 0.006446
978406458 -0.548660 1.024595 7.795503 -3.117568 -0.130366 0.070266
998425208 -1.037338 0.938357 7.747593 2.966851 -0.119473 0.133100
1018443958 -1.521224 1.010222 7.939231 2.184008 -0.124326 0.189314
1038462708 -2.072185 0.976685 8.447073 2.159521 -0.111826 0.240563
1058481458 -2.354851 0.952730 8.782439 2.153318 -0.104399 0.261970
1078500208 -2.541698 0.991058 8.978868 2.141929 -0.105807 0.275858
1098520208 -2.766873 1.034176 9.333400 2.133698 -0.105837 0.288195
1118540208 -2.824365 1.173114 9.970597 2.133273 -0.112723 0.276038
1138560208 -2.733337 1.091668 9.937060 2.147371 -0.105531 0.268427
1158580208 -2.671054 1.264142 9.568156 2.118293 -0.126574 0.272230
1178600208 -2.738128 1.503690 9.721467 2.089114 -0.147799 0.274545
1198609531 -2.647099 1.637837 9.846032 2.080732 -0.159280 0.262639
1218618854 -2.479416 1.647419 9.558575 2.237723 -0.165306 0.253798
1238628177 -2.460252 1.589927 9.319027 2.236614 -0.163487 0.258114
1258637500 -2.326105 1.518063 9.572948 2.264606 -0.152892 0.238368
1278646823 -2.445879 1.494108 10.171817 2.279415 -0.141857 0.235977
1298717969 -2.421924 1.460572 10.152654 2.284163 -0.139032 0.234174
1318791042 -2.460252 1.427035 9.817286 2.273574 -0.140076 0.245547
1338885156 -2.747710 1.589927 9.539411 2.225744 -0.158809 0.280446
1358979271 -3.298670 1.891758 9.366937 2.155925 -0.188239 0.338599
1379073385 -3.610082 2.092978 9.256744 2.117519 -0.207615 0.371852
1398946146 -3.519054 2.064232 9.065106 2.116492 -0.209173 0.370291
1418818906 -3.428025 2.035486 8.954914 2.317812 -0.209176 0.365600
1438691667 -3.442398 2.016323 9.002824 2.320467 -0.206220 0.365215
1458564427 -3.648409 2.021114 7.867367 2.268287 -0.228971 0.434221
1478437188 -4.170624 2.711011 6.947503 2.157468 -0.322855 0.540644
