0 -1.157112 0.095149 10.119117 -1.869830 -0.009342 0.113855
20004010 -1.358332 -0.086907 10.114326 -1.924299 0.008516 0.133499
40008021 -1.832637 -0.235427 9.069897 -2.033070 0.025437 0.199373
60012031 -2.259032 -0.312082 8.178779 -2.174543 0.036764 0.269488
80016042 -1.847010 -0.566003 8.533310 -2.147246 0.064737 0.213159
100020104 -2.627936 -0.934907 10.971907 -2.224440 0.082677 0.235086
120024167 -3.835257 -0.522885 11.795952 -2.290444 0.042130 0.314352
140028229 -5.052160 0.195759 10.579048 -2.630962 -0.016696 0.445537
160032292 -5.258171 0.646109 9.937060 -2.852743 -0.057407 0.486693
180036354 -5.579165 0.277205 10.301173 -3.036341 -0.023658 0.496375
200040417 -6.240317 0.176595 10.526348 -3.119029 -0.014430 0.535130
220044479 -6.963752 -0.000670 11.134800 3.048467 0.000051 0.558890
240048542 -7.677604 -0.527676 11.695341 2.974281 0.037700 0.580908
260052604 -8.458530 -1.054681 11.522867 2.819374 0.073651 0.633224
280056667 -9.364021 -1.667923 11.503703 2.717139 0.111976 0.683220
300060729 -10.590506 -2.262002 11.340811 2.596470 0.144757 0.751200
320064792 -11.941557 -2.884826 10.895251 2.484400 0.176602 0.831183
340068854 -12.746437 -3.608261 10.895251 2.472228 0.211951 0.863540
360072917 -13.057850 -4.508961 10.717986 2.491331 0.260828 0.883496
380076979 -13.043476 -5.730655 9.414846 2.476729 0.342225 0.945586
400081094 -12.947657 -7.532054 8.983660 2.664598 0.445853 0.964214
420085208 -13.690256 -9.874832 10.679659 2.739770 0.517105 0.908313
440089323 -14.614910 -11.374402 13.745872 2.833612 0.515741 0.816031
460093437 -16.272581 -13.908818 13.539860 2.785013 0.581307 0.876806
480097552 -17.039135 -17.027731 13.238029 2.768207 0.668091 0.910288
500101667 -16.679811 -19.586103 14.407023 2.825548 0.726507 0.858379
520105781 -15.592266 -22.345694 15.250232 2.891148 0.797523 0.796487
540109896 -13.719002 -24.860947 17.588219 3.020282 0.839514 0.662433
560114010 -10.753399 -26.202414 18.675766 -3.129997 0.882510 0.522431
580118125 -6.906260 -27.999023 18.292488 -2.981397 0.961187 0.361001
600122239 -1.856592 -27.898413 17.286388 3.122365 1.013505 0.106992
620126354 1.046728 -25.895794 15.408333 -3.041463 1.033040 -0.067828
640130469 6.403018 -26.825239 16.328196 -2.838452 0.991743 -0.373716
660134583 11.677862 -28.755995 20.414883 -2.755501 0.885248 -0.519597
680138698 14.581182 -25.431070 17.478025 -2.654186 0.840732 -0.695284
700141979 15.539373 -19.193245 12.428358 -2.552201 0.767368 -0.896179
720145260 13.570290 -13.218921 11.508494 -2.581867 0.638954 -0.867426
740148542 10.676552 -8.605229 11.685760 -2.649133 0.497954 -0.740299
760151823 9.910000 -5.951039 10.832970 -2.644868 0.385092 -0.740932
780155104 10.302858 -4.317322 8.667457 -2.582320 0.310303 -0.871394
800158385 10.202248 -2.678815 7.244543 -2.806417 0.210903 -0.953329
820161667 9.790226 -1.399630 7.838621 -2.834498 0.111139 -0.895654
840164948 10.092056 -0.685777 7.838621 -2.801634 0.053614 -0.910418
860168229 10.786745 -0.038998 7.148723 -2.706274 0.003014 -0.985523
880171510 10.125591 0.780256 8.293762 -2.785021 -0.059542 -0.884524
900174739 8.645185 1.508481 9.663976 -2.964994 -0.115816 -0.729812
920177969 7.112080 1.781566 10.698822 3.103367 -0.137796 -0.586677
940181198 6.220962 1.580346 11.038980 2.993280 -0.124079 -0.513183
960184427 5.794567 1.292888 11.508494 2.932943 -0.100006 -0.466446
980187656 4.812421 1.120414 12.231929 2.818087 -0.085032 -0.374831
1000190937 3.796738 1.034176 12.979318 1.973439 -0.076325 -0.284582
1020194219 3.207450 1.158741 13.228448 1.928488 -0.084923 -0.237875
1040197500 2.728354 1.139578 12.452312 1.909728 -0.089158 -0.215696
1060200781 2.622953 1.302470 11.173127 1.875938 -0.113003 -0.230580
1080204062 2.426524 1.379125 10.267636 1.846271 -0.129980 -0.232070
1100207448 2.100739 1.369543 9.668767 1.826573 -0.137543 -0.213945
1120210833 1.765372 1.254560 9.232790 1.827180 -0.132679 -0.188926
1140214219 1.664762 0.981476 9.223207 1.869242 -0.104341 -0.178574
1160217604 2.426524 0.162222 9.625648 2.047292 -0.016340 -0.246944
1180220989 2.896038 -0.268964 9.146552 2.172435 0.028027 -0.306640
1200224583 2.345078 -0.038998 9.127389 1.734660 0.004138 -0.251488
1220228177 1.113802 0.765883 9.788541 1.533639 -0.077585 -0.113299
1240231771 -0.016864 1.474944 10.047253 1.448328 -0.145759 0.001678
1260235364 -0.874445 1.757611 9.898732 1.437927 -0.175060 0.088110
1280238958 -1.454151 2.126515 10.123908 1.422841 -0.204994 0.142660
1300242760 -1.799100 2.370853 10.425738 1.417096 -0.220450 0.170880
1320246562 -1.813473 2.466673 10.152654 1.405040 -0.234763 0.176756
1340250364 -1.449360 2.471464 9.577739 1.378737 -0.249808 0.150186
1360254167 -1.214603 2.308571 9.108225 1.374739 -0.246142 0.132570
1380257969 -1.123575 2.174424 8.954914 1.381782 -0.236424 0.124818
1400261927 -1.018174 2.155260 9.328609 1.629126 -0.225758 0.108715
1420265885 -0.802581 2.001950 9.496292 1.657954 -0.207054 0.084315
1440269844 -0.563033 1.848639 9.213626 1.673530 -0.197654 0.061033
1460273802 -0.615734 1.786357 9.280699 1.687603 -0.189748 0.066249
1480277760 -0.898400 1.910922 9.146552 1.662185 -0.205001 0.097909
1500281927 -0.975055 2.116933 8.878259 1.617899 -0.232721 0.109387
1520286094 -0.984637 1.987577 9.012405 1.645283 -0.215819 0.108822
1540290260 -0.984637 1.676165 9.443592 1.711658 -0.174735 0.103890
1560294427 -0.433677 1.153950 9.807705 1.819966 -0.117006 0.044189
1580298594 -1.214603 1.173114 9.869987 1.797960 -0.117424 0.122445
