0 0.189147 0.123895 10.492811 -2.614000 -0.011805 -0.018024
19979427 -0.012073 1.235397 9.232790 -2.174689 -0.133015 0.001308
39958854 -0.064774 1.561182 8.274598 -1.595862 -0.186474 0.007828
59938281 -0.189338 1.479735 8.351254 -1.752024 -0.175323 0.022668
79917708 -0.428886 1.235397 9.424428 -2.439887 -0.130208 0.045477
99897135 -0.543869 1.101250 10.023297 -2.667921 -0.109271 0.054207
119876563 -0.519915 1.077295 9.898732 -2.656277 -0.108257 0.052475
139855990 -0.404932 0.943148 9.558575 -2.616359 -0.098264 0.042338
159835417 -0.357022 0.971894 9.390891 -2.556854 -0.103052 0.038000
179814844 -0.414513 1.062922 9.165716 -2.546742 -0.115335 0.045194
199794271 -0.826536 1.240188 9.342981 -3.019840 -0.131461 0.088236
219773698 -1.909292 1.331216 9.874778 2.115565 -0.131593 0.190994
239753125 -3.169314 1.791148 10.440111 1.734693 -0.162715 0.294730
259732552 -4.026895 1.767193 11.283319 1.774541 -0.146451 0.342799
279711979 -4.381426 1.336007 11.273737 1.882306 -0.110012 0.370675
299691406 -4.175415 1.225815 10.071207 1.856896 -0.111965 0.393020
319670833 -3.332206 1.091668 9.223207 1.903940 -0.110862 0.346693
339650260 -2.512953 0.464053 9.922688 2.351239 -0.045305 0.248038
359629688 -2.177586 -0.149190 11.249783 2.715056 0.013019 0.191202
379609115 -1.478106 -0.211472 10.727569 2.956993 0.019526 0.136924
399588542 -2.383597 -0.522885 10.842551 2.681787 0.047066 0.216395
419567969 -4.850940 -1.318184 12.078618 2.371273 0.100927 0.381897
439547396 -6.340928 -1.418794 12.696651 2.274329 0.099640 0.463181
459526823 -8.161491 -0.441438 12.466685 2.043375 0.029617 0.579647
479506250 -11.036066 -0.954071 13.693171 2.006995 0.054196 0.678361
499485677 -13.570482 -2.487177 15.293350 2.052280 0.121051 0.725779
519465156 -14.950277 -4.116102 18.484127 2.138067 0.171439 0.680094
539444635 -17.225981 -4.681435 20.022024 2.118167 0.175422 0.710473
559424115 -21.619289 -6.410971 18.282907 2.052198 0.222673 0.868818
579403594 -23.085321 -10.464120 16.946230 2.091908 0.350327 0.937569
599383073 -21.025209 -15.906648 18.000240 2.235672 0.521613 0.862756
619362552 -16.411518 -20.965899 18.287697 2.433262 0.706376 0.731381
639342031 -11.218122 -24.142303 15.446661 2.572533 0.901723 0.628126
659321510 -6.752950 -25.665827 10.603004 2.653913 1.115351 0.567104
679300990 -1.837428 -25.019049 6.933130 2.953311 1.291603 0.259066
699280469 3.293687 -22.848745 4.882601 -2.511229 1.318521 -0.593459
719259948 2.862501 -20.022079 7.464926 -2.727785 1.190888 -0.366167
739239427 -0.194129 -19.533401 10.128698 -3.098078 1.092358 0.019164
759218906 2.781055 -19.993334 13.563815 -2.872783 0.965101 -0.202232
779198385 9.229683 -20.568249 13.544651 -2.481810 0.897962 -0.598151
799177865 12.027601 -20.659277 12.634369 -2.332428 0.869584 -0.760800
819157344 11.749727 -18.393154 13.257194 -2.351204 0.804187 -0.725189
839136823 12.358179 -14.708908 11.680968 -2.431078 0.713124 -0.813562
859116302 14.145205 -11.096527 10.967116 -2.313238 0.554968 -0.911284
879095781 15.208797 -9.036415 10.310755 -2.237595 0.457061 -0.975025
899075260 18.955326 -7.814721 6.137831 -2.055619 0.373782 -1.257646
919054740 17.757587 -6.755919 5.198804 -2.038328 0.350086 -1.285990
939034219 14.978832 -4.499379 7.100814 -2.085070 0.265042 -1.128118
959013698 13.857748 0.569454 6.180950 -1.949245 -0.037511 -1.151250
978993177 7.351628 1.101250 7.738011 -1.999249 -0.102812 -0.759798
998972656 4.208760 3.726694 11.005444 -1.782305 -0.306328 -0.365265
1018952135 2.110321 3.822513 11.949263 -1.266960 -0.305179 -0.174804
1038931615 2.325914 3.295508 10.914415 -1.602780 -0.287148 -0.209964
1058911094 2.752309 2.576865 10.478438 -1.987978 -0.233513 -0.256862
1078890573 2.843337 1.810311 11.436630 -2.436133 -0.152423 -0.243676
1098870052 2.507970 1.532436 13.147001 -2.789130 -0.114001 -0.188499
1118849531 1.770163 1.431826 13.051183 -3.071318 -0.108288 -0.134810
1138829010 1.329395 1.422244 12.025918 3.077038 -0.117012 -0.110097
1158808490 0.965282 1.810311 11.345602 2.878669 -0.157667 -0.084875
1178787969 0.361622 2.241498 11.283319 2.398832 -0.196005 -0.032038
1198767448 0.246639 2.452300 11.086890 2.139804 -0.217632 -0.022242
1218746927 0.725734 2.337317 10.507184 2.554309 -0.218382 -0.068961
1238726406 1.022774 2.126515 10.224518 3.106094 -0.204068 -0.099700
1258705885 1.152130 2.016323 10.468857 -3.046191 -0.189157 -0.109612
1278685365 1.032356 1.910922 10.444901 3.102714 -0.180093 -0.098518
1298664844 1.444378 1.436617 10.262845 -2.864136 -0.137739 -0.139820
1318644323 1.372514 1.273724 10.617376 -2.969196 -0.118419 -0.128558
1338623750 0.931745 1.177905 10.804223 3.044037 -0.108195 -0.086026
1358603177 0.735316 1.197069 10.785060 2.933987 -0.110287 -0.068074
1378582604 0.696989 1.364753 10.171817 2.902352 -0.133065 -0.068415
1398562031 1.085056 1.173114 9.788541 -3.117117 -0.118557 -0.110399
1418541458 1.358141 1.197069 9.529829 -2.898293 -0.123721 -0.141561
1438520885 1.238367 1.412662 9.275908 -2.916547 -0.149823 -0.132719
1458500313 1.142548 1.565973 9.357354 -2.992800 -0.164615 -0.121500
1478479740 1.233576 1.599509 9.204043 -2.861326 -0.170570 -0.133231
1498459167 1.377305 1.570764 9.079479 -2.702248 -0.169405 -0.150546
