0 -3.413653 0.382606 10.708405 -1.712407 -0.034029 0.308598
19979062 -3.514263 0.205341 11.278528 -1.730051 -0.017380 0.302054
39958125 -3.466353 0.099940 10.147862 -1.769532 -0.009319 0.329158
59937187 -3.557381 0.473634 9.012405 -1.650743 -0.048844 0.375947
79916250 -3.495099 0.521544 8.700994 -1.624915 -0.055564 0.381962
99907864 -3.547799 0.224505 9.199253 -1.748024 -0.022766 0.368085
119899479 -4.007731 -0.192309 9.687930 -1.928297 0.018341 0.392246
139891094 -4.970714 -0.589958 10.238891 -2.181525 0.051788 0.451959
159882708 -6.336136 -1.112172 10.622168 -2.651557 0.089679 0.537843
179902656 -7.615322 -1.830816 10.550303 3.121507 0.139789 0.625215
199863541 -9.316113 -3.268103 10.722777 2.826234 0.226140 0.715316
219824427 -11.476833 -4.432305 12.006754 2.725688 0.260775 0.762836
239785312 -13.441126 -4.820373 13.937510 2.694637 0.243990 0.767270
259746198 -15.208988 -5.050339 14.138730 2.549609 0.238573 0.821850
279707083 -15.822231 -5.366542 12.394821 2.408102 0.260917 0.906272
299668646 -15.726412 -6.219332 10.574258 2.633844 0.317107 0.978843
319630208 -15.300016 -7.536846 9.184880 2.614597 0.399620 1.030143
339591771 -14.063950 -9.453228 9.505874 2.737325 0.508114 0.976426
359553333 -13.067430 -10.962379 10.090371 2.843608 0.586149 0.913252
379514896 -13.604019 -11.757679 9.917896 2.815476 0.609642 0.940844
399477812 -13.881893 -13.410559 9.783750 2.811286 0.668390 0.956866
419440729 -13.417171 -15.370060 10.818597 2.898841 0.728248 0.892211
439403646 -12.751228 -17.286444 12.409194 3.011860 0.770966 0.798991
459366562 -11.960720 -19.686712 12.773307 3.068693 0.844161 0.752557
479329479 -10.619251 -22.824789 12.413985 3.119677 0.949593 0.707636
499294375 -8.228565 -27.021667 14.464515 -3.136991 1.018805 0.517222
519259271 -6.077425 -30.792150 18.311653 -3.007403 1.011060 0.320450
539224166 -3.657991 -33.168465 23.390066 -2.904207 0.950894 0.155134
559189062 -1.003801 -32.924126 25.042948 -2.834415 0.920142 0.040062
579153958 4.477054 -31.692852 23.294249 -2.692755 0.928287 -0.189880
599132396 13.666109 -29.163225 21.555130 -2.496627 0.851880 -0.565050
619110833 18.849926 -25.086121 18.589527 -2.810225 0.758481 -0.792353
639089271 17.407846 -17.137924 17.995449 -2.828531 0.600243 -0.768802
659067708 13.953568 -10.013770 20.673594 -2.920848 0.381785 -0.593713
679048073 12.415670 -5.668372 23.639196 -2.976366 0.209183 -0.483616
699028437 12.391714 -3.119583 24.348259 -2.976854 0.113694 -0.470771
719008802 12.492325 -1.035517 22.810362 -2.948635 0.039796 -0.501045
738989166 11.275421 0.765883 19.988487 -2.929644 -0.033360 -0.513601
758969531 9.320711 2.505000 17.286388 -2.927134 -0.126867 -0.494509
778981979 7.581594 3.846468 14.335159 -2.909637 -0.232890 -0.486485
798994687 6.532374 4.852570 10.914415 -2.713436 -0.364452 -0.539322
819007396 6.220962 5.446648 8.250644 -2.347918 -0.485096 -0.646054
839020104 5.746657 5.389157 7.378689 -2.243717 -0.522756 -0.661691
859032812 4.606410 5.307710 7.215796 -2.291307 -0.554999 -0.568162
879045521 3.360761 5.652659 6.861266 -2.192220 -0.636982 -0.455468
899031250 2.278004 6.083846 6.660046 0.490030 -0.712751 -0.329566
919016979 1.372514 6.275484 6.693583 1.201122 -0.742904 -0.202246
939002708 0.625124 6.385676 7.177469 1.508780 -0.725210 -0.086876
958988437 -0.280367 6.610851 7.675728 1.646635 -0.710669 0.036510
978974166 -1.133157 6.562941 8.236270 1.799070 -0.668243 0.136723
998953229 -1.597880 6.562941 8.518937 1.852582 -0.648087 0.185414
1018932291 -1.722445 6.562941 8.528519 1.866929 -0.646247 0.199282
1038911354 -1.612253 6.165292 8.782439 1.934024 -0.604297 0.181555
1058890416 -1.310422 5.724524 8.399163 1.952571 -0.592658 0.154770
1078869479 -0.764253 5.278965 8.116496 1.988248 -0.574641 0.093884
1098862031 -0.289949 4.876524 8.308135 2.085293 -0.530509 0.034885
1118854583 -0.165384 4.258491 8.322508 2.193766 -0.472871 0.019869
1138847135 -0.036028 3.678785 8.667457 2.312353 -0.401390 0.004157
1158839687 -0.059983 3.444028 9.093852 2.361494 -0.362021 0.006596
1178864062 -0.563033 3.324254 9.663976 2.358690 -0.330785 0.058195
1198823333 -1.578716 3.079915 10.880878 2.288840 -0.273124 0.144085
1218782604 -2.465043 2.936186 12.251093 2.297840 -0.230772 0.198559
1238741875 -3.207641 3.161361 13.046391 2.271436 -0.231105 0.241082
1258701146 -3.811302 3.712322 12.452312 2.197137 -0.277703 0.297018
1278660416 -3.811302 4.124344 10.775477 2.110723 -0.346304 0.339969
1298620469 -3.193269 4.378265 9.117806 2.020275 -0.425510 0.336874
1318580521 -2.426715 4.325564 8.193151 1.968513 -0.468604 0.287956
1338540573 -1.703281 4.052480 7.752384 1.971704 -0.472061 0.216274
1358500625 -0.960683 3.760231 7.464926 2.008641 -0.463327 0.127989
1378460677 -0.280367 3.386536 7.201424 2.102194 -0.439282 0.038912
