0 -1.219394 1.321634 9.055524 -2.304454 -0.143646 0.133852
20005573 -1.578716 1.427035 9.716677 -2.349854 -0.143961 0.161067
40011146 -1.109202 1.115623 9.635230 -2.328019 -0.114523 0.114615
60016719 -0.448050 0.813792 8.792022 -2.278320 -0.092178 0.050917
80022291 -0.371395 0.732346 8.447073 -2.278690 -0.086399 0.043939
100028177 -1.042129 0.684437 9.146552 -2.391079 -0.074212 0.113448
120034062 -1.645789 0.785047 9.539411 -2.477575 -0.080920 0.170843
140039948 -2.436297 0.890448 10.713196 -2.584428 -0.080871 0.223608
160045833 -3.025585 0.909612 11.944471 -2.649796 -0.073688 0.248086
180051719 -3.610082 1.197069 11.460585 -2.765896 -0.099298 0.305161
200057864 -5.344409 2.629565 10.770687 -3.086842 -0.215308 0.460603
220064010 -5.588747 3.530265 10.564675 2.973575 -0.287208 0.486580
240070156 -5.363572 3.597338 11.110845 -2.942058 -0.283708 0.449739
260076302 -6.820023 3.736276 12.787680 2.995063 -0.252311 0.489953
280082448 -9.373604 3.889587 13.923137 2.496272 -0.227718 0.592539
300088854 -11.280405 4.076434 12.346911 2.102528 -0.239085 0.740290
320095260 -12.037374 4.066853 9.414846 1.911779 -0.260093 0.907044
340101666 -12.291296 3.774604 7.891322 1.891683 -0.252888 1.000048
360108073 -12.066120 2.514582 8.250644 2.037667 -0.170361 0.971035
380114479 -12.391907 1.259351 9.256744 2.199833 -0.081239 0.929218
400121094 -13.244696 -0.278546 10.205354 2.602027 0.016658 0.914289
420127708 -13.814821 -2.089528 11.096472 2.679653 0.117380 0.894089
440134323 -13.781284 -4.154430 11.393511 2.739416 0.228286 0.879963
460140937 -13.618391 -6.219332 12.021127 2.801684 0.329870 0.847615
480147552 -12.502098 -8.734585 13.127838 2.909271 0.448994 0.760989
500154375 -10.566551 -10.497657 13.329058 3.006507 0.552951 0.670302
520161198 -10.044336 -11.652278 12.447522 3.003172 0.629605 0.678955
540168021 -9.119682 -12.854808 11.824697 3.026634 0.710752 0.656957
560174844 -7.318283 -13.918401 10.842551 3.084591 0.816396 0.593722
580181666 -5.540838 -14.934083 10.037670 -3.121172 0.916041 0.504381
600188594 -5.421063 -14.857428 9.893942 2.862648 0.921348 0.501243
620195521 -6.556520 -15.073021 10.468857 2.834651 0.884270 0.559525
640202448 -6.221153 -16.567801 11.005444 2.855506 0.918994 0.514498
660209375 -4.328725 -17.760748 11.800742 2.944566 0.954909 0.351578
680216302 -4.477245 -19.011189 13.544651 2.965242 0.927057 0.319247
700223333 -4.285607 -21.694124 16.261122 3.001378 0.911388 0.257690
720230364 -0.160593 -24.870529 20.898769 -3.138089 0.871945 0.007684
740237396 5.847268 -23.452406 22.853479 -2.995284 0.782481 -0.250485
760244427 10.465750 -18.584793 16.141350 -2.823177 0.768147 -0.575236
780251458 15.180052 -13.300367 8.485400 -2.614886 0.652905 -1.061082
800258541 19.865608 -8.461500 4.278940 -2.686917 0.394553 -1.358643
820265625 20.565088 -5.126994 4.360386 -2.645687 0.239214 -1.361862
840272708 17.091644 -1.964963 9.697513 -2.890142 0.099661 -1.054705
860279791 13.038494 -0.609122 13.314685 3.058099 0.032674 -0.774918
880286875 10.326813 -0.005461 14.613034 2.849082 0.000305 -0.615198
900293958 7.773232 -0.072535 14.948401 2.698474 0.004305 -0.479523
920301041 6.153889 -0.048580 13.683589 2.641569 0.003238 -0.422627
940308125 6.791086 -0.728896 12.222347 2.748338 0.052083 -0.507154
960315208 7.097707 -1.073845 11.096472 2.824510 0.081343 -0.569055
980322291 6.134725 -0.527676 9.529829 2.815722 0.046525 -0.571961
1000329375 5.104669 -0.077326 8.715366 2.580502 0.007656 -0.529845
1020336458 2.785846 0.746719 8.633920 2.065540 -0.082123 -0.312117
1040343541 1.803700 0.976685 9.534620 1.949352 -0.100313 -0.186964
1060350625 1.137757 1.244979 9.759795 1.883808 -0.126032 -0.116052
1080357708 0.366413 1.532436 9.956224 1.830987 -0.152617 -0.036786
1100364427 -0.055192 1.815102 9.659184 1.787375 -0.185746 0.005714
1120371146 -0.764253 2.207961 9.328609 1.738310 -0.231662 0.081743
1140377864 -1.013383 2.385226 9.328609 1.723426 -0.248922 0.108207
1160384583 -0.582197 2.351690 9.007615 1.712876 -0.254868 0.064544
1180391302 0.040627 2.342108 8.389581 1.684887 -0.272235 -0.004843
1200397448 0.663452 2.140887 8.260225 1.495298 -0.252820 -0.080147
1220403594 0.979655 2.073814 8.217107 1.491996 -0.245546 -0.118661
1240409739 1.200039 1.843848 8.801603 1.548429 -0.204663 -0.135508
1260415885 1.434796 1.594718 9.376518 1.605089 -0.166561 -0.151842
1280422031 1.453960 1.374334 9.759795 1.649783 -0.138389 -0.147887
1300427344 1.080265 1.082086 10.655704 1.703787 -0.100690 -0.101034
1320432656 0.740107 0.900030 11.125217 1.727192 -0.080547 -0.066427
1340437969 1.257531 0.631736 11.134800 1.767475 -0.056317 -0.112460
1360443281 1.669553 0.535917 10.799433 1.788358 -0.049003 -0.153382
1380448594 1.640807 0.631736 10.430529 1.772744 -0.059759 -0.156030
1400453906 1.449169 0.708391 10.238891 1.689927 -0.068397 -0.140602
1420459219 1.085056 0.837747 10.253263 1.662512 -0.081074 -0.105433
1440464531 1.171293 0.741928 10.272428 1.680115 -0.071637 -0.113533
1460469844 1.238367 0.823374 9.817286 1.660640 -0.083019 -0.125479
1480475156 1.204830 0.794629 9.577739 1.662251 -0.082132 -0.125138
1500480469 0.888627 0.866493 9.577739 1.646474 -0.089840 -0.092516
1520485781 0.735316 0.880866 9.707094 1.645188 -0.090240 -0.075606
1540491094 0.471814 0.909612 9.764585 1.640461 -0.092778 -0.048281
1560496406 0.179565 0.957521 9.654394 1.631248 -0.098840 -0.018597
1580501719 -0.189338 1.067713 9.649603 1.616449 -0.110179 0.019619
