0 -1.353541 0.272414 8.562056 -1.817873 -0.031416 0.156788
19966719 -1.684117 -0.034207 10.579048 -1.905506 0.003193 0.157869
39933438 -2.033857 -0.158772 12.231929 -1.935132 0.012804 0.164767
59900157 -2.560862 -0.680986 12.337330 -2.082065 0.053993 0.204664
79866875 -3.121404 -1.088217 11.518076 -2.272919 0.090938 0.264644
99834063 -3.322624 -1.313393 9.735840 -2.502492 0.126986 0.328883
119801250 -3.710692 -1.279856 8.811186 -2.724903 0.133076 0.398592
139768438 -4.932386 -1.169664 9.515456 -3.008478 0.108702 0.478224
159735625 -7.064362 -1.241528 11.542031 2.946296 0.091489 0.549237
179702813 -9.019072 -1.251110 12.078618 2.550884 0.082806 0.641384
199670938 -10.552179 -1.826025 11.130009 2.406963 0.118502 0.758755
219639063 -11.083975 -2.832126 11.038980 2.444716 0.179104 0.787432
239607188 -10.983364 -3.680125 10.741941 2.497787 0.235114 0.796510
259575313 -11.754709 -4.087357 10.492811 2.446017 0.253811 0.842058
279543438 -14.006458 -4.130475 10.947952 2.326147 0.228293 0.907354
299512657 -16.330072 -4.681435 10.727569 2.237504 0.235168 0.989571
319481875 -18.418930 -5.749818 9.970597 2.187101 0.267927 1.074639
339451094 -20.809618 -7.579964 10.004133 2.187989 0.317202 1.122671
359420313 -22.826611 -10.909679 11.537240 2.272629 0.403182 1.102815
379453698 -23.655445 -15.240705 13.060764 2.495747 0.513544 1.066323
399452761 -23.942904 -19.878351 12.691860 2.308467 0.632890 1.083369
419451823 -23.966858 -24.779501 11.297692 2.255066 0.751931 1.130299
439450886 -23.530880 -30.514277 13.113465 2.259629 0.847562 1.062375
459449948 -22.064848 -34.442860 16.586908 2.324722 0.895175 0.926186
479449011 -21.149775 -38.563084 19.466272 2.377116 0.930252 0.826824
499428125 -19.056128 -41.174156 20.678385 2.420314 0.971604 0.744593
519407240 -16.607948 -42.438969 18.546410 2.411767 1.040271 0.730313
539386355 -14.087906 -43.459442 17.679247 2.438111 1.091151 0.672824
559365469 -10.370123 -43.809181 19.945368 2.578288 1.096694 0.479461
579344584 -6.125334 -42.276077 22.474995 2.740202 1.067174 0.266078
599323698 -2.263823 -39.257771 22.201910 2.751648 1.053880 0.101614
619302813 0.879045 -35.506454 19.657911 2.888039 1.064737 -0.044687
639281927 6.618611 -30.557394 17.204941 -3.090849 1.027982 -0.367241
659261042 11.002337 -24.161467 14.114775 -2.806599 0.933276 -0.662110
679240157 12.032393 -17.339144 13.439250 -2.721838 0.765629 -0.730222
699219271 11.931784 -12.639215 15.758073 -2.764093 0.568923 -0.648084
719198386 12.128212 -9.755058 17.386997 -2.768475 0.431274 -0.609076
739177500 12.904346 -7.738066 17.109121 -2.692203 0.346517 -0.646208
759156615 13.613409 -6.329525 16.035948 -2.597455 0.292285 -0.703873
779135730 14.705748 -5.117412 13.999792 -2.455477 0.246897 -0.809986
799116146 14.739285 -3.766363 11.604313 -2.335744 0.198140 -0.903844
819096563 13.967939 -2.305121 10.286800 -2.261427 0.132108 -0.936019
839076980 12.813318 -1.524195 10.785060 -2.279324 0.090757 -0.871136
859057396 11.323332 -1.025935 11.580359 -2.344258 0.063259 -0.774177
879035521 9.521931 -0.882206 12.279839 -2.474854 0.056713 -0.659567
899013646 7.337255 -0.657031 12.653533 -1.649267 0.044889 -0.525478
918991771 5.277143 -0.479766 12.370867 1.573545 0.035657 -0.403207
938969896 3.830275 -0.494139 11.781579 1.612632 0.039866 -0.314329
958948021 2.972693 -0.556421 11.130009 1.651449 0.048262 -0.260996
978992136 2.354660 -0.551630 11.062935 1.631295 0.048732 -0.209713
998958282 1.444378 -0.700150 11.048562 1.659468 0.062753 -0.129993
1018924427 0.375994 -0.613913 10.694032 1.406237 0.057309 -0.035145
1038890573 -0.457632 -0.364783 10.579048 1.382972 0.034436 0.043231
1058856719 -0.687598 -0.005461 11.508494 1.324699 0.000474 0.059676
1078822865 -0.984637 0.516753 12.442731 1.260968 -0.041377 0.078969
1098789532 -1.372705 0.871284 11.882189 1.232329 -0.072714 0.115016
1118756198 -1.765563 1.082086 10.785060 1.223337 -0.098692 0.162265
1138722865 -2.009902 1.403080 10.296382 1.197641 -0.132956 0.192780
1158689532 -1.885337 1.398289 10.200562 1.190205 -0.133989 0.182764
1178656198 -1.588298 1.288097 10.071207 1.183953 -0.125672 0.156419
1198623855 -1.607462 1.268933 9.683140 1.409588 -0.128563 0.164506
1218591511 -2.053021 1.326425 9.769377 1.419228 -0.132098 0.207135
1238559167 -2.503371 1.379125 10.176608 1.431223 -0.130844 0.241203
1258526823 -2.685427 1.350380 10.109535 1.439315 -0.128388 0.259637
1278494480 -2.469834 1.225815 9.616066 1.443409 -0.122846 0.251410
1298464115 -2.062603 1.211442 9.247163 1.429167 -0.127175 0.219460
1318433750 -1.870964 1.244979 9.002824 1.415388 -0.134576 0.204903
1338403386 -1.583507 1.091668 9.055524 1.426527 -0.118197 0.173116
1358373021 -1.305632 0.976685 9.165716 1.435135 -0.105105 0.141495
1378343230 -1.099620 0.799420 9.012405 1.455155 -0.087823 0.121412
1398313438 -0.840909 0.631736 8.892632 1.475636 -0.070607 0.094282
1418285365 -0.649270 0.368233 9.103434 1.522447 -0.040326 0.071201
1438257292 -0.606152 0.315533 9.515456 1.596407 -0.033081 0.063616
1458229219 -0.682807 0.339488 9.793331 1.593871 -0.034567 0.069609
1478201146 -0.668434 0.325115 9.649603 1.595488 -0.033599 0.069160
1498173073 -0.687598 0.349070 9.338191 1.589403 -0.037263 0.073500
1518146980 -0.721135 0.262832 8.897423 1.602170 -0.029435 0.080873
1538120886 -0.596570 0.162222 8.595592 1.620103 -0.018825 0.069293
1558094792 -0.572615 0.210132 8.590801 1.610936 -0.024401 0.066556
1578068698 -0.812163 0.377815 9.548993 1.586032 -0.039403 0.084848
1598042605 -1.248140 0.272414 10.564675 1.607216 -0.025602 0.117598
