0 0.778435 0.152640 9.199253 -1.829536 -0.016532 -0.084418
19976354 0.649079 0.075985 8.447073 -1.843797 -0.008969 -0.076690
39952708 0.026255 0.104731 9.577739 -1.875229 -0.010934 -0.002741
59929062 -0.701971 0.478425 10.080789 -1.844478 -0.047309 0.069522
79905416 -1.056502 0.363442 11.000652 -1.892614 -0.032875 0.095746
99905781 -1.022965 0.119104 12.169646 -1.933701 -0.009752 0.083862
119906146 -0.951101 -0.158772 11.474957 -1.980859 0.013788 0.082696
139876666 -1.305632 -0.388738 8.974078 -2.031141 0.042840 0.144476
159847187 -2.043439 0.162222 8.303344 -1.982446 -0.018969 0.241303
179817708 -3.030376 0.171804 9.922688 -2.107661 -0.016558 0.296402
199788229 -4.084386 -0.561212 11.858234 -2.459764 0.044717 0.331708
219758750 -5.708521 -0.829506 12.778098 -2.915042 0.059201 0.420142
239729583 -8.650169 -0.623495 13.702752 2.543620 0.038457 0.563097
259700416 -10.753399 -0.819924 14.363905 2.286149 0.045664 0.642630
279671250 -12.147568 -1.490658 14.287250 2.234898 0.079321 0.704632
299642083 -13.570482 -2.070364 13.860854 2.174091 0.106328 0.774813
319612916 -15.113171 -2.769844 12.437940 2.100230 0.140579 0.882195
339584375 -18.744715 -3.819063 9.750213 1.978564 0.178820 1.091153
359555833 -20.359268 -8.212371 8.686621 2.088731 0.355271 1.167515
379527291 -17.139744 -14.316050 12.591250 2.479845 0.592470 0.937209
399498750 -14.940695 -15.940184 17.166615 2.768432 0.611013 0.716181
419470208 -18.816580 -15.940184 16.146141 2.558506 0.571364 0.861630
439444010 -22.860147 -17.573900 12.816425 2.350571 0.590694 1.059817
459417812 -22.884102 -20.836542 10.219727 2.302864 0.693588 1.150785
479391614 -22.486452 -25.823929 7.469718 2.241993 0.828371 1.250077
499390312 -20.531742 -31.309574 5.869538 2.209940 0.972229 1.292347
519389010 -17.901506 -35.726837 7.014576 2.284923 1.077089 1.197342
539379166 -16.262999 -38.280418 9.189671 2.405904 1.116817 1.056460
559369323 -15.285645 -43.200729 13.218866 2.069262 1.133251 0.857779
579359479 -11.519953 -49.323574 20.467583 2.349672 1.126387 0.512647
599349635 -4.606601 -50.391956 25.670563 2.624804 1.093203 0.177561
619339791 0.112492 -47.043079 23.873953 2.772621 1.101169 -0.004712
639318854 3.715292 -39.056553 23.001999 2.902468 1.032900 -0.160137
659297916 5.689166 -29.115316 19.332127 3.006335 0.965365 -0.286206
679276979 6.053278 -20.841333 15.901802 3.069865 0.886132 -0.363729
699256041 9.291965 -15.508998 14.066865 -3.029010 0.743722 -0.583761
719235104 13.728392 -12.174492 12.830798 -2.820218 0.574892 -0.819181
739214114 15.285454 -9.228053 12.495431 -2.271757 0.437239 -0.885492
759193125 14.346426 -6.434926 12.754143 -2.231365 0.323449 -0.844085
779172135 12.937883 -4.326904 12.596042 -2.197172 0.235192 -0.798785
799151146 11.644325 -3.363922 11.795952 -2.180951 0.200230 -0.778930
819130156 10.336393 -3.110001 10.440111 -2.188026 0.208609 -0.780406
839109166 8.712259 -2.784216 9.798122 -2.239779 0.209244 -0.726803
859088177 6.958769 -2.113482 10.258055 -2.347280 0.168878 -0.596062
879067187 5.152579 -1.279856 11.297692 -2.552248 0.102709 -0.427893
899046198 3.006230 -0.431856 11.618687 -3.020798 0.035969 -0.253188
919025208 1.022774 0.267623 11.609104 2.496270 -0.022960 -0.087874
939006823 -0.342649 0.809001 11.934890 2.072884 -0.067653 0.028702
958988437 -0.797790 0.866493 12.126528 2.010926 -0.071180 0.065694
978970052 -0.831327 0.583826 11.992381 2.067091 -0.048528 0.069211
998947604 -0.625316 0.416143 11.671387 1.353502 -0.035589 0.053526
1018925156 -0.572615 0.248459 11.043772 1.376428 -0.022464 0.051803
1038902708 -0.678016 0.143058 10.694032 1.396856 -0.013350 0.063317
1058880260 -0.740299 0.114313 10.396992 1.403519 -0.010967 0.071083
1078857812 -0.529496 0.023285 10.013716 1.413539 -0.002322 0.052828
1098861250 -0.050401 -0.106071 9.994552 1.424724 0.010612 0.005043
1118864687 0.122074 -0.312082 10.114326 1.463673 0.030843 -0.012069
1138834010 0.102910 -0.503721 10.320337 1.555757 0.048767 -0.009971
1158803333 0.251430 -0.901370 10.823387 1.624419 0.083066 -0.023226
1178772656 0.701780 -1.155291 10.986279 1.679916 0.104561 -0.063791
1198741979 0.620333 -1.318184 10.732359 1.715248 0.122010 -0.057736
1218711302 0.284966 -1.069054 10.253263 1.666978 0.103850 -0.027786
1238680989 0.481396 -0.949280 9.807705 1.657732 0.096373 -0.049044
1258650677 0.788017 -1.073845 9.285490 1.710795 0.114727 -0.084663
1278620364 0.754480 -1.030726 8.921377 1.710418 0.114619 -0.084369
1298590052 0.126865 -0.719314 9.218417 1.612539 0.077865 -0.013761
1318559739 -1.099620 -0.264173 9.850823 1.520775 0.026646 0.111167
1338530156 -2.033857 0.152640 10.258055 1.697867 -0.014595 0.195731
1358500573 -2.282987 0.267623 9.860405 1.679926 -0.026436 0.227522
1378470989 -2.345269 0.253250 9.170507 1.677384 -0.026748 0.250374
1398441406 -2.527326 0.195759 8.883050 1.680864 -0.021193 0.277187
1418411823 -2.589608 0.128686 8.839931 1.687569 -0.013969 0.284971
1438385781 -2.259032 0.147849 8.854304 1.689106 -0.016178 0.249805
1458359739 -1.918874 0.133477 9.184880 1.696885 -0.014224 0.205954
1478333698 -2.244659 0.123895 9.860405 1.696778 -0.012251 0.223829
1498334479 -2.872274 0.349070 9.893942 1.667222 -0.033869 0.282540
1518335260 -3.451980 0.559872 9.352564 1.643011 -0.056101 0.353583
