0 -1.214603 1.719283 9.299863 -1.856354 -0.181302 0.129869
20005885 -1.219394 1.891758 9.127389 -1.781906 -0.202617 0.132811
40011770 -1.535597 1.546809 10.234099 -1.991342 -0.148371 0.148936
60017656 -2.685427 1.101250 11.968426 -2.334449 -0.089541 0.220720
80023541 -3.935867 0.900030 13.535069 -2.612667 -0.063765 0.282986
100029531 -4.640138 1.355171 13.559024 -3.022970 -0.094282 0.329725
120035520 -5.042578 1.987577 13.209284 3.049289 -0.139658 0.364671
140041510 -7.342237 2.423554 13.697962 2.299819 -0.154694 0.492039
160047500 -10.231184 2.452300 13.717126 2.032820 -0.142336 0.640852
180053489 -11.347477 2.715802 12.691860 1.911663 -0.158186 0.729532
200059531 -12.847048 2.840367 12.548132 1.877266 -0.156865 0.797168
220065573 -14.504719 2.380435 13.985419 1.948568 -0.117597 0.803623
240071614 -16.080942 0.823374 15.326887 2.081159 -0.037047 0.809402
260077656 -17.408037 -1.131336 15.738910 2.177738 0.048170 0.835711
280083698 -18.438093 -3.191448 15.202322 2.231452 0.132764 0.881290
300089739 -18.476421 -5.740237 14.934029 2.696707 0.237077 0.891030
320095781 -17.925461 -8.677094 14.957983 2.743331 0.355843 0.875397
340101823 -17.820061 -10.713250 14.756763 2.756561 0.433643 0.879156
360107864 -17.997326 -12.653587 14.723227 2.762858 0.498366 0.885129
380113906 -18.744715 -15.073021 16.831247 2.807218 0.539181 0.839132
400119948 -19.372330 -17.473291 17.961912 2.515754 0.584357 0.823158
420125989 -18.011698 -20.098736 17.109121 2.489120 0.680235 0.811092
440132031 -14.121441 -23.169739 17.909212 2.496530 0.793290 0.667690
460138073 -10.710279 -25.459816 19.557301 2.544783 0.851508 0.501026
480144114 -8.678915 -26.571318 19.595629 2.570223 0.892063 0.416934
500149010 -6.503820 -27.495974 17.530725 2.573888 0.973594 0.355255
520153906 -5.095279 -27.141441 15.489779 2.573644 1.029797 0.317795
540158802 -5.775594 -26.494663 16.668354 2.581864 0.983382 0.333554
560163698 -4.357471 -26.576109 16.515043 2.616912 0.999576 0.257970
580168593 0.117283 -25.229851 15.542480 2.759712 1.018657 -0.007546
600173489 3.068512 -23.418869 16.126976 2.871630 0.959409 -0.188024
620178385 3.825484 -22.384022 17.367834 2.477632 0.899417 -0.216801
640183281 8.439175 -19.768160 15.901802 2.693532 0.832113 -0.487909
660188177 12.995375 -15.748546 15.264605 2.866233 0.665883 -0.705272
680193073 13.824211 -15.235913 15.063384 2.897660 0.640422 -0.742528
700198020 15.199215 -15.034694 14.636990 2.953239 0.619070 -0.804240
720202968 16.943125 -13.707599 12.830798 3.064448 0.572828 -0.922648
740207916 16.880842 -11.374402 11.163546 3.126932 0.512028 -0.986508
760212864 14.317680 -8.485456 10.176608 3.090537 0.450008 -0.952877
780217812 11.620371 -6.300778 8.538101 3.071910 0.411950 -0.937125
800222812 10.326813 -4.120893 7.498463 -2.882756 0.312333 -0.942757
820227812 8.903898 -2.314703 6.961876 -2.926185 0.202002 -0.907196
840232812 7.150408 -0.987607 6.621718 2.394680 0.100995 -0.823768
860237812 6.053278 0.095149 6.846893 1.201851 -0.010411 -0.723956
880242812 5.272353 0.459262 7.742802 1.237059 -0.048988 -0.597816
900247864 4.659110 0.214923 8.820767 1.394729 -0.021541 -0.485951
920252916 4.333325 -0.034207 9.199253 1.465795 0.003364 -0.440222
940257968 4.338116 -0.374365 9.237580 1.537518 0.036666 -0.439046
960263020 4.199178 -0.700150 9.271117 1.604633 0.068684 -0.425289
980268073 4.318952 -0.815133 9.731050 1.619359 0.076415 -0.417713
1000273177 4.117732 -0.604331 10.018507 1.575310 0.055735 -0.389964
1020278281 3.921303 -0.216263 9.419637 0.940560 0.021192 -0.394470
1040283385 4.247088 0.162222 9.007615 0.695343 -0.016288 -0.440589
1060288489 3.892557 0.435307 9.812495 0.805184 -0.041213 -0.377653
1080293593 2.546298 0.143058 11.029399 1.114207 -0.012638 -0.226889
1100298750 1.722253 -0.192309 12.231929 1.241439 0.015567 -0.139880
1120303906 1.592898 -0.700150 12.452312 1.323488 0.055714 -0.127229
1140309062 2.028875 -0.901370 12.040291 1.342871 0.073688 -0.166939
1160314218 2.153440 -1.001980 11.786369 1.358465 0.083433 -0.180713
1180319375 2.258841 -1.265483 11.436630 1.410349 0.108131 -0.194999
1200324635 2.718772 -1.375675 10.464066 1.789948 0.126562 -0.254199
1220329895 2.431315 -1.294229 9.218417 1.844793 0.134929 -0.257873
1240335156 1.774954 -1.145709 10.684449 1.622746 0.105390 -0.164622
1260340416 0.974864 -1.299020 13.065556 1.582567 0.098825 -0.074475
1280345677 0.538887 -1.265483 12.399612 1.585852 0.101611 -0.043433
1300351145 -0.232457 -0.954071 11.288110 1.540423 0.084302 0.020590
1320356614 -1.415823 -0.125235 10.320337 1.420864 0.012022 0.136337
1340362083 -2.115303 0.636527 9.841241 1.336094 -0.063151 0.211721
1360367552 -1.875755 0.454471 9.271117 1.351676 -0.048010 0.199628
1380373020 -1.847010 0.095149 8.950123 1.403628 -0.010411 0.203510
