0 -6.518193 -1.318184 14.239340 -2.890214 0.083976 0.429288
19985989 -8.166283 -1.260692 11.824697 2.900369 0.087504 0.604398
39971979 -8.731615 -0.642659 9.874778 2.560183 0.048716 0.724036
59957969 -9.043028 -0.307292 9.721467 2.466532 0.023140 0.749258
79943958 -9.761671 -0.134817 10.401783 2.434082 0.009451 0.753663
99925573 -11.021692 -0.340828 10.708405 2.368503 0.022175 0.799814
119907187 -12.655409 -0.886997 10.531139 2.300052 0.053823 0.876760
139888802 -15.070051 -1.639178 10.832970 2.259349 0.088091 0.947537
159870417 -17.221189 -3.675334 11.810325 2.331895 0.174221 0.969663
179852031 -17.796104 -6.775084 13.626098 2.498830 0.293543 0.917336
199831302 -17.144535 -10.545567 15.120876 2.678638 0.432221 0.848035
219810573 -16.286953 -14.728072 17.707993 2.803703 0.549315 0.743621
239789844 -14.590956 -18.172770 19.964533 2.922784 0.633769 0.631128
259769114 -12.502098 -21.056927 18.579947 2.968630 0.754623 0.592293
279748385 -11.285194 -21.569559 14.378278 2.908401 0.867811 0.665452
299733542 -12.094868 -20.707186 11.666595 2.788139 0.889061 0.803420
319718698 -12.439816 -21.588722 11.297692 2.763158 0.909374 0.833476
339703854 -11.390596 -24.875319 13.697962 2.886569 0.949295 0.693687
359694531 -10.796518 -29.282999 17.640919 3.014557 0.955856 0.549208
379685208 -11.079184 -33.479877 19.902250 3.051473 0.973376 0.507957
399676406 -9.062191 -37.566566 22.245028 -3.123907 1.001909 0.386853
419667604 -3.226805 -38.721184 22.700169 -2.906954 1.036176 0.141203
439658802 2.330705 -38.026497 19.399200 -2.679683 1.096155 -0.119571
459650000 6.652148 -35.717255 23.557751 -2.549565 0.969968 -0.275211
479641198 8.190046 -31.592241 27.994177 -2.536718 0.825282 -0.284620
499633542 10.446587 -26.111385 24.798609 3.077660 0.770353 -0.398696
519625885 14.940504 -20.582623 21.353910 -3.068488 0.668470 -0.610499
539618229 17.455757 -14.157948 19.792059 -2.993685 0.492412 -0.722757
559610573 18.658287 -8.490246 18.675766 -2.943936 0.311163 -0.784930
579602917 18.950535 -4.705390 17.540308 -2.904828 0.180245 -0.824025
599596927 18.294174 -1.543358 16.055113 -2.257830 0.063323 -0.850491
619590937 17.254538 0.813792 14.478888 -2.093195 -0.036113 -0.872644
639584948 15.759758 2.667893 13.261985 -1.934022 -0.128809 -0.871252
659578958 13.948776 4.191417 11.867816 -1.741834 -0.224986 -0.865830
679572969 12.156958 5.092117 10.741941 -1.562746 -0.304147 -0.847114
699569062 10.369930 5.461021 10.368246 -1.398890 -0.356496 -0.785479
719565156 8.673933 5.451439 10.440111 -1.221980 -0.381912 -0.693258
739561250 6.609030 5.437066 10.444901 -0.786213 -0.414410 -0.564154
759557344 5.128624 4.689677 10.243682 -0.334391 -0.388558 -0.464177
779553437 4.251879 3.515892 10.842551 1.223426 -0.293186 -0.373719
799551979 3.394297 2.303780 11.451003 2.158410 -0.190550 -0.288168
819550521 2.493598 1.297679 11.340811 2.047589 -0.111294 -0.216434
839549062 2.153440 0.363442 10.885670 2.203609 -0.032741 -0.195302
859547604 1.827654 -0.192309 10.497602 2.264915 0.018046 -0.172374
879546146 1.219203 -0.422275 10.282009 2.229860 0.040761 -0.118025
899547396 0.395158 -0.086907 9.975388 2.100478 0.008705 -0.039593
919548646 -0.414513 0.315533 9.285490 1.979251 -0.033934 0.044611
939549896 -0.740299 0.694018 8.782439 1.899001 -0.078582 0.084094
959551146 -0.941519 0.909612 8.528519 1.853811 -0.105617 0.109951
979552396 -1.228976 1.144368 8.796812 1.817344 -0.128132 0.138809
999556458 -1.832637 1.623464 9.199253 1.984818 -0.171379 0.196641
1019560521 -2.469834 2.073814 9.208835 1.910034 -0.214175 0.262036
1039564583 -2.369224 2.207961 9.204043 1.894319 -0.228268 0.251942
1059568646 -2.038648 2.073814 9.141762 1.915228 -0.217897 0.219414
1079572708 -1.899710 1.863012 9.534620 1.960801 -0.189333 0.196668
1099579531 -1.947620 1.762402 9.659184 1.976485 -0.176988 0.198966
1119586354 -2.043439 1.633046 9.242372 1.977442 -0.170843 0.217594
1139593177 -1.928456 1.436617 9.160925 2.004985 -0.152269 0.207480
1159600000 -1.530806 0.971894 9.227999 2.088386 -0.103529 0.164390
1179606823 -0.812163 0.420934 8.806395 2.211146 -0.047561 0.091964
1199616302 -0.002491 -0.312082 7.886531 2.406483 0.039551 0.000316
1219625781 0.064582 -0.973235 7.704474 2.618660 0.125651 -0.008382
1239635260 -1.329586 -0.853461 9.572948 2.395533 0.088077 0.138007
1259644739 -2.781246 -0.379156 11.058145 2.236929 0.033240 0.246400
1279654219 -3.442398 -0.134817 11.604313 2.182499 0.011138 0.288379
1299666094 -3.835257 0.325115 11.886980 2.128641 -0.026023 0.312099
1319677969 -3.887957 0.904821 11.015026 2.058727 -0.077306 0.339317
1339689844 -3.423234 0.976685 9.740631 2.040620 -0.094317 0.337956
1359701719 -2.690218 0.694018 9.429219 2.100407 -0.070661 0.277923
1379713594 -2.814783 0.756301 10.032880 2.101014 -0.072453 0.273524
1399727552 -3.341788 0.871284 10.473647 2.431216 -0.079087 0.308856
1419741510 -3.720274 1.163532 10.574258 2.386666 -0.103427 0.338298
1439755469 -4.319143 1.676165 10.876088 2.323013 -0.142266 0.378024
1459769427 -4.999459 1.939667 10.761105 2.269047 -0.162035 0.434917
1479783385 -5.488137 2.227125 10.492811 2.222876 -0.185908 0.481908
