0 -0.744238 0.054545 0.916286 -1.424098 1.103310 9.639764 -0.891312 -0.112745 0.146671
19980625 -0.723044 0.029992 0.137780 -1.428427 1.108660 9.638510 -0.898473 -0.113294 0.147129
39961250 -0.241251 0.096408 -0.086733 -1.397204 1.099725 9.644108 -0.860379 -0.112377 0.143875
59941875 -0.247006 0.013813 -0.059767 -1.347509 1.074133 9.654058 -0.887868 -0.109751 0.138684
79922500 -0.107118 0.007328 0.351583 -1.290653 1.052523 9.664202 -0.921551 -0.107535 0.132764
99903125 0.039303 -0.097776 0.508849 -1.290653 1.052523 9.664202 -0.880070 -0.107535 0.132764
119883750 0.171880 -0.088246 0.144198 -1.216046 1.071926 9.671741 -1.000697 -0.109525 0.125076
139864375 0.110691 -0.271260 -0.108760 -1.195903 1.078345 9.673539 -0.874596 -0.110183 0.123002
159845104 -0.426351 -0.006200 -0.231040 -1.195903 1.078345 9.673539 -0.882007 -0.110183 0.123002
179825833 -0.825206 0.479743 -0.056976 -1.201068 1.082315 9.672457 -0.896520 -0.110591 0.123542
199806562 -1.692378 0.919544 -0.223015 -1.223768 1.101757 9.667415 -0.864481 -0.112586 0.125917
219787291 -3.692856 1.812549 -0.636354 -1.248046 1.114858 9.662808 -0.890378 -0.113930 0.128449
239768021 -5.251347 2.044935 -1.618813 -1.366055 1.105940 9.647859 -0.901866 -0.113015 0.140657
259748750 -5.634742 0.563173 -1.764198 -1.427472 0.990853 9.651472 -0.922428 -0.101212 0.146837
279729479 -6.286020 0.774156 0.499059 -1.427472 0.990853 9.651472 -1.000471 -0.101212 0.146837
299710208 -8.121351 1.259252 2.078561 -1.423800 0.899461 9.660961 -1.005802 -0.091849 0.146323
319690937 -11.372571 1.029900 -1.326150 -1.473919 0.964230 9.647187 -1.061216 -0.098483 0.151610
339671666 -14.626781 -0.203273 -1.179579 -1.493852 0.938939 9.646615 -1.037437 -0.095892 0.153637
359652396 -15.338772 -2.045204 2.021292 -1.245592 0.815726 9.692961 -1.121110 -0.083277 0.127804
379633125 -15.668051 -3.644964 3.331870 -1.245592 0.815726 9.692961 -1.111470 -0.083277 0.127804
399613854 -17.071510 -4.806244 4.381359 -0.866768 0.697360 9.743346 -1.211184 -0.071171 0.088726
419594583 -18.017210 -6.589499 3.165588 -0.336501 0.870829 9.762111 -1.263651 -0.088917 0.034456
439575312 -18.622271 -9.462387 2.165965 -0.336501 0.870829 9.762111 -1.435262 -0.088917 0.034456
459556041 -20.273052 -12.878523 3.030785 -0.135074 1.008153 9.753757 -1.402012 -0.102985 0.013847
479536771 -22.787512 -16.297974 4.933693 0.525650 1.149862 9.724808 -1.550922 -0.117524 -0.054000
499517500 -24.484720 -20.992954 5.332239 0.877803 1.298725 9.680556 -1.722407 -0.132823 -0.090430
519498229 -26.158092 -27.396236 4.525935 0.877803 1.298725 9.680556 -1.861420 -0.132823 -0.090430
539478958 -26.921753 -34.558121 5.952862 0.988767 1.543956 9.633739 -2.025765 -0.158097 -0.102278
559459687 -23.194082 -39.344040 7.720447 1.393101 1.892454 9.520939 -2.126615 -0.194195 -0.145289
579440416 -18.050983 -40.203236 7.010076 2.158117 1.880084 9.379670 -2.221550 -0.192909 -0.226149
599421146 -17.377434 -38.552467 0.921021 2.758588 1.849836 9.227063 -2.449500 -0.189768 -0.290509
619401875 -14.909601 -39.480999 -2.616981 2.758588 1.849836 9.227063 -2.631475 -0.189768 -0.290509
639382604 -7.697808 -39.717278 -0.632837 2.903375 1.656962 9.219288 -2.741351 -0.169778 -0.305092
659363333 -1.243839 -36.251411 -0.647619 2.661256 1.651462 9.293050 -2.952934 -0.169209 -0.278906
679344062 5.738336 -34.356281 -3.343298 2.661256 1.651462 9.293050 -2.971069 -0.169209 -0.278906
699324791 8.907376 -32.238579 -3.535500 1.750528 1.338896 9.555804 3.033539 -0.136957 -0.181181
719305521 13.067076 -30.403683 0.399933 1.750528 1.338896 9.555804 3.118639 -0.136957 -0.181181
739286250 20.186909 -28.409525 8.157565 1.237716 0.877113 9.688608 3.087842 -0.089560 -0.127061
759266979 22.229685 -24.367384 11.143783 0.502656 0.321628 9.788477 2.917567 -0.032803 -0.051307
779247708 18.294725 -18.754385 7.984376 0.435605 0.268103 9.793303 2.927311 -0.027342 -0.044451
799228437 14.770016 -12.924267 3.833425 0.492196 0.245877 9.791203 2.919879 -0.025075 -0.050227
819209166 14.727676 -8.824133 0.818458 0.492196 0.245877 9.791203 3.052085 -0.025075 -0.050227
839189896 14.735157 -6.228815 -0.505244 0.623681 0.190123 9.784951 2.958201 -0.019388 -0.063653
859170625 11.805332 -4.027261 -0.434101 0.993825 -0.105787 9.755589 3.064686 0.010787 -0.101522
879151354 6.749449 -1.754170 0.575498 1.112333 -0.252692 9.740084 -3.112710 0.025770 -0.113709
899132083 3.702701 -0.649228 1.288306 1.118375 -0.324190 9.737275 3.135273 0.033064 -0.114354
919112812 1.310435 -0.050876 1.885389 1.118375 -0.324190 9.737275 -3.101695 0.033064 -0.114354
939093541 -1.316392 0.078005 1.715217 1.006759 -0.369054 9.747852 -3.077723 0.037642 -0.102915
959074271 -3.547155 0.652461 1.535215 1.023869 -0.453950 9.742485 -3.035525 0.046307 -0.104709
979055000 -4.408649 1.220066 1.854841 1.085823 -0.563480 9.730049 -2.940546 0.057491 -0.111135
999035729 -3.607457 1.249704 2.597330 1.164081 -0.624806 9.717249 -2.977310 0.063756 -0.119227
1019016458 -3.316679 1.258655 2.162915 1.227990 -0.618751 9.709767 -2.959061 0.063137 -0.125802
1038997187 -3.485256 1.442142 1.146512 1.227990 -0.618751 9.709767 -2.957860 0.063137 -0.125802
1058977916 -3.869602 1.825494 0.605606 1.283251 -0.544515 9.707067 -2.913754 0.055554 -0.131435
1078958646 -2.666529 1.697108 0.641157 1.302074 -0.508880 9.706494 -2.952568 0.051915 -0.133349
1098939375 -1.188115 1.286787 0.500594 1.302074 -0.508880 9.706494 -2.944044 0.051915 -0.133349
1118920104 -0.773314 1.070343 -0.006444 1.320977 -0.452040 9.706754 -2.924495 0.046112 -0.135257
1138900833 -0.613127 0.842915 -0.892076 1.297300 -0.297935 9.715897 -2.850670 0.030386 -0.132738
1158881562 -0.146728 0.428632 -0.641558 1.297300 -0.297935 9.715897 -2.909266 0.030386 -0.132738
1178862291 0.311633 0.076168 -0.025140 1.239929 -0.232300 9.725174 -2.915816 0.023690 -0.126813
1198843021 0.491222 0.005159 0.083256 1.180526 -0.156331 9.734080 -2.933158 0.015942 -0.120688
1218823750 0.326502 0.305477 -0.539752 1.116796 0.032205 9.742798 -2.897129 -0.003284 -0.114130
1238804479 0.213748 0.523875 -1.432214 1.116796 0.032205 9.742798 -2.920876 -0.003284 -0.114130
1258785208 -0.007691 0.704490 -1.464765 1.019505 0.121286 9.752758 -2.948696 -0.012368 -0.104157
1278765937 -0.013097 0.525073 -0.745111 0.944736 0.113749 9.760375 -2.898037 -0.011599 -0.096492
1298746666 -0.014767 0.249780 0.455834 0.944736 0.113749 9.760375 -2.908529 -0.011599 -0.096492
1318727396 -0.205739 0.114151 0.634567 0.902220 0.098865 9.764559 -2.935615 -0.010082 -0.092136
1338708125 -0.573445 0.183062 0.530267 0.914462 0.064247 9.763709 -2.882923 -0.006551 -0.093387
1358688854 -0.989245 0.150200 0.418055 0.914462 0.064247 9.763709 -2.841387 -0.006551 -0.093387
1378669583 -0.817952 0.172142 0.651361 0.910831 0.053779 9.764112 -2.887901 -0.005484 -0.093014
1398650312 -0.306013 0.080266 0.489222 0.899554 0.063140 9.765100 -2.858600 -0.006438 -0.091860
1418631041 -0.026406 0.209733 0.058571 0.904927 0.085958 9.764431 -2.842257 -0.008765 -0.092412
1438611771 -0.074386 0.699035 -0.114288 0.910458 0.117575 9.763586 -2.865426 -0.011990 -0.092981
1458592500 -0.024550 0.773791 -0.123421 0.893494 0.160886 9.764536 -2.883402 -0.016407 -0.091250
1478573229 0.546069 0.591934 -0.255410 0.852520 0.218981 9.767070 -2.916796 -0.022332 -0.087065
1498553958 0.714153 0.449236 -0.122090 0.788622 0.284721 9.770742 -2.768317 -0.029038 -0.080538
