0 -0.243156 -0.212807 -0.063075 0.843096 0.152228 9.769156 -2.728995 -0.015524 -0.086088
19978855 0.307818 -0.404210 0.010932 0.843096 0.152228 9.769156 -2.723074 -0.015524 -0.086088
39957709 0.523081 -0.195559 -0.089703 0.872624 0.115240 9.767069 -2.746567 -0.011751 -0.089107
59936563 0.218960 -0.089544 -0.016055 0.840882 0.090282 9.770116 -2.730211 -0.009206 -0.085855
79915417 -0.067235 -0.178390 0.153374 0.815204 0.068592 9.772469 -2.734119 -0.006994 -0.083226
99894271 0.143322 -0.099270 0.430693 0.815204 0.068592 9.772469 -2.746337 -0.006994 -0.083226
119873125 0.693511 0.024914 0.504394 0.842419 0.051691 9.770264 -2.761094 -0.005271 -0.086010
139851980 0.574603 0.117947 0.342719 0.845216 0.059278 9.769979 -2.730909 -0.006045 -0.086297
159830834 0.164326 0.132177 -0.004392 0.824052 0.054578 9.771813 -2.742851 -0.005565 -0.084130
179809688 -0.177398 0.358887 0.064229 0.824052 0.054578 9.771813 -2.702789 -0.005565 -0.084130
199788542 0.081419 0.359623 0.128548 0.806120 0.053017 9.773319 -2.711126 -0.005406 -0.082295
219767396 0.724234 -0.046042 0.038828 0.886726 0.016786 9.766464 -2.705904 -0.001712 -0.090545
239746250 0.983067 -0.575873 0.080030 0.929567 -0.043218 9.762399 -2.602725 0.004407 -0.094933
259725105 1.072643 -1.104244 0.490205 0.929567 -0.043218 9.762399 -2.661141 0.004407 -0.094933
279703959 1.435612 -0.829085 1.085560 0.887252 -0.080489 9.766099 -2.671724 0.008208 -0.090602
299682813 2.273470 -0.058949 1.011112 0.805747 -0.072871 9.773221 -2.693068 0.007431 -0.082258
319661667 3.486965 0.250788 -0.236274 0.703060 0.060402 9.781229 -2.673137 -0.006159 -0.071755
339640521 4.075268 0.374784 -0.948380 0.742911 0.109280 9.777859 -2.730637 -0.011144 -0.075833
359619375 4.640629 0.057116 -1.132492 0.786647 0.134951 9.774117 -2.665886 -0.013762 -0.080310
379598230 5.973336 -0.489681 -1.008777 0.800531 0.145284 9.772841 -2.663345 -0.014815 -0.081731
399577084 7.848664 -1.123781 -1.007627 0.793783 0.122859 9.773701 -2.649262 -0.012528 -0.081038
419555938 9.760617 -1.911991 -0.471876 0.807793 0.072205 9.773058 -2.539519 -0.007363 -0.082468
439534792 11.685132 -2.870151 0.568055 0.807793 0.072205 9.773058 -2.565846 -0.007363 -0.082468
459513594 13.530550 -4.272809 1.826416 0.936612 0.109469 9.761207 -2.531374 -0.011163 -0.095660
479492396 16.092913 -5.772498 2.288289 1.113552 0.258511 9.739793 -2.460453 -0.026364 -0.113836
499471198 20.735739 -8.314368 0.157107 1.113552 0.258511 9.739793 -2.393333 -0.026364 -0.113836
519450000 25.033567 -12.075216 -0.271908 1.014576 0.390248 9.746216 -2.288982 -0.039805 -0.103726
539428803 27.082287 -18.219997 2.317470 0.612163 0.445180 9.777395 -2.193199 -0.045411 -0.062528
559407605 24.712673 -27.254749 5.300532 0.216666 0.491089 9.791949 -2.064235 -0.050098 -0.022123
579386407 20.723207 -37.785461 9.855919 0.216666 0.491089 9.791949 -1.960708 -0.050098 -0.022123
599365209 17.576660 -44.395138 15.785516 0.023817 0.627776 9.786508 -1.971196 -0.064059 -0.002434
619344011 11.904960 -47.768848 14.221519 0.315068 1.847330 9.625928 -1.718300 -0.189508 -0.032719
639322813 2.929495 -46.428452 7.874335 0.910859 2.659817 9.395003 -1.536336 -0.274666 -0.096649
659301615 -2.221591 -40.581707 0.441870 0.910859 2.659817 9.395003 -1.552972 -0.274666 -0.096649
679280417 -4.494009 -33.363937 -7.939597 1.653782 3.259649 9.100004 -1.362720 -0.338838 -0.179772
699259219 -6.770198 -29.773769 -12.666845 1.763845 3.353003 9.045254 -1.216665 -0.348950 -0.192585
719238021 -10.205534 -29.049688 -3.846688 0.091469 2.022555 9.595379 -1.185571 -0.207734 -0.009532
739216823 -11.398446 -26.078875 7.096219 -0.192793 1.539031 9.683213 -1.096642 -0.157589 0.019907
759195625 -9.777263 -24.340858 9.038315 0.094052 1.379636 9.708663 -1.058972 -0.141152 -0.009687
779176146 -10.605634 -21.813795 6.454384 0.094052 1.379636 9.708663 -1.043795 -0.141152 -0.009687
799153490 -14.073098 -17.458000 2.542642 0.692743 1.492834 9.667571 -0.982390 -0.152821 -0.071534
819130886 -13.575667 -12.569833 -0.305307 0.543130 1.503587 9.675466 -1.008080 -0.153930 -0.056076
839108386 -10.601991 -9.141063 -1.039664 0.543130 1.503587 9.675466 -0.978844 -0.153930 -0.056076
859086042 -8.240045 -6.480006 -0.785666 0.178393 1.428313 9.700437 -1.019430 -0.146167 -0.018388
879063855 -7.436661 -5.154351 -0.996061 0.165380 1.367395 9.709442 -0.969839 -0.139891 -0.017031
899041875 -8.751273 -3.813004 -1.666245 0.172431 1.246379 9.725595 -0.958511 -0.127440 -0.017728
919020157 -9.313854 -2.149832 -1.580372 0.172431 1.246379 9.725595 -0.851777 -0.127440 -0.017728
938998698 -8.864311 -0.921715 -0.401416 0.145200 1.035496 9.750746 -0.850436 -0.105788 -0.014890
958977500 -7.302344 -0.662055 1.079540 0.028023 0.753747 9.777600 -0.836420 -0.076937 -0.002866
978956563 -5.765018 -0.364651 2.644975 -0.129412 0.442643 9.795800 -0.928534 -0.045152 0.013210
998935834 -4.020403 -0.151737 3.970515 -0.276024 -0.046375 9.802656 -0.929249 0.004729 0.028151
1018915313 -2.019536 0.191848 4.555899 -0.276024 -0.046375 9.802656 -0.872843 0.004729 0.028151
1038894948 0.199645 0.285113 3.708267 -0.210633 -0.173859 9.802846 -0.871144 0.017730 0.021484
1058874688 1.255666 0.510209 2.779024 -0.207505 -0.154051 9.803244 -0.966490 0.015709 0.021164
1078854480 1.167659 0.665577 2.563910 -0.195709 -0.073259 9.804423 -1.007217 0.007470 0.019959
1098834323 0.023386 0.474747 3.336983 -0.123322 0.125101 9.805078 -0.972680 -0.012757 0.012577
1118814167 -1.029983 0.071551 3.051587 -0.123322 0.125101 9.805078 -1.039989 -0.012757 0.012577
1138793438 -1.570521 -0.194473 0.925110 0.112838 0.748321 9.777407 -0.956517 -0.076382 -0.011540
1158772240 -0.903462 -0.420757 -1.302589 0.112838 0.748321 9.777407 -1.055907 -0.076382 -0.011540
1178751042 0.247066 -0.061515 -1.879603 0.228150 0.977848 9.755110 -1.082117 -0.099879 -0.023384
1198729844 1.165701 0.243280 -1.160048 0.344139 1.109909 9.737559 -1.046039 -0.113422 -0.035327
1218708646 1.567970 0.594355 -0.420110 0.559477 1.276285 9.707135 -1.046394 -0.130515 -0.057572
1238687448 1.715212 0.643359 -0.733063 0.559477 1.276285 9.707135 -1.018957 -0.130515 -0.057572
1258666250 1.333613 0.604123 -1.504643 0.501282 1.359979 9.698947 -0.959939 -0.139128 -0.051638
1278646563 0.985900 0.593821 -1.710589 0.358546 1.313175 9.711714 -1.019919 -0.134310 -0.036902
1298624011 0.709150 0.467962 -1.130611 0.187225 1.237322 9.726479 -1.148426 -0.126509 -0.019247
1318601511 0.361636 0.388175 -0.411321 0.187225 1.237322 9.726479 -1.016691 -0.126509 -0.019247
1338579115 0.084555 0.171560 -0.097029 -0.044642 1.100627 9.744590 -0.952384 -0.112470 0.004581
1358556823 -0.562199 0.108642 0.481805 -0.034921 1.071784 9.747843 -0.970382 -0.109510 0.003582
1378534688 -1.211136 0.027440 1.145741 -0.034921 1.071784 9.747843 -1.040803 -0.109510 0.003582
1398512761 -1.388635 0.033525 0.791464 0.040262 1.104956 9.744119 -1.013990 -0.112914 -0.004132
1418491042 -1.091860 -0.066429 0.048261 0.176910 1.243544 9.725878 -1.089107 -0.127149 -0.018188
1438469532 -0.170170 -0.112078 -0.467227 0.189692 1.275608 9.721483 -1.079406 -0.130445 -0.019510
1458448282 0.380059 -0.011870 -0.408000 0.189692 1.275608 9.721483 -1.060565 -0.130445 -0.019510
1478427240 0.429530 0.085548 -0.074293 0.171014 1.276281 9.721741 -1.076594 -0.130515 -0.017589
1498406407 0.460949 0.147452 0.365365 0.103450 1.274823 9.722885 -1.055688 -0.130365 -0.010639
