0 -0.032196 -0.246846 0.173290 -0.461698 1.021592 9.742360 -0.987256 -0.104363 0.047355
19981875 0.000550 -0.194256 0.378085 -0.383904 0.949115 9.753059 -0.996472 -0.096935 0.039342
39963750 0.063523 -0.158887 0.414942 -0.383904 0.949115 9.753059 -1.048665 -0.096935 0.039342
59945625 0.023828 -0.121406 0.306289 -0.332874 0.919093 9.757810 -1.019926 -0.093859 0.034100
79927500 0.054457 -0.045115 0.190141 -0.294610 0.901945 9.760639 -1.092701 -0.092103 0.030174
99909375 0.106414 0.077482 -0.164443 -0.284162 0.909025 9.760292 -1.059481 -0.092828 0.029106
119891250 0.017809 0.250071 -0.634034 -0.312787 0.943197 9.756175 -1.073920 -0.096328 0.032049
139873125 -0.175347 0.244077 -0.828072 -0.376459 0.993092 9.748971 -1.068290 -0.101441 0.038596
159855000 -0.238190 0.169118 -0.573390 -0.364365 0.961430 9.752604 -1.045260 -0.098196 0.037343
179836875 -0.123659 0.140950 0.205113 -0.341563 0.923325 9.757110 -1.035915 -0.094293 0.034992
199818750 0.051572 0.005003 0.515332 -0.341563 0.923325 9.757110 -1.053789 -0.094293 0.034992
219800625 0.184128 -0.062293 0.344530 -0.324186 0.899012 9.759974 -1.037482 -0.091803 0.033204
239782500 0.345800 -0.124334 0.047848 -0.312409 0.888401 9.761329 -1.016957 -0.090716 0.031994
259764375 0.269456 0.042878 0.182095 -0.303809 0.878305 9.762513 -1.012215 -0.089682 0.031110
279746250 0.263170 0.050224 0.126225 -0.268122 0.863041 9.764920 -1.026306 -0.088120 0.027451
299728125 0.303710 0.043701 -0.017541 -0.268122 0.863041 9.764920 -1.017888 -0.088120 0.027451
319710000 0.253470 0.129098 -0.135057 -0.243737 0.863689 9.765502 -0.971049 -0.088186 0.024954
339691875 0.226636 0.169646 -0.160842 -0.248260 0.864335 9.765330 -1.050537 -0.088252 0.025417
359673750 0.077303 0.153850 -0.131127 -0.254867 0.853940 9.766075 -1.014635 -0.087188 0.026091
379655625 -0.017579 0.203260 -0.039034 -0.243625 0.832926 9.768177 -1.065809 -0.085037 0.024935
399637500 -0.220384 -0.030111 0.172030 -0.227205 0.796806 9.771585 -1.099500 -0.081341 0.023247
419619375 -1.198166 -0.012129 0.766908 -0.231001 0.754362 9.774864 -1.009099 -0.077000 0.023628
439601250 -2.751604 0.416462 1.228264 -0.176121 0.715118 9.778955 -0.972209 -0.072987 0.018008
459583125 -5.018681 1.729428 0.541167 -0.126436 0.680547 9.782190 -1.036000 -0.069452 0.012924
479565000 -6.153763 1.794773 1.100499 -0.126436 0.680547 9.782190 -1.022161 -0.069452 0.012924
499546875 -7.062367 1.162077 1.816578 -0.065958 0.657550 9.784358 -1.090222 -0.067102 0.006741
519528750 -8.451646 0.455133 1.868059 0.170159 0.671462 9.782156 -1.017817 -0.068524 -0.017393
539510625 -10.331563 -0.350477 1.430255 0.170159 0.671462 9.782156 -0.995956 -0.068524 -0.017393
559492500 -12.090258 -1.225318 1.121655 0.344451 0.798200 9.768040 -1.064974 -0.081484 -0.035249
579474375 -13.539237 -2.593039 0.881283 0.344451 0.798200 9.768040 -1.016627 -0.081484 -0.035249
599456250 -14.442430 -4.266915 0.810416 0.351557 1.001243 9.749066 -1.128049 -0.102277 -0.036045
619438125 -14.801522 -6.023429 1.010278 0.351557 1.001243 9.749066 -1.101452 -0.102277 -0.036045
639420000 -15.158728 -7.805935 1.015563 0.363499 1.084472 9.739722 -1.089580 -0.110812 -0.037304
659401875 -16.816816 -9.888355 1.240381 0.451825 1.120251 9.731972 -1.150148 -0.114484 -0.046394
679383750 -18.886984 -12.298262 3.361766 0.451825 1.120251 9.731972 -1.175210 -0.114484 -0.046394
699365625 -21.955860 -14.177214 4.522589 0.767253 0.989159 9.726421 -1.262968 -0.101038 -0.078720
719347500 -24.745848 -19.046307 2.211722 0.767253 0.989159 9.726421 -1.397822 -0.101038 -0.078720
739329375 -21.914129 -26.970499 2.626821 1.373309 0.604263 9.691195 -1.749526 -0.061657 -0.140770
759311250 -13.087849 -33.245739 6.519977 1.540307 0.539533 9.669889 -1.932822 -0.055045 -0.157962
779293125 -9.203522 -36.557598 3.923904 1.527062 0.608893 9.667870 -2.123358 -0.062130 -0.156658
799275000 -7.864237 -35.088337 1.117053 1.527062 0.608893 9.667870 -2.123358 -0.062130 -0.156658
819256875 -1.881560 -33.696632 1.969548 1.368532 0.662386 9.688072 -2.479695 -0.067596 -0.140331
839238750 5.424642 -31.907764 2.009620 0.772367 0.829034 9.740973 -2.578045 -0.084639 -0.079125
859220625 12.655669 -29.811932 1.245596 0.772367 0.829034 9.740973 -2.655079 -0.084639 -0.079125
879202500 18.354197 -26.845644 1.392212 0.491334 0.890593 9.753759 -2.756210 -0.090941 -0.050331
899184375 22.353880 -22.898754 2.501700 0.244104 0.868857 9.765034 -2.811252 -0.088715 -0.024993
919166250 24.354979 -18.262486 2.356688 0.244104 0.868857 9.765034 -2.861721 -0.088715 -0.024993
939148125 24.034643 -13.858715 1.433805 0.243087 0.911166 9.761203 -2.924516 -0.093047 -0.024898
959129896 19.897324 -9.238097 -1.602727 0.440145 1.091336 9.735792 -2.965799 -0.111516 -0.045178
979111667 16.625824 -6.446701 -2.566013 0.598417 1.123693 9.723662 -2.932445 -0.114837 -0.061465
999093438 15.517698 -5.513253 -2.722894 0.598417 1.123693 9.723662 -2.915293 -0.114837 -0.061465
1019075209 12.505499 -4.567922 -2.634175 0.866204 1.130373 9.702698 -2.844939 -0.115523 -0.089038
1039056980 6.778440 -2.704389 -2.122148 0.964283 1.094874 9.697515 -2.816420 -0.111879 -0.099110
1059038750 1.612814 -0.668947 -1.707685 0.993010 1.062252 9.698244 -2.795928 -0.108533 -0.102035
1079020521 -1.568396 0.824243 -0.922304 0.993010 1.062252 9.698244 -2.686332 -0.108533 -0.102035
1099002292 -2.898170 1.562690 0.528451 0.942104 1.037481 9.706001 -2.657021 -0.105992 -0.096761
1118984063 -4.026561 2.182908 0.863769 0.922392 0.982597 9.713602 -2.656021 -0.100365 -0.094675
1138965834 -5.176810 2.570777 0.524510 1.003474 0.921503 9.711553 -2.684403 -0.094106 -0.102962
1158947605 -5.178445 2.428265 0.134371 1.003474 0.921503 9.711553 -2.691742 -0.094106 -0.102962
1178929375 -3.614884 1.725411 0.109138 1.120320 0.822483 9.707666 -2.653468 -0.083969 -0.114897
1198911146 -2.013768 1.020089 0.428813 1.214171 0.710973 9.705190 -2.635084 -0.072563 -0.124459
1218892969 -0.985322 0.436018 0.707397 1.290189 0.537581 9.706534 -2.623572 -0.054845 -0.132145
1238874844 -0.486460 0.107319 0.185707 1.290189 0.537581 9.706534 -2.683969 -0.054845 -0.132145
1258856719 -0.308192 0.154672 0.044655 1.168568 0.435879 9.727016 -2.663207 -0.044462 -0.119563
1278838594 -0.398931 0.373822 0.574136 1.028520 0.415001 9.743731 -2.607483 -0.042331 -0.105168
1298820469 -0.474127 0.519458 1.129438 0.909099 0.412816 9.755692 -2.677990 -0.042108 -0.092918
1318802344 -0.827572 0.739778 0.940212 0.909099 0.412816 9.755692 -2.558245 -0.042108 -0.092918
1338784219 -0.905787 0.821150 0.764787 0.774475 0.407722 9.767514 -2.594787 -0.041588 -0.079125
1358766094 -0.800718 0.910005 0.688174 0.764780 0.390263 9.768991 -2.593809 -0.039806 -0.078127
1378747969 -0.204423 0.605949 0.733513 0.784194 0.380177 9.767850 -2.624796 -0.038777 -0.080111
1398729844 0.358436 0.214501 0.322090 0.815850 0.376229 9.765410 -2.631357 -0.038374 -0.083351
1418711719 0.403415 0.086105 0.132763 0.852923 0.377658 9.762187 -2.634605 -0.038520 -0.087149
1438693594 0.155637 -0.030048 -0.137096 0.852923 0.377658 9.762187 -2.603660 -0.038520 -0.087149
1458675469 0.019110 -0.196432 0.378054 0.866059 0.404315 9.759962 -2.561266 -0.041240 -0.088504
1478657344 0.051345 -0.472374 1.189056 0.771768 0.519137 9.762442 -2.555839 -0.052962 -0.078891
1498639219 0.375221 -0.898634 0.804589 0.771768 0.519137 9.762442 -2.618250 -0.052962 -0.078891
