0 0.926554 -0.324708 0.223867 0.461899 0.813178 9.761955 -2.210546 -0.083016 -0.047281
19979219 0.831671 -0.342655 0.412340 0.461899 0.813178 9.761955 -2.175980 -0.083016 -0.047281
39958438 0.790233 -0.265711 0.224445 0.475562 0.792118 9.763031 -2.217600 -0.080862 -0.048672
59937656 0.512764 -0.167966 0.018746 0.503227 0.776998 9.762859 -2.195150 -0.079315 -0.051499
79916875 0.507276 -0.138133 -0.148895 0.537154 0.760287 9.762367 -2.221719 -0.077606 -0.054968
99896094 0.902553 -0.063456 -0.174725 0.567353 0.729778 9.762987 -2.214582 -0.074486 -0.058047
119875313 1.037518 0.076293 0.063562 0.594591 0.687943 9.764403 -2.198333 -0.070208 -0.060819
139854531 0.854615 0.207841 0.230426 0.608197 0.652433 9.766004 -2.211162 -0.066579 -0.062197
159833750 1.214397 0.473700 0.523622 0.632927 0.624980 9.766227 -2.213058 -0.063773 -0.064717
179812969 2.487813 0.533083 0.444448 0.719815 0.599449 9.761809 -2.179542 -0.061165 -0.073605
199792188 3.485612 0.687934 0.377389 0.719815 0.599449 9.761809 -2.243583 -0.061165 -0.073605
219771406 3.953897 0.928545 0.475553 0.713370 0.583003 9.763278 -2.191536 -0.059485 -0.072937
239750625 5.099529 1.240951 -0.247202 0.601303 0.507339 9.775042 -2.176941 -0.051757 -0.061437
259729844 9.673622 1.200414 -1.931566 0.451487 0.343740 9.790219 -2.193428 -0.035059 -0.046083
279709063 17.361063 0.549768 -2.317575 0.248469 0.098423 9.803007 -2.131507 -0.010037 -0.025341
299688281 23.919447 -0.774443 -0.929504 -0.020295 -0.168925 9.805175 -2.101188 0.017226 0.002070
319667500 24.465132 -2.228350 0.961139 -0.382216 -0.357637 9.792670 -2.017209 0.036477 0.039011
339646719 24.726189 -5.124972 2.437164 -0.673287 -0.442660 9.773490 -1.929739 0.045154 0.068780
359625938 27.792847 -10.143387 2.097328 -0.673287 -0.442660 9.773490 -1.895690 0.045154 0.068780
379605156 29.143150 -16.722174 2.067619 -0.727472 -0.503886 9.766641 -1.762483 0.051405 0.074348
399584375 26.814095 -22.560055 2.659666 -0.584454 -0.576182 9.772248 -1.661728 0.058788 0.059736
419563594 26.484613 -28.962391 3.512252 -0.441320 -0.641249 9.775705 -1.585397 0.065436 0.045114
439542813 25.454559 -34.851097 6.092254 -0.280571 -0.696624 9.777852 -1.474382 0.071096 0.028687
459522031 23.668192 -40.198380 6.926971 0.112594 -0.525142 9.791932 -1.287878 0.053575 -0.011498
479501250 20.215256 -44.336094 6.254137 0.211915 -0.284129 9.800242 -1.222295 0.028977 -0.021620
499480469 14.668013 -46.721718 4.618753 0.211915 -0.284129 9.800242 -1.190789 0.028977 -0.021620
519459688 8.920900 -48.432686 1.254696 0.177148 0.023652 9.805021 -1.076378 -0.002412 -0.018065
539438906 1.970337 -47.892456 -1.798497 -0.220612 0.536275 9.789491 -0.933029 -0.054712 0.022532
559418125 -3.779347 -43.774151 -5.154101 -0.220612 0.536275 9.789491 -0.906675 -0.054712 0.022532
579397344 -7.130319 -38.535511 -4.039817 -0.836372 0.739305 9.742910 -0.675595 -0.075460 0.085634
599376563 -10.242103 -34.433132 -4.498886 -0.836372 0.739305 9.742910 -0.583055 -0.075460 0.085634
619355781 -15.566982 -28.592869 -8.504766 -0.949007 0.901479 9.718905 -0.553002 -0.092055 0.097337
639335000 -19.570087 -21.312145 -8.902365 -0.878397 0.984591 9.717479 -0.531433 -0.100570 0.090148
659314219 -20.304670 -16.595509 -6.657971 -0.722563 0.961649 9.732600 -0.301144 -0.098219 0.074106
679293438 -20.191368 -12.575713 -3.423652 -0.406377 0.850671 9.761230 -0.308401 -0.086853 0.041608
699272656 -17.695522 -9.009112 -2.771311 -0.406377 0.850671 9.761230 -0.183738 -0.086853 0.041608
719251875 -14.692266 -6.079880 -2.762640 -0.238119 0.790357 9.771849 -0.195413 -0.080681 0.024363
739231094 -12.577970 -3.875682 -1.657998 -0.100296 0.466662 9.795027 -0.068063 -0.047604 0.010239
759210313 -10.785378 -2.814972 -0.141052 -0.100296 0.466662 9.795027 0.013321 -0.047604 0.010239
779189531 -10.108942 -2.209965 1.954132 -0.206274 0.050374 9.804352 0.060934 -0.005137 0.021036
799168750 -9.636663 -1.139055 3.301430 -0.144286 -0.076323 9.805291 -0.050347 0.007783 0.014714
819147969 -7.037253 -0.977816 3.108399 -0.144286 -0.076323 9.805291 0.064517 0.007783 0.014714
839127188 -5.495900 -0.516050 2.141056 0.003068 -0.244451 9.803602 0.004609 0.024930 -0.000313
859106406 -3.804185 -0.103638 1.275831 -0.017226 -0.363304 9.799903 0.012109 0.037055 0.001758
879085625 -1.984015 0.563944 2.103416 -0.046423 -0.468270 9.795354 -0.032518 0.047768 0.004739
899064844 -0.239481 1.079159 2.754306 -0.037142 -0.534352 9.792010 0.091750 0.054516 0.003793
919044063 1.017758 1.264613 2.651512 -0.037142 -0.534352 9.792010 -0.064788 0.054516 0.003793
939023281 0.986439 1.466799 2.123372 0.027462 -0.547370 9.791324 -0.077605 0.055845 -0.002805
959002500 0.233130 1.594694 0.955248 0.004029 -0.555455 9.790905 -0.230645 0.056671 -0.000411
978981719 0.087759 1.353505 0.480857 -0.033605 -0.588058 9.788945 -0.088464 0.060001 0.003433
998960938 0.411835 1.074962 1.518499 -0.033605 -0.588058 9.788945 -0.123555 0.060001 0.003433
1018940156 0.444901 0.827807 2.219144 -0.022006 -0.596748 9.788452 -0.250615 0.060889 0.002248
1038919375 0.968265 0.457588 1.485407 0.134193 -0.483546 9.793802 -0.216002 0.049328 -0.013701
1058898594 0.752797 0.200107 0.560162 0.134193 -0.483546 9.793802 -0.161264 0.049328 -0.013701
1078877813 -0.029890 0.221726 -0.011705 0.178127 -0.411159 9.796408 -0.195759 0.041939 -0.018181
1098857031 0.048218 0.398673 -0.032573 0.194630 -0.354872 9.798295 -0.222241 0.036195 -0.019861
1118836250 0.893700 0.262100 0.022624 0.132018 -0.254063 9.802469 -0.226462 0.025910 -0.013467
1138815469 1.229791 0.241632 0.006283 0.077374 -0.193926 9.804427 -0.119305 0.019776 -0.007892
1158794688 1.059736 0.286138 -0.347719 0.077374 -0.193926 9.804427 -0.248190 0.019776 -0.007892
1178773906 1.210183 0.370507 -0.641766 -0.069214 -0.090576 9.805987 -0.297263 0.009236 0.007058
1198753125 1.771476 0.514566 -0.822693 -0.069214 -0.090576 9.805987 -0.140276 0.009236 0.007058
1218732344 2.115262 0.288410 -0.837508 -0.202450 -0.061526 9.804367 -0.263159 0.006274 0.020646
1238711563 1.682236 0.013348 -0.692367 -0.363300 -0.060551 9.799731 -0.333837 0.006174 0.037055
1258690781 0.590070 0.101172 0.263350 -0.518664 -0.092915 9.792484 -0.336970 0.009475 0.052916
1278670000 -0.208432 0.180725 1.284335 -0.760421 -0.068000 9.776888 -0.133020 0.006934 0.077621
1298649219 0.112669 0.012233 1.338410 -0.804121 0.026014 9.773593 -0.227715 -0.002653 0.082090
1318628438 0.651549 -0.002571 0.435281 -0.786701 0.134274 9.774122 -0.233314 -0.013693 0.080315
1338607656 0.685396 0.164545 -0.746894 -0.733411 0.208457 9.776965 -0.190517 -0.021258 0.074874
1358586875 0.635258 0.442017 -1.398797 -0.733411 0.208457 9.776965 -0.343496 -0.021258 0.074874
1378566094 0.639307 0.691697 -1.482726 -0.687303 0.213540 9.780205 -0.259518 -0.021777 0.070160
1398545313 0.998848 0.670089 -0.720288 -0.717285 0.186657 9.778602 -0.244980 -0.019035 0.073221
1418524531 1.126114 0.485716 0.023260 -0.729901 0.174299 9.777896 -0.382270 -0.017774 0.074510
1438503750 0.917589 0.364873 0.027615 -0.722422 0.170486 9.778519 -0.267993 -0.017386 0.073744
1458482969 0.655530 -0.016432 -1.182624 -0.803030 0.109579 9.773102 -0.328586 -0.011174 0.081983
1478462188 -0.140856 -0.090127 -1.909063 -1.038917 -0.026219 9.751429 -0.300737 0.002674 0.106140
1498441406 -0.885357 -0.211750 -0.743911 -1.367107 -0.176927 9.709280 -0.193702 0.018043 0.139885
