0 -0.287972 -0.195491 -0.064190 -0.208208 0.343184 9.798432 -2.147927 -0.035002 0.021246
19979219 -0.108627 -0.086208 -0.212297 -0.175959 0.318348 9.799902 -2.146353 -0.032468 0.017953
39958438 0.167982 -0.065347 -0.178344 -0.175959 0.318348 9.799902 -2.171999 -0.032468 0.017953
59937656 0.128119 -0.096933 0.017984 -0.241832 0.250820 9.800459 -2.106620 -0.025579 0.024671
79916875 0.031332 -0.006359 0.237252 -0.241832 0.250820 9.800459 -2.114903 -0.025579 0.024671
99896094 0.284826 0.158328 0.450022 -0.269762 0.195377 9.800992 -2.136143 -0.019924 0.027517
119875313 0.660086 0.504747 0.760712 -0.269762 0.195377 9.800992 -2.137316 -0.019924 0.027517
139854531 1.404699 0.763961 0.751202 -0.192771 0.198699 9.802742 -2.138319 -0.020263 0.019662
159833750 2.041610 0.880309 0.180409 -0.091783 0.222623 9.803694 -2.119718 -0.022703 0.009362
179812969 2.576231 0.932061 -0.339609 -0.057161 0.245719 9.803406 -2.153393 -0.025059 0.005831
199792188 4.009978 1.200915 -0.751648 -0.109100 0.246735 9.802938 -2.158613 -0.025163 0.011129
219771406 7.374568 1.345284 -0.422565 -0.208548 0.207019 9.802247 -2.114557 -0.021112 0.021272
239750625 12.067618 0.967891 0.430210 -0.301089 0.038453 9.801951 -2.060857 -0.003921 0.030708
259729844 17.547461 -0.460474 1.275290 -0.412825 -0.073726 9.797680 -2.082094 0.007518 0.042110
279709063 25.412197 -3.471914 1.075750 -0.730019 -0.257505 9.776051 -1.944806 0.026261 0.074536
299688281 30.706034 -7.666203 1.952664 -1.143059 -0.545284 9.724529 -1.901375 0.055632 0.117007
319667500 28.223207 -11.673815 5.611042 -1.469506 -0.807274 9.662260 -1.841575 0.082412 0.150931
339646719 26.771492 -16.748390 10.226284 -1.469506 -0.807274 9.662260 -1.705157 0.082412 0.150931
359625938 26.814020 -22.718456 10.680784 -1.527574 -0.852210 9.649385 -1.678114 0.087011 0.157005
379605156 25.179552 -29.617704 6.821360 -0.869637 -0.442378 9.757993 -1.483729 0.045125 0.088886
399584375 21.475180 -34.833797 2.732108 -0.869637 -0.442378 9.757993 -1.414234 0.045125 0.088886
419563594 18.393848 -39.045643 -0.503251 -0.275631 -0.078983 9.802457 -1.286149 0.008054 0.028111
439542813 17.244076 -42.895992 -2.022559 -0.275631 -0.078983 9.802457 -1.157180 0.008054 0.028111
459522031 14.249592 -46.664867 -1.062872 -0.144782 -0.213574 9.803255 -1.076942 0.021780 0.014768
479501250 6.573061 -49.224285 1.931021 -0.206296 -0.202564 9.802387 -0.959993 0.020657 0.021042
499480469 -1.064908 -48.335915 2.927177 -0.206296 -0.202564 9.802387 -0.870798 0.020657 0.021042
519459688 -7.420166 -46.832767 -0.079402 -0.156358 -0.000731 9.805403 -0.721784 0.000075 0.015945
539438906 -15.911830 -42.832001 -3.866099 0.020705 0.257751 9.803241 -0.461870 -0.026286 -0.002112
559418125 -23.064180 -33.654736 -3.679056 0.198237 0.433654 9.795052 -0.542980 -0.044235 -0.020236
579397344 -25.349995 -24.786251 -2.928006 0.301021 0.569405 9.785476 -0.365102 -0.058096 -0.030752
599376563 -27.709658 -16.688540 -3.057328 0.596376 0.842262 9.752196 -0.288967 -0.085993 -0.061077
619355781 -27.883406 -10.186625 -2.629212 0.984822 0.903819 9.715124 -0.302975 -0.092295 -0.101025
639335000 -23.891319 -5.740342 -0.731680 0.984822 0.903819 9.715124 -0.144270 -0.092295 -0.101025
659314219 -18.505945 -2.289724 -0.343946 1.352245 0.915685 9.669713 -0.056657 -0.093510 -0.138942
679293438 -13.473187 -0.776857 -0.818769 1.448504 0.841778 9.662486 -0.205229 -0.085943 -0.148802
699272656 -10.058591 -1.181651 1.403089 1.239657 0.650435 9.706214 -0.191469 -0.066375 -0.127030
719251875 -9.223560 -2.204620 3.888945 0.908239 0.429373 9.755056 -0.177023 -0.043798 -0.092837
739231094 -9.562147 -2.871651 4.155506 0.585413 0.179302 9.787519 -0.006212 -0.018285 -0.059741
759210313 -8.373255 -3.076260 2.748329 0.585413 0.179302 9.787519 -0.180622 -0.018285 -0.059741
779189531 -6.166449 -3.055657 1.757725 0.348422 0.092098 9.800026 -0.083901 -0.009392 -0.035538
799168750 -3.618852 -2.968566 0.753904 0.348422 0.092098 9.800026 -0.148505 -0.009392 -0.035538
819147969 -1.075125 -2.574339 0.176129 0.211358 0.061579 9.804178 -0.307216 -0.006279 -0.021555
839127188 0.954890 -1.895440 0.261073 0.078392 0.025624 9.806303 -0.330046 -0.002613 -0.007994
859106406 2.647146 -1.696477 0.148413 -0.078104 0.007345 9.806336 -0.333262 -0.000749 0.007964
879085625 2.506414 -1.111400 0.162355 -0.246918 0.004736 9.803540 -0.354748 -0.000483 0.025181
899064844 1.212059 -0.419817 0.157948 -0.515551 0.051733 9.792953 -0.373061 -0.005275 0.052597
919044063 0.605901 0.114319 0.135086 -0.515551 0.051733 9.792953 -0.492471 -0.005275 0.052597
939023281 0.757145 0.481778 -0.155911 -0.806882 0.198816 9.771378 -0.511129 -0.020275 0.082389
959002500 1.076895 0.325514 -1.367241 -0.806882 0.198816 9.771378 -0.482123 -0.020275 0.082389
978981719 2.019449 -1.133669 -2.836407 -1.310674 0.318909 9.713435 -0.654229 -0.032525 0.134124
998960938 2.738558 -2.104725 -2.492165 -1.298290 0.159344 9.719025 -0.658098 -0.016249 0.132796
1018940156 2.727678 -2.340973 0.070815 -1.138603 -0.032280 9.740273 -0.785419 0.003292 0.116368
1038919375 2.175900 -2.626187 2.929141 -1.138603 -0.032280 9.740273 -0.609200 0.003292 0.116368
1058898594 1.680371 -3.268039 2.991956 -0.918468 -0.128529 9.762699 -0.752203 0.013107 0.093803
1078877813 -0.189600 -3.159557 1.531434 -0.816175 -0.108719 9.772022 -0.741946 0.011086 0.083328
1098857031 -2.066116 -2.942418 1.131973 -0.809029 -0.037783 9.773149 -0.898576 0.003853 0.082592
1118836250 -2.399377 -3.110722 1.569054 -0.805136 0.059280 9.773363 -0.850882 -0.006045 0.082195
1138815469 -0.306645 -3.676247 1.992175 -0.722830 0.178115 9.778353 -1.030203 -0.018164 0.073787
1158794740 1.866996 -3.698103 2.148482 -0.612885 0.330723 9.781891 -1.058419 -0.033731 0.062573
1178774011 1.763773 -3.069050 1.467220 -0.512452 0.524946 9.779173 -1.044862 -0.053555 0.052354
1198753281 0.525000 -2.538487 0.414893 -0.418191 0.892928 9.756956 -1.047447 -0.091180 0.042835
1218732552 0.838273 -2.452109 0.777488 -0.418191 0.892928 9.756956 -1.048441 -0.091180 0.042835
1238711823 1.444567 -2.832128 1.480934 -0.429821 1.044858 9.741351 -1.128510 -0.106749 0.044095
1258691094 0.986063 -2.649549 1.236698 -0.451923 1.202977 9.722089 -1.182079 -0.122979 0.046451
1278670365 -0.035954 -2.449439 0.356086 -0.517000 1.358993 9.698259 -1.138630 -0.139026 0.053258
1298649636 -0.605441 -2.382668 0.425905 -0.771266 1.595976 9.645123 -1.255880 -0.163471 0.079795
1318628906 -0.450659 -2.699279 0.585736 -0.771266 1.595976 9.645123 -1.256178 -0.163471 0.079795
1338608177 -0.430338 -2.637607 0.341493 -0.861051 1.709148 9.618097 -1.296181 -0.175179 0.089286
1358587448 -0.420367 -2.464532 0.294290 -0.862289 1.812943 9.598963 -1.229589 -0.185938 0.089591
1378566719 -0.083770 -2.533356 -0.163439 -0.682661 2.026052 9.570761 -1.353736 -0.208099 0.071207
1398545990 -0.109662 -2.601867 -1.103588 -0.682661 2.026052 9.570761 -1.386011 -0.208099 0.071207
1418525261 -0.076749 -2.715660 -1.728106 -0.622286 2.093143 9.560434 -1.362577 -0.215096 0.064998
1438504531 0.440513 -2.743614 -0.551826 -0.583026 2.089491 9.563707 -1.478286 -0.214715 0.060887
1458483802 1.486617 -2.968315 0.098710 -0.533981 2.065319 9.571818 -1.538360 -0.212193 0.055729
1478463073 1.870775 -2.754479 -0.738243 -0.516175 2.050717 9.575934 -1.540336 -0.210670 0.053851
1498442344 1.242954 -2.291223 -1.410072 -0.631232 1.889881 9.602098 -1.579200 -0.193928 0.065645
