0 0.871619 -0.104069 -0.464906 0.137736 0.534305 9.791115 -2.630706 -0.054511 -0.014067
19978907 1.085479 0.115416 -0.723023 0.182153 0.541278 9.790006 -2.687570 -0.055223 -0.018604
39957813 1.268731 0.212470 -1.002248 0.223266 0.538666 9.789299 -2.654401 -0.054956 -0.022803
59936719 1.235248 0.177564 -0.661702 0.261882 0.448085 9.792906 -2.651397 -0.045708 -0.026736
79915625 0.995892 -0.032009 -0.088270 0.281220 0.393151 9.794729 -2.678281 -0.040101 -0.028703
99894532 1.691157 -0.165984 0.259272 0.281220 0.393151 9.794729 -2.664090 -0.040101 -0.028703
119873438 3.394023 -0.223556 0.137639 0.356516 0.285585 9.796005 -2.592099 -0.029126 -0.036378
139852344 4.622044 -0.027776 0.823012 0.403539 0.237323 9.795469 -2.646210 -0.024203 -0.041173
159831250 6.439589 -0.356965 1.696895 0.403539 0.237323 9.795469 -2.599594 -0.024203 -0.041173
179810157 9.300159 -1.427378 1.711616 0.464661 0.221050 9.793140 -2.559658 -0.022543 -0.047412
199789063 12.454166 -3.150886 1.974000 0.502704 0.203398 9.791644 -2.567553 -0.020742 -0.051295
219767969 15.637992 -5.051623 3.456414 0.447019 0.172721 9.794934 -2.568599 -0.017614 -0.045606
239746875 19.312582 -7.239343 5.220284 0.385239 0.185636 9.797322 -2.491364 -0.018931 -0.039301
259725782 22.505415 -10.511563 3.795753 0.422875 0.333261 9.791859 -2.390355 -0.033990 -0.043160
279704688 22.393867 -15.282318 0.477298 0.477826 0.583526 9.777606 -2.321947 -0.059538 -0.048831
299683594 20.114065 -19.788681 -2.090666 0.600163 1.113320 9.724747 -2.161640 -0.113772 -0.061637
319662500 19.089714 -21.708778 -3.050736 1.051045 1.288963 9.664588 -2.162407 -0.131819 -0.108326
339641407 17.740438 -24.482361 -2.262529 1.913837 1.314336 9.527861 -2.089049 -0.134429 -0.198229
359620313 14.660634 -29.252253 1.738717 2.817057 1.185042 9.318275 -1.973536 -0.121137 -0.293580
379599219 14.573430 -37.324032 6.232833 2.817057 1.185042 9.318275 -1.877637 -0.121137 -0.293580
399578125 14.579408 -46.475021 13.679482 3.430422 0.890056 9.143872 -1.782029 -0.090886 -0.358912
419557032 8.360549 -52.166847 20.907021 3.496164 0.759425 9.130744 -1.684816 -0.077517 -0.365679
439535938 -0.754768 -51.836082 17.943241 2.818456 1.603042 9.255104 -1.523686 -0.164202 -0.295607
459514844 -9.792013 -47.208561 11.779218 2.871432 2.141906 9.128938 -1.426243 -0.220189 -0.304744
479493750 -16.611280 -40.231842 8.946585 2.871432 2.141906 9.128938 -1.442146 -0.220189 -0.304744
499472657 -23.830402 -31.269751 2.872780 3.152645 2.669611 8.894065 -1.345990 -0.275704 -0.340648
519451563 -29.192116 -23.917049 0.444601 2.951307 2.991651 8.860599 -1.256626 -0.310005 -0.321524
539430469 -32.304729 -17.540035 4.779346 2.707458 2.948820 8.952347 -1.210749 -0.305422 -0.293685
559409375 -31.193680 -11.392138 7.832296 2.707458 2.948820 8.952347 -1.203156 -0.305422 -0.293685
579388282 -27.937660 -6.023879 4.292779 2.568272 2.979409 8.983178 -1.182352 -0.308695 -0.278469
599367188 -23.048683 -1.990075 2.981262 2.157357 2.989669 9.087248 -1.156908 -0.309793 -0.233090
619346094 -19.060638 0.528297 3.301375 1.827490 3.036120 9.143995 -1.079561 -0.314770 -0.197258
639325000 -16.901930 1.780190 1.603349 1.550797 3.070046 9.183694 -1.122412 -0.318411 -0.167286
659303907 -14.205002 1.988003 0.611160 1.550797 3.070046 9.183694 -1.052009 -0.318411 -0.167286
679282813 -10.769325 1.704409 0.578546 1.355476 3.085998 9.209218 -1.037096 -0.320124 -0.146138
699261719 -8.284697 0.936827 0.537354 1.355476 3.085998 9.209218 -1.043419 -0.320124 -0.146138
719240625 -5.675404 0.059221 1.285319 1.416574 3.058290 9.209265 -1.089997 -0.317149 -0.152624
739219532 -2.236951 -0.823339 1.546983 1.610258 3.004423 9.195156 -1.104570 -0.311373 -0.173362
759198490 0.475037 -1.263983 1.050041 1.628981 2.993425 9.195445 -1.170695 -0.310195 -0.175332
779177448 2.095977 -1.097508 1.274198 1.611629 3.017273 9.190708 -1.170155 -0.312750 -0.173589
799156407 3.440485 -0.918750 0.672351 1.611629 3.017273 9.190708 -1.175542 -0.312750 -0.173589
819135365 4.158538 -0.754203 -0.741045 1.549019 3.068214 9.184606 -1.287328 -0.318214 -0.167082
839114323 3.817929 -0.389718 -1.203703 1.354972 3.077623 9.212094 -1.296742 -0.319224 -0.146039
859093282 3.247117 -0.228203 -0.648977 1.354972 3.077623 9.212094 -1.238511 -0.319224 -0.146039
879072240 3.070856 -0.209927 -0.017564 1.192967 3.050515 9.243462 -1.269196 -0.316314 -0.128351
899051198 2.990570 -0.071568 0.082326 1.216005 3.060225 9.237247 -1.360878 -0.317356 -0.130889
919030157 3.037284 0.110386 -0.243243 1.285663 3.064904 9.226257 -1.337223 -0.317859 -0.138457
939009115 2.801261 0.208471 -0.829464 1.345962 3.043530 9.224733 -1.309614 -0.315565 -0.144886
958988073 2.588527 0.081944 -0.759159 1.372664 3.006868 9.232818 -1.291052 -0.311635 -0.147591
978967032 2.329607 0.031142 -0.390621 1.372664 3.006868 9.232818 -1.298043 -0.311635 -0.147591
998945990 2.312762 0.074875 -0.188366 1.414489 2.930586 9.251015 -1.367303 -0.303473 -0.151726
1018924948 2.269763 0.148064 -0.292012 1.438785 2.894789 9.258535 -1.397020 -0.299650 -0.154168
1038903907 1.893224 0.160181 -0.499147 1.446704 2.853228 9.270195 -1.367359 -0.295218 -0.154811
1058882865 1.273409 0.080185 -0.655806 1.424340 2.798465 9.290330 -1.394776 -0.289386 -0.152130
1078861823 0.850223 0.103880 -0.623494 1.372378 2.730768 9.318254 -1.334859 -0.282191 -0.146227
1098840782 0.737728 0.074103 -0.264510 1.320915 2.668294 9.343756 -1.349154 -0.275565 -0.140438
1118819740 0.658903 0.080824 -0.103103 1.320915 2.668294 9.343756 -1.312928 -0.275565 -0.140438
1138798698 0.492088 0.062490 -0.071725 1.346734 2.572308 9.366959 -1.393939 -0.265407 -0.142796
1158777657 0.453912 0.112802 -0.330448 1.400657 2.521131 9.372963 -1.333272 -0.260003 -0.148338
1178756615 0.488874 0.194711 -0.470598 1.428857 2.457358 9.385635 -1.369130 -0.253280 -0.151079
1198735573 0.626780 0.132505 -0.279802 1.405507 2.388825 9.406831 -1.325750 -0.246068 -0.148316
1218714532 0.529660 0.034070 -0.108080 1.352920 2.317983 9.432229 -1.375956 -0.238627 -0.142464
1238693490 0.145089 -0.009056 0.108716 1.310033 2.249201 9.454908 -1.375959 -0.231415 -0.137679
1258672448 -0.092044 -0.091676 0.215086 1.287831 2.186465 9.472658 -1.324546 -0.224847 -0.135124
1278651407 -0.406292 -0.062581 0.414189 1.295410 2.136709 9.482973 -1.376479 -0.219646 -0.135763
1298630365 -0.736566 -0.136735 0.607965 1.309489 2.104233 9.488300 -1.355280 -0.216254 -0.137145
1318609323 -0.991400 -0.184707 0.360645 1.309489 2.104233 9.488300 -1.391080 -0.216254 -0.137145
1338588282 -0.867673 -0.143545 0.053338 1.305401 2.074701 9.495363 -1.365600 -0.213171 -0.136621
1358567240 -0.756280 -0.030417 0.174678 1.270749 1.985529 9.519099 -1.395779 -0.203877 -0.132710
1378546198 -0.867728 -0.036462 0.218444 1.270749 1.985529 9.519099 -1.410002 -0.203877 -0.132710
1398525157 -1.166641 -0.062758 0.153459 1.242571 1.937715 9.532663 -1.384696 -0.198901 -0.129618
1418504115 -1.035731 -0.058156 0.242450 1.224894 1.886221 9.545271 -1.442060 -0.193547 -0.127627
1438483073 -0.537555 0.069910 0.569897 1.330776 1.774492 9.552518 -1.462018 -0.181950 -0.138421
1458462032 -0.109233 0.016291 0.471911 1.352980 1.730940 9.557388 -1.355553 -0.177436 -0.140629
1478440990 -0.243508 -0.048179 -0.068624 1.352980 1.730940 9.557388 -1.456548 -0.177436 -0.140629
