0 -0.199613 -0.282066 0.160185 -0.492956 1.707986 9.644178 -1.187473 -0.175059 0.051070
19980938 -0.246046 -0.176370 -0.368119 -0.417122 1.731883 9.643495 -1.117956 -0.177534 0.043227
39961875 -0.446285 0.034747 -0.468967 -0.417122 1.731883 9.643495 -1.121860 -0.177534 0.043227
59942813 -0.355511 0.007113 -0.148123 -0.371946 1.714912 9.648374 -1.129688 -0.175776 0.038531
79923750 -0.097181 0.105093 0.160825 -0.335183 1.704158 9.651627 -1.171636 -0.174663 0.034714
99904688 -0.123925 0.234895 0.145194 -0.307977 1.713978 9.650793 -1.247772 -0.175679 0.031901
119885625 -0.226755 0.360496 -0.146419 -0.249297 1.736720 9.648422 -1.077340 -0.178035 0.025832
139866563 -0.050012 0.350780 -0.641101 -0.219611 1.717885 9.652514 -1.165082 -0.176084 0.022748
159847500 0.243250 0.221877 -0.685811 -0.219611 1.717885 9.652514 -1.170247 -0.176084 0.022748
179828438 0.052382 0.035854 -0.601017 -0.198787 1.679015 9.659802 -1.125675 -0.172060 0.020576
199809375 -0.722013 -0.615157 0.371628 -0.194756 1.625071 9.669106 -1.205040 -0.166479 0.020139
219790313 -2.935412 -0.784391 2.086549 -0.167254 1.563341 9.679792 -1.155557 -0.160099 0.017277
239771250 -5.884962 0.489022 1.413803 -0.008868 1.509778 9.689731 -1.148711 -0.154569 0.000915
259752188 -8.607979 3.032045 0.034881 0.218113 1.492699 9.689925 -1.200590 -0.152807 -0.022505
279733021 -10.239569 3.968496 -0.367036 0.353665 1.525177 9.680864 -1.152446 -0.156159 -0.036516
299713854 -10.838971 2.181540 -0.481436 0.366128 1.566830 9.673748 -1.257865 -0.160460 -0.037830
319694688 -12.299394 -0.307425 3.157050 0.146708 1.416661 9.702676 -1.182781 -0.144966 -0.015119
339675521 -15.645722 -1.775760 7.778094 0.146708 1.416661 9.702676 -1.266266 -0.144966 -0.015119
359656354 -19.901178 -2.912824 8.116442 0.109693 1.370125 9.709846 -1.325241 -0.140172 -0.011297
379637188 -22.263124 -6.022297 8.134729 0.119614 1.587952 9.676491 -1.355085 -0.162642 -0.012361
399618021 -21.160242 -10.697131 8.378411 0.338804 1.764535 9.640644 -1.498829 -0.180918 -0.035129
419598854 -21.478327 -15.018183 6.596793 0.596517 1.951500 9.591986 -1.495769 -0.200335 -0.062109
439579688 -19.885765 -20.064720 7.841274 0.596517 1.951500 9.591986 -1.673775 -0.200335 -0.062109
459560521 -15.044498 -25.821194 9.408262 0.878904 2.140941 9.529654 -1.848777 -0.220088 -0.091968
479541354 -14.050020 -28.634981 5.927298 1.311614 2.374921 9.423896 -1.827036 -0.244606 -0.138291
499522188 -14.025554 -30.330511 3.643356 1.710250 2.677377 9.277774 -2.073765 -0.276527 -0.182292
519503021 -14.174636 -31.835340 -0.245728 2.054011 3.367860 8.978249 -2.103450 -0.350562 -0.224906
539483854 -11.580753 -33.664692 -1.215609 2.098305 3.468252 8.929654 -2.257545 -0.361485 -0.230795
559464688 -10.181901 -33.932980 1.093409 2.098305 3.468252 8.929654 -2.373948 -0.361485 -0.230795
579445521 -8.764478 -33.949261 3.385015 2.100611 3.369027 8.967022 -2.410074 -0.350689 -0.230110
599426354 -4.870707 -35.112019 4.406037 1.978550 3.155758 9.071766 -2.592637 -0.327628 -0.214737
619407188 -3.274586 -35.638672 6.870405 0.784805 2.674262 9.402276 -2.888875 -0.276197 -0.083277
639388021 0.650560 -36.237350 10.590957 0.784805 2.674262 9.402276 -2.874100 -0.276197 -0.083277
659368854 7.474322 -35.949059 8.311932 -0.374072 1.964167 9.600652 -3.091959 -0.201653 0.038943
679349688 15.829779 -33.251637 10.970695 -0.634018 1.425177 9.681801 3.074177 -0.145844 0.065392
699330521 23.300879 -27.073317 12.922629 -0.634018 1.425177 9.681801 3.033609 -0.145844 0.065392
719311354 27.211514 -18.942352 10.967775 -0.816603 1.038021 9.717308 2.938906 -0.106047 0.083839
739292188 27.195168 -12.402929 6.779017 -1.297975 0.858409 9.682395 2.846546 -0.087646 0.133261
759273021 25.054100 -8.534409 6.547501 -1.343707 0.687752 9.689780 2.915509 -0.070189 0.137794
779253854 21.160135 -5.804657 8.507221 -1.343707 0.687752 9.689780 2.739344 -0.070189 0.137794
799234688 17.368423 -4.092711 6.570633 -0.715948 0.313835 9.775444 2.944597 -0.032008 0.073109
819215521 12.738745 -2.114826 3.812078 -0.441923 0.282354 9.792618 2.987030 -0.028796 0.045098
839196354 8.776608 -0.678547 1.982412 -0.209599 0.285564 9.800251 2.972772 -0.029124 0.021384
859177188 5.861763 0.072903 0.677079 -0.209599 0.285564 9.800251 2.873466 -0.029124 0.021384
879158021 4.255811 0.328322 0.512711 0.063320 0.230078 9.803746 2.932766 -0.023464 -0.006459
899138854 2.989235 0.195838 1.180208 0.636444 -0.026894 9.785939 3.010101 0.002742 -0.064945
919119688 1.732972 -0.004293 1.671143 0.843894 -0.120518 9.769528 3.062066 0.012290 -0.086166
939100521 0.501429 -0.276153 2.140268 0.843894 -0.120518 9.769528 3.082319 0.012290 -0.086166
959081354 -0.618158 -0.600500 2.551199 1.129703 -0.156938 9.740100 -3.108125 0.016004 -0.115469
979062188 -1.927873 -0.323312 1.952396 1.129703 -0.156938 9.740100 -3.089812 0.016004 -0.115469
999043021 -2.965382 0.126485 1.230639 1.295284 -0.012329 9.720724 -3.081917 0.001257 -0.132469
1019023854 -4.000532 0.673537 0.399949 1.295284 -0.012329 9.720724 -3.064303 0.001257 -0.132469
1039004688 -3.476146 0.842130 0.530330 1.312846 0.160550 9.717049 -3.051773 -0.016372 -0.134294
1058985521 -2.705818 0.713253 0.589024 1.352539 0.244957 9.709842 -3.037816 -0.024981 -0.138405
1078966354 -2.641990 0.795780 -0.075682 1.414367 0.326420 9.698629 -3.066648 -0.033292 -0.144811
1098947188 -2.842891 0.821397 -0.992863 1.451475 0.392960 9.690675 -3.002099 -0.040082 -0.148675
1118928021 -2.119313 0.756194 -1.311756 1.451475 0.392960 9.690675 -3.009327 -0.040082 -0.148675
1138908958 -1.173233 0.376076 -0.321019 1.433074 0.435129 9.691611 -3.000215 -0.044385 -0.146804
1158889896 -0.776579 -0.145184 0.466257 1.322508 0.552504 9.701345 -2.993679 -0.056370 -0.135487
1178870833 -0.382667 -0.834510 -0.363574 1.322508 0.552504 9.701345 -3.012743 -0.056370 -0.135487
1198851771 0.084659 -1.632188 -0.780325 1.231809 0.651729 9.707126 -2.980337 -0.066507 -0.126223
1218832708 0.020477 -1.469484 0.752445 1.066785 0.759028 9.718861 -3.095464 -0.077477 -0.109327
1238813646 0.443558 -1.117032 0.988777 0.920057 0.882976 9.723386 -2.956975 -0.090161 -0.094342
1258794583 0.086035 -0.438891 -0.400077 1.023461 1.066954 9.694562 -2.964272 -0.109015 -0.105181
1278775521 -0.847944 0.598728 -1.352944 1.023461 1.066954 9.694562 -3.020209 -0.109015 -0.105181
1298756458 -0.984256 1.441749 -1.197111 1.133390 1.096519 9.679021 -3.002228 -0.112048 -0.116567
1318737396 -0.895963 1.732741 -0.739101 1.171063 1.174470 9.665382 -2.963483 -0.120051 -0.120573
1338718333 -0.662256 1.632489 -0.664396 1.150535 1.215832 9.662733 -2.961849 -0.124300 -0.118511
1358699271 -0.373708 1.384671 -0.411643 1.150535 1.215832 9.662733 -2.985002 -0.124300 -0.118511
1378680208 -0.209360 1.168495 -0.418052 1.139848 1.243901 9.660427 -2.976514 -0.127185 -0.117448
1398661146 -0.218943 0.985209 -0.317969 1.143411 1.254424 9.658645 -2.944700 -0.128267 -0.117834
1418642083 -0.245266 0.563968 -0.242937 1.143538 1.260687 9.657814 -2.989451 -0.128911 -0.117857
1438622917 0.139405 0.028205 -0.777924 1.111949 1.287247 9.658000 -3.034556 -0.131643 -0.114628
1458603750 0.894117 -0.572998 -0.698754 1.023210 1.325912 9.662577 -2.929228 -0.135621 -0.105501
1478584583 1.119946 -0.810457 -0.185325 0.864941 1.377534 9.670815 -2.911877 -0.140935 -0.089201
1498565417 0.489358 -0.642767 0.415035 0.657084 1.453612 9.676034 -2.951437 -0.148775 -0.067804
