0 0.460959 0.067603 0.193419 0.686398 0.713234 9.756563 -2.293990 -0.072794 -0.070237
19979219 0.192495 0.233230 0.121694 0.662053 0.681025 9.760547 -2.322096 -0.069501 -0.067726
39958438 0.082794 0.314043 0.238846 0.662053 0.681025 9.760547 -2.322096 -0.069501 -0.067726
59937656 0.106339 0.238813 0.462345 0.710623 0.621256 9.761119 -2.286655 -0.063393 -0.072673
79916875 0.134908 0.164140 0.626413 0.715454 0.609245 9.761524 -2.265440 -0.062166 -0.073162
99896094 0.986389 0.213315 0.363494 0.715454 0.609245 9.761524 -2.261936 -0.062166 -0.073162
119875313 1.960634 0.315492 0.167208 0.670800 0.576786 9.766665 -2.280200 -0.058850 -0.068575
139854531 0.971210 0.227191 0.472917 0.670800 0.576786 9.766665 -2.280200 -0.058850 -0.068575
159833750 -0.277595 0.048491 1.074966 0.653600 0.544522 9.769682 -2.325456 -0.055554 -0.066801
179812969 -0.280644 0.178966 1.422817 0.651573 0.526150 9.770823 -2.281222 -0.053678 -0.066587
199792188 0.495700 0.270271 0.916858 0.629800 0.558783 9.770440 -2.195913 -0.057011 -0.064371
219771406 1.685637 0.474727 -0.251802 0.525066 0.681788 9.768821 -2.219877 -0.069579 -0.053698
239750625 3.950862 1.038044 -1.491728 0.525066 0.681788 9.768821 -2.183689 -0.069579 -0.053698
259729844 7.936105 1.100796 -2.596651 0.292042 0.669662 9.779399 -2.204151 -0.068340 -0.029854
279709063 12.129371 0.585256 -0.971029 -0.666572 0.301879 9.779312 -2.131275 -0.030788 0.068056
299688281 16.942989 0.201093 1.876646 -1.360401 0.019021 9.711814 -2.105201 -0.001940 0.139171
319667500 20.843872 -0.160315 6.156271 -1.971445 -0.218459 9.603962 -2.207698 0.022278 0.202462
339646719 23.179825 -2.372537 9.946647 -2.272400 -0.350929 9.533280 -2.063259 0.035792 0.233998
359625938 24.264639 -6.596242 11.765633 -2.184587 -0.366351 9.553206 -2.032137 0.037366 0.224810
379605156 25.011637 -11.291619 12.938137 -1.952668 -0.185422 9.608491 -1.901314 0.018909 0.200493
399584375 26.029192 -16.496046 11.127849 -1.952668 -0.185422 9.608491 -1.901314 0.018909 0.200493
419563594 26.602402 -22.054575 9.777838 -1.431869 0.536014 9.686734 -1.750338 -0.054685 0.146755
439542813 28.427225 -29.855801 7.413618 -1.431869 0.536014 9.686734 -1.726163 -0.054685 0.146755
459522031 27.077311 -38.156853 0.057580 -0.808401 1.025562 9.719316 -1.489060 -0.104770 0.082984
479501250 22.015095 -43.237900 -1.433146 -1.002586 0.721703 9.728533 -1.528202 -0.073660 0.102694
499480469 16.267498 -47.584209 8.188793 -1.269039 0.489001 9.711890 -1.212684 -0.049885 0.129932
519459688 10.750908 -51.121685 17.163303 -1.167757 0.646732 9.715374 -1.189865 -0.065996 0.119623
539438906 4.198830 -52.674011 15.492783 -0.704416 1.094666 9.719871 -1.052384 -0.111858 0.072345
559418073 -0.766660 -51.522713 7.919883 -0.390899 1.525359 9.679403 -0.949836 -0.156177 0.040363
579397240 -2.859358 -47.697098 1.292562 -0.475291 1.774639 9.633023 -0.803387 -0.181965 0.049300
599376406 -6.255701 -43.355370 0.809484 -0.743586 1.940224 9.583997 -0.767352 -0.199162 0.077431
619355573 -13.690250 -37.888489 1.443098 -0.902197 2.169108 9.521103 -0.664676 -0.223032 0.094475
639334740 -20.869473 -31.214386 -0.889957 -0.839908 2.464278 9.454749 -0.552330 -0.254009 0.088602
659313906 -25.150200 -24.598122 -6.739371 -0.734779 2.665399 9.408834 -0.411930 -0.275258 0.077936
679293073 -26.116215 -17.708801 -11.024900 -0.734779 2.665399 9.408834 -0.411930 -0.275258 0.077936
699272240 -23.882681 -12.153686 -8.303553 -0.643294 2.645556 9.421124 -0.434716 -0.273156 0.068176
719251406 -20.819101 -7.582618 -3.570528 -0.313412 2.330205 9.520625 -0.266671 -0.239910 0.032907
739230573 -17.968279 -4.276859 -0.821327 -0.174515 2.182779 9.559049 -0.333694 -0.224462 0.018254
759209740 -16.117287 -2.140397 -0.168904 -0.174515 2.182779 9.559049 -0.211985 -0.224462 0.018254
779188906 -14.846994 -0.981783 0.407372 -0.311325 1.825344 9.630242 -0.105103 -0.187225 0.032317
799168073 -13.643483 -0.479524 1.400371 -0.555602 1.635294 9.653367 -0.091734 -0.167536 0.057492
819147240 -12.520163 -0.318685 2.107392 -0.790311 1.461102 9.664934 -0.117055 -0.149548 0.081589
839126406 -10.545068 -0.159862 2.344822 -0.973511 1.309154 9.669994 -0.048717 -0.133896 0.100335
859105573 -7.503735 -0.442401 2.793859 -1.119092 1.202717 9.668066 -0.130360 -0.122953 0.115239
879084740 -5.106236 -0.530844 3.007467 -1.119092 1.202717 9.668066 -0.130360 -0.122953 0.115239
899063906 -2.912188 -0.491035 2.911722 -1.240198 1.100656 9.665446 -0.118842 -0.112473 0.127615
919043073 -0.543490 -0.679980 3.035352 -1.264870 1.110922 9.661073 -0.180177 -0.113526 0.130184
939022240 1.897014 -0.979871 2.646476 -1.264870 1.110922 9.661073 -0.180177 -0.113526 0.130184
959001406 3.439839 -0.643189 1.317266 -1.515580 1.194317 9.614937 -0.381893 -0.122090 0.156341
978980573 3.906926 -0.140143 0.279981 -1.515580 1.194317 9.614937 -0.448934 -0.122090 0.156341
998959740 3.879838 -0.158286 -0.044329 -1.764055 1.209347 9.570579 -0.368411 -0.123634 0.182275
1018938906 3.653984 -0.069492 -0.204392 -2.002522 1.203929 9.524225 -0.341725 -0.123077 0.207237
1038918073 3.081154 0.163665 -0.467671 -2.380352 1.150209 9.443587 -0.350674 -0.117559 0.246917
1058897240 2.085250 0.349605 -0.354401 -2.519902 1.127028 9.410116 -0.338556 -0.115179 0.261648
1078876406 1.298942 0.082467 -0.197263 -2.519902 1.127028 9.410116 -0.338556 -0.115179 0.261648
1098855573 0.687568 0.156784 -0.216667 -2.527323 1.104141 9.410839 -0.372614 -0.112830 0.262364
1118834740 0.762794 0.343657 0.261244 -2.527323 1.104141 9.410839 -0.372614 -0.112830 0.262364
1138813906 1.624961 0.138395 1.066222 -2.224224 1.147207 9.481937 -0.493834 -0.117251 0.230409
1158793073 1.967865 0.225560 0.905723 -2.224224 1.147207 9.481937 -0.493834 -0.117251 0.230409
1178772240 1.670633 0.440234 0.032062 -2.019793 1.250459 9.514577 -0.467957 -0.127859 0.209179
1198751406 1.464281 0.501263 -0.341255 -1.980642 1.257044 9.521937 -0.509722 -0.128536 0.205084
1218730573 1.597466 0.607916 0.025013 -1.980642 1.257044 9.521937 -0.509722 -0.128536 0.205084
1238709740 1.609440 0.585809 0.348146 -1.989737 1.250978 9.520841 -0.495377 -0.127913 0.206022
1258688906 1.319456 0.733201 0.418802 -2.048381 1.250039 9.508518 -0.496737 -0.127816 0.212183
1278668073 1.020388 0.801355 0.374429 -2.046023 1.253686 9.508545 -0.496840 -0.128191 0.211946
1298647240 0.985305 0.717112 0.213819 -2.046023 1.253686 9.508545 -0.518619 -0.128191 0.211946
1318626406 0.673684 0.712901 0.079725 -2.009617 1.260806 9.515367 -0.584509 -0.128923 0.208138
1338605573 0.371061 0.753872 -0.001132 -2.009617 1.260806 9.515367 -0.601138 -0.128923 0.208138
1358584740 0.432037 0.510314 0.061728 -1.938462 1.272017 9.528627 -0.522216 -0.130076 0.200697
1378563906 -0.041096 0.238782 0.218620 -1.938462 1.272017 9.528627 -0.525719 -0.130076 0.200697
1398543073 -0.338999 0.264704 0.280147 -1.972593 1.336890 9.512728 -0.507880 -0.136751 0.204466
1418522240 0.221993 0.335989 0.388130 -1.972593 1.336890 9.512728 -0.532324 -0.136751 0.204466
1438501406 0.787097 0.351119 0.381377 -1.932788 1.419902 9.508869 -0.594605 -0.145300 0.200530
1458480573 0.786684 0.393234 0.604541 -1.932788 1.419902 9.508869 -0.594605 -0.145300 0.200530
1478459740 0.459805 0.367666 0.397688 -1.803956 1.459911 9.528105 -0.618403 -0.149425 0.187115
