0 -0.001230 -0.036859 0.072938 0.290849 0.771833 9.771902 -2.153729 -0.078787 -0.029755
19979219 0.089430 0.005618 0.032729 0.243543 0.771483 9.773224 -2.257292 -0.078751 -0.024914
39958438 0.105248 -0.011485 0.236097 0.251989 0.769280 9.773183 -2.203298 -0.078525 -0.025778
59937657 0.128275 0.029689 0.378636 0.251989 0.769280 9.773183 -2.203298 -0.078525 -0.025778
79916875 0.202609 0.057818 -0.030742 0.279402 0.814859 9.768743 -2.181007 -0.083188 -0.028594
99896094 0.170984 0.201917 -0.558208 0.258406 0.825836 9.768398 -2.213330 -0.084312 -0.026447
119875313 0.391362 0.297272 -0.522592 0.258863 0.822851 9.768638 -2.156174 -0.084006 -0.026493
139854532 0.743145 0.373744 -0.201393 0.281441 0.813670 9.768783 -2.174029 -0.083067 -0.028802
159833750 1.345919 0.300608 -0.060660 0.281441 0.813670 9.768783 -2.222770 -0.083067 -0.028802
179812969 2.523476 0.391184 0.397074 0.248985 0.726940 9.776500 -2.236688 -0.074195 -0.025462
199792188 4.130808 0.614362 0.502415 0.248985 0.726940 9.776500 -2.164913 -0.074195 -0.025462
219771407 6.080785 0.616411 0.871285 0.119007 0.665016 9.783352 -2.180128 -0.067865 -0.012164
239750625 8.762065 0.408549 2.096804 -0.057545 0.589104 9.788771 -2.139541 -0.060108 0.005879
259729844 12.505592 -0.880582 3.500491 -0.207578 0.536548 9.789762 -2.157489 -0.054740 0.021200
279709063 16.166492 -3.254935 4.951434 -0.253063 0.536055 9.788717 -2.104758 -0.054690 0.025847
299688282 21.260889 -6.635874 6.734402 -0.165315 0.605985 9.786513 -2.038667 -0.061833 0.016891
319667500 23.321493 -9.335241 6.355436 -0.078926 0.836035 9.770630 -2.057986 -0.085355 0.008078
339646719 25.383646 -10.816924 2.315598 -0.103478 1.161003 9.737133 -1.944213 -0.118668 0.010627
359625938 29.624199 -13.996556 3.217674 -0.226799 1.361150 9.709080 -1.861540 -0.139248 0.023355
379605157 32.674858 -19.782734 5.886479 -0.377790 1.490809 9.685307 -1.767296 -0.152612 0.038987
399584375 32.004345 -28.213156 5.442010 -0.512296 1.590958 9.663166 -1.691598 -0.162953 0.052966
419563594 28.321049 -36.702904 5.348111 -1.259681 1.400093 9.624102 -1.426401 -0.143259 0.130148
439542813 24.235458 -44.317406 8.553376 -1.632143 1.208290 9.594088 -1.305927 -0.123525 0.168506
459522032 19.695972 -51.482311 11.955342 -1.632143 1.208290 9.594088 -1.305927 -0.123525 0.168506
479501250 14.589337 -56.903034 11.338511 -1.432996 1.133137 9.634984 -1.003287 -0.115806 0.147646
499480469 8.602633 -59.343842 7.996952 -1.432996 1.133137 9.634984 -0.853140 -0.115806 0.147646
519459688 1.354163 -59.242947 4.140055 -1.275383 1.165312 9.653281 -0.868802 -0.119110 0.131358
539438907 -7.183752 -55.902340 2.561069 -1.434264 1.138154 9.634204 -0.546574 -0.116322 0.147787
559418125 -12.821799 -48.791920 4.494404 -1.592641 1.089975 9.614876 -0.518198 -0.111377 0.164153
579397344 -20.208071 -39.549980 1.317947 -1.221198 1.580536 9.601091 -0.492194 -0.161876 0.126514
599376563 -27.313416 -30.137032 -7.110499 -0.991208 1.796902 9.589527 -0.364374 -0.184274 0.102998
619355782 -31.344734 -21.522844 -10.609985 -0.787460 1.793599 9.609021 -0.085865 -0.183932 0.081767
639335000 -30.342680 -14.531441 -5.453165 -0.787460 1.793599 9.609021 -0.085865 -0.183932 0.081767
659314219 -24.394571 -9.763781 0.070095 0.071015 1.725333 9.653422 0.264507 -0.176855 -0.007356
679293438 -16.550568 -5.861399 2.336410 0.537313 1.762255 9.632037 0.117242 -0.180681 -0.055726
699272657 -11.084481 -2.850953 1.615393 0.766460 1.750354 9.618690 -0.029110 -0.179448 -0.079516
719251875 -7.614684 -1.080884 1.023619 0.766460 1.750354 9.618690 0.094153 -0.179448 -0.079516
739231094 -6.073219 0.242026 3.128727 0.775132 1.653385 9.635138 0.005757 -0.169407 -0.080276
759210313 -4.842946 0.754296 4.462506 0.715712 1.565995 9.654316 0.034203 -0.160374 -0.073999
779189532 -4.367971 0.741202 2.632370 0.574983 1.539755 9.667933 -0.042739 -0.157664 -0.059403
799168750 -3.034636 0.947758 1.109618 0.459403 1.493789 9.681318 -0.115776 -0.152919 -0.047417
819147969 -0.945432 0.806297 1.561698 0.369703 1.455576 9.690975 -0.085412 -0.148978 -0.038131
839127188 -0.147878 0.554422 2.298750 0.369703 1.455576 9.690975 0.049215 -0.148978 -0.038131
859106407 1.116200 0.420060 2.126276 0.421475 1.524137 9.678313 -0.190210 -0.156051 -0.043521
879085625 2.443059 0.254827 0.584744 0.401848 1.590029 9.668543 -0.013614 -0.162857 -0.041539
899064844 3.281381 0.374922 -0.929850 0.401848 1.590029 9.668543 -0.013614 -0.162857 -0.041539
919044063 3.544279 0.673093 -1.090998 0.298584 1.614982 9.668147 -0.205981 -0.165436 -0.030873
939023282 3.263380 1.169336 -0.096418 0.144625 1.641194 9.667262 -0.150003 -0.168146 -0.014959
959002500 3.106297 0.970656 -0.322944 0.133721 1.687994 9.659357 -0.272501 -0.172989 -0.013843
978981719 1.643341 0.824835 -1.401659 0.133721 1.687994 9.659357 -0.272501 -0.172989 -0.013843
998960938 1.204216 0.680776 -1.618262 0.110897 1.706041 9.656475 -0.226488 -0.174857 -0.011484
1018940157 0.891198 0.615805 -0.608721 0.064839 1.687950 9.660073 -0.114046 -0.172984 -0.006712
1038919375 0.893409 0.367620 0.166063 0.009889 1.665288 9.664218 -0.296191 -0.170639 -0.001023
1058898594 0.891005 0.259054 0.219636 0.007426 1.678198 9.661986 -0.190308 -0.171975 -0.000769
1078877813 0.870150 0.225823 -0.305195 -0.030346 1.683058 9.661097 -0.177173 -0.172478 0.003141
1098857032 0.245508 0.345678 -0.750886 -0.107545 1.658876 9.664727 -0.224116 -0.169976 0.011127
1118836250 0.200424 0.538141 -0.596141 -0.107545 1.658876 9.664727 -0.103839 -0.169976 0.011127
1138815469 0.233661 0.613203 0.092846 -0.288090 1.570989 9.675711 -0.245960 -0.160889 0.029766
1158794688 0.120176 0.451067 0.672701 -0.358689 1.549841 9.676763 -0.301327 -0.158705 0.037050
1178773907 0.090775 0.284595 0.655937 -0.358689 1.549841 9.676763 -0.301327 -0.158705 0.037050
1198753125 -0.148561 0.331610 0.161621 -0.466696 1.529020 9.675467 -0.184265 -0.156555 0.048198
1218732344 -0.707111 0.466074 -0.070807 -0.498367 1.503974 9.677814 -0.188096 -0.153970 0.051450
1238711563 -0.994559 0.514153 0.466526 -0.498367 1.503974 9.677814 -0.188096 -0.153970 0.051450
1258690782 -0.391951 0.347592 0.487584 -0.284794 1.486944 9.689079 -0.357317 -0.152213 0.029385
1278670000 0.131155 0.173524 0.147730 -0.284794 1.486944 9.689079 -0.357317 -0.152213 0.029385
1298649219 -0.070864 0.268441 0.148292 -0.151617 1.459629 9.696229 -0.371235 -0.149396 0.015635
1318628438 -0.229564 0.471803 0.214963 -0.151617 1.459629 9.696229 -0.412711 -0.149396 0.015635
1338607657 0.234797 0.595652 0.243650 -0.313351 1.383710 9.703481 -0.371374 -0.141572 0.032281
1358586875 1.124273 0.515745 0.503254 -0.444715 1.337368 9.704847 -0.277898 -0.136800 0.045792
1378566094 1.483165 0.394996 0.711522 -0.444715 1.337368 9.704847 -0.277898 -0.136800 0.045792
1398545365 1.293947 0.415313 0.907074 -0.663196 1.276979 9.700509 -0.345418 -0.130586 0.068261
1418524636 1.485107 0.300049 1.078167 -0.770700 1.281528 9.691960 -0.399472 -0.131054 0.079352
1438503907 1.901621 0.233466 1.013803 -0.883257 1.300134 9.679871 -0.363283 -0.132968 0.090995
1458483177 1.662878 -0.085355 0.781208 -0.883257 1.300134 9.679871 -0.399455 -0.132968 0.090995
1478462448 0.545256 -0.375489 0.631902 -1.006831 1.322104 9.664819 -0.407973 -0.135229 0.103800
1498441719 -0.812833 -0.582929 0.781317 -1.268020 1.428687 9.618803 -0.297163 -0.146206 0.131071
