0 0.102849 -0.260618 0.445163 -0.542888 1.365974 9.695865 -1.019283 -0.139745 0.055933
19980521 -0.270355 -0.105152 0.383822 -0.542888 1.365974 9.695865 -1.038784 -0.139745 0.055933
39961042 -0.140582 -0.132313 0.347067 -0.496821 1.334160 9.702762 -1.071336 -0.136470 0.051159
59941563 0.142198 -0.156132 0.352798 -0.411232 1.279348 9.714142 -1.071178 -0.130830 0.042308
79922083 0.284389 -0.056909 0.318674 -0.394593 1.284280 9.714181 -0.987945 -0.131337 0.040598
99902604 0.236391 -0.070975 0.055564 -0.396890 1.295998 9.712531 -1.051304 -0.132543 0.040841
119883125 0.135829 0.042513 -0.241800 -0.396890 1.295998 9.712531 -1.091575 -0.132543 0.040841
139863646 -0.065743 0.258937 -0.327656 -0.424212 1.296682 9.711285 -1.002743 -0.132613 0.043655
159844167 -0.149806 0.260101 0.009436 -0.433683 1.283047 9.712677 -1.044207 -0.131211 0.044622
179824688 -0.149595 0.196625 0.105550 -0.431244 1.266541 9.714952 -1.012606 -0.129513 0.044361
199805208 -0.144795 0.049018 0.131316 -0.431244 1.266541 9.714952 -0.969258 -0.129513 0.044361
219785729 -0.538455 -0.012855 0.254639 -0.426151 1.245438 9.717904 -1.097202 -0.127343 0.043824
239766250 -1.822454 -0.259676 0.053671 -0.439547 1.229167 9.719379 -0.996323 -0.125671 0.045193
259746771 -4.257689 -0.100460 -0.156820 -0.456568 1.229189 9.718593 -1.004115 -0.125673 0.046944
279727292 -5.335801 -0.196995 -0.186333 -0.506305 1.252406 9.713162 -1.010662 -0.128060 0.052079
299707865 -6.713488 -0.488724 0.254522 -0.661661 1.332565 9.693135 -1.019730 -0.136306 0.068155
319688490 -10.251266 0.161670 1.122650 -0.695468 1.371449 9.685342 -1.101911 -0.140309 0.071683
339669115 -13.197096 0.597124 1.502233 -0.695468 1.371449 9.685342 -1.113956 -0.140309 0.071683
359649740 -14.322127 -0.382822 2.017175 -0.690335 1.433458 9.676726 -1.131142 -0.146698 0.071219
379630365 -15.897864 -1.272359 2.127590 -0.661032 1.523814 9.664959 -1.189182 -0.156018 0.068288
399610990 -16.116497 -2.828501 2.060249 -0.308025 1.711381 9.651253 -1.232160 -0.175410 0.031905
419591615 -15.406420 -5.309690 1.367630 -0.308025 1.711381 9.651253 -1.299125 -0.175410 0.031905
439572240 -14.778170 -6.459173 0.641866 0.359058 1.895520 9.615013 -1.369449 -0.194514 -0.037326
459552865 -14.254940 -8.683821 -1.362312 0.359058 1.895520 9.615013 -1.424779 -0.194514 -0.037326
479533490 -12.900109 -11.839226 -1.332326 0.708540 1.918255 9.591072 -1.436695 -0.196877 -0.073741
499514115 -11.834572 -14.893608 2.161692 1.023034 1.777593 9.589783 -1.582470 -0.182272 -0.106278
519494740 -12.601730 -17.977139 5.230823 1.385412 1.418893 9.604050 -1.683430 -0.145196 -0.143265
539475365 -13.932908 -21.069979 7.826578 1.399879 1.368618 9.609246 -1.779858 -0.140017 -0.144663
559455990 -15.654749 -24.525360 9.707905 1.399879 1.368618 9.609246 -1.884110 -0.140017 -0.144663
579436615 -15.138799 -27.564278 7.437171 1.467364 1.420784 9.591590 -2.173930 -0.145391 -0.151807
599417240 -14.840490 -28.164906 3.808989 1.582902 1.558165 9.551803 -2.250704 -0.159565 -0.164225
619397865 -11.913920 -29.863672 1.705518 1.585597 1.780763 9.512369 -2.410513 -0.182600 -0.165169
639378490 -7.734240 -31.037252 0.381100 1.585597 1.780763 9.512369 -2.410513 -0.182600 -0.165169
659359115 -5.488663 -31.003794 2.770995 1.242297 1.620547 9.591711 -2.587666 -0.166011 -0.128801
679339740 -0.196871 -31.831861 5.306839 1.242297 1.620547 9.591711 -2.587666 -0.166011 -0.128801
699320365 8.379376 -32.038586 5.974530 0.659605 1.474693 9.672671 -2.874180 -0.150949 -0.068087
719300990 15.756444 -29.934830 3.367723 0.659605 1.474693 9.672671 -2.845312 -0.150949 -0.068087
739281615 20.379032 -25.507805 3.730929 0.246874 1.292453 9.717974 -2.930610 -0.132178 -0.025398
759262240 22.053696 -20.469841 4.048971 0.246874 1.292453 9.717974 -3.003561 -0.132178 -0.025398
779242865 21.933613 -15.918986 2.549938 -0.037476 1.227944 9.729396 -3.096528 -0.125545 0.003852
799223490 20.511034 -11.782352 1.517130 -0.037476 1.227944 9.729396 -3.096528 -0.125545 0.003852
819204115 18.083681 -7.852815 0.889406 -0.059879 1.176967 9.735582 -3.025767 -0.120307 0.006150
839184740 15.902283 -4.637549 -0.316891 0.060947 1.092664 9.745397 -3.040878 -0.111653 -0.006254
859165365 13.132378 -2.228575 -1.911293 0.292895 0.999203 9.751215 -3.085713 -0.102067 -0.030028
879145990 10.465895 -0.665575 -2.550214 0.817364 0.752619 9.743504 -2.988139 -0.076821 -0.083692
899126615 7.867137 -0.009080 -2.644553 1.009481 0.591022 9.736633 -2.951033 -0.060304 -0.103310
919107240 5.628997 -0.046651 -2.438925 1.099770 0.403868 9.736415 -2.951965 -0.041195 -0.112478
939087865 2.824658 0.196174 -1.390375 1.082374 0.181693 9.745042 -2.911276 -0.018529 -0.110616
959068490 0.100935 0.536024 1.086829 1.082374 0.181693 9.745042 -2.911276 -0.018529 -0.110616
979049115 -1.514185 0.658558 2.598316 1.037545 -0.051763 9.751472 -2.885998 0.005278 -0.106000
999029740 -1.865825 0.486714 2.947536 1.046645 -0.280531 9.746600 -2.906708 0.028610 -0.106976
1019010313 -1.774508 0.335005 3.077197 1.128070 -0.504014 9.728505 -2.926098 0.051418 -0.115440
1038990833 -1.916667 0.528075 3.362105 1.311053 -0.789271 9.686515 -2.791440 0.080570 -0.134531
1058971354 -2.312426 0.727230 2.690639 1.329547 -0.800880 9.683042 -2.884395 0.081758 -0.136453
1078951875 -1.989097 0.659228 1.812549 1.329547 -0.800880 9.683042 -2.884395 0.081758 -0.136453
1098932396 -1.263225 0.078394 1.711920 1.215290 -0.665829 9.708251 -2.809167 0.067948 -0.124533
1118912917 -1.013085 -0.440438 1.675646 1.110918 -0.515201 9.729893 -2.767454 0.052560 -0.113683
1138893438 -1.204440 -0.318806 0.725838 1.110918 -0.515201 9.729893 -2.767454 0.052560 -0.113683
1158873958 -1.700235 0.319146 -0.224422 0.793663 -0.171799 9.772972 -2.804827 0.017520 -0.081032
1178854479 -1.931329 0.812587 -0.232382 0.793663 -0.171799 9.772972 -2.774220 0.017520 -0.081032
1198835000 -1.854419 0.991210 0.209435 0.455920 0.072951 9.795774 -2.769042 -0.007439 -0.046509
1218815521 -1.827734 0.971622 0.639650 0.355560 0.175677 9.798628 -2.763914 -0.017915 -0.036271
1238796042 -1.937540 0.959911 0.871287 0.318486 0.277602 9.797545 -2.763175 -0.028311 -0.032495
1258776563 -1.771609 0.827464 0.291178 0.339703 0.358619 9.794201 -2.748523 -0.036577 -0.034670
1278757083 -1.280821 0.794757 -0.118421 0.388715 0.418673 9.789995 -2.780974 -0.042706 -0.039684
1298737604 -0.568234 0.511029 -0.483291 0.426632 0.473438 9.785919 -2.821890 -0.048296 -0.043569
1318718125 -0.177967 0.499217 -0.859804 0.417272 0.531955 9.783317 -2.745031 -0.054271 -0.042626
1338698646 0.015450 0.531732 -1.171891 0.417272 0.531955 9.783317 -2.745031 -0.054271 -0.042626
1358679167 -0.100311 0.578213 -0.980978 0.336212 0.588692 9.783190 -2.769163 -0.060066 -0.034353
1378659688 0.132637 0.414042 -0.452756 0.336212 0.588692 9.783190 -2.800199 -0.060066 -0.034353
1398640260 0.403764 0.166994 -0.297007 0.345051 0.544165 9.785460 -2.794641 -0.055518 -0.035247
1418620885 0.337696 0.121943 0.127785 0.331801 0.536332 9.786349 -2.840761 -0.054718 -0.033892
1438601510 0.007768 0.186544 0.100121 0.299404 0.541260 9.787124 -2.813886 -0.055221 -0.030582
1458582135 -0.079495 0.245862 0.323438 0.273564 0.551502 9.787308 -2.747638 -0.056267 -0.027944
1478562760 0.028904 0.178744 0.346399 0.277778 0.563639 9.786498 -2.758960 -0.057507 -0.028376
1498543385 0.265323 0.148997 -0.090388 0.307803 0.569558 9.785256 -2.814887 -0.058111 -0.031445
