0 0.118684 -0.081264 0.293461 0.389945 0.092081 9.798461 -2.840178 -0.009390 -0.039776
19978906 0.145105 -0.008579 0.523642 0.372044 0.086187 9.799212 -2.844694 -0.008789 -0.037948
39957813 0.322682 0.117780 0.371671 0.372044 0.086187 9.799212 -2.871121 -0.008789 -0.037948
59936719 0.241009 0.226215 -0.015805 0.376090 0.093995 9.798985 -2.801697 -0.009585 -0.038362
79915625 0.203466 0.193324 -0.251699 0.386080 0.100661 9.798531 -2.808343 -0.010265 -0.039381
99894531 0.178838 0.227444 -0.202350 0.390495 0.095210 9.798409 -2.766856 -0.009709 -0.039832
119873438 0.031771 0.243783 -0.252319 0.356102 0.068319 9.799945 -2.848195 -0.006967 -0.036321
139852344 0.002632 0.158049 -0.313873 0.347116 0.038519 9.800429 -2.838315 -0.003928 -0.035404
159831250 0.473060 0.131181 -0.251617 0.347116 0.038519 9.800429 -2.797863 -0.003928 -0.035404
179810156 1.028910 0.247621 -0.227647 0.390554 0.007245 9.798867 -2.812272 -0.000739 -0.039836
199789063 1.764618 0.448256 -0.664568 0.469123 -0.013845 9.795413 -2.820016 0.001412 -0.047856
219767969 2.966674 0.570004 -1.297490 0.432945 -0.137918 9.796118 -2.836856 0.014064 -0.044167
239746875 4.607054 0.740363 -1.431523 0.313510 -0.273296 9.797826 -2.822993 0.027872 -0.031987
259725781 6.293056 0.734843 -0.445164 0.313510 -0.273296 9.797826 -2.704072 0.027872 -0.031987
279704688 7.507331 0.393713 2.059362 0.306502 -0.487056 9.789750 -2.779692 0.049686 -0.031298
299683594 11.413703 -0.732121 3.627627 0.306502 -0.487056 9.789750 -2.691162 0.049686 -0.031298
319662500 18.253756 -3.090900 4.286730 0.612279 -0.481101 9.775687 -2.717004 0.049078 -0.062551
339641406 25.708771 -6.932599 3.731274 1.245869 -0.185257 9.725424 -2.628008 0.018892 -0.127410
359620313 32.031292 -12.922942 1.897126 1.118104 0.078618 9.742384 -2.580795 -0.008017 -0.114267
379599219 31.611864 -19.060652 0.396750 0.756518 0.311453 9.772465 -2.492173 -0.031765 -0.077259
399578125 27.204124 -24.446325 1.965033 0.494672 0.500480 9.781371 -2.393965 -0.051057 -0.050530
419557031 23.792408 -30.022083 4.427380 0.455823 0.696811 9.771237 -2.301038 -0.071115 -0.046616
439535938 23.399881 -34.191799 4.308290 0.546641 0.847182 9.754683 -1.997243 -0.086496 -0.055980
459514844 21.682865 -39.780327 3.768010 0.707326 0.911681 9.738526 -1.980613 -0.093100 -0.072504
479493750 18.943499 -46.172897 3.186970 0.707326 0.911681 9.738526 -1.834761 -0.093100 -0.072504
499472656 13.884365 -52.541138 3.370355 0.870054 0.821371 9.733383 -1.751707 -0.083855 -0.089152
519451563 8.982020 -57.826145 2.078257 0.678011 0.268482 9.779499 -1.507347 -0.027381 -0.069219
539430469 6.384218 -63.495377 3.450994 0.307756 0.110882 9.801193 -1.469303 -0.011307 -0.031390
559409375 -6.122401 -68.080650 3.275095 0.307756 0.110882 9.801193 -1.469303 -0.011307 -0.031390
579388281 -25.566957 -62.180695 -8.775158 0.194452 0.294168 9.800308 -1.239938 -0.030001 -0.019839
599367188 -39.830780 -44.945091 -20.412209 -0.610915 0.196304 9.785634 -1.162832 -0.020019 0.062349
619346094 -46.176090 -27.205654 -16.890814 -0.903705 -0.200106 9.762872 -1.217060 0.020407 0.092302
639325000 -41.864857 -15.527215 -5.839341 -0.903705 -0.200106 9.762872 -1.133060 0.020407 0.092302
659303906 -32.828518 -9.891618 -0.219237 -0.154645 -0.441668 9.795479 -1.136021 0.045053 0.015786
679282813 -22.851995 -6.411823 0.475060 0.411155 -0.448290 9.787766 -1.175222 0.045729 -0.041982
699261719 -11.877379 -3.264772 0.944566 0.659366 -0.501887 9.771578 -1.138256 0.051201 -0.067376
719240625 -2.839931 -0.766509 2.462399 0.646955 -0.538019 9.770484 -1.315031 0.054890 -0.066119
739219531 -0.156558 1.130022 4.454827 0.646955 -0.538019 9.770484 -1.315031 0.054890 -0.066119
759198438 -0.941699 1.817423 4.529412 0.520272 -0.336018 9.787073 -1.344058 0.034271 -0.053109
779177344 -1.868818 1.652918 2.098286 0.520272 -0.336018 9.787073 -1.284460 0.034271 -0.053109
799156250 -3.322505 1.572818 0.272315 0.377263 -0.114827 9.798718 -1.178728 0.011709 -0.038482
819135156 -3.183936 1.148677 0.467949 0.377263 -0.114827 9.798718 -1.178728 0.011709 -0.038482
839114063 -1.316185 0.703862 1.874571 0.187018 -0.029639 9.804822 -1.284186 0.003022 -0.019072
859092969 0.191243 0.154971 2.795661 0.208056 0.105164 9.803879 -1.255654 -0.010724 -0.021219
879071927 1.875519 -0.065295 2.106382 0.317423 0.295351 9.797061 -1.234451 -0.030122 -0.032389
899050885 2.727514 0.107768 0.429058 0.317423 0.295351 9.797061 -1.269426 -0.030122 -0.032389
919029844 2.258974 0.280416 -0.930194 0.497967 0.641330 9.772979 -1.288501 -0.065444 -0.050909
939008802 1.702172 0.291340 -1.417622 0.509150 0.762564 9.763691 -1.263460 -0.077839 -0.052100
958987760 1.241404 0.425012 -1.556721 0.495718 0.856544 9.756587 -1.217531 -0.087455 -0.050765
978966719 1.180936 0.379869 -1.491020 0.495718 0.856544 9.756587 -1.221044 -0.087455 -0.050765
998945677 1.012718 0.593510 -1.282592 0.489331 0.927750 9.750396 -1.205306 -0.094746 -0.050144
1018924635 0.721726 0.664935 -1.391226 0.508819 1.029385 9.739192 -1.278330 -0.105162 -0.052197
1038903594 0.117473 0.752770 -1.440021 0.519591 1.043185 9.737155 -1.275999 -0.106577 -0.053311
1058882552 -0.459173 0.648958 -1.458712 0.519591 1.043185 9.737155 -1.264152 -0.106577 -0.053311
1078861510 -0.930706 0.656441 -1.016276 0.533909 0.986106 9.742327 -1.186243 -0.100725 -0.054748
1098840469 -0.620284 0.590730 -0.667639 0.535104 0.940838 9.746737 -1.216570 -0.096087 -0.054846
1118819427 -0.355705 0.632256 -0.297320 0.529161 0.893477 9.751516 -1.226694 -0.091236 -0.054211
1138798385 -0.029152 0.484157 -0.182106 0.518588 0.839074 9.756916 -1.177672 -0.085666 -0.053101
1158777344 -0.119652 0.393787 0.277151 0.518588 0.839074 9.756916 -1.177672 -0.085666 -0.053101
1178756302 -0.085264 0.324999 0.349248 0.513053 0.794060 9.760975 -1.183004 -0.081060 -0.052513
1198735260 -0.151371 0.416342 0.345817 0.535540 0.721541 9.765396 -1.200891 -0.073643 -0.054786
1218714219 -0.105437 0.371773 0.371734 0.535540 0.721541 9.765396 -1.339663 -0.073643 -0.054786
1238693177 0.036540 0.392447 0.459489 0.578373 0.662257 9.767154 -1.297954 -0.067583 -0.059147
1258672135 0.269829 0.443402 0.402863 0.574835 0.639358 9.768888 -1.302625 -0.065243 -0.058776
1278651094 0.377155 0.400948 0.231257 0.558063 0.614056 9.771483 -1.291652 -0.062657 -0.057049
1298630052 0.416052 0.356431 0.270011 0.537769 0.585957 9.774346 -1.296085 -0.059787 -0.054963
1318609010 0.510713 0.246100 0.471351 0.519195 0.566328 9.776507 -1.194624 -0.057782 -0.053057
1338587969 0.648693 0.224122 0.524395 0.519195 0.566328 9.776507 -1.250212 -0.057782 -0.053057
1358566927 0.375990 0.228572 0.267518 0.495510 0.559234 9.778145 -1.278865 -0.057057 -0.050632
1378545885 -0.179275 0.188263 0.208064 0.460185 0.546758 9.780576 -1.298536 -0.055783 -0.047016
1398524844 -0.317067 0.216319 0.455560 0.478503 0.542435 9.779939 -1.225516 -0.055341 -0.048888
1418503802 0.112428 0.328594 0.684424 0.478503 0.542435 9.779939 -1.225516 -0.055341 -0.048888
1438482760 0.755840 0.299470 0.684934 0.519238 0.549901 9.777443 -1.279507 -0.056104 -0.053056
1458461719 1.195504 0.279777 0.639346 0.645756 0.599343 9.766994 -1.274829 -0.061154 -0.066020
1478440677 1.385995 0.318593 0.542551 0.715198 0.637777 9.759719 -1.279134 -0.065081 -0.073150
1498419635 1.364922 0.383063 0.316867 0.765891 0.679414 9.753060 -1.284271 -0.069336 -0.078367
