0 0.041292 0.033430 0.569454 -0.188366 0.940357 9.759644 -0.984855 -0.096037 0.019298
19981875 0.339904 -0.202751 0.124714 -0.140763 0.938740 9.760602 -0.968887 -0.095872 0.014421
39963750 0.495106 -0.151153 -0.093064 -0.101417 0.930512 9.761877 -1.021418 -0.095029 0.010389
59945625 0.363693 -0.039055 -0.160802 -0.062907 0.916969 9.763483 -1.041715 -0.093642 0.006443
79927500 0.216315 0.082493 -0.206329 -0.061677 0.920686 9.763142 -1.048642 -0.094022 0.006317
99909375 0.111502 0.085426 -0.176865 -0.096407 0.940179 9.761003 -1.054287 -0.096019 0.009876
119891250 -0.069329 0.114621 -0.215440 -0.096407 0.940179 9.761003 -1.047226 -0.096019 0.009876
139873125 -0.274847 0.148051 -0.157452 -0.156792 0.962919 9.758001 -1.060747 -0.098349 0.016067
159855000 -0.528181 0.179359 0.023311 -0.128109 0.945523 9.760120 -1.027205 -0.096567 0.013125
179836875 -0.269045 -0.233789 0.007311 -0.128109 0.945523 9.760120 -0.926803 -0.096567 0.013125
199818750 0.066906 -0.980790 -0.997334 0.024547 0.827612 9.771635 -1.006617 -0.084493 -0.002512
219800625 0.078775 -0.915108 -0.857907 0.024547 0.827612 9.771635 -1.053309 -0.084493 -0.002512
239782500 -0.466576 0.115411 0.630348 -0.003102 0.679970 9.783047 -1.008205 -0.069393 0.000317
259764375 -0.867852 0.716004 1.082496 -0.003102 0.679970 9.783047 -1.037717 -0.069393 0.000317
279746250 -1.787634 1.167377 0.728003 0.120452 0.622642 9.786122 -1.013863 -0.063535 -0.012308
299728125 -3.635357 1.578782 -0.054340 0.172680 0.584121 9.787716 -1.037083 -0.059599 -0.017641
319710000 -5.385720 2.030841 -0.117848 0.154807 0.513871 9.791954 -1.080891 -0.052424 -0.015808
339691875 -6.785813 1.261841 1.809320 0.082457 0.444969 9.796204 -1.034810 -0.045390 -0.008417
359673750 -9.598050 -0.090817 3.450870 0.082457 0.444969 9.796204 -1.065844 -0.045390 -0.008417
379655625 -13.142100 -0.434942 4.108287 -0.145721 0.470778 9.794260 -1.080896 -0.048024 0.014877
399637500 -16.337755 -0.733736 4.392114 -0.223035 0.588050 9.786462 -1.049367 -0.060000 0.022786
419619375 -16.945196 -1.775866 3.817907 -0.223035 0.588050 9.786462 -1.121213 -0.060000 0.022786
439601250 -16.904684 -4.021846 3.025927 -0.406969 1.102963 9.735926 -1.068469 -0.112709 0.041776
459583125 -16.781046 -6.591578 2.933872 -0.480414 1.463424 9.684937 -0.945418 -0.149787 0.049564
479565000 -16.700472 -9.874719 1.562789 -0.474588 1.776184 9.632774 -1.056665 -0.182126 0.049228
499546875 -16.782681 -13.953951 1.242914 -0.474588 1.776184 9.632774 -1.037085 -0.182126 0.049228
519528750 -18.416142 -17.893597 5.805318 -0.486122 1.967726 9.594902 -1.134077 -0.202024 0.050621
539510625 -20.825174 -22.286316 7.923747 -0.512315 2.159854 9.552117 -1.248402 -0.222064 0.053582
559492500 -20.234482 -28.483078 5.659961 -0.282685 2.781343 9.399713 -1.430482 -0.287565 0.030065
579474375 -15.658047 -34.126251 1.852520 -0.282685 2.781343 9.399713 -1.650611 -0.287565 0.030065
599456250 -9.626169 -37.113976 1.100588 -0.137129 3.031314 9.325380 -1.808358 -0.314255 0.014704
619438125 -1.561532 -37.476276 3.381038 -0.201433 3.177661 9.275358 -1.998492 -0.329988 0.021714
639420000 4.019828 -34.703796 5.022176 -0.494871 3.195957 9.258042 -2.202020 -0.331960 0.053402
659401875 8.301311 -32.087566 5.547458 -0.494871 3.195957 9.258042 -2.383188 -0.331960 0.053402
679383750 16.077322 -32.195869 8.198767 -1.243127 2.869282 9.294744 -2.513951 -0.296929 0.132956
699365625 24.411858 -30.160002 13.427963 -1.243127 2.869282 9.294744 -2.607975 -0.296929 0.132956
719347552 27.156284 -23.325127 14.715459 -1.560073 2.604319 9.324918 -2.747800 -0.268792 0.165766
739329531 27.001179 -15.546140 12.909757 -1.877842 2.283942 9.350279 -2.794798 -0.235056 0.198196
759311511 24.367491 -7.538743 10.297241 -1.877842 2.283942 9.350279 -2.836529 -0.235056 0.198196
779293490 19.611790 -0.815132 6.858335 -1.751983 2.172034 9.401235 -2.772322 -0.223338 0.184243
799275469 16.084412 2.445520 4.223084 -1.751983 2.172034 9.401235 -2.811165 -0.223338 0.184243
819257448 13.811766 3.056197 3.585519 -1.680359 2.201510 9.407452 -2.769560 -0.226421 0.176756
839239427 10.629793 2.786161 2.024911 -1.534654 2.231341 9.425303 -2.820225 -0.229544 0.161406
859221406 7.014675 2.195410 0.322792 -1.135580 2.233328 9.481196 -2.663611 -0.229752 0.119204
879203386 3.894250 1.453853 -0.597422 -1.021646 2.220775 9.497093 -2.651848 -0.228438 0.107163
899185365 1.608326 0.719912 -0.392022 -1.021646 2.220775 9.497093 -2.662601 -0.228438 0.107163
919167344 0.008330 0.015114 0.059159 -0.920653 2.180469 9.516740 -2.620637 -0.224220 0.096440
939149323 -0.811273 -0.223270 0.880609 -0.778590 2.100019 9.547465 -2.588655 -0.215814 0.081369
959131302 -1.551131 -0.156466 1.023730 -0.608760 2.016994 9.577658 -2.556942 -0.207155 0.063475
979113281 -1.761758 -0.298412 0.767379 -0.464249 1.972073 9.595092 -2.599672 -0.202476 0.048346
999095156 -1.155409 -0.548914 0.794756 -0.371194 1.974366 9.598670 -2.566605 -0.202715 0.038652
1019077031 -0.351757 -0.895411 1.048680 -0.257390 2.068727 9.582510 -2.541595 -0.212548 0.026854
1039058906 -0.230486 -1.145425 0.876196 -0.217255 2.164365 9.562360 -2.557839 -0.222536 0.022716
1059040781 -1.271343 -0.473827 -0.465521 -0.217255 2.164365 9.562360 -2.507191 -0.222536 0.022716
1079022656 -1.970572 0.477957 -1.492239 -0.348674 2.409540 9.499628 -2.488377 -0.248247 0.036687
1099004531 -1.608481 0.776895 -1.255391 -0.348674 2.409540 9.499628 -2.471912 -0.248247 0.036687
1118986406 -1.022184 0.542304 -0.862819 -0.493743 2.516551 9.465389 -2.455746 -0.259520 0.052116
1138968281 -0.421782 0.248752 -1.099977 -0.586404 2.593165 9.439386 -2.522874 -0.267612 0.062043
1158950156 0.010706 0.303369 -1.437269 -0.585818 2.620328 9.431918 -2.439140 -0.270485 0.062031
1178932031 0.338560 0.170354 -1.513262 -0.516411 2.595627 9.442798 -2.426792 -0.267872 0.054634
1198913906 0.491660 -0.109725 -0.588925 -0.452567 2.489012 9.474724 -2.367109 -0.256616 0.047729
1218895781 0.535821 -0.433510 -0.059256 -0.452567 2.489012 9.474724 -2.399835 -0.256616 0.047729
1238877656 0.209878 -0.420726 0.545004 -0.480697 2.452828 9.482771 -2.405061 -0.252803 0.050648
1258859531 -0.298469 0.020789 1.079101 -0.507442 2.419548 9.489925 -2.387362 -0.249300 0.053421
1278841406 -0.925190 0.643069 1.124674 -0.501732 2.392888 9.496985 -2.412245 -0.246495 0.052782
1298823281 -0.604196 0.892784 0.609614 -0.404033 2.385282 9.503556 -2.400659 -0.245696 0.042488
1318805156 -0.008878 0.772019 0.231433 -0.383155 2.407836 9.498731 -2.297144 -0.248067 0.040316
1338787031 0.188478 0.792873 0.048197 -0.383155 2.407836 9.498731 -2.365325 -0.248067 0.040316
1358768906 0.043615 0.960775 0.135252 -0.391408 2.435216 9.491412 -2.329329 -0.250949 0.041215
1378750781 -0.121000 1.056836 0.187237 -0.397521 2.454122 9.486287 -2.381088 -0.252939 0.041880
1398732656 -0.230967 0.930103 0.337675 -0.393217 2.460644 9.484776 -2.342277 -0.253626 0.041434
1418714531 -0.027866 0.643841 0.547191 -0.368183 2.472253 9.482762 -2.366311 -0.254849 0.038807
1438696406 0.114917 0.380978 0.451630 -0.368183 2.472253 9.482762 -2.323660 -0.254849 0.038807
1458678281 0.209451 0.212010 0.490630 -0.352431 2.485597 9.479873 -2.275840 -0.256256 0.037160
1478660156 0.139703 0.284072 0.558856 -0.331449 2.500911 9.476602 -2.368557 -0.257870 0.034961
1498642031 0.157821 0.398520 0.342930 -0.289481 2.521924 9.472406 -2.407075 -0.260087 0.030551
