0 -0.142981 0.040216 0.296094 -0.682408 1.173285 9.712265 -1.093469 -0.119929 0.070147
19980729 0.232841 -0.103777 0.192494 -0.644915 1.164003 9.715944 -1.178393 -0.118976 0.066280
39961459 0.589469 -0.106739 -0.183652 -0.547248 1.128645 9.726103 -1.165238 -0.115345 0.056207
59942188 0.423452 0.071042 -0.287402 -0.547248 1.128645 9.726103 -1.241054 -0.115345 0.056207
79922917 0.052518 0.236540 -0.124437 -0.505721 1.114726 9.729954 -1.129480 -0.113917 0.051929
99903646 0.057952 0.253983 -0.178300 -0.487714 1.122131 9.730023 -1.114816 -0.114677 0.050083
119884375 0.059028 0.324242 -0.185678 -0.508567 1.129241 9.728133 -1.111794 -0.115407 0.052230
139865104 0.131383 0.276559 -0.090054 -0.508567 1.129241 9.728133 -1.126690 -0.115407 0.052230
159845834 -0.006258 0.014705 -0.260360 -0.547570 1.094471 9.729989 -1.194007 -0.111838 0.056217
179826563 -0.798154 0.402668 0.597358 -0.591066 1.067567 9.730433 -1.135884 -0.109078 0.060669
199807292 -1.759966 1.221381 1.242232 -0.591066 1.067567 9.730433 -1.130344 -0.109078 0.060669
219788021 -1.322323 0.896314 0.996030 -0.550461 1.050279 9.734694 -1.191086 -0.107304 0.056486
239768750 -0.615761 -0.119659 -0.158578 -0.432724 1.051357 9.740523 -1.149964 -0.107415 0.044396
259749479 -0.735229 -0.348910 -0.499513 -0.303820 1.044442 9.746139 -1.123281 -0.106706 0.031163
279730209 -1.896533 0.172118 -0.724004 -0.183215 1.038268 9.749811 -1.151402 -0.106073 0.018789
299710938 -4.759953 1.149629 0.719752 -0.286822 1.098359 9.740725 -1.176271 -0.112237 0.029437
319691667 -4.025809 -0.290723 2.688202 -0.286822 1.098359 9.740725 -1.283991 -0.112237 0.029437
339672396 -0.587189 -2.779193 2.886306 -0.620445 1.512595 9.669410 -1.263040 -0.154860 0.064078
359653125 -0.697662 -2.848896 1.198789 -0.612651 1.635844 9.649822 -1.309917 -0.167593 0.063403
379633854 -4.483201 -0.860632 0.696606 -0.558415 1.669073 9.647422 -1.258431 -0.171031 0.057818
399614584 -8.413268 0.517307 1.974012 -0.558415 1.669073 9.647422 -1.322956 -0.171031 0.057818
419595313 -9.232697 -0.145027 1.875584 -0.574686 1.924130 9.598846 -1.345645 -0.197488 0.059799
439576042 -8.860724 -1.494043 1.331215 -0.543543 2.080002 9.568100 -1.380538 -0.213725 0.056747
459556771 -12.113965 -1.348769 0.594087 -0.543543 2.080002 9.568100 -1.353884 -0.213725 0.056747
479537500 -17.378471 -0.414338 0.568464 -0.456244 2.186197 9.548967 -1.388949 -0.224819 0.047743
499518229 -19.751942 -1.716769 1.680356 -0.367504 2.278921 9.531098 -1.397383 -0.234529 0.038539
519498959 -20.713259 -4.758982 3.076160 -0.210985 2.351119 9.518304 -1.479153 -0.242106 0.022163
539479688 -24.221096 -7.351667 4.149803 0.474592 2.406749 9.494878 -1.619265 -0.247953 -0.049942
559460417 -27.776619 -11.995208 5.837723 0.889343 2.398304 9.467186 -1.763533 -0.247065 -0.093665
579441146 -25.051035 -19.150677 8.614551 0.889343 2.398304 9.467186 -1.941989 -0.247065 -0.093665
599421875 -24.714668 -23.465740 11.969416 1.364161 2.355244 9.421374 -2.062437 -0.242539 -0.143795
619402604 -26.632809 -28.120323 9.791338 1.827204 2.413004 9.327868 -2.364472 -0.248611 -0.193437
639383334 -24.184689 -35.056881 5.201452 2.605350 2.441332 9.133588 -2.340332 -0.251592 -0.277870
659364063 -18.951378 -41.129414 5.124994 2.605350 2.441332 9.133588 -2.544343 -0.251592 -0.277870
679344792 -11.746050 -44.895081 6.453518 3.169666 1.703800 9.122537 -2.659411 -0.174625 -0.334405
699325521 -4.302978 -44.564804 8.527605 3.189940 1.459888 9.157696 -2.849813 -0.149423 -0.335190
719306250 0.170345 -40.909256 6.639813 3.189940 1.459888 9.157696 -2.946246 -0.149423 -0.335190
739286979 2.285870 -37.385746 0.532178 3.083957 1.435473 9.197772 -2.947150 -0.146905 -0.323514
759267709 11.898612 -36.138264 -0.306966 2.830854 1.394960 9.284974 -3.074064 -0.142730 -0.295933
779248438 19.167488 -31.664562 -0.584419 2.583805 1.249717 9.377234 -3.128434 -0.127783 -0.268868
799229167 22.836096 -25.588192 -1.825000 2.425198 1.090961 9.439206 3.006016 -0.111478 -0.251489
819209896 20.205597 -17.952503 -1.621036 2.278343 0.985992 9.487222 2.976700 -0.100713 -0.235686
839190625 16.012859 -10.938304 -0.467999 1.942970 0.951324 9.565053 3.060866 -0.097161 -0.200405
859171354 14.648505 -6.550703 -0.822145 1.942970 0.951324 9.565053 3.060866 -0.097161 -0.200405
879152084 13.850932 -3.755087 -0.889215 1.916942 0.948359 9.570597 3.041325 -0.096857 -0.197679
899132813 12.978319 -2.332399 -1.999439 2.054197 0.921410 9.544720 3.028821 -0.094096 -0.211985
919113542 12.619864 -2.354281 -3.481451 2.230456 0.858432 9.510970 3.070905 -0.087648 -0.230351
939094271 12.727763 -2.636228 -4.246443 2.366652 0.789660 9.483975 -3.134548 -0.080610 -0.244548
959075000 10.700426 -2.623650 -4.034738 2.467301 0.696440 9.465611 3.063121 -0.071077 -0.254986
979055729 6.689270 -2.396888 -3.596704 2.522470 0.550666 9.460670 3.079025 -0.056182 -0.260565
999036459 3.652362 -2.408486 -2.523536 2.492078 0.344351 9.478469 3.119409 -0.035121 -0.257101
1019017188 2.236494 -2.404420 -0.413136 2.361869 0.116586 9.517267 3.135565 -0.011889 -0.243252
1038997917 0.028498 -1.953174 3.246274 2.190487 -0.058674 9.558698 -3.141059 0.005983 -0.225272
1058978646 -2.145442 -1.004973 6.168283 2.114450 -0.109443 9.575359 -3.121349 0.011160 -0.217334
1078959375 -3.046138 -0.084696 4.662948 2.122355 -0.068151 9.573994 -3.119327 0.006950 -0.218151
1098940104 -3.688362 0.981069 2.592728 2.122355 -0.068151 9.573994 -3.081777 0.006950 -0.218151
1118920834 -3.886928 1.718446 1.236124 2.137758 0.007729 9.570807 -3.096262 -0.000788 -0.219755
1138901563 -3.176440 2.079993 0.400041 2.174977 0.130261 9.561533 -3.127820 -0.013283 -0.223666
1158882292 -2.538414 2.215916 -0.238986 2.201841 0.152898 9.555045 -3.076056 -0.015592 -0.226484
1178863021 -2.061905 2.081374 -0.953251 2.201841 0.152898 9.555045 -3.076056 -0.015592 -0.226484
1198843750 -1.805076 1.888784 -1.550769 2.191392 0.158291 9.557360 -3.024131 -0.016142 -0.225392
1218824479 -1.486888 1.612475 -0.931084 1.969868 0.091902 9.606329 -3.015825 -0.009372 -0.202256
1238805209 -0.954922 1.108921 0.590883 1.888616 0.028839 9.623029 -3.034475 -0.002941 -0.193797
1258785938 -0.337026 0.324717 1.363098 1.850855 -0.016694 9.630392 -3.011691 0.001702 -0.189874
1278766667 -0.315737 -0.087500 1.780649 1.850855 -0.016694 9.630392 -3.011691 0.001702 -0.189874
1298747396 -0.403765 -0.247576 1.356077 1.774492 0.044079 9.644668 -3.116529 -0.004495 -0.181952
1318728125 0.007714 -0.499946 1.136003 1.774492 0.044079 9.644668 -3.116529 -0.004495 -0.181952
1338708854 0.694658 -0.507367 0.833937 1.698190 0.208377 9.656247 -3.050100 -0.021250 -0.174084
1358689584 1.070301 -0.494540 0.349246 1.707933 0.302455 9.652040 -2.995660 -0.030847 -0.175138
1378670313 1.501018 -0.444498 -0.754911 1.684494 0.414882 9.651980 -3.096377 -0.042319 -0.172783
1398651042 1.224431 -0.207711 -1.408087 1.589154 0.537415 9.662099 -3.011741 -0.054829 -0.163014
1418631771 0.225333 0.196492 -1.450799 1.478259 0.638480 9.673546 -3.033704 -0.065153 -0.151641
1438612500 -0.172439 0.457178 -1.496407 1.478259 0.638480 9.673546 -3.033704 -0.065153 -0.151641
1458593229 -0.382626 0.638388 -1.145741 1.308752 0.706607 9.693207 -2.992905 -0.072116 -0.134206
1478573959 -1.210616 1.027727 -0.230387 1.249457 0.695650 9.701820 -3.005378 -0.070996 -0.128081
1498554688 -1.535595 1.387792 0.391707 1.202023 0.687456 9.708395 -3.015825 -0.070159 -0.123186
