0 0.074633 -0.095145 0.172674 -0.266101 0.621870 9.783295 -1.139269 -0.063456 0.027193
19981562 0.235028 -0.101890 0.236241 -0.257987 0.622982 9.783441 -1.187260 -0.063569 0.026364
39963125 0.086398 0.014132 0.109757 -0.235832 0.622038 9.784060 -1.078666 -0.063473 0.024099
59944687 0.065502 -0.004469 0.138600 -0.213791 0.620745 9.784649 -1.168331 -0.063341 0.021846
79926250 0.171798 -0.106467 0.188052 -0.190890 0.635430 9.784180 -1.136369 -0.064841 0.019508
99907812 0.239712 -0.079200 -0.108765 -0.184548 0.651743 9.783229 -1.200235 -0.066508 0.018861
119889375 0.189185 0.068486 -0.328645 -0.184537 0.670340 9.781972 -1.098059 -0.068409 0.018863
139870937 0.085376 0.120037 -0.463733 -0.184537 0.670340 9.781972 -1.113265 -0.068409 0.018863
159852500 0.029915 0.166119 -0.189799 -0.183769 0.665151 9.782341 -1.147711 -0.067879 0.018784
179834062 -0.011975 0.169096 0.096114 -0.183769 0.665151 9.782341 -1.172369 -0.067879 0.018784
199815625 0.144400 0.089361 0.236211 -0.182514 0.661873 9.782587 -1.191554 -0.067544 0.018655
219797187 0.158705 0.004590 0.246810 -0.148817 0.664796 9.782959 -1.143753 -0.067842 0.015211
239778698 0.066118 -0.001524 0.106367 -0.122910 0.665887 9.783244 -1.219264 -0.067954 0.012563
259760156 0.065911 0.143949 0.084428 -0.122910 0.665887 9.783244 -1.186221 -0.067954 0.012563
279741614 0.117560 0.138014 -0.089450 -0.085225 0.687092 9.782179 -1.119701 -0.070121 0.008712
299723073 0.242053 -0.014132 -0.281382 -0.085225 0.687092 9.782179 -1.197492 -0.070121 0.008712
319704531 -0.109611 -0.100366 -0.069312 -0.073092 0.681747 9.782652 -1.139576 -0.069575 0.007471
339685989 -1.466402 0.430993 -0.042504 -0.116367 0.662930 9.783525 -1.140245 -0.067652 0.011894
359667448 -3.621603 1.439148 -0.472971 -0.116367 0.662930 9.783525 -1.132708 -0.067652 0.011894
379648906 -6.242620 2.074111 -0.873659 -0.185180 0.670674 9.781937 -1.177475 -0.068443 0.018929
399630364 -8.036207 1.011898 -0.177602 -0.352607 0.697430 9.775462 -1.102701 -0.071178 0.036055
419611823 -10.364572 -0.227571 2.439129 -0.535489 0.691054 9.767604 -1.156442 -0.070526 0.054768
439593281 -13.874008 -1.055339 4.806608 -0.586344 0.666162 9.766412 -1.104584 -0.067982 0.059965
459574739 -17.205820 -2.276160 5.840917 -0.485814 0.778855 9.763594 -1.053022 -0.079505 0.049717
479556198 -19.558718 -4.311220 5.231417 -0.293925 0.960863 9.755036 -1.103381 -0.098138 0.030121
499537656 -20.729979 -7.344210 5.160708 -0.293925 0.960863 9.755036 -1.049199 -0.098138 0.030121
519519114 -21.656317 -11.263263 4.252533 -0.005390 1.216001 9.730967 -1.098006 -0.124318 0.000554
539500573 -21.936853 -15.500740 2.350261 0.346487 1.543715 9.678186 -1.081515 -0.158073 -0.035786
559482031 -22.170118 -18.530317 3.624002 1.007605 2.114707 9.522769 -1.198978 -0.217347 -0.105418
579463489 -21.378113 -21.170559 4.128027 1.007605 2.114707 9.522769 -1.625424 -0.217347 -0.105418
599444948 -19.133175 -24.738367 4.961439 1.275777 2.355836 9.433600 -1.782606 -0.242601 -0.134422
619426406 -15.866433 -27.607489 4.165348 1.486458 2.577843 9.344279 -2.000928 -0.265992 -0.157755
639407864 -12.063137 -30.276249 2.346529 1.635439 2.770508 9.263909 -2.183385 -0.286413 -0.174738
659389323 -6.390927 -33.841328 1.040527 1.680394 2.878723 9.222776 -2.260537 -0.297936 -0.180224
679370781 -2.255963 -35.685913 2.482187 1.550029 2.855489 9.252783 -2.342965 -0.295459 -0.165979
699352239 -0.662851 -37.144592 6.981619 0.979301 2.319391 9.477963 -2.651065 -0.238775 -0.102959
719333698 3.037134 -38.943913 11.867153 0.979301 2.319391 9.477963 -2.693038 -0.238775 -0.102959
739315156 14.575064 -42.077694 10.217656 0.666402 1.733000 9.629279 -2.911710 -0.177650 -0.069096
759296614 25.347363 -38.068081 4.947648 0.526825 1.584121 9.663509 -3.088409 -0.162246 -0.054463
779278073 28.349566 -28.438395 1.892287 0.460215 1.457732 9.686775 -3.117587 -0.149200 -0.047474
799259531 28.193241 -18.865395 -0.850755 0.419644 1.345833 9.704793 3.060900 -0.137671 -0.043214
819240989 26.997818 -11.170063 -2.482322 0.419644 1.345833 9.704793 3.090837 -0.137671 -0.043214
839222448 23.972908 -4.982877 -2.015305 0.346506 1.226240 9.723511 3.001304 -0.125370 -0.035621
859203906 19.532671 -0.602180 -0.653546 0.249117 0.878456 9.764048 2.967283 -0.089698 -0.025508
879185364 15.302612 1.635028 0.987790 0.233777 0.668453 9.781049 2.977221 -0.068216 -0.023896
899166823 12.638915 1.874213 2.926581 0.235759 0.463428 9.792856 3.090111 -0.047274 -0.024070
919148281 9.247978 1.223177 4.504404 0.235759 0.463428 9.792856 3.044055 -0.047274 -0.024070
939129739 5.418578 0.473804 5.223779 0.349913 0.139344 9.799415 3.042832 -0.014210 -0.035692
959111198 2.197365 0.402667 5.854694 0.349913 0.139344 9.799415 3.053348 -0.014210 -0.035692
979092656 0.586298 0.262948 5.389630 0.421311 0.067409 9.797364 3.071634 -0.006874 -0.042976
999074114 -0.111753 -0.092588 4.189306 0.482279 0.082611 9.794436 3.088634 -0.008424 -0.049200
1019055573 -0.905389 -0.050246 2.171347 0.538055 0.170855 9.790388 3.101261 -0.017423 -0.054902
1039037083 -1.534138 0.036767 0.910912 0.582763 0.442111 9.779331 -3.063891 -0.045098 -0.059521
1059018646 -1.629451 0.092309 -0.122516 0.582763 0.442111 9.779331 3.052794 -0.045098 -0.059521
1079000208 -1.592998 0.066139 -1.098741 0.592014 0.577481 9.771716 3.088820 -0.058921 -0.060510
1098981771 -1.268473 -0.041773 -1.353770 0.589424 0.691676 9.764454 -3.036931 -0.070590 -0.060291
1118963333 -1.057574 -0.106010 -1.327312 0.533156 0.874572 9.753013 -3.119143 -0.089300 -0.054611
1138944896 -1.251128 -0.061700 -1.089594 0.494093 0.944386 9.748558 3.135017 -0.096450 -0.050640
1158926458 -1.323055 0.064501 -0.793338 0.467621 1.003942 9.743912 -3.054092 -0.102553 -0.047954
1178908021 -1.377351 0.178576 -0.748549 0.467621 1.003942 9.743912 -3.105920 -0.102553 -0.047954
1198889583 -0.894331 0.085448 -1.129567 0.482771 1.078617 9.735188 -3.064215 -0.110211 -0.049550
1218871146 -0.238055 0.036684 -1.188758 0.482771 1.078617 9.735188 -3.014742 -0.110211 -0.049550
1238852708 0.137377 0.098676 -0.996176 0.518192 1.088308 9.732289 -2.993333 -0.111206 -0.053194
1258834271 0.437355 0.038125 -0.723291 0.518192 1.088308 9.732289 -3.096434 -0.111206 -0.053194
1278815833 0.775331 -0.016743 -0.890973 0.522714 1.101819 9.730527 3.125022 -0.112592 -0.053667
1298797396 0.698611 0.002454 -0.971419 0.522714 1.101819 9.730527 -3.073602 -0.112592 -0.053667
1318778958 0.588700 0.183529 -0.726469 0.493635 1.079293 9.734570 -3.052186 -0.110281 -0.050666
1338760521 0.401853 0.311078 -0.571939 0.476675 1.052122 9.738388 -3.028817 -0.107493 -0.048909
1358742083 0.551984 0.290320 -0.249101 0.476675 1.052122 9.738388 -3.061275 -0.107493 -0.048909
1378723646 0.793754 0.025438 0.256977 0.453207 0.998935 9.745108 -3.107203 -0.102040 -0.046473
1398705156 0.557988 0.059683 0.564390 0.453207 0.998935 9.745108 3.099171 -0.102040 -0.046473
1418686614 0.154507 0.087545 0.662666 0.454095 0.988140 9.746166 -3.094858 -0.100934 -0.046558
1438668073 0.369678 0.114900 0.276848 0.465112 1.007031 9.743713 -3.094039 -0.102870 -0.047698
1458649531 0.495351 0.035503 0.034901 0.449331 1.017110 9.743407 -3.033232 -0.103903 -0.046084
1478630989 0.114016 0.230276 0.019859 0.430263 1.021210 9.743838 -3.085171 -0.104324 -0.044129
1498612448 -0.304643 0.480074 0.022079 0.434570 1.020499 9.743722 -3.075208 -0.104251 -0.044571
