0 0.046244 -0.124624 0.113932 -0.402837 1.234607 9.720281 -0.912133 -0.126230 0.041419
19980729 0.183535 -0.114111 0.133736 -0.391394 1.209225 9.723938 -0.960364 -0.123621 0.040229
39961459 0.241352 -0.169767 0.225414 -0.391394 1.209225 9.723938 -0.999211 -0.123621 0.040229
59942188 -0.006274 -0.143352 0.392204 -0.369543 1.177308 9.728708 -0.902227 -0.120342 0.037967
79922917 -0.304804 0.078696 0.373339 -0.370979 1.169924 9.729546 -0.978753 -0.119584 0.038111
99903646 0.054636 0.165653 0.305829 -0.358548 1.201807 9.726124 -0.903827 -0.122859 0.036848
119884427 0.200014 0.066508 -0.345300 -0.346087 1.230920 9.722934 -0.927558 -0.125851 0.035580
139865261 0.260216 0.136806 -0.594298 -0.346087 1.230920 9.722934 -1.022080 -0.125851 0.035580
159846094 0.195367 0.271691 -0.533073 -0.345135 1.253589 9.720071 -0.978420 -0.128181 0.035493
179826927 -0.010134 0.284285 -0.242421 -0.345135 1.253589 9.720071 -0.976776 -0.128181 0.035493
199807761 -0.233669 0.165341 -0.257079 -0.382033 1.263803 9.717367 -0.990328 -0.129231 0.039294
219788594 -0.473541 0.092081 -0.209541 -0.382033 1.263803 9.717367 -0.956591 -0.129231 0.039294
239769427 -1.706548 0.329080 0.222315 -0.445452 1.268460 9.714060 -0.971080 -0.129710 0.045824
259750261 -3.856294 0.783721 1.200368 -0.674051 1.343509 9.690770 -0.908752 -0.137432 0.069444
279731094 -7.172453 1.579989 1.502774 -0.779669 1.406745 9.673861 -0.912427 -0.143945 0.080422
299711927 -11.328386 1.694167 2.093862 -0.793201 1.388194 9.675440 -0.990747 -0.142033 0.081798
319692761 -13.944148 0.729041 3.641152 -0.793201 1.388194 9.675440 -1.037450 -0.142033 0.081798
339673594 -16.282446 0.241198 6.426570 -0.609370 1.277867 9.703922 -1.025479 -0.130678 0.062714
359654427 -18.867355 -0.090952 7.201523 -0.222284 1.173399 9.733659 -1.116355 -0.119941 0.022833
379635261 -19.488989 -0.888672 4.649800 0.260870 1.226483 9.726154 -1.093016 -0.125395 -0.026815
399616094 -19.972879 -2.912416 2.745448 0.923569 1.686146 9.616357 -1.163149 -0.172798 -0.095748
419596927 -22.791590 -4.705898 2.548590 0.923569 1.686146 9.616357 -1.197731 -0.172798 -0.095748
439577761 -25.791786 -7.545308 3.374560 1.434404 2.055870 9.480837 -1.249306 -0.211207 -0.150156
459558594 -29.953833 -10.913371 6.175344 1.586288 2.132345 9.439660 -1.512354 -0.219190 -0.166489
479539427 -33.050850 -19.194548 12.302213 1.724739 2.167064 9.407417 -1.698915 -0.222818 -0.181325
499520261 -32.729057 -30.716343 16.651199 1.724739 2.167064 9.407417 -1.850338 -0.222818 -0.181325
519501094 -30.548132 -37.523502 16.894283 2.630544 2.313662 9.159563 -2.047889 -0.238173 -0.279664
539481927 -26.535030 -40.548435 11.240834 2.874668 2.617035 9.003210 -2.173167 -0.270137 -0.309062
559462761 -21.112921 -42.223862 5.766339 2.804075 2.925133 8.930349 -2.284561 -0.302891 -0.304245
579443594 -15.494221 -42.129856 0.383344 2.733942 2.876515 8.967810 -2.521264 -0.297701 -0.295911
599424427 -13.786989 -39.751015 2.621495 2.830723 2.356262 9.088753 -2.640304 -0.242646 -0.301931
619405261 -11.743186 -39.522465 8.391451 3.003312 1.654035 9.187745 -2.726127 -0.169475 -0.315933
639386094 -7.007786 -42.672531 12.457010 2.996904 1.098108 9.272708 -2.936373 -0.112211 -0.312600
659366927 1.050548 -43.631184 12.149235 2.743514 0.887107 9.373183 -3.062491 -0.090584 -0.284744
679347761 12.270851 -40.384933 8.759555 2.455729 0.952206 9.446327 -3.107019 -0.097251 -0.254337
699328594 19.709229 -33.380615 3.746734 2.359193 1.107084 9.454044 -3.085564 -0.113132 -0.244549
719309427 20.857746 -24.950935 -1.021210 2.271905 1.280950 9.453465 3.054471 -0.130995 -0.235852
739290261 17.817947 -16.820442 -1.773776 2.271905 1.280950 9.453465 -3.134497 -0.130995 -0.235852
759271094 14.121934 -10.480734 -0.877295 1.757771 1.750953 9.487613 3.024480 -0.179510 -0.183193
779251927 11.571663 -6.598168 -1.200301 1.502365 1.958258 9.490970 3.050135 -0.201038 -0.156992
799232761 9.848847 -4.022494 -1.007386 1.407473 2.046499 9.486898 3.112599 -0.210230 -0.147285
819213594 9.760056 -3.269159 -0.927991 1.407473 2.046499 9.486898 3.054755 -0.210230 -0.147285
839194427 9.936466 -3.487532 -0.080608 1.618949 1.912465 9.481133 -3.135609 -0.196275 -0.169124
859175261 9.602310 -3.444204 0.656691 1.618949 1.912465 9.481133 -3.091331 -0.196275 -0.169124
879156094 7.877717 -3.302171 -0.177632 1.795165 1.829644 9.465736 -3.141072 -0.187671 -0.187423
899136927 5.612091 -2.690834 -1.027447 2.058679 1.752004 9.426702 -3.075283 -0.179619 -0.215012
919117761 3.523282 -1.772382 -1.037818 2.058679 1.752004 9.426702 -3.137765 -0.179619 -0.215012
939098594 1.692557 -0.842111 -0.880793 2.153664 1.714459 9.412373 -3.025264 -0.175729 -0.224940
959079427 0.148472 0.136898 -0.753545 2.187732 1.681481 9.410464 -2.992823 -0.172315 -0.228421
979060261 -2.265901 1.172208 -0.248615 2.187732 1.681481 9.410464 -2.978802 -0.172315 -0.228421
999041094 -2.949266 1.719220 0.354822 2.205265 1.639787 9.413729 -2.949124 -0.168001 -0.230111
1019021927 -2.555045 1.591811 0.254129 2.213348 1.611975 9.416635 -3.004539 -0.165125 -0.230856
1039002761 -2.323949 1.407170 0.126681 2.191446 1.588296 9.425777 -2.930335 -0.162678 -0.228437
1058983594 -2.286523 1.404309 0.087325 2.222064 1.547233 9.425439 -2.905127 -0.158436 -0.231524
1078964375 -2.370833 1.240059 0.448680 2.222064 1.547233 9.425439 -2.868103 -0.158436 -0.231524
1098945104 -2.234546 1.319945 0.616988 2.276451 1.497035 9.420565 -2.949188 -0.153254 -0.237102
1118925834 -1.827977 1.343009 0.683331 2.320731 1.464667 9.414847 -2.925310 -0.149915 -0.241679
1138906563 -1.272723 1.286397 0.176049 2.289270 1.488244 9.418851 -2.956808 -0.152347 -0.238429
1158887292 -0.778459 1.151688 -0.180823 2.224880 1.518393 9.429463 -2.904943 -0.155458 -0.231712
1178868021 -0.478936 1.026809 0.030529 2.224880 1.518393 9.429463 -2.989044 -0.155458 -0.231712
1198848750 -0.227403 0.959927 -0.023897 2.158363 1.535562 9.442134 -2.948122 -0.157231 -0.224727
1218829479 0.182053 0.879870 0.007217 2.158363 1.535562 9.442134 -2.857271 -0.157231 -0.224727
1238810209 0.288835 0.656417 0.277140 2.176048 1.477935 9.447270 -2.916619 -0.151284 -0.226388
1258790938 0.610851 0.178998 1.233677 2.176048 1.477935 9.447270 -2.921507 -0.151284 -0.226388
1278771667 0.448962 0.074509 1.291058 2.156202 1.502580 9.447932 -2.927558 -0.153826 -0.224377
1298752396 0.082471 0.131463 0.785563 2.152839 1.546562 9.441601 -2.970575 -0.158367 -0.224184
1318733125 0.299320 0.137924 0.352159 2.180440 1.581217 9.429519 -2.977344 -0.161946 -0.227242
1338713854 0.921554 -0.073205 -0.068206 2.212706 1.605913 9.417822 -2.887200 -0.164498 -0.230763
1358694584 0.879118 -0.138939 -0.112057 2.221717 1.633851 9.410892 -2.924147 -0.167387 -0.231835
1378675313 0.515447 0.071311 -0.081213 2.204080 1.671075 9.408503 -2.941156 -0.171238 -0.230115
1398656042 0.493547 0.191173 -0.212616 2.170242 1.715083 9.408450 -2.934067 -0.175794 -0.226704
1418636823 0.552115 0.187195 -0.307279 2.170242 1.715083 9.408450 -2.957014 -0.175794 -0.226704
1438617657 0.422088 0.148270 -0.874519 2.152172 1.753533 9.405513 -2.935624 -0.179777 -0.224948
1458598490 0.224123 0.167667 -1.230355 2.176077 1.723734 9.405520 -2.926335 -0.176690 -0.227361
1478579323 0.281395 0.103095 -1.183578 2.214267 1.624097 9.414336 -2.927662 -0.166378 -0.231003
1498560157 0.365678 -0.046870 -0.397865 2.233781 1.498376 9.430560 -2.867235 -0.153393 -0.232580
