0 0.230230 -0.152784 -0.475463 -0.661196 1.568212 9.657843 -1.084212 -0.160603 0.068355
19981875 0.356363 -0.171465 -0.463365 -0.633511 1.533968 9.665195 -1.153436 -0.157066 0.065452
39963750 0.000835 -0.007568 0.115611 -0.552141 1.455633 9.682285 -1.167656 -0.148984 0.056964
59945625 -0.100057 0.276156 0.418805 -0.441062 1.376278 9.699573 -1.141724 -0.140806 0.045441
79927500 0.109073 0.111017 0.274201 -0.361940 1.348541 9.706741 -1.094634 -0.137950 0.037270
99909271 0.265837 -0.055217 0.018244 -0.339293 1.378438 9.703359 -1.082616 -0.141029 0.034952
119891042 0.428308 -0.037263 -0.343457 -0.339293 1.378438 9.703359 -1.064651 -0.141029 0.034952
139872813 0.682589 0.067919 -0.192021 -0.341369 1.382371 9.702727 -1.137067 -0.141434 0.035168
159854583 0.837181 0.087330 0.133809 -0.289349 1.343342 9.709897 -1.114194 -0.137415 0.029791
179836354 0.894425 0.058813 0.249908 -0.259769 1.330742 9.712468 -1.126175 -0.136118 0.026740
199818125 0.904381 0.178700 0.037308 -0.235736 1.323277 9.714101 -1.112278 -0.135350 0.024263
219799896 0.797011 0.194895 -0.260246 -0.235736 1.323277 9.714101 -1.075612 -0.135350 0.024263
239781667 0.666886 0.407044 -0.186643 -0.169517 1.254400 9.724615 -1.122865 -0.128265 0.017430
259763438 0.728287 0.544029 0.013692 -0.144199 1.214842 9.730043 -1.128142 -0.124198 0.014819
279745208 0.861996 0.410222 0.041430 -0.143747 1.190033 9.733115 -1.036370 -0.121649 0.014768
299726979 0.063084 0.486966 -0.433468 -0.143747 1.190033 9.733115 -1.022980 -0.121649 0.014768
319708750 -2.156746 1.268289 -0.716908 -0.186485 1.163317 9.735620 -1.074930 -0.118905 0.019153
339690521 -5.396783 2.511535 -0.228082 -0.275254 1.094837 9.741456 -0.966558 -0.111876 0.028248
359672292 -7.459094 3.474200 2.234255 -0.447223 1.004337 9.744829 -1.080041 -0.102594 0.045861
379654063 -10.998989 3.597320 4.820580 -0.723058 0.991716 9.729547 -0.995392 -0.101300 0.074179
399635833 -12.542203 2.123774 3.585732 -0.575347 1.035817 9.734805 -0.960907 -0.105821 0.059033
419617604 -13.825734 -0.230881 1.842311 -0.391032 1.075652 9.739634 -0.992785 -0.109907 0.040127
439599375 -16.823444 -1.602453 1.699583 -0.391032 1.075652 9.739634 -0.977744 -0.109907 0.040127
459581146 -19.564650 -3.501521 1.710108 -0.088782 1.229458 9.728871 -0.943998 -0.125701 0.009125
479562917 -21.052410 -6.167532 2.174763 0.148295 1.330258 9.714875 -1.010961 -0.136068 -0.015264
499544688 -21.703787 -9.391576 1.442733 0.148295 1.330258 9.714875 -1.001638 -0.136068 -0.015264
519526458 -22.379869 -12.972116 0.652104 0.832149 1.414677 9.668329 -1.177273 -0.144762 -0.085858
539508229 -24.377607 -17.067760 1.910741 0.832149 1.414677 9.668329 -1.125654 -0.144762 -0.085858
559490000 -24.605766 -21.903336 5.123851 1.229265 1.300236 9.642027 -1.373882 -0.132979 -0.126806
579471771 -25.254641 -26.221508 8.200222 1.619779 1.140250 9.604506 -1.590554 -0.116537 -0.167076
599453542 -26.238873 -31.648455 7.682699 1.930628 1.059287 9.556201 -1.829411 -0.108228 -0.199346
619435313 -23.218779 -36.618916 7.825342 2.183297 1.057672 9.501839 -2.005175 -0.108063 -0.225856
639417083 -20.440441 -40.310631 5.817481 2.183297 1.057672 9.501839 -2.242116 -0.108063 -0.225856
659398854 -18.216457 -42.531963 7.105760 2.168369 1.030700 9.508219 -2.379048 -0.105297 -0.224218
679380625 -14.125139 -44.897270 12.384436 1.902829 0.966264 9.571624 -2.624158 -0.098692 -0.196240
699362396 -6.155713 -47.694710 14.636539 1.408679 1.006156 9.652651 -2.806611 -0.102780 -0.144914
719344167 4.469714 -47.844444 15.281799 0.811731 1.195773 9.699567 -2.989949 -0.122239 -0.083493
739325938 13.381098 -44.720432 9.770779 -0.029043 1.907253 9.619351 3.040102 -0.195733 0.003019
759307708 19.366388 -40.121307 4.229885 -0.255863 2.106726 9.574268 2.799637 -0.216514 0.026718
779289479 24.399906 -33.876907 4.378342 -0.286211 2.168002 9.559719 2.685891 -0.222916 0.029930
799271250 26.831593 -26.045633 4.375623 -0.216374 2.272772 9.537194 2.603034 -0.233885 0.022684
819253021 26.318417 -19.294380 1.099821 -0.018875 2.396083 9.509407 2.718807 -0.246831 0.001985
839234792 24.893463 -14.037666 -2.661182 0.259345 2.463210 9.488716 2.573778 -0.253897 -0.027325
859216563 22.166937 -10.004783 -5.004515 0.493671 2.472600 9.476968 2.615895 -0.254886 -0.052045
879198333 19.336132 -7.552121 -4.388787 0.683590 2.447311 9.471735 2.673324 -0.252222 -0.072047
899180104 16.015854 -6.019879 -4.008689 0.874887 2.372024 9.475149 2.748870 -0.244302 -0.092074
919161875 11.595291 -5.194255 -4.257594 1.075223 2.192764 9.497687 2.922632 -0.225506 -0.112729
939143646 6.146282 -3.742774 -3.090683 1.256709 1.919412 9.534513 2.932026 -0.196997 -0.131051
959125417 2.445515 -2.801973 -1.255617 1.256709 1.919412 9.534513 2.915294 -0.196997 -0.131051
979107188 -0.426203 -2.355755 1.368850 1.456579 1.291493 9.611493 -3.070951 -0.132079 -0.150401
999088958 -2.840856 -1.496300 3.743517 1.456579 1.291493 9.611493 3.117090 -0.132079 -0.150401
1019070729 -4.316708 -0.615619 4.911220 1.512925 0.928262 9.644676 -3.129132 -0.094798 -0.155598
1039052500 -4.756624 0.399737 4.882153 1.513708 0.909386 9.646352 -3.094265 -0.092865 -0.155651
1059034271 -4.907641 1.184844 3.964956 1.506318 0.967368 9.641867 -3.047109 -0.098805 -0.154974
1079016042 -4.902091 1.643873 2.914601 1.506318 0.967368 9.641867 -3.081625 -0.098805 -0.154974
1098997813 -4.342686 1.536390 1.162995 1.474957 1.214000 9.618789 3.139138 -0.124112 -0.152156
1118979583 -3.181074 1.522210 -0.471693 1.474957 1.214000 9.618789 -2.999786 -0.124112 -0.152156
1138961354 -1.684063 0.905365 -1.284632 1.424228 1.329493 9.611160 -2.998584 -0.135989 -0.147114
1158943125 -0.563875 0.426282 -1.666551 1.260587 1.404033 9.623408 -2.924301 -0.143665 -0.130250
1178924896 -0.795614 0.586879 -0.525301 1.152220 1.384669 9.639786 -2.941584 -0.141670 -0.118963
1198906667 -1.652000 0.910973 0.305977 1.152220 1.384669 9.639786 -2.861228 -0.141670 -0.118963
1218888438 -2.610023 1.370855 0.752656 0.988232 1.363691 9.660959 -2.824142 -0.139510 -0.101937
1238870208 -2.365710 1.274414 0.323679 0.921838 1.383769 9.664667 -2.949236 -0.141578 -0.095095
1258851979 -1.644013 1.069314 -0.287879 0.837822 1.405129 9.669232 -2.844104 -0.143778 -0.086432
1278833750 -1.026108 0.950641 -0.062201 0.786399 1.421191 9.671204 -2.879416 -0.145433 -0.081135
1298815521 -0.583989 0.750094 -0.576678 0.786399 1.421191 9.671204 -2.826911 -0.145433 -0.081135
1318797292 -0.340324 0.538926 -0.826826 0.773948 1.380064 9.678162 -2.862363 -0.141196 -0.079799
1338779063 -0.100200 0.411304 -0.656745 0.753941 1.334486 9.686130 -2.894218 -0.136503 -0.077681
1358760833 0.550652 0.226982 -0.391109 0.753941 1.334486 9.686130 -2.827299 -0.136503 -0.077681
1378742604 1.249464 -0.111895 -0.098749 0.710561 1.290331 9.695388 -2.898265 -0.131960 -0.073158
1398724375 1.274745 -0.175339 0.578112 0.621203 1.201343 9.712943 -2.781780 -0.122811 -0.063869
1418706146 0.955934 -0.145261 0.743588 0.591693 1.170012 9.718609 -2.869274 -0.119593 -0.060807
1438687917 0.705989 -0.053677 0.750029 0.591693 1.170012 9.718609 -2.833543 -0.119593 -0.060807
1458669688 0.848677 -0.038383 0.695643 0.502321 1.152849 9.725687 -2.833872 -0.117830 -0.051603
1478651458 1.234418 -0.130405 0.678338 0.502321 1.152849 9.725687 -2.835458 -0.117830 -0.051603
