0 -0.006380 -0.015008 0.259323 0.523241 -0.049023 9.792559 -2.219801 0.004999 -0.053382
19979114 0.204404 0.215556 -0.120190 0.523467 -0.039853 9.792588 -2.191020 0.004064 -0.053405
39958229 0.404300 0.430128 -0.015133 0.608115 -0.024106 9.787747 -2.263617 0.002458 -0.062050
59937343 0.534887 0.552370 0.572956 0.608115 -0.024106 9.787747 -2.181921 0.002458 -0.062050
79916458 0.927536 0.484585 0.836858 0.820660 0.027215 9.772214 -2.214509 -0.002775 -0.083782
99895573 0.951160 0.385799 -0.415974 1.144605 0.125310 9.738817 -2.182632 -0.012778 -0.116993
119874687 0.790150 0.291554 -2.287117 1.403416 0.201454 9.703620 -2.184020 -0.020544 -0.143632
139853802 0.803668 0.219438 -2.524750 1.454528 0.068676 9.697938 -2.153475 -0.007003 -0.148874
159832916 0.884897 0.169145 -0.715542 1.454528 0.068676 9.697938 -2.163649 -0.007003 -0.148874
179812031 1.483470 0.103761 0.717159 1.195941 -0.155317 9.732214 -2.157928 0.015839 -0.122272
199791146 2.252713 -0.024691 0.984143 1.195941 -0.155317 9.732214 -2.191923 0.015839 -0.122272
219770260 2.540464 0.008399 0.952775 1.171839 -0.243390 9.733342 -2.124766 0.024821 -0.119818
239749375 4.171783 0.327998 1.135781 1.171839 -0.243390 9.733342 -2.155949 0.024821 -0.119818
259728489 9.266660 0.246223 1.398005 1.202529 -0.266135 9.729002 -2.150685 0.027142 -0.122979
279707604 16.636799 -1.348074 0.803355 1.135600 -0.250860 9.737447 -2.152706 0.025583 -0.116097
299686718 20.590069 -3.907870 -0.411019 0.816601 -0.178751 9.770957 -2.082108 0.018229 -0.083381
319665833 22.457556 -6.705920 0.934284 0.271245 -0.138397 9.801922 -2.077161 0.014113 -0.027666
339644948 23.583540 -10.385272 3.779354 -0.282017 -0.133386 9.801687 -2.044079 0.013602 0.028764
359624062 26.819845 -15.139446 5.729051 -0.621728 -0.109057 9.786314 -1.867623 0.011121 0.063445
379603177 29.313051 -20.885113 4.743287 -0.792764 -0.020046 9.774534 -1.789071 0.002044 0.080928
399582291 29.122177 -27.607138 2.176164 -0.978271 0.092714 9.757293 -1.666227 -0.009454 0.099927
419561406 27.457108 -34.628124 1.225498 -1.465383 0.051848 9.696408 -1.496189 -0.005287 0.149991
439540521 24.586555 -40.498356 2.849009 -1.397156 -0.112093 9.705966 -1.350165 0.011431 0.142966
459519635 21.557680 -46.847755 5.009571 -0.995694 -0.290047 9.751659 -1.312626 0.029581 0.101752
479498750 16.394400 -52.896973 8.651896 -0.306535 -0.333918 9.796168 -1.166508 0.034057 0.031281
499477864 10.060661 -58.772800 14.238870 -0.306535 -0.333918 9.796168 -0.962894 0.034057 0.031281
519456979 5.784492 -64.361496 11.735970 0.544460 -0.051280 9.791390 -0.870382 0.005229 -0.055549
539436093 -1.815866 -62.871788 -1.235906 0.797180 0.559569 9.758164 -0.798480 -0.057091 -0.081513
559415208 -14.374493 -53.473957 -1.931540 0.215341 0.702910 9.779056 -0.713162 -0.071738 -0.022017
579394323 -22.759407 -42.828503 -1.057566 -0.062766 0.892830 9.765720 -0.471186 -0.091170 0.006427
599373437 -27.768803 -31.712177 -2.674666 0.109126 1.126886 9.741078 -0.495425 -0.115165 -0.011202
619352552 -29.038807 -22.215912 -4.455232 0.450139 1.316214 9.707489 -0.266942 -0.134623 -0.046337
639331666 -27.476389 -15.774747 -6.589374 0.450139 1.316214 9.707489 -0.186345 -0.134623 -0.046337
659310781 -23.934492 -11.787648 -4.470087 0.525974 1.330357 9.701747 -0.053695 -0.136078 -0.054161
679289948 -22.521217 -8.683467 -1.440727 0.525974 1.330357 9.701747 -0.006287 -0.136078 -0.054161
699269114 -20.918047 -5.905222 -0.444947 0.522204 1.303986 9.705530 0.236024 -0.133365 -0.053753
719248281 -17.908249 -3.766948 -0.797663 0.559200 1.296409 9.704484 0.134328 -0.132585 -0.057559
739227448 -16.833296 -2.236882 -1.553113 0.266561 1.276454 9.719567 0.245480 -0.130532 -0.027418
759206614 -15.273404 -1.298291 -1.536263 0.266561 1.276454 9.719567 0.090117 -0.130532 -0.027418
779185781 -12.083388 -0.762861 -0.960006 -0.204489 1.131672 9.738988 0.201670 -0.115656 0.020994
799164948 -9.386559 -0.515277 0.075611 -0.307685 1.039248 9.746573 0.236508 -0.106173 0.031558
819144114 -6.645892 -0.357588 0.736341 -0.307685 1.039248 9.746573 0.151809 -0.106173 0.031558
839123281 -3.789287 -0.480593 0.966828 -0.323651 0.829775 9.766120 0.035129 -0.084715 0.033128
859102448 -2.009652 -0.582762 1.116368 -0.323651 0.829775 9.766120 -0.024278 -0.084715 0.033128
879081614 -0.441397 -0.701055 0.703554 -0.448983 0.732251 9.768962 -0.034982 -0.074738 0.045928
899060781 1.606531 -0.968234 1.008498 -1.033957 0.497434 9.739296 -0.045422 -0.050746 0.105767
919039948 1.819880 -0.825996 2.099028 -1.252180 0.424654 9.717104 -0.075111 -0.043316 0.128157
939019114 1.203748 -0.637123 2.018818 -1.336545 0.407417 9.706598 -0.053644 -0.041557 0.136834
958998281 0.386686 -0.811041 0.017191 -1.383106 0.384324 9.701015 -0.077772 -0.039200 0.141619
978977448 -0.992126 -0.710644 -0.868215 -1.383106 0.384324 9.701015 -0.165371 -0.039200 0.141619
998956614 0.085919 -0.806072 0.162445 -1.261655 0.236677 9.722274 -0.191675 -0.024137 0.129048
1018935781 3.087428 -0.906270 1.297848 -1.261655 0.236677 9.722274 -0.235543 -0.024137 0.129048
1038914948 4.782179 -0.614516 1.673552 -1.173041 0.167713 9.734795 -0.238560 -0.017103 0.119922
1058894114 3.945729 -0.288466 1.295516 -1.173041 0.167713 9.734795 -0.331862 -0.017103 0.119922
1078873281 2.567024 0.272003 0.877954 -1.145859 0.177217 9.737864 -0.355270 -0.018072 0.117132
1098852448 3.168810 0.339992 0.754478 -1.128974 0.186062 9.739671 -0.490928 -0.018974 0.115400
1118831614 3.480014 0.247078 0.318192 -1.128974 0.186062 9.739671 -0.400203 -0.018974 0.115400
1138810781 2.199708 0.376085 -0.008707 -1.108168 0.139277 9.742842 -0.492459 -0.014203 0.113255
1158789948 1.042896 0.506840 0.471529 -1.108168 0.139277 9.742842 -0.437397 -0.014203 0.113255
1178769114 0.988963 0.539301 1.330566 -1.051702 0.093627 9.749643 -0.477100 -0.009547 0.107455
1198748281 1.502707 0.373697 1.544967 -0.780445 0.102276 9.775010 -0.517975 -0.010429 0.079672
1218727448 1.867013 0.328473 0.555022 -0.780445 0.102276 9.775010 -0.566837 -0.010429 0.079672
1238706614 1.957031 0.361291 -0.199816 -0.774677 0.095357 9.775539 -0.597551 -0.009724 0.079081
1258685781 1.709132 0.656273 0.057293 -0.923071 0.048435 9.762990 -0.578170 -0.004939 0.094268
1278664948 2.093361 0.509001 1.062724 -0.923071 0.048435 9.762990 -0.604530 -0.004939 0.094268
1298644114 2.438759 0.267962 2.126120 -1.094583 0.029031 9.745329 -0.688734 -0.002960 0.111850
1318623281 1.822980 0.109503 2.415161 -1.094583 0.029031 9.745329 -0.713148 -0.002960 0.111850
1338602448 0.753458 0.119891 1.402702 -0.907982 0.243558 9.761488 -0.688221 -0.024839 0.092750
1358581614 0.059648 -0.005276 0.051005 -0.907982 0.243558 9.761488 -0.682633 -0.024839 0.092750
1378560781 -0.418407 -0.066891 -0.496345 -0.690167 0.483073 9.770399 -0.636419 -0.049280 0.070521
1398539948 -0.708664 -0.175637 -0.525872 -0.550580 0.584402 9.773726 -0.706126 -0.059628 0.056273
1418519114 -0.787665 -0.218494 -0.424711 -0.386913 0.682073 9.775248 -0.723350 -0.069608 0.039560
1438498281 -0.836444 -0.338217 -0.420370 -0.386913 0.682073 9.775248 -0.765209 -0.069608 0.039560
1458477448 -0.849391 -0.367126 -0.617383 -0.108776 0.873408 9.767073 -0.799561 -0.089181 0.011137
1478456614 -0.867097 -0.275617 -1.009432 -0.036885 0.937034 9.761710 -0.774815 -0.095697 0.003779
1498435781 -0.928582 -0.210689 -1.035175 0.011266 0.964237 9.759124 -0.798728 -0.098484 -0.001154
