0 0.051480 -0.072582 -0.070155 -0.335043 1.300945 9.714199 -1.080533 -0.133052 0.034476
19980521 -0.006739 0.070108 -0.182319 -0.335043 1.300945 9.714199 -1.111271 -0.133052 0.034476
39961042 -0.100006 0.129366 -0.330988 -0.302819 1.285736 9.717281 -1.142232 -0.131487 0.031153
59941563 -0.015360 0.145859 -0.228410 -0.281350 1.263395 9.720858 -1.043590 -0.129189 0.028935
79922084 0.048158 0.186074 -0.195140 -0.288701 1.229258 9.725018 -1.088350 -0.125680 0.029678
99902605 0.134420 0.224837 -0.187911 -0.288701 1.229258 9.725018 -1.099257 -0.125680 0.029678
119883125 0.130619 0.119925 -0.065215 -0.319309 1.204817 9.727118 -1.085487 -0.123168 0.032815
139863646 -0.128913 -0.031335 0.007212 -0.333135 1.188016 9.728723 -1.157610 -0.121442 0.034229
159844167 -0.361699 -0.260965 -0.237591 -0.357483 1.164280 9.730726 -1.080125 -0.119004 0.036721
179824688 -0.365883 -0.144361 0.049949 -0.389856 1.147744 9.731448 -1.140927 -0.117306 0.040040
199805209 -0.565594 0.089041 0.322171 -0.389856 1.147744 9.731448 -1.105126 -0.117306 0.040040
219785730 -1.610322 0.424113 0.062932 -0.558839 1.208195 9.715881 -1.075359 -0.123515 0.057455
239766250 -2.405082 0.876964 0.168244 -0.558839 1.208195 9.715881 -1.051690 -0.123515 0.057455
259746771 -2.185507 0.845638 -0.267345 -0.617867 1.254213 9.706471 -1.018820 -0.128245 0.063569
279727292 -2.641999 0.827927 -0.431371 -0.670766 1.286148 9.698777 -1.062800 -0.131530 0.069050
299707813 -4.668896 0.794851 0.786851 -0.745133 1.287190 9.693210 -1.117481 -0.131637 0.076721
319688334 -8.057368 0.704679 2.446746 -0.822405 1.261466 9.690342 -1.074991 -0.128991 0.084666
339668855 -12.057849 -0.286622 3.657927 -0.853859 1.231696 9.691452 -1.100406 -0.125931 0.087877
359649375 -15.327369 -2.132636 3.687908 -0.832355 1.247783 9.691264 -1.116420 -0.127584 0.085677
379629896 -18.906609 -4.629103 4.085011 -0.675950 1.442178 9.676445 -1.166956 -0.147597 0.069742
399610417 -21.753738 -6.849373 3.874621 -0.470548 1.605762 9.662841 -1.241025 -0.164483 0.048658
419590938 -23.649780 -11.058827 3.064718 -0.275941 1.798169 9.636433 -1.325999 -0.184406 0.028627
439571459 -25.675241 -15.114202 5.297208 -0.275941 1.798169 9.636433 -1.390336 -0.184406 0.028627
459551980 -26.644505 -19.767134 5.689479 0.310516 2.376203 9.509344 -1.533157 -0.244741 -0.032642
479532448 -26.789307 -25.727161 4.015603 0.310516 2.376203 9.509344 -1.700460 -0.244741 -0.032642
499512865 -26.565889 -31.324690 1.600541 0.680008 2.733680 9.393348 -1.888318 -0.282500 -0.072266
519493282 -23.759977 -37.693684 1.247409 1.378439 2.981768 9.240095 -2.009425 -0.308947 -0.148088
539473698 -18.713133 -44.455029 3.959931 1.378439 2.981768 9.240095 -2.132904 -0.308947 -0.148088
559454115 -12.860003 -48.618164 7.853329 1.484154 2.832622 9.270595 -2.325605 -0.293022 -0.158746
579434532 -8.593913 -49.473915 11.724648 0.881307 2.354417 9.478946 -2.468905 -0.242452 -0.092709
599414948 -2.148858 -49.914104 15.452044 0.881307 2.354417 9.478946 -2.597363 -0.242452 -0.092709
619395365 5.358234 -48.823246 20.087265 -0.416027 2.082303 9.573993 -2.866743 -0.213965 0.043427
639375782 14.468499 -47.272766 19.657476 -0.667294 1.989622 9.579484 -2.967550 -0.204303 0.069546
659356198 25.960768 -42.081715 17.455791 -0.667294 1.989622 9.579484 -3.094462 -0.204303 0.069546
679336615 33.077816 -33.230453 9.822056 -0.345870 2.075241 9.578316 -3.118770 -0.213228 0.036094
699317032 37.004646 -24.704762 0.095520 -0.095023 2.103739 9.577872 3.064431 -0.216202 0.009921
719297448 36.077557 -16.970144 -3.472492 -0.095023 2.103739 9.577872 3.094386 -0.216202 0.009921
739277865 30.950912 -10.869321 -3.262821 0.035128 2.023461 9.595559 -3.057981 -0.207829 -0.003661
759258334 22.068329 -5.622138 -0.518027 0.035562 1.856920 9.629172 -2.998639 -0.190503 -0.003693
779238855 12.714515 -1.943120 1.842294 -0.196952 1.506102 9.688305 -2.947980 -0.154190 0.020326
799219375 4.691960 0.771129 3.489496 -0.196952 1.506102 9.688305 -2.891418 -0.154190 0.020326
819199896 -2.015577 2.888052 4.506450 -0.337010 1.392301 9.701458 -2.853915 -0.142457 0.034724
839180417 -4.542607 3.020002 4.053318 -0.389290 1.273014 9.715878 -2.879006 -0.130179 0.040046
859160938 -4.467713 2.232899 3.195871 -0.389290 1.273014 9.715878 -2.843760 -0.130179 0.040046
879141459 -4.865505 1.959614 2.695325 -0.034027 1.062557 9.748857 -2.838685 -0.108564 0.003490
899121980 -4.706358 1.474707 2.037355 -0.034027 1.062557 9.748857 -2.909508 -0.108564 0.003490
919102500 -3.819361 0.827886 1.315088 0.528016 0.798296 9.759831 -2.821680 -0.081494 -0.054048
939083021 -3.755667 0.759482 1.267114 0.528016 0.798296 9.759831 -2.820757 -0.081494 -0.054048
959063542 -3.576440 0.763210 0.826889 0.716541 0.743120 9.752166 -2.781255 -0.075850 -0.073343
979044115 -3.262558 0.676730 -0.190878 0.819176 0.778113 9.741349 -2.775692 -0.079429 -0.083895
999024740 -2.893248 0.491680 -0.926225 0.860832 0.955300 9.721973 -2.718835 -0.097568 -0.088315
1019005365 -2.871701 0.321013 -0.984638 0.890688 1.027313 9.711935 -2.757934 -0.104949 -0.091455
1038985990 -2.742223 0.279710 -1.707488 0.890688 1.027313 9.711935 -2.721165 -0.104949 -0.091455
1058966615 -2.260173 0.244049 -1.825619 0.947680 1.050938 9.704010 -2.722435 -0.107372 -0.097350
1078947240 -1.606896 0.219788 -1.525565 1.006833 1.029747 9.700325 -2.786922 -0.105199 -0.103423
1098927865 -0.867370 0.068452 -1.333060 1.019648 0.975775 9.704565 -2.787696 -0.099666 -0.104685
1118908490 -0.536155 0.149386 -1.673809 0.943858 0.959997 9.713801 -2.791231 -0.098049 -0.096863
1138889115 -0.228745 0.260928 -1.473385 0.943858 0.959997 9.713801 -2.704991 -0.098049 -0.096863
1158869740 0.028559 0.451475 -0.939165 0.768825 0.828292 9.741316 -2.783682 -0.084563 -0.078761
1178850365 0.168641 0.493127 -0.185152 0.701390 0.721782 9.754869 -2.694472 -0.073668 -0.071778
1198830990 0.130981 0.415228 0.730227 0.701390 0.721782 9.754869 -2.746381 -0.073668 -0.071778
1218811615 -0.019965 0.310825 0.897678 0.574966 0.569250 9.773216 -2.763959 -0.058080 -0.058763
1238792240 -0.250871 0.356520 1.009166 0.516757 0.524613 9.778963 -2.741563 -0.053521 -0.052795
1258772761 -0.420434 0.452561 1.081678 0.516757 0.524613 9.778963 -2.778825 -0.053521 -0.052795
1278753282 -0.374914 0.585041 0.871631 0.479166 0.492221 9.782561 -2.761753 -0.050214 -0.048943
1298733803 -0.485073 0.774399 0.410254 0.410208 0.478773 9.786362 -2.770185 -0.048841 -0.041892
1318714323 -0.707904 0.894405 -0.008574 0.368615 0.471184 9.788385 -2.741186 -0.048066 -0.037641
1338694844 -0.878627 0.978823 0.015398 0.368615 0.471184 9.788385 -2.724875 -0.048066 -0.037641
1358675365 -0.463135 0.804175 -0.008471 0.351021 0.379725 9.793007 -2.797391 -0.038731 -0.035829
1378655886 0.190381 0.420221 0.327687 0.351021 0.379725 9.793007 -2.765586 -0.038731 -0.035829
1398636407 0.601575 0.062725 0.750482 0.351417 0.314221 9.795314 -2.698860 -0.032047 -0.035861
1418616928 0.394955 -0.028099 0.861553 0.317848 0.280402 9.797486 -2.726911 -0.028597 -0.032430
1438597448 0.140627 -0.118838 1.018467 0.184055 0.299188 9.800358 -2.786115 -0.030513 -0.018778
1458577969 0.067173 -0.143080 0.798812 0.184055 0.299188 9.800358 -2.725324 -0.030513 -0.018778
1478558490 0.187370 -0.123788 0.595013 0.136706 0.321359 9.800430 -2.731071 -0.032775 -0.013948
