0 0.198674 0.048861 -0.604126 -1.046583 1.740309 9.594080 -0.975761 -0.178407 0.108657
19981667 0.171609 0.059065 -0.702222 -1.019116 1.719558 9.600777 -1.060789 -0.176257 0.105753
39963333 -0.115610 0.089450 -0.129370 -0.983025 1.681800 9.611222 -0.992267 -0.172348 0.101924
59945000 -0.305073 0.143540 0.589439 -0.943958 1.661931 9.618592 -0.965584 -0.170292 0.097826
79926719 -0.087790 0.122645 0.313289 -0.905531 1.661692 9.622327 -0.985389 -0.170267 0.093831
99908490 0.251548 0.111472 -0.116833 -0.905531 1.661692 9.622327 -1.004720 -0.170267 0.093831
119890260 0.353345 0.092875 -0.180312 -0.873369 1.661576 9.625319 -0.918799 -0.170255 0.090489
139872031 0.271554 0.013342 0.083418 -0.853212 1.654822 9.628291 -0.929457 -0.169556 0.088384
159853802 0.154547 -0.003536 0.347764 -0.842914 1.645192 9.630848 -0.915656 -0.168560 0.087300
179835573 0.347278 0.194583 0.266834 -0.822803 1.640936 9.633312 -0.946237 -0.168120 0.085205
199817344 -0.047952 0.474212 -0.376410 -0.672855 1.686290 9.637120 -0.936216 -0.172813 0.069706
219799115 -0.626259 0.625056 -1.242206 -0.672855 1.686290 9.637120 -0.879034 -0.172813 0.069706
239780885 -0.862197 1.021001 -1.081989 -0.591237 1.707566 9.638726 -0.933816 -0.175015 0.061263
259762656 -1.481825 1.479354 -1.422971 -0.393034 1.631829 9.661938 -0.923950 -0.167178 0.040656
279744427 -3.649765 2.261427 -0.780422 -0.466544 1.638195 9.657589 -0.987077 -0.167836 0.048271
299726198 -5.980369 2.728040 -0.698774 -0.466544 1.638195 9.657589 -1.025334 -0.167836 0.048271
319707969 -8.188777 2.045826 -2.599270 -1.119235 1.849871 9.565338 -0.946079 -0.189771 0.116480
339689740 -7.895007 -0.595237 -0.672695 -1.353433 1.725851 9.558245 -0.970494 -0.176909 0.140663
359671510 -11.008477 -1.556056 5.520329 -1.325001 1.561378 9.590457 -1.032543 -0.159897 0.137289
379653281 -16.899174 -0.712817 8.782655 -1.344135 1.686251 9.566622 -0.924977 -0.172809 0.139589
399635052 -19.635450 -1.285231 6.597383 -1.344135 1.686251 9.566622 -1.120545 -0.172809 0.139589
419616823 -22.407661 -2.423666 3.114043 -1.361570 1.995222 9.504505 -1.029251 -0.204886 0.142287
439598594 -27.163200 -3.486846 4.708407 -0.689394 2.321360 9.502969 -1.073247 -0.238981 0.072418
459580313 -30.866762 -6.459071 5.429005 -0.689394 2.321360 9.502969 -1.073247 -0.238981 0.072418
479561979 -33.812622 -11.384136 6.235323 -0.104681 2.450780 9.494899 -0.850200 -0.252587 0.011025
499543646 -34.386181 -18.473967 7.932951 0.655413 2.474045 9.466781 -0.994370 -0.255038 -0.069123
519525313 -31.578060 -26.126526 8.847165 1.693341 2.308971 9.379320 -1.072706 -0.237681 -0.178616
539506979 -26.628042 -32.010880 7.958021 2.766677 2.048073 9.182662 -1.346032 -0.210394 -0.292643
559488646 -21.430470 -35.890369 4.719975 3.512400 1.879268 8.961127 -1.660142 -0.192825 -0.373556
579470313 -16.930244 -39.094971 6.242324 3.424900 1.962711 8.977095 -1.895337 -0.201502 -0.364471
599451979 -11.319252 -41.442375 7.989550 3.051244 2.117993 9.076035 -2.287399 -0.217690 -0.324317
619433646 -6.468380 -41.592007 5.992792 3.051244 2.117993 9.076035 -2.287399 -0.217690 -0.324317
639415313 -4.077384 -42.336327 4.551882 1.722743 2.348192 9.364217 -2.570058 -0.241798 -0.181937
659396979 0.314577 -42.690044 10.018384 1.291822 2.177130 9.474265 -2.676206 -0.223871 -0.135515
679378646 11.027303 -39.703239 12.150355 1.291822 2.177130 9.474265 -2.676206 -0.223871 -0.135515
699360313 19.761435 -33.145088 8.438358 1.189919 2.013785 9.523610 -2.906616 -0.206820 -0.124300
719341979 21.696663 -25.898350 2.765746 1.189919 2.013785 9.523610 -2.906616 -0.206820 -0.124300
739323646 22.470383 -19.697258 -1.923759 0.932090 2.200222 9.511079 -3.062978 -0.226286 -0.097688
759305313 22.207716 -14.617524 -0.081436 0.932090 2.200222 9.511079 -3.062978 -0.226286 -0.097688
779286979 19.722612 -10.030492 1.464784 0.954581 2.058739 9.540480 -3.049663 -0.211506 -0.099724
799268646 17.369246 -6.727429 -0.118235 0.954581 2.058739 9.540480 -3.110180 -0.211506 -0.099724
819250313 13.409310 -3.926343 -0.354606 0.918734 1.991448 9.558266 -3.094942 -0.204493 -0.095825
839231979 10.322317 -2.481214 -0.819398 0.918103 1.946707 9.567538 -3.047030 -0.199836 -0.095667
859213646 7.895320 -1.655882 -1.396423 0.918103 1.946707 9.567538 -3.047030 -0.199836 -0.095667
879195313 5.441441 -1.266035 -1.524357 0.953524 1.857412 9.581816 -3.105083 -0.190554 -0.099187
899176979 3.685619 -1.064756 0.003057 1.085836 1.530214 9.625476 -3.071965 -0.156679 -0.112334
919158646 2.309845 -0.953154 1.426639 1.186981 1.376887 9.636683 -3.055621 -0.140869 -0.122556
939140313 0.993523 -0.564463 1.255257 1.186981 1.376887 9.636683 -3.055621 -0.140869 -0.122556
959121979 0.508958 -0.059295 0.670256 1.251796 1.232012 9.648086 -3.017423 -0.125963 -0.129025
979103646 0.046733 0.258679 0.388100 1.251796 1.232012 9.648086 -3.017423 -0.125963 -0.129025
999085313 -0.490876 0.464205 0.716184 1.205166 1.128890 9.666621 -2.998563 -0.115370 -0.124033
1019066979 -0.983961 0.695381 0.830763 1.205166 1.128890 9.666621 -2.998563 -0.115370 -0.124033
1039048646 -0.748885 0.964015 1.283265 1.277024 1.022658 9.669218 -3.044977 -0.104472 -0.131311
1059030313 -0.282201 0.771590 1.426383 1.323249 1.027607 9.662475 -2.946847 -0.104980 -0.136101
1079011979 0.007200 0.498445 0.526041 1.338074 1.061799 9.656735 -2.941081 -0.108486 -0.137687
1098993646 0.242099 0.236298 -0.213161 1.310974 1.097392 9.656473 -3.002372 -0.112138 -0.134936
1118975313 0.305929 0.223447 -0.262717 1.310974 1.097392 9.656473 -3.002372 -0.112138 -0.134936
1138956979 0.238581 0.239920 0.043269 1.282667 1.106026 9.659288 -3.021359 -0.113024 -0.132019
1158938646 0.583957 -0.081658 -0.230038 1.309400 1.087035 9.657858 -3.005138 -0.111075 -0.134757
1178920365 0.852740 -0.150465 -0.766842 1.321656 1.062119 9.658960 -3.002856 -0.108519 -0.135988
1198902135 0.676164 -0.126707 -1.019082 1.314206 1.020977 9.664412 -3.020034 -0.104300 -0.135155
1218883906 0.487138 -0.185725 -0.616747 1.314206 1.020977 9.664412 -3.020034 -0.104300 -0.135155
1238865677 0.825538 -0.319368 -0.322948 1.345904 0.901746 9.671906 -2.955035 -0.092083 -0.138268
1258847448 1.055775 -0.459300 -0.593690 1.360750 0.851249 9.674405 -2.942743 -0.086913 -0.139738
1278829219 0.700879 -0.251831 -0.622002 1.336864 0.805625 9.681640 -2.951177 -0.082244 -0.137215
1298810990 0.038787 0.212710 -0.038419 1.298405 0.766380 9.690057 -2.963367 -0.078229 -0.133200
1318792760 -0.331911 0.479021 0.442823 1.298405 0.766380 9.690057 -2.963367 -0.078229 -0.133200
1338774531 -0.220999 0.534516 0.431100 1.254570 0.706066 9.700408 -3.009332 -0.072061 -0.128618
1358756302 -0.190789 0.712626 0.216349 1.203637 0.687865 9.708166 -2.956072 -0.070200 -0.123352
1378738073 -0.497659 0.781019 0.482747 1.139560 0.664171 9.717545 -2.973025 -0.067778 -0.116735
1398719844 -0.497000 0.762402 1.047117 1.106265 0.638634 9.723103 -2.947407 -0.065169 -0.113290
1418701615 -0.349591 0.640440 1.107646 1.106766 0.620831 9.724198 -2.912015 -0.063350 -0.113328
1438683385 -0.188169 0.474836 0.888526 1.117593 0.615947 9.723269 -2.941756 -0.062851 -0.114438
1458665156 -0.170061 0.328637 0.651704 1.101089 0.625647 9.724533 -2.927438 -0.063842 -0.112748
1478646927 -0.390997 0.217590 0.788617 1.101089 0.625647 9.724533 -2.838224 -0.063842 -0.112748
1498628698 -0.586201 0.363039 1.027786 1.059448 0.648389 9.727669 -2.846801 -0.066165 -0.108483
