0 -0.000879 -0.358573 0.439909 -0.806931 1.718944 9.621044 -1.009884 -0.176194 0.083676
19980521 0.115372 -0.368937 0.370515 -0.806931 1.718944 9.621044 -0.993674 -0.176194 0.083676
39961146 0.216070 -0.184548 0.189575 -0.729105 1.692804 9.631885 -1.004377 -0.173487 0.075553
59941771 0.035843 0.038116 0.024899 -0.706528 1.697622 9.632720 -1.005210 -0.173986 0.073216
79922396 -0.024098 0.130414 -0.107672 -0.706528 1.697622 9.632720 -1.046097 -0.173986 0.073216
99903021 -0.315459 0.316541 -0.154140 -0.727267 1.717500 9.627651 -1.059733 -0.176044 0.075396
119883646 -0.359386 0.679429 -0.451742 -0.763821 1.723016 9.623834 -1.033966 -0.176616 0.079202
139864271 0.503459 0.337800 -0.560145 -0.785324 1.688694 9.628186 -1.021117 -0.173061 0.081385
159844896 0.886257 0.159613 -0.029300 -0.797276 1.633846 9.636663 -1.071344 -0.167386 0.082546
179825521 0.439661 0.395139 0.392138 -0.797276 1.633846 9.636663 -1.027588 -0.167386 0.082546
199806146 -0.232900 0.538227 0.460042 -0.807247 1.596456 9.642098 -1.042084 -0.163521 0.083526
219786771 -0.862545 0.750924 0.186481 -0.808654 1.569553 9.646397 -1.045869 -0.160741 0.083634
239767396 -0.705817 0.545810 0.014080 -0.807952 1.555810 9.648682 -0.994128 -0.159322 0.083542
259748021 -0.829965 0.506893 -0.031211 -0.748466 1.472546 9.666529 -1.052070 -0.150728 0.077274
279728646 -2.058377 0.799987 0.624951 -0.748466 1.472546 9.666529 -0.972802 -0.150728 0.077274
299709271 -4.664372 1.753691 0.326133 -0.719409 1.434525 9.674451 -1.024549 -0.146808 0.074225
319689896 -6.207118 1.664812 -0.180516 -0.678034 1.406809 9.681505 -1.027424 -0.143951 0.069920
339670521 -8.179195 0.729172 0.642324 -0.720460 1.363450 9.684644 -1.019421 -0.139485 0.074255
359651146 -12.206096 0.504729 0.747257 -0.794930 1.346903 9.681132 -0.986643 -0.137781 0.081927
379631771 -16.785398 0.230109 0.881320 -0.804578 1.279045 9.689534 -1.067996 -0.130799 0.082846
399612396 -19.927767 -1.156229 -0.761234 -0.761232 1.120510 9.712641 -1.094157 -0.114510 0.078215
419593021 -23.666458 -3.563659 -0.126718 -0.766236 0.867894 9.738071 -1.207092 -0.088617 0.078523
439573646 -27.232819 -4.743054 6.187820 -0.766236 0.867894 9.738071 -1.230633 -0.088617 0.078523
459554271 -28.751171 -7.873267 5.888557 -0.472018 0.660496 9.772990 -1.351630 -0.067403 0.048261
479534844 -28.226934 -12.348854 4.229147 0.484225 0.639089 9.773815 -1.412078 -0.065215 -0.049503
499515365 -27.346081 -17.878477 2.334126 0.484225 0.639089 9.773815 -1.499331 -0.065215 -0.049503
519495886 -24.909882 -23.596312 0.784846 0.771724 0.876363 9.736879 -1.651505 -0.089484 -0.079093
539476406 -20.951653 -28.515247 -2.104108 1.046349 1.158320 9.681623 -1.827065 -0.118392 -0.107658
559456927 -16.989056 -31.182604 -2.914320 1.606537 1.421048 9.569224 -2.086908 -0.145419 -0.166335
579437448 -13.868361 -32.185799 -1.660583 1.749466 1.415005 9.545026 -2.187608 -0.144796 -0.181274
599417969 -11.650570 -33.299957 -1.076602 1.698256 1.367139 9.561236 -2.315163 -0.139865 -0.175786
619398490 -11.766384 -33.656677 0.279639 1.512069 1.210904 9.613415 -2.358407 -0.123794 -0.156009
639379011 -9.865126 -34.713642 3.882423 1.402717 0.925878 9.661549 -2.548998 -0.094554 -0.144178
659359531 -6.577323 -35.409214 6.718911 1.402717 0.925878 9.661549 -2.548998 -0.094554 -0.144178
679340052 -1.333625 -35.143314 5.678170 1.438657 0.627058 9.680262 -2.707098 -0.063986 -0.147538
699320573 4.627166 -33.621143 3.049039 1.438468 0.371017 9.693480 -2.905742 -0.037842 -0.147320
719301094 11.377010 -30.527308 0.673371 1.421251 0.376912 9.695791 -2.957699 -0.038444 -0.145548
739281615 17.325121 -26.415232 -3.431756 1.439894 0.366017 9.693458 -3.109194 -0.037332 -0.147465
759262136 22.647945 -22.796268 -6.325966 1.439894 0.366017 9.693458 -3.109194 -0.037332 -0.147465
779242656 24.610437 -17.731400 -5.548871 1.382078 -0.027756 9.708733 3.076263 0.002830 -0.141404
799223177 22.971407 -13.086379 -2.684462 1.273713 -0.301686 9.718901 3.115345 0.030768 -0.130313
819203698 17.782587 -9.065650 0.662074 1.273713 -0.301686 9.718901 3.115345 0.030768 -0.130313
839184219 13.544619 -6.359635 3.438655 1.074763 -0.622269 9.727695 -3.069554 0.063496 -0.110039
859164740 11.503526 -5.103364 2.687264 1.074763 -0.622269 9.727695 -3.069554 0.063496 -0.110039
879145261 9.123071 -4.357648 0.420381 1.123944 -0.658683 9.719736 3.132418 0.067218 -0.115124
899125781 5.667216 -3.624860 -0.210161 1.253019 -0.802632 9.693096 -3.030774 0.081937 -0.128556
919106302 2.093797 -2.838747 0.775714 1.307740 -0.946730 9.672845 -3.000132 0.096690 -0.134382
939086823 -0.086230 -1.593042 2.602305 1.307740 -0.946730 9.672845 -3.000132 0.096690 -0.134382
959067344 -1.495183 -0.398057 3.054010 1.371944 -1.052863 9.652960 -2.979260 0.107569 -0.141181
979047865 -2.615613 0.648731 2.588853 1.428846 -1.075323 9.642223 -2.864688 0.109873 -0.147116
999028386 -3.335863 1.535420 1.572589 1.448541 -1.005931 9.646772 -2.951509 0.102757 -0.149045
1019008906 -3.482537 1.670112 -0.006307 1.387207 -0.734008 9.680252 -2.897542 0.074918 -0.142334
1038989427 -3.257969 1.843422 -0.923862 1.340165 -0.652581 9.692703 -2.800880 0.066594 -0.137394
1058970000 -3.031624 2.173645 -0.766345 1.327701 -0.642915 9.695064 -2.826884 0.065606 -0.136100
1078950625 -2.893118 2.234445 -0.002361 1.327701 -0.642915 9.695064 -2.826940 0.065606 -0.136100
1098931250 -2.625681 2.087475 0.098748 1.374874 -0.680620 9.685911 -2.820162 0.069460 -0.141004
1118911875 -2.280674 1.816699 -0.312473 1.441936 -0.723830 9.673018 -2.858243 0.073877 -0.147978
1138892500 -2.011103 1.461551 -0.013152 1.439051 -0.784602 9.668708 -2.817648 0.080093 -0.147751
1158873125 -1.993427 1.371134 0.730317 1.379300 -0.772886 9.678356 -2.852875 0.078894 -0.141561
1178853750 -1.252312 0.969948 1.158741 1.326489 -0.700611 9.691232 -2.859406 0.071503 -0.136030
1198834375 -0.666776 0.511663 -0.181643 1.259758 -0.609679 9.706270 -2.853843 0.062210 -0.129067
1218815000 -0.335521 0.322957 -0.821979 1.191291 -0.544596 9.718778 -2.768892 0.055562 -0.121968
1238795625 -0.240423 0.415734 -0.956525 1.136474 -0.519797 9.726696 -2.906889 0.053029 -0.116313
1258776250 -0.086067 0.572440 -0.609716 1.099145 -0.528322 9.730527 -2.827875 0.053900 -0.112482
1278756875 0.374700 0.334149 -0.288360 1.099145 -0.528322 9.730527 -2.816511 0.053900 -0.112482
1298737500 0.456310 0.111598 -0.277974 1.078896 -0.551669 9.731497 -2.821452 0.056284 -0.110415
1318718125 -0.025778 0.255970 0.129658 1.054423 -0.591070 9.731866 -2.847588 0.060309 -0.107927
1338698750 -0.161669 0.631383 0.830172 1.028092 -0.650339 9.730904 -2.869197 0.066365 -0.105262
1358679375 0.330380 0.258250 1.666222 0.998285 -0.744578 9.727251 -2.879085 0.075999 -0.102270
1378660000 0.719103 -0.048901 2.045777 0.998285 -0.744578 9.727251 -2.785080 0.075999 -0.102270
1398640625 -0.440713 0.178221 1.705257 0.915700 -0.620342 9.744079 -2.834289 0.063300 -0.093700
1418621250 -1.391792 0.607542 1.504175 0.851848 -0.503611 9.756594 -2.831933 0.051377 -0.087089
1438601875 -0.539767 -0.002851 1.011836 0.851848 -0.503611 9.756594 -2.889180 0.051377 -0.087089
1458582500 0.202651 -0.518128 1.093438 0.788945 -0.377311 9.767578 -2.822921 0.038484 -0.080597
1478563073 0.041543 -0.628403 1.241400 0.703568 -0.226089 9.778767 -2.818244 0.023057 -0.071825
1498543594 0.628697 -0.626903 1.242041 0.570091 -0.029040 9.790022 -2.841078 0.002961 -0.058166
