0 0.607851 -0.149609 -0.358706 0.360693 0.867793 9.761518 -2.199794 -0.088606 -0.036934
19979322 0.394205 -0.220014 -0.409884 0.383286 0.851782 9.762067 -2.218907 -0.086967 -0.039243
39958645 -0.056293 -0.060933 -0.341206 0.422725 0.831326 9.762202 -2.248669 -0.084874 -0.043275
59937968 0.283522 -0.138635 -0.148999 0.462330 0.807948 9.762370 -2.242960 -0.082481 -0.047323
79917291 0.805689 -0.111124 0.021755 0.462367 0.789580 9.763870 -2.270993 -0.080602 -0.047320
99896614 0.759242 -0.245653 0.133494 0.462367 0.789580 9.763870 -2.246819 -0.080602 -0.047320
119875937 0.235225 -0.356764 0.106513 0.431422 0.775204 9.766438 -2.212665 -0.079131 -0.044145
139855260 -0.111885 -0.172117 0.209543 0.403834 0.756500 9.769084 -2.267053 -0.077218 -0.041314
159834583 -0.016840 0.013296 0.289403 0.401103 0.739069 9.770531 -2.253783 -0.075436 -0.041029
179813906 0.197780 0.108724 0.246852 0.421437 0.725722 9.770676 -2.202981 -0.074071 -0.043106
199793229 0.457490 0.302600 0.315619 0.446514 0.710749 9.770663 -2.172536 -0.072540 -0.045668
219772552 0.789191 0.491163 0.636444 0.449813 0.702666 9.771095 -2.177283 -0.071713 -0.046003
239751875 1.493589 0.743139 0.750536 0.432904 0.713781 9.771054 -2.213775 -0.072850 -0.044276
259731197 2.611965 1.021513 0.276310 0.378951 0.725192 9.772455 -2.253965 -0.074017 -0.038758
279710520 3.188185 1.141454 -0.158289 0.293885 0.729397 9.775070 -2.189774 -0.074446 -0.030056
299689843 2.892621 1.103583 -0.135984 0.175577 0.719486 9.778646 -2.226725 -0.073433 -0.017953
319669166 1.700786 1.233524 -0.018179 -0.182881 0.733053 9.777503 -2.219371 -0.074820 0.018702
339648489 0.433546 1.640931 -0.788278 -0.390145 0.752638 9.769938 -2.151128 -0.076823 0.039912
359627812 -0.074671 0.783171 -1.817724 -0.390145 0.752638 9.769938 -2.171185 -0.076823 0.039912
379607135 0.304578 -0.404635 -1.841401 -0.507250 0.699822 9.768486 -2.104879 -0.071423 0.051881
399586458 2.255522 -1.443748 -0.252297 -0.503640 0.558476 9.777773 -2.147532 -0.056979 0.051463
419565833 4.855486 -1.661616 0.477712 -0.490138 0.396815 9.786352 -2.170186 -0.040475 0.050042
439545208 8.644611 -1.838592 0.433684 -0.927965 0.047029 9.762533 -2.130453 -0.004796 0.094769
459524583 13.040565 -2.777382 1.910355 -1.209052 -0.148676 9.730698 -2.135973 0.015161 0.123618
479503958 17.611362 -4.496928 4.392690 -1.209052 -0.148676 9.730698 -2.135973 0.015161 0.123618
499483333 21.122648 -6.446113 5.644225 -1.339820 -0.295377 9.710202 -1.999493 0.030125 0.137115
519462708 24.656731 -10.028170 6.116352 -1.358029 -0.442860 9.702063 -2.022214 0.045175 0.139070
539442083 28.919279 -15.450608 7.312593 -1.358029 -0.442860 9.702063 -1.962043 0.045175 0.139070
559421458 31.111343 -21.380827 8.851019 -1.431927 -0.447869 9.691201 -1.860022 0.045686 0.146694
579400833 31.584965 -29.048010 8.613586 -1.567252 -0.331565 9.674925 -1.721358 0.033817 0.160596
599380208 26.546249 -35.516689 6.539653 -1.399927 0.232833 9.703421 -1.621789 -0.023745 0.143283
619359583 24.048365 -41.917439 5.516617 -1.399927 0.232833 9.703421 -1.547817 -0.023745 0.143283
639338958 20.332947 -49.304329 4.506218 0.287428 0.816940 9.768336 -1.428722 -0.083401 -0.029416
659318333 16.483231 -54.713593 0.184210 1.070141 0.774986 9.717231 -1.330136 -0.079109 -0.109686
679297708 10.886094 -59.752983 6.192822 1.804764 0.686078 9.614703 -1.155836 -0.070018 -0.185550
699277083 3.950122 -64.016815 15.912490 1.804764 0.686078 9.614703 -0.843932 -0.070018 -0.185550
719256458 -1.662396 -65.844345 13.938354 3.150849 1.033488 9.229000 -0.855975 -0.105582 -0.329000
739235833 -11.608802 -61.385632 10.747949 3.409820 1.171001 9.119883 -0.873661 -0.119694 -0.357796
759215208 -18.682390 -52.439407 13.377957 3.459956 1.421326 9.065259 -0.771279 -0.145447 -0.364607
779194583 -24.078526 -42.041348 6.618697 3.197245 1.576150 9.135851 -0.477762 -0.161423 -0.336645
799173958 -31.281298 -30.539549 1.881424 3.197245 1.576150 9.135851 -0.477762 -0.161423 -0.336645
819153333 -33.303505 -20.150190 3.195262 2.698706 1.500165 9.307894 -0.200002 -0.153577 -0.282200
839132708 -31.384041 -12.475606 4.268154 2.698706 1.500165 9.307894 -0.200002 -0.153577 -0.282200
859112083 -28.306868 -6.933376 4.294522 3.042539 1.300184 9.231623 -0.298157 -0.132973 -0.318367
879091458 -23.340368 -3.540774 5.914338 3.151897 1.158296 9.213809 0.063778 -0.118390 -0.329605
899070833 -19.021139 -1.925469 7.124725 3.151897 1.158296 9.213809 0.063778 -0.118390 -0.329605
919050208 -16.863384 -1.562067 7.143427 3.020146 1.038875 9.271992 0.040405 -0.106135 -0.314890
939029583 -15.046462 -1.711432 6.282652 2.695083 0.949898 9.381077 0.252862 -0.097015 -0.279755
959008958 -12.872630 -1.959941 4.992727 2.302074 0.890588 9.490927 0.193272 -0.090940 -0.237960
978988333 -9.689796 -1.960379 3.383607 1.885359 0.825062 9.588279 0.260241 -0.084232 -0.194155
998967708 -6.431488 -1.647658 2.316594 1.805442 0.788962 9.606681 0.078235 -0.080539 -0.185769
1018947083 -3.009170 -1.297378 2.059265 1.699529 0.768216 9.627660 0.027468 -0.078417 -0.174726
1038926458 0.205255 -1.012252 1.600294 1.699529 0.768216 9.627660 0.027468 -0.078417 -0.174726
1058905833 1.781565 -0.454671 0.849933 1.546587 0.769986 9.653268 0.112242 -0.078598 -0.158864
1078885208 2.132233 0.036490 0.245128 1.181999 0.784537 9.703492 0.004836 -0.080086 -0.121215
1098864583 2.916653 0.111618 0.138460 1.016626 0.785913 9.722098 0.079243 -0.080227 -0.104190
1118843906 3.320010 0.245896 0.333101 1.016626 0.785913 9.722098 -0.015943 -0.080227 -0.104190
1138823229 2.788436 0.264440 -0.032270 0.853878 0.814876 9.735361 -0.032072 -0.083190 -0.087485
1158802552 2.417611 0.301921 -0.548251 0.755708 0.849671 9.740500 -0.290326 -0.086751 -0.077429
1178781875 2.318629 0.391109 -0.702393 0.728444 0.870261 9.740760 -0.119814 -0.088859 -0.074644
1198761197 1.652334 0.425054 -0.492185 0.746545 0.872363 9.739202 -0.333582 -0.089074 -0.076504
1218740520 0.920567 0.338012 -0.134357 0.819198 0.872926 9.733309 -0.236125 -0.089132 -0.083966
1238719843 0.921346 0.104326 -0.188169 0.842923 0.886564 9.730050 -0.279403 -0.090528 -0.086415
1258699166 1.220357 0.125986 -0.426680 0.890008 0.889050 9.725629 -0.294938 -0.090782 -0.091257
1278678489 0.978455 0.474535 -0.281220 0.956140 0.885435 9.719681 -0.297400 -0.090412 -0.098056
1298657812 0.775676 0.517243 -0.064207 1.021361 0.885826 9.713008 -0.301241 -0.090452 -0.104769
1318637135 0.441023 0.317914 -0.121361 1.021361 0.885826 9.713008 -0.301241 -0.090452 -0.104769
1338616458 -0.072402 0.249205 -0.246189 1.114640 0.866101 9.704527 -0.410014 -0.088433 -0.114357
1358595781 -0.265240 0.139563 0.160027 1.114640 0.866101 9.704527 -0.410014 -0.088433 -0.114357
1378575104 -0.806671 -0.329937 1.626934 1.423275 0.830548 9.667206 -0.510088 -0.084794 -0.146177
1398554427 -0.935486 -0.875930 2.282599 1.423275 0.830548 9.667206 -0.510088 -0.084794 -0.146177
1418533750 0.264209 -1.277182 1.298489 1.823842 1.028072 9.580556 -0.454995 -0.105027 -0.188118
1438513072 1.114076 -1.516134 0.211068 1.958471 1.149447 9.540102 -0.551657 -0.117481 -0.202475
1458492395 -0.296037 0.161302 1.032336 2.003027 1.319134 9.508846 -0.635231 -0.134923 -0.207614
1478471718 0.511213 -1.159946 0.885223 1.994916 1.498087 9.484010 -0.719195 -0.153363 -0.207323
1498451041 0.731373 -1.034992 0.759687 1.960264 1.672766 9.462008 -0.727194 -0.171413 -0.204282
