0 0.106480 -0.141686 -0.328292 -0.122795 2.325531 9.526133 -0.949941 -0.239419 0.012890
19980729 0.181885 -0.150061 -0.061521 -0.096803 2.274481 9.538750 -0.974603 -0.234064 0.010148
39961458 -0.077862 -0.028758 0.311418 -0.083295 2.212723 9.553392 -1.015789 -0.227595 0.008719
59942188 -0.287041 0.030516 0.463515 -0.091946 2.157347 9.565970 -1.064013 -0.221802 0.009611
79922917 -0.220058 0.145478 0.492846 -0.127686 2.122599 9.573330 -0.956592 -0.218172 0.013337
99903646 -0.119304 0.077963 0.128237 -0.173735 2.113812 9.574550 -0.998020 -0.217254 0.018144
119884375 -0.066151 -0.108158 -0.014458 -0.242594 2.093177 9.577585 -0.996544 -0.215100 0.025324
139865104 -0.201030 -0.222485 0.041028 -0.242594 2.093177 9.577585 -1.002275 -0.215100 0.025324
159845833 -0.289893 -0.330948 -0.055884 -0.268689 2.080322 9.579689 -1.003920 -0.213758 0.028040
179826563 -0.164522 -0.307434 -0.460227 -0.274772 2.078797 9.579848 -1.000459 -0.213599 0.028674
199807292 -0.283310 -0.123757 -0.709250 -0.234807 2.072663 9.582239 -0.997965 -0.212959 0.024499
219788021 0.028239 0.009998 -0.500918 -0.173958 2.057063 9.586899 -1.028458 -0.211332 0.018143
239768750 0.223835 0.095087 -0.064217 -0.106808 2.046296 9.590185 -1.065785 -0.210209 0.011137
259749479 0.584919 0.137305 -0.242980 -0.047240 2.041415 9.591703 -1.020442 -0.209700 0.004925
279730208 0.460219 0.197912 -0.523334 -0.047240 2.041415 9.591703 -1.004136 -0.209700 0.004925
299710938 -0.165099 0.420820 0.005102 -0.029944 2.022004 9.595884 -1.021422 -0.207677 0.003121
319691667 -1.140956 0.673429 0.272059 -0.066760 1.984282 9.603570 -1.002948 -0.203747 0.006951
339672396 -3.149487 1.316607 0.560301 -0.171434 1.945770 9.610149 -0.986402 -0.199739 0.017837
359653125 -4.859407 2.021941 1.698191 -0.376604 1.876466 9.618079 -0.978012 -0.192534 0.039136
379633854 -6.036634 2.011274 2.544543 -0.376604 1.876466 9.618079 -0.982514 -0.192534 0.039136
399614583 -7.730783 1.474848 1.381794 -0.409216 1.903900 9.611352 -1.097587 -0.195385 0.042551
419595313 -11.437830 2.030926 2.257727 -0.528140 1.957984 9.594673 -1.080205 -0.201010 0.054990
439576042 -15.319117 2.266133 4.145243 -0.823311 2.128055 9.537501 -0.995425 -0.218741 0.086110
459556719 -15.929655 0.072840 4.307880 -0.823311 2.128055 9.537501 -1.097679 -0.218741 0.086110
479537344 -15.428054 -3.114611 2.785984 -0.699920 2.220832 9.526196 -1.080149 -0.228444 0.073341
499517969 -16.775043 -5.345980 2.466886 -0.430682 2.267832 9.531098 -1.172509 -0.233367 0.045156
519498594 -19.096359 -7.726601 2.831769 -0.129071 2.308731 9.530136 -1.161809 -0.237656 0.013543
539479219 -21.320271 -11.136722 2.228753 0.157034 2.397387 9.507800 -1.317529 -0.246968 -0.016515
559459844 -24.012205 -16.649799 2.736471 0.753292 2.547746 9.439912 -1.415920 -0.262813 -0.079630
579440469 -25.462423 -23.587708 4.704144 1.160676 2.525613 9.404493 -1.519525 -0.260476 -0.122796
599421094 -22.341471 -29.087238 8.321023 1.688255 2.520328 9.325670 -1.679131 -0.259919 -0.179093
619401719 -18.492949 -32.542213 9.008713 2.295782 2.598500 9.173198 -1.798494 -0.268176 -0.245233
639382344 -14.587637 -32.853855 4.458394 2.295782 2.598500 9.173198 -1.907183 -0.268176 -0.245233
659362969 -11.119434 -31.848438 -0.109749 2.815279 2.805740 8.965067 -2.037770 -0.290160 -0.304276
679343594 -7.802959 -31.652573 -0.394355 2.815279 2.805740 8.965067 -2.168077 -0.290160 -0.304276
699324219 -3.775978 -33.692669 1.450529 2.539601 2.693713 9.081009 -2.347932 -0.278259 -0.272694
719304844 -3.722209 -35.392616 10.413907 1.979599 2.366326 9.308709 -2.454651 -0.243703 -0.209539
739285469 2.584020 -38.639660 16.440136 1.186190 1.540899 9.611918 -2.606365 -0.157782 -0.122787
759266146 16.421719 -40.415104 9.243673 0.755690 1.463768 9.667301 -2.762926 -0.149823 -0.078011
779246875 24.290346 -34.862736 7.015653 0.292087 1.465091 9.692192 -2.909940 -0.149959 -0.030127
799227604 26.114470 -26.219540 6.142992 0.292087 1.465091 9.692192 -2.888573 -0.149959 -0.030127
819208333 26.234846 -17.792252 4.301034 0.217860 1.258472 9.723125 -2.941103 -0.128683 -0.022403
839189063 24.721855 -10.647740 2.328174 0.288326 1.216710 9.726606 -2.924124 -0.124390 -0.029634
859169792 21.529840 -5.388236 0.544976 0.294484 1.242159 9.723204 -2.894739 -0.127006 -0.030277
879150521 17.321945 -1.816346 0.043970 0.310730 1.246673 9.722121 -2.859211 -0.127470 -0.031950
899131250 12.244749 0.588044 0.807380 0.310730 1.246673 9.722121 -2.844593 -0.127470 -0.031950
919111979 9.086839 1.541241 1.297906 0.403007 1.209477 9.723433 -2.899194 -0.123647 -0.041423
939092708 6.891440 1.377270 0.973936 0.563474 1.161604 9.721293 -2.891947 -0.118729 -0.057898
959073438 4.850971 0.971297 0.151034 0.758689 1.114923 9.713482 -2.889390 -0.113937 -0.077949
979054167 2.674823 0.654588 -0.934986 0.967134 1.059051 9.701208 -2.822056 -0.108204 -0.099364
999034896 0.417862 0.273039 -1.197393 1.163007 0.958925 9.690112 -2.796613 -0.097940 -0.119449
1019015625 -0.767266 -0.023393 -0.193533 1.329178 0.780326 9.684770 -2.769910 -0.079655 -0.136392
1038996354 -1.174587 -0.693454 1.920053 1.466727 0.540817 9.681251 -2.755804 -0.055176 -0.150358
1058977083 -1.591660 -0.672064 3.353717 1.709260 0.150612 9.655369 -2.705572 -0.015359 -0.175212
1078957813 -2.237870 -0.368189 3.290674 1.787137 0.106570 9.641846 -2.728212 -0.010867 -0.183272
1098938542 -2.678237 0.076939 2.196478 1.792518 0.153509 9.640212 -2.711313 -0.015654 -0.183842
1118919271 -2.473098 0.612854 1.165979 1.792518 0.153509 9.640212 -2.725633 -0.015654 -0.183842
1138900000 -2.290414 0.958034 0.678308 1.718287 0.332790 9.649204 -2.679676 -0.033942 -0.176228
1158880729 -2.368686 1.169566 0.432864 1.739501 0.403107 9.642718 -2.727851 -0.041117 -0.178476
1178861458 -2.494400 1.333314 0.017358 1.739501 0.403107 9.642718 -2.682353 -0.041117 -0.178476
1198842188 -2.387661 1.351006 -0.701382 1.743053 0.521762 9.636385 -2.708112 -0.053230 -0.178948
1218822917 -2.000740 1.396238 -0.382061 1.743053 0.521762 9.636385 -2.660121 -0.053230 -0.178948
1238803646 -1.096865 0.973106 -0.055357 1.535596 0.658782 9.663247 -2.680878 -0.067228 -0.157593
1258784375 -0.341185 0.122627 1.233118 1.420721 0.773710 9.672297 -2.752732 -0.078979 -0.145843
1278765104 -0.095567 -0.104129 0.746490 1.420721 0.773710 9.672297 -2.737190 -0.078979 -0.145843
1298745833 -0.047252 -0.244432 0.170964 1.178166 1.072953 9.676315 -2.690005 -0.109630 -0.121161
1318726563 -0.115981 -0.199027 -0.201423 1.178166 1.072953 9.676315 -2.776600 -0.109630 -0.121161
1338707292 0.016851 -0.063090 0.230421 1.113819 1.161444 9.673719 -2.731486 -0.118713 -0.114634
1358688021 0.271473 -0.069925 -0.061487 1.129742 1.201145 9.667023 -2.726727 -0.122791 -0.116338
1378668750 0.541590 0.052555 -0.352987 1.205029 1.208161 9.657050 -2.719352 -0.123512 -0.124141
1398649479 0.374135 0.206968 -0.424536 1.274425 1.210465 9.647850 -2.750668 -0.123749 -0.131334
1418630208 -0.021866 0.564830 -0.686225 1.298938 1.231622 9.641901 -2.726697 -0.125923 -0.133912
1438610938 -0.469890 0.999185 -1.099694 1.200262 1.306984 9.644768 -2.703288 -0.133673 -0.123810
1458591667 -0.325426 1.023649 -0.991263 1.200262 1.306984 9.644768 -2.659339 -0.133673 -0.123810
1478572396 -0.023703 0.833649 -0.698325 1.146049 1.309519 9.651016 -2.672568 -0.133934 -0.118196
1498553125 0.055559 0.556729 -0.474411 1.080208 1.251033 9.666358 -2.669638 -0.127918 -0.111287
