0 0.109155 -0.042338 0.099149 0.084178 0.239319 9.803369 -2.397182 -0.024406 -0.008586
19979219 0.182140 0.010442 -0.211406 0.091578 0.238526 9.803320 -2.448200 -0.024325 -0.009341
39958438 0.082555 0.132022 0.004034 0.099191 0.221927 9.803638 -2.396420 -0.022632 -0.010117
59937656 -0.037250 0.246711 0.137627 0.099191 0.221927 9.803638 -2.403859 -0.022632 -0.010117
79916875 -0.155161 0.379655 0.056422 0.113910 0.222212 9.803471 -2.479434 -0.022661 -0.011619
99896094 -0.205861 0.674416 -0.052582 0.188331 0.240463 9.801891 -2.388613 -0.024523 -0.019211
119875313 -0.476649 0.987923 -0.223167 0.188331 0.240463 9.801891 -2.419765 -0.024523 -0.019211
139854531 -0.288938 1.211345 -0.169141 0.220295 0.248144 9.801034 -2.453833 -0.025306 -0.022473
159833750 0.570914 1.240228 -0.139606 0.236715 0.269425 9.800090 -2.352393 -0.027477 -0.024150
179812969 1.651639 1.306551 -0.301223 0.236715 0.269425 9.800090 -2.418087 -0.027477 -0.024150
199792188 3.377531 1.287045 -0.133459 0.224121 0.284925 9.799948 -2.412116 -0.029058 -0.022866
219771406 5.794214 1.226823 0.076851 0.183750 0.309780 9.800035 -2.365479 -0.031594 -0.018748
239750625 10.254884 1.003391 -0.004061 0.137549 0.346838 9.799549 -2.319865 -0.035375 -0.014035
259729844 16.437706 -0.550060 -0.399633 0.098051 0.389129 9.798437 -2.355254 -0.039691 -0.010007
279709063 21.738195 -3.040139 -1.024810 0.090626 0.400206 9.798061 -2.270954 -0.040821 -0.009249
299688281 26.098164 -6.593218 -1.036657 0.025209 0.310951 9.801687 -2.230581 -0.031713 -0.002572
319667500 28.750961 -10.270441 2.130615 -0.857352 -0.129755 9.768240 -2.166195 0.013232 0.087545
339646667 30.714539 -15.580473 6.543754 -1.169054 -0.274939 9.732837 -2.154080 0.028040 0.119542
359625833 30.065393 -21.969933 8.634557 -1.169054 -0.274939 9.732837 -2.043290 0.028040 0.119542
379605000 27.058405 -28.395660 8.794452 -0.727348 -0.171507 9.778134 -1.834207 0.017490 0.074248
399584167 27.178139 -35.871048 6.812343 -0.727348 -0.171507 9.778134 -1.791345 0.017490 0.074248
419563333 25.517374 -42.823677 4.290556 0.025835 0.161512 9.805286 -1.642286 -0.016470 -0.002635
439542500 23.151443 -48.631672 6.203568 0.503782 0.239810 9.790766 -1.499514 -0.024456 -0.051410
459521667 22.316210 -54.325039 7.457984 0.503782 0.239810 9.790766 -1.355419 -0.024456 -0.051410
479500833 19.669268 -60.484226 9.415995 0.446657 0.386818 9.788833 -1.229433 -0.039455 -0.045598
499480000 10.579806 -64.352257 16.879528 0.450137 0.916992 9.753302 -1.107290 -0.093644 -0.046120
519459167 -2.542176 -64.151596 18.556686 0.844337 1.859366 9.591676 -0.960665 -0.190757 -0.087802
539438333 -11.370455 -59.082119 0.700355 0.873803 2.436261 9.458938 -0.866567 -0.251059 -0.092117
559417500 -24.789631 -46.762383 -13.216288 0.217865 2.402993 9.505185 -0.707342 -0.247558 -0.022917
579396667 -34.490952 -34.379372 -4.900093 -0.344758 2.277787 9.532220 -0.598746 -0.234410 0.036152
599375833 -36.829704 -24.156879 -2.805082 -0.344758 2.277787 9.532220 -0.552383 -0.234410 0.036152
619355000 -37.056469 -16.034719 -6.604796 -0.541931 2.247948 9.530132 -0.377947 -0.231283 0.056804
639334167 -31.909477 -10.812376 -9.506734 -0.473606 2.222151 9.539818 -0.313193 -0.228582 0.049604
659313333 -24.247694 -7.129336 -7.227064 -0.226486 1.786351 9.639919 -0.339185 -0.183180 0.023490
679292500 -17.130667 -4.609326 -2.161625 -0.134414 1.519081 9.687349 -0.374909 -0.155529 0.013874
699271667 -11.300115 -2.854023 0.099100 -0.134414 1.519081 9.687349 -0.129932 -0.155529 0.013874
719250833 -7.379260 -1.586784 1.199200 -0.074406 1.267448 9.724115 -0.342462 -0.129606 0.007652
739230000 -5.584256 -0.919278 1.620123 -0.224288 0.847179 9.767414 -0.416021 -0.086496 0.022959
759209167 -4.175409 -0.688971 1.243631 -0.389030 0.636736 9.778222 -0.356474 -0.064975 0.039764
779188333 -2.830041 -0.186613 1.677568 -0.389030 0.636736 9.778222 -0.329876 -0.064975 0.039764
799167500 -1.132329 -0.033549 2.312199 -0.657736 0.263062 9.781031 -0.429391 -0.026828 0.067145
819146667 0.546815 0.073430 2.802384 -0.657736 0.263062 9.781031 -0.449929 -0.026828 0.067145
839125833 1.650716 0.571598 3.419608 -0.713826 0.107000 9.780050 -0.533141 -0.010911 0.072859
859105000 2.763394 0.895282 3.928662 -0.744153 -0.069354 9.778129 -0.438575 0.007072 0.075957
879084167 4.002669 1.247231 4.606789 -0.745780 -0.061596 9.778058 -0.574032 0.006281 0.076123
899063333 5.812552 1.282494 4.766521 -0.745780 -0.061596 9.778058 -0.576892 0.006281 0.076123
919042500 6.885713 1.397447 4.057793 -0.738029 0.020549 9.778818 -0.542226 -0.002095 0.075329
939021667 5.701745 1.510122 3.008451 -0.707118 0.158274 9.779842 -0.545692 -0.016140 0.072178
959000833 3.752601 1.391043 1.590882 -0.543788 0.517897 9.777856 -0.539469 -0.052835 0.055557
978980000 2.138079 1.063458 0.137818 -0.509435 0.691498 9.768966 -0.580620 -0.070572 0.052101
998959167 0.961051 0.770639 -1.165154 -0.509435 0.691498 9.768966 -0.572275 -0.070572 0.052101
1018938333 0.277150 0.555068 -2.402756 -0.580084 0.820190 9.755058 -0.538664 -0.083734 0.059395
1038917500 -0.448988 0.705248 -2.122701 -0.953977 0.854800 9.722635 -0.506622 -0.087276 0.097806
1058896667 -0.543379 0.641511 -1.493091 -1.118685 0.822428 9.707860 -0.585143 -0.083963 0.114729
1078875833 -0.130696 0.279998 -0.803927 -1.118685 0.822428 9.707860 -0.503994 -0.083963 0.114729
1098855000 0.544896 -0.148501 -0.478297 -1.218368 0.800370 9.697700 -0.640719 -0.081706 0.124980
1118834167 0.573229 -0.203456 -0.248282 -1.238509 0.792910 9.695760 -0.568602 -0.080943 0.127049
1138813333 -0.413621 -0.060580 -0.648133 -1.174209 0.810158 9.702332 -0.500577 -0.082707 0.120438
1158792500 -0.689399 -0.096785 -1.466944 -1.066173 0.835952 9.712612 -0.586614 -0.085347 0.109334
1178771719 -0.152745 -0.356793 -1.666485 -0.955607 0.834382 9.724248 -0.567107 -0.085186 0.097956
1198750938 1.182046 -1.109413 -1.580587 -0.867603 0.791997 9.736035 -0.495422 -0.080849 0.088878
1218730156 1.677808 -2.040747 -1.506768 -0.864689 0.558328 9.752485 -0.503939 -0.056964 0.088432
1238709375 -0.260934 -1.501420 -0.181304 -0.864689 0.558328 9.752485 -0.615560 -0.056964 0.088432
1258688594 -1.087207 -1.034877 0.892962 -0.779610 0.355526 9.769146 -0.511490 -0.036262 0.079635
1278667813 -1.749267 -0.543622 0.939668 -0.779610 0.355526 9.769146 -0.650694 -0.036262 0.079635
1298647031 -3.135154 0.176821 0.258759 -0.480139 0.360625 9.788249 -0.624910 -0.036782 0.049013
1318626250 -3.858577 0.758857 -0.865526 -0.480139 0.360625 9.788249 -0.479594 -0.036782 0.049013
1338605469 -3.424765 0.820346 -1.111794 -0.455594 0.343512 9.790036 -0.559103 -0.035036 0.046503
1358584688 -1.569914 0.303817 -0.118509 -0.706664 0.135781 9.780213 -0.660381 -0.013846 0.072129
1378563906 0.515234 -0.161456 1.870093 -0.781238 0.047252 9.775369 -0.605606 -0.004818 0.079749
1398543125 1.884984 -0.239665 3.285373 -0.759733 0.063578 9.776970 -0.551608 -0.006483 0.077551
1418522344 2.001635 0.038633 3.100328 -0.759733 0.063578 9.776970 -0.600617 -0.006483 0.077551
1438501563 1.189905 0.057838 1.509853 -0.408035 0.358329 9.791603 -0.541980 -0.036548 0.041648
1458480781 -0.090234 0.090061 -0.118680 -0.408035 0.358329 9.791603 -0.609848 -0.036548 0.041648
1478460000 -1.290802 0.085144 -1.143486 0.221211 0.650698 9.782537 -0.735420 -0.066402 -0.022609
1498439219 -1.975987 0.056898 -1.072363 0.517184 0.744241 9.764682 -0.800612 -0.075964 -0.052915
