0 0.785009 -0.151635 0.036118 0.735808 0.466562 9.767871 -2.189310 -0.047594 -0.075187
19979427 0.556203 -0.015722 0.074072 0.735808 0.466562 9.767871 -2.183123 -0.047594 -0.075187
39958854 0.351949 -0.005591 0.174432 0.673463 0.468565 9.772271 -2.231796 -0.047798 -0.068807
59938281 0.324516 -0.022268 0.202076 0.673463 0.468565 9.772271 -2.228441 -0.047798 -0.068807
79917708 0.232552 0.250715 -0.118422 0.545962 0.509817 9.778159 -2.188016 -0.052010 -0.055777
99897135 0.626307 0.245049 -0.321023 0.516294 0.516092 9.779441 -2.178499 -0.052651 -0.052745
119876562 1.226474 0.162702 -0.252518 0.529960 0.502689 9.779408 -2.186814 -0.051282 -0.054138
139855989 1.564428 0.158495 -0.050815 0.529960 0.502689 9.779408 -2.098162 -0.051282 -0.054138
159835416 1.418758 0.571687 0.411558 0.732941 0.514475 9.765679 -2.152029 -0.052486 -0.074912
179814844 2.411883 0.548730 1.283518 0.732941 0.514475 9.765679 -2.186268 -0.052486 -0.074912
199794271 5.468324 0.242353 2.053672 1.105985 0.552006 9.728436 -2.204869 -0.056319 -0.113200
219773698 10.677251 -0.840546 0.901085 1.663778 0.662770 9.641730 -2.166455 -0.067635 -0.170877
239753125 15.050088 -1.776297 -0.568152 2.038775 0.826983 9.556667 -2.098088 -0.084429 -0.210185
259732552 19.350403 -3.596945 -0.961290 2.066673 0.958440 9.538379 -2.031013 -0.097890 -0.213371
279711979 24.117680 -6.229177 0.813501 1.462661 1.102776 9.634049 -2.012581 -0.112690 -0.150671
299691406 29.000860 -10.390923 3.740201 1.047640 1.310436 9.662069 -1.921828 -0.134028 -0.108006
319670833 32.225124 -16.407532 2.729399 0.526484 1.660544 9.650689 -1.794527 -0.170148 -0.054500
339650260 31.553669 -22.917091 -2.277459 0.526484 1.660544 9.650689 -1.707997 -0.170148 -0.054500
359629687 28.653641 -29.584093 -6.935097 0.011567 1.911923 9.618461 -1.559341 -0.196219 -0.001203
379609114 23.693760 -33.655281 -6.094522 -0.593429 1.248327 9.708754 -1.416453 -0.127640 0.061047
399588541 20.731785 -37.947174 0.265174 -0.549082 0.512981 9.777820 -1.351969 -0.052333 0.056097
419567969 18.072828 -43.969757 9.949862 -0.351067 0.031862 9.800313 -1.198067 -0.003249 0.035807
439547396 14.571089 -51.251183 15.003758 -0.351067 0.031862 9.800313 -1.005748 -0.003249 0.035807
459526823 4.340654 -55.020470 13.100644 -0.048018 0.006518 9.806531 -0.931617 -0.000665 0.004896
479506250 -3.732614 -54.823330 9.785266 0.316011 0.304543 9.796825 -0.739704 -0.031060 -0.032245
499485677 -10.759756 -49.790684 3.721903 0.401864 1.082697 9.738411 -0.581649 -0.110630 -0.041242
519465104 -18.910517 -41.751553 -1.963432 0.401864 1.082697 9.738411 -0.580516 -0.110630 -0.041242
539444531 -28.018589 -32.247608 -2.719476 -0.292338 1.232029 9.724559 -0.508481 -0.125965 0.030053
559423958 -32.008755 -22.021778 -3.963074 -0.960714 1.636801 9.621243 -0.283385 -0.167692 0.099524
579403385 -27.735992 -14.577163 -6.823307 -0.960714 1.636801 9.621243 -0.265241 -0.167692 0.099524
599382812 -21.029673 -9.276357 -7.824654 -0.118183 1.969416 9.606135 -0.268948 -0.202199 0.012302
619362239 -14.888587 -5.135349 -5.764572 0.247040 1.925827 9.612521 -0.324956 -0.197664 -0.025694
639341666 -8.495490 -2.360975 -3.180671 0.247040 1.925827 9.612521 -0.324956 -0.197664 -0.025694
659321094 -4.357105 -0.935453 -0.574302 0.388755 1.781219 9.635690 -0.217886 -0.182648 -0.040323
679300469 -2.721300 -0.343287 0.909313 0.328393 1.489226 9.687351 -0.254513 -0.152449 -0.033886
699279844 -3.198156 -0.453485 1.143331 0.281488 1.394672 9.702888 -0.247172 -0.142701 -0.029003
719259219 -4.090170 -0.283145 0.142150 0.218234 1.263576 9.722455 -0.182497 -0.129208 -0.022443
739238594 -3.228441 -0.205994 -0.781007 0.075768 1.051249 9.749846 -0.363659 -0.107404 -0.007771
759217969 -2.618502 -0.158518 0.468957 -0.054160 0.814434 9.772622 -0.264037 -0.083145 0.005542
779197344 -1.369890 -0.166011 2.250737 -0.054160 0.814434 9.772622 -0.264037 -0.083145 0.005542
799176719 1.017580 -0.211467 2.815396 -0.111395 0.623913 9.786149 -0.368115 -0.063664 0.011382
819156094 2.687907 0.067140 2.299480 -0.127621 0.517062 9.792177 -0.464018 -0.052750 0.013032
839135469 2.398989 0.732229 1.029291 -0.183133 0.462222 9.794040 -0.388158 -0.047151 0.018696
859114844 2.134567 0.975945 0.103371 -0.236254 0.418597 9.794863 -0.446430 -0.042698 0.024116
879094219 2.310839 0.942269 0.058900 -0.236254 0.418597 9.794863 -0.446430 -0.042698 0.024116
899073594 2.165992 0.734593 0.677455 -0.289304 0.349916 9.796134 -0.483477 -0.035689 0.029524
919052969 1.900358 0.671262 1.107409 -0.317547 0.287625 9.797287 -0.408905 -0.029334 0.032400
939032344 1.648177 0.734159 0.701141 -0.316858 0.243622 9.798501 -0.417197 -0.024845 0.032326
959011719 1.421122 0.734736 -0.169953 -0.316858 0.243622 9.798501 -0.477410 -0.024845 0.032326
978991094 0.670640 0.688892 -0.106730 -0.385473 0.118194 9.798358 -0.577211 -0.012053 0.039320
998970469 0.551874 0.741805 0.605055 -0.385473 0.118194 9.798358 -0.500154 -0.012053 0.039320
1018949844 0.748378 0.527716 0.884371 -0.445172 0.013306 9.796531 -0.488132 -0.001357 0.045411
1038929219 0.596812 0.460616 0.908981 -0.451658 -0.006291 9.796242 -0.482199 0.000641 0.046073
1058908594 0.639627 0.213106 0.671218 -0.451658 -0.006291 9.796242 -0.541299 0.000641 0.046073
1078887969 0.129286 0.259092 0.577649 -0.463207 -0.010878 9.795698 -0.510540 0.001109 0.047252
1098867344 -0.172903 0.287710 0.584685 -0.463207 -0.010878 9.795698 -0.373701 0.001109 0.047252
1118846719 0.303177 0.220356 0.411505 -0.498708 0.014039 9.793951 -0.471938 -0.001432 0.050876
1138826094 0.610292 0.060995 0.058391 -0.528599 0.020226 9.792373 -0.453191 -0.002063 0.053928
1158805469 0.339959 0.028937 0.144941 -0.546072 0.023611 9.791406 -0.463724 -0.002408 0.055713
1178784844 -0.159009 -0.009147 0.206397 -0.550184 0.033156 9.791148 -0.617790 -0.003381 0.056133
1198764219 -0.602612 -0.045714 0.137853 -0.537442 0.050943 9.791780 -0.471638 -0.005195 0.054832
1218743594 -0.868089 0.046825 -0.054521 -0.520734 0.068988 9.792572 -0.473290 -0.007035 0.053126
1238722969 -0.492915 -0.134773 -0.364655 -0.520734 0.068988 9.792572 -0.513691 -0.007035 0.053126
1258702344 0.017191 -0.001659 -0.048112 -0.512543 0.068532 9.793007 -0.530987 -0.006988 0.052290
1278681719 0.297399 -0.284970 0.354978 -0.514871 0.064691 9.792911 -0.530968 -0.006597 0.052528
1298661094 -0.145215 -0.509591 0.580364 -0.556346 0.080032 9.790529 -0.557138 -0.008161 0.056764
1318640469 -1.204286 -0.642624 0.592110 -0.857269 0.205529 9.766946 -0.502638 -0.020960 0.087548
1338619844 -2.139154 -1.230476 0.173480 -1.037521 0.287212 9.747381 -0.642524 -0.029292 0.106042
1358599219 -3.067442 -1.440311 0.264340 -1.037521 0.287212 9.747381 -0.642524 -0.029292 0.106042
1378578594 -2.449467 -1.363495 1.175799 -1.066930 0.481315 9.736549 -0.671433 -0.049100 0.109144
1398557969 -0.570796 -1.279543 1.783561 -0.895645 0.663920 9.743071 -0.682080 -0.067753 0.091669
1418537344 0.653560 -0.663772 0.938173 -0.673399 0.856336 9.745954 -0.706665 -0.087433 0.068986
1438516719 1.503467 0.130380 -0.541382 -0.673399 0.856336 9.745954 -0.714645 -0.087433 0.068986
1458496094 2.618682 1.041321 -1.700326 -0.508874 1.004511 9.741786 -0.655937 -0.102612 0.052189
1478475469 3.466051 1.203324 -2.089730 -0.724142 0.884250 9.739820 -0.734178 -0.090291 0.074212
1498454844 2.959001 0.332508 -0.123405 -1.072636 0.731546 9.720323 -0.758231 -0.074666 0.109905
