0 0.105787 -0.062454 0.036241 1.097242 0.169873 9.743592 -2.832553 -0.017323 -0.112139
19979010 0.233991 -0.149493 -0.173064 1.108735 0.165907 9.742359 -2.782396 -0.016919 -0.113318
39958021 0.296578 -0.206423 0.305795 1.108735 0.165907 9.742359 -2.823554 -0.016919 -0.113318
59937031 0.317210 -0.097743 0.179518 1.121699 0.174869 9.740719 -2.748049 -0.017833 -0.114651
79916041 0.348806 0.124370 -0.531795 1.124220 0.200576 9.739933 -2.703334 -0.020454 -0.114915
99895052 0.338430 0.172525 -0.635289 1.131331 0.218856 9.738715 -2.803642 -0.022319 -0.115650
119874114 0.402595 0.049352 -0.377262 1.155163 0.207922 9.736157 -2.770676 -0.021204 -0.118095
139853177 0.277401 -0.026217 -0.090461 1.175587 0.197083 9.733938 -2.812189 -0.020098 -0.120190
159832239 0.317116 -0.053036 -0.051367 1.179119 0.190241 9.733647 -2.778333 -0.019400 -0.120551
179811302 0.728903 -0.060431 -0.093761 1.184275 0.183129 9.733157 -2.791658 -0.018675 -0.121079
199790364 1.474714 -0.155104 -0.244810 1.184275 0.183129 9.733157 -2.729188 -0.018675 -0.121079
219769427 2.277858 -0.309002 -0.569457 1.161494 0.172192 9.736101 -2.744986 -0.017560 -0.118736
239748489 2.622769 -0.454767 -0.841937 1.119465 0.148380 9.741415 -2.837905 -0.015131 -0.114416
259727552 3.192829 -1.040995 -0.362647 1.061160 0.101609 9.748539 -2.729064 -0.010361 -0.108426
279706614 5.428746 -1.279572 1.193583 1.066126 0.039816 9.748445 -2.754778 -0.004060 -0.108931
299685677 9.414561 -1.550976 2.012663 1.222890 0.014364 9.730094 -2.722603 -0.001465 -0.125026
319664739 12.001907 -1.967455 0.589148 1.450194 0.061390 9.698636 -2.631876 -0.006260 -0.148426
339643802 12.970703 -3.786281 -0.270858 1.487156 0.134027 9.692306 -2.534554 -0.013667 -0.152249
359622864 12.633286 -5.185444 3.378510 0.974035 0.486586 9.746019 -2.580230 -0.049638 -0.099611
379601927 16.133915 -6.022724 4.609434 1.055063 0.900410 9.708062 -2.545382 -0.091946 -0.108254
399580989 21.568296 -7.288376 -0.821824 1.261192 1.181504 9.653177 -2.471528 -0.120773 -0.129915
419560052 21.649277 -9.574175 -4.481734 1.176451 1.183935 9.663573 -2.409311 -0.121023 -0.121145
439539114 21.869244 -14.536485 -1.652161 1.176451 1.183935 9.663573 -2.225620 -0.121023 -0.121145
459518177 20.766947 -20.317118 4.975452 0.377121 1.053783 9.742572 -2.159912 -0.107664 -0.038689
479497239 19.328184 -25.705107 5.915829 0.184588 1.084073 9.744799 -2.056965 -0.110771 -0.018940
499476302 15.749884 -29.837114 4.176360 0.184588 1.084073 9.744799 -1.977598 -0.110771 -0.018940
519455364 11.504695 -34.384037 5.144001 0.058654 0.974241 9.757960 -1.928613 -0.099509 -0.006011
539434427 6.756199 -35.736847 9.299557 0.088068 1.089126 9.745586 -1.805670 -0.111290 -0.009036
559413489 4.235445 -36.523769 8.868204 0.088068 1.089126 9.745586 -1.747750 -0.111290 -0.009036
579392552 -1.288606 -36.423164 5.949386 0.906505 1.632378 9.627252 -1.631062 -0.167235 -0.093884
599371614 -3.860918 -33.994072 5.182120 1.610260 1.826833 9.499481 -1.597800 -0.187380 -0.167914
619350677 -4.093654 -32.368664 4.591489 1.890548 1.944213 9.424238 -1.498601 -0.199577 -0.197977
639329739 -8.572111 -32.332695 3.139355 1.890548 1.944213 9.424238 -1.494123 -0.199577 -0.197977
659308802 -17.754715 -29.692099 4.621994 1.580181 2.000221 9.469558 -1.372525 -0.205407 -0.165346
679287864 -21.853371 -23.138706 1.008087 0.650929 2.302644 9.510232 -1.260667 -0.237017 -0.068339
699266927 -23.161263 -15.396246 -5.307572 0.312087 2.387495 9.506464 -1.260761 -0.245928 -0.032817
719245989 -25.202332 -8.707655 -7.274414 0.312087 2.387495 9.506464 -1.251552 -0.245928 -0.032817
739225052 -23.287674 -4.174950 -4.963998 0.156599 2.355061 9.518379 -1.225015 -0.242520 -0.016451
759204114 -20.785437 -1.749810 -2.313789 0.459118 2.124334 9.562782 -1.249608 -0.218353 -0.047974
779183177 -17.551634 -0.539623 0.374932 0.459118 2.124334 9.562782 -1.069625 -0.218353 -0.047974
799162239 -12.815413 -0.143872 3.198977 0.726365 1.979316 9.577322 -1.219548 -0.203230 -0.075697
819141302 -9.277390 -0.228026 4.026099 1.015132 1.821339 9.582412 -1.255214 -0.186809 -0.105543
839120364 -6.724490 -0.159032 3.946888 1.033858 1.801623 9.584136 -1.263402 -0.184764 -0.107456
859099427 -4.875468 -0.005660 3.261654 1.008124 1.808852 9.585516 -1.189945 -0.185514 -0.104786
879078489 -3.846982 0.103965 2.182235 0.959692 1.822481 9.587906 -1.202929 -0.186928 -0.099762
899057552 -2.787330 0.120743 1.661845 0.959692 1.822481 9.587906 -1.224109 -0.186928 -0.099762
919036614 -1.355308 -0.024496 1.171863 0.845299 1.892818 9.585046 -1.189675 -0.194233 -0.087962
939015677 -0.190870 -0.080677 0.497673 0.845299 1.892818 9.585046 -1.189644 -0.194233 -0.087962
958994739 1.146860 0.062491 -0.014493 0.853542 1.984653 9.565721 -1.196112 -0.203786 -0.088994
978973802 2.083436 0.171530 -0.559922 0.880713 2.015591 9.556785 -1.256650 -0.207008 -0.091896
998952864 2.068603 0.156644 -1.080576 0.891381 2.021904 9.554461 -1.254641 -0.207666 -0.093025
1018931927 1.842341 0.401351 -1.147055 0.883086 2.007728 9.558221 -1.285967 -0.206189 -0.092129
1038910989 2.003702 0.577953 -0.734389 0.883086 2.007728 9.558221 -1.301865 -0.206189 -0.092129
1058890052 2.115307 0.458957 -0.494488 0.855400 1.989221 9.564606 -1.291482 -0.204262 -0.089197
1078869114 2.180682 0.350417 -0.314465 0.850899 1.952634 9.572543 -1.218024 -0.200453 -0.088657
1098848177 1.717201 0.487208 -0.604362 0.864512 1.925725 9.576773 -1.312886 -0.197654 -0.090028
1118827239 1.178960 0.502468 -0.825852 0.864512 1.925725 9.576773 -1.281069 -0.197654 -0.090028
1138806302 0.718657 0.398803 -0.321819 0.852207 1.835406 9.595594 -1.278609 -0.188270 -0.088580
1158785364 0.859759 0.233008 -0.048558 0.835220 1.794105 9.604894 -1.300996 -0.183984 -0.086740
1178764427 0.214485 0.205368 0.153828 0.823763 1.758395 9.612484 -1.291586 -0.180281 -0.085488
1198743489 0.110364 0.245413 0.116922 0.812557 1.722100 9.620006 -1.300730 -0.176521 -0.084265
1218722552 -0.028862 0.333580 0.070065 0.812557 1.722100 9.620006 -1.223095 -0.176521 -0.084265
1238701614 -0.188914 0.304348 0.311502 0.799922 1.646548 9.634282 -1.242296 -0.168700 -0.082839
1258680677 -0.319507 0.216632 0.479016 0.815714 1.623103 9.636935 -1.261045 -0.166276 -0.084443
1278659739 -0.205059 0.298641 0.457416 0.845503 1.607395 9.637001 -1.345883 -0.164652 -0.087511
1298638802 0.077121 0.465607 0.192079 0.875323 1.588273 9.637509 -1.228140 -0.162675 -0.090576
1318617864 0.425466 0.561901 0.204782 0.875323 1.588273 9.637509 -1.271808 -0.162675 -0.090576
1338596927 0.931668 0.568120 0.194140 0.946781 1.551404 9.636761 -1.193458 -0.158867 -0.097932
1358575989 1.280602 0.740178 -0.123491 0.976975 1.527208 9.637610 -1.289894 -0.156368 -0.101026
1378555052 1.359908 0.931159 -0.403834 0.979229 1.474021 9.645660 -1.242458 -0.150880 -0.101173
1398534114 1.208692 0.761401 -0.362831 0.979229 1.474021 9.645660 -1.230241 -0.150880 -0.101173
1418513177 0.454502 0.430682 0.488869 0.841600 1.319019 9.681027 -1.273049 -0.134911 -0.086715
1438492239 -0.215262 -0.072032 1.335216 0.781229 1.283476 9.690859 -1.247141 -0.131255 -0.080441
1458471302 -0.773045 -0.380759 1.562995 0.772926 1.289562 9.690718 -1.299413 -0.131881 -0.079591
1478450364 -1.051034 -0.625327 1.053394 0.816744 1.318579 9.683216 -1.293996 -0.134866 -0.084147
1498429427 -1.211346 -0.620601 0.511828 0.816744 1.318579 9.683216 -1.289953 -0.134866 -0.084147
