0 0.073200 -0.109280 0.041355 -0.912617 1.423603 9.659756 -1.098529 -0.145682 0.094197
19981771 0.195163 -0.101964 -0.192067 -0.888750 1.412410 9.663623 -1.035518 -0.144528 0.091711
39963542 0.261839 0.010567 -0.174162 -0.857241 1.393925 9.669152 -1.002087 -0.142624 0.088426
59945313 0.066620 0.030061 0.039186 -0.857241 1.393925 9.669152 -0.982539 -0.142624 0.088426
79927083 0.104628 0.032738 0.165581 -0.833163 1.385009 9.672537 -1.040301 -0.141705 0.085925
99908854 0.197139 0.028371 0.164672 -0.831790 1.398458 9.670721 -1.007109 -0.143091 0.085800
119890625 0.255180 -0.031432 -0.011381 -0.822710 1.403433 9.670776 -1.009463 -0.143603 0.084867
139872396 0.213691 -0.027695 -0.154812 -0.805373 1.390750 9.674067 -1.021663 -0.142297 0.083059
159854167 0.324551 0.043709 0.076171 -0.781511 1.373876 9.678434 -1.027471 -0.140559 0.080573
179835938 0.439419 0.056014 0.263662 -0.753943 1.365085 9.681865 -0.947436 -0.139653 0.077715
199817708 0.444075 0.115320 0.107338 -0.753943 1.365085 9.681865 -1.046527 -0.139653 0.077715
219799479 0.487094 0.015467 -0.120072 -0.721905 1.365241 9.684284 -0.996542 -0.139670 0.074406
239781250 0.413283 0.039334 -0.219414 -0.667179 1.359153 9.689064 -1.037095 -0.139043 0.068750
259763021 0.374228 -0.086301 -0.252605 -0.642708 1.337225 9.693768 -1.034325 -0.136785 0.066204
279744792 0.237113 0.123744 -0.141234 -0.652214 1.324008 9.694948 -1.081301 -0.135425 0.067172
299726563 0.670819 -0.372114 0.380835 -0.695615 1.317804 9.692776 -1.057344 -0.134786 0.071643
319708333 -1.516715 0.145657 0.101895 -0.850555 1.335786 9.677945 -0.959844 -0.136637 0.087661
339690104 -4.253663 1.900508 0.503881 -0.887704 1.314121 9.677575 -1.033236 -0.134407 0.091472
359671875 -6.820523 3.110392 1.549333 -0.887704 1.314121 9.677575 -0.907444 -0.134407 0.091472
379653646 -8.245264 3.252342 1.673789 -0.391373 1.176389 9.727966 -1.023660 -0.120248 0.040210
399635417 -8.787374 2.365400 -0.540421 -0.391373 1.176389 9.727966 -1.000242 -0.120248 0.040210
419617188 -13.146287 1.816722 -0.928358 -0.022082 1.073115 9.747734 -1.037779 -0.109647 0.002265
439598958 -18.746078 1.877166 1.671718 0.156886 0.979407 9.756358 -0.983598 -0.100039 -0.016079
459580729 -22.201746 -0.353309 3.642216 0.398307 0.932292 9.754105 -1.028777 -0.095211 -0.040812
479562500 -24.014067 -3.966092 3.199622 0.607982 0.936989 9.742833 -1.003716 -0.095692 -0.062322
499544271 -25.169697 -7.502098 2.913145 0.790896 0.934864 9.729897 -1.097977 -0.095475 -0.081107
519526042 -25.788582 -11.171134 4.511283 1.063126 0.892585 9.707907 -1.158686 -0.091144 -0.109077
539507813 -26.932186 -15.328908 5.211709 1.474124 0.763441 9.665117 -1.117404 -0.077928 -0.151354
559489583 -28.788960 -21.111494 5.956738 1.897585 0.545444 9.605835 -1.151221 -0.055649 -0.195034
579471354 -28.357115 -28.999998 10.006554 1.897585 0.545444 9.605835 -1.342599 -0.055649 -0.195034
599453125 -27.787279 -37.503616 11.989450 2.782887 0.285159 9.399181 -1.611874 -0.029082 -0.287854
619434896 -24.069613 -44.316235 9.683689 2.782887 0.285159 9.399181 -1.899101 -0.029082 -0.287854
639416667 -17.558191 -47.439156 3.593410 3.232563 0.608606 9.238535 -2.082794 -0.062100 -0.336586
659398438 -11.145367 -46.475563 -2.081390 3.216513 0.672039 9.239740 -2.315878 -0.068583 -0.334997
679380208 -5.449603 -43.643246 -1.612518 2.929406 0.680871 9.334099 -2.547744 -0.069485 -0.304104
699361979 -1.972209 -43.652710 0.817825 2.314299 0.753243 9.499845 -2.680140 -0.076885 -0.238960
719343750 4.367100 -45.115047 1.886822 1.617498 0.858385 9.634171 -2.765720 -0.087643 -0.166340
739325573 15.984296 -45.019138 0.240975 1.113430 0.874219 9.703937 -3.052627 -0.089264 -0.114240
759307448 24.055084 -37.728352 -1.001179 1.113430 0.874219 9.703937 -2.999979 -0.089264 -0.114240
779289323 26.669950 -27.594915 -2.610239 0.870399 0.800015 9.735130 -3.055957 -0.081670 -0.089171
799271198 26.601692 -18.531748 -2.091479 0.648213 0.721794 9.758547 3.138297 -0.073669 -0.066328
819253073 25.362968 -11.661243 -1.605043 0.390688 0.677164 9.775438 -3.131754 -0.069106 -0.039945
839234948 23.401947 -6.692350 -0.821727 0.173552 0.610793 9.786072 3.122712 -0.062324 -0.017733
859216823 19.877449 -2.909053 1.179363 -0.027094 0.314709 9.801562 -3.059745 -0.032097 0.002764
879198698 14.344877 -0.009835 2.819787 -0.025597 0.165210 9.805224 3.100830 -0.016847 0.002611
899180573 9.658179 1.041878 3.590960 0.037316 0.046353 9.806470 3.104815 -0.004727 -0.003805
919162448 6.294913 0.718885 3.408920 0.125931 -0.045272 9.805737 3.128273 0.004616 -0.012842
939144323 3.491571 -0.019723 3.109776 0.205055 -0.118141 9.803795 -3.117345 0.012047 -0.020913
959126198 1.484003 -0.366379 3.313672 0.205055 -0.118141 9.803795 3.109934 0.012047 -0.020913
979108073 0.370243 -0.387820 3.619084 0.288308 -0.170184 9.800933 -3.118482 0.017355 -0.029408
999089948 -0.209902 -0.611716 2.985438 0.441721 -0.073179 9.796424 -3.063483 0.007462 -0.045059
1019071823 -0.042959 -0.800483 1.151219 0.478881 0.065722 9.794730 -2.988467 -0.006702 -0.048853
1039053698 -0.392741 -0.555943 -0.565420 0.478881 0.065722 9.794730 -3.082690 -0.006702 -0.048853
1059035573 -1.648312 0.266347 -0.235163 0.401230 0.302129 9.793778 -2.998346 -0.030813 -0.040945
1079017396 -2.616360 0.640092 -0.205662 0.374664 0.382844 9.792009 -2.960900 -0.039049 -0.038244
1098999167 -3.313039 1.196547 -0.020650 0.374664 0.382844 9.792009 -2.972702 -0.039049 -0.038244
1118980938 -3.340139 1.515243 0.439064 0.376715 0.440854 9.789491 -2.935993 -0.044970 -0.038463
1138962708 -2.789245 1.437789 0.331704 0.458116 0.583250 9.778565 -2.929572 -0.059510 -0.046815
1158944479 -1.672947 0.899675 -0.629413 0.519424 0.665735 9.770229 -2.940984 -0.067938 -0.053114
1178926250 -0.341141 0.340011 -1.589675 0.519424 0.665735 9.770229 -2.949011 -0.067938 -0.053114
1198908021 -0.066672 0.173344 -1.771491 0.566451 0.726594 9.763278 -2.926667 -0.074160 -0.057954
1218889792 0.128668 0.091779 -1.357701 0.594962 0.750726 9.759755 -3.038572 -0.076628 -0.060885
1238871563 0.554350 -0.046820 -1.391124 0.693350 0.702479 9.756853 -2.990096 -0.071694 -0.070944
1258853333 1.035450 -0.063312 -1.125995 0.716231 0.660843 9.758109 -3.077368 -0.067438 -0.073267
1278835104 1.150525 -0.051969 -0.657805 0.721264 0.627309 9.759951 -2.983590 -0.064011 -0.073766
1298816875 1.212193 -0.131081 -0.392549 0.707274 0.607822 9.762208 -2.986567 -0.062020 -0.072324
1318798646 1.284422 -0.196080 -0.343702 0.675061 0.598410 9.765070 -2.981977 -0.061059 -0.069020
1338780417 1.098923 -0.128957 -0.317343 0.675061 0.598410 9.765070 -2.983914 -0.061059 -0.069020
1358762188 0.875153 0.129920 0.047751 0.615777 0.544181 9.772157 -2.976944 -0.055520 -0.062930
1378743958 0.952130 0.179129 0.881634 0.600406 0.520477 9.774405 -3.012856 -0.053099 -0.061349
1398725729 1.169236 0.028526 1.570635 0.600406 0.520477 9.774405 -2.969671 -0.053099 -0.061349
1418707500 1.111281 0.001067 0.919788 0.507773 0.626032 9.773467 -2.940859 -0.063881 -0.051908
1438689271 0.492124 0.282257 -0.138702 0.507773 0.626032 9.773467 -2.981757 -0.063881 -0.051908
1458671042 -0.188541 0.649883 -0.476046 0.405944 0.693794 9.773650 -2.926968 -0.070806 -0.041511
1478652813 -0.356231 0.798085 -0.098015 0.261675 0.693150 9.778623 -2.933168 -0.070741 -0.026754
1498634583 -0.101168 0.747478 0.803987 0.261675 0.693150 9.778623 -2.873344 -0.070741 -0.026754
