0 0.549002 -0.069424 0.178126 -0.385974 0.221261 9.796554 -2.372608 -0.022564 0.039379
19979167 0.187942 -0.028508 -0.067883 -0.506319 0.213806 9.791237 -2.352945 -0.021804 0.051665
39958333 0.633103 -0.194849 0.501730 -0.506319 0.213806 9.791237 -2.374295 -0.021804 0.051665
59937500 0.782811 0.098102 0.706347 -0.694700 0.249775 9.778823 -2.298326 -0.025473 0.070922
79916667 0.640309 0.250821 -0.023469 -0.754454 0.299056 9.773012 -2.303575 -0.030500 0.077045
99895833 0.337822 0.356548 -0.829574 -0.731674 0.309378 9.774423 -2.307410 -0.031553 0.074717
119875000 0.291865 0.345367 -1.154783 -0.731674 0.309378 9.774423 -2.335752 -0.031553 0.074717
139854167 0.040134 0.141813 -0.757696 -0.647677 0.207516 9.783039 -2.367181 -0.021162 0.066108
159833333 -0.087740 -0.164329 -0.405108 -0.647677 0.207516 9.783039 -2.310773 -0.021162 0.066108
179812500 0.033860 -0.280665 0.154572 -0.718978 0.123726 9.779476 -2.256278 -0.012617 0.073387
199791667 1.448265 -0.410281 0.840017 -0.780606 -0.002474 9.775532 -2.324156 0.000252 0.079684
219770833 2.962707 -0.264481 1.026269 -0.761141 -0.038990 9.776990 -2.338400 0.003976 0.077693
239750000 4.798309 -0.237971 0.746403 -0.815723 -0.075990 9.772370 -2.245162 0.007749 0.083279
259729167 7.826215 -0.829136 1.191994 -0.894123 -0.123159 9.765028 -2.283510 0.012559 0.091309
279708333 11.720385 -1.606790 2.723045 -0.894123 -0.123159 9.765028 -2.236476 0.012559 0.091309
299687500 13.989595 -2.831597 3.476148 -0.902277 -0.160754 9.763731 -2.186389 0.016393 0.092149
319666667 13.837346 -5.013448 2.311046 -0.924034 -0.162291 9.761670 -2.101958 0.016550 0.094378
339645833 11.799294 -7.517357 2.284310 -1.096229 -0.155316 9.743949 -2.138774 0.015838 0.112032
359625000 11.679241 -10.288198 5.463330 -1.270154 -0.127667 9.723210 -2.111249 0.013019 0.129896
379604167 18.185713 -13.987506 8.344011 -1.022765 -0.008405 9.753167 -2.090036 0.000857 0.104483
399583333 23.128643 -17.864738 6.607396 -0.230549 0.216252 9.801555 -2.066387 -0.022053 0.023517
419562500 24.582180 -23.742643 1.993804 0.426564 0.561385 9.781272 -1.897848 -0.057277 -0.043583
439541667 24.049520 -29.965099 0.735896 0.482709 0.900077 9.753319 -1.772621 -0.091912 -0.049451
459520833 21.232651 -35.006527 4.068604 0.255953 1.118737 9.739265 -1.708127 -0.114328 -0.026274
479500000 15.009258 -39.795124 6.921725 0.250908 1.217352 9.727563 -1.551435 -0.124456 -0.025788
499479219 9.543308 -44.623302 9.394247 0.454365 1.257384 9.715088 -1.446982 -0.128571 -0.046735
519458437 5.214922 -49.417370 10.367134 1.005630 1.380787 9.656734 -1.262629 -0.141271 -0.103764
539437656 -0.225531 -53.818233 7.977732 1.005630 1.380787 9.656734 -1.186648 -0.141271 -0.103764
559416875 -11.174714 -56.292255 12.320343 0.665851 1.277013 9.700322 -1.032321 -0.130590 -0.068535
579396094 -21.941286 -52.387867 17.779995 0.665851 1.277013 9.700322 -0.956797 -0.130590 -0.068535
599375312 -25.577089 -45.528866 8.786452 0.226861 2.143195 9.566903 -0.809718 -0.220323 -0.023709
619354531 -26.297066 -37.470554 -8.565107 0.226861 2.143195 9.566903 -0.848613 -0.220323 -0.023709
639333750 -30.279985 -25.938513 -13.315513 -1.079193 2.258091 9.481917 -0.475683 -0.232346 0.113328
659312969 -31.146839 -16.191900 -8.370614 -1.531207 2.319031 9.404674 -0.442245 -0.238737 0.161397
679292187 -28.666691 -7.489153 -12.551055 -1.531207 2.319031 9.404674 -0.474781 -0.238737 0.161397
699271406 -22.458843 -0.892472 -16.183657 -1.843428 2.198329 9.377607 -0.370677 -0.226088 0.194103
719250625 -16.743061 2.717852 -11.551429 -1.930731 1.899654 9.425179 -0.328566 -0.194943 0.202053
739229844 -15.314946 4.463579 -5.170292 -1.922572 1.569454 9.487409 -0.288312 -0.160731 0.199937
759209062 -14.357779 4.380257 -1.760817 -1.922572 1.569454 9.487409 -0.128625 -0.160731 0.199937
779188281 -13.275909 3.406724 0.316753 -1.830173 1.220802 9.556699 -0.162361 -0.124811 0.189216
799167500 -11.794348 2.171513 3.570827 -1.509344 0.544686 9.674481 -0.249105 -0.055571 0.154765
819146719 -9.480803 0.838285 6.375183 -1.509344 0.544686 9.674481 -0.226797 -0.055571 0.154765
839125937 -6.536229 -0.156468 6.826675 -0.923120 0.313167 9.758082 -0.376442 -0.031940 0.094320
859105156 -3.147272 -0.457968 6.109074 -0.568067 0.351110 9.783885 -0.419856 -0.035811 0.057996
879084375 0.505237 -0.805366 5.073953 -0.254743 0.455616 9.792747 -0.436885 -0.046477 0.026008
899063594 3.088148 -0.732493 2.984393 -0.254743 0.455616 9.792747 -0.593305 -0.046477 0.026008
919042812 4.356657 -0.218846 1.104650 -0.146098 0.706955 9.780045 -0.487936 -0.072152 0.014937
939022031 4.436476 0.083654 0.359469 -0.203101 0.803980 9.771527 -0.520752 -0.082075 0.020782
959001250 3.702649 -0.079419 0.566464 -0.231560 0.891975 9.763256 -0.377751 -0.091082 0.023713
978980469 2.546679 -0.538541 0.663037 -0.215453 0.983762 9.754804 -0.507353 -0.100485 0.022083
998959687 1.483105 -0.800790 0.597280 -0.132345 1.079966 9.746104 -0.609478 -0.110350 0.013578
1018938906 1.088339 -0.792786 0.521707 -0.132345 1.079966 9.746104 -0.526855 -0.110350 0.013578
1038918125 1.662428 -0.849182 -0.312846 0.051246 1.324787 9.716619 -0.629806 -0.135505 -0.005274
1058897344 2.114061 -0.642855 -1.341167 0.051246 1.324787 9.716619 -0.605503 -0.135505 -0.005274
1078876562 1.593171 -0.181156 -1.803570 0.089096 1.423239 9.702415 -0.577955 -0.145644 -0.009183
1098855781 0.913869 -0.113240 -1.582152 0.082932 1.476615 9.694489 -0.595998 -0.151148 -0.008554
1118835000 0.550341 -0.236774 -0.444125 0.012785 1.530187 9.686524 -0.750131 -0.156676 -0.001320
1138814219 0.300140 -0.273741 -0.151374 0.012785 1.530187 9.686524 -0.681929 -0.156676 -0.001320
1158793437 -0.169467 -0.263404 -0.537288 -0.035123 1.587758 9.677199 -0.711164 -0.162622 0.003629
1178772656 -0.811742 -0.134208 -0.789254 -0.064450 1.641384 9.668097 -0.674370 -0.168166 0.006666
1198751875 -1.020746 -0.320932 -1.038355 -0.069088 1.686369 9.660320 -0.696907 -0.172821 0.007152
1218731094 -1.426966 -0.435933 -0.866935 -0.061154 1.711726 9.655912 -0.703793 -0.175446 0.006333
1238710312 -2.060059 -0.647583 -0.293879 -0.111311 1.732203 9.651812 -0.698676 -0.177567 0.011532
1258689531 -1.872632 -0.721017 0.172208 -0.199011 1.757954 9.645744 -0.805587 -0.180236 0.020629
1278668750 -1.377353 -0.682746 0.104583 -0.245640 1.838093 9.629718 -0.726745 -0.188549 0.025503
1298647969 -1.622168 -0.541066 -0.465728 -0.245640 1.838093 9.629718 -0.711067 -0.188549 0.025503
1318627187 -2.031116 -0.515718 -0.800197 -0.196108 1.879995 9.622762 -0.872268 -0.192900 0.020377
1338606406 -1.700495 -0.661161 -0.653646 -0.115821 1.894158 9.621285 -0.843365 -0.194372 0.012037
1358585625 -1.608883 -0.802859 -0.253120 -0.066759 1.891755 9.622224 -0.864812 -0.194122 0.006938
1378564844 -1.914085 -0.599510 -0.450831 -0.106703 1.894973 9.621231 -0.923574 -0.194457 0.011090
1398544062 -2.424778 -0.524589 -0.747415 -0.385722 1.846618 9.623492 -0.875250 -0.189434 0.040060
1418523281 -2.849091 -0.773441 0.045985 -0.385722 1.846618 9.623492 -0.919436 -0.189434 0.040060
1438502500 -3.990370 -1.314484 1.834537 -0.486242 1.787257 9.630144 -0.997603 -0.183274 0.050449
1458481719 -4.967372 -2.372932 3.297558 -0.524051 1.780334 9.629442 -0.992115 -0.182556 0.054368
1478460937 -4.452057 -2.444102 3.584502 -0.464698 1.860581 9.617311 -1.022196 -0.190884 0.048281
1498440156 -1.266537 -2.490281 2.523900 -0.290311 2.018495 9.592278 -1.089116 -0.207311 0.030256
