0 0.007901 -0.213058 0.556611 -0.461672 1.262238 9.714113 -1.123446 -0.129071 0.047490
19981667 0.279665 -0.268728 0.415975 -0.428548 1.274771 9.713995 -1.167936 -0.130359 0.044088
39963333 0.284806 -0.195535 0.054267 -0.428548 1.274771 9.713995 -1.126447 -0.130359 0.044088
59945000 0.112305 0.050312 -0.143131 -0.380144 1.296346 9.713154 -1.143173 -0.132579 0.039117
79926667 -0.064794 0.312628 -0.305148 -0.380144 1.296346 9.713154 -1.104164 -0.132579 0.039117
99908333 0.071335 0.272448 -0.291451 -0.385241 1.309920 9.711132 -1.184661 -0.133975 0.039649
119890000 0.099915 0.208401 -0.135695 -0.374970 1.294341 9.713622 -1.093707 -0.132372 0.038583
139871667 0.086094 0.100602 0.218414 -0.341347 1.272244 9.717780 -1.256986 -0.130100 0.035112
159853333 0.205080 0.002164 0.246061 -0.308806 1.262561 9.720132 -1.112037 -0.129104 0.031759
179835000 0.217073 -0.124930 -0.032491 -0.286886 1.260294 9.721098 -1.101664 -0.128871 0.029503
199816667 0.293669 -0.241278 -0.286011 -0.286886 1.260294 9.721098 -1.164756 -0.128871 0.029503
219798333 0.261008 -0.305404 -0.287535 -0.269803 1.254581 9.722325 -1.152466 -0.128283 0.027744
239780000 0.334843 -0.195838 -0.121044 -0.243910 1.234722 9.725552 -1.060206 -0.126242 0.025074
259761667 0.224514 -0.195926 -0.234444 -0.177717 1.194536 9.732003 -1.110392 -0.122112 0.018259
279743333 0.235872 -0.197055 -0.232274 -0.035465 1.087951 9.746051 -1.171631 -0.111169 0.003639
299725000 0.217686 -0.112365 -0.068560 0.005102 1.048268 9.750461 -1.157477 -0.107098 -0.000523
319706667 -0.118973 -0.087750 0.061913 0.005102 1.048268 9.750461 -1.115736 -0.107098 -0.000523
339688333 -0.756886 -0.292631 0.532934 -0.049000 1.024835 9.752831 -1.211139 -0.104695 0.005024
359670000 -1.579612 -0.370390 1.084140 -0.049000 1.024835 9.752831 -1.183950 -0.104695 0.005024
379651667 -3.777511 0.071234 2.321875 -0.084468 1.052231 9.749670 -1.144417 -0.107505 0.008663
399633333 -5.669030 0.449116 2.986341 -0.114772 1.128036 9.740880 -1.083709 -0.115283 0.011782
419615000 -7.300017 0.116278 1.633411 -0.108214 1.263067 9.724368 -1.116433 -0.129156 0.011128
439596667 -10.550434 0.224451 1.759884 -0.120741 1.507864 9.689281 -1.177617 -0.154372 0.012461
459578229 -14.323820 0.916563 2.740220 -0.120741 1.507864 9.689281 -1.024062 -0.154372 0.012461
479559792 -16.833258 0.490392 3.421185 -0.098225 1.619688 9.671471 -1.140287 -0.165923 0.010156
499541354 -20.181311 -0.572947 3.869803 0.117680 1.915530 9.617031 -1.113947 -0.196594 -0.012236
519522917 -24.732124 -1.884313 3.214860 0.117680 1.915530 9.617031 -1.090398 -0.196594 -0.012236
539504479 -26.813475 -5.287005 4.073500 0.302816 2.074075 9.580027 -1.044728 -0.213106 -0.031599
559486042 -27.865978 -10.252911 6.815713 1.185748 2.128968 9.499046 -1.206221 -0.218837 -0.124186
579467604 -27.616001 -17.545942 8.098578 1.892920 2.028029 9.406080 -1.367462 -0.208305 -0.198592
599449167 -25.628948 -24.573114 8.393964 1.892920 2.028029 9.406080 -1.457743 -0.208305 -0.198592
619430729 -20.731903 -28.833321 6.845324 2.669549 1.849705 9.253242 -1.715912 -0.189754 -0.280872
639412292 -14.577145 -31.567432 5.747168 3.387834 1.833900 9.018304 -1.983940 -0.188113 -0.359351
659393854 -11.612227 -31.976559 1.094489 3.387834 1.833900 9.018304 -2.246611 -0.188113 -0.359351
679375417 -8.820676 -32.519897 -0.695596 3.077856 2.055377 9.081444 -2.277285 -0.211156 -0.326767
699356979 -4.474272 -33.940998 0.128244 2.253566 1.894918 9.354203 -2.526596 -0.194451 -0.236410
719338542 0.802375 -37.009068 7.091344 1.962249 1.607482 9.472907 -2.651273 -0.164661 -0.204255
739320104 8.690248 -38.756401 7.028439 1.962249 1.607482 9.472907 -2.708584 -0.164661 -0.204255
759301667 15.173443 -36.759731 5.479776 0.736611 1.585818 9.649507 -2.953466 -0.162422 -0.076189
779283229 18.993319 -31.765108 4.557733 0.736611 1.585818 9.649507 -2.929596 -0.162422 -0.076189
799264792 22.625885 -25.061018 2.600630 0.136024 1.672969 9.661939 -3.140094 -0.171434 -0.014077
819246354 23.568438 -17.733393 2.533134 -0.197035 1.456511 9.695882 3.009123 -0.149074 0.020319
839227917 20.804100 -10.942001 1.788101 -0.197035 1.456511 9.695882 3.111461 -0.149074 0.020319
859209479 17.697905 -5.735926 -0.282458 -0.496286 1.479376 9.681711 -3.007705 -0.151432 0.051215
879191094 13.894542 -2.046263 0.844280 -0.898854 1.510611 9.647823 -3.090502 -0.154655 0.092898
899172760 9.951329 0.507940 2.539994 -1.155225 1.411802 9.635489 3.039047 -0.144466 0.119323
919154427 6.268056 2.035002 3.553033 -1.221005 1.217107 9.653920 -3.125608 -0.124431 0.125810
939136094 4.548050 1.967188 3.777995 -1.197865 1.028669 9.678706 3.073955 -0.105088 0.123137
959117760 4.125838 0.810245 2.747805 -1.013682 0.769976 9.723681 -3.124748 -0.078597 0.103874
979099427 3.379601 0.176135 2.225264 -1.013682 0.769976 9.723681 3.083144 -0.078597 0.103874
999081094 2.759930 -0.221697 2.287063 -0.752879 0.531789 9.763235 3.056321 -0.054254 0.076961
1019062760 1.778084 -0.441712 1.931477 -0.752879 0.531789 9.763235 3.139747 -0.054254 0.076961
1039044427 0.675780 -0.595991 1.607940 -0.676328 0.462127 9.772381 -3.062498 -0.047141 0.069098
1059026094 0.385443 -0.617480 1.338708 -0.663118 0.435747 9.774497 -3.028307 -0.044449 0.067738
1079007760 -0.354845 -0.299426 0.909827 -0.671988 0.437836 9.773798 -3.039869 -0.044662 0.068646
1098989427 -1.254492 0.329452 0.586185 -0.664223 0.443086 9.774092 -3.015766 -0.045198 0.067853
1118971094 -1.690457 0.701759 0.059252 -0.633200 0.451441 9.775768 -3.040359 -0.046050 0.064682
1138952760 -1.892939 1.004989 -0.184423 -0.601289 0.465067 9.777144 -2.961816 -0.047441 0.061422
1158934427 -1.490744 0.954600 -0.202364 -0.580167 0.520110 9.775647 -2.998141 -0.053061 0.059279
1178916094 -0.812393 0.757922 -0.400967 -0.580167 0.520110 9.775647 -3.088635 -0.053061 0.059279
1198897760 -0.335504 0.399426 -0.460234 -0.573348 0.547413 9.774559 -2.931816 -0.055850 0.058590
1218879427 -0.342294 0.359084 -0.321441 -0.573667 0.563849 9.773606 -3.025243 -0.057528 0.058628
1238861094 -0.353883 0.401311 -0.069571 -0.584370 0.571818 9.772508 -2.977374 -0.058342 0.059726
1258842760 -0.063651 0.373843 0.135013 -0.584370 0.571818 9.772508 -2.993908 -0.058342 0.059726
1278824427 0.024660 0.226580 -0.058859 -0.569998 0.575366 9.773149 -2.957891 -0.058705 0.058257
1298806094 0.189535 0.226142 -0.229883 -0.552161 0.596681 9.772895 -2.969283 -0.060882 0.056439
1318787760 0.324211 0.207255 -0.274681 -0.552161 0.596681 9.772895 -2.945724 -0.060882 0.056439
1338769427 -0.071042 0.426229 0.158907 -0.538016 0.573346 9.775081 -2.899152 -0.058498 0.054984
1358751094 -0.320756 0.482676 0.321295 -0.529959 0.562046 9.776177 -2.955346 -0.057344 0.054156
1378732760 -0.153320 0.401901 0.353374 -0.536954 0.563697 9.775701 -2.967724 -0.057513 0.054872
1398714427 0.113260 0.266334 0.362574 -0.549802 0.577295 9.774192 -2.906489 -0.058902 0.056191
1418696094 0.154581 0.202147 0.147079 -0.552821 0.589001 9.773324 -2.959016 -0.060098 0.056504
1438677760 0.200533 0.178144 -0.109196 -0.552821 0.589001 9.773324 -2.955667 -0.060098 0.056504
1458659323 0.375510 0.125463 -0.275985 -0.541237 0.581799 9.774403 -2.909086 -0.059362 0.055316
1478640885 0.443617 0.102868 -0.171377 -0.541237 0.581799 9.774403 -2.947328 -0.059362 0.055316
1498622448 0.336651 0.085790 -0.082756 -0.557058 0.578015 9.773739 -2.873135 -0.058975 0.056934
