0 0.039446 -0.256444 0.313527 -0.899971 1.572230 9.637870 -0.961718 -0.161018 0.093109
19981771 -0.104104 -0.222363 0.200026 -0.884958 1.551187 9.642669 -0.973885 -0.158844 0.091519
39963542 -0.196945 -0.108698 0.129474 -0.850993 1.529866 9.649130 -0.994455 -0.156643 0.087966
59945313 -0.214857 -0.018648 0.141739 -0.805470 1.512949 9.655703 -1.019928 -0.154897 0.083226
79927083 -0.135249 -0.067054 0.136026 -0.805470 1.512949 9.655703 -1.017558 -0.154897 0.083226
99908854 -0.252049 0.078002 0.130303 -0.759346 1.498105 9.661753 -1.009840 -0.153365 0.078432
119890573 -0.161406 0.089324 0.022128 -0.727838 1.495905 9.664517 -1.008904 -0.153138 0.075168
139872240 -0.030184 0.011907 -0.266134 -0.666521 1.500916 9.668163 -0.953186 -0.153655 0.068831
159853906 -0.328697 -0.121813 -0.241720 -0.619232 1.487114 9.673439 -0.949146 -0.152231 0.063926
179835573 -0.315103 -0.151868 -0.468151 -0.619232 1.487114 9.673439 -1.027290 -0.152231 0.063926
199817240 -0.059101 0.074148 -1.077860 -0.529060 1.471398 9.681191 -0.975316 -0.150610 0.054594
219798906 0.350594 0.556280 -1.002978 -0.400735 1.439316 9.692170 -0.934489 -0.147301 0.041323
239780573 -0.161612 0.535801 -0.422375 -0.249552 1.391775 9.704178 -0.955645 -0.142402 0.025710
259762240 -0.873338 0.709981 0.468313 -0.077372 1.274701 9.723144 -0.976063 -0.130352 0.007957
279743906 -1.264720 0.888611 1.504296 -0.077372 1.274701 9.723144 -0.920315 -0.130352 0.007957
299725573 -1.012566 0.369448 1.402696 0.040902 1.226401 9.729576 -0.962279 -0.125386 -0.004204
319707240 -1.650616 0.233681 0.762714 0.049122 1.234923 9.728460 -0.962640 -0.126262 -0.005049
339688906 -3.855945 0.755307 0.135128 0.049122 1.234923 9.728460 -0.908166 -0.126262 -0.005049
359670573 -6.093037 1.732826 0.845737 0.011378 1.225567 9.729761 -0.901385 -0.125301 -0.001169
379652240 -6.764330 1.117926 2.404861 -0.040425 1.202641 9.732545 -1.009543 -0.122945 0.004154
399634010 -8.598723 0.529651 1.593360 -0.030003 1.185595 9.734673 -1.006639 -0.121193 0.003082
419615781 -10.965165 0.062565 1.414218 -0.008507 1.178652 9.735559 -0.946563 -0.120480 0.000874
439597552 -12.663903 -1.334974 1.377040 0.005876 1.180218 9.735370 -0.996247 -0.120641 -0.000604
459579323 -14.557483 -2.565378 1.601437 0.053804 1.196030 9.733294 -1.018616 -0.122266 -0.005528
479561094 -15.789862 -4.105321 1.796379 0.071987 1.282900 9.722107 -0.993661 -0.131195 -0.007404
499542865 -17.031696 -5.664033 0.629114 0.071987 1.282900 9.722107 -1.053099 -0.131195 -0.007404
519524635 -17.855143 -6.373998 -0.141754 0.146261 1.377720 9.708289 -1.031720 -0.140955 -0.015064
539506406 -19.621117 -7.581710 -0.017232 0.253317 1.475151 9.691756 -1.019917 -0.150997 -0.026131
559488177 -23.396959 -10.027240 2.577724 0.256527 1.584638 9.674374 -1.172167 -0.162300 -0.026510
579469948 -22.758541 -15.193084 1.987800 0.198379 1.728607 9.651059 -1.264302 -0.177195 -0.020552
599451719 -20.495655 -20.509766 0.527604 0.148322 1.860911 9.627326 -1.406900 -0.190918 -0.015405
619433490 -20.010014 -25.619326 3.283611 0.110230 1.846129 9.630683 -1.545643 -0.189383 -0.011445
639415260 -19.013992 -31.416315 8.157958 0.147808 1.641484 9.667164 -1.697971 -0.168176 -0.015288
659397031 -12.955578 -38.767895 13.683064 0.015400 1.410205 9.704714 -2.088120 -0.144301 -0.001587
679378802 -6.917776 -42.954998 16.566528 0.015400 1.410205 9.704714 -2.207856 -0.144301 -0.001587
699360573 -4.033519 -42.319332 12.114479 -0.573631 2.119978 9.557565 -2.365449 -0.217898 0.059947
719342344 0.353336 -40.635548 7.171732 -0.784637 2.408728 9.473794 -2.487911 -0.248161 0.082633
739324115 7.386088 -39.635612 5.647791 -0.784637 2.408728 9.473794 -2.657681 -0.248161 0.082633
759305885 17.565123 -36.452122 7.106549 -1.025922 2.556915 9.411698 -2.755621 -0.263781 0.108576
779287656 31.040421 -30.938694 8.914649 -0.919070 2.579001 9.416711 -2.858280 -0.266115 0.097292
799269427 38.401661 -20.505989 2.939352 -0.417513 2.496257 9.474427 -2.895513 -0.257380 0.044039
819251198 35.829960 -9.889099 -4.396890 -0.417513 2.496257 9.474427 -2.900761 -0.257380 0.044039
839232969 29.853178 -2.577738 -2.526454 -0.161251 2.392689 9.508913 -2.847183 -0.246474 0.016956
859214740 24.481590 0.722944 1.099064 -0.396479 2.420295 9.495018 -2.781020 -0.249378 0.041732
879196510 18.169363 2.122644 4.263803 -0.796483 2.500914 9.448885 -2.867276 -0.257871 0.084095
899178281 12.450800 2.825296 4.180902 -1.010133 2.531193 9.420354 -2.766868 -0.261065 0.106821
919160052 7.497514 3.436507 2.060219 -1.052155 2.543162 9.412528 -2.757325 -0.262329 0.111320
939141823 4.925701 2.993006 0.710886 -1.056525 2.567137 9.405528 -2.814285 -0.264861 0.111861
959123594 2.823784 2.597073 0.206854 -0.981689 2.499687 9.431767 -2.756805 -0.257741 0.103710
979105365 0.595852 1.952438 0.849769 -0.892355 2.409756 9.463994 -2.750379 -0.248269 0.094011
999087135 -0.697831 0.932692 1.550815 -0.892355 2.409756 9.463994 -2.752648 -0.248269 0.094011
1019068906 -1.768514 -0.064105 1.066032 -0.726401 2.280332 9.510143 -2.676879 -0.234677 0.076234
1039050677 -1.780714 -0.701170 1.233797 -0.726401 2.280332 9.510143 -2.692019 -0.234677 0.076234
1059032448 -2.277916 -0.761668 1.061335 -0.679095 2.237081 9.523901 -2.679778 -0.230145 0.071184
1079014219 -3.557407 -0.158657 1.321739 -0.580935 2.230578 9.531916 -2.569014 -0.229464 0.060871
1098995990 -4.236957 -0.037303 0.335012 -0.473733 2.267568 9.529119 -2.621874 -0.233339 0.049673
1118977760 -3.549534 -0.253475 -1.118634 -0.473733 2.267568 9.529119 -2.594335 -0.233339 0.049673
1138959531 -2.898737 -0.322004 -0.867101 -0.378277 2.286528 9.528855 -2.597979 -0.235327 0.039677
1158941302 -2.492518 -0.224250 -0.262814 -0.296700 2.291471 9.530558 -2.626863 -0.235845 0.031121
1178923073 -2.360268 -0.063477 -0.649446 -0.195116 2.299615 9.531217 -2.611471 -0.236700 0.020468
1198904844 -1.762782 0.053044 -1.516265 0.019252 2.312567 9.530060 -2.590817 -0.238058 -0.002020
1218886615 -1.023950 0.137827 -1.776347 0.019252 2.312567 9.530060 -2.571139 -0.238058 -0.002020
1238868385 -0.455966 0.160320 -1.316972 0.057551 2.301378 9.532615 -2.597535 -0.236884 -0.006037
1258850156 -0.306271 0.315244 -0.783067 0.074545 2.272412 9.539443 -2.648005 -0.233847 -0.007814
1278831927 -0.283288 0.583575 -0.654247 0.097972 2.234673 9.548142 -2.572627 -0.229893 -0.010261
1298813698 -0.305315 0.645231 -0.984768 0.161084 2.145737 9.567667 -2.525019 -0.220589 -0.016835
1318795469 -0.243410 0.538823 -0.830700 0.176311 2.076128 9.582744 -2.564746 -0.213320 -0.018397
1338777240 -0.304182 0.464696 -0.302640 0.176311 2.076128 9.582744 -2.587265 -0.213320 -0.018397
1358759010 -0.584001 0.314845 0.007687 0.159526 1.944486 9.610616 -2.517741 -0.199605 -0.016597
1378740781 -0.598421 0.195764 0.237320 0.164479 1.874536 9.624419 -2.634253 -0.192333 -0.017088
1398722552 -0.406947 0.156655 0.345329 0.164479 1.874536 9.624419 -2.648495 -0.192333 -0.017088
1418704323 -0.038391 0.220610 0.374161 0.199096 1.791249 9.639615 -2.662299 -0.183688 -0.020651
1438686094 0.354772 0.246235 0.458815 0.238807 1.702967 9.654702 -2.658564 -0.174539 -0.024730
1458667865 0.252797 0.216685 0.926379 0.258123 1.619568 9.668545 -2.575657 -0.165910 -0.026691
1478649635 0.054780 0.213651 1.717544 0.246040 1.515519 9.685714 -2.620702 -0.155162 -0.025397
1498631406 0.319287 0.126331 1.202518 0.246040 1.515519 9.685714 -2.618818 -0.155162 -0.025397
