0 0.054585 -0.165837 -0.173548 -0.862304 1.876428 9.586753 -1.212751 -0.192530 0.089706
19980729 -0.101502 -0.038271 -0.478748 -0.868239 1.874064 9.586679 -1.266625 -0.192284 0.090321
39961458 -0.156579 0.037675 -0.422997 -0.852371 1.852986 9.592200 -1.287629 -0.190095 0.088628
59942187 -0.159394 0.201258 -0.461043 -0.818897 1.823124 9.600834 -1.220506 -0.186995 0.085088
79922916 0.182195 0.107859 -0.289243 -0.779520 1.785715 9.611136 -1.170342 -0.183114 0.080929
99903645 0.352777 -0.021884 -0.072886 -0.746002 1.745094 9.621253 -1.207531 -0.178903 0.077382
119884375 0.242145 0.165314 0.186712 -0.746002 1.745094 9.621253 -1.194337 -0.178903 0.077382
139865104 -0.000100 0.221684 0.195480 -0.704943 1.694266 9.633427 -1.212264 -0.173638 0.073047
159845833 -0.411556 0.266008 0.009463 -0.712649 1.670499 9.637010 -1.145612 -0.171178 0.073815
179826562 -0.432786 0.096881 -0.027575 -0.722720 1.635148 9.642322 -1.252583 -0.167521 0.074813
199807291 -0.620313 0.110561 0.274123 -0.696729 1.582591 9.652997 -1.205063 -0.162088 0.072053
219788020 -3.681701 1.852309 1.357480 -0.539837 1.539333 9.670027 -1.226893 -0.157620 0.055768
239768697 -7.077730 3.918541 0.347782 -0.539837 1.539333 9.670027 -1.199740 -0.157620 0.055768
259749322 -7.632062 3.229140 -2.141360 -0.293837 1.527296 9.682530 -1.245685 -0.156377 0.030338
279729947 -8.173829 1.611043 -1.762487 -0.138933 1.351920 9.712024 -1.366109 -0.138298 0.014304
299710572 -10.234509 0.915043 1.742293 -0.138933 1.351920 9.712024 -1.262697 -0.138298 0.014304
319691197 -12.295898 -0.115867 2.739471 -0.048951 1.087538 9.746037 -1.360031 -0.111127 0.005023
339671822 -13.764056 -1.299600 3.282068 -0.048951 1.087538 9.746037 -1.358807 -0.111127 0.005023
359652447 -14.966725 -2.535110 4.574439 0.142985 0.957044 9.758792 -1.443500 -0.097747 -0.014651
379633072 -16.159101 -3.991158 4.302399 0.142985 0.957044 9.758792 -1.444625 -0.097747 -0.014651
399613697 -17.215998 -5.434983 3.524250 0.445281 1.052622 9.739820 -1.530273 -0.107545 -0.045686
419594322 -19.118568 -6.846806 2.883901 0.634542 1.135449 9.720005 -1.605915 -0.116044 -0.065190
439574947 -21.851503 -8.305987 3.129510 0.818220 1.235011 9.694104 -1.595116 -0.126271 -0.084204
459555572 -24.106640 -9.968304 4.202971 1.039534 1.351060 9.657350 -1.745048 -0.138209 -0.107229
479536197 -27.958555 -12.492595 4.601968 1.039534 1.351060 9.657350 -2.061604 -0.138209 -0.107229
499516822 -32.961781 -17.574694 4.353298 1.321296 1.443520 9.609412 -2.206259 -0.147735 -0.136643
519497447 -32.930847 -27.584497 2.099136 1.753393 1.445858 9.539680 -2.451723 -0.147976 -0.181771
539478072 -27.391932 -36.938412 4.800752 2.304155 1.188524 9.457730 -2.588473 -0.121494 -0.238971
559458697 -22.015800 -41.575947 5.374523 3.582345 0.308808 9.123695 -2.593538 -0.031495 -0.374147
579439322 -17.101938 -41.622173 3.409125 3.582345 0.308808 9.123695 -2.736242 -0.031495 -0.374147
599419947 -12.791355 -40.915531 2.360438 3.168048 0.192429 9.278838 -2.849749 -0.019624 -0.329017
619400572 -8.421646 -40.916882 3.314089 2.399326 0.354248 9.502007 -2.935581 -0.036131 -0.247337
639381250 -6.831316 -39.803112 4.727895 1.486134 0.563797 9.676978 -3.104478 -0.057523 -0.152384
659361979 -3.347260 -39.577778 6.725963 1.486134 0.563797 9.676978 -3.085066 -0.057523 -0.152384
679342708 5.264188 -39.882698 7.666362 0.756426 0.707936 9.751770 3.039093 -0.072252 -0.077413
699323437 16.806396 -36.448540 4.394749 0.344899 0.817679 9.766414 2.979222 -0.083477 -0.035300
719304166 25.522789 -29.266798 -0.763831 -0.366150 1.284252 9.715298 2.824987 -0.131335 0.037670
739284895 26.826986 -20.451496 -4.009900 -0.366150 1.284252 9.715298 3.032794 -0.131335 0.037670
759265625 23.630703 -12.666116 -2.108419 -0.752768 1.372248 9.680943 3.041136 -0.140391 0.077602
779246354 20.542971 -6.948857 2.336931 -1.304600 1.095214 9.657583 2.915154 -0.111914 0.134273
799227083 17.521864 -2.909908 4.898242 -1.304600 1.095214 9.657583 2.964939 -0.111914 0.134273
819207812 14.952185 -0.516469 4.822396 -1.550141 0.911221 9.640390 2.997256 -0.093053 0.159432
839188541 12.327682 -0.600404 3.638201 -1.550141 0.911221 9.640390 2.922970 -0.093053 0.159432
859169270 10.705691 -1.424505 3.886104 -1.453720 0.587723 9.680479 3.071552 -0.059967 0.149056
879150000 6.679001 -0.301677 5.693110 -1.453720 0.587723 9.680479 2.978974 -0.059967 0.149056
899130729 2.517717 0.870876 5.451500 -1.413226 0.468406 9.692976 3.017819 -0.047782 0.144779
919111458 -0.091131 0.917858 4.094057 -1.382006 0.441326 9.698747 3.022541 -0.045018 0.141540
939092187 -0.658772 1.252428 3.833403 -1.172510 0.409345 9.727695 3.139658 -0.041754 0.119955
959072916 -1.123698 0.904764 3.848104 -1.172510 0.409345 9.727695 3.104317 -0.041754 0.119955
979053645 -1.167354 0.008788 2.484609 -0.788862 0.481670 9.762995 -3.126761 -0.049136 0.080626
999034375 -1.362805 -0.356859 1.125093 -0.788862 0.481670 9.762995 3.059638 -0.049136 0.080626
1019015104 -1.478506 0.169766 1.003979 -0.664783 0.561106 9.767988 3.110591 -0.057248 0.067953
1038995833 -2.195771 0.209403 0.588569 -0.592867 0.663712 9.766186 -3.067150 -0.067732 0.060632
1058976562 -2.195453 0.193443 -0.115779 -0.559879 0.791476 9.758611 -3.098375 -0.080796 0.057310
1078957291 -1.770641 0.364880 -0.500969 -0.597740 1.062786 9.730549 -3.120070 -0.108587 0.061352
1098938020 -1.923220 0.334900 -0.086548 -0.597740 1.062786 9.730549 -2.979318 -0.108587 0.061352
1118918750 -2.051380 0.247630 -0.374981 -0.616833 1.336134 9.695600 -3.025514 -0.136673 0.063534
1138899479 -1.833354 0.389789 -0.522971 -0.616833 1.336134 9.695600 -3.057974 -0.136673 0.063534
1158880208 -1.361303 0.249979 -1.059264 -0.577919 1.462498 9.679747 -3.015304 -0.149692 0.059633
1178860937 -1.186165 0.182927 -1.298044 -0.525202 1.677633 9.647802 -3.069951 -0.171917 0.054384
1198841562 -1.072974 0.181424 -1.590785 -0.525202 1.677633 9.647802 -3.069951 -0.171917 0.054384
1218822187 -0.805371 0.309491 -1.534681 -0.601787 1.844567 9.612795 -2.925256 -0.189221 0.062521
1238802812 -0.750197 0.427955 -1.212256 -0.621794 1.881219 9.604414 -3.026748 -0.193027 0.064650
1258783437 -0.593438 0.337844 -0.923849 -0.621794 1.881219 9.604414 -3.026748 -0.193027 0.064650
1278764062 -0.468779 0.299094 -0.495868 -0.589047 1.899053 9.602969 -3.067774 -0.194881 0.061263
1298744687 -0.560807 0.472425 -0.522114 -0.568533 1.908367 9.602359 -3.063166 -0.195849 0.059139
1318725312 -0.628826 0.627830 -0.419608 -0.552931 1.916283 9.601693 -2.978981 -0.196672 0.057523
1338705937 -0.445175 0.514504 -0.271132 -0.552931 1.916283 9.601693 -2.978981 -0.196672 0.057523
1358686562 -0.293512 0.378680 -0.394141 -0.527634 1.919632 9.602448 -3.007121 -0.197020 0.054893
1378667187 -0.298185 0.388615 -0.599944 -0.477231 1.909525 9.607100 -3.022237 -0.195969 0.049634
1398647812 -0.201762 0.396155 -0.460011 -0.480394 1.904621 9.607915 -3.021688 -0.195459 0.049958
1418628437 -0.209541 0.399946 -0.283376 -0.501917 1.903380 9.607060 -3.003742 -0.195331 0.052197
1438609062 -0.145037 0.256571 0.040892 -0.511527 1.907828 9.605672 -3.037431 -0.195793 0.053202
1458589687 -0.075504 0.019787 0.113029 -0.511561 1.912238 9.604793 -2.970901 -0.196251 0.053211
1478570312 -0.095945 -0.068093 0.277002 -0.515088 1.923469 9.602361 -2.970679 -0.197419 0.053590
1498550937 -0.193431 -0.013027 0.310877 -0.532917 1.940352 9.597990 -2.974165 -0.199175 0.055467
