0 -0.111919 0.028050 -0.181375 0.094205 0.250378 9.803000 -2.796235 -0.025534 -0.009610
19978906 0.057814 -0.142157 0.047627 0.072527 0.239494 9.803457 -2.759333 -0.024424 -0.007398
39957812 0.178325 -0.191203 0.290123 0.021565 0.217627 9.804212 -2.759820 -0.022194 -0.002200
59936719 0.288089 -0.130620 0.627178 0.006586 0.200877 9.804589 -2.821888 -0.020485 -0.000672
79915625 0.193735 -0.030775 0.328652 0.006586 0.200877 9.804589 -2.739030 -0.020485 -0.000672
99894531 0.030487 0.029761 -0.131421 0.029857 0.217937 9.804183 -2.746295 -0.022225 -0.003045
119873437 0.020791 0.053285 -0.266152 0.029857 0.217937 9.804183 -2.713773 -0.022225 -0.003045
139852344 0.119010 0.047082 -0.160369 0.000686 0.213697 9.804321 -2.781902 -0.021793 -0.000070
159831250 0.091602 -0.041743 0.280081 -0.037311 0.178613 9.804952 -2.699782 -0.018214 0.003805
179810156 0.296048 -0.160659 0.641344 -0.030761 0.177334 9.804998 -2.718518 -0.018084 0.003137
199789062 0.667165 -0.211907 0.620205 -0.030761 0.177334 9.804998 -2.831531 -0.018084 0.003137
219767969 2.394379 -0.161062 0.865794 0.110360 0.201569 9.803957 -2.689534 -0.020556 -0.011256
239746927 5.282267 -0.356958 1.646562 0.286118 0.225118 9.799890 -2.727350 -0.022958 -0.029188
259725885 9.052126 -0.952919 2.459355 0.441472 0.299416 9.792130 -2.708550 -0.030537 -0.045054
279704844 13.172254 -1.480520 3.086348 0.441472 0.299416 9.792130 -2.728036 -0.030537 -0.045054
299683802 16.246948 -2.852050 2.316059 0.759873 0.643209 9.755986 -2.524433 -0.065636 -0.077731
319662760 19.786951 -4.503161 1.280602 0.875175 0.862495 9.729365 -2.539101 -0.088064 -0.089710
339641719 23.331413 -6.494528 -0.533861 0.779348 1.034218 9.720773 -2.474062 -0.105657 -0.080002
359620677 25.177958 -9.212208 -1.594160 0.440088 1.094249 9.735467 -2.334235 -0.111815 -0.045174
379599635 26.931786 -13.894819 -0.222391 0.440088 1.094249 9.735467 -2.223740 -0.111815 -0.045174
399578594 28.239479 -21.930164 3.123920 -0.095872 0.880348 9.766585 -2.173498 -0.089892 0.009816
419557552 23.061878 -31.155706 11.033434 -0.019950 0.971357 9.758404 -2.038655 -0.099214 0.002044
439536510 14.705587 -35.097416 13.310182 0.158291 1.411789 9.703205 -1.923582 -0.144464 -0.016312
459515469 15.829153 -36.465034 4.419719 0.213566 1.780302 9.641333 -1.771508 -0.182553 -0.022147
479494427 17.277939 -37.638992 -2.409861 0.265678 1.798581 9.636644 -1.699324 -0.184448 -0.027563
499473385 15.009287 -39.421432 3.560898 0.265678 1.798581 9.636644 -1.591559 -0.184448 -0.027563
519452344 11.807568 -41.662785 5.831923 0.355622 1.748868 9.642892 -1.392998 -0.179294 -0.036862
539431302 6.841289 -42.845108 4.548852 0.142864 1.552337 9.681954 -1.297856 -0.158963 -0.014755
559410260 2.950685 -42.859558 3.982489 0.142864 1.552337 9.681954 -1.199613 -0.158963 -0.014755
579389219 -3.455649 -40.994125 3.627275 -0.176427 1.389793 9.706067 -1.147265 -0.142198 0.018175
599368177 -9.916084 -36.545483 2.335392 -0.625238 1.188975 9.714206 -1.130306 -0.121541 0.064275
619347135 -16.353373 -31.950363 0.917641 -0.625238 1.188975 9.714206 -0.970607 -0.121541 0.064275
639326094 -23.677683 -25.479637 -1.051834 -0.545203 1.243443 9.712209 -0.935989 -0.127138 0.056077
659305052 -26.601696 -18.352095 -3.045608 -0.308706 1.345438 9.709011 -0.938990 -0.137631 0.031785
679284010 -25.216236 -12.877641 -2.316718 -0.078381 1.409523 9.704509 -0.893544 -0.144231 0.008077
699262969 -21.525053 -8.879939 -0.746610 0.492392 1.473977 9.682734 -0.936516 -0.150876 -0.050809
719241927 -16.390270 -6.199229 0.145152 0.492392 1.473977 9.682734 -0.933042 -0.150876 -0.050809
739220885 -10.857763 -4.252234 0.307186 1.410701 1.566293 9.577423 -0.940896 -0.160404 -0.146243
759199844 -6.782789 -1.867328 -0.118744 1.410701 1.566293 9.577423 -0.865812 -0.160404 -0.146243
779178802 -4.210704 0.020758 0.454529 2.272209 1.489935 9.422714 -1.045052 -0.152522 -0.236624
799157760 -2.315476 0.592928 1.343606 2.272209 1.489935 9.422714 -0.963457 -0.152522 -0.236624
819136719 -0.696540 0.453111 1.583083 2.376665 1.398586 9.410941 -0.980315 -0.143104 -0.247370
839115677 -0.279179 0.334334 1.772471 2.018747 1.165170 9.525620 -1.057541 -0.119096 -0.208838
859094635 -0.459547 0.346217 1.889922 1.779423 1.038956 9.587732 -1.072986 -0.106143 -0.183506
879073594 -0.572846 0.432046 2.167814 1.589379 0.940147 9.631220 -1.089301 -0.096016 -0.163550
899052552 0.213486 0.281271 2.137715 1.464469 0.887498 9.655987 -0.995546 -0.090624 -0.150517
919031510 0.935578 0.333857 1.638953 1.464469 0.887498 9.655987 -1.066090 -0.090624 -0.150517
939010469 1.016159 0.441825 1.071671 1.395952 0.876998 9.667088 -1.009749 -0.089549 -0.143411
958989427 1.166506 0.546102 0.608541 1.398358 0.928365 9.661942 -1.155051 -0.094809 -0.143730
978968385 1.540219 0.767198 0.330835 1.398358 0.928365 9.661942 -1.098431 -0.094809 -0.143730
998947344 2.088722 0.680874 -0.324949 1.400354 1.015380 9.652896 -1.150571 -0.103726 -0.144066
1018926250 2.452881 0.600416 -0.994802 1.312734 1.019574 9.664761 -1.088871 -0.104156 -0.135001
1038905156 2.559641 0.669105 -0.870560 1.312734 1.019574 9.664761 -1.179942 -0.104156 -0.135001
1058884062 2.692596 0.478789 -0.095829 1.199198 0.993729 9.682191 -1.113878 -0.101506 -0.123229
1078862969 2.316869 0.403667 0.267414 0.991794 1.000183 9.704967 -1.193847 -0.102168 -0.101841
1098841875 1.556655 0.407047 -0.072541 0.911945 1.035779 9.709063 -1.161751 -0.105817 -0.093652
1118820781 0.890815 0.418275 -0.725051 0.911945 1.035779 9.709063 -1.131150 -0.105817 -0.093652
1138799687 0.216289 0.568046 -1.151120 0.759950 1.072858 9.718119 -1.158273 -0.109621 -0.078040
1158778594 -0.365296 0.666747 -1.174088 0.759950 1.072858 9.718119 -1.169816 -0.109621 -0.078040
1178757500 -0.496000 0.650171 -0.707372 0.685608 1.068270 9.724153 -1.151389 -0.109150 -0.070389
1198736406 0.024752 0.432933 -0.534187 0.711766 1.080017 9.720974 -1.173963 -0.110355 -0.073089
1218715312 0.461255 0.362162 -0.788499 0.794789 1.074397 9.715162 -1.108219 -0.109778 -0.081627
1238694219 0.096132 0.337401 -0.952202 0.794789 1.074397 9.715162 -1.090801 -0.109778 -0.081627
1258673125 -0.237126 0.174121 -0.082738 0.904048 1.026706 9.710766 -1.139522 -0.104887 -0.092830
1278652031 -0.155010 -0.009386 0.854634 0.985274 0.968320 9.708861 -1.196084 -0.098902 -0.101136
1298630937 -0.163908 -0.053898 0.987432 0.948682 0.916444 9.717537 -1.141936 -0.093588 -0.097317
1318609844 -0.170362 -0.103128 0.606900 0.881545 0.888138 9.726482 -1.186869 -0.090689 -0.090387
1338588750 -0.223604 -0.049937 0.767616 0.881545 0.888138 9.726482 -1.166419 -0.090689 -0.090387
1358567656 -0.322813 0.023087 1.289693 0.818129 0.857927 9.734733 -1.161590 -0.087596 -0.083845
1378546562 -0.297922 0.023731 1.638715 0.760761 0.898788 9.735698 -1.208445 -0.091780 -0.077983
1398525469 -0.358421 -0.013468 1.251062 0.763345 0.965445 9.729111 -1.195511 -0.098608 -0.078300
1418504375 -0.399995 0.042479 0.671023 0.763345 0.965445 9.729111 -1.168458 -0.098608 -0.078300
1438483281 -0.412863 0.006850 0.341666 0.771281 1.035052 9.721326 -1.183963 -0.105743 -0.079173
1458462187 -0.233688 0.001716 0.313405 0.791967 1.149472 9.706796 -1.184911 -0.117484 -0.081409
1478441094 0.177414 0.037370 0.356441 0.791967 1.149472 9.706796 -1.226628 -0.117484 -0.081409
1498420000 0.476167 0.155582 0.322701 0.797631 1.200773 9.700120 -1.205101 -0.122753 -0.082044
