0 0.207896 -0.291893 0.130381 0.029860 -0.820344 9.772232 -2.143919 0.083750 -0.003056
19979218 0.614210 -0.147446 -0.249466 0.029860 -0.820344 9.772232 -2.200375 0.083750 -0.003056
39958437 0.914854 0.046236 -0.430008 0.061597 -0.834976 9.770844 -2.133559 0.085247 -0.006304
59937656 0.865183 0.128662 -0.238106 0.061597 -0.834976 9.770844 -2.121898 0.085247 -0.006304
79916875 0.751173 0.093703 0.090708 0.096884 -0.864509 9.767989 -2.045907 0.088270 -0.009918
99896093 1.441268 0.253249 0.107439 0.096884 -0.864509 9.767989 -2.115778 0.088270 -0.009918
119875312 3.237862 0.499458 0.107761 0.160594 -0.877380 9.766002 -2.164799 0.089588 -0.016443
139854531 5.011682 0.905143 0.733414 0.188834 -0.836120 9.769115 -2.090214 0.085364 -0.019327
159833750 5.874604 0.716514 1.303382 0.188834 -0.836120 9.769115 -2.148675 0.085364 -0.019327
179812968 6.174362 0.087650 0.731388 0.251998 -0.720687 9.776886 -2.127457 0.073556 -0.025769
199792187 6.992742 -0.716830 -0.864205 0.353213 -0.508476 9.787087 -2.052242 0.051873 -0.036074
219771406 9.762141 -1.741405 -0.301349 0.269474 -0.514087 9.789457 -2.060391 0.052446 -0.027520
239750625 13.999443 -3.311742 4.012011 0.269474 -0.514087 9.789457 -2.042762 0.052446 -0.027520
259729843 23.436138 -6.174608 7.227817 0.179309 -0.167592 9.803577 -1.960819 0.017091 -0.018288
279709062 33.042072 -10.727005 5.522602 0.110594 0.155127 9.804800 -1.938830 -0.015819 -0.011279
299688281 32.404049 -17.099279 3.387913 -0.209639 0.437379 9.794649 -1.846161 -0.044615 0.021400
319667500 27.560266 -22.266184 5.136104 -0.763576 0.765154 9.746891 -1.794657 -0.078103 0.078181
339646718 31.195873 -28.928173 7.280671 -1.186084 1.171549 9.663905 -1.645821 -0.119751 0.122123
359625937 29.201300 -38.067142 8.923030 -1.186084 1.171549 9.663905 -1.592888 -0.119751 0.122123
379605156 20.748037 -47.121063 5.554119 -1.258693 1.608539 9.591595 -1.433021 -0.164770 0.130483
399584375 10.868673 -51.583946 5.423107 -1.060394 1.763906 9.588252 -1.263398 -0.180853 0.110145
419563593 8.616456 -54.158756 14.654118 -0.708253 1.603210 9.648755 -1.179413 -0.164219 0.073272
439542812 1.254235 -55.309139 18.236639 -0.708253 1.603210 9.648755 -1.093933 -0.164219 0.073272
459522031 -5.781723 -53.079838 10.121053 -0.617037 1.904039 9.600224 -0.891469 -0.195399 0.064185
479501250 -10.487020 -48.292496 6.307508 -0.617037 1.904039 9.600224 -0.787121 -0.195399 0.064185
499480468 -16.095354 -42.333687 4.836073 -1.259537 1.923660 9.533283 -0.560270 -0.197439 0.131359
519459687 -21.264420 -33.805332 1.890857 -1.569165 1.988790 9.473797 -0.414629 -0.204217 0.164142
539438906 -22.477341 -25.719376 -1.613810 -1.569165 1.988790 9.473797 -0.297898 -0.204217 0.164142
559418125 -23.784208 -18.752422 -5.507351 -1.962178 2.071199 9.382450 -0.133134 -0.212806 0.206161
579397343 -24.658537 -13.315870 -7.702316 -2.564754 2.117940 9.225332 0.076487 -0.217685 0.271164
599376562 -23.373705 -9.958591 -7.697479 -3.173973 2.131446 9.030683 0.242277 -0.219096 0.337980
619355781 -20.725296 -8.596312 -8.273527 -3.544619 2.128729 8.892388 0.391224 -0.218812 0.379310
639335000 -18.076050 -8.004268 -8.393188 -3.747930 2.113992 8.812176 0.727592 -0.217273 0.402135
659314218 -15.928808 -7.353730 -7.800304 -3.796703 2.084254 8.798369 0.653677 -0.214168 0.407383
679293437 -12.867473 -6.799433 -7.473614 -3.684727 2.038987 8.856393 0.678637 -0.209447 0.394268
699272656 -9.255934 -6.161481 -6.237837 -3.193990 1.780772 9.099322 0.644340 -0.182601 0.337578
719251875 -6.054836 -5.603427 -4.008825 -3.193990 1.780772 9.099322 0.551748 -0.182601 0.337578
739231093 -3.028203 -4.845370 -1.872572 -2.625927 1.434430 9.339021 0.406330 -0.146798 0.274101
759210312 0.491523 -3.923935 -0.256231 -2.625927 1.434430 9.339021 0.409079 -0.146798 0.274101
779189531 2.584879 -2.675694 0.579271 -2.367442 1.274688 9.430842 0.403430 -0.130351 0.245950
799168750 2.361573 -1.626054 1.263566 -2.210086 1.033295 9.498326 0.273389 -0.105563 0.228614
819147968 2.536652 -1.224855 1.854075 -2.206529 0.964554 9.506380 0.189149 -0.098516 0.228072
839127239 2.322671 -0.980939 1.679849 -2.206529 0.964554 9.506380 0.117997 -0.098516 0.228072
859106510 1.319444 -0.648718 1.562469 -2.134319 0.897786 9.529378 -0.013651 -0.091677 0.220336
879085781 0.889292 -0.255171 1.576485 -2.029948 0.891495 9.552745 -0.061259 -0.091033 0.209384
899065052 2.192345 -0.245034 1.701211 -1.934587 0.905192 9.571226 -0.149124 -0.092435 0.199438
919044323 3.512155 -0.272281 1.880595 -1.856696 0.942646 9.583032 -0.270253 -0.096272 0.191377
939023593 3.343352 0.140123 1.269684 -1.790670 0.976523 9.592199 -0.303804 -0.099743 0.184556
959002864 2.317779 0.423188 0.863149 -1.740499 1.000569 9.598954 -0.352399 -0.102207 0.179373
978982135 1.568967 0.405074 1.089598 -1.740499 1.000569 9.598954 -0.305822 -0.102207 0.179373
998961406 1.328243 0.411498 1.207658 -1.693819 1.038549 9.603270 -0.384749 -0.106102 0.174584
1018940677 2.033685 0.043311 0.711972 -1.529728 1.134055 9.619991 -0.420430 -0.115901 0.157695
1038919948 1.750189 -0.131070 0.494965 -1.434955 1.170430 9.630233 -0.473886 -0.119636 0.147917
1058899218 0.260721 -0.064504 0.625537 -1.326543 1.210059 9.640873 -0.494125 -0.123707 0.136737
1078878489 -0.238258 -0.309972 0.551084 -1.241600 1.260192 9.645762 -0.477052 -0.128860 0.128016
1098857760 0.205759 -0.815634 0.167500 -1.190683 1.307240 9.645921 -0.546012 -0.133699 0.122818
1118837031 1.102787 -1.173789 0.013151 -1.190683 1.307240 9.645921 -0.494291 -0.133699 0.122818
1138816302 1.112227 -0.987053 0.111527 -1.048922 1.350833 9.656365 -0.611860 -0.138186 0.108201
1158795573 0.158312 -0.770414 0.636045 -0.905121 1.383913 9.666227 -0.653774 -0.141592 0.093365
1178774843 -0.542897 -1.021788 1.272429 -0.905121 1.383913 9.666227 -0.688197 -0.141592 0.093365
1198754114 -0.643264 -1.413657 1.299304 -0.750034 1.474091 9.666173 -0.559493 -0.150887 0.077439
1218733385 -0.854728 -2.138438 0.373619 -0.660510 1.764154 9.624026 -0.669390 -0.180878 0.068524
1238712656 -1.303454 -2.049256 -0.438210 -0.652580 1.840632 9.610234 -0.710479 -0.188812 0.067801
1258691927 -0.931363 -1.902200 -0.431635 -0.665966 1.877342 9.602212 -0.714991 -0.192625 0.069245
1278671198 -0.390610 -1.749440 -0.537885 -0.714924 1.883667 9.597451 -0.826099 -0.193282 0.074354
1298650468 -0.681896 -1.319946 -0.383336 -0.714924 1.883667 9.597451 -0.815991 -0.193282 0.074354
1318629739 -0.838338 -1.230742 0.429740 -0.742403 1.838288 9.604162 -0.828012 -0.188569 0.077147
1338609010 -0.754611 -1.453651 1.135739 -0.742403 1.838288 9.604162 -0.892785 -0.188569 0.077147
1358588281 -0.804315 -1.894249 1.204805 -0.690177 1.840021 9.607724 -0.966805 -0.188749 0.071712
1378567552 -0.682449 -2.194019 1.127833 -0.584545 1.858713 9.611133 -1.075463 -0.190690 0.060745
1398546823 -0.400680 -2.393437 0.526098 -0.458419 1.885447 9.612769 -0.966855 -0.193467 0.047652
1418526093 -0.157648 -2.553689 -0.371284 -0.520395 1.876725 9.611320 -1.007276 -0.192560 0.054091
1438505364 0.511710 -2.746947 -1.068538 -0.657492 1.776398 9.621981 -1.121389 -0.182148 0.068226
1458484635 0.829880 -2.850291 -0.922123 -0.783399 1.612773 9.641350 -1.135030 -0.165208 0.081076
1478463906 -0.127092 -2.864769 0.499138 -0.848777 1.445024 9.662395 -1.217345 -0.147890 0.087618
1498443177 -0.629505 -3.434817 1.787653 -0.878419 1.335426 9.675507 -1.173553 -0.136600 0.090540
