0 0.278132 -0.142771 -0.015200 -0.689057 1.015333 9.729578 -1.102025 -0.103721 0.070703
19981459 0.167175 -0.141197 -0.679347 -0.665586 1.023079 9.730401 -1.103200 -0.104515 0.068296
39962917 0.009667 -0.025255 -0.422435 -0.627249 0.994621 9.735896 -1.071666 -0.101598 0.064338
59944375 0.097116 0.072959 0.377618 -0.518849 0.898167 9.751639 -1.120782 -0.091716 0.053156
79925834 0.232635 0.020267 0.521573 -0.518849 0.898167 9.751639 -1.120782 -0.091716 0.053156
99907292 0.397159 -0.170776 0.024389 -0.489170 0.905737 9.752473 -1.192985 -0.092491 0.050117
119888750 0.379843 -0.172469 -0.197515 -0.491467 0.905773 9.752355 -1.192754 -0.092495 0.050352
139870209 0.230364 -0.012090 -0.152149 -0.488323 0.896623 9.753359 -1.136134 -0.091558 0.050025
159851667 0.161616 0.017783 -0.053482 -0.484263 0.880951 9.754989 -1.157182 -0.089953 0.049602
179833125 0.110427 0.004311 0.181306 -0.485503 0.867222 9.756157 -1.167222 -0.088548 0.049723
199814584 0.174172 -0.001860 0.423611 -0.485503 0.867222 9.756157 -1.071698 -0.088548 0.049723
219796042 0.182845 -0.095157 0.053809 -0.483831 0.869793 9.756012 -1.071365 -0.088811 0.049553
239777500 0.248654 -0.064818 -0.300220 -0.477948 0.876890 9.755666 -1.110078 -0.089538 0.048953
259758959 0.083793 0.008016 -0.150696 -0.467402 0.873809 9.756454 -1.169177 -0.089222 0.047870
279740417 0.060243 0.055125 0.037955 -0.446391 0.844591 9.760010 -1.100188 -0.086231 0.045705
299721875 0.039400 -0.100447 0.041922 -0.456874 0.841909 9.759756 -1.099499 -0.085957 0.046778
319703334 -0.257591 -0.427598 -0.386465 -0.521385 0.842091 9.756507 -1.185579 -0.085975 0.053389
339684792 -0.405994 -0.638125 -0.502489 -0.679818 0.843411 9.746634 -1.165242 -0.086110 0.069636
359666250 -0.356850 -0.406341 0.522908 -0.679818 0.843411 9.746634 -1.186942 -0.086110 0.069636
379647709 -0.808381 -0.417761 0.785726 -1.114871 0.961678 9.695495 -1.115428 -0.098222 0.114486
399629167 -2.383743 -0.361470 0.450656 -1.301656 1.058156 9.662110 -1.143637 -0.108112 0.133911
419610625 -4.675666 0.067168 0.256817 -1.355513 1.121525 9.647547 -1.108475 -0.114614 0.139590
439592084 -6.160833 0.297101 -0.588538 -1.355513 1.121525 9.647547 -1.108475 -0.114614 0.139590
459573542 -7.111165 -0.082328 -0.852359 -0.991080 0.965661 9.708534 -1.108720 -0.098630 0.101731
479555000 -8.602052 -0.357148 0.282489 -0.991080 0.965661 9.708534 -1.108720 -0.098630 0.101731
499536459 -11.004174 -0.208320 1.154410 -0.801089 0.856750 9.736253 -1.137420 -0.087476 0.082094
519517917 -12.890731 -0.493555 0.860515 -0.717657 0.845795 9.743714 -1.147053 -0.086354 0.073521
539499375 -13.568753 -2.434983 0.263252 -0.571131 0.899777 9.748569 -1.179972 -0.091881 0.058519
559480834 -15.132837 -5.124360 1.090914 -0.571131 0.899777 9.748569 -1.157750 -0.091881 0.058519
579462292 -16.852261 -8.337216 2.691378 -0.495205 0.898399 9.752848 -1.191186 -0.091740 0.050732
599443750 -16.254776 -10.238052 7.330700 -0.519429 0.904976 9.750978 -1.233417 -0.092413 0.053219
619425209 -15.826738 -11.087442 8.611015 -0.603575 1.038932 9.732765 -1.284122 -0.106141 0.061935
639406667 -17.872316 -11.343735 4.244486 -0.815613 1.435186 9.666717 -1.313760 -0.146876 0.084174
659388125 -20.001305 -12.486239 1.227095 -1.195618 1.975528 9.530907 -1.443186 -0.202836 0.124794
679369584 -21.132435 -17.246496 1.176510 -1.499675 2.435313 9.380331 -1.521121 -0.250959 0.158533
699351042 -19.919069 -25.633734 2.550192 -1.490006 2.685135 9.313448 -1.718125 -0.277350 0.158640
719332448 -15.354142 -33.966499 2.787508 -0.587765 2.631167 9.428779 -1.938565 -0.271632 0.062257
739313802 -8.601395 -40.074532 5.051695 -0.280560 2.563252 9.461576 -2.144332 -0.264451 0.029644
759295156 -1.986284 -42.330246 8.134385 -0.280560 2.563252 9.461576 -2.360648 -0.264451 0.029644
779276511 1.387828 -40.115566 7.369494 -0.296992 2.655573 9.435576 -2.673133 -0.274217 0.031465
799257865 4.880873 -37.106670 7.190148 -0.474987 2.805280 9.384839 -2.865910 -0.290111 0.050569
819239219 8.929482 -33.110497 7.847185 -0.589260 2.863354 9.360788 -3.036763 -0.296297 0.062867
839220573 14.407663 -28.981133 7.378104 -0.519254 2.825382 9.376459 3.073228 -0.292251 0.055322
859201927 17.836220 -23.839113 6.623598 -0.350940 2.750603 9.406456 2.893682 -0.284298 0.037291
879183281 20.535152 -18.270863 4.586693 -0.350940 2.750603 9.406456 2.893682 -0.284298 0.037291
899164636 21.920120 -13.043832 2.013392 -0.227461 2.753912 9.409284 2.733299 -0.284649 0.024169
919145990 22.238949 -8.506504 -0.898560 0.478581 2.559410 9.454669 2.606870 -0.264045 -0.050575
939127344 20.942255 -4.546950 -2.666217 0.807923 2.407013 9.472272 2.512244 -0.247981 -0.085088
959108698 19.648844 -2.342129 -3.194448 0.807923 2.407013 9.472272 2.512244 -0.247981 -0.085088
979090052 17.825916 -1.690747 -1.094703 1.033133 2.227896 9.494183 2.675102 -0.229183 -0.108391
999071406 15.015733 -1.476015 0.160713 1.200541 2.052072 9.514099 2.773349 -0.210811 -0.125522
1019052761 11.495481 -1.531439 -0.428483 1.359885 1.900522 9.524134 2.852880 -0.195033 -0.141824
1039034115 8.122870 -1.394517 0.482578 1.505846 1.722405 9.536044 2.817469 -0.176552 -0.156618
1059015469 5.605518 -1.312998 1.628408 1.634839 1.518691 9.549411 2.794717 -0.155489 -0.169554
1078996875 3.492648 -1.157136 2.328950 1.772611 1.324900 9.553683 2.789662 -0.135517 -0.183456
1098978334 0.996400 -1.265820 1.851378 1.941912 1.170559 9.540920 2.829649 -0.119649 -0.200792
1118959792 -0.928873 -1.578898 0.298738 2.273131 0.956219 9.491518 2.900785 -0.097662 -0.235063
1138941250 -0.996782 -1.485456 -0.247946 2.273131 0.956219 9.491518 2.900785 -0.097662 -0.235063
1158922709 -0.061003 -1.699947 1.231516 2.539162 0.626237 9.451501 3.096463 -0.063902 -0.262455
1178904167 -0.004006 -1.607934 2.418149 2.695905 0.509373 9.415043 2.946457 -0.051965 -0.278878
1198885625 -0.496409 -0.941296 2.684631 2.695905 0.509373 9.415043 2.946457 -0.051965 -0.278878
1218867084 -1.509112 -0.078899 1.715316 2.862775 0.576145 9.361782 3.069190 -0.058784 -0.296764
1238848542 -2.645141 0.753923 0.700505 2.824304 0.686998 9.365988 3.058980 -0.070112 -0.292877
1258830000 -2.740098 1.053464 0.238686 2.824304 0.686998 9.365988 -3.054533 -0.070112 -0.292877
1278811459 -2.411372 1.059651 0.242141 2.760523 0.782430 9.377511 3.098837 -0.079871 -0.286290
1298792917 -2.682534 1.080114 0.520032 2.713992 0.847186 9.385463 -3.139937 -0.086497 -0.281491
1318774375 -2.962418 1.097237 0.391054 2.687768 0.894844 9.388586 -3.060082 -0.091376 -0.278823
1338755834 -2.448910 1.020028 0.120132 2.648682 0.946010 9.394676 3.102460 -0.096616 -0.274802
1358737292 -1.789145 0.679611 0.584579 2.574965 1.003068 9.409240 -3.109151 -0.102464 -0.267123
1378718750 -1.261975 0.373618 0.151301 2.514974 1.066859 9.418445 -3.124648 -0.109005 -0.260938
1398700209 -0.921585 0.305211 -0.471845 2.427467 1.205091 9.424730 -3.132378 -0.123196 -0.252084
1418681667 -0.816804 0.275733 -0.890230 2.427467 1.205091 9.424730 -3.107289 -0.123196 -0.252084
1438663125 -0.635506 0.300596 -0.749757 2.363268 1.260364 9.433813 -3.139480 -0.128878 -0.245459
1458644584 -0.133618 0.199369 -0.409866 2.214812 1.327048 9.460652 -3.056893 -0.135738 -0.229966
1478626042 0.445498 0.063686 -0.361198 2.214812 1.327048 9.460652 -3.136574 -0.135738 -0.229966
1498607500 0.692534 0.092889 -0.531647 2.120187 1.375142 9.475451 -3.069778 -0.140689 -0.220130
