0 -0.195476 0.001914 0.170651 -0.553716 1.679669 9.645854 -1.261247 -0.172127 0.057342
19980729 -0.008679 0.103839 -0.512817 -0.519712 1.686064 9.646630 -1.218590 -0.172789 0.053823
39961458 0.267226 0.246324 -0.551207 -0.481310 1.668292 9.651712 -1.239826 -0.170950 0.049827
59942187 0.225132 0.288420 -0.442677 -0.453215 1.640443 9.657843 -1.221891 -0.168069 0.046893
79922917 0.120781 0.211394 -0.199462 -0.444577 1.616597 9.662265 -1.282515 -0.165603 0.045979
99903646 0.139062 0.269235 -0.080583 -0.438815 1.596784 9.665822 -1.220130 -0.163555 0.045368
119884375 0.091802 0.229579 -0.270001 -0.438815 1.596784 9.665822 -1.236526 -0.163555 0.045368
139865104 0.047322 0.168843 -0.192997 -0.427345 1.561776 9.672053 -1.269760 -0.159938 0.044155
159845729 0.246830 -0.059179 0.118487 -0.385126 1.467670 9.688550 -1.180912 -0.150225 0.039730
179826354 0.337311 0.117091 0.075397 -0.343055 1.431731 9.695506 -1.242570 -0.146520 0.035368
199806979 0.240380 0.392093 -0.338244 -0.303265 1.411740 9.699763 -1.218467 -0.144459 0.031255
219787604 0.145579 0.922758 -0.787335 -0.303265 1.411740 9.699763 -1.211398 -0.144459 0.031255
239768229 -0.346721 1.271338 -0.951074 -0.313659 1.398374 9.701368 -1.289636 -0.143082 0.032320
259748854 -0.548325 0.933264 -0.680265 -0.347588 1.355059 9.706358 -1.253807 -0.138621 0.035795
279729479 -0.677867 0.582160 -0.061731 -0.347588 1.355059 9.706358 -1.187651 -0.138621 0.035795
299710104 -1.509833 0.728151 0.498650 -0.366081 1.192322 9.727011 -1.252506 -0.121885 0.037618
319690729 -3.044454 1.213954 0.779717 -0.366081 1.192322 9.727011 -1.211418 -0.121885 0.037618
339671354 -4.298910 1.268205 1.408265 -0.361898 1.099333 9.738114 -1.282669 -0.112337 0.037146
359651979 -6.042930 1.139113 2.750501 -0.347724 1.011352 9.748162 -1.245674 -0.103313 0.035656
379632604 -11.897538 2.197220 3.928411 -0.346190 0.932450 9.756079 -1.193412 -0.095227 0.035470
399613229 -17.304468 1.265479 5.547894 -0.346190 0.932450 9.756079 -1.267815 -0.095227 0.035470
419593854 -18.099634 -2.087724 6.379025 -0.406433 1.145338 9.731053 -1.322946 -0.117059 0.041742
439574479 -17.508879 -5.130365 6.610100 -0.406433 1.145338 9.731053 -1.442802 -0.117059 0.041742
459555104 -19.355724 -6.076054 5.299780 0.278913 1.411021 9.700599 -1.508575 -0.144385 -0.028744
479535729 -23.639881 -6.500918 3.576661 0.278913 1.411021 9.700599 -1.461598 -0.144385 -0.028744
499516354 -26.708952 -9.139585 3.647092 0.488753 1.687311 9.648030 -1.553752 -0.172918 -0.050615
519496979 -26.010466 -14.683669 4.388713 0.957132 2.198542 9.508980 -1.603269 -0.226111 -0.100318
539477604 -24.727962 -20.437357 3.610599 0.957132 2.198542 9.508980 -1.675831 -0.226111 -0.100318
559458229 -21.985559 -25.669374 3.975711 1.489120 2.240359 9.430468 -1.832711 -0.230488 -0.156612
579438854 -18.821568 -29.289988 7.297012 2.048594 2.120149 9.353001 -1.984733 -0.217916 -0.215626
599419479 -17.409649 -32.163105 7.651749 2.713364 1.988380 9.211644 -2.035262 -0.204174 -0.286457
619400104 -12.794396 -35.799026 5.546719 2.713364 1.988380 9.211644 -2.257147 -0.204174 -0.286457
639380729 -6.540995 -37.397167 3.576951 2.774015 1.858977 9.220598 -2.401415 -0.190717 -0.292236
659361354 -4.080882 -36.670471 5.416465 2.560002 1.703972 9.311995 -2.641313 -0.174643 -0.268287
679341979 -3.103645 -36.159607 8.199364 2.560002 1.703972 9.311995 -2.644002 -0.174643 -0.268287
699322604 0.281987 -36.800972 10.425009 2.243166 1.589916 9.413328 -2.786906 -0.162845 -0.233934
719303229 5.912282 -38.290398 6.304336 1.948155 1.597295 9.477537 -2.896683 -0.163608 -0.202731
739283854 14.898688 -36.760761 2.896984 1.948155 1.597295 9.477537 -3.091871 -0.163608 -0.202731
759264479 23.670994 -31.717966 -2.468259 2.190000 1.637392 9.417709 3.093691 -0.167753 -0.228480
779245104 27.848925 -24.140682 -8.025435 2.086810 1.767742 9.417574 3.123973 -0.181250 -0.218063
799225729 23.747787 -15.143255 -8.753475 1.870420 1.850585 9.447077 -3.093876 -0.189845 -0.195461
819206354 18.972641 -7.623451 -6.748497 1.870420 1.850585 9.447077 -3.109800 -0.189845 -0.195461
839186979 15.441875 -2.934124 -3.685216 1.437961 1.818349 9.528708 3.139830 -0.186499 -0.149778
859167604 12.758137 -0.331749 -1.871922 1.437961 1.818349 9.528708 -3.118850 -0.186499 -0.149778
879148229 10.976731 0.643236 -1.139006 1.260999 1.785573 9.559916 -3.125202 -0.183099 -0.131148
899128854 9.675334 0.427702 -0.335168 1.163554 1.711132 9.585852 -3.071760 -0.175385 -0.120791
919109479 8.384528 0.104607 0.706362 1.148879 1.581815 9.609804 -3.077985 -0.162008 -0.118988
939090104 6.866513 -0.292374 0.957528 1.315803 1.269584 9.634687 3.123908 -0.129826 -0.135730
959070729 4.754999 -0.348374 1.241380 1.409271 1.109118 9.641275 -3.086805 -0.113341 -0.145143
979051354 2.260612 -0.093588 2.214920 1.409271 1.109118 9.641275 -3.059883 -0.113341 -0.145143
999031979 0.266791 -0.106709 3.134395 1.436103 0.902230 9.658880 -2.978060 -0.092132 -0.147601
1019012604 -0.833298 -0.118449 3.460861 1.397422 0.885719 9.666080 -3.028929 -0.090441 -0.143575
1038993229 -1.398799 0.266549 3.460846 1.397422 0.885719 9.666080 -3.060137 -0.090441 -0.143575
1058973854 -2.698982 0.798336 3.109365 1.302160 1.037635 9.664268 -2.949582 -0.106008 -0.133933
1078954479 -3.162390 0.749104 1.589639 1.302160 1.037635 9.664268 -3.041704 -0.106008 -0.133933
1098935104 -2.728592 0.887348 0.581466 1.238459 1.270884 9.644763 -3.046595 -0.129960 -0.127709
1118915729 -2.637942 1.119817 0.434443 1.238459 1.270884 9.644763 -3.019816 -0.129960 -0.127709
1138896406 -2.567782 1.174442 0.309010 1.199600 1.380505 9.634603 -2.925599 -0.141241 -0.123872
1158877135 -2.456133 0.664756 -0.768394 1.193907 1.483432 9.620000 -3.051716 -0.151851 -0.123475
1178857865 -1.715441 0.431852 -1.083771 1.190817 1.609777 9.600051 -3.040608 -0.164898 -0.123412
1198838594 -1.270095 0.395395 -0.812825 1.190817 1.609777 9.600051 -2.971206 -0.164898 -0.123412
1218819323 -0.747698 0.289091 -0.401672 1.169649 1.668612 9.592604 -2.892503 -0.170983 -0.121333
1238800052 -0.408563 0.102148 -0.457561 1.173434 1.703387 9.586027 -2.941883 -0.174583 -0.121805
1258780781 -0.089288 -0.058036 -0.687522 1.170720 1.740405 9.579707 -2.994277 -0.178417 -0.121605
1278761510 0.213197 0.076326 -0.827165 1.170720 1.740405 9.579707 -2.974344 -0.178417 -0.121605
1298742240 0.206111 0.249331 -1.004147 1.146032 1.784969 9.574492 -2.951844 -0.183037 -0.119130
1318722969 0.225161 0.489010 -1.229548 1.104824 1.826930 9.571420 -2.858755 -0.187390 -0.114921
1338703698 0.373983 0.535900 -1.298998 1.024965 1.839774 9.577843 -3.048171 -0.188723 -0.106608
1358684427 0.697705 0.426755 -1.242624 1.024965 1.839774 9.577843 -2.979593 -0.188723 -0.106608
1378665156 0.719504 0.357743 -0.773842 0.978639 1.717107 9.605426 -2.973995 -0.176003 -0.101534
1398645885 0.546698 0.318271 0.123305 0.978639 1.717107 9.605426 -2.986177 -0.176003 -0.101534
1418626615 0.630098 0.226046 0.380310 0.959438 1.574072 9.631831 -2.987294 -0.161208 -0.099284
1438607344 0.824874 0.088557 0.572286 0.943627 1.530338 9.640436 -2.920746 -0.156691 -0.097571
1458588073 0.929979 -0.200660 0.919276 0.943627 1.530338 9.640436 -3.005345 -0.156691 -0.097571
1478568802 1.023483 -0.526898 1.463602 0.906673 1.519108 9.645758 -2.961041 -0.155532 -0.093722
