0 0.051841 -0.285692 1.418190 -0.765516 0.062435 9.776526 -1.265031 -0.006367 0.078142
19981562 -0.378766 -0.063285 0.640159 -0.684576 0.078598 9.782411 -1.236874 -0.008015 0.069866
39963125 -0.547396 0.164824 -0.026698 -0.684576 0.078598 9.782411 -1.081391 -0.008015 0.069866
59944687 -0.365848 0.183131 -0.255266 -0.634695 0.082939 9.785739 -1.210195 -0.008458 0.064768
79926250 -0.124444 0.249167 -0.186069 -0.600011 0.081378 9.787939 -1.260016 -0.008298 0.061224
99907916 0.179375 0.223537 -0.076374 -0.562433 0.093944 9.790057 -1.196418 -0.009580 0.057386
119889583 0.350471 -0.062456 -0.224499 -0.546418 0.099800 9.790906 -1.239641 -0.010177 0.055751
139871250 0.280912 -0.114355 -0.356380 -0.546418 0.099800 9.790906 -1.186229 -0.010177 0.055751
159852916 0.348914 -0.100243 -0.231345 -0.452007 0.030755 9.796179 -1.226587 -0.003136 0.046108
179834583 0.782913 -0.067205 -0.084275 -0.452007 0.030755 9.796179 -1.187480 -0.003136 0.046108
199816250 0.860159 -0.101199 0.205656 -0.477500 0.043968 9.794919 -1.160792 -0.004483 0.048711
219797916 0.468281 -0.042533 -0.347273 -0.477500 0.043968 9.794919 -1.234301 -0.004483 0.048711
239779583 -0.294289 0.239420 -0.833815 -0.402061 0.001894 9.798405 -1.157381 -0.000193 0.041010
259761250 -0.591828 0.436532 -0.166585 -0.347704 -0.060028 9.800301 -1.229905 0.006121 0.035464
279742916 -0.238875 0.389207 0.502794 -0.297033 -0.109576 9.801538 -1.252702 0.011174 0.030295
299724583 0.244966 0.342520 0.614448 -0.282207 -0.120581 9.801847 -1.221540 0.012296 0.028783
319706250 0.607976 0.164594 0.145180 -0.317773 -0.102766 9.800962 -1.241160 0.010479 0.032411
339687916 0.683568 0.006984 -0.177992 -0.365674 -0.098384 9.799336 -1.195628 0.010033 0.037299
359669583 0.450982 -0.163275 0.036378 -0.365674 -0.098384 9.799336 -1.192858 0.010033 0.037299
379651250 0.192817 -0.264838 0.628214 -0.392795 -0.180386 9.797119 -1.146408 0.018395 0.040071
399632916 -0.175176 -0.059636 1.342642 -0.392795 -0.180386 9.797119 -1.176764 0.018395 0.040071
419614583 -0.489360 0.296364 1.951739 -0.371440 -0.228334 9.796953 -1.246448 0.023286 0.037896
439596250 -0.586256 0.324720 1.803046 -0.316939 -0.244255 9.798484 -1.225761 0.024910 0.032334
459577916 -0.918814 0.226625 0.402203 -0.128035 -0.194902 9.803878 -1.179655 0.019876 0.013059
479559583 -1.978666 0.195287 -0.134452 -0.128035 -0.194902 9.803878 -1.178345 0.019876 0.013059
499541250 -4.041356 0.710692 0.397947 -0.065975 -0.189834 9.804591 -1.221493 0.019359 0.006729
519522812 -6.594464 0.880656 1.932034 -0.014547 -0.207256 9.804449 -1.170021 0.021136 0.001484
539504375 -9.395073 0.402361 2.438291 0.080033 -0.224000 9.803764 -1.161080 0.022844 -0.008163
559485937 -12.553921 1.018927 1.708837 0.057482 -0.001542 9.806481 -1.111561 0.000157 -0.005862
579467500 -17.958727 2.677019 1.444500 -0.214107 0.275043 9.800454 -1.154164 -0.028050 0.021843
599449062 -19.937815 0.961742 0.841608 -0.214107 0.275043 9.800454 -1.253939 -0.028050 0.021843
619430625 -19.635027 -1.758676 -0.681787 -0.325211 0.520189 9.787443 -1.104772 -0.053069 0.033215
639412187 -21.209641 -4.028231 -0.393719 0.342719 0.501514 9.787820 -1.169849 -0.051162 -0.035001
659393750 -22.837563 -6.646481 2.027809 0.845025 0.370310 9.763155 -1.276053 -0.037770 -0.086337
679375312 -23.131176 -10.084208 5.812609 1.263117 0.370100 9.717919 -1.432143 -0.037749 -0.129253
699356875 -22.317366 -14.056716 6.166005 1.263117 0.370100 9.717919 -1.598101 -0.037749 -0.129253
719338437 -21.432465 -17.503336 3.724560 1.527215 0.576854 9.669811 -1.744128 -0.058857 -0.156643
739320000 -20.079445 -20.789883 -0.721535 1.634487 0.919337 9.625677 -2.019910 -0.093884 -0.168200
759301562 -17.632099 -22.960190 -2.450388 1.205658 1.548329 9.608301 -2.092276 -0.158549 -0.124828
779283125 -15.031304 -24.425367 -2.944241 0.852777 1.647809 9.629533 -2.248923 -0.168831 -0.088328
799264687 -13.578710 -27.142477 -1.867497 0.852777 1.647809 9.629533 -2.315419 -0.168831 -0.088328
819246250 -9.043189 -31.543766 -1.051854 0.511980 1.595490 9.662436 -2.450410 -0.163421 -0.052937
839227812 -2.258765 -34.706814 2.919618 -0.647272 1.371305 9.688702 -2.813579 -0.140294 0.066708
859209375 2.814987 -34.804184 6.359961 -1.038257 1.173672 9.680645 -2.844089 -0.119969 0.106842
879190937 3.008490 -32.472542 6.530455 -1.038257 1.173672 9.680645 -2.911629 -0.119969 0.106842
899172500 7.545023 -30.145102 8.174259 -1.288491 0.913873 9.678585 -3.089069 -0.093324 0.132350
919154062 17.307047 -26.756950 7.992067 -1.630757 0.622060 9.650081 2.904876 -0.063475 0.167407
939135625 23.075857 -20.117592 5.596372 -1.630757 0.622060 9.650081 2.996469 -0.063475 0.167407
959117187 24.040293 -13.746732 2.106977 -1.583021 0.417716 9.669020 2.892736 -0.042608 0.162281
979098750 22.477316 -8.996303 1.781858 -1.502067 0.213001 9.688592 2.843822 -0.021722 0.153810
999080312 19.696316 -5.857565 3.232834 -1.390877 -0.017335 9.707500 2.896957 0.001768 0.142310
1019061875 16.366375 -3.946055 4.123954 -1.223878 -0.261399 9.726468 2.856753 0.026658 0.125172
1039043437 11.405349 -2.210284 4.750979 -1.049270 -0.483945 9.738338 2.965349 0.049369 0.107332
1059025000 6.681635 -1.092468 5.296347 -1.049270 -0.483945 9.738338 2.986182 0.049369 0.107332
1079006562 4.528952 -0.854438 5.361051 -0.655517 -0.760646 9.755107 2.969824 0.077642 0.067096
1098988125 3.315528 -0.944382 4.348443 -0.655517 -0.760646 9.755107 2.969824 0.077642 0.067096
1118969791 1.874478 -0.992955 2.609741 -0.457237 -0.784499 9.764522 3.017311 0.080082 0.046792
1138951458 1.088657 -0.895954 1.517122 -0.286841 -0.763228 9.772696 -3.098958 0.077906 0.029343
1158933125 0.315877 -0.746875 0.052774 -0.031461 -0.654622 9.784726 -3.031084 0.066803 0.003215
1178914791 -0.751812 -0.552694 -0.899404 -0.002911 -0.606282 9.787890 -3.021108 0.061863 0.000297
1198896458 -1.885844 -0.149899 -0.458790 -0.002911 -0.606282 9.787890 -3.001449 0.061863 0.000297
1218878125 -2.354958 0.378170 -0.068082 -0.014122 -0.565308 9.790334 -3.128809 0.057677 0.001442
1238859791 -2.413071 0.557112 0.141383 -0.024290 -0.517619 9.792951 -3.100689 0.052807 0.002480
1258841458 -2.445829 0.307826 -0.481901 0.014592 -0.382609 9.799173 -2.965178 0.039025 -0.001489
1278823125 -2.506107 0.475795 -1.308291 0.014592 -0.382609 9.799173 -2.974076 0.039025 -0.001489
1298804791 -2.393851 0.767867 -1.488148 0.042234 -0.307528 9.801737 -2.973959 0.031364 -0.004309
1318786458 -1.462303 0.767919 -1.135185 0.042234 -0.307528 9.801737 -2.940545 0.031364 -0.004309
1338768125 -0.833808 0.620381 -0.893802 0.052341 -0.297987 9.801982 -2.979069 0.030391 -0.005340
1358749791 -0.389349 0.412140 -1.013780 0.059964 -0.262742 9.802947 -2.958779 0.026795 -0.006117
1378731458 0.438944 0.139709 -1.683312 0.065472 -0.258742 9.803018 -2.904450 0.026387 -0.006679
1398713125 0.732174 0.061281 -1.955125 0.066987 -0.296435 9.801940 -2.952315 0.030233 -0.006834
1418694791 0.230982 0.074970 -1.651960 0.052867 -0.376999 9.799258 -2.859724 0.038453 -0.005395
1438676458 -0.440470 0.432584 -0.581256 0.052867 -0.376999 9.799258 -2.879753 0.038453 -0.005395
1458658125 -0.164582 0.352722 0.391854 -0.018007 -0.568417 9.790146 -2.945118 0.057995 0.001839
1478639791 0.467197 0.049877 1.014542 -0.018007 -0.568417 9.790146 -2.879288 0.057995 0.001839
1498621458 0.246604 0.131124 1.345357 -0.056362 -0.713602 9.780489 -2.874840 0.072832 0.005763
