0 0.610595 -0.076469 0.842528 0.011857 0.290884 9.802327 -2.336973 -0.029666 -0.001210
19979323 0.802455 -0.000657 1.153058 -0.049096 0.259839 9.803083 -2.325342 -0.026499 0.005008
39958646 0.819410 0.015975 0.780727 -0.051717 0.277026 9.802600 -2.341345 -0.028253 0.005276
59937969 0.689128 0.275740 0.505747 -0.051717 0.277026 9.802600 -2.313819 -0.028253 0.005276
79917292 0.988318 0.837524 0.408364 -0.077436 0.313731 9.801324 -2.344465 -0.031997 0.007900
99896615 1.195615 1.145866 0.125269 -0.137522 0.302152 9.801029 -2.340674 -0.030816 0.014030
119875938 0.756927 0.918514 0.721784 -0.203246 0.309157 9.799668 -2.313332 -0.031530 0.020737
139855261 0.379460 0.693075 1.416719 -0.209026 0.382582 9.796955 -2.358723 -0.039022 0.021333
159834584 0.425817 0.768331 0.951573 -0.209026 0.382582 9.796955 -2.308911 -0.039022 0.021333
179813907 1.064734 0.805703 -0.836453 -0.138873 0.510955 9.792345 -2.336841 -0.052126 0.014181
199793229 2.596586 0.832967 -2.124696 0.080823 0.602358 9.787800 -2.290440 -0.061462 -0.008257
219772552 4.895001 0.806481 -1.514629 0.080823 0.602358 9.787800 -2.327300 -0.061462 -0.008257
239751875 7.301238 0.668000 0.476732 0.062554 0.502482 9.793569 -2.320764 -0.051261 -0.006387
259731198 10.340413 -0.034240 2.405589 -0.134664 0.384312 9.798191 -2.264282 -0.039199 0.013743
279710521 14.868304 -1.786212 3.931308 -0.385914 0.283942 9.794939 -2.267649 -0.028958 0.039379
299689844 17.096773 -5.116783 5.201348 -0.576374 0.213532 9.787369 -2.215271 -0.021776 0.058822
319669167 16.333693 -6.824117 5.487953 -0.732031 0.179843 9.777637 -2.169137 -0.018340 0.074729
339648490 19.815510 -10.072369 6.706135 -0.885048 0.215351 9.764256 -2.055663 -0.021961 0.090395
359627813 26.991272 -15.586363 6.882679 -0.838048 0.350829 9.764475 -1.986145 -0.035782 0.085616
379607136 29.094391 -21.403225 4.106933 -0.505363 0.766980 9.763540 -1.836720 -0.078290 0.051714
399586459 27.888235 -26.397852 1.651978 -0.536331 0.857823 9.754327 -1.702951 -0.087586 0.054929
419565782 27.998529 -33.365108 3.309293 -0.536331 0.857823 9.754327 -1.702951 -0.087586 0.054929
439545104 25.876112 -40.133034 7.825323 -0.439273 0.910496 9.754405 -1.546681 -0.092979 0.045003
459524427 25.513489 -47.748608 9.650525 -0.439273 0.910496 9.754405 -1.474079 -0.092979 0.045003
479503750 19.334299 -54.851372 10.531028 -0.038063 0.969475 9.758537 -1.351738 -0.099021 0.003900
499483073 15.010189 -60.176537 10.646146 0.627308 1.085600 9.726169 -1.226241 -0.110928 -0.064408
519462396 9.940850 -63.555168 8.203541 1.211956 1.225677 9.653976 -1.174648 -0.125312 -0.124886
539441719 0.275256 -64.022560 11.287220 1.624012 1.455562 9.561084 -0.884792 -0.148976 -0.168251
559421042 -11.911273 -62.594036 16.387203 1.624012 1.455562 9.561084 -0.884792 -0.148976 -0.168251
579400365 -21.165829 -54.957012 9.932667 2.413263 1.888941 9.315495 -0.761597 -0.193830 -0.253486
599379688 -22.909044 -46.369194 0.875483 3.279235 2.229539 8.969178 -0.497561 -0.229355 -0.350514
619358959 -27.214668 -35.078281 8.758078 3.580754 1.926525 8.923962 -0.568994 -0.197737 -0.381585
639338229 -30.569187 -25.680786 15.041769 3.580754 1.926525 8.923962 -0.568994 -0.197737 -0.381585
659317500 -30.356581 -16.557365 7.672022 3.503016 1.931721 8.953643 -0.454679 -0.198277 -0.372931
679296771 -26.965195 -8.221959 1.393353 3.594693 1.953015 8.912592 -0.369119 -0.200493 -0.383372
699276042 -22.187557 -2.765561 1.410149 3.860530 1.619468 8.868146 -0.319642 -0.165900 -0.410584
719255313 -18.505257 -0.313784 4.039976 3.754723 1.368463 8.955432 -0.166184 -0.140001 -0.397005
739234584 -17.129560 0.705356 7.665870 3.652574 1.149176 9.028206 -0.126927 -0.117453 -0.384443
759213854 -15.035772 1.018541 9.203761 3.536400 0.990526 9.093026 0.080880 -0.101178 -0.370913
779193125 -13.063366 1.158853 8.351009 3.367009 0.847681 9.171427 -0.094961 -0.086547 -0.351844
799172396 -10.090796 1.296979 7.857350 3.367009 0.847681 9.171427 0.004717 -0.086547 -0.351844
819151667 -5.949066 1.113213 7.513913 3.143188 0.732167 9.260383 -0.146269 -0.074730 -0.327221
839130938 -2.645194 1.218240 6.381287 2.923308 0.677248 9.336273 -0.117718 -0.069115 -0.303443
859110209 -0.222481 1.618092 4.306630 2.516994 0.745947 9.448741 -0.159617 -0.076139 -0.260338
879089479 1.265630 1.777552 2.469071 2.516994 0.745947 9.448741 -0.159617 -0.076139 -0.260338
899068750 2.218813 1.569450 1.108621 2.114274 0.863104 9.537048 -0.295948 -0.088126 -0.218162
919048021 2.983290 1.482750 0.618855 2.114274 0.863104 9.537048 -0.295948 -0.088126 -0.218162
939027292 3.326023 1.421769 0.137729 1.816177 0.969441 9.588120 -0.316532 -0.099017 -0.187202
959006563 3.556367 1.036382 -0.694193 1.816177 0.969441 9.588120 -0.316532 -0.099017 -0.187202
978985834 2.752089 0.698676 -1.225513 1.491084 1.067847 9.633625 -0.340911 -0.109106 -0.153561
998965104 1.917383 0.371396 -1.487499 1.340482 1.094653 9.652732 -0.075466 -0.111857 -0.137988
1018944375 0.835073 0.326211 -1.531011 1.340482 1.094653 9.652732 -0.451708 -0.111857 -0.137988
1038923646 0.135646 0.265970 -1.809787 1.154772 1.111267 9.674811 -0.284909 -0.113562 -0.118797
1058902917 -0.695130 0.283507 -2.516570 1.049678 1.079863 9.690328 -0.329206 -0.110339 -0.107902
1078882188 -1.396583 0.230140 -3.169497 1.049678 1.079863 9.690328 -0.329206 -0.110339 -0.107902
1098861459 -1.243512 0.159668 -1.843405 0.939753 0.968639 9.713341 -0.378508 -0.098935 -0.096448
1118840729 -0.222313 -0.091366 0.679383 0.995433 0.784987 9.724366 -0.281449 -0.080132 -0.102010
1138820000 0.737298 -0.190915 1.823474 1.486374 0.512833 9.679777 -0.342989 -0.052318 -0.152364
1158799271 0.978123 -0.379221 1.327920 1.567920 0.459592 9.669581 -0.302549 -0.046883 -0.160751
1178778542 0.592897 -0.410759 1.010511 1.514719 0.412827 9.680164 -0.525637 -0.042109 -0.155218
1198757813 0.471520 -0.471776 1.553889 1.426287 0.386507 9.694674 -0.431449 -0.039423 -0.146073
1218737084 0.327330 -0.495470 2.093865 1.346326 0.410456 9.705118 -0.409063 -0.041867 -0.137844
1238716354 -0.567949 -0.540207 2.109917 1.260567 0.490466 9.712918 -0.530860 -0.050034 -0.129061
1258695625 -2.364181 -0.722828 1.200213 1.092270 0.594166 9.727503 -0.573080 -0.060625 -0.111818
1278674896 -3.412740 -0.782665 0.690624 1.092270 0.594166 9.727503 -0.573080 -0.060625 -0.111818
1298654167 -2.294082 -0.994204 1.220269 0.906492 0.759248 9.735102 -0.537345 -0.077499 -0.092848
1318633438 -0.667200 -0.921212 1.895369 0.906492 0.759248 9.735102 -0.629261 -0.077499 -0.092848
1338612709 -0.870265 -0.724525 1.263689 0.961816 0.909726 9.716877 -0.621862 -0.092900 -0.098663
1358591979 -0.985494 -0.585339 -0.060601 1.027005 1.095562 9.690995 -0.655907 -0.111950 -0.105581
1378571250 -0.336915 -0.510453 -0.821383 1.042121 1.257526 9.669695 -0.734844 -0.128586 -0.107358
1398550521 -0.190679 -0.269200 -0.902028 0.991638 1.377879 9.658596 -0.704863 -0.140971 -0.102310
1418529792 -0.845807 -0.229244 -0.640609 0.920729 1.465309 9.652747 -0.823422 -0.149982 -0.095097
1438509063 -2.726134 -0.507311 -0.442998 1.198117 1.617599 9.597827 -0.841264 -0.165707 -0.124190
1458488334 -4.586948 -1.088580 -1.253139 1.684237 1.611220 9.525634 -0.889712 -0.165047 -0.175002
1478467604 -5.519129 -1.418545 -2.000189 1.684237 1.611220 9.525634 -0.889712 -0.165047 -0.175002
1498446875 -5.391174 -1.947163 -1.148827 2.148987 1.509817 9.448423 -0.969784 -0.154573 -0.223639
