0 0.282312 -0.060479 0.629106 0.092534 -1.056178 9.749169 -2.387569 0.107909 -0.009491
19979218 0.260814 -0.017045 0.100835 0.155672 -1.027969 9.751381 -2.408988 0.105017 -0.015963
39958437 0.244918 0.033511 -0.118364 0.155672 -1.027969 9.751381 -2.383659 0.105017 -0.015963
59937656 0.217709 0.110689 0.310966 0.111922 -1.035943 9.751138 -2.393471 0.105834 -0.011477
79916875 0.120190 0.124311 0.692880 0.111922 -1.035943 9.751138 -2.369573 0.105834 -0.011477
99896093 -0.271425 0.354701 0.728394 0.099036 -1.010536 9.753942 -2.388747 0.103229 -0.010153
119875312 -0.792847 0.560066 0.812266 0.151141 -0.962059 9.758175 -2.382006 0.098261 -0.015487
139854531 -1.012196 0.711192 0.604684 0.286157 -0.893100 9.761704 -2.437707 0.091197 -0.029306
159833750 -1.120967 0.901965 -0.192913 0.628163 -0.783187 9.755123 -2.376709 0.079948 -0.064304
179812968 -0.518395 0.843989 -0.339501 0.628163 -0.783187 9.755123 -2.437957 0.079948 -0.064304
199792187 0.498079 0.562150 0.080356 0.755601 -0.787731 9.745713 -2.475008 0.080413 -0.077377
219771406 0.608286 0.359035 1.180633 0.827570 -0.817659 9.737399 -2.365710 0.083475 -0.084785
239750625 0.706389 0.160534 1.569149 0.870693 -0.824933 9.733025 -2.453744 0.084219 -0.089220
259729843 2.291448 -0.193359 1.174206 0.896846 -0.720506 9.738938 -2.446856 0.073537 -0.091830
279709062 4.984926 -0.431534 0.335580 0.827744 -0.653832 9.749756 -2.429090 0.066722 -0.084696
299688281 6.944940 -0.797925 -0.278339 0.827744 -0.653832 9.749756 -2.373764 0.066722 -0.084696
319667500 9.396808 -1.526681 1.093556 0.551864 -0.597150 9.772882 -2.338116 0.060930 -0.056409
339646718 14.462722 -2.729747 3.688159 0.519743 -0.479424 9.781125 -2.306729 0.048907 -0.053087
359625937 19.465755 -4.715035 5.122350 0.519743 -0.479424 9.781125 -2.301769 0.048907 -0.053087
379605156 21.762165 -6.653447 3.456919 0.497595 -0.197128 9.792034 -2.220727 0.020103 -0.050773
399584375 23.545706 -8.616365 1.321181 0.351042 0.166124 9.798957 -2.153778 -0.016941 -0.035809
419563645 25.856800 -12.086501 1.591238 0.124084 0.505263 9.792839 -2.096144 -0.051545 -0.012670
439542916 27.129396 -17.768745 1.783239 -0.122426 0.818548 9.771662 -1.998104 -0.083566 0.012528
459522187 25.516451 -24.057344 0.204918 -0.782148 1.199917 9.701486 -1.857290 -0.122665 0.080447
479501458 21.524040 -28.164726 0.424294 -1.101481 1.142167 9.677426 -1.768553 -0.116734 0.113332
499480729 19.108116 -32.773438 3.687591 -1.304759 1.017867 9.666019 -1.693170 -0.103981 0.134173
519460000 16.782217 -37.112457 6.486118 -1.369977 0.895301 9.669126 -1.530628 -0.091423 0.140749
539439270 14.939037 -40.753445 7.922162 -1.369977 0.895301 9.669126 -1.410165 -0.091423 0.140749
559418541 12.649068 -44.011211 11.136893 -1.268519 0.821813 9.689471 -1.318381 -0.083900 0.130177
579397812 6.834203 -47.259022 15.116187 0.354911 1.381618 9.702348 -1.137007 -0.141356 -0.036564
599377083 2.547291 -48.854034 10.605721 1.326991 1.855320 9.537676 -1.077536 -0.190337 -0.138244
619356354 -2.543551 -47.299534 6.217862 1.650914 2.170837 9.419785 -0.968717 -0.223213 -0.173498
639335625 -11.239187 -43.075367 6.059814 1.650914 2.170837 9.419785 -0.807131 -0.223213 -0.173498
659314895 -19.485291 -36.091221 7.603330 1.309002 2.290217 9.445200 -0.713194 -0.235714 -0.137712
679294166 -24.041546 -28.738268 9.270952 0.689278 2.597306 9.431293 -0.499524 -0.268050 -0.072954
699273437 -26.804850 -21.424520 5.864161 0.829849 2.942978 9.317759 -0.508324 -0.304798 -0.088827
719252708 -24.025686 -15.178552 -0.156859 0.829849 2.942978 9.317759 -0.488589 -0.304798 -0.088827
739231979 -17.939402 -10.655297 -2.753021 1.328300 3.419083 9.094827 -0.524353 -0.356130 -0.145025
759211250 -13.452097 -7.198175 -2.417913 1.328300 3.419083 9.094827 -0.446630 -0.356130 -0.145025
779190520 -11.091525 -4.480200 -1.839216 1.827058 3.618936 8.929476 -0.492112 -0.377964 -0.201824
799169791 -8.508378 -2.051851 -2.565456 1.827058 3.618936 8.929476 -0.358330 -0.377964 -0.201824
819149062 -6.365371 -0.359734 -3.310626 2.018212 3.623945 8.886181 -0.425383 -0.378513 -0.223330
839128333 -4.992930 0.317516 -2.122170 1.848977 3.303610 9.046426 -0.398787 -0.343595 -0.201611
859107604 -4.618264 0.858742 -0.330791 1.571508 3.057612 9.184321 -0.426680 -0.317076 -0.169467
879086875 -5.384524 0.526286 1.962591 1.571508 3.057612 9.184321 -0.383003 -0.317076 -0.169467
899066145 -5.361547 0.236248 2.996254 1.372272 2.829954 9.288629 -0.463083 -0.292738 -0.146676
919045416 -3.986177 0.285404 3.107029 1.272840 2.641517 9.358027 -0.335183 -0.272728 -0.135186
939024687 -2.535594 0.276711 3.231735 1.215742 2.385419 9.434094 -0.454507 -0.245710 -0.128160
959003958 -0.693336 0.347072 2.772931 1.215742 2.385419 9.434094 -0.453678 -0.245710 -0.128160
978983229 1.328207 0.273711 2.356768 1.092156 2.278827 9.475470 -0.442118 -0.234519 -0.114755
998962500 2.088614 0.385537 2.640545 1.092156 2.278827 9.475470 -0.491265 -0.234519 -0.114755
1018941770 2.065600 0.528406 2.025318 1.067366 2.293350 9.474791 -0.473823 -0.236042 -0.112180
1038921041 2.007571 0.678046 0.516056 0.928030 2.406867 9.461297 -0.522431 -0.247965 -0.097774
1058900312 2.421252 0.758922 -0.681355 0.759893 2.442103 9.467264 -0.475144 -0.251674 -0.080094
1078879583 2.034677 1.104131 -0.810166 0.759893 2.442103 9.467264 -0.496727 -0.251674 -0.080094
1098858854 1.622448 1.035443 -0.494643 0.601708 2.461927 9.473502 -0.514992 -0.253761 -0.063430
1118838125 1.038688 0.793582 -0.273944 0.528450 2.473548 9.474845 -0.533032 -0.254986 -0.055716
1138817395 0.399336 0.591797 -0.294225 0.495627 2.530557 9.461555 -0.454806 -0.260998 -0.052335
1158796666 -0.019510 0.216811 -0.324557 0.495627 2.530557 9.461555 -0.570314 -0.260998 -0.052335
1178775937 0.030054 -0.018107 0.059736 0.285302 2.610737 9.448441 -0.479021 -0.269471 -0.030187
1198755208 0.598605 -0.145845 0.349898 0.183949 2.652767 9.439247 -0.523883 -0.273920 -0.019485
1218734479 0.772227 -0.058101 0.523901 0.133734 2.704428 9.425422 -0.471011 -0.279396 -0.014188
1238713750 0.581760 0.178019 0.117105 0.078635 2.761585 9.409455 -0.520798 -0.285465 -0.008357
1258693020 0.407108 0.269312 -0.370691 0.007378 2.810713 9.395224 -0.558662 -0.290690 -0.000785
1278672291 0.107595 0.332337 -0.635822 -0.058704 2.845016 9.384712 -0.564160 -0.294343 0.006255
1298651562 -0.253361 0.362522 -0.627494 -0.058704 2.845016 9.384712 -0.578643 -0.294343 0.006255
1318630833 -0.407331 0.478132 -0.460153 -0.115218 2.873494 9.375508 -0.548622 -0.297379 0.012289
1338610104 -0.411582 0.487702 -0.414000 -0.135400 2.878782 9.373615 -0.565072 -0.297943 0.014444
1358589375 -0.377447 0.417320 -0.556974 -0.170375 2.872968 9.374829 -0.576583 -0.297323 0.018172
1378568645 -0.209491 0.436121 -0.516906 -0.209931 2.854265 9.379738 -0.530853 -0.295328 0.022378
1398547916 -0.110941 0.454856 -0.314832 -0.227465 2.820613 9.389503 -0.642550 -0.291744 0.024221
1418527187 -0.288117 0.248386 -0.130854 -0.227562 2.776999 9.402493 -0.703094 -0.287103 0.024198
1438506458 -0.521724 0.090562 0.321010 -0.238509 2.736968 9.413952 -0.658879 -0.282850 0.025330
1458485729 -0.482509 -0.034195 0.396962 -0.288412 2.702280 9.422573 -0.602075 -0.279168 0.030599
1478465000 -0.612709 -0.307287 0.595382 -0.346308 2.677050 9.427824 -0.636532 -0.276493 0.036716
1498444270 -0.825442 -0.357821 1.037114 -0.353965 2.678430 9.427148 -0.637016 -0.276639 0.037530
