0 0.841703 -0.375094 0.235886 0.833193 -0.194890 9.769247 -2.768755 0.019875 -0.085081
19979010 0.865589 -0.122760 0.956062 0.728821 -0.253960 9.776232 -2.733147 0.025900 -0.074413
39958021 0.421915 0.051752 0.834682 0.692897 -0.252715 9.778876 -2.736670 0.025773 -0.070738
59937031 0.022982 0.191639 0.059364 0.669740 -0.234170 9.780951 -2.730202 0.023881 -0.068367
79916041 0.433504 0.252589 -0.445205 0.643046 -0.238041 9.782649 -2.711249 0.024276 -0.065639
99895052 1.252970 0.211634 -0.084233 0.643046 -0.238041 9.782649 -2.743189 0.024276 -0.065639
119874062 2.608506 0.016850 0.618120 0.657466 -0.254864 9.781266 -2.735515 0.025992 -0.067116
139853073 4.299211 -0.306674 1.003421 0.681853 -0.271040 9.779161 -2.780631 0.027642 -0.069612
159832083 6.255492 -0.939481 0.883052 0.735423 -0.273150 9.775221 -2.720645 0.027857 -0.075092
179811094 7.858753 -1.674902 0.892371 0.734463 -0.245599 9.776023 -2.636553 0.025047 -0.074988
199790104 8.906466 -2.861095 1.353563 0.734463 -0.245599 9.776023 -2.596351 0.025047 -0.074988
219769114 8.982608 -3.909516 1.300969 0.715800 -0.169666 9.779019 -2.602205 0.017302 -0.073067
239748125 8.714335 -5.001012 0.100674 0.802556 0.139138 9.772765 -2.675673 -0.014189 -0.081938
259727135 7.340501 -6.053350 -0.784325 0.802556 0.139138 9.772765 -2.613220 -0.014189 -0.081938
279706146 6.098945 -6.756565 -1.888514 1.050310 0.456745 9.739539 -2.528745 -0.046592 -0.107425
299685104 6.966180 -7.690650 -2.495390 1.050310 0.456745 9.739539 -2.495105 -0.046592 -0.107425
319664062 10.101909 -8.645710 -1.037120 1.240771 0.515357 9.714179 -2.511960 -0.052576 -0.127040
339643021 15.542476 -10.566781 1.395844 1.592760 0.507291 9.663135 -2.457747 -0.051752 -0.163360
359621979 23.504498 -14.553716 2.651178 2.175772 0.606687 9.542974 -2.275987 -0.061904 -0.224165
379600937 26.291550 -20.662989 2.585271 2.175772 0.606687 9.542974 -2.241810 -0.061904 -0.224165
399579896 19.554981 -25.471832 2.661670 1.829063 0.846649 9.597297 -2.110615 -0.086442 -0.188323
419558854 13.861187 -30.452511 3.425497 0.684545 1.232184 9.704819 -1.999554 -0.125981 -0.070420
439537812 8.513877 -33.867565 4.616192 0.684545 1.232184 9.704819 -1.891386 -0.125981 -0.070420
459516771 1.590247 -36.737511 6.848536 0.357985 1.313054 9.711752 -1.770373 -0.134298 -0.036844
479495729 -4.192662 -37.324036 6.730452 0.325039 1.593351 9.670883 -1.648500 -0.163200 -0.033597
499474687 -9.077127 -36.342854 3.539166 0.111342 1.693318 9.658710 -1.517017 -0.173540 -0.011527
519453646 -14.721947 -35.110348 1.760931 -0.287991 1.734557 9.647734 -1.438411 -0.177811 0.029842
539432604 -20.968695 -32.051659 1.681751 -0.584153 1.817757 9.618988 -1.282780 -0.186438 0.060655
559411562 -26.471901 -25.619223 -1.352199 -0.844021 1.944988 9.574708 -1.289467 -0.199657 0.087924
579390521 -30.101370 -17.393679 -6.600746 -1.111832 2.010864 9.533658 -1.296708 -0.206516 0.116097
599369479 -28.147577 -10.352986 -6.489606 -1.111832 2.010864 9.533658 -1.282602 -0.206516 0.116097
619348437 -21.600994 -5.753045 -4.609809 -1.015622 2.202468 9.502002 -1.265750 -0.226522 0.106481
639327396 -14.486620 -2.856109 -4.779800 -0.606325 2.287627 9.516802 -1.198292 -0.235442 0.063625
659306354 -9.300768 -0.331413 -3.950760 -0.118794 2.326723 9.525893 -1.321401 -0.239544 0.012470
679285312 -5.018265 1.214579 -2.800491 -0.118794 2.326723 9.525893 -1.222650 -0.239544 0.012470
699264271 -0.686323 2.457078 -2.085378 0.549611 2.267640 9.525026 -1.298227 -0.233347 -0.057638
719243229 1.032367 2.988946 -1.448121 0.551107 2.189654 9.543170 -1.311575 -0.225181 -0.057685
739222187 0.229057 2.827584 -0.684694 0.416648 2.094652 9.571270 -1.331517 -0.215254 -0.043504
759201146 -1.265320 2.334446 -0.219687 0.243976 1.990738 9.599365 -1.288575 -0.204420 -0.025410
779180104 -2.102518 1.750581 0.041010 0.243976 1.990738 9.599365 -1.289761 -0.204420 -0.025410
799159062 -2.863898 1.010515 0.137137 0.085259 1.876572 9.625051 -1.182943 -0.192545 -0.008858
819138021 -2.978630 0.448941 1.046879 -0.003681 1.731026 9.652664 -1.271510 -0.177445 0.000381
839116979 -2.553518 0.170038 2.110246 0.120141 1.494552 9.691351 -1.282347 -0.152998 -0.012396
859095937 -1.945125 -0.064222 2.077218 0.120141 1.494552 9.691351 -1.277998 -0.152998 -0.012396
879074896 -0.778257 -0.218502 1.194065 0.372200 1.419064 9.696294 -1.271190 -0.145214 -0.038367
899053854 0.316261 0.071620 0.421504 0.409093 1.381702 9.700202 -1.295238 -0.141365 -0.042149
919032812 1.096719 0.319107 0.356635 0.409093 1.381702 9.700202 -1.236513 -0.141365 -0.042149
939011771 1.042446 0.451062 0.594939 0.409477 1.343862 9.705501 -1.370747 -0.137468 -0.042165
958990729 1.103941 0.431093 0.544311 0.420732 1.321122 9.708141 -1.294003 -0.135128 -0.043311
978969687 1.489960 0.489331 0.034965 0.445877 1.316602 9.707634 -1.308857 -0.134663 -0.045898
998948646 1.352879 0.554433 -0.443304 0.447932 1.310827 9.708320 -1.287895 -0.134068 -0.046106
1018927604 0.522107 0.505886 -0.455454 0.315930 1.235595 9.723368 -1.300135 -0.126331 -0.032480
1038906562 -0.302147 0.261452 -0.195570 0.315930 1.235595 9.723368 -1.298034 -0.126331 -0.032480
1058885521 -0.815318 0.108646 -0.049204 0.130587 1.132449 9.740169 -1.311111 -0.115736 -0.013406
1078864479 -1.046268 0.049565 -0.001681 0.087507 1.089990 9.745494 -1.371667 -0.111378 -0.008979
1098843437 -1.684493 -0.269076 0.578749 0.087507 1.089990 9.745494 -1.292121 -0.111378 -0.008979
1118822396 -2.358862 -0.772901 1.440243 0.287944 1.092247 9.741380 -1.326413 -0.111610 -0.029550
1138801354 -2.592432 -0.735083 1.278471 0.467547 1.131293 9.729952 -1.367488 -0.115617 -0.048015
1158780312 -1.956812 -0.402607 0.296968 0.467547 1.131293 9.729952 -1.360607 -0.115617 -0.048015
1178759271 -0.714513 -0.168455 -0.299465 0.537595 1.153725 9.723699 -1.352272 -0.117920 -0.055231
1198738229 0.440858 0.030484 0.128994 0.364217 1.127446 9.734814 -1.305026 -0.115222 -0.037396
1218717187 1.568597 0.306000 0.500846 0.274187 1.119736 9.738655 -1.422839 -0.114431 -0.028147
1238696146 1.888163 0.518629 0.420706 0.226684 1.122456 9.739564 -1.407467 -0.114710 -0.023270
1258675104 1.804491 0.625000 0.093674 0.226684 1.122456 9.739564 -1.365143 -0.114710 -0.023270
1278654062 1.417477 0.494871 0.135798 0.164293 1.131786 9.739736 -1.397129 -0.115668 -0.016867
1298633021 0.867384 0.584691 0.757575 0.090057 1.166725 9.736582 -1.420964 -0.119255 -0.009249
1318611979 0.576542 0.501937 0.812254 -0.053029 1.221246 9.730165 -1.353561 -0.124857 0.005450
1338590937 -0.275794 0.328358 0.691701 -0.053029 1.221246 9.730165 -1.419361 -0.124857 0.005450
1358569896 -1.249544 0.032830 1.425297 -0.281472 1.312113 9.714397 -1.383119 -0.134201 0.028967
1378548854 -1.559830 -0.384791 2.283925 -0.281472 1.312113 9.714397 -1.436713 -0.134201 0.028967
1398527812 -1.897775 -0.635362 2.404514 -0.323119 1.539968 9.679591 -1.432407 -0.157686 0.033369
1418506771 -2.236608 -1.072598 1.647719 -0.436035 1.705328 9.647388 -1.418931 -0.174784 0.045166
1438485729 -2.884900 -1.431921 0.698707 -0.599628 1.855488 9.610826 -1.365813 -0.190355 0.062310
1458464687 -4.012827 -1.898586 0.254979 -0.704424 1.978820 9.579063 -1.470022 -0.203179 0.073406
1478443646 -4.606152 -2.236389 0.409207 -0.704424 1.978820 9.579063 -1.503416 -0.203179 0.073406
1498422604 -4.597872 -2.306076 0.313899 -0.705099 2.102531 9.552622 -1.472173 -0.216076 0.073679
