0 0.041498 -0.131252 -0.415826 -0.770206 2.008382 9.567840 -1.295550 -0.206257 0.080326
19980833 0.038262 0.001189 -0.806156 -0.748154 1.992341 9.572942 -1.324599 -0.204586 0.077994
39961666 0.035355 0.109707 -0.566941 -0.701340 1.931582 9.588925 -1.379617 -0.198263 0.073011
59942500 -0.111097 0.190057 0.026012 -0.588617 1.774117 9.626860 -1.351831 -0.181911 0.061067
79923333 0.046713 0.029935 0.274476 -0.588617 1.774117 9.626860 -1.345715 -0.181911 0.061067
99904166 0.134149 -0.172367 -0.043088 -0.578015 1.745245 9.632778 -1.301258 -0.178918 0.059933
119885000 0.362331 0.156684 -0.402486 -0.533882 1.697624 9.643829 -1.331801 -0.173986 0.055303
139865833 0.143994 0.599087 -0.704728 -0.453330 1.645351 9.657002 -1.358212 -0.168576 0.046909
159846666 0.276622 0.457926 -0.626444 -0.453330 1.645351 9.657002 -1.318967 -0.168576 0.046909
179827500 0.586368 0.222806 -0.403053 -0.323616 1.544016 9.678929 -1.332753 -0.158104 0.033423
199808333 0.275248 0.120297 -0.167479 -0.314192 1.499776 9.686193 -1.345085 -0.153537 0.032426
219789166 -0.705282 0.581123 0.353730 -0.286528 1.449790 9.694658 -1.305878 -0.148381 0.029547
239770000 -2.066443 1.251790 0.850566 -0.286528 1.449790 9.694658 -1.339238 -0.148381 0.029547
259750833 -3.956234 2.032722 0.974986 -0.188442 1.393059 9.705373 -1.361757 -0.142535 0.019414
279731666 -5.376868 2.206755 -0.619234 -0.003644 1.345923 9.713850 -1.406373 -0.137680 0.000375
299712500 -5.847507 1.491656 -1.230540 0.142495 1.295952 9.719598 -1.336148 -0.132538 -0.014660
319693333 -6.254236 0.575179 0.362984 0.141286 1.229796 9.728208 -1.378269 -0.125735 -0.014522
339674166 -8.584304 0.244079 1.756799 0.028754 1.179840 9.735376 -1.398827 -0.120602 -0.002954
359655000 -12.596234 0.263007 1.872934 -0.147139 1.186513 9.733495 -1.424232 -0.121288 0.015116
379635833 -16.026791 -0.575312 2.016820 -0.383103 1.258187 9.718055 -1.531965 -0.128654 0.039401
399616666 -17.759422 -2.219278 2.219169 -0.612742 1.350828 9.693823 -1.557800 -0.138185 0.063126
419597500 -18.438337 -5.318477 1.097600 -0.520137 1.372204 9.696231 -1.595700 -0.140387 0.053592
439578333 -18.005503 -8.710470 2.015473 -0.520137 1.372204 9.696231 -1.571726 -0.140387 0.053592
459559166 -19.651781 -11.783129 3.384304 -0.225526 1.308626 9.716328 -1.701632 -0.133842 0.023207
479540000 -21.477051 -15.343265 5.547802 -0.225526 1.308626 9.716328 -1.843990 -0.133842 0.023207
499520833 -21.381138 -20.846256 5.023648 -0.215561 1.468329 9.693707 -1.935614 -0.150293 0.022234
519501666 -21.676676 -26.434032 4.637514 -0.138379 1.699212 9.657325 -2.089628 -0.174150 0.014328
539482500 -21.950485 -32.519897 3.471878 0.067416 1.950150 9.610555 -2.209727 -0.200195 -0.007015
559463333 -20.431925 -38.446507 0.486024 0.370569 2.205760 9.548177 -2.333080 -0.226866 -0.038791
579444166 -20.817585 -43.180508 -4.473100 0.815272 2.361377 9.483123 -2.410814 -0.243183 -0.085760
599425000 -18.763712 -46.506870 -2.433188 0.595463 2.103657 9.559834 -2.595728 -0.216194 -0.062208
619405833 -11.368290 -49.256802 2.424267 0.595463 2.103657 9.559834 -2.612123 -0.216194 -0.062208
639386666 5.611766 -52.609966 9.413901 -0.812703 1.408487 9.670887 -3.000135 -0.144124 0.083839
659367500 25.493786 -49.641441 16.901779 -0.812703 1.408487 9.670887 -3.002516 -0.144124 0.083839
679348333 35.062729 -38.865265 16.012615 -1.606305 1.218503 9.597157 3.138584 -0.124575 0.165836
699329166 36.543388 -28.246107 19.999596 -2.267699 1.060004 9.481789 2.973895 -0.108302 0.234754
719310000 34.014606 -16.284298 23.950905 -2.574866 0.758403 9.432141 2.945073 -0.077413 0.266495
739290833 34.795906 -9.652960 18.539139 -2.497131 0.595598 9.464669 2.846528 -0.060771 0.257959
759271666 32.129650 -4.606057 10.132107 -1.474505 0.610350 9.675933 3.058175 -0.062279 0.151226
779252500 24.738731 -0.105480 2.719913 -0.772125 0.627677 9.756036 3.131983 -0.064049 0.078979
799233333 18.045856 1.110300 -2.850008 -0.251111 0.632329 9.783021 -3.116062 -0.064524 0.025662
819214166 11.698872 0.520127 -3.736164 -0.251111 0.632329 9.783021 -3.127774 -0.064524 0.025662
839195000 6.501956 -0.942623 -1.561318 0.169824 0.446427 9.795012 -3.054822 -0.045539 -0.017336
859175833 1.854830 -1.713999 1.304961 0.169824 0.446427 9.795012 -3.081640 -0.045539 -0.017336
879156666 -1.509098 -1.774663 3.732310 0.425147 0.100999 9.796909 -2.978926 -0.010299 -0.043369
899137500 -3.595728 -1.356504 3.637300 0.425147 0.100999 9.796909 -3.047698 -0.010299 -0.043369
919118333 -4.846795 -0.558299 2.335395 0.596810 0.002418 9.788473 -3.071971 -0.000247 -0.060895
939099166 -5.485990 0.521538 1.487350 0.947396 -0.062975 9.760577 -2.875632 0.006422 -0.096760
959080000 -6.045635 1.087022 0.698485 1.060326 -0.036481 9.749091 -2.950336 0.003720 -0.108336
979060833 -5.018333 1.118427 0.022596 1.060326 -0.036481 9.749091 -2.991647 0.003720 -0.108336
999041666 -4.326007 0.673540 0.786093 1.164991 0.052206 9.737066 -2.959882 -0.005324 -0.119079
1019022500 -4.545446 0.352324 0.823553 1.202638 0.127517 9.731793 -2.934319 -0.013003 -0.122955
1039003333 -4.498450 0.003839 0.291391 1.215845 0.211061 9.728698 -2.882185 -0.021524 -0.124331
1058984166 -3.400250 -0.023459 0.315074 1.215845 0.211061 9.728698 -2.956601 -0.021524 -0.124331
1078965000 -2.666239 -0.138620 0.017106 1.180096 0.454571 9.724769 -2.933666 -0.046370 -0.120759
1098945833 -1.981264 -0.026055 -0.834792 1.132386 0.610016 9.721932 -2.846325 -0.062245 -0.115955
1118926666 -2.397974 0.514759 -1.948650 1.060730 0.744771 9.720625 -2.832905 -0.076019 -0.108691
1138907500 -1.758511 0.795830 -2.464767 1.060730 0.744771 9.720625 -2.898633 -0.076019 -0.108691
1158888333 -1.320595 0.937703 -2.051085 0.977201 0.830015 9.722476 -2.830831 -0.084739 -0.100173
1178869166 -1.199672 0.944391 -1.553426 0.846850 0.882681 9.730062 -2.901700 -0.090130 -0.086816
1198850000 -0.868975 0.651834 -1.266006 0.846850 0.882681 9.730062 -2.858704 -0.090130 -0.086816
1218830833 -0.696636 0.576556 -0.876577 0.803426 0.878706 9.734103 -2.868183 -0.089723 -0.082351
1238811666 -0.478879 0.451143 -1.029510 0.733860 0.852205 9.741950 -2.849303 -0.087010 -0.075188
1258792500 0.325243 0.213598 -0.616143 0.676295 0.826021 9.748368 -2.896310 -0.084331 -0.069264
1278773333 0.893129 0.115517 0.322498 0.580864 0.830598 9.754132 -2.991707 -0.084799 -0.059480
1298754166 1.012974 0.009459 1.115696 0.580864 0.830598 9.754132 -2.928955 -0.084799 -0.059480
1318735000 0.992888 0.072248 1.153632 0.339818 0.975919 9.752051 -2.939505 -0.099681 -0.034832
1338715833 0.688961 0.203315 0.831463 0.339818 0.975919 9.752051 -2.851222 -0.099681 -0.034832
1358696666 0.466836 0.299242 0.708628 0.300395 1.020008 9.748833 -2.985170 -0.104200 -0.030804
1378677500 0.489531 0.292655 0.798442 0.323956 1.019499 9.748132 -2.940650 -0.104148 -0.033220
1398658333 0.372325 0.266403 0.832236 0.351859 1.016012 9.747529 -2.902910 -0.103791 -0.036082
1418639166 -0.033233 0.459767 0.519568 0.351525 1.037342 9.745294 -2.911011 -0.105978 -0.036056
1438620000 -0.166699 0.531323 -0.114012 0.344860 1.076620 9.741271 -2.862198 -0.110006 -0.035387
1458600833 -0.218637 0.399199 -0.379416 0.362923 1.111582 9.736687 -2.873404 -0.113594 -0.037256
1478581666 -0.258223 0.192897 -0.284434 0.388575 1.104737 9.736476 -2.910552 -0.112891 -0.039888
1498562500 -0.172159 0.046184 -0.200937 0.388575 1.104737 9.736476 -2.845247 -0.112891 -0.039888
