0 -0.082195 -0.236372 0.389191 1.146383 -0.465488 9.728284 -2.811967 0.047484 -0.117299
19979063 0.149818 -0.216313 0.476602 1.117834 -0.443749 9.732621 -2.772460 0.045265 -0.114353
39958125 0.254149 -0.125766 -0.008509 1.117834 -0.443749 9.732621 -2.804848 0.045265 -0.114353
59937188 0.108735 -0.104145 -0.307249 1.114031 -0.428623 9.733736 -2.840491 0.043721 -0.113955
79916250 0.184039 -0.147525 -0.173470 1.029572 -0.430956 9.742928 -2.860947 0.043959 -0.105283
99895313 0.344706 -0.016461 0.121019 0.963013 -0.427581 9.749881 -2.799145 0.043615 -0.098452
119874375 0.668208 0.127969 0.099144 0.963013 -0.427581 9.749881 -2.811909 0.043615 -0.098452
139853438 0.886218 0.231490 -0.296696 0.836351 -0.387485 9.763235 -2.924160 0.039523 -0.085455
159832500 1.043303 0.140780 -0.620862 0.809690 -0.378787 9.765823 -2.727689 0.038635 -0.082721
179811563 1.451512 0.050568 -0.783010 0.830210 -0.385422 9.763841 -2.845692 0.039312 -0.084825
199790625 2.332718 -0.050400 -1.027188 0.830210 -0.385422 9.763841 -2.736197 0.039312 -0.084825
219769688 3.846133 -0.188681 -1.106670 0.826007 -0.414622 9.763000 -2.710870 0.042292 -0.084405
239748750 5.904837 -0.079282 -1.360837 0.838500 -0.557051 9.754845 -2.745833 0.056834 -0.085746
259727813 8.042506 -0.299620 -1.579227 0.833059 -0.680012 9.747512 -2.684711 0.069398 -0.085257
279706875 9.171258 -0.861493 -1.886741 0.833059 -0.680012 9.747512 -2.617889 0.069398 -0.085257
299685938 10.196504 -1.415777 -0.921906 0.810938 -0.870477 9.734220 -2.554564 0.088881 -0.083116
319665000 11.973454 -2.368153 1.161155 0.697732 -1.166188 9.712032 -2.503226 0.119200 -0.071719
339644063 13.467353 -3.390429 1.715654 0.697732 -1.166188 9.712032 -2.548835 0.119200 -0.071719
359623125 14.229777 -5.279688 0.347939 0.697536 -1.118458 9.717659 -2.512536 0.114300 -0.071657
379602188 17.362959 -8.518898 -1.423499 0.877025 -1.017768 9.714183 -2.449976 0.103971 -0.090039
399581250 21.181623 -12.045370 -1.578792 1.223360 -0.977340 9.680836 -2.337931 0.099827 -0.125703
419560313 24.156948 -17.420824 -0.575132 1.475095 -0.985394 9.644868 -2.276685 0.100652 -0.151765
439539375 22.854513 -23.223846 2.062517 1.445761 -0.895702 9.658048 -2.194739 0.091464 -0.148592
459518438 21.779358 -28.161240 3.047772 1.445761 -0.895702 9.658048 -2.096254 0.091464 -0.148592
479497500 19.605223 -32.450184 3.169036 1.368276 -0.471207 9.699287 -1.963230 0.048068 -0.140145
499476563 15.873979 -38.968052 2.793411 1.296605 -0.165449 9.719148 -1.940992 0.016872 -0.132624
519455625 10.332561 -44.179134 1.824660 1.296605 -0.165449 9.719148 -1.843155 0.016872 -0.132624
539434688 2.836878 -47.275829 2.655730 1.152576 0.530289 9.724235 -1.717550 -0.054101 -0.117976
559413698 -2.448443 -45.981983 4.204268 1.461517 1.010328 9.644356 -1.638902 -0.103208 -0.150397
579392708 -8.009062 -43.923477 0.133388 1.677730 1.358128 9.566142 -1.550589 -0.138937 -0.173616
599371719 -14.409217 -38.289261 -0.818270 1.661551 1.602362 9.531112 -1.474772 -0.164131 -0.172595
619350729 -20.442362 -33.380142 1.004663 1.646300 1.791486 9.500035 -1.424263 -0.183712 -0.171590
639329740 -27.578407 -27.178823 0.765716 1.808974 1.936034 9.441916 -1.329564 -0.198726 -0.189296
659308750 -29.057747 -18.769928 -1.015429 1.808974 1.936034 9.441916 -1.335243 -0.198726 -0.189296
679287760 -25.139669 -11.501411 -2.966704 2.126459 1.852923 9.392297 -1.379843 -0.190088 -0.222651
699266771 -20.535170 -5.563095 0.487792 2.156630 1.681913 9.417562 -1.311868 -0.172360 -0.225119
719245781 -16.461691 -1.343017 4.754919 2.156630 1.681913 9.417562 -1.267060 -0.172360 -0.225119
739224792 -13.752332 1.548488 4.988431 2.120133 1.588524 9.442035 -1.285908 -0.162701 -0.220878
759203802 -12.229958 3.042493 3.695970 2.120133 1.588524 9.442035 -1.207314 -0.162701 -0.220878
779182813 -12.094878 3.421523 3.115845 1.656892 1.556466 9.539523 -1.181911 -0.159389 -0.171971
799161823 -11.893473 2.917396 3.221227 1.656892 1.556466 9.539523 -1.188895 -0.159389 -0.171971
819140833 -11.784410 1.810264 2.881900 1.250053 1.530528 9.605480 -1.049018 -0.156711 -0.129412
839119844 -11.170851 0.598318 2.363423 1.140462 1.519618 9.620836 -1.085549 -0.155585 -0.117990
859098854 -9.601247 -0.284283 1.923136 1.062964 1.510225 9.631186 -1.066889 -0.154615 -0.109922
879077865 -7.551440 -0.807639 1.502913 1.023953 1.501101 9.636837 -1.070279 -0.153674 -0.105857
899056875 -4.993786 -1.309590 1.352540 1.073674 1.504445 9.630901 -1.113600 -0.154019 -0.111024
919035885 -2.618773 -1.563467 1.335849 1.212560 1.533379 9.609830 -1.070485 -0.157005 -0.125516
939014896 -0.458127 -1.361450 0.803465 1.335470 1.596195 9.583270 -1.148216 -0.163494 -0.138463
958993906 1.052904 -0.990494 -0.286682 1.358385 1.668242 9.567765 -1.211838 -0.170945 -0.141033
978972917 2.010172 -0.715764 -1.432278 1.358385 1.668242 9.567765 -1.160841 -0.170945 -0.141033
998951927 2.889257 -0.200530 -1.385724 1.176065 1.754690 9.576447 -1.182543 -0.179897 -0.122196
1018930938 3.313313 0.281920 -0.919458 1.104758 1.796084 9.577264 -1.086444 -0.184189 -0.114845
1038909948 2.523606 0.565614 -0.675949 1.099157 1.839696 9.569627 -1.215964 -0.188715 -0.114358
1058888958 1.456337 0.573692 -1.032937 1.128053 1.866639 9.561043 -1.166836 -0.191513 -0.117441
1078867969 0.742111 0.590699 -1.733483 1.139211 1.840694 9.564750 -1.155945 -0.188819 -0.118547
1098846979 0.750545 0.613147 -1.756682 1.141311 1.749783 9.581548 -1.113673 -0.179389 -0.118557
1118825990 1.281525 0.582936 -0.231500 1.176749 1.652382 9.594545 -1.223850 -0.169304 -0.122038
1138805000 1.279684 0.451325 1.185821 1.251892 1.604079 9.593231 -1.114067 -0.164309 -0.129764
1158784010 1.071719 0.312663 1.453030 1.251892 1.604079 9.593231 -1.227283 -0.164309 -0.129764
1178763021 1.321397 0.172531 0.390700 1.336760 1.607362 9.581224 -1.175516 -0.164648 -0.138624
1198742031 1.354368 0.217434 -0.126189 1.394994 1.613021 9.571966 -1.196413 -0.165233 -0.144719
1218721042 1.194424 0.210367 -0.082870 1.410303 1.606157 9.570877 -1.242537 -0.164524 -0.146301
1238700052 0.720921 0.314422 0.199826 1.396223 1.574952 9.578124 -1.241073 -0.161299 -0.144753
1258679115 0.589096 0.282920 0.130672 1.398576 1.567711 9.578969 -1.257379 -0.160551 -0.144980
1278658177 0.397836 0.328788 -0.190512 1.398576 1.567711 9.578969 -1.142544 -0.160551 -0.144980
1298637240 0.139647 0.312158 -0.507401 1.403176 1.560010 9.579555 -1.214935 -0.159755 -0.145442
1318616302 -0.164255 0.288874 -0.579491 1.430171 1.498283 9.585413 -1.244223 -0.153383 -0.148110
1338595365 -0.292286 0.213013 -0.261602 1.430171 1.498283 9.585413 -1.190626 -0.153383 -0.148110
1358574427 -0.308982 0.192199 0.079132 1.520210 1.415416 9.584151 -1.227595 -0.144838 -0.157307
1378553490 -0.319248 0.136254 0.218366 1.525704 1.384072 9.587855 -1.210194 -0.141609 -0.157806
1398532552 -0.541620 0.103152 0.214128 1.502962 1.348974 9.596445 -1.192348 -0.137995 -0.155355
1418511615 -0.564697 -0.115326 0.357477 1.482121 1.307356 9.605443 -1.272079 -0.133711 -0.153093
1438490677 -0.383129 -0.162595 0.638016 1.452596 1.271786 9.614723 -1.255745 -0.130052 -0.149946
1458469740 -0.339826 -0.170427 0.824181 1.392664 1.249763 9.626472 -1.299422 -0.127788 -0.143673
1478448802 -0.696807 -0.191417 0.996702 1.286110 1.246144 9.641754 -1.312536 -0.127416 -0.132607
1498427865 -1.309071 -0.529294 1.214170 1.126792 1.262863 9.659498 -1.316063 -0.129135 -0.116126
