0 -0.021245 -0.454611 0.645352 1.103793 0.480292 9.732489 -2.361353 -0.048996 -0.112931
19979115 -0.043061 -0.386108 0.499758 1.101169 0.480827 9.732760 -2.360533 -0.049050 -0.112661
39958229 0.185635 -0.103018 -0.028626 1.078095 0.495071 9.734629 -2.335114 -0.050505 -0.110299
59937344 0.491537 0.177695 -0.537651 1.046412 0.502799 9.737690 -2.344125 -0.051294 -0.107049
79916458 0.307351 0.229478 -0.491687 1.020864 0.499642 9.740563 -2.318854 -0.050971 -0.104424
99895573 0.090384 0.112819 -0.096055 1.022565 0.496599 9.740541 -2.293007 -0.050661 -0.104597
119874687 -0.067566 0.078748 0.187579 1.041331 0.506616 9.738037 -2.306726 -0.051683 -0.106530
139853802 0.023110 0.121559 -0.033596 1.066277 0.516772 9.734803 -2.350780 -0.052721 -0.109098
159832917 0.344651 0.111799 -0.234147 1.105656 0.507500 9.730897 -2.324798 -0.051774 -0.113138
179812031 0.606564 0.050911 0.298190 1.105656 0.507500 9.730897 -2.369625 -0.051774 -0.113138
199791146 0.686717 0.039447 1.182045 1.321664 0.511878 9.703688 -2.345595 -0.052221 -0.135369
219770260 1.821188 -0.100874 1.744564 1.321664 0.511878 9.703688 -2.383453 -0.052221 -0.135369
239749375 4.563440 -0.020506 0.762448 1.850589 0.625737 9.610107 -2.289738 -0.063851 -0.190238
259728490 6.447761 0.382693 -0.880955 1.999976 0.649221 9.578570 -2.330080 -0.066251 -0.205840
279707604 6.820168 0.095558 -1.309637 1.923125 0.634230 9.595297 -2.319086 -0.064719 -0.197803
299686719 7.272046 -1.203834 -0.535707 1.676923 0.605802 9.643201 -2.318480 -0.061814 -0.172175
319665833 9.825816 -3.174096 0.326115 1.460800 0.582124 9.679750 -2.219461 -0.059395 -0.149783
339644948 14.037871 -5.198615 1.380597 1.389559 0.608346 9.688623 -2.190968 -0.062074 -0.142450
359624062 19.734310 -7.662383 2.048267 1.425393 0.724843 9.675394 -2.174699 -0.073981 -0.146269
379603177 25.300236 -11.952390 0.729313 1.425393 0.724843 9.675394 -2.141213 -0.073981 -0.146269
399582292 28.157091 -16.622282 -0.671430 1.020322 1.127156 9.688078 -1.980552 -0.115192 -0.104930
419561406 27.472534 -21.319475 -1.244893 0.613135 1.271614 9.704507 -1.958423 -0.130035 -0.063097
439540521 25.894964 -27.434664 -1.233806 0.289710 1.232590 9.724566 -1.890945 -0.126023 -0.029783
459519635 22.468851 -31.308353 2.123447 0.178465 1.104596 9.742608 -1.737615 -0.112877 -0.018316
479498750 17.803408 -37.010262 11.116322 0.511728 1.149702 9.725571 -1.641521 -0.117507 -0.052568
499477865 13.526503 -44.009014 18.320683 1.466191 1.406272 9.593908 -1.534653 -0.143896 -0.151652
519457031 7.320419 -47.620117 19.287350 2.471781 1.848116 9.308338 -1.441743 -0.189589 -0.259555
539436198 6.169432 -48.809025 12.606309 3.174860 2.235200 9.005250 -1.364758 -0.229948 -0.338951
559415365 6.964533 -50.327801 8.188732 3.583865 2.474397 8.786562 -1.247384 -0.255075 -0.387281
579394531 1.609867 -51.477432 8.538886 3.978009 2.524913 8.600619 -1.223832 -0.260402 -0.433222
599373698 -2.497464 -50.122345 10.914406 4.284578 2.513142 8.455584 -1.074515 -0.259160 -0.469006
619352865 -3.062224 -47.784264 12.577895 4.422889 2.561454 8.369431 -0.955120 -0.264261 -0.486154
639332031 -4.868260 -45.244591 12.230689 4.384508 2.634774 8.366865 -0.899561 -0.272014 -0.482688
659311198 -10.409252 -39.979828 10.712731 4.188238 2.678357 8.453133 -0.738234 -0.276631 -0.460014
679290365 -18.813347 -32.094112 11.022559 3.872525 2.722610 8.588443 -0.646602 -0.281325 -0.423602
699269531 -23.480509 -23.530655 9.529640 3.505034 2.754764 8.734781 -0.387090 -0.284740 -0.381604
719248698 -24.181797 -16.168049 6.617717 3.095940 2.745472 8.890890 -0.290014 -0.283753 -0.335084
739227865 -25.180006 -11.518194 4.914868 3.095940 2.745472 8.890890 -0.384051 -0.283753 -0.335084
759207031 -28.624001 -7.605434 4.441655 2.697831 2.667250 9.043113 -0.147119 -0.275454 -0.289924
779186198 -29.450741 -4.824595 5.322613 2.353132 2.507579 9.183965 0.104552 -0.258574 -0.250826
799165365 -27.200098 -3.552620 5.925329 2.042235 2.325579 9.305448 0.186922 -0.239424 -0.216042
819144531 -22.621716 -3.582218 4.999125 1.416236 1.986876 9.498262 0.472133 -0.204017 -0.148014
839123698 -18.086037 -3.578118 4.182538 1.040829 1.832845 9.577459 0.552419 -0.188004 -0.108250
859102865 -14.597514 -2.963095 3.543200 0.688378 1.695827 9.634350 0.353229 -0.173800 -0.071329
879082031 -10.762639 -2.137457 3.331644 0.688378 1.695827 9.634350 0.215378 -0.173800 -0.071329
899061198 -6.687131 -1.665851 3.140538 0.369604 1.608098 9.666841 0.131326 -0.164724 -0.038216
919040365 -2.527883 -1.337969 2.413652 -0.024028 1.604574 9.674459 0.267957 -0.164360 0.002484
939019531 0.500517 -0.995095 1.069291 -0.024028 1.604574 9.674459 0.250200 -0.164360 0.002484
958998698 2.135519 -0.672098 -0.220031 -0.201585 1.630551 9.668043 0.091696 -0.167046 0.020848
978977865 2.686186 -0.434397 -0.823864 -0.783530 1.548031 9.651946 0.013570 -0.158518 0.081001
998957031 2.619028 -0.147451 -0.121350 -1.069144 1.440604 9.641160 0.067522 -0.147434 0.110442
1018936198 2.801422 -0.033688 1.461074 -1.069144 1.440604 9.641160 -0.125015 -0.147434 0.110442
1038915365 3.346969 0.032311 1.967780 -1.377157 1.327968 9.618229 0.087857 -0.135832 0.142215
1058894531 2.809124 0.209476 1.367662 -1.448886 1.312665 9.609788 -0.072830 -0.134258 0.149645
1078873698 1.713594 0.346554 0.778482 -1.479583 1.299457 9.606906 -0.040407 -0.132899 0.152812
1098852865 1.571995 0.397941 0.870390 -1.479583 1.299457 9.606906 -0.081679 -0.132899 0.152812
1118832031 1.868789 0.459577 0.934251 -1.446868 1.295433 9.612430 -0.258269 -0.132485 0.149399
1138811198 2.156768 0.408625 0.924909 -1.210536 1.312968 9.642671 -0.282098 -0.134289 0.124886
1158790365 1.909472 0.114523 0.477151 -1.210536 1.312968 9.642671 -0.167357 -0.134289 0.124886
1178769531 1.608596 -0.006828 0.198231 -1.066021 1.316284 9.659264 -0.256911 -0.134630 0.109918
1198748698 1.057385 0.048516 0.425323 -1.066021 1.316284 9.659264 -0.245817 -0.134630 0.109918
1218727865 0.887899 0.146072 0.800148 -0.901517 1.320888 9.675377 -0.357269 -0.135104 0.092908
1238707031 0.892750 0.349064 0.941785 -0.901517 1.320888 9.675377 -0.218969 -0.135104 0.092908
1258686198 0.976080 0.334594 0.685335 -0.711684 1.386690 9.681993 -0.386692 -0.141879 0.073374
1278665365 1.132624 0.294422 0.365809 -0.739366 1.427535 9.673980 -0.357558 -0.146087 0.076280
1298644531 1.096919 0.360385 0.336887 -0.739366 1.427535 9.673980 -0.388691 -0.146087 0.076280
1318623698 1.326293 0.430162 0.557816 -0.731332 1.493850 9.664572 -0.425727 -0.152926 0.075527
1338602865 1.091171 0.402490 0.442394 -0.662258 1.536481 9.662868 -0.419318 -0.157326 0.068429
1358582031 0.503689 0.456036 0.044922 -0.575956 1.574709 9.662244 -0.403548 -0.161274 0.059538
1378561198 0.406790 0.339582 -0.165903 -0.501456 1.595902 9.662919 -0.544334 -0.163464 0.051848
1398540365 0.905846 0.219760 -0.204562 -0.472948 1.596126 9.664320 -0.502036 -0.163487 0.048899
1418519531 1.120139 0.296426 -0.018802 -0.496108 1.581449 9.665572 -0.525608 -0.161970 0.051282
1438498698 0.890753 0.490321 0.490312 -0.516146 1.568928 9.666563 -0.472476 -0.160677 0.053344
1458477865 0.767606 0.508193 1.130041 -0.473253 1.574188 9.667904 -0.556110 -0.161220 0.048912
1478457031 1.130562 0.248543 1.747995 -0.473253 1.574188 9.667904 -0.576664 -0.161220 0.048912
1498436198 1.278560 0.138783 1.683933 -0.354344 1.627492 9.664165 -0.435726 -0.166729 0.036649
