0 -0.118251 -0.192360 0.518023 -0.672263 1.272032 9.700535 -1.211871 -0.130078 0.069191
19980625 0.309446 -0.131467 -0.527330 -0.632364 1.300454 9.699450 -1.262658 -0.133001 0.065104
39961354 0.162221 0.016993 -0.721799 -0.581818 1.319853 9.699993 -1.291018 -0.134997 0.059909
59942083 -0.385566 0.193202 -0.483856 -0.581818 1.319853 9.699993 -1.294552 -0.134997 0.059909
79922813 -0.824753 0.225368 -0.266439 -0.577864 1.311475 9.701365 -1.213693 -0.134135 0.059495
99903542 -0.508800 0.142960 -0.114211 -0.581966 1.298370 9.702883 -1.297613 -0.132787 0.059907
119884271 0.255355 -0.231197 0.472532 -0.574418 1.272578 9.706748 -1.322376 -0.130134 0.059108
139865000 0.490100 -0.417248 0.643142 -0.557229 1.258145 9.709632 -1.327652 -0.128650 0.057326
159845729 0.063389 -0.127868 0.174250 -0.520146 1.291459 9.707315 -1.273739 -0.132076 0.053532
179826458 -0.225656 0.060621 -0.370945 -0.496695 1.294897 9.708085 -1.312606 -0.132429 0.051118
199807188 -0.197654 0.262732 -0.615631 -0.479023 1.277311 9.711302 -1.295314 -0.130621 0.049286
219787917 0.096402 0.131151 -0.696375 -0.479023 1.277311 9.711302 -1.200272 -0.130621 0.049286
239768646 -0.011981 0.008788 -0.381898 -0.476156 1.238577 9.716460 -1.321904 -0.126638 0.048966
259749375 -0.599678 0.074915 0.447708 -0.513723 1.139704 9.726641 -1.336031 -0.116481 0.052767
279730104 -1.319625 0.328081 0.379640 -0.513723 1.139704 9.726641 -1.301317 -0.116481 0.052767
299710833 -2.296532 0.451025 -0.271492 -0.595624 1.090690 9.727591 -1.297933 -0.111450 0.061154
319691563 -3.635069 0.693042 0.559069 -0.595624 1.090690 9.727591 -1.327694 -0.111450 0.061154
339672292 -5.510778 0.742219 1.609160 -0.637322 1.056014 9.728774 -1.274286 -0.107893 0.065416
359653021 -6.239470 0.808119 1.314916 -0.600097 1.021982 9.734774 -1.331194 -0.104403 0.061567
379633750 -6.728367 0.603643 1.258968 -0.492093 1.002818 9.742823 -1.387815 -0.102438 0.050465
399614479 -7.642180 -0.042995 0.649419 -0.399134 1.041746 9.742990 -1.369017 -0.106429 0.040943
419595208 -8.275160 -0.181391 -0.666228 -0.320081 1.140710 9.734820 -1.355373 -0.116584 0.032868
439575938 -9.084578 0.156508 -1.384290 -0.123141 1.243178 9.726753 -1.411831 -0.127111 0.012659
459556667 -9.970689 -0.278409 -1.249492 -0.123141 1.243178 9.726753 -1.411831 -0.127111 0.012659
479537396 -9.660797 -2.166367 0.383335 -0.275084 1.223484 9.726140 -1.517145 -0.125087 0.028275
499518125 -10.601524 -3.202493 2.334895 -0.275084 1.223484 9.726140 -1.552919 -0.125087 0.028275
519498854 -13.644442 -3.614401 4.853416 -0.399340 1.199013 9.724880 -1.581567 -0.122572 0.041041
539479583 -16.036791 -4.909039 4.201020 -0.366142 1.312939 9.711464 -1.716138 -0.134286 0.037684
559460313 -17.468994 -7.527929 3.799460 -0.327215 1.407987 9.699531 -1.698285 -0.144073 0.033722
579441042 -18.895065 -10.156446 5.377126 -0.188464 1.480427 9.692430 -1.819562 -0.151541 0.019442
599421667 -21.518150 -13.391618 8.155882 0.194058 1.556933 9.680325 -1.793985 -0.159438 -0.020044
619402292 -22.598104 -17.514542 8.030926 0.194058 1.556933 9.680325 -1.976249 -0.159438 -0.020044
639382917 -19.497475 -22.434731 4.989630 1.403258 1.869038 9.524072 -2.235739 -0.191762 -0.146286
659363542 -16.348320 -25.792944 0.347676 1.779465 2.168951 9.396783 -2.146868 -0.223016 -0.187153
679344167 -14.791794 -28.915487 -6.836608 1.714813 2.361335 9.362367 -2.438011 -0.243179 -0.181152
699324792 -11.038386 -33.358952 -4.356558 1.714813 2.361335 9.362367 -2.509109 -0.243179 -0.181152
719305417 -6.420778 -34.871895 5.024952 1.323182 2.297370 9.441486 -2.568007 -0.236464 -0.139239
739286042 -2.678123 -33.799511 7.934893 0.951047 2.170797 9.515962 -2.701467 -0.223208 -0.099612
759266667 -2.116582 -30.967506 5.659841 0.591687 2.162018 9.547040 -2.855043 -0.222291 -0.061897
779247292 -1.634040 -27.896152 5.198004 0.076453 1.991669 9.601969 -3.027833 -0.204516 -0.007962
799227917 3.809367 -25.632753 7.202737 0.076453 1.991669 9.601969 -3.027833 -0.204516 -0.007962
819208542 12.014436 -24.717268 6.581676 0.043538 1.822764 9.635664 3.097159 -0.186957 -0.004518
839189167 18.040281 -22.218668 3.361440 0.121423 1.700092 9.657398 2.990086 -0.174241 -0.012572
859169792 20.075783 -17.870117 1.699380 0.203600 1.597063 9.673588 2.997940 -0.163584 -0.021044
879150417 20.242950 -13.026699 2.167145 0.209266 1.496336 9.689560 2.930372 -0.153182 -0.021594
899131042 19.873451 -9.472402 0.966186 0.121419 1.471818 9.694813 2.926893 -0.150653 -0.012523
919111667 17.996120 -6.474786 0.379002 -0.008037 1.482724 9.693908 2.892028 -0.151778 0.000829
939092292 14.828586 -3.756931 1.499898 -0.077548 1.418601 9.703193 2.909313 -0.145166 0.007992
959072917 12.297916 -2.367022 1.598619 -0.005596 1.276578 9.723205 2.941535 -0.130545 0.000575
979053542 10.601021 -2.137260 0.929942 0.395954 0.857760 9.761038 2.901132 -0.087579 -0.040543
999034167 8.676613 -1.505731 1.482793 0.395954 0.857760 9.761038 2.901132 -0.087579 -0.040543
1019014792 5.695539 -0.597714 2.146695 0.589878 0.622721 9.769066 3.054006 -0.063543 -0.060309
1038995417 2.959905 0.397121 3.130089 0.714950 0.443238 9.770505 2.981358 -0.045213 -0.073044
1058976042 1.269401 0.460549 2.868178 0.769841 0.375818 9.769160 2.888308 -0.038332 -0.078641
1078956771 0.417641 0.002978 0.687093 0.834819 0.471428 9.759673 3.038595 -0.048091 -0.085330
1098937500 -0.512667 -0.172353 0.153348 0.834819 0.471428 9.759673 3.011479 -0.048091 -0.085330
1118918229 -1.261977 0.056748 0.910660 0.874636 0.469436 9.756282 3.021605 -0.047888 -0.089410
1138898958 -1.877159 0.314284 1.616857 0.999234 0.451499 9.745156 3.028128 -0.046056 -0.102179
1158879688 -2.157450 0.584547 1.165991 0.999234 0.451499 9.745156 3.048197 -0.046056 -0.102179
1178860417 -2.196085 0.606044 0.256077 1.033090 0.612293 9.732842 3.037683 -0.062477 -0.105749
1198841146 -1.894498 0.745962 -0.395270 1.033090 0.612293 9.732842 3.037683 -0.062477 -0.105749
1218821875 -1.387751 0.728247 -0.754066 1.016592 0.708790 9.728028 3.120134 -0.072340 -0.104123
1238802604 -1.155499 0.787506 -0.809945 0.988935 0.792819 9.724394 3.137202 -0.080933 -0.101348
1258783333 -1.480992 0.871086 -0.751755 0.909202 0.923522 9.720641 3.111815 -0.094313 -0.093262
1278764063 -1.081607 0.633888 -0.597651 0.907736 0.950680 9.718159 3.103097 -0.097095 -0.093136
1298744792 -0.678688 0.462018 -0.613862 0.907736 0.950680 9.718159 -3.093559 -0.097095 -0.093136
1318725521 -0.346450 0.426739 -0.454720 0.931924 0.950375 9.715899 -3.087284 -0.097064 -0.095625
1338706250 -0.380278 0.323799 0.157886 0.998942 0.920533 9.712112 3.099992 -0.094007 -0.102495
1358686979 -0.478196 0.397967 0.249219 1.027773 0.930265 9.708176 -3.101601 -0.095003 -0.105474
1378667708 -0.271744 0.315688 -0.198572 1.027773 0.930265 9.708176 -3.101601 -0.095003 -0.105474
1398648438 0.025790 0.300912 -0.533869 1.049372 0.948274 9.704122 3.139848 -0.096848 -0.107718
1418629167 0.080503 0.445851 -0.387545 1.122887 0.923471 9.698284 3.105980 -0.094308 -0.115269
1438609896 0.061592 0.398118 -0.456740 1.122887 0.923471 9.698284 3.105980 -0.094308 -0.115269
1458590625 0.200683 0.365443 0.011958 1.351998 0.756684 9.683488 3.104985 -0.077237 -0.138722
1478571354 0.272151 0.385621 0.415222 1.351998 0.756684 9.683488 3.104985 -0.077237 -0.138722
1498552083 0.181747 0.429377 0.644406 1.488649 0.660341 9.670485 3.099056 -0.067387 -0.152738
