0 0.357519 -0.327318 0.904938 0.307093 -0.033319 9.801785 -2.327608 0.003398 -0.031320
19979323 0.111600 -0.176307 0.370060 0.307093 -0.033319 9.801785 -2.294567 0.003398 -0.031320
39958646 -0.058424 -0.058634 0.544135 0.264682 -0.035853 9.803012 -2.285844 0.003656 -0.026994
59937969 -0.041953 -0.025447 0.489014 0.247459 -0.028819 9.803485 -2.349154 0.002939 -0.025237
79917292 -0.057582 0.089027 -0.004518 0.246540 0.006238 9.803549 -2.300100 -0.000636 -0.025143
99896615 0.170765 0.115369 -0.329095 0.246540 0.006238 9.803549 -2.338155 -0.000636 -0.025143
119875938 0.221783 0.065770 -0.151481 0.210899 -0.009121 9.804379 -2.361671 0.000930 -0.021507
139855261 -0.135258 0.006583 0.330708 0.208539 -0.007391 9.804429 -2.259013 0.000754 -0.021267
159834583 -0.371011 0.150004 0.462914 0.224148 0.012448 9.804080 -2.244465 -0.001269 -0.022859
179813906 -0.014390 0.414035 -0.049158 0.224148 0.012448 9.804080 -2.300306 -0.001269 -0.022859
199793229 0.436535 0.782187 -0.421375 0.236668 0.026555 9.803759 -2.299505 -0.002708 -0.024136
219772552 1.273032 1.107210 0.047100 0.174612 -0.020720 9.805074 -2.312013 0.002113 -0.017806
239751875 3.700642 1.300694 0.665392 0.088132 -0.042116 9.806164 -2.323900 0.004295 -0.008987
259731198 6.756274 1.132953 0.895405 -0.008459 -0.046916 9.806534 -2.300753 0.004784 0.000863
279710521 9.842786 -0.326704 1.339085 -0.008459 -0.046916 9.806534 -2.279475 0.004784 0.000863
299689844 14.020815 -1.884472 1.866267 0.102091 -0.042858 9.806025 -2.234326 0.004370 -0.010411
319669167 19.392693 -3.238347 1.918377 0.102091 -0.042858 9.806025 -2.211369 0.004370 -0.010411
339648490 21.499571 -5.612894 1.440562 0.071563 0.013569 9.806380 -2.145815 -0.001384 -0.007297
359627813 22.919535 -8.426340 -0.051250 -0.136402 0.109019 9.805096 -2.045047 -0.011117 0.013910
379607136 24.477665 -11.948875 -0.369376 -0.376771 0.134589 9.798485 -1.972141 -0.013725 0.038433
399586458 23.773077 -16.257679 0.316215 -0.553585 0.019034 9.790995 -1.862579 -0.001941 0.056480
419565781 20.127579 -22.487011 4.078843 -0.709549 -0.281351 9.776899 -1.788705 0.028694 0.072447
439545104 16.064661 -27.125895 14.402588 -0.499930 -0.893557 9.753052 -1.758319 0.091244 0.051214
459524427 17.743326 -32.031166 20.867500 -0.004880 -0.507361 9.793515 -1.644661 0.051760 0.000498
479503750 18.584209 -39.838631 14.924924 0.641200 0.204678 9.783525 -1.551017 -0.020873 -0.065445
499483073 13.937162 -43.995289 4.600713 0.641200 0.204678 9.783525 -1.574632 -0.020873 -0.065445
519462396 9.984638 -44.811069 -2.959378 1.417899 1.497245 9.587399 -1.322577 -0.153276 -0.146828
539441719 7.713587 -46.135822 -5.589396 1.480078 1.744010 9.536151 -1.241274 -0.178791 -0.153979
559421042 3.108924 -47.516842 -1.198541 1.483744 1.889207 9.507880 -1.090526 -0.193857 -0.154806
579400365 -3.419109 -48.215908 1.597251 1.401955 2.018819 9.493644 -0.985043 -0.207345 -0.146613
599379688 -10.551146 -46.806465 -0.640206 1.401955 2.018819 9.493644 -0.950885 -0.207345 -0.146613
619359011 -18.156181 -42.412392 -2.335041 1.272985 2.025869 9.510298 -0.806689 -0.208079 -0.133062
639338333 -27.670599 -32.985710 -1.123796 1.137892 1.831180 9.566732 -0.747818 -0.187831 -0.118386
659317656 -32.860931 -22.745436 -3.871437 1.137892 1.831180 9.566732 -0.576848 -0.187831 -0.118386
679296979 -32.284843 -15.682548 -4.746736 1.216378 1.672380 9.586134 -0.573405 -0.171373 -0.126215
699276302 -26.522738 -10.453229 -0.319243 1.467639 0.888778 9.655387 -0.522047 -0.090755 -0.150847
719255625 -19.367384 -5.195316 5.813715 1.763415 0.560851 9.630483 -0.494831 -0.057222 -0.181101
739234948 -11.266127 -1.082695 7.417255 1.908464 0.387888 9.611332 -0.496124 -0.039564 -0.196014
759214271 -7.535373 1.199394 6.235825 1.908464 0.387888 9.611332 -0.513657 -0.039564 -0.196014
779193594 -7.371986 1.498213 4.471529 1.805694 0.285853 9.634736 -0.416931 -0.029153 -0.185266
799172917 -8.399516 1.045152 4.455978 1.281200 0.023324 9.722569 -0.345464 -0.002378 -0.131021
819152240 -9.381385 0.399272 5.446626 1.281200 0.023324 9.722569 -0.349148 -0.002378 -0.131021
839131563 -7.967650 -0.275723 5.127571 1.169313 -0.076490 9.736388 -0.345363 0.007800 -0.119525
859110886 -5.393362 -0.628810 4.861535 1.181875 -0.166742 9.733743 -0.341623 0.017004 -0.120829
879090208 -1.728699 -0.491050 4.752488 1.181875 -0.166742 9.733743 -0.436282 0.017004 -0.120829
899069531 1.269745 -0.019679 3.490578 1.184413 -0.125874 9.734049 -0.533110 0.012836 -0.121082
919048854 2.557287 0.357005 1.883759 0.923462 0.104448 9.762515 -0.326095 -0.010651 -0.094312
939028177 2.365222 0.814902 1.080209 0.820576 0.243384 9.769228 -0.575005 -0.024821 -0.083799
959007500 3.033534 1.081503 -0.021688 0.715371 0.386883 9.772869 -0.453149 -0.039461 -0.073069
978986823 2.299557 1.096792 -1.366899 0.574902 0.484040 9.777811 -0.413799 -0.049378 -0.058729
998966146 1.295940 0.877351 -2.059299 0.401532 0.503164 9.785500 -0.418381 -0.051331 -0.041010
1018945469 1.026185 0.686102 -1.340785 0.221958 0.483500 9.792209 -0.449292 -0.049323 -0.022663
1038924792 0.799680 0.485695 -0.087343 0.221958 0.483500 9.792209 -0.457565 -0.049323 -0.022663
1058904115 0.306423 0.343700 0.787553 0.144629 0.514997 9.792050 -0.507210 -0.052539 -0.014769
1078883438 -0.112190 0.146481 0.608212 0.144629 0.514997 9.792050 -0.500334 -0.052539 -0.014769
1098862761 -0.528787 0.106285 -0.150028 0.342130 0.659633 9.778457 -0.502154 -0.067315 -0.034974
1118842083 -0.528730 0.206832 -0.677832 0.396091 0.708929 9.772968 -0.537406 -0.072354 -0.040507
1138821406 -0.612663 0.205417 -0.729632 0.396091 0.708929 9.772968 -0.512979 -0.072354 -0.040507
1158800729 -0.928439 0.097279 -0.458546 0.383744 0.747953 9.770553 -0.608964 -0.076344 -0.039255
1178780052 -1.408271 0.098297 0.050719 0.384497 0.766522 9.769084 -0.553122 -0.078243 -0.039338
1198759375 -1.529635 -0.067512 0.306426 0.395881 0.798823 9.766040 -0.492753 -0.081548 -0.040514
1218738698 -1.870524 -0.293269 0.233221 0.395881 0.798823 9.766040 -0.605412 -0.081548 -0.040514
1238718073 -2.300331 -0.348322 0.146700 0.406406 0.843483 9.761852 -0.646663 -0.086118 -0.041608
1258697448 -1.851580 -0.572663 0.343909 0.429501 0.885099 9.757178 -0.629443 -0.090378 -0.043991
1278676823 -0.736009 -0.936601 1.035255 0.504614 0.918466 9.750497 -0.620441 -0.093795 -0.051707
1298656198 -0.455367 -1.075043 1.957916 0.996173 1.058446 9.698337 -0.683951 -0.108142 -0.102357
1318635573 -0.079962 -0.825707 2.362240 0.996173 1.058446 9.698337 -0.575807 -0.108142 -0.102357
1338614948 0.500729 -0.379132 1.650445 1.650855 1.382346 9.567349 -0.606601 -0.141431 -0.170868
1358594323 0.847091 -0.225645 0.112861 1.650855 1.382346 9.567349 -0.799859 -0.141431 -0.170868
1378573698 0.942694 0.063403 -1.373250 1.489189 1.610935 9.558116 -0.710490 -0.165018 -0.154561
1398553073 0.909401 0.123667 -1.296809 1.118187 1.613961 9.608079 -0.727086 -0.165330 -0.115859
1418532448 0.317284 0.330674 0.668434 0.856678 1.626986 9.632726 -0.812694 -0.166677 -0.088701
1438511823 0.494019 -0.191749 2.399359 0.856678 1.626986 9.632726 -0.767087 -0.166677 -0.088701
1458491198 0.194170 -0.550950 2.077781 0.892299 1.916062 9.576162 -0.784437 -0.196649 -0.092911
1478470573 -1.043131 -0.741377 -0.419172 0.892299 1.916062 9.576162 -0.823872 -0.196649 -0.092911
