0 0.091396 -0.214887 0.334654 -0.205650 1.225843 9.727559 -0.946163 -0.125329 0.021138
19981979 -0.094217 -0.153975 0.429867 -0.123429 1.190253 9.733368 -1.105885 -0.121672 0.012680
39963959 -0.250612 -0.071542 0.472340 -0.123429 1.190253 9.733368 -1.022061 -0.121672 0.012680
59945938 -0.297220 0.228187 0.486419 -0.047261 1.169497 9.736551 -1.039955 -0.119540 0.004854
79927917 -0.336647 0.393333 -0.131650 0.026848 1.168888 9.736702 -0.887741 -0.119477 -0.002757
99909896 -0.368846 0.523379 -0.673682 0.064459 1.183681 9.734738 -0.964464 -0.120997 -0.006621
119891875 -0.314413 0.480306 -0.379936 0.060687 1.193090 9.733614 -0.915974 -0.121963 -0.006235
139873854 -0.051095 0.360096 -0.019863 0.037030 1.193242 9.733714 -0.995685 -0.121979 -0.003804
159855834 -0.079929 0.170497 -0.419631 -0.028419 1.206451 9.732114 -0.922942 -0.123336 0.002920
179837813 -0.196749 0.026249 -0.365401 -0.075258 1.202334 9.732374 -0.934167 -0.122913 0.007733
199819792 -0.352084 0.087050 0.146391 -0.114587 1.198870 9.732419 -1.009652 -0.122557 0.011773
219801771 -0.651820 0.306962 0.188073 -0.114587 1.198870 9.732419 -0.937507 -0.122557 0.011773
239783750 -1.168707 0.542410 -0.287462 -0.136178 1.194336 9.732698 -0.928517 -0.122091 0.013991
259765729 -1.421553 0.911803 0.623403 -0.171850 1.146552 9.737878 -0.893173 -0.117184 0.017646
279747709 -1.323402 0.977701 1.177485 -0.154643 1.149399 9.737831 -0.908978 -0.117476 0.015879
299729688 -1.966842 1.010345 0.468148 -0.145826 1.174253 9.735002 -0.916036 -0.120028 0.014978
319711563 -2.835949 1.043431 -0.635252 -0.168208 1.179855 9.733963 -0.950956 -0.120604 0.017279
339693438 -3.313824 0.624853 0.081656 -0.168208 1.179855 9.733963 -0.921456 -0.120604 0.017279
359675313 -4.499232 -0.159940 0.775908 -0.201040 1.169352 9.734608 -0.932389 -0.119525 0.020649
379657188 -7.355356 -0.441683 1.101583 -0.259643 1.170319 9.733105 -0.961564 -0.119624 0.026670
399639063 -11.261704 -1.241329 0.727722 -0.375335 1.212311 9.724187 -0.975987 -0.123938 0.038579
419620938 -15.072142 -2.420549 2.500325 -0.528736 1.257270 9.711338 -0.851550 -0.128560 0.054392
439602813 -18.512859 -3.773291 4.161983 -0.562894 1.440898 9.683870 -0.940039 -0.147465 0.058062
459584688 -20.496078 -5.800381 3.257289 -0.417405 1.632331 9.660830 -0.989984 -0.167230 0.043179
479566563 -22.195623 -8.470482 0.355908 -0.298048 1.798681 9.635679 -0.918326 -0.184459 0.030922
499548438 -24.717247 -10.826037 0.640795 -0.298048 1.798681 9.635679 -1.014186 -0.184459 0.030922
519530313 -26.478653 -14.995212 3.813708 -0.056632 1.916882 9.617314 -0.991513 -0.196734 0.005888
539512188 -25.638731 -19.810963 7.055427 -0.056632 1.916882 9.617314 -0.997489 -0.196734 0.005888
559494063 -22.802959 -26.071251 4.203348 0.353097 2.122167 9.567764 -1.072228 -0.218126 -0.036888
579475938 -19.240841 -30.804642 2.292936 0.407416 2.164715 9.556067 -1.110423 -0.222573 -0.042608
599457813 -15.868237 -33.292145 4.147692 0.410987 2.158422 9.557338 -1.316626 -0.221915 -0.042976
619439688 -11.376575 -36.296989 4.343519 0.389882 2.115631 9.567783 -1.559898 -0.217444 -0.040727
639421563 -5.360738 -39.005943 3.230967 0.389882 2.115631 9.567783 -1.793702 -0.217444 -0.040727
659403438 -4.246850 -40.067211 5.272092 0.163118 2.006417 9.597816 -2.043218 -0.206053 -0.016994
679385313 0.065464 -43.030293 8.888232 -0.063986 1.727792 9.653031 -2.200456 -0.177110 0.006629
699367188 9.454067 -44.616085 10.844646 -0.023539 1.060909 9.749067 -2.549349 -0.108395 0.002414
719349063 18.717344 -40.970375 6.963300 -0.023539 1.060909 9.749067 -2.656677 -0.108395 0.002414
739330938 25.079920 -32.578949 1.936651 0.030015 0.982030 9.757310 -2.788893 -0.100307 -0.003076
759312813 28.636059 -23.083742 -1.045558 0.042023 1.004755 9.754952 -2.810714 -0.102637 -0.004308
779294688 27.661661 -14.665666 -1.557314 -0.061579 1.082989 9.746472 -2.771308 -0.110660 0.006318
799276563 24.250252 -8.665846 -0.270043 -0.399826 1.177832 9.727448 -2.851665 -0.120396 0.041080
819258438 19.016424 -4.057674 0.291556 -0.471387 1.149933 9.727581 -2.795299 -0.117531 0.048421
839240313 12.825762 -0.763448 0.723758 -0.471387 1.149933 9.727581 -2.694662 -0.117531 0.048421
859222188 7.521112 1.585312 1.706700 -0.492678 1.083395 9.734162 -2.765443 -0.110702 0.050570
879204063 4.921763 2.615112 2.065019 -0.459402 1.017714 9.742874 -2.787502 -0.103965 0.047118
899185938 3.992123 2.404006 1.278663 -0.395086 0.997298 9.747806 -2.757447 -0.101872 0.040509
919167813 2.997496 1.928030 0.345222 -0.303650 1.071610 9.743194 -2.641076 -0.109492 0.031155
939149688 1.472890 1.560551 -1.046035 -0.303650 1.071610 9.743194 -2.698191 -0.109492 0.031155
959131563 0.509342 1.197192 -0.728767 -0.268489 1.065782 9.744865 -2.696585 -0.108895 0.027545
979113438 0.170806 0.685805 0.792028 -0.220681 0.929266 9.760029 -2.717297 -0.094901 0.022607
999095313 0.061753 0.137309 1.326383 -0.133812 0.862643 9.767719 -2.696529 -0.088079 0.013699
1019077188 -0.224214 -0.024769 0.933633 -0.042553 0.815039 9.772630 -2.635498 -0.083207 0.004354
1039059063 -0.841036 0.131603 0.509710 -0.042553 0.815039 9.772630 -2.648950 -0.083207 0.004354
1059040938 -1.122406 0.249067 0.435215 0.012326 0.789749 9.774791 -2.628539 -0.080619 -0.001261
1079022813 -1.126074 0.509480 0.357409 0.029362 0.794897 9.774337 -2.676662 -0.081146 -0.003004
1099004688 -0.836725 0.572657 0.399699 0.051805 0.810867 9.772931 -2.697603 -0.082780 -0.005301
1118986563 -0.715292 0.696325 0.017789 0.106176 0.826375 9.771194 -2.691375 -0.084367 -0.010866
1138968438 -0.660694 0.751915 -0.436792 0.106176 0.826375 9.771194 -2.751881 -0.084367 -0.010866
1158950313 -0.616933 0.918208 -0.613521 0.269468 0.803306 9.769979 -2.649338 -0.082006 -0.027574
1178932188 -0.273302 0.943647 -0.666070 0.269468 0.803306 9.769979 -2.676624 -0.082006 -0.027574
1198914063 0.207334 0.714496 -0.615707 0.370909 0.755698 9.770452 -2.650440 -0.077136 -0.037944
1218895938 0.426253 0.496419 -0.706138 0.568778 0.611419 9.771031 -2.651588 -0.062388 -0.058145
1238877813 0.226463 0.459333 -0.972169 0.568778 0.611419 9.771031 -2.664893 -0.062388 -0.058145
1258859688 -0.057696 0.445665 -0.612087 0.605938 0.436478 9.778175 -2.658878 -0.044523 -0.061889
1278841563 -0.168590 0.465601 0.509851 0.605938 0.436478 9.778175 -2.645714 -0.044523 -0.061889
1298823542 -0.302763 0.355046 0.733602 0.564785 0.335686 9.784616 -2.714870 -0.034237 -0.057658
1318805521 -0.189334 0.165137 0.581247 0.564785 0.335686 9.784616 -2.735913 -0.034237 -0.057658
1338787500 0.076716 -0.119836 -0.300778 0.558877 0.316740 9.785587 -2.785844 -0.032304 -0.057050
1358769479 0.233477 -0.428787 -0.334563 0.592982 0.262998 9.785172 -2.713896 -0.026822 -0.060526
1378751459 0.374368 -0.310200 0.017362 0.787745 0.044466 9.774858 -2.696826 -0.004534 -0.080415
1398733438 0.339051 -0.168733 0.136489 0.901780 -0.063081 9.764896 -2.708527 0.006433 -0.092088
1418715417 0.193361 -0.090465 -0.019161 0.901780 -0.063081 9.764896 -2.695028 0.006433 -0.092088
1438697396 0.089514 -0.027592 -0.072724 0.969686 -0.145279 9.757509 -2.684420 0.014815 -0.099053
1458679375 -0.018722 -0.010080 0.275281 0.973016 -0.197149 9.756268 -2.684393 0.020105 -0.099404
1478661354 -0.333808 0.096490 0.619905 0.837687 -0.206329 9.768628 -2.742609 0.021041 -0.085544
1498643334 -0.457197 0.218654 0.679396 0.787428 -0.191620 9.773108 -2.810816 0.019541 -0.080397
