0 0.546211 -0.136945 0.127758 -1.062270 0.460882 9.738048 -1.142236 -0.047014 0.108655
19981458 0.033024 -0.135036 0.004683 -1.054347 0.458928 9.739000 -1.079851 -0.046815 0.107840
39962917 -0.445954 -0.350598 0.080893 -1.051590 0.434192 9.740433 -1.070153 -0.044290 0.107545
59944479 -1.133489 -0.079735 0.267659 -1.051590 0.434192 9.740433 -1.048379 -0.044290 0.107545
79926042 -0.718166 0.225454 -0.286471 -1.029283 0.419217 9.743471 -1.094016 -0.042761 0.105248
99907604 -0.041207 -0.053368 -0.048626 -1.046520 0.402092 9.742357 -1.033298 -0.041013 0.107009
119889167 0.648637 -0.238694 0.300780 -1.019377 0.371070 9.746464 -1.034217 -0.037848 0.104211
139870729 0.966642 -0.556366 0.906348 -0.947283 0.330761 9.755185 -0.987184 -0.033735 0.096802
159852292 0.719961 -0.455878 1.386348 -0.848738 0.315967 9.764743 -0.987567 -0.032225 0.086701
179833854 0.086089 -0.133878 0.784833 -0.768567 0.331946 9.770849 -1.027483 -0.033856 0.078498
199815417 -0.202419 -0.052259 0.285730 -0.730662 0.363535 9.772634 -1.004021 -0.037079 0.074627
219796979 0.174254 -0.094661 0.263559 -0.730662 0.363535 9.772634 -1.118122 -0.037079 0.074627
239778542 0.441207 -0.077178 0.310391 -0.700328 0.440272 9.771698 -1.070701 -0.044910 0.071547
259760104 0.182609 -0.032860 -0.125675 -0.673579 0.463548 9.772502 -1.017712 -0.047286 0.068817
279741667 0.018456 0.176754 -0.446449 -0.673579 0.463548 9.772502 -1.045907 -0.047286 0.068817
299723229 0.112555 0.638561 -0.060658 -0.647969 0.457525 9.774517 -1.058555 -0.046672 0.066195
319704792 0.287154 0.786610 0.578585 -0.591917 0.431489 9.779255 -1.125745 -0.044014 0.060454
339686354 0.576600 0.705695 0.165805 -0.576772 0.452930 9.779191 -1.149898 -0.046202 0.058911
359667917 0.212402 0.364889 -0.487429 -0.576829 0.468389 9.778460 -1.180907 -0.047781 0.058922
379649479 -0.099111 0.178251 -0.415327 -0.559714 0.451139 9.780265 -1.031674 -0.046020 0.057167
399631042 -0.161252 0.230310 0.138643 -0.518204 0.424835 9.783730 -1.017256 -0.043335 0.052916
419612604 -0.231965 0.259567 0.314975 -0.492371 0.416897 9.785405 -1.154443 -0.042524 0.050274
439594167 -0.726018 0.210404 0.352524 -0.499011 0.437662 9.784163 -1.019400 -0.044644 0.050958
459575729 -2.399474 0.345015 0.093699 -0.536647 0.471382 9.780603 -1.087861 -0.048086 0.054814
479557292 -4.594978 0.147015 -0.187074 -0.536647 0.471382 9.780603 -1.081062 -0.048086 0.054814
499538854 -7.635658 -0.985828 -0.991892 -0.710823 0.492438 9.768451 -1.075602 -0.050236 0.072639
519520417 -12.002205 -0.821020 0.422351 -0.710823 0.492438 9.768451 -1.072648 -0.050236 0.072639
539501979 -16.938046 -0.890329 2.762763 -0.710569 0.337693 9.775043 -1.078104 -0.034442 0.072565
559483542 -21.043196 -1.855106 5.401215 -0.344189 0.260625 9.797142 -0.984253 -0.026579 0.035117
579465104 -24.688660 -2.948846 5.888769 -0.344189 0.260625 9.797142 -1.043597 -0.026579 0.035117
599446667 -27.292601 -5.132917 3.961295 0.122064 0.329249 9.800361 -1.049760 -0.033580 -0.012454
619428229 -27.472740 -9.719931 4.063045 0.509714 0.524571 9.779335 -1.043166 -0.053517 -0.052074
639409792 -28.263844 -15.844917 2.868337 0.924361 0.773655 9.732286 -0.993605 -0.078973 -0.094695
659391354 -27.917610 -21.280743 4.060651 1.462771 0.922693 9.652945 -1.145002 -0.094228 -0.150392
679372917 -26.069847 -26.958426 7.176315 2.085016 0.956907 9.534539 -1.324497 -0.097733 -0.215291
699354479 -23.849798 -33.095566 8.231768 2.780605 1.278020 9.316936 -1.520761 -0.130693 -0.290031
719336042 -19.156643 -38.732227 6.626073 2.780605 1.278020 9.316936 -1.865160 -0.130693 -0.290031
739317604 -13.596872 -42.022568 2.898860 2.854921 1.546534 9.253543 -2.050086 -0.158364 -0.299257
759299167 -9.495626 -42.715424 1.873522 2.809534 1.712687 9.238161 -2.274906 -0.175546 -0.295235
779280729 -6.983085 -42.552940 4.374135 2.612272 1.726144 9.293376 -2.403742 -0.176940 -0.274019
799262292 -4.959628 -42.469387 9.503688 2.299660 1.592240 9.399294 -2.599499 -0.163085 -0.239949
819243854 3.558021 -43.768314 7.408903 2.075796 1.425420 9.477850 -2.772565 -0.145869 -0.215611
839225417 12.923069 -43.391068 6.647120 1.233759 1.273977 9.644958 -2.988006 -0.130278 -0.127227
859206979 20.179928 -38.898224 7.335508 0.843174 1.248046 9.690295 3.079551 -0.127611 -0.086794
879188542 23.934649 -31.019287 7.795432 0.843174 1.248046 9.690295 3.079551 -0.127611 -0.086794
899170104 25.524330 -22.532263 3.477181 0.321723 1.557285 9.676866 2.944052 -0.159474 -0.033234
919151667 25.134796 -15.016895 -0.678106 0.321723 1.557285 9.676866 2.960906 -0.159474 -0.033234
939133229 22.296116 -8.630434 -0.759061 -0.100283 1.808346 9.637957 3.002882 -0.185461 0.010405
959114792 19.244946 -3.836566 0.626144 -0.063954 1.778480 9.643823 2.965170 -0.182364 0.006632
979096354 15.721638 -0.602093 1.775119 0.076259 1.766427 9.645948 3.008419 -0.181114 -0.007906
999077917 12.684735 0.573952 0.806729 0.253132 1.792583 9.638099 2.994202 -0.183826 -0.026258
1019059479 10.426578 0.524423 -1.427586 0.253132 1.792583 9.638099 3.058703 -0.183826 -0.026258
1039041042 7.904906 0.188361 -2.313858 0.550627 1.720989 9.638744 3.064445 -0.176406 -0.057064
1059022604 6.058228 -0.056170 -1.082256 0.634557 1.615618 9.651814 3.096390 -0.165502 -0.065650
1079004167 4.247890 -0.240369 -0.121670 0.634557 1.615618 9.651814 3.068723 -0.165502 -0.065650
1098985729 2.446739 -0.341299 0.678225 0.685707 1.506581 9.665941 3.074005 -0.154239 -0.070822
1118967292 0.208569 -0.237220 0.800915 0.841147 1.292342 9.684665 3.127032 -0.132167 -0.086636
1138948854 -1.497284 0.076591 1.024226 0.915026 1.202950 9.689480 -3.134125 -0.122976 -0.094156
1158930417 -1.943600 0.970937 1.733799 0.981551 1.161631 9.688011 -3.075049 -0.118732 -0.100972
1178911979 -1.550770 1.656300 1.562797 0.981551 1.161631 9.688011 -3.134727 -0.118732 -0.100972
1198893542 -0.329973 1.603918 0.251856 1.232577 1.177070 9.657413 -3.064847 -0.120318 -0.126944
1218875104 0.799372 1.203182 -1.067672 1.372364 1.153648 9.641375 -3.081796 -0.117912 -0.141391
1238856667 0.596366 0.065968 -1.801093 1.372364 1.153648 9.641375 -3.092692 -0.117912 -0.141391
1258838229 0.090870 -0.319691 -0.851007 1.451825 1.060344 9.640449 -3.034048 -0.108337 -0.149474
1278819792 -0.230527 -0.117147 1.452363 1.472259 0.905452 9.653134 -3.100498 -0.092462 -0.151350
1298801354 -0.830083 0.145054 3.590482 1.538528 0.657165 9.662890 -3.033416 -0.067062 -0.157895
1318782917 -1.390274 0.090305 3.371678 1.570042 0.692574 9.655345 -3.032166 -0.070682 -0.161198
1338764479 -1.818008 0.084079 1.588554 1.538451 0.799103 9.652201 -2.949805 -0.081576 -0.158059
1358746042 -1.855028 0.083170 0.855018 1.497403 0.924919 9.647419 -2.985273 -0.094456 -0.153984
1378727604 -1.542882 0.102560 -0.037153 1.487041 1.037683 9.637547 -2.998204 -0.106013 -0.153089
1398709167 -1.273552 -0.081596 -0.669405 1.487041 1.037683 9.637547 -2.961920 -0.106013 -0.153089
1418690729 -1.547549 -0.199929 -0.259871 1.476830 1.123766 9.629460 -2.924190 -0.114845 -0.152180
1438672292 -2.113575 0.018154 0.059442 1.405386 1.282261 9.620348 -3.014529 -0.131130 -0.145059
1458653854 -1.824763 0.434574 -0.153284 1.362495 1.371320 9.614233 -2.871684 -0.140296 -0.140779
1478635417 -0.266674 0.391952 -0.734294 1.362495 1.371320 9.614233 -2.949129 -0.140296 -0.140779
1498616979 0.661185 0.307966 -1.431469 1.290714 1.524818 9.601009 -2.931711 -0.156122 -0.133634
