0 -0.236942 0.249437 -0.304952 -0.015268 0.188308 9.804831 -1.109932 -0.019203 0.001557
19981562 -0.116581 0.214148 -0.176437 -0.029472 0.207997 9.804400 -1.122715 -0.021211 0.003006
39963125 -0.133619 0.176365 -0.153978 -0.051970 0.224492 9.803943 -1.149076 -0.022894 0.005301
59944687 -0.065590 0.190831 -0.315298 -0.077109 0.260746 9.802880 -1.158327 -0.026592 0.007866
79926250 0.014709 0.091675 -0.529422 -0.073645 0.264636 9.802802 -1.099417 -0.026989 0.007512
99907812 -0.206510 0.319097 -0.264439 -0.053321 0.265030 9.802923 -1.086504 -0.027029 0.005439
119889375 -0.383044 0.881218 -0.015202 -0.053321 0.265030 9.802923 -1.178574 -0.027029 0.005439
139870989 0.909799 0.365828 -1.100029 0.098144 0.254156 9.802864 -1.079411 -0.025920 -0.010011
159852656 0.754752 0.226691 -1.081344 0.087745 0.212936 9.803946 -1.196580 -0.021715 -0.008950
179834323 -1.088411 0.478580 0.255575 0.087745 0.212936 9.803946 -1.176860 -0.021715 -0.008950
199815989 -3.089492 0.463182 1.073540 0.035864 0.142604 9.805549 -1.149910 -0.014542 -0.003657
219797656 -4.538383 0.552220 1.888420 0.120886 0.088352 9.805508 -1.115085 -0.009010 -0.012328
239779323 -5.307303 0.478507 2.057463 0.120886 0.088352 9.805508 -1.176232 -0.009010 -0.012328
259760989 -6.915930 0.819139 2.262092 0.223157 0.046250 9.804002 -1.143456 -0.004716 -0.022758
279742656 -8.425773 0.850078 2.317678 0.289971 0.045719 9.802256 -1.185875 -0.004662 -0.029573
299724323 -8.266725 0.083979 1.983850 0.320756 0.120743 9.800659 -1.153024 -0.012313 -0.032716
319705989 -9.474980 -0.268201 1.465316 0.302075 0.152305 9.800813 -1.192237 -0.015531 -0.030812
339687656 -10.557737 -0.547610 0.776896 0.302075 0.152305 9.800813 -1.195477 -0.015531 -0.030812
359669323 -10.598874 -1.310654 2.661036 0.323907 0.048180 9.801181 -1.211488 -0.004913 -0.033036
379650989 -10.986058 -2.270375 5.808648 0.445544 0.059273 9.796345 -1.109132 -0.006044 -0.045449
399632656 -11.867601 -3.918967 5.551387 0.445544 0.059273 9.796345 -1.212690 -0.006044 -0.045449
419614323 -13.144514 -5.971772 3.550026 0.649673 0.177925 9.783489 -1.184503 -0.018144 -0.066308
439595989 -15.280907 -7.847770 3.023360 1.038881 0.515307 9.737843 -1.280565 -0.052571 -0.106283
459577656 -17.321115 -10.009735 3.702030 1.249843 0.716383 9.700261 -1.294496 -0.073116 -0.128140
479559323 -18.852781 -12.917330 2.596228 1.249843 0.716383 9.700261 -1.438344 -0.073116 -0.128140
499540989 -21.407305 -16.428299 1.553843 1.587180 0.868458 9.638309 -1.574671 -0.088674 -0.163209
519522656 -21.312059 -20.798851 1.766323 1.952048 0.961548 9.562181 -1.661784 -0.098208 -0.201376
539504323 -19.694420 -24.771486 0.939514 2.317763 1.247521 9.446801 -1.897119 -0.127557 -0.240596
559485989 -21.342268 -27.465084 0.552004 2.249739 1.413134 9.439920 -2.061995 -0.144603 -0.233958
579467656 -24.566696 -30.711067 0.343866 2.249739 1.413134 9.439920 -2.271502 -0.144603 -0.233958
599449323 -18.696951 -32.836163 2.361441 1.880457 1.560449 9.497329 -2.416192 -0.159801 -0.195470
619430989 -11.388870 -35.375248 4.996343 -0.043739 2.024514 9.595303 -2.739579 -0.207938 0.004558
639412656 -3.660129 -38.292778 10.571871 -0.845807 2.004549 9.562258 -3.012326 -0.205858 0.088223
659394323 4.666970 -41.001255 16.649502 -0.952903 1.648757 9.619976 -3.077929 -0.168929 0.098732
679375989 17.674782 -39.056252 21.009838 -0.837215 1.467245 9.660054 3.111181 -0.150181 0.086452
699357656 24.911434 -32.432808 16.085434 -0.837215 1.467245 9.660054 3.057853 -0.150181 0.086452
719339323 24.955366 -24.604904 8.985410 -1.255067 2.040502 9.509551 2.741889 -0.209605 0.131221
739320989 26.231121 -18.525833 3.751517 -1.255067 2.040502 9.509551 2.772520 -0.209605 0.131221
759302656 24.441374 -13.126526 2.521074 -1.131983 2.244684 9.478945 2.905601 -0.230941 0.118858
779284323 20.063488 -8.891145 0.755985 -1.131983 2.244684 9.478945 2.853921 -0.230941 0.118858
799265989 16.022160 -6.247580 -0.766785 -0.902136 2.276003 9.496123 2.837832 -0.234223 0.094716
819247656 12.410327 -4.534995 -1.271100 -0.909252 2.297518 9.490262 2.846243 -0.236480 0.095517
839229323 10.097925 -3.441866 -1.062819 -0.870489 2.275471 9.499204 2.981776 -0.234168 0.091383
859210989 6.641439 -1.884620 -1.504951 -0.758673 2.206857 9.524946 3.047853 -0.226981 0.079483
879192656 3.883867 -0.481937 -2.282794 -0.655904 2.110010 9.554478 3.047444 -0.216857 0.068541
899174323 1.661840 0.273987 -2.416990 -0.598572 1.978167 9.586394 3.080029 -0.203111 0.062359
919155989 -0.244576 0.808202 -1.744763 -0.598572 1.978167 9.586394 3.044992 -0.203111 0.062359
939137656 -0.431433 0.679795 -0.106946 -0.540239 1.787298 9.627258 -3.087177 -0.183278 0.056057
959119323 -0.360936 0.318201 1.480575 -0.429186 1.544489 9.674747 -3.061485 -0.158152 0.044332
979100989 -1.240319 0.167944 2.286092 -0.274573 1.294109 9.717010 -3.060515 -0.132348 0.028249
999082656 -2.335363 0.360509 2.251205 -0.010171 0.895832 9.765641 -3.008224 -0.091477 0.001042
1019064323 -2.521121 0.506293 2.814024 0.062404 0.774511 9.775818 -2.962945 -0.079060 -0.006383
1039045989 -2.560228 0.614253 2.900514 0.062404 0.774511 9.775818 -2.982720 -0.079060 -0.006383
1059027656 -2.563007 0.763883 2.140615 0.034035 0.793182 9.774462 -2.960753 -0.080970 -0.003482
1079009323 -2.864233 1.000545 0.766925 0.008919 0.832504 9.771246 -2.938448 -0.084994 -0.000913
1098990989 -2.563910 1.078364 0.116483 0.008919 0.832504 9.771246 -2.927057 -0.084994 -0.000913
1118972656 -2.498430 1.295390 0.131478 0.107547 0.783168 9.774736 -2.841559 -0.079946 -0.011002
1138954323 -2.521286 1.499193 0.209333 0.194516 0.736366 9.777030 -2.869628 -0.075159 -0.019893
1158935989 -2.584185 1.615640 0.217978 0.194516 0.736366 9.777030 -2.837754 -0.075159 -0.019893
1178917656 -2.263187 1.413532 -0.311168 0.197587 0.760241 9.775142 -2.850102 -0.077601 -0.020210
1198899323 -1.787936 1.125855 -0.755686 0.197587 0.760241 9.775142 -2.869272 -0.077601 -0.020210
1218880989 -0.822818 0.548478 -0.327657 0.106388 0.748683 9.777451 -2.811404 -0.076419 -0.010881
1238862656 -0.312311 0.227492 0.094871 0.106388 0.748683 9.777451 -2.931493 -0.076419 -0.010881
1258844323 -0.054330 -0.055657 0.456037 0.128858 0.653480 9.784004 -2.802650 -0.066686 -0.013170
1278825989 0.027688 -0.018813 0.731775 0.128226 0.640064 9.784900 -2.881245 -0.065315 -0.013104
1298807656 -0.105962 0.142065 0.345727 0.081210 0.668915 9.783473 -2.892298 -0.068263 -0.008301
1318789323 -0.085395 0.163457 -0.153708 -0.000957 0.715623 9.780505 -2.943476 -0.073038 0.000098
1338770989 0.348527 0.104585 -0.495794 -0.084516 0.749031 9.777637 -2.712221 -0.076454 0.008644
1358752656 0.832621 -0.032451 -0.657827 -0.084516 0.749031 9.777637 -2.875186 -0.076454 0.008644
1378734323 0.801095 0.002440 -0.196273 -0.136168 0.740007 9.777741 -2.755959 -0.075531 0.013925
1398715989 0.465873 0.150009 0.383453 -0.077160 0.609782 9.787370 -2.841217 -0.062221 0.007883
1418697656 0.366378 0.101648 0.477312 -0.019543 0.539117 9.791800 -2.826762 -0.055002 0.001996
1438679323 0.615749 -0.057063 0.605244 -0.019543 0.539117 9.791800 -2.877708 -0.055002 0.001996
1458660989 0.560966 -0.229200 0.815166 0.048381 0.438729 9.796712 -2.798374 -0.044753 -0.004938
1478642656 0.120951 -0.230882 0.892219 0.048381 0.438729 9.796712 -2.810696 -0.044753 -0.004938
