0 0.371553 -0.246487 0.024975 -1.176943 1.278176 9.651501 -1.037851 -0.130710 0.121345
19981459 0.510856 -0.289980 -0.538726 -1.145957 1.276535 9.655446 -0.999664 -0.130541 0.118132
39962917 0.156348 0.190343 -0.397908 -1.090037 1.251116 9.665242 -1.135586 -0.127927 0.112304
59944375 -0.350701 0.500426 0.016450 -1.090037 1.251116 9.665242 -1.014130 -0.127927 0.112304
79925834 -0.271026 0.447838 0.193274 -0.937424 1.215476 9.685775 -1.053237 -0.124264 0.096483
99907292 0.112338 0.197403 0.020932 -0.937424 1.215476 9.685775 -1.036641 -0.124264 0.096483
119888750 0.371269 0.060551 -0.246033 -0.883776 1.219226 9.690346 -1.018958 -0.124649 0.090950
139870209 0.389433 0.005156 -0.308804 -0.836851 1.215348 9.694999 -0.996492 -0.124250 0.086104
159851667 0.373587 -0.146947 -0.163302 -0.836851 1.215348 9.694999 -1.032366 -0.124250 0.086104
179833125 0.297749 -0.054921 0.125410 -0.784936 1.171646 9.704716 -0.938600 -0.119761 0.080706
199814584 0.217892 0.010634 0.119026 -0.747434 1.146264 9.710707 -1.064888 -0.117154 0.076819
219796042 -0.118541 0.116994 -0.052312 -0.731702 1.123320 9.714584 -1.070120 -0.114799 0.075178
239777500 -0.250806 0.264446 -0.110882 -0.731702 1.123320 9.714584 -1.019190 -0.114799 0.075178
259758959 -0.347678 0.398150 -0.042377 -0.740973 1.104903 9.715994 -1.006586 -0.112909 0.076116
279740417 -0.517830 0.456885 -0.081929 -0.754543 1.088239 9.716830 -1.009220 -0.111199 0.077498
299721875 -0.639741 0.226045 -0.101213 -0.749855 1.056118 9.720737 -1.056965 -0.107903 0.076987
319703334 -0.787140 0.196017 -0.304904 -0.704669 1.030677 9.726847 -0.975372 -0.105294 0.072319
339684792 -1.110213 0.293567 -0.325046 -0.704669 1.030677 9.726847 -1.038151 -0.105294 0.072319
359666250 -1.485708 0.193879 -0.603548 -0.529904 0.942824 9.746829 -1.025775 -0.096290 0.054313
379647709 -1.655616 -0.297559 -1.280066 -0.457054 0.850871 9.758970 -1.033812 -0.086874 0.046800
399629167 -2.057078 -0.775858 -1.142250 -0.414274 0.696397 9.773116 -1.098760 -0.071073 0.042364
419610625 -2.636867 -0.418046 0.818940 -0.414274 0.696397 9.773116 -1.098760 -0.071073 0.042364
439592084 -3.962349 0.311223 3.915105 -0.360190 0.516628 9.786406 -1.108463 -0.052706 0.036788
459573542 -5.289332 0.105776 4.072507 0.007326 0.403226 9.798354 -1.121149 -0.041129 -0.000748
479555000 -7.620197 -1.171249 0.907793 0.092598 0.473906 9.794755 -1.162292 -0.048344 -0.009454
499536459 -11.174841 -1.714153 -0.299866 0.092598 0.473906 9.794755 -1.162292 -0.048344 -0.009454
519517917 -13.195749 -2.475738 2.562116 0.040294 0.550214 9.791120 -1.066558 -0.056136 -0.004115
539499375 -15.440635 -3.690702 4.552773 0.208015 0.605382 9.785736 -1.107470 -0.061771 -0.021254
559480834 -20.354401 -4.858255 3.820588 0.351393 0.717030 9.774087 -1.099499 -0.073182 -0.035936
579462292 -24.981932 -6.583978 4.804210 0.447139 0.867008 9.758010 -1.089731 -0.088526 -0.045791
599443750 -26.860216 -9.995808 6.761437 0.692965 1.006205 9.730248 -1.164820 -0.102785 -0.071098
619425209 -26.289452 -15.475353 9.424322 0.692965 1.006205 9.730248 -1.164820 -0.102785 -0.071098
639406667 -24.247223 -21.096542 8.020754 1.672874 1.394477 9.561763 -1.372543 -0.142681 -0.173202
659388125 -23.048374 -26.013485 4.452561 1.941756 1.614467 9.475942 -1.732698 -0.165383 -0.202116
679369584 -19.596254 -31.359901 5.811518 1.941756 1.614467 9.475942 -1.732698 -0.165383 -0.202116
699351042 -15.046477 -36.127159 4.927693 2.228421 1.849282 9.369349 -2.133926 -0.189710 -0.233503
719332500 -13.277995 -38.379704 5.339801 2.202627 1.865247 9.372282 -2.442258 -0.191368 -0.230826
739313959 -9.899044 -40.433899 6.521894 2.066627 1.855731 9.405089 -2.498987 -0.190380 -0.216297
759295417 -7.591693 -41.531040 5.854595 1.744880 1.820352 9.476924 -2.561285 -0.186707 -0.182080
779276875 -6.059740 -42.463829 8.240353 1.453070 1.719300 9.544788 -2.914056 -0.176231 -0.151077
799258334 -2.850075 -45.545788 9.473751 1.396324 1.568123 9.579230 -3.036037 -0.160593 -0.144746
819239792 5.821877 -47.793945 6.214650 1.443085 1.459858 9.589406 3.103889 -0.149419 -0.149367
839221250 16.081369 -43.748337 1.822121 1.306284 1.526613 9.598619 3.067162 -0.156307 -0.135260
859202709 25.033279 -33.780910 -3.660980 1.018281 1.640775 9.614642 2.764935 -0.168103 -0.105516
879184167 32.562687 -24.251165 -7.554702 1.018281 1.640775 9.614642 2.764935 -0.168103 -0.105516
899165625 32.079086 -15.207916 -2.279182 0.286107 1.366319 9.706786 2.620199 -0.139780 -0.029466
919147084 24.836918 -8.071278 3.552241 -0.178977 1.260468 9.723660 2.455564 -0.128889 0.018404
939128542 16.072609 -2.939089 6.364270 -0.178977 1.260468 9.723660 2.657080 -0.128889 0.018404
959110000 9.614544 0.363292 6.348037 -0.515097 1.211569 9.717878 2.558933 -0.123862 0.052956
979091459 7.012722 1.102369 5.009864 -0.433485 1.130924 9.731572 2.561087 -0.115579 0.044515
999072917 6.277850 0.155485 3.367348 -0.433485 1.130924 9.731572 2.561087 -0.115579 0.044515
1019054375 5.868395 -1.208507 1.548659 0.353145 0.914128 9.757564 2.643945 -0.093351 -0.036176
1039035834 5.419105 -1.991812 0.870896 0.755760 0.774046 9.746798 2.746315 -0.079013 -0.077384
1059017292 4.927770 -2.200503 0.351259 0.755760 0.774046 9.746798 2.746315 -0.079013 -0.077384
1078998750 3.831108 -2.107991 -0.401051 1.259365 0.606145 9.706543 2.840192 -0.061849 -0.129023
1098980209 2.158042 -1.531211 -1.006779 1.259365 0.606145 9.706543 2.698557 -0.061849 -0.129023
1118961667 0.599005 -1.060482 -1.189314 1.380876 0.555527 9.693037 2.863048 -0.056678 -0.141508
1138943125 -0.709940 -0.404547 -0.172538 1.512366 0.422846 9.680100 3.064941 -0.043132 -0.154982
1158924584 -2.839837 0.572523 0.616405 1.529689 0.401048 9.678306 3.072057 -0.040907 -0.156757
1178906042 -3.875996 1.279680 1.119995 1.529689 0.401048 9.678306 2.899870 -0.040907 -0.156757
1198887500 -3.885045 1.320708 0.967375 1.613007 0.449015 9.662660 3.063489 -0.045803 -0.165407
1218868959 -2.746224 0.752140 0.887300 1.641009 0.525650 9.654075 3.014131 -0.053627 -0.168372
1238850417 -2.117468 0.236457 0.811566 1.641009 0.525650 9.654075 3.014131 -0.053627 -0.168372
1258831875 -2.234282 0.287804 0.393139 1.594782 0.806548 9.642434 3.019342 -0.082338 -0.163908
1278813334 -1.724477 0.303902 -0.200703 1.553980 0.964078 9.634629 3.053877 -0.098468 -0.159914
1298794688 -0.888727 0.097976 -0.330810 1.553980 0.964078 9.634629 3.053877 -0.098468 -0.159914
1318776042 -0.352998 0.154878 -1.208300 1.446247 1.256979 9.617628 3.108083 -0.128530 -0.149256
1338757396 0.052693 0.052404 -1.452510 1.446247 1.256979 9.617628 3.108083 -0.128530 -0.149256
1358738750 0.059416 0.188429 -0.930368 1.442674 1.339416 9.607031 2.970548 -0.137011 -0.149055
1378720105 -0.204655 0.387904 -0.527740 1.482887 1.331738 9.601974 2.984501 -0.136220 -0.153225
1398701459 -0.315592 0.572238 -0.418728 1.496216 1.329670 9.600192 3.050479 -0.136008 -0.154609
1418682813 -0.530230 0.682269 -0.282992 1.470902 1.342291 9.602348 -3.123364 -0.137307 -0.152000
1438664167 -0.632998 0.703759 -0.406622 1.429230 1.362278 9.605826 3.120410 -0.139364 -0.147704
1458645521 -0.663625 0.518525 -0.766484 1.404726 1.356267 9.610290 3.050555 -0.138745 -0.145141
1478626875 -0.383607 0.432232 -1.003180 1.400795 1.310339 9.617233 -3.122105 -0.134018 -0.144638
1498608230 -0.165498 0.465260 -0.626170 1.396183 1.244897 9.626593 3.141163 -0.127288 -0.144030
