0 -0.348960 -0.013871 0.297738 -0.351184 1.239217 9.721698 -1.288778 -0.126704 0.036108
19980625 -0.128502 -0.043008 0.263623 -0.327691 1.225644 9.724237 -1.339237 -0.125309 0.033686
39961250 0.232068 -0.164172 0.201480 -0.316743 1.217196 9.725662 -1.340867 -0.124440 0.032556
59941875 0.325841 -0.119662 0.180201 -0.316743 1.217196 9.725662 -1.282932 -0.124440 0.032556
79922500 -0.013153 0.073488 0.270638 -0.320648 1.231031 9.723792 -1.274883 -0.125862 0.032964
99903125 -0.219618 0.253116 -0.219696 -0.305591 1.233617 9.723948 -1.283345 -0.126128 0.031416
119883750 -0.317458 0.189792 -0.306073 -0.305591 1.233617 9.723948 -1.327550 -0.126128 0.031416
139864375 -0.384218 0.108764 -0.125541 -0.274653 1.212547 9.727522 -1.323381 -0.123963 0.028227
159845000 -0.327002 -0.112859 0.643058 -0.234832 1.218369 9.727838 -1.268096 -0.124561 0.024136
179825625 -1.594974 0.436185 0.321626 -0.234832 1.218369 9.727838 -1.304720 -0.124561 0.024136
199806250 -2.968396 1.105458 -0.844597 -0.053219 1.338759 9.714694 -1.285936 -0.136943 0.005478
219786875 -4.105389 1.291053 -2.176138 -0.024922 1.392549 9.707243 -1.330778 -0.142482 0.002567
239767500 -2.457095 1.309127 -3.162249 -0.024922 1.392549 9.707243 -1.361255 -0.142482 0.002567
259748125 -0.716950 1.353560 -3.136853 -0.148403 1.254893 9.724896 -1.315251 -0.128315 0.015259
279728750 -3.729190 0.638728 -0.373724 -0.148403 1.254893 9.724896 -1.286423 -0.128315 0.015259
299709375 -6.114770 0.907676 2.414682 -0.235232 1.055687 9.746824 -1.333571 -0.107859 0.024130
319690000 -8.489418 0.339158 4.025249 -0.298664 0.880323 9.762491 -1.326034 -0.089889 0.030583
339670625 -10.883790 -0.092532 4.803132 -0.358110 0.781767 9.768878 -1.342470 -0.079803 0.036642
359651250 -13.557522 -0.416558 6.427427 -0.414101 0.741318 9.769818 -1.404702 -0.075666 0.042360
379631875 -15.575160 -1.267184 7.217567 -0.330469 0.842700 9.764785 -1.443594 -0.086038 0.033830
399612500 -17.309689 -2.718527 6.476603 -0.330469 0.842700 9.764785 -1.498230 -0.086038 0.033830
419593125 -19.063000 -4.602562 6.224805 -0.223493 0.983677 9.754631 -1.557028 -0.100476 0.022907
439573750 -21.292580 -6.569584 5.937119 -0.134408 1.171117 9.735544 -1.600723 -0.119706 0.013805
459554375 -24.653690 -9.211077 7.517808 -0.024481 1.666839 9.663925 -1.601563 -0.170800 0.002533
479535000 -28.105644 -14.818074 7.895727 0.163395 1.985868 9.602083 -1.706351 -0.203912 -0.017015
499515625 -28.058712 -22.086540 6.438987 0.502030 2.308143 9.517921 -1.816898 -0.237594 -0.052697
519496250 -25.153063 -28.124439 4.807370 1.013975 2.657497 9.385093 -1.949144 -0.274421 -0.107624
539476875 -22.878292 -32.296638 -1.887373 1.503472 2.886546 9.250827 -2.042741 -0.298771 -0.161114
559457500 -20.011070 -35.798969 -3.705412 1.503472 2.886546 9.250827 -2.254715 -0.298771 -0.161114
579438125 -15.049228 -39.500633 -1.189371 1.910783 2.848332 9.187290 -2.444328 -0.294696 -0.205058
599418750 -10.617998 -42.106960 1.340140 2.233523 2.602982 9.187288 -2.531205 -0.268650 -0.238484
619399375 -8.244364 -43.001526 4.104427 2.370499 2.271905 9.240647 -2.658370 -0.233794 -0.251115
639380000 -5.834457 -43.657410 5.172498 2.340109 1.935715 9.324553 -2.831961 -0.198693 -0.245884
659360625 0.665294 -43.457817 2.947272 2.224428 1.312302 9.460453 -3.025296 -0.134220 -0.230934
679341250 9.276651 -40.647480 -1.034019 2.224428 1.312302 9.460453 -3.061285 -0.134220 -0.230934
699321875 16.448687 -34.065788 -3.102470 1.988581 0.722864 9.575667 3.026346 -0.073779 -0.204760
719302500 22.242851 -25.496588 -2.894962 1.770465 0.443729 9.635297 2.928495 -0.045263 -0.181721
739283125 25.382370 -18.259604 -1.540932 1.417133 0.276579 9.699775 2.818308 -0.028207 -0.145073
759263750 24.209856 -13.170485 -1.278685 1.417133 0.276579 9.699775 2.880718 -0.028207 -0.145073
779244375 20.375324 -8.508066 0.472620 1.007634 0.128677 9.753897 3.051528 -0.013122 -0.102941
799225000 17.818022 -6.492051 2.029667 0.182926 -0.243384 9.801923 2.884866 0.024821 -0.018660
819205625 16.883873 -5.887279 3.913281 -0.302603 -0.429695 9.792557 2.897101 0.043831 0.030892
839186250 11.936126 -3.322622 9.907534 -0.630040 -0.589225 9.768637 3.047532 0.060120 0.064407
859166875 5.659637 0.014467 13.153857 -0.630040 -0.589225 9.768637 2.959064 0.060120 0.064407
879147500 2.223929 1.903261 9.912444 -0.627949 -0.622190 9.766726 2.886267 0.063488 0.064206
899128125 2.740215 1.465183 5.036135 -0.150412 -0.361576 9.798827 2.951182 0.036879 0.015349
919108750 4.017846 0.633170 1.046989 -0.150412 -0.361576 9.798827 2.884192 0.036879 0.015349
939089375 3.739125 0.403184 -0.096672 0.093902 -0.217417 9.803791 2.946890 0.022172 -0.009578
959070000 3.051291 -0.010511 -0.612115 0.408225 0.053660 9.798002 3.069440 -0.005472 -0.041640
979050625 2.679538 -0.473388 -1.236894 0.408225 0.053660 9.798002 2.992648 -0.005472 -0.041640
999031250 0.717295 -0.140691 -0.962705 0.472065 0.185392 9.793528 3.088231 -0.018906 -0.048164
1019011875 -0.797792 0.333793 -0.845784 0.492082 0.295099 9.789850 3.124576 -0.030096 -0.050222
1038992500 -2.464889 1.051045 -0.083334 0.466606 0.452074 9.785106 3.037667 -0.046115 -0.047649
1058973125 -2.672511 1.126826 -0.157445 0.487748 0.508938 9.781281 3.080163 -0.051921 -0.049824
1078953750 -2.309328 0.988463 -0.147815 0.566563 0.544890 9.775095 3.060929 -0.055592 -0.057895
1098934375 -1.539975 0.726379 -0.827588 0.566563 0.544890 9.775095 3.022648 -0.055592 -0.057895
1118915000 -0.737637 0.477901 -1.239471 0.680755 0.560731 9.766911 3.027346 -0.057210 -0.069588
1138895625 -0.368875 0.523726 -1.628776 0.786031 0.567741 9.758597 3.081389 -0.057926 -0.080374
1158876250 -0.119053 0.551558 -1.597839 0.840440 0.577650 9.753480 3.131990 -0.058938 -0.085956
1178856875 0.082855 0.430530 -1.658824 0.837990 0.573497 9.753936 3.054168 -0.058514 -0.085703
1198837500 0.340903 0.304883 -1.029885 0.837990 0.573497 9.753936 3.122920 -0.058514 -0.085703
1218818125 0.527124 0.106507 -0.425942 0.788613 0.508609 9.761649 3.073860 -0.051887 -0.080612
1238798750 0.341567 0.122341 0.046495 0.788613 0.508609 9.761649 2.998160 -0.051887 -0.080612
1258779375 0.291517 0.108036 0.406476 0.750633 0.490004 9.765594 3.062990 -0.049987 -0.076714
1278760000 0.372467 -0.051382 0.150083 0.725788 0.487383 9.767603 3.066866 -0.049720 -0.074169
1298740625 0.348593 -0.042182 0.608709 0.689301 0.496231 9.769801 3.034360 -0.050623 -0.070437
1318721250 0.194120 0.075255 0.752458 0.692647 0.520368 9.768308 3.059113 -0.053088 -0.070789
1338701875 0.050433 0.114104 0.899302 0.692647 0.520368 9.768308 3.071301 -0.053088 -0.070789
1358682500 -0.006093 0.191823 0.620239 0.842200 0.571966 9.753663 3.097782 -0.058357 -0.086133
1378663125 0.219019 0.146779 -0.026661 0.932454 0.595863 9.744018 3.103667 -0.060799 -0.095405
1398643750 0.380952 0.207882 -0.227743 0.932454 0.595863 9.744018 -3.106505 -0.060799 -0.095405
1418624375 -0.064525 0.506345 -0.073756 0.979834 0.626372 9.737453 3.064115 -0.063916 -0.100288
1438605000 -0.304978 0.671940 0.374664 0.982212 0.666381 9.734556 -3.094738 -0.068004 -0.100559
1458585625 -0.074213 0.523532 0.397850 0.962405 0.777765 9.728271 3.088479 -0.079393 -0.098608
1478566250 0.012527 0.459884 0.178335 0.956912 0.837543 9.723848 -3.036576 -0.085510 -0.098093
